--Parameters Information--
speed=1
run=5
iteration= 100000
batch=100
restartPeriod=10000
largeRemovalOccurrence=500
initialLNS=250
lowerBoundSmallRemoval=4
smallRemoval=0.2
lowerBoundLargeRemoval=0.55
largeRemoval=0.8
initialWeight=1.0
decayRate=0.1
gamma1=9.0
gamma2=5.0
gamma3=2.0
gamma4=0.0
coolingRate=0.9995
temperatureControlParameter=0.05
initialAcceptanceProbability=0.5
perturbation=0.5
perturbationFactor=0.01
split=20000

Setup: Split
Data: A_100_4_D

Run: 1
Total Cost: 2574.45
Vehicle: 11  Cost: 136.43
Route: 1 2 -2 -3 -1 
 1 [ 75   0:  0 [31, 11, 44, 64, 4, 62, 12, 37, 8, 58, 41, 38, 7, 53, 28, 34, 47, 10, 18, 49, 23, 55, 63, 35, 14, 30, 36, 6]]
 2 [  0  67: 67 []]
-2 [ 34  67:513 [75, 107, 78, 112, 109, 85, 98, 114, 94, 101, 92, 116, 80, 90, 96, 97, 77, 105]]
-3 [ 49 554:569 [75, 107, 99, 78, 112, 109, 87, 85, 98, 114, 94, 101, 92, 116, 80, 90, 86, 88, 96, 97, 77, 105, 81]]
-1 [ 49 598:598 [75, 107, 99, 78, 112, 109, 87, 85, 98, 114, 94, 101, 92, 116, 80, 90, 86, 88, 96, 97, 77, 105, 81]]

Vehicle: 12  Cost: 136.43
Route: 1 3 2 -2 -1 
 1 [ 75   0:  0 [61, 69, 51, 33, 48, 42, 9, 74, 43, 65, 21, 26, 32, 19, 66, 72, 45, 24, 57, 15, 71, 52, 17, 59, 50, 25, 56, 13, 5, 60, 16]]
 3 [ 39  29: 44 [51, 42, 43, 21, 72, 45, 24, 57, 15, 71, 52, 17, 59, 50, 25, 56]]
 2 [  0  85: 85 []]
-2 [ 17  85:346 [103, 108, 117, 104, 122, 95, 113]]
-1 [ 17 413:413 [103, 108, 117, 104, 122, 95, 113]]

Vehicle: 13  Cost: 58.00
Route: 1 3 -3 -1 
 1 [ 38   0:  0 [67, 29, 22, 54, 70, 73, 39, 40, 20, 46, 68, 27]]
 3 [  0  29: 29 []]
-3 [ 52  29:371 [76, 119, 120, 110, 102, 123, 100, 91, 79, 124, 89, 84, 106, 111, 82, 83, 93, 115, 121, 118]]
-1 [ 52 400:400 [76, 119, 120, 110, 102, 123, 100, 91, 79, 124, 89, 84, 106, 111, 82, 83, 93, 115, 121, 118]]

Vehicle: 201  Cost: 69.20
Route: 2 10 62 42 44 38 -2 
  2 [10  85:271]
 10 [ 8 300:305]
 62 [ 6 310:315]
 42 [ 3 324:329]
 44 [ 1 335:340]
 38 [ 0 420:425]
 -2 [ 0 433:433]

Vehicle: 202  Cost: 75.16
Route: 2 64 117 59 30 95 104 43 -2 
  2 [ 9  85:100]
 64 [ 5 117:122]
117 [ 6 122:127]
 59 [ 4 137:142]
 30 [ 3 152:157]
 95 [ 6 157:162]
104 [10 167:172]
 43 [ 8 172:177]
 -2 [ 8 210:210]

Vehicle: 203  Cost: 29.84
Route: 2 23 17 85 -2 
  2 [ 7  85:100]
 23 [ 4 111:116]
 17 [ 0 300:305]
 85 [ 3 305:310]
 -2 [ 3 324:324]

Vehicle: 204  Cost: 96.75
Route: 2 122 71 108 25 103 57 113 52 -2 
  2 [ 7  85:160]
122 [ 8 180:185]
 71 [ 7 185:190]
108 [ 8 198:203]
 25 [ 7 220:225]
103 [10 235:240]
 57 [ 6 250:255]
113 [10 255:260]
 52 [ 9 300:305]
 -2 [ 9 331:331]

Vehicle: 205  Cost: 108.48
Route: 2 112 6 8 77 12 -2 
  2 [ 9  67:265]
112 [10 300:305]
  6 [ 7 420:425]
  8 [ 4 432:437]
 77 [ 6 444:449]
 12 [ 3 449:454]
 -2 [ 3 498:498]

Vehicle: 206  Cost: 78.20
Route: 2 15 49 55 50 109 35 -2 
  2 [10  85:170]
 15 [ 8 180:185]
 49 [ 5 199:204]
 55 [ 3 209:214]
 50 [ 1 219:224]
109 [ 3 224:229]
 35 [ 2 300:305]
 -2 [ 2 338:338]

Vehicle: 207  Cost: 160.27
Route: 2 34 11 63 97 -2 
  2 [10  85:230]
 34 [ 7 300:305]
 11 [ 4 315:320]
 63 [ 0 325:330]
 97 [ 1 420:425]
 -2 [ 1 471:471]

Vehicle: 208  Cost: 100.36
Route: 2 4 51 116 92 45 -2 
  2 [10  85:100]
  4 [ 7 134:139]
 51 [ 3 144:149]
116 [ 4 180:185]
 92 [ 5 420:425]
 45 [ 2 441:446]
 -2 [ 2 481:481]

Vehicle: 209  Cost: 157.98
Route: 2 53 114 7 98 28 94 -2 
  2 [10  67: 82]
 53 [ 8 156:161]
114 [ 9 165:170]
  7 [ 5 300:305]
 98 [ 8 310:315]
 28 [ 4 420:425]
 94 [ 5 476:481]
 -2 [ 5 495:495]

Vehicle: 210  Cost: 39.19
Route: 2 18 101 41 14 -2 
  2 [ 9  85:100]
 18 [ 7 112:117]
101 [10 300:305]
 41 [ 7 305:310]
 14 [ 3 322:327]
 -2 [ 3 335:335]

Vehicle: 211  Cost: 90.97
Route: 2 37 56 80 72 47 107 -2 
  2 [10  85:100]
 37 [ 8 129:134]
 56 [ 6 141:146]
 80 [ 7 151:156]
 72 [ 4 162:167]
 47 [ 1 300:305]
107 [ 4 305:310]
 -2 [ 4 348:348]

Vehicle: 212  Cost: 22.36
Route: 2 90 21 -2 
  2 [ 4  85:100]
 90 [ 7 111:116]
 21 [ 3 116:121]
 -2 [ 3 132:132]

Vehicle: 214  Cost: 205.95
Route: 2 105 36 96 31 78 58 75 24 -2 
  2 [ 9  85:100]
105 [10 109:114]
 36 [ 7 300:305]
 96 [10 323:328]
 31 [ 6 328:333]
 78 [ 7 349:354]
 58 [ 6 391:396]
 75 [ 9 396:401]
 24 [ 8 446:451]
 -2 [ 8 476:476]

Vehicle: 301  Cost: 108.29
Route: 3 84 20 16 83 115 76 -3 
  3 [ 7  29:143]
 84 [ 9 180:185]
 20 [ 5 186:191]
 16 [ 2 203:208]
 83 [ 4 208:213]
115 [ 8 219:224]
 76 [10 300:305]
 -3 [10 328:328]

Vehicle: 302  Cost: 148.72
Route: 3 39 74 66 119 111 121 69 -3 
  3 [10  29: 44]
 39 [ 6  69: 74]
 74 [ 2  98:103]
 66 [ 1 129:134]
119 [ 4 134:139]
111 [ 8 149:154]
121 [10 162:167]
 69 [ 9 167:172]
 -3 [ 9 228:228]

Vehicle: 303  Cost: 27.39
Route: 3 40 81 13 -3 
  3 [ 8  29: 57]
 40 [ 4  60: 65]
 81 [ 8 300:305]
 13 [ 4 305:310]
 -3 [ 4 324:324]

Vehicle: 304  Cost: 76.50
Route: 3 60 54 70 87 88 73 -3 
  3 [ 9  29: 44]
 60 [ 8  63: 68]
 54 [ 5  76: 81]
 70 [ 2  91: 96]
 87 [ 5 300:305]
 88 [ 6 314:319]
 73 [ 4 420:425]
 -3 [ 4 439:439]

Vehicle: 305  Cost: 2.00
Route: 3 22 -3 
  3 [ 3  29:299]
 22 [ 0 300:305]
 -3 [ 0 306:306]

Vehicle: 306  Cost: 205.35
Route: 3 33 5 102 27 61 93 91 79 -3 
  3 [ 9  29: 44]
 33 [ 6  73: 78]
  5 [ 5  93: 98]
102 [ 6 130:135]
 27 [ 2 180:185]
 61 [ 1 193:198]
 93 [ 5 203:208]
 91 [ 6 222:227]
 79 [ 9 242:247]
 -3 [ 9 320:320]

Vehicle: 307  Cost: 146.44
Route: 3 65 118 48 120 67 123 100 -3 
  3 [10  29: 44]
 65 [ 6  73: 78]
118 [ 9  78: 83]
 48 [ 6 118:123]
120 [ 8 134:139]
 67 [ 5 139:144]
123 [ 7 179:184]
100 [10 300:305]
 -3 [10 335:335]

Vehicle: 308  Cost: 94.89
Route: 3 89 68 46 106 124 -3 
  3 [ 5  29: 44]
 89 [ 9  73: 78]
 68 [ 8 100:105]
 46 [ 4 300:305]
106 [ 7 305:310]
124 [ 8 336:341]
 -3 [ 8 356:356]

Vehicle: 309  Cost: 49.83
Route: 3 82 110 29 -3 
  3 [ 3  29: 44]
 82 [ 6  54: 59]
110 [ 9  73: 78]
 29 [ 6 300:305]
 -3 [ 6 323:323]

Vehicle: 310  Cost: 149.44
Route: 3 32 9 26 86 19 99 -3 
  3 [10  29:368]
 32 [ 8 420:425]
  9 [ 4 430:435]
 26 [ 1 450:455]
 86 [ 5 467:472]
 19 [ 4 472:477]
 99 [ 7 482:487]
 -3 [ 7 547:547]

Total Cost: 2574.45
 11:136.43, 75:75 [1, 2, -2, -3, -1]
 12:136.43, 75:75 [1, 3, 2, -2, -1]
 13:58.00, 52:75 [1, 3, -3, -1]
201:69.20, 10:10 [2, 10, 62, 42, 44, 38, -2]
202:75.16, 10:10 [2, 64, 117, 59, 30, 95, 104, 43, -2]
203:29.84, 7:10 [2, 23, 17, 85, -2]
204:96.75, 10:10 [2, 122, 71, 108, 25, 103, 57, 113, 52, -2]
205:108.48, 10:10 [2, 112, 6, 8, 77, 12, -2]
206:78.20, 10:10 [2, 15, 49, 55, 50, 109, 35, -2]
207:160.27, 10:10 [2, 34, 11, 63, 97, -2]
208:100.36, 10:10 [2, 4, 51, 116, 92, 45, -2]
209:157.98, 10:10 [2, 53, 114, 7, 98, 28, 94, -2]
210:39.19, 10:10 [2, 18, 101, 41, 14, -2]
211:90.97, 10:10 [2, 37, 56, 80, 72, 47, 107, -2]
212:22.36, 7:10 [2, 90, 21, -2]
214:205.95, 10:10 [2, 105, 36, 96, 31, 78, 58, 75, 24, -2]
301:108.29, 10:10 [3, 84, 20, 16, 83, 115, 76, -3]
302:148.72, 10:10 [3, 39, 74, 66, 119, 111, 121, 69, -3]
303:27.39, 8:10 [3, 40, 81, 13, -3]
304:76.50, 9:10 [3, 60, 54, 70, 87, 88, 73, -3]
305:2.00, 3:10 [3, 22, -3]
306:205.35, 9:10 [3, 33, 5, 102, 27, 61, 93, 91, 79, -3]
307:146.44, 10:10 [3, 65, 118, 48, 120, 67, 123, 100, -3]
308:94.89, 9:10 [3, 89, 68, 46, 106, 124, -3]
309:49.83, 9:10 [3, 82, 110, 29, -3]
310:149.44, 10:10 [3, 32, 9, 26, 86, 19, 99, -3]
fe: 3, se: 23

!ALNS------------
100000,2574.4537151115615,645.695,530.993,3,23,0.8977777777777778,0.9173913043478261,40.333333333333336,5.260869565217392
14 10 14 5 0 0 15 4 
23.571211016823305 53.90313823163239 33.119338085495315 33.51597114198932 139.43390466992832 97.20063234619144 29.185137875931478 29.85174881457665 
6 10 7 8 3 10 13 5 
29.942143828390034 38.45997941231208 39.20349576385359 30.469527871020016 37.08738605632635 35.5895689001193 28.941802688384033 50.464273451612584 

x[496] = 1.0
Vehicle: 14  Cost: 58.00
Route: 1 -3 -1 
 1 [  0   0:  0 []]
-3 [ 21  29:388 [79, 91, 81, 114, 118, 123, 120, 93, 102]]
-1 [ 21 417:417 [79, 91, 81, 114, 118, 123, 120, 93, 102]]

x[3389] = 1.0
Vehicle: 11  Cost: 133.28
Route: 1 2 -2 -1 
 1 [ 72   0:  0 [11, 32, 42, 62, 10, 59, 6, 34, 37, 26, 28, 69, 56, 63, 17, 12, 47, 38, 9, 7, 8, 15, 23, 45, 19, 72, 44]]
 2 [  0  67: 67 []]
-2 [ 29  67:590 [121, 94, 77, 92, 79, 112, 107, 99, 80, 85, 86, 98, 97, 105]]
-1 [ 29 657:657 [121, 94, 77, 92, 79, 112, 107, 99, 80, 85, 86, 98, 97, 105]]

x[4770] = 1.0
Vehicle: 13  Cost: 58.00
Route: 1 3 -3 -1 
 1 [ 52   0:  0 [13, 65, 50, 70, 20, 74, 27, 61, 39, 66, 60, 33, 16, 24, 54, 49, 40, 35, 53]]
 3 [  0  29: 29 []]
-3 [ 50  29:380 [81, 93, 91, 76, 109, 82, 115, 83, 99, 84, 89, 118, 114, 87, 88, 111, 102, 119, 110]]
-1 [ 50 409:409 [81, 93, 91, 76, 109, 82, 115, 83, 99, 84, 89, 118, 114, 87, 88, 111, 102, 119, 110]]

x[15719] = 1.0
Vehicle: 16  Cost: 58.00
Route: 1 3 -3 -1 
 1 [ 31   0:  0 [46, 68, 36, 5, 29, 73, 48, 13, 31, 58, 67, 55]]
 3 [  0  29: 29 []]
-3 [ 22  29:454 [96, 100, 124, 106, 81, 75, 120, 123, 78]]
-1 [ 22 483:483 [96, 100, 124, 106, 81, 75, 120, 123, 78]]

x[18279] = 1.0
Vehicle: 12  Cost: 133.28
Route: 1 2 -2 -1 
 1 [ 34   0:  0 [41, 4, 52, 57, 18, 64, 25, 71, 30, 21, 51, 43, 14]]
 2 [  0  67: 67 []]
-2 [ 24  67:350 [113, 116, 122, 95, 103, 104, 90, 101, 108, 117]]
-1 [ 24 416:416 [113, 116, 122, 95, 103, 104, 90, 101, 108, 117]]

x[29393] = 1.0
Vehicle: 14  Cost: 58.00
Route: 1 3 -3 -1 
 1 [  3   0:  0 [22]]
 3 [  0  29: 29 []]
-3 [ 13  29:542 [99, 86, 75, 110]]
-1 [ 13 571:571 [99, 86, 75, 110]]

y[1212] = 1.0
Vehicle: 207  Cost: 161.68
Route: 2 63 11 34 94 -2 
  2 [10  85:225]
 63 [ 6 300:305]
 11 [ 3 310:315]
 34 [ 0 325:330]
 94 [ 1 387:392]
 -2 [ 1 407:407]

y[1249] = 1.0
Vehicle: 202  Cost: 76.42
Route: 2 64 117 59 30 95 43 104 105 -2 
  2 [ 9  67: 82]
 64 [ 5  99:104]
117 [ 6 104:109]
 59 [ 4 119:124]
 30 [ 3 133:138]
 95 [ 6 138:143]
 43 [ 4 149:154]
104 [ 8 154:159]
105 [ 9 184:189]
 -2 [ 9 198:198]

y[2030] = 1.0
Vehicle: 210  Cost: 39.19
Route: 2 18 41 101 14 -2 
  2 [ 9 148:163]
 18 [ 7 175:180]
 41 [ 4 300:305]
101 [ 7 305:310]
 14 [ 3 322:327]
 -2 [ 3 335:335]

y[2333] = 1.0
Vehicle: 302  Cost: 148.76
Route: 3 20 83 66 119 111 24 -3 
  3 [ 6  29: 44]
 20 [ 2  82: 87]
 83 [ 4  99:104]
 66 [ 3 126:131]
119 [ 6 131:136]
111 [10 146:151]
 24 [ 9 300:305]
 -3 [ 9 327:327]

y[3337] = 1.0
Vehicle: 304  Cost: 81.91
Route: 3 110 60 54 70 87 88 -3 
  3 [ 7 122:137]
110 [10 154:159]
 60 [ 9 176:181]
 54 [ 6 189:194]
 70 [ 3 204:209]
 87 [ 6 300:305]
 88 [ 7 314:319]
 -3 [ 7 333:333]

y[3536] = 1.0
Vehicle: 203  Cost: 36.55
Route: 2 15 23 85 17 -2 
  2 [ 9 175:190]
 15 [ 7 200:205]
 23 [ 4 213:218]
 85 [ 7 300:305]
 17 [ 3 305:310]
 -2 [ 3 324:324]

y[3594] = 1.0
Vehicle: 307  Cost: 156.22
Route: 3 33 48 120 67 123 58 75 100 -3 
  3 [10  29: 44]
 33 [ 7  73: 78]
 48 [ 4 116:121]
120 [ 6 132:137]
 67 [ 3 137:142]
123 [ 5 177:182]
 58 [ 4 300:305]
 75 [ 7 305:310]
100 [10 319:324]
 -3 [10 354:354]

y[4330] = 1.0
Vehicle: 306  Cost: 217.26
Route: 3 16 27 102 61 93 91 114 53 79 -3 
  3 [10  29: 44]
 16 [ 7  94: 99]
 27 [ 3 180:185]
102 [ 4 200:205]
 61 [ 3 220:225]
 93 [ 7 230:235]
 91 [ 8 249:254]
114 [ 9 262:267]
 53 [ 7 271:276]
 79 [10 295:300]
 -3 [10 373:373]

y[4678] = 1.0
Vehicle: 208  Cost: 92.33
Route: 2 4 25 45 47 107 -2 
  2 [10 160:175]
  4 [ 7 209:214]
 25 [ 6 219:224]
 45 [ 3 300:305]
 47 [ 0 319:324]
107 [ 3 324:329]
 -2 [ 3 367:367]

y[5211] = 1.0
Vehicle: 302  Cost: 27.64
Route: 3 22 13 -3 
  3 [ 7  29:299]
 22 [ 4 300:305]
 13 [ 0 318:323]
 -3 [ 0 337:337]

y[5863] = 1.0
Vehicle: 310  Cost: 72.29
Route: 3 49 55 109 50 35 81 -3 
  3 [ 8  29: 44]
 49 [ 5  68: 73]
 55 [ 3 180:185]
109 [ 5 190:195]
 50 [ 3 195:200]
 35 [ 2 300:305]
 81 [ 6 318:323]
 -3 [ 6 337:337]

y[7170] = 1.0
Vehicle: 202  Cost: 22.36
Route: 2 21 90 -2 
  2 [ 4  85:100]
 21 [ 0 111:116]
 90 [ 3 116:121]
 -2 [ 3 132:132]

y[7672] = 1.0
Vehicle: 212  Cost: 80.34
Route: 2 57 113 116 51 103 -2 
  2 [ 8  67: 82]
 57 [ 4 113:118]
113 [ 8 118:123]
116 [ 9 180:185]
 51 [ 5 189:194]
103 [ 8 203:208]
 -2 [ 8 235:235]

y[8792] = 1.0
Vehicle: 214  Cost: 82.17
Route: 2 108 37 56 80 72 71 122 -2 
  2 [ 8  67: 82]
108 [ 9 101:106]
 37 [ 7 116:121]
 56 [ 5 127:132]
 80 [ 6 137:142]
 72 [ 3 149:154]
 71 [ 2 180:185]
122 [ 3 185:190]
 -2 [ 3 210:210]

y[9083] = 1.0
Vehicle: 315  Cost: 162.82
Route: 3 5 36 96 31 78 73 -3 
  3 [10  29: 44]
  5 [ 9  88: 93]
 36 [ 6 300:305]
 96 [ 9 323:328]
 31 [ 5 328:333]
 78 [ 6 349:354]
 73 [ 4 420:425]
 -3 [ 4 439:439]

y[10208] = 1.0
Vehicle: 308  Cost: 65.65
Route: 3 40 82 89 29 -3 
  3 [ 7  29: 57]
 40 [ 3  60: 65]
 82 [ 6  77: 82]
 89 [10 101:106]
 29 [ 7 300:305]
 -3 [ 7 323:323]

y[10862] = 1.0
Vehicle: 312  Cost: 83.35
Route: 3 65 118 68 46 106 124 -3 
  3 [ 9  29: 44]
 65 [ 5  73: 78]
118 [ 8  78: 83]
 68 [ 7  94: 99]
 46 [ 3 300:305]
106 [ 6 305:310]
124 [ 7 336:341]
 -3 [ 7 356:356]

y[11024] = 1.0
Vehicle: 209  Cost: 169.97
Route: 2 69 121 7 98 28 92 -2 
  2 [ 9  85:100]
 69 [ 8 147:152]
121 [10 152:157]
  7 [ 6 300:305]
 98 [ 9 310:315]
 28 [ 5 420:425]
 92 [ 6 465:470]
 -2 [ 6 512:512]

y[13927] = 1.0
Vehicle: 201  Cost: 69.20
Route: 2 10 62 42 44 38 -2 
  2 [10 160:271]
 10 [ 8 300:305]
 62 [ 6 310:315]
 42 [ 3 324:329]
 44 [ 1 335:340]
 38 [ 0 420:425]
 -2 [ 0 433:433]

y[14772] = 1.0
Vehicle: 208  Cost: 113.11
Route: 2 52 112 6 8 12 77 -2 
  2 [10  67:274]
 52 [ 9 300:305]
112 [10 318:323]
  6 [ 7 420:425]
  8 [ 4 432:437]
 12 [ 1 444:449]
 77 [ 3 449:454]
 -2 [ 3 498:498]

y[15699] = 1.0
Vehicle: 212  Cost: 149.58
Route: 2 32 97 9 26 19 86 99 -2 
  2 [10  85:374]
 32 [ 8 420:425]
 97 [ 9 425:430]
  9 [ 5 435:440]
 26 [ 2 455:460]
 19 [ 1 472:477]
 86 [ 5 477:482]
 99 [ 8 487:492]
 -2 [ 8 558:558]

y[17986] = 1.0
Vehicle: 312  Cost: 111.30
Route: 3 39 115 74 84 76 -3 
  3 [ 8  29: 44]
 39 [ 4  69: 74]
115 [ 8 101:106]
 74 [ 4 116:121]
 84 [ 6 180:185]
 76 [ 8 300:305]
 -3 [ 8 328:328]

FE: 6
SE: 22
!MIP-----
2718.6711670683326,5403.072314023972,0.10654896572915665,6,22,40040,22550

Run: 2
Total Cost: 2556.07
Vehicle: 11  Cost: 133.28
Route: 1 2 -2 -1 
 1 [ 68   0:  0 [17, 64, 72, 12, 45, 59, 71, 18, 21, 43, 42, 47, 14, 53, 44, 7, 51, 30, 62, 57, 10, 41, 23, 15, 38]]
 2 [  0  67: 67 []]
-2 [ 35  67:411 [85, 112, 77, 101, 98, 108, 79, 122, 114, 113, 116, 104, 107, 95, 117, 94]]
-1 [ 35 477:477 [85, 112, 77, 101, 98, 108, 79, 122, 114, 113, 116, 104, 107, 95, 117, 94]]

Vehicle: 12  Cost: 58.00
Route: 1 3 -3 -1 
 1 [ 75   0:  0 [5, 52, 63, 6, 28, 11, 60, 24, 9, 48, 46, 20, 70, 73, 34, 31, 19, 36, 32, 68, 16, 8, 27, 37, 13, 35, 49, 58, 50]]
 3 [  0  29: 29 []]
-3 [ 42  29:575 [118, 106, 123, 100, 124, 120, 87, 92, 86, 88, 89, 96, 99, 97, 75, 81, 78]]
-1 [ 42 604:604 [118, 106, 123, 100, 124, 120, 87, 92, 86, 88, 89, 96, 99, 97, 75, 81, 78]]

Vehicle: 14  Cost: 58.00
Route: 1 3 -3 -1 
 1 [ 45   0:  0 [29, 67, 39, 40, 26, 22, 54, 4, 25, 56, 55, 74, 69, 66, 61, 65, 33]]
 3 [  0  29: 29 []]
-3 [ 41  29:382 [90, 103, 82, 91, 80, 119, 121, 110, 93, 83, 105, 111, 115, 109, 102, 84, 76]]
-1 [ 41 411:411 [90, 103, 82, 91, 80, 119, 121, 110, 93, 83, 105, 111, 115, 109, 102, 84, 76]]

Vehicle: 201  Cost: 69.20
Route: 2 10 62 42 44 38 -2 
  2 [10  67:271]
 10 [ 8 300:305]
 62 [ 6 310:315]
 42 [ 3 324:329]
 44 [ 1 335:340]
 38 [ 0 420:425]
 -2 [ 0 433:433]

Vehicle: 202  Cost: 90.68
Route: 2 71 122 72 107 47 45 -2 
  2 [10  67:160]
 71 [ 9 180:185]
122 [10 185:190]
 72 [ 7 205:210]
107 [10 300:305]
 47 [ 7 305:310]
 45 [ 4 324:329]
 -2 [ 4 364:364]

Vehicle: 203  Cost: 158.56
Route: 2 64 117 79 53 114 7 98 112 94 -2 
  2 [10  67: 82]
 64 [ 6  99:104]
117 [ 7 104:109]
 79 [10 147:152]
 53 [ 8 172:177]
114 [ 9 180:185]
  7 [ 5 300:305]
 98 [ 8 310:315]
112 [ 9 351:356]
 94 [10 376:381]
 -2 [10 396:396]

Vehicle: 204  Cost: 36.55
Route: 2 15 23 17 85 -2 
  2 [ 9  67:170]
 15 [ 7 180:185]
 23 [ 4 193:198]
 17 [ 0 300:305]
 85 [ 3 305:310]
 -2 [ 3 324:324]

Vehicle: 205  Cost: 39.19
Route: 2 18 41 101 14 -2 
  2 [ 9  67: 82]
 18 [ 7  94: 99]
 41 [ 4 300:305]
101 [ 7 305:310]
 14 [ 3 322:327]
 -2 [ 3 335:335]

Vehicle: 206  Cost: 93.34
Route: 2 21 104 43 30 95 12 77 -2 
  2 [10  67: 82]
 21 [ 6  93: 98]
104 [10 121:126]
 43 [ 8 126:131]
 30 [ 7 137:142]
 95 [10 142:147]
 12 [ 7 300:305]
 77 [ 9 305:310]
 -2 [ 9 354:354]

Vehicle: 208  Cost: 97.15
Route: 2 59 57 113 116 51 108 -2 
  2 [10  67: 82]
 59 [ 8 109:114]
 57 [ 4 128:133]
113 [ 8 133:138]
116 [ 9 180:185]
 51 [ 5 189:194]
108 [ 6 217:222]
 -2 [ 6 241:241]

Vehicle: 301  Cost: 151.66
Route: 3 5 36 99 19 26 97 32 -3 
  3 [10  29: 44]
  5 [ 9  88: 93]
 36 [ 6 300:305]
 99 [ 9 314:319]
 19 [ 8 324:329]
 26 [ 5 420:425]
 97 [ 6 444:449]
 32 [ 4 449:454]
 -3 [ 4 507:507]

Vehicle: 302  Cost: 55.35
Route: 3 40 82 110 29 -3 
  3 [ 7  29: 57]
 40 [ 3  60: 65]
 82 [ 6  77: 82]
110 [ 9  96:101]
 29 [ 6 300:305]
 -3 [ 6 323:323]

Vehicle: 303  Cost: 102.23
Route: 3 68 46 58 75 100 73 -3 
  3 [ 8  29: 44]
 68 [ 7  82: 87]
 46 [ 3 300:305]
 58 [ 2 326:331]
 75 [ 5 331:336]
100 [ 8 346:351]
 73 [ 6 420:425]
 -3 [ 6 439:439]

Vehicle: 304  Cost: 175.99
Route: 3 50 109 37 80 56 25 4 103 90 105 -3 
  3 [10  29: 44]
 50 [ 8  77: 82]
109 [10  82: 87]
 37 [ 8 137:142]
 80 [ 9 146:151]
 56 [ 7 156:161]
 25 [ 6 167:172]
  4 [ 3 178:183]
103 [ 6 190:195]
 90 [ 9 215:220]
105 [10 229:234]
 -3 [10 270:270]

Vehicle: 305  Cost: 66.11
Route: 3 49 55 35 13 81 -3 
  3 [10  29: 44]
 49 [ 7  68: 73]
 55 [ 5 180:185]
 35 [ 4 300:305]
 13 [ 0 318:323]
 81 [ 4 323:328]
 -3 [ 4 342:342]

Vehicle: 307  Cost: 169.01
Route: 3 34 11 63 86 -3 
  3 [10  29:223]
 34 [ 7 300:305]
 11 [ 4 315:320]
 63 [ 0 325:330]
 86 [ 4 346:351]
 -3 [ 4 412:412]

Vehicle: 308  Cost: 68.43
Route: 3 60 54 70 87 88 22 -3 
  3 [10  29: 44]
 60 [ 9  63: 68]
 54 [ 6  76: 81]
 70 [ 3  91: 96]
 87 [ 6 300:305]
 88 [ 7 314:319]
 22 [ 4 333:338]
 -3 [ 4 339:339]

Vehicle: 309  Cost: 98.41
Route: 3 39 65 118 123 89 -3 
  3 [ 8  29: 44]
 39 [ 4  69: 74]
 65 [ 0  97:102]
118 [ 3 102:107]
123 [ 5 122:127]
 89 [ 9 134:139]
 -3 [ 9 167:167]

Vehicle: 311  Cost: 178.58
Route: 3 16 83 27 93 91 8 -3 
  3 [10  29: 44]
 16 [ 7  94: 99]
 83 [ 9  99:104]
 27 [ 5 180:185]
 93 [ 9 198:203]
 91 [10 217:222]
  8 [ 7 300:305]
 -3 [ 7 367:367]

Vehicle: 312  Cost: 112.46
Route: 3 84 20 115 9 76 -3 
  3 [ 8  29:143]
 84 [10 180:185]
 20 [ 6 186:191]
115 [10 206:211]
  9 [ 6 300:305]
 76 [ 8 338:343]
 -3 [ 8 366:366]

Vehicle: 315  Cost: 174.34
Route: 3 33 74 102 61 66 119 111 69 121 -3 
  3 [10  29: 44]
 33 [ 7  73: 78]
 74 [ 3  98:103]
102 [ 4 131:136]
 61 [ 3 152:157]
 66 [ 2 164:169]
119 [ 5 169:174]
111 [ 9 185:190]
 69 [ 8 197:202]
121 [10 202:207]
 -3 [10 263:263]

Vehicle: 316  Cost: 167.53
Route: 3 48 120 67 78 31 96 106 124 -3 
  3 [10  29: 44]
 48 [ 7 108:113]
120 [ 9 124:129]
 67 [ 6 129:134]
 78 [ 7 300:305]
 31 [ 3 321:326]
 96 [ 6 326:331]
106 [ 9 358:363]
124 [10 390:395]
 -3 [10 409:409]

Vehicle: 317  Cost: 202.02
Route: 3 24 52 92 28 6 -3 
  3 [ 9  29:278]
 24 [ 8 300:305]
 52 [ 7 343:348]
 92 [ 8 420:425]
 28 [ 4 465:470]
  6 [ 1 486:491]
 -3 [ 1 560:560]

Total Cost: 2556.07
 11:133.28, 68:75 [1, 2, -2, -1]
 12:58.00, 75:75 [1, 3, -3, -1]
 14:58.00, 45:75 [1, 3, -3, -1]
201:69.20, 10:10 [2, 10, 62, 42, 44, 38, -2]
202:90.68, 10:10 [2, 71, 122, 72, 107, 47, 45, -2]
203:158.56, 10:10 [2, 64, 117, 79, 53, 114, 7, 98, 112, 94, -2]
204:36.55, 9:10 [2, 15, 23, 17, 85, -2]
205:39.19, 9:10 [2, 18, 41, 101, 14, -2]
206:93.34, 10:10 [2, 21, 104, 43, 30, 95, 12, 77, -2]
208:97.15, 10:10 [2, 59, 57, 113, 116, 51, 108, -2]
301:151.66, 10:10 [3, 5, 36, 99, 19, 26, 97, 32, -3]
302:55.35, 9:10 [3, 40, 82, 110, 29, -3]
303:102.23, 8:10 [3, 68, 46, 58, 75, 100, 73, -3]
304:175.99, 10:10 [3, 50, 109, 37, 80, 56, 25, 4, 103, 90, 105, -3]
305:66.11, 10:10 [3, 49, 55, 35, 13, 81, -3]
307:169.01, 10:10 [3, 34, 11, 63, 86, -3]
308:68.43, 10:10 [3, 60, 54, 70, 87, 88, 22, -3]
309:98.41, 9:10 [3, 39, 65, 118, 123, 89, -3]
311:178.58, 10:10 [3, 16, 83, 27, 93, 91, 8, -3]
312:112.46, 10:10 [3, 84, 20, 115, 9, 76, -3]
315:174.34, 10:10 [3, 33, 74, 102, 61, 66, 119, 111, 69, 121, -3]
316:167.53, 10:10 [3, 48, 120, 67, 78, 31, 96, 106, 124, -3]
317:202.02, 9:10 [3, 24, 52, 92, 28, 6, -3]
fe: 3, se: 20

!ALNS------------
100000,2556.074624944976,501.612,468.943,3,20,0.8355555555555556,0.965,40.333333333333336,6.05
18 22 15 5 0 0 20 3 
22.65087449962279 56.0282905365269 27.687580154326458 32.30074352007372 NaN 240.28715319725356 25.537940117119994 30.223133206953975 
7 7 6 15 9 9 27 3 
31.3119477040795 29.19511197394155 32.782384310903836 32.048903036328916 30.597768720569217 36.79479923200987 30.052715270453653 47.36419554278322 

x[542] = 1.0
Vehicle: 11  Cost: 133.28
Route: 1 2 -2 -1 
 1 [ 75   0:  0 [41, 18, 10, 30, 49, 35, 59, 14, 62, 45, 42, 47, 6, 55, 4, 72, 44, 12, 15, 51, 25, 56, 57, 37, 71, 28, 7, 53, 23, 24]]
 2 [  0  67: 67 []]
-2 [ 32  67:505 [77, 79, 92, 94, 85, 116, 117, 101, 95, 114, 107, 109, 98, 112, 90, 105]]
-1 [ 32 572:572 [77, 79, 92, 94, 85, 116, 117, 101, 95, 114, 107, 109, 98, 112, 90, 105]]

x[2056] = 1.0
Vehicle: 13  Cost: 58.00
Route: 1 3 -3 -1 
 1 [ 75   0:  0 [69, 26, 9, 63, 40, 13, 66, 11, 29, 22, 61, 32, 73, 27, 65, 5, 36, 48, 19, 68, 60, 31, 46, 34, 58, 74, 70, 16]]
 3 [  0  29: 29 []]
-3 [ 52  29:387 [87, 75, 83, 104, 88, 106, 123, 82, 81, 119, 121, 111, 100, 115, 89, 84, 102, 91, 118]]
-1 [ 52 416:416 [87, 75, 83, 104, 88, 106, 123, 82, 81, 119, 121, 111, 100, 115, 89, 84, 102, 91, 118]]

x[5464] = 1.0
Vehicle: 13  Cost: 133.28
Route: 1 2 -2 -1 
 1 [  6   0:  0 [43, 64]]
 2 [  0  67: 67 []]
-2 [ 23  67:340 [104, 116, 95, 108, 113, 117, 103, 80, 105, 90, 122]]
-1 [ 23 406:406 [104, 116, 95, 108, 113, 117, 103, 80, 105, 90, 122]]

x[6121] = 1.0
Vehicle: 14  Cost: 58.00
Route: 1 3 -3 -1 
 1 [ 20   0:  0 [20, 54, 33, 70, 67, 39]]
 3 [  0  29: 29 []]
-3 [ 24  29:590 [96, 78, 97, 99, 93, 76, 120, 110, 86, 124]]
-1 [ 24 619:619 [96, 78, 97, 99, 93, 76, 120, 110, 86, 124]]

x[14444] = 1.0
Vehicle: 14  Cost: 58.00
Route: 1 3 -3 -1 
 1 [  4   0:  0 [22, 60]]
 3 [  0  29: 29 []]
-3 [ 16  29:598 [86, 106, 100, 75, 79]]
-1 [ 16 627:627 [86, 106, 100, 75, 79]]

x[28014] = 1.0
Vehicle: 12  Cost: 133.28
Route: 1 2 -2 -1 
 1 [ 19   0:  0 [38, 21, 8, 17, 52, 50, 28]]
 2 [  0  67: 67 []]
-2 [ 10  67:265 [80, 108, 113, 122, 103]]
-1 [ 10 332:332 [80, 108, 113, 122, 103]]

y[236] = 1.0
Vehicle: 301  Cost: 172.27
Route: 3 32 97 11 63 86 19 99 -3 
  3 [10  29:368]
 32 [ 8 420:425]
 97 [ 9 425:430]
 11 [ 6 463:468]
 63 [ 2 473:478]
 86 [ 6 495:500]
 19 [ 5 500:505]
 99 [ 8 510:515]
 -3 [ 8 575:575]

y[1818] = 1.0
Vehicle: 201  Cost: 39.19
Route: 2 18 41 101 14 -2 
  2 [ 9 148:163]
 18 [ 7 175:180]
 41 [ 4 300:305]
101 [ 7 305:310]
 14 [ 3 322:327]
 -2 [ 3 335:335]

y[1915] = 1.0
Vehicle: 302  Cost: 27.39
Route: 3 40 13 81 -3 
  3 [ 8 122:137]
 40 [ 4 141:146]
 13 [ 0 300:305]
 81 [ 4 305:310]
 -3 [ 4 324:324]

y[2191] = 1.0
Vehicle: 314  Cost: 201.75
Route: 3 20 27 102 61 119 66 91 111 -3 
  3 [10  29: 44]
 20 [ 6  82: 87]
 27 [ 2 180:185]
102 [ 3 200:205]
 61 [ 2 220:225]
119 [ 5 233:238]
 66 [ 4 238:243]
 91 [ 5 259:264]
111 [ 9 284:289]
 -3 [ 9 352:352]

y[3178] = 1.0
Vehicle: 206  Cost: 130.40
Route: 2 28 6 -2 
  2 [ 7  67:355]
 28 [ 3 420:425]
  6 [ 0 441:446]
 -2 [ 0 495:495]

y[3626] = 1.0
Vehicle: 204  Cost: 87.88
Route: 2 108 37 80 56 25 4 103 90 -2 
  2 [ 8  67: 82]
108 [ 9 101:106]
 37 [ 7 116:121]
 80 [ 8 125:130]
 56 [ 6 135:140]
 25 [ 5 146:151]
  4 [ 2 156:161]
103 [ 5 168:173]
 90 [ 8 193:198]
 -2 [ 8 210:210]

y[3734] = 1.0
Vehicle: 203  Cost: 174.04
Route: 2 64 117 79 53 114 7 98 92 -2 
  2 [10  67: 82]
 64 [ 6  99:104]
117 [ 7 104:109]
 79 [10 147:152]
 53 [ 8 172:177]
114 [ 9 180:185]
  7 [ 5 300:305]
 98 [ 8 310:315]
 92 [ 9 420:425]
 -2 [ 9 467:467]

y[4082] = 1.0
Vehicle: 303  Cost: 79.74
Route: 3 65 118 123 89 -3 
  3 [ 4  29: 44]
 65 [ 0  73: 78]
118 [ 3  78: 83]
123 [ 5  98:103]
 89 [ 9 110:115]
 -3 [ 9 144:144]

y[4958] = 1.0
Vehicle: 206  Cost: 76.59
Route: 2 21 59 30 95 104 43 105 -2 
  2 [ 9  67: 82]
 21 [ 5  93: 98]
 59 [ 3 114:119]
 30 [ 2 129:134]
 95 [ 5 134:139]
104 [ 9 144:149]
 43 [ 7 149:154]
105 [ 8 179:184]
 -2 [ 8 193:193]

y[5072] = 1.0
Vehicle: 302  Cost: 153.60
Route: 3 39 93 34 26 76 -3 
  3 [10  29: 44]
 39 [ 6  69: 74]
 93 [10 180:185]
 34 [ 7 300:305]
 26 [ 4 420:425]
 76 [ 6 471:476]
 -3 [ 6 499:499]

y[6986] = 1.0
Vehicle: 205  Cost: 78.20
Route: 2 15 49 55 50 109 35 -2 
  2 [10 148:170]
 15 [ 8 180:185]
 49 [ 5 199:204]
 55 [ 3 209:214]
 50 [ 1 219:224]
109 [ 3 224:229]
 35 [ 2 300:305]
 -2 [ 2 338:338]

y[7339] = 1.0
Vehicle: 306  Cost: 42.32
Route: 3 110 29 73 -3 
  3 [ 5 122:137]
110 [ 8 154:159]
 29 [ 5 300:305]
 73 [ 3 420:425]
 -3 [ 3 439:439]

y[15731] = 1.0
Vehicle: 312  Cost: 129.24
Route: 3 74 115 69 121 9 -3 
  3 [ 9  29: 44]
 74 [ 5  92: 97]
115 [ 9 107:112]
 69 [ 8 121:126]
121 [10 126:131]
  9 [ 6 300:305]
 -3 [ 6 360:360]

y[15775] = 1.0
Vehicle: 307  Cost: 167.44
Route: 3 48 67 120 78 31 96 124 -3 
  3 [10  29: 44]
 48 [ 7 108:113]
 67 [ 4 124:129]
120 [ 6 129:134]
 78 [ 7 300:305]
 31 [ 3 321:326]
 96 [ 6 326:331]
124 [ 7 384:389]
 -3 [ 7 404:404]

y[16051] = 1.0
Vehicle: 205  Cost: 81.99
Route: 2 51 116 113 57 52 94 -2 
  2 [ 9  67: 82]
 51 [ 5 118:123]
116 [ 6 180:185]
113 [10 194:199]
 57 [ 6 199:204]
 52 [ 5 300:305]
 94 [ 6 318:323]
 -2 [ 6 338:338]

y[16804] = 1.0
Vehicle: 312  Cost: 105.13
Route: 3 82 33 83 16 84 -3 
  3 [ 6  29: 44]
 82 [ 9  54: 59]
 33 [ 6  81: 86]
 83 [ 8 109:114]
 16 [ 5 114:119]
 84 [ 7 180:185]
 -3 [ 7 222:222]

y[17427] = 1.0
Vehicle: 202  Cost: 90.68
Route: 2 71 122 72 47 107 45 -2 
  2 [10  85:160]
 71 [ 9 180:185]
122 [10 185:190]
 72 [ 7 205:210]
 47 [ 4 300:305]
107 [ 7 305:310]
 45 [ 4 324:329]
 -2 [ 4 364:364]

y[17729] = 1.0
Vehicle: 205  Cost: 69.20
Route: 2 10 62 42 44 38 -2 
  2 [10  67:271]
 10 [ 8 300:305]
 62 [ 6 310:315]
 42 [ 3 324:329]
 44 [ 1 335:340]
 38 [ 0 420:425]
 -2 [ 0 433:433]

y[18050] = 1.0
Vehicle: 308  Cost: 68.43
Route: 3 60 54 70 87 88 22 -3 
  3 [10 122:137]
 60 [ 9 157:162]
 54 [ 6 170:175]
 70 [ 3 185:190]
 87 [ 6 300:305]
 88 [ 7 314:319]
 22 [ 4 333:338]
 -3 [ 4 339:339]

y[19434] = 1.0
Vehicle: 309  Cost: 136.78
Route: 3 68 5 36 46 106 58 75 100 -3 
  3 [10 122:137]
 68 [ 9 175:180]
  5 [ 8 193:198]
 36 [ 5 300:305]
 46 [ 1 322:327]
106 [ 4 327:332]
 58 [ 3 353:358]
 75 [ 6 358:363]
100 [ 9 372:377]
 -3 [ 9 407:407]

y[19690] = 1.0
Vehicle: 201  Cost: 49.34
Route: 2 23 24 17 85 -2 
  2 [ 8  85:100]
 23 [ 5 111:116]
 24 [ 4 300:305]
 17 [ 0 316:321]
 85 [ 3 321:326]
 -2 [ 3 340:340]

y[19826] = 1.0
Vehicle: 206  Cost: 100.00
Route: 2 12 77 8 112 -2 
  2 [ 6  67:256]
 12 [ 3 300:305]
 77 [ 5 305:310]
  8 [ 2 317:322]
112 [ 3 336:341]
 -2 [ 3 376:376]

FE: 6
SE: 22
!MIP-----
2835.4487365419836,5402.131795167923,0.13706523020737468,6,22,39914,20491

Run: 3
Total Cost: 2548.17
Vehicle: 11  Cost: 133.28
Route: 1 2 -2 -1 
 1 [ 75   0:  0 [69, 63, 35, 19, 41, 66, 27, 31, 24, 5, 26, 14, 45, 51, 8, 38, 28, 9, 53, 11, 25, 30, 43, 61, 74, 12, 34, 6, 37, 42]]
 2 [  0  67: 67 []]
-2 [ 38  67:353 [116, 103, 90, 104, 111, 113, 95, 102, 119, 122, 101, 80, 108, 85, 91, 109]]
-1 [ 38 419:419 [116, 103, 90, 104, 111, 113, 95, 102, 119, 122, 101, 80, 108, 85, 91, 109]]

Vehicle: 12  Cost: 136.43
Route: 1 2 -2 -3 -1 
 1 [ 64   0:  0 [64, 7, 50, 55, 4, 47, 36, 32, 52, 15, 57, 10, 44, 17, 23, 62, 21, 49, 18, 72, 71, 56, 20, 59]]
 2 [  0  67: 67 []]
-2 [ 35  67:548 [114, 107, 93, 79, 77, 94, 117, 98, 92, 96, 86, 112, 78, 105, 121, 97, 99]]
-3 [ 46 588:603 [114, 81, 107, 93, 79, 88, 77, 94, 117, 98, 92, 96, 110, 86, 112, 78, 105, 121, 97, 87, 99]]
-1 [ 46 632:632 [114, 81, 107, 93, 79, 88, 77, 94, 117, 98, 92, 96, 110, 86, 112, 78, 105, 121, 97, 87, 99]]

Vehicle: 13  Cost: 58.00
Route: 1 3 -3 -1 
 1 [ 49   0:  0 [48, 58, 29, 13, 46, 33, 70, 54, 67, 60, 68, 73, 40, 65, 39, 22, 16]]
 3 [  0  29: 29 []]
-3 [ 34  29:371 [75, 82, 115, 123, 118, 76, 120, 84, 100, 89, 83, 106, 124]]
-1 [ 34 400:400 [75, 82, 115, 123, 118, 76, 120, 84, 100, 89, 83, 106, 124]]

Vehicle: 201  Cost: 29.84
Route: 2 23 85 17 -2 
  2 [ 7  67: 82]
 23 [ 4  93: 98]
 85 [ 7 300:305]
 17 [ 3 305:310]
 -2 [ 3 324:324]

Vehicle: 202  Cost: 106.86
Route: 2 97 32 9 12 77 -2 
  2 [ 9  67:374]
 97 [10 420:425]
 32 [ 8 425:430]
  9 [ 4 435:440]
 12 [ 1 452:457]
 77 [ 3 457:462]
 -2 [ 3 506:506]

Vehicle: 203  Cost: 39.19
Route: 2 18 101 41 14 -2 
  2 [ 9  67: 82]
 18 [ 7  94: 99]
101 [10 300:305]
 41 [ 7 305:310]
 14 [ 3 322:327]
 -2 [ 3 335:335]

Vehicle: 204  Cost: 195.79
Route: 2 105 5 36 31 96 78 24 -2 
  2 [ 9  67: 82]
105 [10  91: 96]
  5 [ 9 145:150]
 36 [ 6 300:305]
 31 [ 2 323:328]
 96 [ 5 328:333]
 78 [ 6 349:354]
 24 [ 5 423:428]
 -2 [ 5 453:453]

Vehicle: 205  Cost: 78.20
Route: 2 15 49 55 109 50 35 -2 
  2 [10  67:170]
 15 [ 8 180:185]
 49 [ 5 199:204]
 55 [ 3 209:214]
109 [ 5 219:224]
 50 [ 3 224:229]
 35 [ 2 300:305]
 -2 [ 2 338:338]

Vehicle: 206  Cost: 158.56
Route: 2 64 117 79 53 114 7 98 112 94 -2 
  2 [10  67: 82]
 64 [ 6  99:104]
117 [ 7 104:109]
 79 [10 147:152]
 53 [ 8 172:177]
114 [ 9 180:185]
  7 [ 5 300:305]
 98 [ 8 310:315]
112 [ 9 351:356]
 94 [10 376:381]
 -2 [10 396:396]

Vehicle: 207  Cost: 194.43
Route: 2 20 74 102 61 119 66 91 111 -2 
  2 [10  67: 82]
 20 [ 6 126:131]
 74 [ 2 142:147]
102 [ 3 175:180]
 61 [ 2 196:201]
119 [ 5 208:213]
 66 [ 4 213:218]
 91 [ 5 234:239]
111 [ 9 259:264]
 -2 [ 9 316:316]

Vehicle: 208  Cost: 87.26
Route: 2 57 113 116 51 103 52 -2 
  2 [ 9  67: 82]
 57 [ 5 113:118]
113 [ 9 118:123]
116 [10 180:185]
 51 [ 6 189:194]
103 [ 9 203:208]
 52 [ 8 300:305]
 -2 [ 8 331:331]

Vehicle: 209  Cost: 75.33
Route: 2 21 90 59 30 95 43 104 -2 
  2 [ 9  67: 82]
 21 [ 5  93: 98]
 90 [ 8  98:103]
 59 [ 6 119:124]
 30 [ 5 134:139]
 95 [ 8 139:144]
 43 [ 6 149:154]
104 [10 154:159]
 -2 [10 192:192]

Vehicle: 210  Cost: 150.18
Route: 2 8 6 28 92 -2 
  2 [10  67:255]
  8 [ 7 300:305]
  6 [ 4 420:425]
 28 [ 0 441:446]
 92 [ 1 486:491]
 -2 [ 1 533:533]

Vehicle: 211  Cost: 171.88
Route: 2 69 121 11 63 86 19 99 -2 
  2 [ 9  67: 82]
 69 [ 8 129:134]
121 [10 134:139]
 11 [ 7 300:305]
 63 [ 3 310:315]
 86 [ 7 331:336]
 19 [ 6 336:341]
 99 [ 9 346:351]
 -2 [ 9 418:418]

Vehicle: 212  Cost: 82.17
Route: 2 108 37 56 80 72 71 122 -2 
  2 [ 8  67: 82]
108 [ 9 101:106]
 37 [ 7 116:121]
 56 [ 5 127:132]
 80 [ 6 137:142]
 72 [ 3 149:154]
 71 [ 2 180:185]
122 [ 3 185:190]
 -2 [ 3 210:210]

Vehicle: 213  Cost: 69.20
Route: 2 10 62 42 44 38 -2 
  2 [10  67:271]
 10 [ 8 300:305]
 62 [ 6 310:315]
 42 [ 3 324:329]
 44 [ 1 335:340]
 38 [ 0 420:425]
 -2 [ 0 433:433]

Vehicle: 214  Cost: 152.20
Route: 2 27 93 34 26 -2 
  2 [10  67:116]
 27 [ 6 180:185]
 93 [10 198:203]
 34 [ 7 300:305]
 26 [ 4 420:425]
 -2 [ 4 490:490]

Vehicle: 216  Cost: 92.33
Route: 2 4 25 45 47 107 -2 
  2 [10  67: 82]
  4 [ 7 115:120]
 25 [ 6 126:131]
 45 [ 3 300:305]
 47 [ 0 319:324]
107 [ 3 324:329]
 -2 [ 3 367:367]

Vehicle: 301  Cost: 108.30
Route: 3 39 115 16 83 84 76 -3 
  3 [ 7  29: 44]
 39 [ 3  69: 74]
115 [ 7 101:106]
 16 [ 4 112:117]
 83 [ 6 117:122]
 84 [ 8 180:185]
 76 [10 300:305]
 -3 [10 328:328]

Vehicle: 302  Cost: 27.39
Route: 3 40 13 81 -3 
  3 [ 8  29: 57]
 40 [ 4  60: 65]
 13 [ 0 300:305]
 81 [ 4 305:310]
 -3 [ 4 324:324]

Vehicle: 303  Cost: 156.22
Route: 3 33 48 67 120 123 58 75 100 -3 
  3 [10  29: 44]
 33 [ 7  73: 78]
 48 [ 4 116:121]
 67 [ 1 132:137]
120 [ 3 137:142]
123 [ 5 177:182]
 58 [ 4 300:305]
 75 [ 7 305:310]
100 [10 319:324]
 -3 [10 354:354]

Vehicle: 304  Cost: 83.35
Route: 3 65 118 68 106 46 124 -3 
  3 [ 9  29: 44]
 65 [ 5  73: 78]
118 [ 8  78: 83]
 68 [ 7  94: 99]
106 [10 300:305]
 46 [ 6 305:310]
124 [ 7 336:341]
 -3 [ 7 356:356]

Vehicle: 305  Cost: 2.00
Route: 3 22 -3 
  3 [ 3  29:299]
 22 [ 0 300:305]
 -3 [ 0 306:306]

Vehicle: 307  Cost: 60.13
Route: 3 82 89 29 -3 
  3 [ 3  29: 44]
 82 [ 6  54: 59]
 89 [10  78: 83]
 29 [ 7 300:305]
 -3 [ 7 323:323]

Vehicle: 310  Cost: 99.65
Route: 3 60 54 70 110 87 88 73 -3 
  3 [ 9  29: 44]
 60 [ 8  63: 68]
 54 [ 5  76: 81]
 70 [ 2  91: 96]
110 [ 5 115:120]
 87 [ 8 300:305]
 88 [ 9 314:319]
 73 [ 7 420:425]
 -3 [ 7 439:439]

Total Cost: 2548.17
 11:133.28, 75:75 [1, 2, -2, -1]
 12:136.43, 64:75 [1, 2, -2, -3, -1]
 13:58.00, 49:75 [1, 3, -3, -1]
201:29.84, 7:10 [2, 23, 85, 17, -2]
202:106.86, 10:10 [2, 97, 32, 9, 12, 77, -2]
203:39.19, 10:10 [2, 18, 101, 41, 14, -2]
204:195.79, 10:10 [2, 105, 5, 36, 31, 96, 78, 24, -2]
205:78.20, 10:10 [2, 15, 49, 55, 109, 50, 35, -2]
206:158.56, 10:10 [2, 64, 117, 79, 53, 114, 7, 98, 112, 94, -2]
207:194.43, 10:10 [2, 20, 74, 102, 61, 119, 66, 91, 111, -2]
208:87.26, 10:10 [2, 57, 113, 116, 51, 103, 52, -2]
209:75.33, 10:10 [2, 21, 90, 59, 30, 95, 43, 104, -2]
210:150.18, 10:10 [2, 8, 6, 28, 92, -2]
211:171.88, 10:10 [2, 69, 121, 11, 63, 86, 19, 99, -2]
212:82.17, 9:10 [2, 108, 37, 56, 80, 72, 71, 122, -2]
213:69.20, 10:10 [2, 10, 62, 42, 44, 38, -2]
214:152.20, 10:10 [2, 27, 93, 34, 26, -2]
216:92.33, 10:10 [2, 4, 25, 45, 47, 107, -2]
301:108.30, 10:10 [3, 39, 115, 16, 83, 84, 76, -3]
302:27.39, 8:10 [3, 40, 13, 81, -3]
303:156.22, 10:10 [3, 33, 48, 67, 120, 123, 58, 75, 100, -3]
304:83.35, 10:10 [3, 65, 118, 68, 106, 46, 124, -3]
305:2.00, 3:10 [3, 22, -3]
307:60.13, 10:10 [3, 82, 89, 29, -3]
310:99.65, 9:10 [3, 60, 54, 70, 110, 87, 88, 73, -3]
fe: 3, se: 22

!ALNS------------
100000,2548.173671327383,694.994,428.069,3,22,0.8355555555555556,0.9363636363636364,40.333333333333336,5.5
19 18 14 7 0 0 14 3 
22.367408177759966 49.5618153920284 28.028906737425835 39.71222861280319 27.77767061108466 134.33219921217002 29.648352521173837 28.86365269077925 
12 9 8 11 9 6 18 2 
38.32998440231342 27.36412675544427 34.52999568456677 33.07371542756211 37.001128613943536 31.79336483463486 26.65653917523273 48.893827881601105 

x[420] = 1.0
Vehicle: 15  Cost: 58.00
Route: 1 3 -3 -1 
 1 [ 11   0:  0 [32, 9, 73, 22]]
 3 [  0  29: 29 []]
-3 [ 34  29:389 [115, 75, 123, 124, 106, 118, 93, 91, 100, 120, 102, 77, 82, 84]]
-1 [ 34 418:418 [115, 75, 123, 124, 106, 118, 93, 91, 100, 120, 102, 77, 82, 84]]

x[6084] = 1.0
Vehicle: 12  Cost: 133.28
Route: 1 2 -2 -1 
 1 [ 17   0:  0 [41, 15, 8, 18, 11, 14]]
 2 [  0  67: 67 []]
-2 [ 31  67:346 [104, 85, 117, 103, 108, 113, 122, 95, 105, 111, 119, 116, 83]]
-1 [ 31 413:413 [104, 85, 117, 103, 108, 113, 122, 95, 105, 111, 119, 116, 83]]

x[31926] = 1.0
Vehicle: 20  Cost: 133.28
Route: 1 -2 -1 
 1 [  0   0:  0 []]
-2 [ 14  67:371 [107, 108, 80, 116, 113, 101, 122]]
-1 [ 14 438:438 [107, 108, 80, 116, 113, 101, 122]]

x[34955] = 1.0
Vehicle: 12  Cost: 133.28
Route: 1 2 -2 -1 
 1 [  6   0:  0 [28, 44]]
 2 [  0  67: 67 []]
-2 [ 27  67:346 [105, 122, 117, 103, 121, 116, 111, 79, 113, 95, 90, 108]]
-1 [ 27 413:413 [105, 122, 117, 103, 121, 116, 111, 79, 113, 95, 90, 108]]

x[37368] = 1.0
Vehicle: 15  Cost: 58.00
Route: 1 3 -3 -1 
 1 [ 10   0:  0 [29, 19, 16, 49]]
 3 [  0  29: 29 []]
-3 [ 30  29:389 [91, 115, 102, 124, 82, 123, 106, 100, 93, 118, 88, 84, 77]]
-1 [ 30 418:418 [91, 115, 102, 124, 82, 123, 106, 100, 93, 118, 88, 84, 77]]

x[38036] = 1.0
Vehicle: 15  Cost: 58.00
Route: 1 3 -3 -1 
 1 [ 14   0:  0 [5, 39, 73, 35, 22, 26]]
 3 [  0  29: 29 []]
-3 [ 35  29:369 [84, 82, 120, 76, 75, 93, 102, 115, 100, 89, 123, 118, 83]]
-1 [ 35 398:398 [84, 82, 120, 76, 75, 93, 102, 115, 100, 89, 123, 118, 83]]

x[45512] = 1.0
Vehicle: 11  Cost: 133.28
Route: 1 2 -2 -1 
 1 [ 75   0:  0 [12, 53, 59, 7, 21, 44, 42, 63, 34, 52, 64, 6, 43, 38, 8, 10, 37, 71, 72, 56, 25, 45, 4, 15, 62, 30, 66, 23, 17, 51]]
 2 [  0  67: 67 []]
-2 [ 28  67:548 [98, 121, 112, 114, 94, 117, 105, 85, 92, 79, 107, 77, 90, 95]]
-1 [ 28 614:614 [98, 121, 112, 114, 94, 117, 105, 85, 92, 79, 107, 77, 90, 95]]

x[47239] = 1.0
Vehicle: 12  Cost: 133.28
Route: 1 2 -2 -1 
 1 [ 13   0:  0 [6, 47, 8, 57]]
 2 [  0  67: 67 []]
-2 [ 34  67:350 [101, 105, 114, 108, 122, 95, 85, 91, 93, 94, 103, 111, 104, 113]]
-1 [ 34 416:416 [101, 105, 114, 108, 122, 95, 85, 91, 93, 94, 103, 111, 104, 113]]

x[47678] = 1.0
Vehicle: 14  Cost: 58.00
Route: 1 3 -3 -1 
 1 [ 75   0:  0 [73, 27, 40, 60, 46, 68, 67, 29, 55, 48, 61, 9, 32, 65, 49, 54, 20, 69, 13, 36, 58, 31, 19, 74, 24, 70, 33, 50]]
 3 [  0  29: 29 []]
-3 [ 31  29:600 [86, 106, 81, 124, 88, 87, 99, 109, 97, 96, 110, 121, 78]]
-1 [ 31 629:629 [86, 106, 81, 124, 88, 87, 99, 109, 97, 96, 110, 121, 78]]

y[1253] = 1.0
Vehicle: 211  Cost: 76.42
Route: 2 64 117 59 30 95 43 104 105 -2 
  2 [ 9  67: 82]
 64 [ 5  99:104]
117 [ 6 104:109]
 59 [ 4 119:124]
 30 [ 3 133:138]
 95 [ 6 138:143]
 43 [ 4 149:154]
104 [ 8 154:159]
105 [ 9 184:189]
 -2 [ 9 198:198]

y[2149] = 1.0
Vehicle: 303  Cost: 27.39
Route: 3 40 81 13 -3 
  3 [ 8 122:137]
 40 [ 4 141:146]
 81 [ 8 300:305]
 13 [ 4 305:310]
 -3 [ 4 324:324]

y[6298] = 1.0
Vehicle: 321  Cost: 167.53
Route: 3 48 120 67 78 96 31 106 124 -3 
  3 [10  29: 44]
 48 [ 7 108:113]
120 [ 9 124:129]
 67 [ 6 129:134]
 78 [ 7 300:305]
 96 [10 321:326]
 31 [ 6 326:331]
106 [ 9 358:363]
124 [10 390:395]
 -3 [10 409:409]

y[6533] = 1.0
Vehicle: 210  Cost: 69.20
Route: 2 10 62 42 44 38 -2 
  2 [10 285:300]
 10 [ 8 329:334]
 62 [ 6 339:344]
 42 [ 3 353:358]
 44 [ 1 364:369]
 38 [ 0 420:425]
 -2 [ 0 433:433]

y[8287] = 1.0
Vehicle: 205  Cost: 36.55
Route: 2 15 23 85 17 -2 
  2 [ 9  67:170]
 15 [ 7 180:185]
 23 [ 4 193:198]
 85 [ 7 300:305]
 17 [ 3 305:310]
 -2 [ 3 324:324]

y[8618] = 1.0
Vehicle: 307  Cost: 117.25
Route: 3 5 74 83 115 20 84 76 -3 
  3 [ 9  29: 44]
  5 [ 8  88: 93]
 74 [ 4 103:108]
 83 [ 6 112:117]
115 [10 123:128]
 20 [ 6 143:148]
 84 [ 8 180:185]
 76 [10 300:305]
 -3 [10 328:328]

y[9041] = 1.0
Vehicle: 204  Cost: 82.17
Route: 2 108 37 56 80 72 71 122 -2 
  2 [ 8  67: 82]
108 [ 9 101:106]
 37 [ 7 116:121]
 56 [ 5 127:132]
 80 [ 6 137:142]
 72 [ 3 149:154]
 71 [ 2 180:185]
122 [ 3 185:190]
 -2 [ 3 210:210]

y[10513] = 1.0
Vehicle: 201  Cost: 115.36
Route: 2 51 116 92 45 47 107 -2 
  2 [10  85:100]
 51 [ 6 136:141]
116 [ 7 180:185]
 92 [ 8 420:425]
 45 [ 5 441:446]
 47 [ 2 460:465]
107 [ 5 465:470]
 -2 [ 5 508:508]

y[11544] = 1.0
Vehicle: 202  Cost: 134.86
Route: 2 21 111 66 119 79 -2 
  2 [ 5  67: 82]
 21 [ 1  93: 98]
111 [ 5 140:145]
 66 [ 4 155:160]
119 [ 7 160:165]
 79 [10 181:186]
 -2 [10 242:242]

y[13945] = 1.0
Vehicle: 306  Cost: 102.79
Route: 3 65 118 68 46 75 58 100 -3 
  3 [10  29: 44]
 65 [ 6  73: 78]
118 [ 9  78: 83]
 68 [ 8  94: 99]
 46 [ 4 300:305]
 75 [ 7 326:331]
 58 [ 6 331:336]
100 [ 9 346:351]
 -3 [ 9 380:380]

y[14427] = 1.0
Vehicle: 303  Cost: 68.91
Route: 3 49 55 109 50 35 -3 
  3 [ 8 122:137]
 49 [ 5 162:167]
 55 [ 3 180:185]
109 [ 5 190:195]
 50 [ 3 195:200]
 35 [ 2 300:305]
 -3 [ 2 328:328]

y[15247] = 1.0
Vehicle: 214  Cost: 113.11
Route: 2 52 112 6 8 77 12 -2 
  2 [10  67:274]
 52 [ 9 300:305]
112 [10 318:323]
  6 [ 7 420:425]
  8 [ 4 432:437]
 77 [ 6 444:449]
 12 [ 3 449:454]
 -2 [ 3 498:498]

y[16602] = 1.0
Vehicle: 210  Cost: 160.05
Route: 2 34 11 63 -2 
  2 [10  85:230]
 34 [ 7 300:305]
 11 [ 4 315:320]
 63 [ 0 325:330]
 -2 [ 0 405:405]

y[16966] = 1.0
Vehicle: 206  Cost: 88.14
Route: 2 25 4 103 57 113 90 -2 
  2 [ 8  67: 82]
 25 [ 7 115:120]
  4 [ 4 125:130]
103 [ 7 137:142]
 57 [ 3 153:158]
113 [ 7 158:163]
 90 [10 184:189]
 -2 [10 200:200]

y[20383] = 1.0
Vehicle: 304  Cost: 107.70
Route: 3 36 -3 
  3 [ 3  29:246]
 36 [ 0 300:305]
 -3 [ 0 359:359]

y[20563] = 1.0
Vehicle: 304  Cost: 68.43
Route: 3 60 54 70 87 88 22 -3 
  3 [10 122:137]
 60 [ 9 157:162]
 54 [ 6 170:175]
 70 [ 3 185:190]
 87 [ 6 300:305]
 88 [ 7 314:319]
 22 [ 4 333:338]
 -3 [ 4 339:339]

y[21084] = 1.0
Vehicle: 205  Cost: 157.98
Route: 2 53 114 7 98 28 94 -2 
  2 [10  85:100]
 53 [ 8 174:179]
114 [ 9 183:188]
  7 [ 5 300:305]
 98 [ 8 310:315]
 28 [ 4 420:425]
 94 [ 5 476:481]
 -2 [ 5 495:495]

y[21118] = 1.0
Vehicle: 306  Cost: 149.44
Route: 3 32 97 9 26 86 19 99 -3 
  3 [10  29:368]
 32 [ 8 420:425]
 97 [ 9 425:430]
  9 [ 5 435:440]
 26 [ 2 455:460]
 86 [ 6 472:477]
 19 [ 5 477:482]
 99 [ 8 487:492]
 -3 [ 8 552:552]

y[21233] = 1.0
Vehicle: 311  Cost: 100.25
Route: 3 39 33 123 89 82 -3 
  3 [ 7  29: 44]
 39 [ 3  69: 74]
 33 [ 0  87: 92]
123 [ 2 119:124]
 89 [ 6 130:135]
 82 [ 9 154:159]
 -3 [ 9 169:169]

y[22310] = 1.0
Vehicle: 307  Cost: 42.32
Route: 3 110 29 73 -3 
  3 [ 5 266:281]
110 [ 8 297:302]
 29 [ 5 310:315]
 73 [ 3 420:425]
 -3 [ 3 439:439]

y[22362] = 1.0
Vehicle: 310  Cost: 201.00
Route: 3 16 27 102 61 93 91 69 121 24 -3 
  3 [10  29: 44]
 16 [ 7  94: 99]
 27 [ 3 180:185]
102 [ 4 200:205]
 61 [ 3 220:225]
 93 [ 7 230:235]
 91 [ 8 249:254]
 69 [ 7 282:287]
121 [ 9 287:292]
 24 [ 8 329:334]
 -3 [ 8 356:356]

y[22422] = 1.0
Vehicle: 204  Cost: 39.19
Route: 2 18 101 41 14 -2 
  2 [ 9  95:110]
 18 [ 7 123:128]
101 [10 300:305]
 41 [ 7 305:310]
 14 [ 3 322:327]
 -2 [ 3 335:335]

FE: 9
SE: 22
!MIP-----
3124.454205725747,5405.471210002899,0.2272249085989551,9,22,47839,23397

Run: 4
Total Cost: 2550.61
Vehicle: 11  Cost: 133.28
Route: 1 2 -2 -1 
 1 [ 75   0:  0 [4, 59, 53, 27, 10, 74, 52, 72, 45, 6, 47, 69, 66, 41, 34, 44, 28, 61, 25, 37, 51, 5, 20, 42, 71, 18, 9, 32, 12, 35, 50]]
 2 [  0  67: 67 []]
-2 [ 50  67:353 [79, 83, 93, 91, 102, 111, 121, 103, 90, 101, 119, 109, 84, 122, 114, 108, 113, 117, 116, 85, 105, 115]]
-1 [ 50 419:419 [79, 83, 93, 91, 102, 111, 121, 103, 90, 101, 119, 109, 84, 122, 114, 108, 113, 117, 116, 85, 105, 115]]

Vehicle: 12  Cost: 136.43
Route: 1 2 -2 -3 -1 
 1 [ 45   0:  0 [21, 38, 17, 16, 7, 56, 57, 14, 62, 8, 64, 23, 55, 49, 15]]
 2 [  0  67: 67 []]
-2 [ 13  67:555 [92, 94, 98, 97, 77, 112, 80, 107]]
-3 [ 23 596:611 [76, 92, 88, 94, 98, 97, 81, 77, 112, 80, 107, 87]]
-1 [ 23 640:640 [76, 92, 88, 94, 98, 97, 81, 77, 112, 80, 107, 87]]

Vehicle: 13  Cost: 58.00
Route: 1 3 -3 -1 
 1 [ 68   0:  0 [39, 60, 13, 33, 40, 19, 70, 36, 46, 48, 22, 31, 43, 68, 26, 29, 65, 11, 63, 73, 58, 30, 54, 67, 24]]
 3 [  0  29: 29 []]
-3 [ 45  29:447 [78, 100, 99, 123, 75, 118, 124, 96, 95, 120, 110, 86, 104, 106, 82, 89]]
-1 [ 45 476:476 [78, 100, 99, 123, 75, 118, 124, 96, 95, 120, 110, 86, 104, 106, 82, 89]]

Vehicle: 201  Cost: 29.84
Route: 2 23 85 17 -2 
  2 [ 7  67: 82]
 23 [ 4  93: 98]
 85 [ 7 300:305]
 17 [ 3 305:310]
 -2 [ 3 324:324]

Vehicle: 202  Cost: 163.83
Route: 2 8 34 7 98 112 94 -2 
  2 [10  67:255]
  8 [ 7 300:305]
 34 [ 4 332:337]
  7 [ 0 353:358]
 98 [ 3 363:368]
112 [ 4 404:409]
 94 [ 5 429:434]
 -2 [ 5 448:448]

Vehicle: 203  Cost: 69.20
Route: 2 10 62 42 44 38 -2 
  2 [10  67:271]
 10 [ 8 300:305]
 62 [ 6 310:315]
 42 [ 3 324:329]
 44 [ 1 335:340]
 38 [ 0 420:425]
 -2 [ 0 433:433]

Vehicle: 204  Cost: 131.61
Route: 2 105 20 84 5 74 83 115 -2 
  2 [ 9  67: 82]
105 [10  91: 96]
 20 [ 6 131:136]
 84 [ 8 180:185]
  5 [ 7 200:205]
 74 [ 3 215:220]
 83 [ 5 224:229]
115 [ 9 235:240]
 -2 [ 9 291:291]

Vehicle: 205  Cost: 78.20
Route: 2 15 49 55 50 109 35 -2 
  2 [10  67:170]
 15 [ 8 180:185]
 49 [ 5 199:204]
 55 [ 3 209:214]
 50 [ 1 219:224]
109 [ 3 224:229]
 35 [ 2 300:305]
 -2 [ 2 338:338]

Vehicle: 206  Cost: 171.94
Route: 2 16 27 102 61 93 119 66 69 121 -2 
  2 [10  67: 82]
 16 [ 7 135:140]
 27 [ 3 180:185]
102 [ 4 200:205]
 61 [ 3 220:225]
 93 [ 7 230:235]
119 [10 241:246]
 66 [ 9 246:251]
 69 [ 8 267:272]
121 [10 272:277]
 -2 [10 324:324]

Vehicle: 207  Cost: 155.80
Route: 2 45 92 28 6 -2 
  2 [10  67:265]
 45 [ 7 300:305]
 92 [ 8 420:425]
 28 [ 4 465:470]
  6 [ 1 486:491]
 -2 [ 1 540:540]

Vehicle: 208  Cost: 90.97
Route: 2 37 56 80 72 107 47 -2 
  2 [10  67: 82]
 37 [ 8 111:116]
 56 [ 6 122:127]
 80 [ 7 132:137]
 72 [ 4 144:149]
107 [ 7 300:305]
 47 [ 4 305:310]
 -2 [ 4 348:348]

Vehicle: 209  Cost: 63.16
Route: 2 21 90 57 113 52 -2 
  2 [ 9  67: 82]
 21 [ 5  93: 98]
 90 [ 8  98:103]
 57 [ 4 124:129]
113 [ 8 129:134]
 52 [ 7 300:305]
 -2 [ 7 331:331]

Vehicle: 211  Cost: 39.19
Route: 2 18 101 41 14 -2 
  2 [ 9  67: 82]
 18 [ 7  94: 99]
101 [10 300:305]
 41 [ 7 305:310]
 14 [ 3 322:327]
 -2 [ 3 335:335]

Vehicle: 212  Cost: 106.86
Route: 2 32 97 9 12 77 -2 
  2 [ 9  67:374]
 32 [ 7 420:425]
 97 [ 8 425:430]
  9 [ 4 435:440]
 12 [ 1 452:457]
 77 [ 3 457:462]
 -2 [ 3 506:506]

Vehicle: 213  Cost: 158.74
Route: 2 64 117 59 79 53 114 91 111 -2 
  2 [ 8  67: 82]
 64 [ 4  99:104]
117 [ 5 104:109]
 59 [ 3 119:124]
 79 [ 6 152:157]
 53 [ 4 177:182]
114 [ 5 185:190]
 91 [ 6 198:203]
111 [10 223:228]
 -2 [10 280:280]

Vehicle: 214  Cost: 94.48
Route: 2 71 122 108 25 4 51 116 103 -2 
  2 [ 9  67:160]
 71 [ 8 180:185]
122 [ 9 185:190]
108 [10 198:203]
 25 [ 9 220:225]
  4 [ 6 230:235]
 51 [ 2 240:245]
116 [ 3 249:254]
103 [ 6 262:267]
 -2 [ 6 294:294]

Vehicle: 301  Cost: 82.03
Route: 3 110 29 100 58 75 -3 
  3 [ 4  29: 44]
110 [ 7  60: 65]
 29 [ 4 300:305]
100 [ 7 318:323]
 58 [ 6 332:337]
 75 [ 9 337:342]
 -3 [ 9 378:378]

Vehicle: 302  Cost: 167.53
Route: 3 48 67 120 78 31 96 106 124 -3 
  3 [10  29: 44]
 48 [ 7 108:113]
 67 [ 4 124:129]
120 [ 6 129:134]
 78 [ 7 300:305]
 31 [ 3 321:326]
 96 [ 6 326:331]
106 [ 9 358:363]
124 [10 390:395]
 -3 [10 409:409]

Vehicle: 303  Cost: 2.00
Route: 3 22 -3 
  3 [ 3  29:299]
 22 [ 0 300:305]
 -3 [ 0 306:306]

Vehicle: 304  Cost: 91.21
Route: 3 33 65 118 123 89 -3 
  3 [ 7  29: 44]
 33 [ 4  73: 78]
 65 [ 0  90: 95]
118 [ 3  95:100]
123 [ 5 115:120]
 89 [ 9 127:132]
 -3 [ 9 160:160]

Vehicle: 305  Cost: 27.39
Route: 3 40 81 13 -3 
  3 [ 8  29: 57]
 40 [ 4  60: 65]
 81 [ 8 300:305]
 13 [ 4 305:310]
 -3 [ 4 324:324]

Vehicle: 306  Cost: 76.50
Route: 3 60 54 70 87 88 73 -3 
  3 [ 9  29: 44]
 60 [ 8  63: 68]
 54 [ 5  76: 81]
 70 [ 2  91: 96]
 87 [ 5 300:305]
 88 [ 6 314:319]
 73 [ 4 420:425]
 -3 [ 4 439:439]

Vehicle: 307  Cost: 142.35
Route: 3 68 46 36 99 86 19 24 -3 
  3 [10  29: 44]
 68 [ 9  82: 87]
 46 [ 5 300:305]
 36 [ 2 322:327]
 99 [ 5 336:341]
 86 [ 9 346:351]
 19 [ 8 351:356]
 24 [ 7 404:409]
 -3 [ 7 432:432]

Vehicle: 309  Cost: 165.23
Route: 3 63 11 26 76 -3 
  3 [10  29:223]
 63 [ 6 300:305]
 11 [ 3 310:315]
 26 [ 0 420:425]
 76 [ 2 471:476]
 -3 [ 2 499:499]

Vehicle: 314  Cost: 114.81
Route: 3 82 39 104 43 30 95 -3 
  3 [ 7  29: 44]
 82 [10  54: 59]
 39 [ 6  81: 86]
104 [10 111:116]
 43 [ 8 116:121]
 30 [ 7 126:131]
 95 [10 131:136]
 -3 [10 189:189]

Total Cost: 2550.61
 11:133.28, 75:75 [1, 2, -2, -1]
 12:136.43, 45:75 [1, 2, -2, -3, -1]
 13:58.00, 68:75 [1, 3, -3, -1]
201:29.84, 7:10 [2, 23, 85, 17, -2]
202:163.83, 10:10 [2, 8, 34, 7, 98, 112, 94, -2]
203:69.20, 10:10 [2, 10, 62, 42, 44, 38, -2]
204:131.61, 10:10 [2, 105, 20, 84, 5, 74, 83, 115, -2]
205:78.20, 10:10 [2, 15, 49, 55, 50, 109, 35, -2]
206:171.94, 10:10 [2, 16, 27, 102, 61, 93, 119, 66, 69, 121, -2]
207:155.80, 10:10 [2, 45, 92, 28, 6, -2]
208:90.97, 10:10 [2, 37, 56, 80, 72, 107, 47, -2]
209:63.16, 9:10 [2, 21, 90, 57, 113, 52, -2]
211:39.19, 10:10 [2, 18, 101, 41, 14, -2]
212:106.86, 9:10 [2, 32, 97, 9, 12, 77, -2]
213:158.74, 10:10 [2, 64, 117, 59, 79, 53, 114, 91, 111, -2]
214:94.48, 10:10 [2, 71, 122, 108, 25, 4, 51, 116, 103, -2]
301:82.03, 9:10 [3, 110, 29, 100, 58, 75, -3]
302:167.53, 10:10 [3, 48, 67, 120, 78, 31, 96, 106, 124, -3]
303:2.00, 3:10 [3, 22, -3]
304:91.21, 9:10 [3, 33, 65, 118, 123, 89, -3]
305:27.39, 8:10 [3, 40, 81, 13, -3]
306:76.50, 9:10 [3, 60, 54, 70, 87, 88, 73, -3]
307:142.35, 10:10 [3, 68, 46, 36, 99, 86, 19, 24, -3]
309:165.23, 10:10 [3, 63, 11, 26, 76, -3]
314:114.81, 10:10 [3, 82, 39, 104, 43, 30, 95, -3]
fe: 3, se: 22

!ALNS------------
100000,2550.6095262708327,522.089,470.741,3,22,0.8355555555555556,0.9227272727272727,40.333333333333336,5.5
36 24 26 16 0 0 24 6 
19.177443207706975 48.872804963880846 33.89676179949443 28.530854790340417 33.18095006773592 132.2062220769957 24.671691538799305 27.296571541374906 
13 19 13 12 9 15 44 7 
35.55384597339918 31.052448921597925 26.6564516390083 25.56583095055401 32.966326326820734 35.705984095795266 26.19628687618908 36.93705460684685 

x[14869] = 1.0
Vehicle: 11  Cost: 133.28
Route: 1 2 -2 -1 
 1 [ 75   0:  0 [8, 17, 52, 30, 64, 12, 45, 47, 25, 57, 72, 51, 7, 71, 74, 61, 27, 69, 37, 20, 4, 66, 15, 23, 59, 38, 21, 44, 10]]
 2 [  0  67: 67 []]
-2 [ 54  67:353 [84, 80, 104, 90, 122, 108, 105, 114, 83, 115, 121, 95, 103, 93, 119, 102, 91, 101, 113, 117, 109, 111, 85]]
-1 [ 54 419:419 [84, 80, 104, 90, 122, 108, 105, 114, 83, 115, 121, 95, 103, 93, 119, 102, 91, 101, 113, 117, 109, 111, 85]]

x[16127] = 1.0
Vehicle: 14  Cost: 133.28
Route: 1 -2 -1 
 1 [  0   0:  0 []]
-2 [ 13  67:527 [94, 95, 114, 98, 79, 92, 116]]
-1 [ 13 593:593 [94, 95, 114, 98, 79, 92, 116]]

x[26648] = 1.0
Vehicle: 12  Cost: 136.43
Route: 1 2 -2 3 -3 -1 
 1 [ 46   0:  0 [13, 41, 6, 56, 18, 14, 28, 53, 49, 50, 55, 35, 16, 42, 43, 62, 39]]
 2 [  4  67: 67 [13]]
-2 [ 19  67:523 [13, 98, 107, 77, 92, 79, 116, 94, 112]]
 3 [ 15 564:564 [98, 107, 77, 92, 79, 116, 94, 112]]
-3 [ 30 564:631 [97, 88, 98, 107, 77, 81, 86, 87, 76, 92, 79, 116, 94, 112]]
-1 [ 30 660:660 [97, 88, 98, 107, 77, 81, 86, 87, 76, 92, 79, 116, 94, 112]]

x[32992] = 1.0
Vehicle: 13  Cost: 58.00
Route: 1 3 -3 -1 
 1 [ 67   0:  0 [63, 46, 11, 31, 73, 70, 34, 54, 9, 32, 58, 36, 67, 26, 48, 68, 65, 33, 24, 60, 29, 19, 5, 40, 22]]
 3 [  0  29: 29 []]
-3 [ 34  29:429 [106, 123, 120, 89, 96, 100, 110, 124, 78, 75, 99, 118, 82]]
-1 [ 34 458:458 [106, 123, 120, 89, 96, 100, 110, 124, 78, 75, 99, 118, 82]]

x[35010] = 1.0
Vehicle: 17  Cost: 58.00
Route: 1 -3 -1 
 1 [  0   0:  0 []]
-3 [ 14  29:389 [76, 99, 82, 123, 81]]
-1 [ 14 418:418 [76, 99, 82, 123, 81]]

y[39] = 1.0
Vehicle: 208  Cost: 39.19
Route: 2 18 101 41 14 -2 
  2 [ 9  85:100]
 18 [ 7 112:117]
101 [10 300:305]
 41 [ 7 305:310]
 14 [ 3 322:327]
 -2 [ 3 335:335]

y[548] = 1.0
Vehicle: 205  Cost: 72.25
Route: 2 39 -2 
  2 [ 4  67: 82]
 39 [ 0 118:123]
 -2 [ 0 159:159]

y[968] = 1.0
Vehicle: 313  Cost: 45.61
Route: 3 22 24 -3 
  3 [ 4  29:299]
 22 [ 1 300:305]
 24 [ 0 327:332]
 -3 [ 0 355:355]

y[2221] = 1.0
Vehicle: 303  Cost: 27.20
Route: 3 81 13 -3 
  3 [ 4 566:581]
 81 [ 8 595:600]
 13 [ 4 600:605]
 -3 [ 4 618:618]

y[2611] = 1.0
Vehicle: 206  Cost: 170.52
Route: 2 74 102 61 66 119 111 69 121 -2 
  2 [ 7  67: 82]
 74 [ 3 136:141]
102 [ 4 169:174]
 61 [ 3 189:194]
 66 [ 2 202:207]
119 [ 5 207:212]
111 [ 9 222:227]
 69 [ 8 235:240]
121 [10 240:245]
 -2 [10 292:292]

y[4514] = 1.0
Vehicle: 209  Cost: 36.90
Route: 2 23 105 90 21 -2 
  2 [ 7  67: 82]
 23 [ 4  93: 98]
105 [ 5 103:108]
 90 [ 8 117:122]
 21 [ 4 122:127]
 -2 [ 4 139:139]

y[5494] = 1.0
Vehicle: 307  Cost: 171.04
Route: 3 34 11 63 99 -3 
  3 [10 435:450]
 34 [ 7 526:531]
 11 [ 4 541:546]
 63 [ 0 551:556]
 99 [ 3 576:581]
 -3 [ 3 641:641]

y[6929] = 1.0
Vehicle: 314  Cost: 76.50
Route: 3 60 54 70 87 88 73 -3 
  3 [ 9 122:137]
 60 [ 8 157:162]
 54 [ 5 170:175]
 70 [ 2 185:190]
 87 [ 5 300:305]
 88 [ 6 314:319]
 73 [ 4 420:425]
 -3 [ 4 439:439]

y[7108] = 1.0
Vehicle: 202  Cost: 80.34
Route: 2 57 113 116 51 103 -2 
  2 [ 8  67: 82]
 57 [ 4 113:118]
113 [ 8 118:123]
116 [ 9 180:185]
 51 [ 5 189:194]
103 [ 8 203:208]
 -2 [ 8 235:235]

y[8135] = 1.0
Vehicle: 210  Cost: 82.17
Route: 2 108 37 56 80 72 71 122 -2 
  2 [ 8  67: 82]
108 [ 9 101:106]
 37 [ 7 116:121]
 56 [ 5 127:132]
 80 [ 6 137:142]
 72 [ 3 149:154]
 71 [ 2 180:185]
122 [ 3 185:190]
 -2 [ 3 210:210]

y[8565] = 1.0
Vehicle: 204  Cost: 169.00
Route: 2 84 20 27 93 91 79 -2 
  2 [ 8  67:136]
 84 [10 180:185]
 20 [ 6 186:191]
 27 [ 2 218:223]
 93 [ 6 235:240]
 91 [ 7 254:259]
 79 [10 275:280]
 -2 [10 335:335]

y[9239] = 1.0
Vehicle: 308  Cost: 55.35
Route: 3 40 82 110 29 -3 
  3 [ 7  29: 57]
 40 [ 3  60: 65]
 82 [ 6  77: 82]
110 [ 9  96:101]
 29 [ 6 300:305]
 -3 [ 6 323:323]

y[9494] = 1.0
Vehicle: 214  Cost: 92.33
Route: 2 4 25 45 107 47 -2 
  2 [10  85:100]
  4 [ 7 134:139]
 25 [ 6 144:149]
 45 [ 3 300:305]
107 [ 6 319:324]
 47 [ 3 324:329]
 -2 [ 3 367:367]

y[10607] = 1.0
Vehicle: 207  Cost: 114.84
Route: 2 52 112 6 8 77 12 94 -2 
  2 [10  67:274]
 52 [ 9 300:305]
112 [10 318:323]
  6 [ 7 420:425]
  8 [ 4 432:437]
 77 [ 6 444:449]
 12 [ 3 449:454]
 94 [ 4 485:490]
 -2 [ 4 505:505]

y[10648] = 1.0
Vehicle: 301  Cost: 91.21
Route: 3 33 65 118 123 89 -3 
  3 [ 7  29: 44]
 33 [ 4  73: 78]
 65 [ 0  90: 95]
118 [ 3  95:100]
123 [ 5 115:120]
 89 [ 9 127:132]
 -3 [ 9 160:160]

y[11613] = 1.0
Vehicle: 211  Cost: 69.20
Route: 2 10 62 42 44 38 -2 
  2 [10  85:271]
 10 [ 8 300:305]
 62 [ 6 310:315]
 42 [ 3 324:329]
 44 [ 1 335:340]
 38 [ 0 420:425]
 -2 [ 0 433:433]

y[12175] = 1.0
Vehicle: 205  Cost: 78.20
Route: 2 15 49 55 50 109 35 -2 
  2 [10  85:170]
 15 [ 8 180:185]
 49 [ 5 199:204]
 55 [ 3 209:214]
 50 [ 1 219:224]
109 [ 3 224:229]
 35 [ 2 300:305]
 -2 [ 2 338:338]

y[12639] = 1.0
Vehicle: 213  Cost: 174.35
Route: 2 53 114 7 98 28 92 -2 
  2 [10  85:100]
 53 [ 8 174:179]
114 [ 9 183:188]
  7 [ 5 300:305]
 98 [ 8 310:315]
 28 [ 4 420:425]
 92 [ 5 465:470]
 -2 [ 5 512:512]

y[14019] = 1.0
Vehicle: 201  Cost: 117.74
Route: 2 83 16 115 17 85 -2 
  2 [ 7  67: 82]
 83 [ 9 135:140]
 16 [ 6 140:145]
115 [10 151:156]
 17 [ 6 300:305]
 85 [ 9 305:310]
 -2 [ 9 324:324]

y[16203] = 1.0
Vehicle: 306  Cost: 167.44
Route: 3 48 120 67 78 31 96 124 -3 
  3 [10  29: 44]
 48 [ 7 108:113]
120 [ 9 124:129]
 67 [ 6 129:134]
 78 [ 7 300:305]
 31 [ 3 321:326]
 96 [ 6 326:331]
124 [ 7 384:389]
 -3 [ 7 404:404]

y[18011] = 1.0
Vehicle: 303  Cost: 145.82
Route: 3 32 97 9 26 86 19 76 -3 
  3 [10  29:368]
 32 [ 8 420:425]
 97 [ 9 425:430]
  9 [ 5 435:440]
 26 [ 2 455:460]
 86 [ 6 472:477]
 19 [ 5 477:482]
 76 [ 7 520:525]
 -3 [ 7 548:548]

y[18060] = 1.0
Vehicle: 206  Cost: 75.16
Route: 2 64 117 59 95 30 104 43 -2 
  2 [ 9  67: 82]
 64 [ 5  99:104]
117 [ 6 104:109]
 59 [ 4 119:124]
 95 [ 7 133:138]
 30 [ 6 138:143]
104 [10 149:154]
 43 [ 8 154:159]
 -2 [ 8 192:192]

y[19938] = 1.0
Vehicle: 311  Cost: 136.78
Route: 3 68 5 36 106 46 75 58 100 -3 
  3 [10 122:137]
 68 [ 9 175:180]
  5 [ 8 193:198]
 36 [ 5 300:305]
106 [ 8 322:327]
 46 [ 4 327:332]
 75 [ 7 353:358]
 58 [ 6 358:363]
100 [ 9 372:377]
 -3 [ 9 407:407]

FE: 5
SE: 23
!MIP-----
2808.1467347491102,5400.7797310352325,0.13877102736081454,5,23,46923,20990

Run: 5
Total Cost: 2524.90
Vehicle: 11  Cost: 133.28
Route: 1 2 -2 -1 
 1 [ 75   0:  0 [25, 32, 44, 74, 16, 63, 8, 57, 71, 12, 42, 45, 51, 9, 62, 50, 7, 35, 41, 26, 69, 55, 38, 17, 23, 37, 47, 24, 66, 30]]
 2 [  0  67: 67 []]
-2 [ 47  67:353 [95, 91, 122, 101, 103, 117, 105, 109, 108, 111, 119, 90, 113, 84, 115, 116, 83, 85, 102, 104]]
-1 [ 47 419:419 [95, 91, 122, 101, 103, 117, 105, 109, 108, 111, 119, 90, 113, 84, 115, 116, 83, 85, 102, 104]]

Vehicle: 12  Cost: 136.43
Route: 1 2 -2 -3 -1 
 1 [ 50   0:  0 [14, 21, 43, 6, 28, 10, 64, 19, 4, 52, 15, 49, 53, 18, 27, 72, 56, 61, 5, 59]]
 2 [  0  67: 67 []]
-2 [ 23  67:548 [92, 121, 94, 112, 86, 114, 98, 77, 107, 80, 79, 97]]
-3 [ 30 588:603 [110, 87, 92, 121, 94, 112, 86, 114, 98, 77, 107, 88, 80, 79, 97]]
-1 [ 30 632:632 [110, 87, 92, 121, 94, 112, 86, 114, 98, 77, 107, 88, 80, 79, 97]]

Vehicle: 14  Cost: 58.00
Route: 1 3 -3 -1 
 1 [ 63   0:  0 [31, 39, 46, 11, 54, 60, 67, 58, 29, 13, 22, 70, 36, 48, 68, 34, 73, 65, 40, 33, 20]]
 3 [  0  29: 29 []]
-3 [ 41  29:437 [118, 82, 81, 75, 89, 93, 99, 76, 100, 106, 120, 78, 96, 124, 123]]
-1 [ 41 466:466 [118, 82, 81, 75, 89, 93, 99, 76, 100, 106, 120, 78, 96, 124, 123]]

Vehicle: 201  Cost: 69.20
Route: 2 10 62 42 44 38 -2 
  2 [10  67:271]
 10 [ 8 300:305]
 62 [ 6 310:315]
 42 [ 3 324:329]
 44 [ 1 335:340]
 38 [ 0 420:425]
 -2 [ 0 433:433]

Vehicle: 202  Cost: 90.97
Route: 2 37 56 80 72 47 107 -2 
  2 [10  67: 82]
 37 [ 8 111:116]
 56 [ 6 122:127]
 80 [ 7 132:137]
 72 [ 4 144:149]
 47 [ 1 300:305]
107 [ 4 305:310]
 -2 [ 4 348:348]

Vehicle: 203  Cost: 194.65
Route: 2 64 117 91 61 102 27 66 119 111 -2 
  2 [10  67: 82]
 64 [ 6  99:104]
117 [ 7 104:109]
 91 [ 8 162:167]
 61 [ 7 186:191]
102 [ 8 207:212]
 27 [ 4 227:232]
 66 [ 3 244:249]
119 [ 6 249:254]
111 [10 264:269]
 -2 [10 321:321]

Vehicle: 204  Cost: 39.19
Route: 2 18 41 101 14 -2 
  2 [ 9  67: 82]
 18 [ 7  94: 99]
 41 [ 4 300:305]
101 [ 7 305:310]
 14 [ 3 322:327]
 -2 [ 3 335:335]

Vehicle: 205  Cost: 97.26
Route: 2 57 113 116 51 103 108 71 122 -2 
  2 [ 9  67: 82]
 57 [ 5 113:118]
113 [ 9 118:123]
116 [10 180:185]
 51 [ 6 189:194]
103 [ 9 203:208]
108 [10 224:229]
 71 [ 9 237:242]
122 [10 242:247]
 -2 [10 267:267]

Vehicle: 206  Cost: 142.55
Route: 2 105 5 74 83 16 115 84 24 -2 
  2 [ 9  67: 82]
105 [10  91: 96]
  5 [ 9 145:150]
 74 [ 5 160:165]
 83 [ 7 169:174]
 16 [ 4 174:179]
115 [ 8 185:190]
 84 [10 206:211]
 24 [ 9 300:305]
 -2 [ 9 329:329]

Vehicle: 207  Cost: 78.20
Route: 2 15 49 55 50 109 35 -2 
  2 [10  67:170]
 15 [ 8 180:185]
 49 [ 5 199:204]
 55 [ 3 209:214]
 50 [ 1 219:224]
109 [ 3 224:229]
 35 [ 2 300:305]
 -2 [ 2 338:338]

Vehicle: 208  Cost: 75.06
Route: 2 4 25 45 -2 
  2 [ 7  67: 82]
  4 [ 4 115:120]
 25 [ 3 126:131]
 45 [ 0 300:305]
 -2 [ 0 340:340]

Vehicle: 209  Cost: 150.18
Route: 2 8 6 28 92 -2 
  2 [10  67:255]
  8 [ 7 300:305]
  6 [ 4 420:425]
 28 [ 0 441:446]
 92 [ 1 486:491]
 -2 [ 1 533:533]

Vehicle: 210  Cost: 106.86
Route: 2 12 77 9 97 32 -2 
  2 [ 9  67:256]
 12 [ 6 300:305]
 77 [ 8 305:310]
  9 [ 4 321:326]
 97 [ 5 420:425]
 32 [ 3 425:430]
 -2 [ 3 476:476]

Vehicle: 211  Cost: 155.68
Route: 2 69 121 26 63 19 86 -2 
  2 [ 9  67: 82]
 69 [ 8 129:134]
121 [10 134:139]
 26 [ 7 420:425]
 63 [ 3 435:440]
 19 [ 2 456:461]
 86 [ 6 461:466]
 -2 [ 6 531:531]

Vehicle: 212  Cost: 29.84
Route: 2 23 85 17 -2 
  2 [ 7  67: 82]
 23 [ 4  93: 98]
 85 [ 7 300:305]
 17 [ 3 305:310]
 -2 [ 3 324:324]

Vehicle: 213  Cost: 74.57
Route: 2 90 21 30 95 43 104 -2 
  2 [ 7  67: 82]
 90 [10  93: 98]
 21 [ 6  98:103]
 30 [ 5 128:133]
 95 [ 8 133:138]
 43 [ 6 143:148]
104 [10 148:153]
 -2 [10 186:186]

Vehicle: 214  Cost: 164.76
Route: 2 59 79 53 114 7 98 112 52 94 -2 
  2 [ 9  67: 82]
 59 [ 7 109:114]
 79 [10 142:147]
 53 [ 8 167:172]
114 [ 9 175:180]
  7 [ 5 300:305]
 98 [ 8 310:315]
112 [ 9 351:356]
 52 [ 8 369:374]
 94 [ 9 387:392]
 -2 [ 9 407:407]

Vehicle: 301  Cost: 27.39
Route: 3 40 13 81 -3 
  3 [ 8  29: 57]
 40 [ 4  60: 65]
 13 [ 0 300:305]
 81 [ 4 305:310]
 -3 [ 4 324:324]

Vehicle: 302  Cost: 147.45
Route: 3 39 33 48 123 89 82 -3 
  3 [10  29: 44]
 39 [ 6  69: 74]
 33 [ 3  87: 92]
 48 [ 0 130:135]
123 [ 2 171:176]
 89 [ 6 182:187]
 82 [ 9 207:212]
 -3 [ 9 221:221]

Vehicle: 303  Cost: 167.82
Route: 3 67 120 78 31 96 36 106 124 -3 
  3 [10  29: 44]
 67 [ 7 111:116]
120 [ 9 116:121]
 78 [10 300:305]
 31 [ 6 321:326]
 96 [ 9 326:331]
 36 [ 6 349:354]
106 [ 9 371:376]
124 [10 403:408]
 -3 [10 422:422]

Vehicle: 304  Cost: 102.79
Route: 3 65 118 68 46 58 75 100 -3 
  3 [10  29: 44]
 65 [ 6  73: 78]
118 [ 9  78: 83]
 68 [ 8  94: 99]
 46 [ 4 300:305]
 58 [ 3 326:331]
 75 [ 6 331:336]
100 [ 9 346:351]
 -3 [ 9 380:380]

Vehicle: 305  Cost: 42.32
Route: 3 110 29 73 -3 
  3 [ 5  29: 44]
110 [ 8  60: 65]
 29 [ 5 300:305]
 73 [ 3 420:425]
 -3 [ 3 439:439]

Vehicle: 308  Cost: 68.43
Route: 3 60 54 70 87 88 22 -3 
  3 [10  29: 44]
 60 [ 9  63: 68]
 54 [ 6  76: 81]
 70 [ 3  91: 96]
 87 [ 6 300:305]
 88 [ 7 314:319]
 22 [ 4 333:338]
 -3 [ 4 339:339]

Vehicle: 310  Cost: 172.01
Route: 3 20 93 34 11 99 76 -3 
  3 [10  29: 44]
 20 [ 6  82: 87]
 93 [10 180:185]
 34 [ 7 300:305]
 11 [ 4 315:320]
 99 [ 7 344:349]
 76 [ 9 387:392]
 -3 [ 9 415:415]

Total Cost: 2524.90
 11:133.28, 75:75 [1, 2, -2, -1]
 12:136.43, 50:75 [1, 2, -2, -3, -1]
 14:58.00, 63:75 [1, 3, -3, -1]
201:69.20, 10:10 [2, 10, 62, 42, 44, 38, -2]
202:90.97, 10:10 [2, 37, 56, 80, 72, 47, 107, -2]
203:194.65, 10:10 [2, 64, 117, 91, 61, 102, 27, 66, 119, 111, -2]
204:39.19, 9:10 [2, 18, 41, 101, 14, -2]
205:97.26, 10:10 [2, 57, 113, 116, 51, 103, 108, 71, 122, -2]
206:142.55, 10:10 [2, 105, 5, 74, 83, 16, 115, 84, 24, -2]
207:78.20, 10:10 [2, 15, 49, 55, 50, 109, 35, -2]
208:75.06, 7:10 [2, 4, 25, 45, -2]
209:150.18, 10:10 [2, 8, 6, 28, 92, -2]
210:106.86, 9:10 [2, 12, 77, 9, 97, 32, -2]
211:155.68, 10:10 [2, 69, 121, 26, 63, 19, 86, -2]
212:29.84, 7:10 [2, 23, 85, 17, -2]
213:74.57, 10:10 [2, 90, 21, 30, 95, 43, 104, -2]
214:164.76, 10:10 [2, 59, 79, 53, 114, 7, 98, 112, 52, 94, -2]
301:27.39, 8:10 [3, 40, 13, 81, -3]
302:147.45, 10:10 [3, 39, 33, 48, 123, 89, 82, -3]
303:167.82, 10:10 [3, 67, 120, 78, 31, 96, 36, 106, 124, -3]
304:102.79, 10:10 [3, 65, 118, 68, 46, 58, 75, 100, -3]
305:42.32, 8:10 [3, 110, 29, 73, -3]
308:68.43, 10:10 [3, 60, 54, 70, 87, 88, 22, -3]
310:172.01, 10:10 [3, 20, 93, 34, 11, 99, 76, -3]
fe: 3, se: 21

!ALNS------------
100000,2524.9004454591914,616.01,519.977,3,21,0.8355555555555556,0.9428571428571428,40.333333333333336,5.761904761904762
16 20 15 9 0 0 6 1 
22.430986864730777 54.462871052802775 27.750970918180577 31.88832478826012 73.96115759970344 143.24524598928343 31.560933729167978 27.772016350118637 
8 8 7 9 10 7 13 5 
37.661083472562865 31.69181557080496 31.024809676374545 32.75377843667548 34.9404688178672 33.37206760303883 26.79353908137098 43.83002790690504  

x[2057] = 1.0
Vehicle: 14  Cost: 58.00
Route: 1 -3 -1 
 1 [  0   0:  0 []]
-3 [ 13  29:514 [93, 94, 116, 86, 99]]
-1 [ 13 543:543 [93, 94, 116, 86, 99]]

x[6950] = 1.0
Vehicle: 12  Cost: 58.00
Route: 1 3 -3 -1 
 1 [ 74   0:  0 [32, 43, 41, 51, 9, 38, 19, 31, 20, 16, 74, 63, 15, 26, 67, 57, 60, 66, 59, 5, 50, 17, 8, 42, 64, 54, 18]]
 3 [  0  29: 29 []]
-3 [ 43  29:559 [78, 123, 101, 97, 76, 96, 114, 92, 107, 98, 100, 120, 99, 75, 112, 93, 81, 90]]
-1 [ 43 588:588 [78, 123, 101, 97, 76, 96, 114, 92, 107, 98, 100, 120, 99, 75, 112, 93, 81, 90]]

x[8739] = 1.0
Vehicle: 14  Cost: 58.00
Route: 1 -3 -1 
 1 [  0   0:  0 []]
-3 [ 20  29:434 [118, 104, 75, 124, 82, 106, 110]]
-1 [ 20 463:463 [118, 104, 75, 124, 82, 106, 110]]

x[16545] = 1.0
Vehicle: 13  Cost: 58.00
Route: 1 3 -1 
 1 [ 39   0:  0 [22, 72, 29, 70, 21, 39, 49, 4, 71, 40, 73, 68, 11, 56]]
 3 [  0  29: 44 []]
-1 [  0  73: 73 []]

x[39363] = 1.0
Vehicle: 14  Cost: 58.00
Route: 1 -3 -1 
 1 [  0   0:  0 []]
-3 [ 24  29:617 [76, 123, 86, 99, 97, 77, 89, 118, 98]]
-1 [ 24 646:646 [76, 123, 86, 99, 97, 77, 89, 118, 98]]

x[41425] = 1.0
Vehicle: 11  Cost: 58.00
Route: 1 3 -3 -1 
 1 [ 75   0:  0 [65, 24, 10, 55, 61, 33, 23, 46, 35, 12, 30, 48, 44, 62, 7, 25, 47, 14, 34, 6, 58, 36, 52, 45, 13, 28, 27, 37, 53, 69]]
 3 [  0  29: 29 []]
-3 [ 75  29:390 [86, 104, 108, 77, 121, 84, 80, 116, 102, 94, 117, 82, 105, 87, 95, 119, 124, 79, 106, 109, 113, 91, 110, 88, 122, 85, 89, 111, 103, 83, 115, 118]]
-1 [ 75 419:419 [86, 104, 108, 77, 121, 84, 80, 116, 102, 94, 117, 82, 105, 87, 95, 119, 124, 79, 106, 109, 113, 91, 110, 88, 122, 85, 89, 111, 103, 83, 115, 118]]

y[648] = 1.0
Vehicle: 310  Cost: 185.60
Route: 3 56 51 116 103 108 122 14 -3 
  3 [10  29: 44]
 56 [ 8 117:122]
 51 [ 4 138:143]
116 [ 5 180:185]
103 [ 8 193:198]
108 [ 9 214:219]
122 [10 227:232]
 14 [ 6 300:305]
 -3 [ 6 348:348]

y[937] = 1.0
Vehicle: 306  Cost: 188.58
Route: 3 59 112 28 98 7 -3 
  3 [10  29: 44]
 59 [ 8  95:100]
112 [ 9 300:305]
 28 [ 5 420:425]
 98 [ 8 430:435]
  7 [ 4 440:445]
 -3 [ 4 532:532]

y[1534] = 1.0
Vehicle: 324  Cost: 134.75
Route: 3 18 44 42 41 101 -3 
  3 [10  29: 44]
 18 [ 8  83: 88]
 44 [ 6 300:305]
 42 [ 3 311:316]
 41 [ 0 342:347]
101 [ 3 347:352]
 -3 [ 3 395:395]

y[2859] = 1.0
Vehicle: 365  Cost: 163.59
Route: 3 5 36 63 32 97 -3 
  3 [10  29: 44]
  5 [ 9  88: 93]
 36 [ 6 300:305]
 63 [ 2 333:338]
 32 [ 0 420:425]
 97 [ 1 425:430]
 -3 [ 1 482:482]

y[4342] = 1.0
Vehicle: 303  Cost: 181.21
Route: 3 27 93 34 11 77 -3 
  3 [10  29:116]
 27 [ 6 180:185]
 93 [10 198:203]
 34 [ 7 300:305]
 11 [ 4 315:320]
 77 [ 6 355:360]
 -3 [ 6 417:417]

y[5596] = 1.0
Vehicle: 303  Cost: 167.53
Route: 3 48 67 120 78 31 96 106 124 -3 
  3 [10  29: 44]
 48 [ 7 108:113]
 67 [ 4 124:129]
120 [ 6 129:134]
 78 [ 7 300:305]
 31 [ 3 321:326]
 96 [ 6 326:331]
106 [ 9 358:363]
124 [10 390:395]
 -3 [10 409:409]

y[5628] = 1.0
Vehicle: 308  Cost: 69.01
Route: 3 40 49 109 50 35 -3 
  3 [10 122:137]
 40 [ 6 141:146]
 49 [ 3 167:172]
109 [ 5 182:187]
 50 [ 3 187:192]
 35 [ 2 300:305]
 -3 [ 2 328:328]

y[5888] = 1.0
Vehicle: 306  Cost: 219.31
Route: 3 74 102 61 119 66 91 114 53 79 24 -3 
  3 [ 9  29: 44]
 74 [ 5  92: 97]
102 [ 6 125:130]
 61 [ 5 145:150]
119 [ 8 158:163]
 66 [ 7 163:168]
 91 [ 8 183:188]
114 [ 9 196:201]
 53 [ 7 205:210]
 79 [10 229:234]
 24 [ 9 300:305]
 -3 [ 9 327:327]

y[7518] = 1.0
Vehicle: 303  Cost: 42.32
Route: 3 110 29 73 -3 
  3 [ 5 122:137]
110 [ 8 154:159]
 29 [ 5 300:305]
 73 [ 3 420:425]
 -3 [ 3 439:439]

y[8708] = 1.0
Vehicle: 306  Cost: 149.38
Route: 3 71 62 10 38 81 13 -3 
  3 [10  29:120]
 71 [ 9 180:185]
 62 [ 7 300:305]
 10 [ 5 310:315]
 38 [ 4 420:425]
 81 [ 8 460:465]
 13 [ 4 465:470]
 -3 [ 4 483:483]

y[9309] = 1.0
Vehicle: 308  Cost: 91.57
Route: 3 33 65 123 89 82 -3 
  3 [ 7  29: 44]
 33 [ 4  73: 78]
 65 [ 0  90: 95]
123 [ 2 110:115]
 89 [ 6 122:127]
 82 [ 9 146:151]
 -3 [ 9 161:161]

y[11199] = 1.0
Vehicle: 309  Cost: 210.86
Route: 3 105 72 80 25 57 113 111 -3 
  3 [ 8  29: 44]
105 [ 9  80: 85]
 72 [ 6 126:131]
 80 [ 7 137:142]
 25 [ 6 153:158]
 57 [ 2 177:182]
113 [ 6 182:187]
111 [10 221:226]
 -3 [10 290:290]

y[11265] = 1.0
Vehicle: 305  Cost: 70.58
Route: 3 15 23 85 17 -3 
  3 [ 9  29:149]
 15 [ 7 180:185]
 23 [ 4 193:198]
 85 [ 7 300:305]
 17 [ 3 305:310]
 -3 [ 3 337:337]

y[12627] = 1.0
Vehicle: 304  Cost: 121.47
Route: 3 39 118 68 46 75 58 100 -3 
  3 [10  29: 44]
 39 [ 6  69: 74]
118 [ 9  97:102]
 68 [ 8 112:117]
 46 [ 4 300:305]
 75 [ 7 326:331]
 58 [ 6 331:336]
100 [ 9 346:351]
 -3 [ 9 380:380]

y[14171] = 1.0
Vehicle: 358  Cost: 90.09
Route: 3 90 21 -3 
  3 [ 4  29: 44]
 90 [ 7  89: 94]
 21 [ 3  94: 99]
 -3 [ 3 144:144]

y[15246] = 1.0
Vehicle: 340  Cost: 183.98
Route: 3 64 117 4 30 95 69 121 115 -3 
  3 [ 9  29: 44]
 64 [ 5  91: 96]
117 [ 6  96:101]
  4 [ 3 127:132]
 30 [ 2 168:173]
 95 [ 5 173:178]
 69 [ 4 191:196]
121 [ 6 196:201]
115 [10 211:216]
 -3 [10 268:268]

y[16460] = 1.0
Vehicle: 302  Cost: 166.84
Route: 3 52 6 9 -3 
  3 [ 8  29:240]
 52 [ 7 300:305]
  6 [ 4 420:425]
  9 [ 0 449:454]
 -3 [ 0 509:509]

y[16857] = 1.0
Vehicle: 333  Cost: 194.24
Route: 3 55 37 107 47 45 92 94 -3 
  3 [10  29:151]
 55 [ 8 180:185]
 37 [ 6 235:240]
107 [ 9 300:305]
 47 [ 6 305:310]
 45 [ 3 324:329]
 92 [ 4 420:425]
 94 [ 5 455:460]
 -3 [ 5 507:507]

y[17583] = 1.0
Vehicle: 304  Cost: 131.04
Route: 3 20 16 83 43 104 84 76 -3 
  3 [ 9  29: 44]
 20 [ 5  82: 87]
 16 [ 2  99:104]
 83 [ 4 104:109]
 43 [ 2 132:137]
104 [ 6 137:142]
 84 [ 8 180:185]
 76 [10 300:305]
 -3 [10 328:328]

y[19240] = 1.0
Vehicle: 305  Cost: 68.43
Route: 3 60 54 70 87 88 22 -3 
  3 [10 138:153]
 60 [ 9 172:177]
 54 [ 6 185:190]
 70 [ 3 200:205]
 87 [ 6 300:305]
 88 [ 7 314:319]
 22 [ 4 333:338]
 -3 [ 4 339:339]

y[20394] = 1.0
Vehicle: 309  Cost: 165.47
Route: 3 12 8 26 19 86 99 -3 
  3 [10  29:243]
 12 [ 7 300:305]
  8 [ 4 312:317]
 26 [ 1 420:425]
 19 [ 0 437:442]
 86 [ 4 442:447]
 99 [ 7 452:457]
 -3 [ 7 517:517]

FE: 6
SE: 21
!MIP-----
3343.8401632314353,5403.368385076523,0.2759181886890504,6,21,45303,21021

