--Parameters Information--
speed=1
run=5
iteration= 100000
batch=100
restartPeriod=10000
largeRemovalOccurrence=500
initialLNS=250
lowerBoundSmallRemoval=4
smallRemoval=0.2
lowerBoundLargeRemoval=0.55
largeRemoval=0.8
initialWeight=1.0
decayRate=0.1
gamma1=9.0
gamma2=5.0
gamma3=2.0
gamma4=0.0
coolingRate=0.9995
temperatureControlParameter=0.05
initialAcceptanceProbability=0.5
perturbation=0.5
perturbationFactor=0.01
split=20000

Setup: Split
Data: A_100_10_D

Run: 1
Total Cost: 2182.73
Vehicle: 11  Cost: 54.92
Route: 1 2 -2 -1 
 1 [ 67   0:  0 [55, 16, 60, 63, 61, 20, 36, 42, 46, 11, 13, 71, 30, 7, 53, 25, 50, 57, 41, 14, 62, 40, 66, 34, 32, 52, 48, 38, 72, 47]]
 2 [  0  27: 27 []]
-2 [ 42  27:365 [96, 95, 97, 90, 80, 74, 122, 81, 92, 94, 105, 101, 114, 87]]
-1 [ 42 392:392 [96, 95, 97, 90, 80, 74, 122, 81, 92, 94, 105, 101, 114, 87]]

Vehicle: 14  Cost: 120.84
Route: 1 3 -3 -2 -1 
 1 [ 75   0:  0 [54, 8, 73, 22, 28, 64, 37, 17, 44, 45, 67, 43, 31, 4, 29, 23, 18, 39, 10, 15, 6, 70, 56, 27, 58, 21, 9, 24, 12, 68, 26, 33, 5, 59]]
 3 [  0  60: 60 []]
-3 [ 42  60:545 [86, 99, 76, 100, 116, 118, 110, 75, 108, 119, 124, 113, 117, 93, 89, 82, 98, 109, 84, 115]]
-2 [ 59 578:593 [86, 99, 76, 100, 116, 118, 110, 75, 108, 119, 124, 78, 113, 117, 93, 89, 82, 98, 107, 109, 120, 79, 88, 84, 91, 115, 123]]
-1 [ 59 621:621 [86, 99, 76, 100, 116, 118, 110, 75, 108, 119, 124, 78, 113, 117, 93, 89, 82, 98, 107, 109, 120, 79, 88, 84, 91, 115, 123]]

Vehicle: 15  Cost: 120.00
Route: 1 3 -3 -1 
 1 [ 20   0:  0 [51, 19, 49, 69, 35, 65]]
 3 [  0  60: 60 []]
-3 [ 25  60:360 [104, 85, 106, 112, 102, 83, 121, 103, 77, 111]]
-1 [ 25 420:420 [104, 85, 106, 112, 102, 83, 121, 103, 77, 111]]

Vehicle: 201  Cost: 52.72
Route: 2 13 74 42 95 -2 
  2 [ 5  27: 42]
 13 [ 3  67: 72]
 74 [ 7  77: 82]
 42 [ 4  87: 92]
 95 [ 7  92: 97]
 -2 [ 7 115:115]

Vehicle: 202  Cost: 140.40
Route: 2 32 46 50 88 120 -2 
  2 [10  27: 42]
 32 [ 7  96:101]
 46 [ 3 180:185]
 50 [ 0 420:425]
 88 [ 2 440:445]
120 [ 4 462:467]
 -2 [ 4 503:503]

Vehicle: 203  Cost: 94.48
Route: 2 47 92 114 16 30 90 -2 
  2 [ 6  27: 42]
 47 [ 5  63: 68]
 92 [ 9 180:185]
114 [10 204:209]
 16 [ 6 300:305]
 30 [ 5 318:323]
 90 [ 8 323:328]
 -2 [ 8 350:350]

Vehicle: 204  Cost: 78.63
Route: 2 36 34 7 122 97 40 -2 
  2 [ 8  27:168]
 36 [ 7 180:185]
 34 [ 6 187:192]
  7 [ 3 199:204]
122 [ 7 221:226]
 97 [ 9 230:235]
 40 [ 6 300:305]
 -2 [ 6 336:336]

Vehicle: 205  Cost: 90.50
Route: 2 62 96 52 14 81 48 101 -2 
  2 [10  27: 42]
 62 [ 7  70: 75]
 96 [10  81: 86]
 52 [ 6  96:101]
 14 [ 4 108:113]
 81 [ 8 113:118]
 48 [ 7 300:305]
101 [10 316:321]
 -2 [10 341:341]

Vehicle: 206  Cost: 79.16
Route: 2 80 53 105 38 63 -2 
  2 [ 6  27:152]
 80 [10 180:185]
 53 [ 9 197:202]
105 [10 202:207]
 38 [ 7 300:305]
 63 [ 5 309:314]
 -2 [ 5 338:338]

Vehicle: 207  Cost: 47.21
Route: 2 41 94 60 55 61 -2 
  2 [ 9  27:168]
 41 [ 8 180:185]
 94 [10 185:190]
 60 [ 7 300:305]
 55 [ 5 306:311]
 61 [ 2 326:331]
 -2 [ 2 347:347]

Vehicle: 208  Cost: 12.65
Route: 2 87 -2 
  2 [ 0   0: 15]
 87 [ 4  21: 26]
 -2 [ 4  33: 33]

Vehicle: 209  Cost: 40.98
Route: 2 25 78 11 -2 
  2 [ 3  27:400]
 25 [ 1 420:425]
 78 [ 4 433:438]
 11 [ 3 438:443]
 -2 [ 3 456:456]

Vehicle: 211  Cost: 126.79
Route: 2 66 71 57 20 91 107 79 72 123 -2 
  2 [10  27: 42]
 66 [ 6  69: 74]
 71 [ 5  90: 95]
 57 [ 3 300:305]
 20 [ 1 420:425]
 91 [ 4 445:450]
107 [ 8 458:463]
 79 [ 9 491:496]
 72 [ 8 502:507]
123 [10 507:512]
 -2 [10 520:520]

Vehicle: 301  Cost: 27.80
Route: 3 4 22 85 54 -3 
  3 [ 9  60: 75]
  4 [ 8  79: 84]
 22 [ 4  92: 97]
 85 [ 8  97:102]
 54 [ 4 300:305]
 -3 [ 4 310:310]

Vehicle: 302  Cost: 134.39
Route: 3 29 37 24 110 64 124 82 115 -3 
  3 [ 9  60: 75]
 29 [ 8 117:122]
 37 [ 4 300:305]
 24 [ 1 420:425]
110 [ 5 433:438]
 64 [ 4 438:443]
124 [ 6 453:458]
 82 [ 7 477:482]
115 [10 487:492]
 -3 [10 530:530]

Vehicle: 303  Cost: 104.95
Route: 3 77 8 102 31 106 112 67 -3 
  3 [ 7  60: 75]
 77 [ 9 113:118]
  8 [ 6 118:123]
102 [ 8 140:145]
 31 [ 5 153:158]
106 [ 7 167:172]
112 [10 300:305]
 67 [ 9 305:310]
 -3 [ 9 319:319]

Vehicle: 304  Cost: 178.94
Route: 3 69 119 21 109 58 12 117 27 56 -3 
  3 [ 9  60: 75]
 69 [ 6 111:116]
119 [ 8 116:121]
 21 [ 7 153:158]
109 [10 180:185]
 58 [ 8 300:305]
 12 [ 7 326:331]
117 [ 9 420:425]
 27 [ 8 439:444]
 56 [ 7 446:451]
 -3 [ 7 492:492]

Vehicle: 305  Cost: 85.90
Route: 3 33 113 26 10 44 99 75 -3 
  3 [10  60: 75]
 33 [ 9  93: 98]
113 [10 300:305]
 26 [ 6 307:312]
 10 [ 4 319:324]
 44 [ 1 420:425]
 99 [ 3 425:430]
 75 [ 7 434:439]
 -3 [ 7 476:476]

Vehicle: 306  Cost: 24.74
Route: 3 45 100 -3 
  3 [ 4  60:288]
 45 [ 0 300:305]
100 [ 1 305:310]
 -3 [ 1 322:322]

Vehicle: 308  Cost: 142.00
Route: 3 43 68 17 9 84 98 116 -3 
  3 [10  60: 75]
 43 [ 9 117:122]
 68 [ 7 134:139]
 17 [ 4 180:185]
  9 [ 0 300:305]
 84 [ 2 420:425]
 98 [ 4 451:456]
116 [ 8 467:472]
 -3 [ 8 489:489]

Vehicle: 309  Cost: 92.99
Route: 3 65 111 23 121 70 83 19 -3 
  3 [10  60: 75]
 65 [ 6  93: 98]
111 [ 7 107:112]
 23 [ 6 123:128]
121 [10 141:146]
 70 [ 8 146:151]
 83 [10 300:305]
 19 [ 7 305:310]
 -3 [ 7 345:345]

Vehicle: 310  Cost: 106.78
Route: 3 93 35 15 89 28 5 118 -3 
  3 [ 9  60:140]
 93 [10 180:185]
 35 [ 6 192:197]
 15 [ 5 300:305]
 89 [ 6 420:425]
 28 [ 4 425:430]
  5 [ 2 435:440]
118 [ 3 445:450]
 -3 [ 3 472:472]

Vehicle: 311  Cost: 119.37
Route: 3 51 104 49 103 73 -3 
  3 [10  60: 75]
 51 [ 6 129:134]
104 [ 9 134:139]
 49 [ 7 158:163]
103 [ 9 163:168]
 73 [ 5 300:305]
 -3 [ 5 341:341]

Vehicle: 312  Cost: 105.59
Route: 3 86 39 59 108 18 6 76 -3 
  3 [ 8  60: 75]
 86 [10  92: 97]
 39 [ 9 115:120]
 59 [ 7 300:305]
108 [ 9 305:310]
 18 [ 8 316:321]
  6 [ 4 335:340]
 76 [ 6 340:345]
 -3 [ 6 385:385]

Total Cost: 2182.73
 11:54.92, 67:75 [1, 2, -2, -1]
 14:120.84, 75:75 [1, 3, -3, -2, -1]
 15:120.00, 25:75 [1, 3, -3, -1]
201:52.72, 7:10 [2, 13, 74, 42, 95, -2]
202:140.40, 10:10 [2, 32, 46, 50, 88, 120, -2]
203:94.48, 10:10 [2, 47, 92, 114, 16, 30, 90, -2]
204:78.63, 9:10 [2, 36, 34, 7, 122, 97, 40, -2]
205:90.50, 10:10 [2, 62, 96, 52, 14, 81, 48, 101, -2]
206:79.16, 10:10 [2, 80, 53, 105, 38, 63, -2]
207:47.21, 10:10 [2, 41, 94, 60, 55, 61, -2]
208:12.65, 4:10 [2, 87, -2]
209:40.98, 4:10 [2, 25, 78, 11, -2]
211:126.79, 10:10 [2, 66, 71, 57, 20, 91, 107, 79, 72, 123, -2]
301:27.80, 9:10 [3, 4, 22, 85, 54, -3]
302:134.39, 10:10 [3, 29, 37, 24, 110, 64, 124, 82, 115, -3]
303:104.95, 10:10 [3, 77, 8, 102, 31, 106, 112, 67, -3]
304:178.94, 10:10 [3, 69, 119, 21, 109, 58, 12, 117, 27, 56, -3]
305:85.90, 10:10 [3, 33, 113, 26, 10, 44, 99, 75, -3]
306:24.74, 4:10 [3, 45, 100, -3]
308:142.00, 10:10 [3, 43, 68, 17, 9, 84, 98, 116, -3]
309:92.99, 10:10 [3, 65, 111, 23, 121, 70, 83, 19, -3]
310:106.78, 10:10 [3, 93, 35, 15, 89, 28, 5, 118, -3]
311:119.37, 10:10 [3, 51, 104, 49, 103, 73, -3]
312:105.59, 10:10 [3, 86, 39, 59, 108, 18, 6, 76, -3]
fe: 3, se: 21

!ALNS------------
100000,2182.7276953504647,456.859,281.105,3,21,0.7422222222222222,0.8904761904761904,40.333333333333336,5.761904761904762
17 19 14 13 0 0 11 1 
20.434685514757984 43.60858152297282 27.530269916996136 29.04856335299981 320.2432463159853 46.26595485466896 25.409048916511917 28.53368770237201 
11 12 10 12 4 6 15 5 
28.35019001997424 30.76005736759012 28.867232671873722 32.58938427492401 32.104039484167714 31.419785495714194 21.870278499938046 40.152697828035606 

x[8566] = 1.0
Vehicle: 11  Cost: 54.92
Route: 1 2 -2 -1 
 1 [ 71   0:  0 [25, 62, 36, 14, 24, 30, 63, 50, 60, 72, 32, 46, 71, 20, 52, 40, 48, 53, 13, 38, 47, 7, 61, 34, 11, 55, 41, 66, 57, 16, 42, 64]]
 2 [  0  27: 27 []]
-2 [ 31  27:567 [95, 88, 91, 124, 114, 120, 82, 115, 78, 123, 107, 110, 79]]
-1 [ 31 594:594 [95, 88, 91, 124, 114, 120, 82, 115, 78, 123, 107, 110, 79]]

x[11132] = 1.0
Vehicle: 15  Cost: 120.84
Route: 1 3 -3 -2 -1 
 1 [ 17   0:  0 [54, 35, 8, 31, 17]]
 3 [  0  60: 60 []]
-3 [ 34  60:570 [83, 116, 89, 108, 118, 99, 76, 112, 113, 75, 84, 117, 119, 82, 98, 104]]
-2 [ 55 603:618 [123, 83, 116, 110, 89, 108, 118, 120, 88, 99, 124, 76, 112, 113, 75, 84, 78, 117, 91, 119, 90, 82, 98, 104]]
-1 [ 55 646:646 [123, 83, 116, 110, 89, 108, 118, 120, 88, 99, 124, 76, 112, 113, 75, 84, 78, 117, 91, 119, 90, 82, 98, 104]]

x[32241] = 1.0
Vehicle: 12  Cost: 54.92
Route: 1 -2 -1 
 1 [  0   0:  0 []]
-2 [ 48  27:392 [80, 90, 122, 105, 97, 114, 87, 92, 78, 74, 81, 91, 101, 96, 95, 94]]
-1 [ 48 419:419 [80, 90, 122, 105, 97, 114, 87, 92, 78, 74, 81, 91, 101, 96, 95, 94]]

x[35056] = 1.0
Vehicle: 14  Cost: 120.00
Route: 1 3 -3 -1 
 1 [ 74   0:  0 [33, 56, 18, 69, 44, 51, 43, 39, 27, 19, 15, 29, 26, 5, 45, 12, 9, 37, 6, 28, 22, 73, 59, 21, 58, 10, 67, 4, 65, 49, 68, 23, 70]]
 3 [  0  60: 60 []]
-3 [ 29  60:351 [100, 111, 103, 86, 77, 121, 106, 79, 109, 92, 93, 85, 102]]
-1 [ 29 411:411 [100, 111, 103, 86, 77, 121, 106, 79, 109, 92, 93, 85, 102]]

y[391] = 1.0
Vehicle: 301  Cost: 109.59
Route: 3 43 9 19 83 5 -3 
  3 [10  76: 91]
 43 [ 9 133:138]
  9 [ 5 300:305]
 19 [ 2 318:323]
 83 [ 4 323:328]
  5 [ 2 420:425]
 -3 [ 2 451:451]

y[3126] = 1.0
Vehicle: 208  Cost: 97.94
Route: 2 7 66 71 122 97 63 -2 
  2 [10  27: 42]
  7 [ 7  62: 67]
 66 [ 3  77: 82]
 71 [ 2  98:103]
122 [ 6 116:121]
 97 [ 8 125:130]
 63 [ 6 300:305]
 -2 [ 6 329:329]

y[3402] = 1.0
Vehicle: 304  Cost: 29.53
Route: 3 100 45 54 -3 
  3 [ 8  60:288]
100 [ 9 300:305]
 45 [ 5 305:310]
 54 [ 1 322:327]
 -3 [ 1 332:332]

y[4439] = 1.0
Vehicle: 202  Cost: 97.89
Route: 2 47 114 16 30 90 61 79 72 123 -2 
  2 [10  27: 42]
 47 [ 9  63: 68]
114 [10 180:185]
 16 [ 6 300:305]
 30 [ 5 318:323]
 90 [ 8 323:328]
 61 [ 5 334:339]
 79 [ 6 359:364]
 72 [ 5 420:425]
123 [ 7 425:430]
 -2 [ 7 438:438]

y[6754] = 1.0
Vehicle: 213  Cost: 114.84
Route: 2 52 46 14 81 96 101 -2 
  2 [10  27: 42]
 52 [ 6  79: 84]
 46 [ 2 180:185]
 14 [ 0 207:212]
 81 [ 4 212:217]
 96 [ 7 228:233]
101 [10 300:305]
 -2 [10 325:325]

y[7164] = 1.0
Vehicle: 206  Cost: 108.01
Route: 2 38 40 57 20 91 107 -2 
  2 [10  27:278]
 38 [ 7 300:305]
 40 [ 4 315:320]
 57 [ 2 339:344]
 20 [ 0 420:425]
 91 [ 3 445:450]
107 [ 7 458:463]
 -2 [ 7 487:487]

y[7847] = 1.0
Vehicle: 305  Cost: 83.55
Route: 3 33 113 26 44 99 75 28 89 118 -3 
  3 [10  76: 91]
 33 [ 9 109:114]
113 [10 300:305]
 26 [ 6 307:312]
 44 [ 3 420:425]
 99 [ 5 425:430]
 75 [ 9 434:439]
 28 [ 7 447:452]
 89 [ 8 452:457]
118 [ 9 466:471]
 -3 [ 9 494:494]

y[7968] = 1.0
Vehicle: 202  Cost: 50.50
Route: 2 92 87 -2 
  2 [ 0   0:155]
 92 [ 4 180:185]
 87 [ 8 204:209]
 -2 [ 8 216:216]

y[8006] = 1.0
Vehicle: 205  Cost: 119.96
Route: 2 42 95 25 120 50 88 48 11 78 -2 
  2 [10  27: 42]
 42 [ 7  60: 65]
 95 [10  65: 70]
 25 [ 8 420:425]
120 [10 443:448]
 50 [ 7 470:475]
 88 [ 9 490:495]
 48 [ 8 503:508]
 11 [ 7 526:531]
 78 [10 531:536]
 -2 [10 549:549]

y[8066] = 1.0
Vehicle: 308  Cost: 134.11
Route: 3 49 103 68 17 93 121 70 23 111 86 -3 
  3 [10  81: 96]
 49 [ 8 140:145]
103 [10 145:150]
 68 [ 8 162:167]
 17 [ 5 180:185]
 93 [ 6 200:205]
121 [10 211:216]
 70 [ 8 216:221]
 23 [ 7 234:239]
111 [ 8 250:255]
 86 [10 267:272]
 -3 [10 289:289]

y[8067] = 1.0
Vehicle: 306  Cost: 37.40
Route: 3 4 22 85 65 -3 
  3 [ 9  81: 96]
  4 [ 8 100:105]
 22 [ 4 113:118]
 85 [ 8 118:123]
 65 [ 4 130:135]
 -3 [ 4 153:153]

y[10815] = 1.0
Vehicle: 207  Cost: 127.26
Route: 2 62 32 124 64 110 24 82 115 -2 
  2 [10  27: 42]
 62 [ 7  70: 75]
 32 [ 4 103:108]
124 [ 6 300:305]
 64 [ 5 315:320]
110 [ 9 320:325]
 24 [ 6 420:425]
 82 [ 7 439:444]
115 [10 449:454]
 -2 [10 487:487]

y[11442] = 1.0
Vehicle: 309  Cost: 111.09
Route: 3 106 31 102 109 8 77 -3 
  3 [ 6  76: 91]
106 [ 8 122:127]
 31 [ 5 136:141]
102 [ 7 148:153]
109 [10 180:185]
  8 [ 7 198:203]
 77 [ 9 203:208]
 -3 [ 9 246:246]

y[11633] = 1.0
Vehicle: 306  Cost: 124.36
Route: 3 29 37 84 73 98 116 -3 
  3 [ 9  76: 91]
 29 [ 8 133:138]
 37 [ 4 300:305]
 84 [ 6 420:425]
 73 [ 2 437:442]
 98 [ 4 469:474]
116 [ 8 485:490]
 -3 [ 8 506:506]

y[12316] = 1.0
Vehicle: 216  Cost: 73.45
Route: 2 13 74 80 53 105 -2 
  2 [ 3 108:123]
 13 [ 1 147:152]
 74 [ 5 157:162]
 80 [ 9 180:185]
 53 [ 8 197:202]
105 [ 9 202:207]
 -2 [ 9 233:233]

y[13771] = 1.0
Vehicle: 303  Cost: 135.24
Route: 3 6 76 56 27 58 12 117 67 112 -3 
  3 [10  81:261]
  6 [ 6 300:305]
 76 [ 8 305:310]
 56 [ 7 316:321]
 27 [ 6 324:329]
 58 [ 4 340:345]
 12 [ 3 366:371]
117 [ 5 420:425]
 67 [ 4 464:469]
112 [ 7 469:474]
 -3 [ 7 484:484]

y[14960] = 1.0
Vehicle: 203  Cost: 33.37
Route: 2 41 94 36 34 60 55 -2 
  2 [ 8  27:168]
 41 [ 7 180:185]
 94 [ 9 185:190]
 36 [ 8 194:199]
 34 [ 7 201:206]
 60 [ 4 300:305]
 55 [ 2 306:311]
 -2 [ 2 323:323]

y[17321] = 1.0
Vehicle: 310  Cost: 144.15
Route: 3 39 69 119 21 18 108 59 10 -3 
  3 [10  76: 91]
 39 [ 9 123:128]
 69 [ 6 135:140]
119 [ 8 140:145]
 21 [ 7 177:182]
 18 [ 6 300:305]
108 [ 8 311:316]
 59 [ 6 316:321]
 10 [ 4 339:344]
 -3 [ 4 378:378]

y[18895] = 1.0
Vehicle: 302  Cost: 114.26
Route: 3 51 104 35 15 -3 
  3 [ 9  76: 91]
 51 [ 5 145:150]
104 [ 8 150:155]
 35 [ 4 166:171]
 15 [ 3 300:305]
 -3 [ 3 350:350]

FE: 4
SE: 19
!MIP-----
2197.1903619488103,5401.784470081329,0.047728567003334964,4,19,38241,19405

Run: 2
Total Cost: 2189.16
Vehicle: 11  Cost: 54.92
Route: 1 2 -2 -1 
 1 [ 75   0:  0 [34, 71, 52, 48, 11, 46, 36, 50, 20, 40, 66, 25, 55, 60, 57, 7, 41, 42, 53, 14, 62, 13, 32, 63, 31, 22, 49, 70, 72, 47, 16, 17, 23]]
 2 [  0  27: 27 []]
-2 [ 30  27:548 [123, 90, 78, 80, 120, 124, 114, 107, 115, 91, 88, 82]]
-1 [ 30 575:575 [123, 90, 78, 80, 120, 124, 114, 107, 115, 91, 88, 82]]

Vehicle: 12  Cost: 54.92
Route: 1 2 -2 -1 
 1 [ 12   0:  0 [38, 8, 68, 61, 30]]
 2 [  0  27: 27 []]
-2 [ 50  27:356 [92, 122, 95, 74, 105, 77, 81, 97, 106, 85, 87, 103, 86, 101, 96, 94, 102, 79, 111]]
-1 [ 50 384:384 [92, 122, 95, 74, 105, 77, 81, 97, 106, 85, 87, 103, 86, 101, 96, 94, 102, 79, 111]]

Vehicle: 14  Cost: 120.00
Route: 1 3 -3 -1 
 1 [ 75   0:  0 [35, 43, 5, 44, 27, 4, 67, 59, 18, 39, 19, 10, 24, 21, 9, 37, 58, 64, 15, 12, 69, 73, 28, 45, 33, 65, 54, 6, 51, 29, 26, 56]]
 3 [  0  60: 60 []]
-3 [ 46  60:509 [118, 76, 109, 75, 113, 89, 110, 99, 117, 119, 121, 112, 84, 108, 104, 98, 116, 83, 100, 93]]
-1 [ 46 569:569 [118, 76, 109, 75, 113, 89, 110, 99, 117, 119, 121, 112, 84, 108, 104, 98, 116, 83, 100, 93]]

Vehicle: 201  Cost: 90.50
Route: 2 62 96 52 14 81 48 101 -2 
  2 [10  27: 42]
 62 [ 7  70: 75]
 96 [10  81: 86]
 52 [ 6  96:101]
 14 [ 4 108:113]
 81 [ 8 113:118]
 48 [ 7 300:305]
101 [10 316:321]
 -2 [10 341:341]

Vehicle: 202  Cost: 78.63
Route: 2 36 34 7 122 97 40 -2 
  2 [ 8  27:168]
 36 [ 7 180:185]
 34 [ 6 187:192]
  7 [ 3 199:204]
122 [ 7 221:226]
 97 [ 9 230:235]
 40 [ 6 300:305]
 -2 [ 6 336:336]

Vehicle: 203  Cost: 12.65
Route: 2 87 -2 
  2 [ 0   0: 15]
 87 [ 4  21: 26]
 -2 [ 4  33: 33]

Vehicle: 204  Cost: 50.71
Route: 2 38 63 60 55 -2 
  2 [10  27:278]
 38 [ 7 300:305]
 63 [ 5 309:314]
 60 [ 2 325:330]
 55 [ 0 331:336]
 -2 [ 0 348:348]

Vehicle: 205  Cost: 80.47
Route: 2 80 120 25 11 78 -2 
  2 [ 3  27:152]
 80 [ 7 180:185]
120 [ 9 420:425]
 25 [ 7 443:448]
 11 [ 6 456:461]
 78 [ 9 461:466]
 -2 [ 9 479:479]

Vehicle: 207  Cost: 160.27
Route: 2 32 46 50 124 88 82 115 -2 
  2 [10  27: 42]
 32 [ 7  96:101]
 46 [ 3 180:185]
 50 [ 0 420:425]
124 [ 2 442:447]
 88 [ 4 468:473]
 82 [ 5 485:490]
115 [ 8 495:500]
 -2 [ 8 533:533]

Vehicle: 208  Cost: 74.49
Route: 2 42 95 13 74 53 105 41 94 -2 
  2 [ 7  27: 42]
 42 [ 4  60: 65]
 95 [ 7  65: 70]
 13 [ 5  78: 83]
 74 [ 9  88: 93]
 53 [ 8 108:113]
105 [ 9 113:118]
 41 [ 8 180:185]
 94 [10 185:190]
 -2 [10 202:202]

Vehicle: 209  Cost: 165.47
Route: 2 22 106 8 77 102 31 92 -2 
  2 [10  27: 42]
 22 [ 6  87: 92]
106 [ 8 127:132]
  8 [ 5 143:148]
 77 [ 7 148:153]
102 [ 9 170:175]
 31 [ 6 183:188]
 92 [10 213:218]
 -2 [10 243:243]

Vehicle: 210  Cost: 108.52
Route: 2 66 71 57 20 91 107 -2 
  2 [ 9  27: 42]
 66 [ 5  69: 74]
 71 [ 4  90: 95]
 57 [ 2 300:305]
 20 [ 0 420:425]
 91 [ 3 445:450]
107 [ 7 458:463]
 -2 [ 7 487:487]

Vehicle: 212  Cost: 89.23
Route: 2 47 114 16 30 90 61 72 123 -2 
  2 [10  27: 42]
 47 [ 9  63: 68]
114 [10 180:185]
 16 [ 6 300:305]
 30 [ 5 318:323]
 90 [ 8 323:328]
 61 [ 5 334:339]
 72 [ 4 420:425]
123 [ 6 425:430]
 -2 [ 6 438:438]

Vehicle: 213  Cost: 193.51
Route: 2 49 103 68 17 70 23 111 86 85 79 -2 
  2 [10  27: 42]
 49 [ 8 109:114]
103 [10 114:119]
 68 [ 8 130:135]
 17 [ 5 180:185]
 70 [ 3 206:211]
 23 [ 2 224:229]
111 [ 3 240:245]
 86 [ 5 257:262]
 85 [ 9 272:277]
 79 [10 307:312]
 -2 [10 327:327]

Vehicle: 301  Cost: 118.00
Route: 3 43 9 73 84 -3 
  3 [ 9  60: 75]
 43 [ 8 117:122]
  9 [ 4 300:305]
 73 [ 0 322:327]
 84 [ 2 420:425]
 -3 [ 2 468:468]

Vehicle: 302  Cost: 181.01
Route: 3 39 69 119 21 109 58 27 12 117 67 112 -3 
  3 [10  60: 75]
 39 [ 9 107:112]
 69 [ 6 119:124]
119 [ 8 124:129]
 21 [ 7 161:166]
109 [10 188:193]
 58 [ 8 300:305]
 27 [ 7 317:322]
 12 [ 6 338:343]
117 [ 8 420:425]
 67 [ 7 464:469]
112 [10 469:474]
 -3 [10 484:484]

Vehicle: 303  Cost: 83.55
Route: 3 33 113 26 99 44 75 28 89 118 -3 
  3 [10  60: 75]
 33 [ 9  93: 98]
113 [10 300:305]
 26 [ 6 307:312]
 99 [ 8 420:425]
 44 [ 5 425:430]
 75 [ 9 434:439]
 28 [ 7 447:452]
 89 [ 8 452:457]
118 [ 9 466:471]
 -3 [ 9 494:494]

Vehicle: 304  Cost: 110.85
Route: 3 29 37 64 110 24 98 116 -3 
  3 [ 9  60: 75]
 29 [ 8 117:122]
 37 [ 4 300:305]
 64 [ 3 315:320]
110 [ 7 320:325]
 24 [ 4 420:425]
 98 [ 6 443:448]
116 [10 459:464]
 -3 [10 481:481]

Vehicle: 305  Cost: 29.53
Route: 3 54 100 45 -3 
  3 [ 8  60:295]
 54 [ 4 300:305]
100 [ 5 317:322]
 45 [ 1 322:327]
 -3 [ 1 340:340]

Vehicle: 306  Cost: 85.43
Route: 3 65 5 83 19 -3 
  3 [ 9  60: 75]
 65 [ 5  93: 98]
  5 [ 3 420:425]
 83 [ 5 449:454]
 19 [ 2 454:459]
 -3 [ 2 494:494]

Vehicle: 307  Cost: 119.93
Route: 3 56 6 76 18 108 59 10 -3 
  3 [10  60:258]
 56 [ 9 300:305]
  6 [ 5 311:316]
 76 [ 7 316:321]
 18 [ 6 335:340]
108 [ 8 347:352]
 59 [ 6 352:357]
 10 [ 4 375:380]
 -3 [ 4 413:413]

Vehicle: 308  Cost: 126.57
Route: 3 4 93 51 104 35 121 15 -3 
  3 [10  60: 75]
  4 [ 9  79: 84]
 93 [10 180:185]
 51 [ 6 200:205]
104 [ 9 205:210]
 35 [ 5 221:226]
121 [ 9 234:239]
 15 [ 8 300:305]
 -3 [ 8 350:350]

Total Cost: 2189.16
 11:54.92, 75:75 [1, 2, -2, -1]
 12:54.92, 50:75 [1, 2, -2, -1]
 14:120.00, 75:75 [1, 3, -3, -1]
201:90.50, 10:10 [2, 62, 96, 52, 14, 81, 48, 101, -2]
202:78.63, 9:10 [2, 36, 34, 7, 122, 97, 40, -2]
203:12.65, 4:10 [2, 87, -2]
204:50.71, 10:10 [2, 38, 63, 60, 55, -2]
205:80.47, 9:10 [2, 80, 120, 25, 11, 78, -2]
207:160.27, 10:10 [2, 32, 46, 50, 124, 88, 82, 115, -2]
208:74.49, 10:10 [2, 42, 95, 13, 74, 53, 105, 41, 94, -2]
209:165.47, 10:10 [2, 22, 106, 8, 77, 102, 31, 92, -2]
210:108.52, 9:10 [2, 66, 71, 57, 20, 91, 107, -2]
212:89.23, 10:10 [2, 47, 114, 16, 30, 90, 61, 72, 123, -2]
213:193.51, 10:10 [2, 49, 103, 68, 17, 70, 23, 111, 86, 85, 79, -2]
301:118.00, 9:10 [3, 43, 9, 73, 84, -3]
302:181.01, 10:10 [3, 39, 69, 119, 21, 109, 58, 27, 12, 117, 67, 112, -3]
303:83.55, 10:10 [3, 33, 113, 26, 99, 44, 75, 28, 89, 118, -3]
304:110.85, 10:10 [3, 29, 37, 64, 110, 24, 98, 116, -3]
305:29.53, 8:10 [3, 54, 100, 45, -3]
306:85.43, 9:10 [3, 65, 5, 83, 19, -3]
307:119.93, 10:10 [3, 56, 6, 76, 18, 108, 59, 10, -3]
308:126.57, 10:10 [3, 4, 93, 51, 104, 35, 121, 15, -3]
fe: 3, se: 19

!ALNS------------
100000,2189.157173860208,403.493,198.193,3,19,0.8888888888888888,0.9315789473684211,40.333333333333336,6.368421052631579
16 14 6 13 0 0 7 1 
16.648991395002493 46.390613288047234 23.706583474026264 31.099626923069064 NaN NaN 21.494143598822994 26.022972652606875 
5 7 6 4 5 8 18 4 
28.633724738998875 28.325209599601862 34.80973876428603 25.50475974166799 33.62313181706995 21.075742367807802 20.585997833394483 37.21088032702041 

x[13106] = 1.0
Vehicle: 11  Cost: 54.92
Route: 1 2 -2 -1 
 1 [ 74   0:  0 [17, 13, 29, 23, 14, 34, 66, 31, 62, 63, 46, 72, 48, 68, 25, 8, 41, 61, 60, 24, 30, 40, 20, 42, 49, 36, 11, 7, 55, 43, 32, 64, 50, 57, 71]]
 2 [  0  27: 27 []]
-2 [ 29  27:557 [124, 120, 90, 123, 91, 78, 110, 107, 88, 82, 115]]
-1 [ 29 585:585 [124, 120, 90, 123, 91, 78, 110, 107, 88, 82, 115]]

x[13607] = 1.0
Vehicle: 14  Cost: 120.00
Route: 1 3 -3 -1 
 1 [ 75   0:  0 [67, 37, 18, 35, 59, 19, 9, 69, 12, 27, 6, 44, 70, 28, 54, 51, 26, 56, 73, 45, 21, 58, 10, 4, 15, 39, 5, 33, 65, 22]]
 3 [  0  60: 60 []]
-3 [ 44  60:528 [112, 113, 108, 104, 121, 76, 84, 75, 119, 100, 116, 109, 117, 86, 83, 89, 99, 93, 98, 118]]
-1 [ 44 588:588 [112, 113, 108, 104, 121, 76, 84, 75, 119, 100, 116, 109, 117, 86, 83, 89, 99, 93, 98, 118]]

x[16922] = 1.0
Vehicle: 12  Cost: 54.92
Route: 1 2 -2 -1 
 1 [ 13   0:  0 [38, 53, 47, 16, 52]]
 2 [  0  27: 27 []]
-2 [ 54  27:373 [77, 105, 93, 103, 85, 80, 87, 111, 97, 74, 79, 106, 122, 94, 92, 114, 81, 102, 95, 96, 101]]
-1 [ 54 400:400 [77, 105, 93, 103, 85, 80, 87, 111, 97, 74, 79, 106, 122, 94, 92, 114, 81, 102, 95, 96, 101]]

y[4] = 1.0
Vehicle: 309  Cost: 118.54
Route: 3 19 83 9 15 5 -3 
  3 [10  60:265]
 19 [ 7 300:305]
 83 [ 9 305:310]
  9 [ 5 323:328]
 15 [ 4 345:350]
  5 [ 2 420:425]
 -3 [ 2 451:451]

y[187] = 1.0
Vehicle: 202  Cost: 29.00
Route: 2 41 94 36 55 60 -2 
  2 [ 7  27:168]
 41 [ 6 180:185]
 94 [ 8 185:190]
 36 [ 7 194:199]
 55 [ 5 300:305]
 60 [ 2 306:311]
 -2 [ 2 324:324]

y[221] = 1.0
Vehicle: 304  Cost: 29.53
Route: 3 54 100 45 -3 
  3 [ 8 403:418]
 54 [ 4 423:428]
100 [ 5 441:446]
 45 [ 1 446:451]
 -3 [ 1 463:463]

y[651] = 1.0
Vehicle: 209  Cost: 79.80
Route: 2 114 16 90 30 61 -2 
  2 [ 8  27:142]
114 [ 9 180:185]
 16 [ 5 300:305]
 90 [ 8 318:323]
 30 [ 7 323:328]
 61 [ 4 334:339]
 -2 [ 4 355:355]

y[715] = 1.0
Vehicle: 305  Cost: 182.07
Route: 3 39 69 119 21 109 58 12 117 27 56 -3 
  3 [10  60: 75]
 39 [ 9 107:112]
 69 [ 6 119:124]
119 [ 8 124:129]
 21 [ 7 161:166]
109 [10 188:193]
 58 [ 8 300:305]
 12 [ 7 326:331]
117 [ 9 420:425]
 27 [ 8 439:444]
 56 [ 7 446:451]
 -3 [ 7 492:492]

y[826] = 1.0
Vehicle: 201  Cost: 90.50
Route: 2 62 96 52 81 14 48 101 -2 
  2 [10 108:123]
 62 [ 7 151:156]
 96 [10 162:167]
 52 [ 6 177:182]
 81 [10 189:194]
 14 [ 8 194:199]
 48 [ 7 300:305]
101 [10 316:321]
 -2 [10 341:341]

y[1720] = 1.0
Vehicle: 301  Cost: 109.25
Route: 3 73 84 37 98 116 -3 
  3 [ 8  76:264]
 73 [ 4 300:305]
 84 [ 6 420:425]
 37 [ 2 436:441]
 98 [ 4 464:469]
116 [ 8 480:485]
 -3 [ 8 502:502]

y[2151] = 1.0
Vehicle: 304  Cost: 83.29
Route: 3 113 26 99 44 75 89 28 118 -3 
  3 [ 9  60:274]
113 [10 300:305]
 26 [ 6 307:312]
 99 [ 8 420:425]
 44 [ 5 425:430]
 75 [ 9 434:439]
 89 [10 447:452]
 28 [ 8 452:457]
118 [ 9 466:471]
 -3 [ 9 494:494]

y[2237] = 1.0
Vehicle: 212  Cost: 62.01
Route: 2 42 95 38 -2 
  2 [ 6  27: 42]
 42 [ 3  60: 65]
 95 [ 6  65: 70]
 38 [ 3 300:305]
 -2 [ 3 327:327]

y[2919] = 1.0
Vehicle: 303  Cost: 41.99
Route: 3 4 22 65 33 86 -3 
  3 [10  76: 91]
  4 [ 9  95:100]
 22 [ 5 108:113]
 65 [ 1 120:125]
 33 [ 0 127:132]
 86 [ 2 135:140]
 -3 [ 2 158:158]

y[4536] = 1.0
Vehicle: 212  Cost: 116.38
Route: 2 63 40 57 20 91 107 72 123 -2 
  2 [10 108:276]
 63 [ 8 300:305]
 40 [ 5 312:317]
 57 [ 3 336:341]
 20 [ 1 420:425]
 91 [ 4 445:450]
107 [ 8 458:463]
 72 [ 7 489:494]
123 [ 9 494:499]
 -2 [ 9 507:507]

y[5416] = 1.0
Vehicle: 307  Cost: 116.13
Route: 3 10 59 108 18 6 76 67 112 -3 
  3 [10  60:266]
 10 [ 8 300:305]
 59 [ 6 323:328]
108 [ 8 328:333]
 18 [ 7 339:344]
  6 [ 3 358:363]
 76 [ 5 363:368]
 67 [ 4 403:408]
112 [ 7 408:413]
 -3 [ 7 423:423]

y[9603] = 1.0
Vehicle: 201  Cost: 73.45
Route: 2 13 74 80 53 105 -2 
  2 [ 3  27: 42]
 13 [ 1  67: 72]
 74 [ 5  77: 82]
 80 [ 9 180:185]
 53 [ 8 197:202]
105 [ 9 202:207]
 -2 [ 9 233:233]

y[12226] = 1.0
Vehicle: 210  Cost: 125.48
Route: 2 32 124 64 110 24 82 115 -2 
  2 [ 7  27: 42]
 32 [ 4  96:101]
124 [ 6 300:305]
 64 [ 5 315:320]
110 [ 9 320:325]
 24 [ 6 420:425]
 82 [ 7 439:444]
115 [10 449:454]
 -2 [10 487:487]

y[12501] = 1.0
Vehicle: 308  Cost: 111.55
Route: 3 51 104 35 70 121 -3 
  3 [10  76: 91]
 51 [ 6 145:150]
104 [ 9 150:155]
 35 [ 5 166:171]
 70 [ 3 179:184]
121 [ 7 184:189]
 -3 [ 7 227:227]

y[14100] = 1.0
Vehicle: 202  Cost: 108.79
Route: 2 47 66 71 122 97 7 34 87 -2 
  2 [10  27: 42]
 47 [ 9  63: 68]
 66 [ 5  79: 84]
 71 [ 4 100:105]
122 [ 8 118:123]
 97 [10 128:133]
  7 [ 7 148:153]
 34 [ 6 180:185]
 87 [10 201:206]
 -2 [10 212:212]

y[14545] = 1.0
Vehicle: 205  Cost: 126.32
Route: 2 46 50 88 120 25 78 11 -2 
  2 [10 162:177]
 46 [ 6 230:235]
 50 [ 3 420:425]
 88 [ 5 440:445]
120 [ 7 462:467]
 25 [ 5 485:490]
 78 [ 8 498:503]
 11 [ 7 503:508]
 -2 [ 7 521:521]

y[14987] = 1.0
Vehicle: 213  Cost: 201.00
Route: 2 29 49 103 68 17 43 93 23 111 85 79 -2 
  2 [10  27: 42]
 29 [ 9  90: 95]
 49 [ 7 124:129]
103 [ 9 129:134]
 68 [ 7 146:151]
 17 [ 4 180:185]
 43 [ 3 193:198]
 93 [ 4 209:214]
 23 [ 3 233:238]
111 [ 4 248:253]
 85 [ 8 269:274]
 79 [ 9 305:310]
 -2 [ 9 324:324]

y[15434] = 1.0
Vehicle: 209  Cost: 133.50
Route: 2 106 8 77 102 31 92 -2 
  2 [ 6 108:123]
106 [ 8 171:176]
  8 [ 5 187:192]
 77 [ 7 192:197]
102 [ 9 214:219]
 31 [ 6 227:232]
 92 [10 257:262]
 -2 [10 287:287]

FE: 3
SE: 19
!MIP-----
2168.416284892582,5401.668487071991,0.03349361738733439,3,19,37963,16007

Run: 3
Total Cost: 2189.37
Vehicle: 11  Cost: 54.92
Route: 1 2 -2 -1 
 1 [ 64   0:  0 [25, 38, 57, 34, 72, 63, 7, 48, 42, 20, 50, 53, 13, 47, 46, 40, 66, 55, 14, 36, 30, 52, 41, 60, 62, 71, 16, 61, 11]]
 2 [  0  27: 27 []]
-2 [ 49  27:365 [101, 87, 94, 90, 96, 92, 91, 80, 74, 107, 81, 95, 105, 122, 97, 114]]
-1 [ 49 392:392 [101, 87, 94, 90, 96, 92, 91, 80, 74, 107, 81, 95, 105, 122, 97, 114]]

Vehicle: 14  Cost: 120.00
Route: 1 3 -3 -1 
 1 [ 75   0:  0 [56, 59, 31, 32, 18, 39, 8, 65, 24, 33, 45, 4, 51, 37, 44, 10, 28, 26, 27, 69, 9, 19, 17, 68, 35, 64, 15, 6, 58, 29]]
 3 [  0  60: 60 []]
-3 [ 23  60:356 [103, 85, 113, 121, 102, 93, 100, 111, 77, 86, 106, 118]]
-1 [ 23 416:416 [103, 85, 113, 121, 102, 93, 100, 111, 77, 86, 106, 118]]

Vehicle: 15  Cost: 120.84
Route: 1 3 -3 -2 -1 
 1 [ 23   0:  0 [22, 73, 5, 12, 49, 70, 23, 43, 67, 54, 21]]
 3 [  0  60: 60 []]
-3 [ 44  60:517 [119, 110, 109, 115, 112, 89, 76, 124, 99, 116, 83, 98, 108, 75, 104, 84, 117, 82]]
-2 [ 54 550:567 [119, 123, 110, 78, 109, 115, 112, 120, 89, 76, 124, 99, 116, 88, 83, 98, 108, 79, 75, 104, 84, 117, 82]]
-1 [ 54 594:594 [119, 123, 110, 78, 109, 115, 112, 120, 89, 76, 124, 99, 116, 88, 83, 98, 108, 79, 75, 104, 84, 117, 82]]

Vehicle: 201  Cost: 102.71
Route: 2 71 20 57 40 63 -2 
  2 [10  27: 42]
 71 [ 9  85: 90]
 20 [ 7 420:425]
 57 [ 5 429:434]
 40 [ 2 454:459]
 63 [ 0 466:471]
 -2 [ 0 494:494]

Vehicle: 202  Cost: 82.35
Route: 2 105 53 80 13 74 11 -2 
  2 [ 4  27: 42]
105 [ 5  68: 73]
 53 [ 4  73: 78]
 80 [ 8 180:185]
 13 [ 6 196:201]
 74 [10 206:211]
 11 [ 9 300:305]
 -2 [ 9 317:317]

Vehicle: 203  Cost: 51.47
Route: 2 42 95 41 94 60 55 -2 
  2 [ 9  27: 42]
 42 [ 6  60: 65]
 95 [ 9  65: 70]
 41 [ 8 180:185]
 94 [10 185:190]
 60 [ 7 300:305]
 55 [ 5 306:311]
 -2 [ 5 323:323]

Vehicle: 204  Cost: 90.50
Route: 2 62 96 52 81 14 48 101 -2 
  2 [10  27: 42]
 62 [ 7  70: 75]
 96 [10  81: 86]
 52 [ 6  96:101]
 81 [10 108:113]
 14 [ 8 113:118]
 48 [ 7 300:305]
101 [10 316:321]
 -2 [10 341:341]

Vehicle: 205  Cost: 72.30
Route: 2 47 66 91 107 61 -2 
  2 [ 8  27: 42]
 47 [ 7  63: 68]
 66 [ 3  79: 84]
 91 [ 6 300:305]
107 [10 313:318]
 61 [ 7 327:332]
 -2 [ 7 348:348]

Vehicle: 206  Cost: 12.65
Route: 2 87 -2 
  2 [ 0   0: 15]
 87 [ 4  21: 26]
 -2 [ 4  33: 33]

Vehicle: 207  Cost: 79.19
Route: 2 36 34 7 122 97 38 -2 
  2 [ 8  27:168]
 36 [ 7 180:185]
 34 [ 6 187:192]
  7 [ 3 199:204]
122 [ 7 221:226]
 97 [ 9 230:235]
 38 [ 6 300:305]
 -2 [ 6 327:327]

Vehicle: 209  Cost: 85.69
Route: 2 92 114 16 30 90 -2 
  2 [ 5  27:155]
 92 [ 9 180:185]
114 [10 204:209]
 16 [ 6 300:305]
 30 [ 5 318:323]
 90 [ 8 323:328]
 -2 [ 8 350:350]

Vehicle: 210  Cost: 147.51
Route: 2 46 50 88 120 25 78 79 72 123 -2 
  2 [10  27:127]
 46 [ 6 180:185]
 50 [ 3 420:425]
 88 [ 5 440:445]
120 [ 7 462:467]
 25 [ 5 485:490]
 78 [ 8 498:503]
 79 [ 9 522:527]
 72 [ 8 533:538]
123 [10 538:543]
 -2 [10 552:552]

Vehicle: 301  Cost: 131.90
Route: 3 49 103 68 17 93 70 121 23 111 118 -3 
  3 [10  60: 75]
 49 [ 8 119:124]
103 [10 124:129]
 68 [ 8 141:146]
 17 [ 5 180:185]
 93 [ 6 200:205]
 70 [ 4 211:216]
121 [ 8 216:221]
 23 [ 7 234:239]
111 [ 8 250:255]
118 [ 9 300:305]
 -3 [ 9 327:327]

Vehicle: 302  Cost: 93.92
Route: 3 43 9 83 19 -3 
  3 [ 8  60: 75]
 43 [ 7 117:122]
  9 [ 3 300:305]
 83 [ 5 318:323]
 19 [ 2 323:328]
 -3 [ 2 363:363]

Vehicle: 303  Cost: 29.53
Route: 3 54 100 45 -3 
  3 [ 8  60:295]
 54 [ 4 300:305]
100 [ 5 317:322]
 45 [ 1 322:327]
 -3 [ 1 340:340]

Vehicle: 304  Cost: 170.28
Route: 3 69 119 21 109 58 12 117 67 112 -3 
  3 [ 8  60: 75]
 69 [ 5 111:116]
119 [ 7 116:121]
 21 [ 6 153:158]
109 [ 9 180:185]
 58 [ 7 300:305]
 12 [ 6 326:331]
117 [ 8 420:425]
 67 [ 7 464:469]
112 [10 469:474]
 -3 [10 484:484]

Vehicle: 305  Cost: 117.69
Route: 3 65 86 77 8 102 31 106 -3 
  3 [10  60: 75]
 65 [ 6  93: 98]
 86 [ 8 103:108]
 77 [10 138:143]
  8 [ 7 143:148]
102 [ 9 165:170]
 31 [ 6 177:182]
106 [ 8 192:197]
 -3 [ 8 228:228]

Vehicle: 306  Cost: 114.26
Route: 3 51 104 35 15 -3 
  3 [ 9  60: 75]
 51 [ 5 129:134]
104 [ 8 134:139]
 35 [ 4 150:155]
 15 [ 3 300:305]
 -3 [ 3 350:350]

Vehicle: 307  Cost: 141.22
Route: 3 29 32 124 64 110 24 82 115 -3 
  3 [ 8  60: 75]
 29 [ 7 117:122]
 32 [ 4 144:149]
124 [ 6 300:305]
 64 [ 5 315:320]
110 [ 9 320:325]
 24 [ 6 420:425]
 82 [ 7 439:444]
115 [10 449:454]
 -3 [10 492:492]

Vehicle: 308  Cost: 59.58
Route: 3 4 22 85 33 113 26 -3 
  3 [10  60: 75]
  4 [ 9  79: 84]
 22 [ 5  92: 97]
 85 [ 9  97:102]
 33 [ 8 110:115]
113 [ 9 300:305]
 26 [ 5 307:312]
 -3 [ 5 341:341]

Vehicle: 310  Cost: 109.25
Route: 3 73 84 37 98 116 -3 
  3 [ 8  60:264]
 73 [ 4 300:305]
 84 [ 6 420:425]
 37 [ 2 436:441]
 98 [ 4 464:469]
116 [ 8 480:485]
 -3 [ 8 502:502]

Vehicle: 311  Cost: 115.01
Route: 3 39 59 108 18 6 76 56 27 -3 
  3 [10  60: 75]
 39 [ 9 107:112]
 59 [ 7 300:305]
108 [ 9 305:310]
 18 [ 8 316:321]
  6 [ 4 335:340]
 76 [ 6 340:345]
 56 [ 5 352:357]
 27 [ 4 359:364]
 -3 [ 4 407:407]

Vehicle: 312  Cost: 86.59
Route: 3 10 44 99 75 28 89 5 -3 
  3 [ 9  60:266]
 10 [ 7 300:305]
 44 [ 4 420:425]
 99 [ 6 425:430]
 75 [10 434:439]
 28 [ 8 447:452]
 89 [ 9 452:457]
  5 [ 7 463:468]
 -3 [ 7 494:494]

Total Cost: 2189.37
 11:54.92, 64:75 [1, 2, -2, -1]
 14:120.00, 75:75 [1, 3, -3, -1]
 15:120.84, 54:75 [1, 3, -3, -2, -1]
201:102.71, 10:10 [2, 71, 20, 57, 40, 63, -2]
202:82.35, 10:10 [2, 105, 53, 80, 13, 74, 11, -2]
203:51.47, 10:10 [2, 42, 95, 41, 94, 60, 55, -2]
204:90.50, 10:10 [2, 62, 96, 52, 81, 14, 48, 101, -2]
205:72.30, 10:10 [2, 47, 66, 91, 107, 61, -2]
206:12.65, 4:10 [2, 87, -2]
207:79.19, 9:10 [2, 36, 34, 7, 122, 97, 38, -2]
209:85.69, 10:10 [2, 92, 114, 16, 30, 90, -2]
210:147.51, 10:10 [2, 46, 50, 88, 120, 25, 78, 79, 72, 123, -2]
301:131.90, 10:10 [3, 49, 103, 68, 17, 93, 70, 121, 23, 111, 118, -3]
302:93.92, 8:10 [3, 43, 9, 83, 19, -3]
303:29.53, 8:10 [3, 54, 100, 45, -3]
304:170.28, 10:10 [3, 69, 119, 21, 109, 58, 12, 117, 67, 112, -3]
305:117.69, 10:10 [3, 65, 86, 77, 8, 102, 31, 106, -3]
306:114.26, 9:10 [3, 51, 104, 35, 15, -3]
307:141.22, 10:10 [3, 29, 32, 124, 64, 110, 24, 82, 115, -3]
308:59.58, 10:10 [3, 4, 22, 85, 33, 113, 26, -3]
310:109.25, 8:10 [3, 73, 84, 37, 98, 116, -3]
311:115.01, 10:10 [3, 39, 59, 108, 18, 6, 76, 56, 27, -3]
312:86.59, 10:10 [3, 10, 44, 99, 75, 28, 89, 5, -3]
fe: 3, se: 20

!ALNS------------
100000,2189.3688489157657,418.268,350.362,3,20,0.8577777777777778,0.93,40.333333333333336,6.05
12 20 8 6 0 0 6 1 
16.28687055087108 31.71135067342435 18.19427500302716 16.8162271900543 NaN 41.595625362121325 17.01865920304607 24.76896759354127 
6 10 7 1 4 8 15 2 
20.0738098320996 18.79773930881547 23.405217487330876 20.915126336796135 20.43520543805027 23.801432884933295 20.81627503141518 23.696063310756205 

x[5283] = 1.0
Vehicle: 15  Cost: 120.84
Route: 1 3 -3 -2 -1 
 1 [ 23   0:  0 [6, 32, 24, 64, 19, 45, 26, 15]]
 3 [  0  60: 60 []]
-3 [ 47  60:537 [112, 100, 116, 113, 119, 109, 124, 104, 110, 98, 115, 83, 118, 99, 108, 89, 84, 82, 75, 76, 117]]
-2 [ 64 570:585 [112, 100, 79, 116, 113, 119, 109, 88, 91, 124, 120, 107, 78, 104, 110, 98, 115, 83, 118, 99, 108, 89, 84, 82, 75, 123, 76, 117]]
-1 [ 64 613:613 [112, 100, 79, 116, 113, 119, 109, 88, 91, 124, 120, 107, 78, 104, 110, 98, 115, 83, 118, 99, 108, 89, 84, 82, 75, 123, 76, 117]]

x[29919] = 1.0
Vehicle: 11  Cost: 54.92
Route: 1 2 -2 -1 
 1 [ 64   0:  0 [34, 30, 25, 40, 50, 7, 16, 63, 36, 61, 55, 57, 38, 71, 72, 14, 13, 66, 46, 62, 60, 20, 11, 41, 47, 53, 48, 52, 42]]
 2 [  0  27: 27 []]
-2 [ 54  27:383 [101, 122, 107, 92, 80, 74, 87, 91, 115, 96, 95, 90, 94, 97, 114, 105, 81, 102]]
-1 [ 54 410:410 [101, 122, 107, 92, 80, 74, 87, 91, 115, 96, 95, 90, 94, 97, 114, 105, 81, 102]]

x[34397] = 1.0
Vehicle: 14  Cost: 120.00
Route: 1 3 -3 -1 
 1 [ 75   0:  0 [51, 22, 17, 65, 49, 54, 70, 9, 58, 8, 59, 5, 10, 4, 73, 28, 29, 68, 56, 31, 27, 67, 37, 12, 33, 69, 43, 18, 23, 35, 39, 21, 44]]
 3 [  0  60: 60 []]
-3 [ 20  60:325 [103, 121, 85, 111, 106, 86, 77, 102, 93]]
-1 [ 20 385:385 [103, 121, 85, 111, 106, 86, 77, 102, 93]]

y[247] = 1.0
Vehicle: 308  Cost: 109.25
Route: 3 73 84 37 98 116 -3 
  3 [ 8  60:264]
 73 [ 4 300:305]
 84 [ 6 420:425]
 37 [ 2 436:441]
 98 [ 4 464:469]
116 [ 8 480:485]
 -3 [ 8 502:502]

y[865] = 1.0
Vehicle: 204  Cost: 90.50
Route: 2 62 96 52 81 14 48 101 -2 
  2 [10 108:123]
 62 [ 7 151:156]
 96 [10 162:167]
 52 [ 6 177:182]
 81 [10 189:194]
 14 [ 8 194:199]
 48 [ 7 300:305]
101 [10 316:321]
 -2 [10 341:341]

y[1625] = 1.0
Vehicle: 305  Cost: 145.64
Route: 3 77 8 21 109 102 31 106 -3 
  3 [ 7  76: 91]
 77 [ 9 129:134]
  8 [ 6 134:139]
 21 [ 5 165:170]
109 [ 8 192:197]
102 [10 209:214]
 31 [ 7 221:226]
106 [ 9 236:241]
 -3 [ 9 271:271]

y[1830] = 1.0
Vehicle: 311  Cost: 110.83
Route: 3 69 119 18 59 108 26 113 -3 
  3 [10  60: 75]
 69 [ 7 111:116]
119 [ 9 116:121]
 18 [ 8 300:305]
 59 [ 6 311:316]
108 [ 8 316:321]
 26 [ 4 345:350]
113 [ 5 352:357]
 -3 [ 5 383:383]

y[2781] = 1.0
Vehicle: 302  Cost: 29.53
Route: 3 100 45 54 -3 
  3 [ 8  60:288]
100 [ 9 300:305]
 45 [ 5 305:310]
 54 [ 1 322:327]
 -3 [ 1 332:332]

y[2835] = 1.0
Vehicle: 308  Cost: 39.40
Route: 3 4 22 85 65 33 -3 
  3 [10  76: 91]
  4 [ 9  95:100]
 22 [ 5 108:113]
 85 [ 9 113:118]
 65 [ 5 125:130]
 33 [ 4 132:137]
 -3 [ 4 155:155]

y[3323] = 1.0
Vehicle: 208  Cost: 55.32
Route: 2 95 42 74 13 11 78 -2 
  2 [ 6 108:123]
 95 [ 9 141:146]
 42 [ 6 146:151]
 74 [10 157:162]
 13 [ 8 167:172]
 11 [ 7 300:305]
 78 [10 305:310]
 -2 [10 322:322]

y[4975] = 1.0
Vehicle: 210  Cost: 147.25
Route: 2 46 50 88 120 25 79 72 123 -2 
  2 [10 108:127]
 46 [ 6 180:185]
 50 [ 3 420:425]
 88 [ 5 440:445]
120 [ 7 462:467]
 25 [ 5 485:490]
 79 [ 6 517:522]
 72 [ 5 528:533]
123 [ 7 533:538]
 -2 [ 7 546:546]

y[6339] = 1.0
Vehicle: 304  Cost: 96.39
Route: 3 39 10 44 99 75 28 89 5 118 -3 
  3 [10  76: 91]
 39 [ 9 123:128]
 10 [ 7 300:305]
 44 [ 4 420:425]
 99 [ 6 425:430]
 75 [10 434:439]
 28 [ 8 447:452]
 89 [ 9 452:457]
  5 [ 7 463:468]
118 [ 8 472:477]
 -3 [ 8 499:499]

y[6612] = 1.0
Vehicle: 209  Cost: 85.69
Route: 2 92 114 16 90 30 -2 
  2 [ 5 108:155]
 92 [ 9 180:185]
114 [10 204:209]
 16 [ 6 300:305]
 90 [ 9 318:323]
 30 [ 8 323:328]
 -2 [ 8 350:350]

y[8235] = 1.0
Vehicle: 302  Cost: 93.92
Route: 3 43 9 19 83 -3 
  3 [ 8  76: 91]
 43 [ 7 133:138]
  9 [ 3 300:305]
 19 [ 0 318:323]
 83 [ 2 323:328]
 -3 [ 2 363:363]

y[8794] = 1.0
Vehicle: 203  Cost: 29.00
Route: 2 41 94 36 55 60 -2 
  2 [ 7 108:168]
 41 [ 6 180:185]
 94 [ 8 185:190]
 36 [ 7 194:199]
 55 [ 5 300:305]
 60 [ 2 306:311]
 -2 [ 2 324:324]

y[9197] = 1.0
Vehicle: 301  Cost: 134.11
Route: 3 49 103 68 17 93 70 121 23 111 86 -3 
  3 [10  76: 91]
 49 [ 8 135:140]
103 [10 140:145]
 68 [ 8 157:162]
 17 [ 5 180:185]
 93 [ 6 200:205]
 70 [ 4 211:216]
121 [ 8 216:221]
 23 [ 7 234:239]
111 [ 8 250:255]
 86 [10 267:272]
 -3 [10 289:289]

y[11175] = 1.0
Vehicle: 308  Cost: 135.24
Route: 3 6 76 56 27 58 12 117 67 112 -3 
  3 [10  76:261]
  6 [ 6 300:305]
 76 [ 8 305:310]
 56 [ 7 316:321]
 27 [ 6 324:329]
 58 [ 4 340:345]
 12 [ 3 366:371]
117 [ 5 420:425]
 67 [ 4 464:469]
112 [ 7 469:474]
 -3 [ 7 484:484]

y[11959] = 1.0
Vehicle: 216  Cost: 107.11
Route: 2 40 57 20 91 107 61 -2 
  2 [10  27:269]
 40 [ 7 300:305]
 57 [ 5 324:329]
 20 [ 3 420:425]
 91 [ 6 445:450]
107 [10 458:463]
 61 [ 7 472:477]
 -2 [ 7 493:493]

y[12237] = 1.0
Vehicle: 209  Cost: 79.16
Route: 2 80 53 105 38 63 -2 
  2 [ 6  27:152]
 80 [10 180:185]
 53 [ 9 197:202]
105 [10 202:207]
 38 [ 7 300:305]
 63 [ 5 309:314]
 -2 [ 5 338:338]

y[13939] = 1.0
Vehicle: 307  Cost: 141.22
Route: 3 29 32 124 64 110 24 82 115 -3 
  3 [ 8  76: 91]
 29 [ 7 133:138]
 32 [ 4 160:165]
124 [ 6 300:305]
 64 [ 5 315:320]
110 [ 9 320:325]
 24 [ 6 420:425]
 82 [ 7 439:444]
115 [10 449:454]
 -3 [10 492:492]

y[14085] = 1.0
Vehicle: 205  Cost: 108.79
Route: 2 47 66 71 122 97 7 34 87 -2 
  2 [10  27: 42]
 47 [ 9  63: 68]
 66 [ 5  79: 84]
 71 [ 4 100:105]
122 [ 8 118:123]
 97 [10 128:133]
  7 [ 7 148:153]
 34 [ 6 180:185]
 87 [10 201:206]
 -2 [10 212:212]

y[15533] = 1.0
Vehicle: 306  Cost: 114.26
Route: 3 51 104 35 15 -3 
  3 [ 9  76: 91]
 51 [ 5 145:150]
104 [ 8 150:155]
 35 [ 4 166:171]
 15 [ 3 300:305]
 -3 [ 3 350:350]

FE: 3
SE: 19
!MIP-----
2148.367580381345,5410.160176992416,0.01788837380602667,3,19,40760,15954

Run: 4
Total Cost: 2167.27
Vehicle: 11  Cost: 54.92
Route: 1 2 -2 -1 
 1 [ 73   0:  0 [38, 8, 50, 66, 31, 16, 41, 46, 48, 40, 25, 7, 13, 63, 14, 36, 72, 20, 61, 55, 30, 34, 32, 42, 11, 47, 71, 53, 57, 60, 52, 62]]
 2 [  0  27: 27 []]
-2 [ 50  27:384 [106, 105, 122, 97, 114, 124, 92, 81, 77, 94, 90, 101, 80, 74, 95, 96, 87, 102]]
-1 [ 50 412:412 [106, 105, 122, 97, 114, 124, 92, 81, 77, 94, 90, 101, 80, 74, 95, 96, 87, 102]]

Vehicle: 13  Cost: 120.84
Route: 1 3 -3 -2 -1 
 1 [ 75   0:  0 [51, 4, 49, 73, 15, 70, 37, 64, 6, 67, 29, 23, 24, 26, 35, 17, 45, 33, 22, 65, 18, 54, 9, 43, 5, 21, 27, 69, 56, 39, 58, 12]]
 3 [  0  60: 60 []]
-3 [ 45  60:513 [83, 98, 108, 119, 76, 115, 99, 82, 118, 100, 110, 75, 89, 112, 109, 84, 113, 117, 104, 116]]
-2 [ 62 546:561 [83, 98, 108, 119, 76, 123, 107, 115, 99, 82, 118, 100, 110, 75, 89, 112, 78, 109, 91, 84, 113, 117, 104, 116, 88, 79, 120]]
-1 [ 62 589:589 [83, 98, 108, 119, 76, 123, 107, 115, 99, 82, 118, 100, 110, 75, 89, 112, 78, 109, 91, 84, 113, 117, 104, 116, 88, 79, 120]]

Vehicle: 14  Cost: 120.00
Route: 1 3 -3 -1 
 1 [ 14   0:  0 [10, 59, 44, 28, 68, 19]]
 3 [  0  60: 60 []]
-3 [ 14  60:304 [111, 103, 93, 85, 86, 121]]
-1 [ 14 364:364 [111, 103, 93, 85, 86, 121]]

Vehicle: 201  Cost: 114.73
Route: 2 52 14 81 32 124 48 101 -2 
  2 [10  27: 42]
 52 [ 6  79: 84]
 14 [ 4  90: 95]
 81 [ 8  95:100]
 32 [ 5 116:121]
124 [ 7 300:305]
 48 [ 6 328:333]
101 [ 9 344:349]
 -2 [ 9 369:369]

Vehicle: 202  Cost: 126.32
Route: 2 46 50 88 120 25 11 78 -2 
  2 [10  27:127]
 46 [ 6 180:185]
 50 [ 3 420:425]
 88 [ 5 440:445]
120 [ 7 462:467]
 25 [ 5 485:490]
 11 [ 4 498:503]
 78 [ 7 503:508]
 -2 [ 7 521:521]

Vehicle: 203  Cost: 29.00
Route: 2 94 41 36 55 60 -2 
  2 [ 7  27:168]
 94 [ 9 180:185]
 41 [ 8 185:190]
 36 [ 7 194:199]
 55 [ 5 300:305]
 60 [ 2 306:311]
 -2 [ 2 324:324]

Vehicle: 204  Cost: 79.16
Route: 2 80 53 105 38 63 -2 
  2 [ 6  27:152]
 80 [10 180:185]
 53 [ 9 197:202]
105 [10 202:207]
 38 [ 7 300:305]
 63 [ 5 309:314]
 -2 [ 5 338:338]

Vehicle: 205  Cost: 80.65
Route: 2 62 96 13 74 42 95 -2 
  2 [ 8  27: 42]
 62 [ 5  70: 75]
 96 [ 8  81: 86]
 13 [ 6 104:109]
 74 [10 114:119]
 42 [ 7 125:130]
 95 [10 130:135]
 -2 [10 153:153]

Vehicle: 206  Cost: 77.39
Route: 2 34 7 122 97 40 -2 
  2 [ 7  27:167]
 34 [ 6 180:185]
  7 [ 3 191:196]
122 [ 7 213:218]
 97 [ 9 222:227]
 40 [ 6 300:305]
 -2 [ 6 336:336]

Vehicle: 207  Cost: 80.02
Route: 2 47 114 16 30 90 61 -2 
  2 [ 9  27: 42]
 47 [ 8  63: 68]
114 [ 9 180:185]
 16 [ 5 300:305]
 30 [ 4 318:323]
 90 [ 7 323:328]
 61 [ 4 334:339]
 -2 [ 4 355:355]

Vehicle: 208  Cost: 12.65
Route: 2 87 -2 
  2 [ 0   0: 15]
 87 [ 4  21: 26]
 -2 [ 4  33: 33]

Vehicle: 209  Cost: 126.79
Route: 2 66 71 57 20 91 107 79 72 123 -2 
  2 [10  27: 42]
 66 [ 6  69: 74]
 71 [ 5  90: 95]
 57 [ 3 300:305]
 20 [ 1 420:425]
 91 [ 4 445:450]
107 [ 8 458:463]
 79 [ 9 491:496]
 72 [ 8 502:507]
123 [10 507:512]
 -2 [10 520:520]

Vehicle: 214  Cost: 133.50
Route: 2 106 77 8 102 31 92 -2 
  2 [ 6  27: 42]
106 [ 8  90: 95]
 77 [10 106:111]
  8 [ 7 111:116]
102 [ 9 133:138]
 31 [ 6 146:151]
 92 [10 180:185]
 -2 [10 210:210]

Vehicle: 301  Cost: 116.13
Route: 3 10 59 108 18 6 76 112 67 -3 
  3 [10  60:266]
 10 [ 8 300:305]
 59 [ 6 323:328]
108 [ 8 328:333]
 18 [ 7 339:344]
  6 [ 3 358:363]
 76 [ 5 363:368]
112 [ 8 403:408]
 67 [ 7 408:413]
 -3 [ 7 423:423]

Vehicle: 302  Cost: 101.16
Route: 3 73 84 116 45 100 -3 
  3 [ 8  60:264]
 73 [ 4 300:305]
 84 [ 6 420:425]
116 [10 458:463]
 45 [ 6 471:476]
100 [ 7 476:481]
 -3 [ 7 494:494]

Vehicle: 303  Cost: 10.00
Route: 3 54 -3 
  3 [ 4  60:295]
 54 [ 0 300:305]
 -3 [ 0 310:310]

Vehicle: 304  Cost: 182.07
Route: 3 39 69 119 21 109 58 12 117 27 56 -3 
  3 [10  60: 75]
 39 [ 9 107:112]
 69 [ 6 119:124]
119 [ 8 124:129]
 21 [ 7 161:166]
109 [10 188:193]
 58 [ 8 300:305]
 12 [ 7 326:331]
117 [ 9 420:425]
 27 [ 8 439:444]
 56 [ 7 446:451]
 -3 [ 7 492:492]

Vehicle: 307  Cost: 109.59
Route: 3 43 9 19 83 5 -3 
  3 [10  60: 75]
 43 [ 9 117:122]
  9 [ 5 300:305]
 19 [ 2 318:323]
 83 [ 4 323:328]
  5 [ 2 420:425]
 -3 [ 2 451:451]

Vehicle: 308  Cost: 134.11
Route: 3 49 103 68 17 93 121 70 23 111 86 -3 
  3 [10  60: 75]
 49 [ 8 119:124]
103 [10 124:129]
 68 [ 8 141:146]
 17 [ 5 180:185]
 93 [ 6 200:205]
121 [10 211:216]
 70 [ 8 216:221]
 23 [ 7 234:239]
111 [ 8 250:255]
 86 [10 267:272]
 -3 [10 289:289]

Vehicle: 309  Cost: 114.26
Route: 3 51 104 35 15 -3 
  3 [ 9  60: 75]
 51 [ 5 129:134]
104 [ 8 134:139]
 35 [ 4 150:155]
 15 [ 3 300:305]
 -3 [ 3 350:350]

Vehicle: 310  Cost: 83.55
Route: 3 33 113 26 44 99 75 28 89 118 -3 
  3 [10  60: 75]
 33 [ 9  93: 98]
113 [10 300:305]
 26 [ 6 307:312]
 44 [ 3 420:425]
 99 [ 5 425:430]
 75 [ 9 434:439]
 28 [ 7 447:452]
 89 [ 8 452:457]
118 [ 9 466:471]
 -3 [ 9 494:494]

Vehicle: 311  Cost: 123.04
Route: 3 29 37 110 64 24 82 115 98 -3 
  3 [ 9  60: 75]
 29 [ 8 117:122]
 37 [ 4 300:305]
110 [ 8 315:320]
 64 [ 7 320:325]
 24 [ 4 420:425]
 82 [ 5 439:444]
115 [ 8 449:454]
 98 [10 466:471]
 -3 [10 498:498]

Vehicle: 312  Cost: 37.40
Route: 3 65 22 85 4 -3 
  3 [ 9  60: 75]
 65 [ 5  93: 98]
 22 [ 1 106:111]
 85 [ 5 111:116]
  4 [ 4 123:128]
 -3 [ 4 132:132]

Total Cost: 2167.27
 11:54.92, 73:75 [1, 2, -2, -1]
 13:120.84, 75:75 [1, 3, -3, -2, -1]
 14:120.00, 14:75 [1, 3, -3, -1]
201:114.73, 10:10 [2, 52, 14, 81, 32, 124, 48, 101, -2]
202:126.32, 10:10 [2, 46, 50, 88, 120, 25, 11, 78, -2]
203:29.00, 9:10 [2, 94, 41, 36, 55, 60, -2]
204:79.16, 10:10 [2, 80, 53, 105, 38, 63, -2]
205:80.65, 10:10 [2, 62, 96, 13, 74, 42, 95, -2]
206:77.39, 9:10 [2, 34, 7, 122, 97, 40, -2]
207:80.02, 9:10 [2, 47, 114, 16, 30, 90, 61, -2]
208:12.65, 4:10 [2, 87, -2]
209:126.79, 10:10 [2, 66, 71, 57, 20, 91, 107, 79, 72, 123, -2]
214:133.50, 10:10 [2, 106, 77, 8, 102, 31, 92, -2]
301:116.13, 10:10 [3, 10, 59, 108, 18, 6, 76, 112, 67, -3]
302:101.16, 10:10 [3, 73, 84, 116, 45, 100, -3]
303:10.00, 4:10 [3, 54, -3]
304:182.07, 10:10 [3, 39, 69, 119, 21, 109, 58, 12, 117, 27, 56, -3]
307:109.59, 10:10 [3, 43, 9, 19, 83, 5, -3]
308:134.11, 10:10 [3, 49, 103, 68, 17, 93, 121, 70, 23, 111, 86, -3]
309:114.26, 9:10 [3, 51, 104, 35, 15, -3]
310:83.55, 10:10 [3, 33, 113, 26, 44, 99, 75, 28, 89, 118, -3]
311:123.04, 10:10 [3, 29, 37, 110, 64, 24, 82, 115, 98, -3]
312:37.40, 9:10 [3, 65, 22, 85, 4, -3]
fe: 3, se: 20

!ALNS------------
100000,2167.268823474885,431.497,396.524,3,20,0.72,0.915,40.333333333333336,6.05
29 20 20 16 0 0 12 7 
19.10830080797582 42.198382481226524 22.87705438182986 26.992088119845533 33.90449085188311 318.3138382971165 25.224685789037835 30.312234300677307 
15 8 10 14 10 14 25 8 
32.412697316563545 23.889292480350697 36.42491327143919 25.47167446429573 29.688398792937814 28.01964863290257 21.943405912052278 33.73600001536142 

x[4565] = 1.0
Vehicle: 14  Cost: 120.84
Route: 1 3 -3 -2 -1 
 1 [ 74   0:  0 [65, 5, 73, 18, 35, 19, 39, 58, 8, 56, 45, 23, 54, 67, 68, 44, 28, 33, 51, 49, 21, 12, 43, 15, 70, 17, 9, 69, 10, 26, 59, 4]]
 3 [  0  60: 60 []]
-3 [ 33  60:555 [100, 84, 76, 118, 75, 119, 89, 93, 117, 104, 112, 98, 99, 113, 116, 108]]
-2 [ 62 589:604 [78, 100, 84, 76, 120, 124, 118, 123, 75, 119, 89, 82, 93, 115, 110, 117, 104, 112, 98, 107, 99, 113, 116, 101, 91, 108, 88]]
-1 [ 62 631:631 [78, 100, 84, 76, 120, 124, 118, 123, 75, 119, 89, 82, 93, 115, 110, 117, 104, 112, 98, 107, 99, 113, 116, 101, 91, 108, 88]]

x[14270] = 1.0
Vehicle: 15  Cost: 120.84
Route: 1 2 3 -3 -1 
 1 [ 13   0:  0 [27, 31, 64, 6, 22]]
 2 [ 12  27: 42 [27, 31, 6, 22]]
 3 [  0  76: 76 []]
-3 [ 24  76:360 [85, 83, 86, 106, 102, 121, 109, 103, 77, 111]]
-1 [ 24 420:420 [85, 83, 86, 106, 102, 121, 109, 103, 77, 111]]

x[24457] = 1.0
Vehicle: 11  Cost: 54.92
Route: 1 2 -2 -1 
 1 [ 75   0:  0 [13, 29, 62, 11, 55, 30, 60, 63, 42, 66, 41, 53, 36, 24, 48, 37, 57, 71, 46, 16, 52, 32, 38, 20, 40, 25, 7, 61, 34, 72, 50, 14, 47]]
 2 [  0  27: 27 []]
-2 [ 50  27:392 [122, 101, 116, 74, 105, 94, 96, 97, 80, 90, 87, 81, 114, 92, 79, 115, 95]]
-1 [ 50 420:420 [122, 101, 116, 74, 105, 94, 96, 97, 80, 90, 87, 81, 114, 92, 79, 115, 95]]

y[227] = 1.0
Vehicle: 208  Cost: 29.00
Route: 2 41 94 36 55 60 -2 
  2 [ 7  27:168]
 41 [ 6 180:185]
 94 [ 8 185:190]
 36 [ 7 194:199]
 55 [ 5 300:305]
 60 [ 2 306:311]
 -2 [ 2 324:324]

y[1791] = 1.0
Vehicle: 310  Cost: 145.64
Route: 3 8 77 21 109 102 31 106 -3 
  3 [ 7  76: 91]
  8 [ 4 129:134]
 77 [ 6 134:139]
 21 [ 5 165:170]
109 [ 8 192:197]
102 [10 209:214]
 31 [ 7 221:226]
106 [ 9 236:241]
 -3 [ 9 271:271]

y[2491] = 1.0
Vehicle: 205  Cost: 128.42
Route: 2 29 37 110 64 24 82 115 72 123 -2 
  2 [10  27: 42]
 29 [ 9  90: 95]
 37 [ 5 300:305]
110 [ 9 315:320]
 64 [ 8 320:325]
 24 [ 5 420:425]
 82 [ 6 439:444]
115 [ 9 449:454]
 72 [ 8 484:489]
123 [10 489:494]
 -2 [10 503:503]

y[2940] = 1.0
Vehicle: 302  Cost: 114.26
Route: 3 51 104 35 15 -3 
  3 [ 9  60: 75]
 51 [ 5 129:134]
104 [ 8 134:139]
 35 [ 4 150:155]
 15 [ 3 300:305]
 -3 [ 3 350:350]

y[2989] = 1.0
Vehicle: 306  Cost: 29.53
Route: 3 100 45 54 -3 
  3 [ 8  60:288]
100 [ 9 300:305]
 45 [ 5 305:310]
 54 [ 1 322:327]
 -3 [ 1 332:332]

y[3062] = 1.0
Vehicle: 306  Cost: 39.40
Route: 3 4 22 85 65 33 -3 
  3 [10  76: 91]
  4 [ 9  95:100]
 22 [ 5 108:113]
 85 [ 9 113:118]
 65 [ 5 125:130]
 33 [ 4 132:137]
 -3 [ 4 155:155]

y[7090] = 1.0
Vehicle: 304  Cost: 96.39
Route: 3 39 10 44 99 75 28 89 5 118 -3 
  3 [10  76: 91]
 39 [ 9 123:128]
 10 [ 7 300:305]
 44 [ 4 420:425]
 99 [ 6 425:430]
 75 [10 434:439]
 28 [ 8 447:452]
 89 [ 9 452:457]
  5 [ 7 463:468]
118 [ 8 472:477]
 -3 [ 8 499:499]

y[7796] = 1.0
Vehicle: 306  Cost: 110.83
Route: 3 69 119 18 59 108 26 113 -3 
  3 [10  81: 96]
 69 [ 7 132:137]
119 [ 9 137:142]
 18 [ 8 300:305]
 59 [ 6 311:316]
108 [ 8 316:321]
 26 [ 4 345:350]
113 [ 5 352:357]
 -3 [ 5 383:383]

y[9738] = 1.0
Vehicle: 204  Cost: 86.42
Route: 2 7 66 122 97 40 -2 
  2 [10  27: 42]
  7 [ 7  62: 67]
 66 [ 3  77: 82]
122 [ 7  98:103]
 97 [ 9 107:112]
 40 [ 6 300:305]
 -2 [ 6 336:336]

y[10158] = 1.0
Vehicle: 218  Cost: 126.32
Route: 2 46 50 88 120 25 78 11 -2 
  2 [10 231:246]
 46 [ 6 298:303]
 50 [ 3 420:425]
 88 [ 5 440:445]
120 [ 7 462:467]
 25 [ 5 485:490]
 78 [ 8 498:503]
 11 [ 7 503:508]
 -2 [ 7 521:521]

y[12476] = 1.0
Vehicle: 327  Cost: 135.24
Route: 3 6 76 56 27 58 12 117 67 112 -3 
  3 [10  76:261]
  6 [ 6 300:305]
 76 [ 8 305:310]
 56 [ 7 316:321]
 27 [ 6 324:329]
 58 [ 4 340:345]
 12 [ 3 366:371]
117 [ 5 420:425]
 67 [ 4 464:469]
112 [ 7 469:474]
 -3 [ 7 484:484]

y[12822] = 1.0
Vehicle: 203  Cost: 109.26
Route: 2 34 71 57 20 91 107 61 -2 
  2 [ 9  27:167]
 34 [ 8 180:185]
 71 [ 7 215:220]
 57 [ 5 300:305]
 20 [ 3 420:425]
 91 [ 6 445:450]
107 [10 458:463]
 61 [ 7 472:477]
 -2 [ 7 493:493]

y[13592] = 1.0
Vehicle: 305  Cost: 134.11
Route: 3 49 103 68 17 93 70 121 23 111 86 -3 
  3 [10  60: 75]
 49 [ 8 119:124]
103 [10 124:129]
 68 [ 8 141:146]
 17 [ 5 180:185]
 93 [ 6 200:205]
 70 [ 4 211:216]
121 [ 8 216:221]
 23 [ 7 234:239]
111 [ 8 250:255]
 86 [10 267:272]
 -3 [10 289:289]

y[13606] = 1.0
Vehicle: 208  Cost: 79.16
Route: 2 80 53 105 38 63 -2 
  2 [ 6  27:152]
 80 [10 180:185]
 53 [ 9 197:202]
105 [10 202:207]
 38 [ 7 300:305]
 63 [ 5 309:314]
 -2 [ 5 338:338]

y[13890] = 1.0
Vehicle: 306  Cost: 128.43
Route: 3 43 9 73 84 98 116 -3 
  3 [ 9  60: 75]
 43 [ 8 117:122]
  9 [ 4 300:305]
 73 [ 0 322:327]
 84 [ 2 420:425]
 98 [ 4 451:456]
116 [ 8 467:472]
 -3 [ 8 489:489]

y[14152] = 1.0
Vehicle: 204  Cost: 114.73
Route: 2 52 14 81 32 124 48 101 -2 
  2 [10  27: 42]
 52 [ 6  79: 84]
 14 [ 4  90: 95]
 81 [ 8  95:100]
 32 [ 5 116:121]
124 [ 7 300:305]
 48 [ 6 328:333]
101 [ 9 344:349]
 -2 [ 9 369:369]

y[14460] = 1.0
Vehicle: 307  Cost: 69.66
Route: 3 19 83 -3 
  3 [ 3  60:265]
 19 [ 0 300:305]
 83 [ 2 305:310]
 -3 [ 2 345:345]

y[15017] = 1.0
Vehicle: 206  Cost: 80.65
Route: 2 62 96 13 74 42 95 -2 
  2 [ 8  27: 42]
 62 [ 5  70: 75]
 96 [ 8  81: 86]
 13 [ 6 104:109]
 74 [10 114:119]
 42 [ 7 125:130]
 95 [10 130:135]
 -2 [10 153:153]

y[15760] = 1.0
Vehicle: 210  Cost: 109.79
Route: 2 47 92 114 16 30 90 79 -2 
  2 [ 6  27: 42]
 47 [ 5  63: 68]
 92 [ 9 180:185]
114 [10 204:209]
 16 [ 6 300:305]
 30 [ 5 318:323]
 90 [ 8 323:328]
 79 [ 9 351:356]
 -2 [ 9 370:370]

y[17174] = 1.0
Vehicle: 202  Cost: 12.65
Route: 2 87 -2 
  2 [ 0   0: 15]
 87 [ 4  21: 26]
 -2 [ 4  33: 33]

FE: 3
SE: 20
!MIP-----
2176.4833741436487,5403.871807098389,0.036580135333804185,3,20,36272,17752

Run: 5
Total Cost: 2165.67
Vehicle: 11  Cost: 54.92
Route: 1 2 -2 -1 
 1 [ 64   0:  0 [53, 60, 38, 57, 30, 72, 66, 25, 41, 71, 42, 55, 63, 16, 61, 7, 50, 46, 20, 40, 48, 34, 36, 47, 11, 62, 52, 13, 14]]
 2 [  0  27: 27 []]
-2 [ 38  27:370 [105, 95, 94, 74, 122, 81, 97, 90, 96, 101, 80, 114, 87]]
-1 [ 38 398:398 [105, 95, 94, 74, 122, 81, 97, 90, 96, 101, 80, 114, 87]]

Vehicle: 12  Cost: 120.00
Route: 1 3 -3 -1 
 1 [ 75   0:  0 [24, 65, 9, 23, 43, 31, 19, 10, 5, 51, 29, 67, 44, 49, 45, 58, 33, 70, 68, 37, 22, 27, 69, 8, 6, 56, 59, 15, 35, 12, 21, 39]]
 3 [  0  60: 60 []]
-3 [ 31  60:360 [85, 121, 103, 106, 93, 83, 104, 100, 113, 111, 86, 77, 92, 102]]
-1 [ 31 420:420 [85, 121, 103, 106, 93, 83, 104, 100, 113, 111, 86, 77, 92, 102]]

Vehicle: 13  Cost: 120.84
Route: 1 3 -3 -2 -1 
 1 [ 23   0:  0 [4, 73, 17, 26, 32, 64, 28, 18, 54]]
 3 [  0  60: 60 []]
-3 [ 40  60:517 [112, 116, 124, 118, 117, 82, 75, 115, 98, 99, 84, 110, 109, 89, 119, 76, 108]]
-2 [ 57 550:565 [112, 116, 124, 118, 123, 117, 82, 75, 115, 107, 98, 79, 99, 84, 110, 91, 78, 88, 109, 89, 119, 76, 108, 120]]
-1 [ 57 593:593 [112, 116, 124, 118, 123, 117, 82, 75, 115, 107, 98, 79, 99, 84, 110, 91, 78, 88, 109, 89, 119, 76, 108, 120]]

Vehicle: 201  Cost: 126.79
Route: 2 66 71 57 20 91 107 79 72 123 -2 
  2 [10  27: 42]
 66 [ 6  69: 74]
 71 [ 5  90: 95]
 57 [ 3 300:305]
 20 [ 1 420:425]
 91 [ 4 445:450]
107 [ 8 458:463]
 79 [ 9 491:496]
 72 [ 8 502:507]
123 [10 507:512]
 -2 [10 520:520]

Vehicle: 202  Cost: 52.72
Route: 2 42 95 74 13 -2 
  2 [ 5  27: 42]
 42 [ 2  60: 65]
 95 [ 5  65: 70]
 74 [ 9  76: 81]
 13 [ 7  86: 91]
 -2 [ 7 115:115]

Vehicle: 203  Cost: 12.65
Route: 2 87 -2 
  2 [ 0   0: 15]
 87 [ 4  21: 26]
 -2 [ 4  33: 33]

Vehicle: 204  Cost: 79.16
Route: 2 80 53 105 38 63 -2 
  2 [ 6  27:152]
 80 [10 180:185]
 53 [ 9 197:202]
105 [10 202:207]
 38 [ 7 300:305]
 63 [ 5 309:314]
 -2 [ 5 338:338]

Vehicle: 205  Cost: 29.00
Route: 2 41 94 36 55 60 -2 
  2 [ 7  27:168]
 41 [ 6 180:185]
 94 [ 8 185:190]
 36 [ 7 194:199]
 55 [ 5 300:305]
 60 [ 2 306:311]
 -2 [ 2 324:324]

Vehicle: 206  Cost: 126.32
Route: 2 46 50 88 120 25 11 78 -2 
  2 [10  27:127]
 46 [ 6 180:185]
 50 [ 3 420:425]
 88 [ 5 440:445]
120 [ 7 462:467]
 25 [ 5 485:490]
 11 [ 4 498:503]
 78 [ 7 503:508]
 -2 [ 7 521:521]

Vehicle: 207  Cost: 77.39
Route: 2 34 7 122 97 40 -2 
  2 [ 7  27:167]
 34 [ 6 180:185]
  7 [ 3 191:196]
122 [ 7 213:218]
 97 [ 9 222:227]
 40 [ 6 300:305]
 -2 [ 6 336:336]

Vehicle: 208  Cost: 80.02
Route: 2 47 114 16 90 30 61 -2 
  2 [ 9  27: 42]
 47 [ 8  63: 68]
114 [ 9 180:185]
 16 [ 5 300:305]
 90 [ 8 318:323]
 30 [ 7 323:328]
 61 [ 4 334:339]
 -2 [ 4 355:355]

Vehicle: 209  Cost: 90.50
Route: 2 62 96 52 14 81 48 101 -2 
  2 [10  27: 42]
 62 [ 7  70: 75]
 96 [10  81: 86]
 52 [ 6  96:101]
 14 [ 4 108:113]
 81 [ 8 113:118]
 48 [ 7 300:305]
101 [10 316:321]
 -2 [10 341:341]

Vehicle: 301  Cost: 61.34
Route: 3 4 22 85 86 26 113 -3 
  3 [ 9  60: 75]
  4 [ 8  79: 84]
 22 [ 4  92: 97]
 85 [ 8  97:102]
 86 [10 112:117]
 26 [ 6 300:305]
113 [ 7 307:312]
 -3 [ 7 339:339]

Vehicle: 302  Cost: 141.22
Route: 3 29 32 124 64 110 24 82 115 -3 
  3 [ 8  60: 75]
 29 [ 7 117:122]
 32 [ 4 144:149]
124 [ 6 300:305]
 64 [ 5 315:320]
110 [ 9 320:325]
 24 [ 6 420:425]
 82 [ 7 439:444]
115 [10 449:454]
 -3 [10 492:492]

Vehicle: 303  Cost: 125.71
Route: 3 68 17 9 15 -3 
  3 [10  60: 75]
 68 [ 8 129:134]
 17 [ 5 180:185]
  9 [ 1 300:305]
 15 [ 0 322:327]
 -3 [ 0 372:372]

Vehicle: 304  Cost: 88.04
Route: 3 33 10 44 99 75 28 89 5 118 -3 
  3 [10  60: 75]
 33 [ 9  93: 98]
 10 [ 7 300:305]
 44 [ 4 420:425]
 99 [ 6 425:430]
 75 [10 434:439]
 28 [ 8 447:452]
 89 [ 9 452:457]
  5 [ 7 463:468]
118 [ 8 472:477]
 -3 [ 8 499:499]

Vehicle: 305  Cost: 121.28
Route: 3 49 103 51 104 35 93 -3 
  3 [10  60: 75]
 49 [ 8 119:124]
103 [10 124:129]
 51 [ 6 148:153]
104 [ 9 153:158]
 35 [ 5 169:174]
 93 [ 6 182:187]
 -3 [ 6 226:226]

Vehicle: 306  Cost: 92.99
Route: 3 65 111 23 70 121 19 83 -3 
  3 [10  60: 75]
 65 [ 6  93: 98]
111 [ 7 107:112]
 23 [ 6 123:128]
 70 [ 4 141:146]
121 [ 8 146:151]
 19 [ 5 300:305]
 83 [ 7 305:310]
 -3 [ 7 345:345]

Vehicle: 307  Cost: 170.28
Route: 3 119 69 21 109 58 12 117 67 112 -3 
  3 [ 8  60: 75]
119 [10 111:116]
 69 [ 7 116:121]
 21 [ 6 153:158]
109 [ 9 180:185]
 58 [ 7 300:305]
 12 [ 6 326:331]
117 [ 8 420:425]
 67 [ 7 464:469]
112 [10 469:474]
 -3 [10 484:484]

Vehicle: 309  Cost: 129.57
Route: 3 43 73 84 37 98 116 -3 
  3 [ 9  60: 75]
 43 [ 8 117:122]
 73 [ 4 300:305]
 84 [ 6 420:425]
 37 [ 2 436:441]
 98 [ 4 464:469]
116 [ 8 480:485]
 -3 [ 8 502:502]

Vehicle: 310  Cost: 115.01
Route: 3 39 59 108 18 76 6 56 27 -3 
  3 [10  60: 75]
 39 [ 9 107:112]
 59 [ 7 300:305]
108 [ 9 305:310]
 18 [ 8 316:321]
 76 [10 335:340]
  6 [ 6 340:345]
 56 [ 5 352:357]
 27 [ 4 359:364]
 -3 [ 4 407:407]

Vehicle: 311  Cost: 120.39
Route: 3 92 31 102 8 77 106 -3 
  3 [ 6  60:152]
 92 [10 180:185]
 31 [ 7 211:216]
102 [ 9 223:228]
  8 [ 6 245:250]
 77 [ 8 250:255]
106 [10 267:272]
 -3 [10 302:302]

Vehicle: 312  Cost: 29.53
Route: 3 54 45 100 -3 
  3 [ 8  60:295]
 54 [ 4 300:305]
 45 [ 0 317:322]
100 [ 1 322:327]
 -3 [ 1 340:340]

Total Cost: 2165.67
 11:54.92, 64:75 [1, 2, -2, -1]
 12:120.00, 75:75 [1, 3, -3, -1]
 13:120.84, 57:75 [1, 3, -3, -2, -1]
201:126.79, 10:10 [2, 66, 71, 57, 20, 91, 107, 79, 72, 123, -2]
202:52.72, 9:10 [2, 42, 95, 74, 13, -2]
203:12.65, 4:10 [2, 87, -2]
204:79.16, 10:10 [2, 80, 53, 105, 38, 63, -2]
205:29.00, 8:10 [2, 41, 94, 36, 55, 60, -2]
206:126.32, 10:10 [2, 46, 50, 88, 120, 25, 11, 78, -2]
207:77.39, 9:10 [2, 34, 7, 122, 97, 40, -2]
208:80.02, 9:10 [2, 47, 114, 16, 90, 30, 61, -2]
209:90.50, 10:10 [2, 62, 96, 52, 14, 81, 48, 101, -2]
301:61.34, 10:10 [3, 4, 22, 85, 86, 26, 113, -3]
302:141.22, 10:10 [3, 29, 32, 124, 64, 110, 24, 82, 115, -3]
303:125.71, 10:10 [3, 68, 17, 9, 15, -3]
304:88.04, 10:10 [3, 33, 10, 44, 99, 75, 28, 89, 5, 118, -3]
305:121.28, 10:10 [3, 49, 103, 51, 104, 35, 93, -3]
306:92.99, 10:10 [3, 65, 111, 23, 70, 121, 19, 83, -3]
307:170.28, 10:10 [3, 119, 69, 21, 109, 58, 12, 117, 67, 112, -3]
309:129.57, 9:10 [3, 43, 73, 84, 37, 98, 116, -3]
310:115.01, 10:10 [3, 39, 59, 108, 18, 76, 6, 56, 27, -3]
311:120.39, 10:10 [3, 92, 31, 102, 8, 77, 106, -3]
312:29.53, 8:10 [3, 54, 45, 100, -3]
fe: 3, se: 20

!ALNS------------
100000,2165.673781663659,453.122,383.683,3,20,0.8711111111111111,0.93,40.333333333333336,6.05
18 12 27 17 0 0 13 7 
18.93398844258417 49.496693724557716 21.124128749518412 36.817089458007565 12.252881927227008 238.9509981690543 31.06907022522548 26.829204536064026 
10 13 9 9 4 12 29 8 
30.52732313037458 31.64607151068486 29.040568156954816 29.02497580696462 34.1406075458284 28.619177660242073 29.66172145880454 36.04270529173412 

x[21024] = 1.0
Vehicle: 11  Cost: 54.92
Route: 1 2 -2 -1 
 1 [ 64   0:  0 [50, 48, 47, 61, 7, 60, 55, 57, 46, 71, 20, 14, 16, 40, 62, 53, 63, 30, 25, 42, 34, 11, 41, 72, 66, 13, 52, 38, 36]]
 2 [  0  27: 27 []]
-2 [ 42  27:392 [81, 74, 101, 80, 95, 92, 114, 96, 105, 90, 87, 97, 122, 94]]
-1 [ 42 420:420 [81, 74, 101, 80, 95, 92, 114, 96, 105, 90, 87, 97, 122, 94]]

x[30203] = 1.0
Vehicle: 13  Cost: 120.84
Route: 1 3 -3 -2 -1 
 1 [ 23   0:  0 [45, 35, 31, 68, 49, 22, 5, 28]]
 3 [  0  60: 60 []]
-3 [ 48  60:581 [89, 75, 116, 110, 108, 82, 109, 113, 76, 124, 84, 117, 121, 115, 112, 86, 119, 98, 99, 83]]
-2 [ 68 614:629 [79, 123, 89, 75, 91, 116, 110, 108, 78, 82, 109, 113, 76, 124, 84, 90, 117, 107, 121, 115, 120, 112, 88, 86, 119, 98, 99, 83]]
-1 [ 68 657:657 [79, 123, 89, 75, 91, 116, 110, 108, 78, 82, 109, 113, 76, 124, 84, 90, 117, 107, 121, 115, 120, 112, 88, 86, 119, 98, 99, 83]]

x[32871] = 1.0
Vehicle: 12  Cost: 120.00
Route: 1 3 -3 -1 
 1 [ 75   0:  0 [58, 21, 19, 64, 29, 37, 70, 10, 12, 39, 65, 27, 6, 15, 24, 69, 26, 32, 56, 44, 9, 17, 43, 73, 8, 51, 23, 54, 4, 33, 59, 67, 18]]
 3 [  0  60: 60 []]
-3 [ 23  60:342 [85, 92, 77, 111, 102, 118, 93, 104, 106, 100, 103]]
-1 [ 23 402:402 [85, 92, 77, 111, 102, 118, 93, 104, 106, 100, 103]]

y[780] = 1.0
Vehicle: 303  Cost: 156.37
Route: 3 39 8 77 21 109 102 31 106 -3 
  3 [ 8  60: 75]
 39 [ 7 107:112]
  8 [ 4 129:134]
 77 [ 6 134:139]
 21 [ 5 165:170]
109 [ 8 192:197]
102 [10 209:214]
 31 [ 7 221:226]
106 [ 9 236:241]
 -3 [ 9 271:271]

y[975] = 1.0
Vehicle: 209  Cost: 90.50
Route: 2 62 96 52 14 81 48 101 -2 
  2 [10 108:123]
 62 [ 7 151:156]
 96 [10 162:167]
 52 [ 6 177:182]
 14 [ 4 189:194]
 81 [ 8 194:199]
 48 [ 7 300:305]
101 [10 316:321]
 -2 [10 341:341]

y[3150] = 1.0
Vehicle: 309  Cost: 125.44
Route: 3 45 116 73 15 -3 
  3 [ 9  60:288]
 45 [ 5 300:305]
116 [ 9 313:318]
 73 [ 5 348:353]
 15 [ 4 383:388]
 -3 [ 4 433:433]

y[4722] = 1.0
Vehicle: 209  Cost: 85.69
Route: 2 92 114 16 90 30 -2 
  2 [ 5  27:155]
 92 [ 9 180:185]
114 [10 204:209]
 16 [ 6 300:305]
 90 [ 9 318:323]
 30 [ 8 323:328]
 -2 [ 8 350:350]

y[5157] = 1.0
Vehicle: 308  Cost: 83.27
Route: 3 113 26 99 44 75 28 89 -3 
  3 [ 9  60:274]
113 [10 300:305]
 26 [ 6 307:312]
 99 [ 8 420:425]
 44 [ 5 425:430]
 75 [ 9 434:439]
 28 [ 7 447:452]
 89 [ 8 452:457]
 -3 [ 8 489:489]

y[6095] = 1.0
Vehicle: 301  Cost: 148.36
Route: 3 19 83 9 84 24 82 115 98 -3 
  3 [10  76:265]
 19 [ 7 300:305]
 83 [ 9 305:310]
  9 [ 5 323:328]
 84 [ 7 420:425]
 24 [ 4 442:447]
 82 [ 5 462:467]
115 [ 8 472:477]
 98 [10 488:493]
 -3 [10 520:520]

y[6997] = 1.0
Vehicle: 306  Cost: 41.99
Route: 3 4 22 85 65 33 86 -3 
  3 [10  60: 75]
  4 [ 9  79: 84]
 22 [ 5  92: 97]
 85 [ 9  97:102]
 65 [ 5 109:114]
 33 [ 4 116:121]
 86 [ 6 125:130]
 -3 [ 6 147:147]

y[7735] = 1.0
Vehicle: 307  Cost: 135.24
Route: 3 6 76 56 27 58 12 117 67 112 -3 
  3 [10  60:261]
  6 [ 6 300:305]
 76 [ 8 305:310]
 56 [ 7 316:321]
 27 [ 6 324:329]
 58 [ 4 340:345]
 12 [ 3 366:371]
117 [ 5 420:425]
 67 [ 4 464:469]
112 [ 7 469:474]
 -3 [ 7 484:484]

y[7900] = 1.0
Vehicle: 313  Cost: 10.00
Route: 3 54 -3 
  3 [ 4  81:295]
 54 [ 0 300:305]
 -3 [ 0 310:310]

y[8939] = 1.0
Vehicle: 303  Cost: 131.90
Route: 3 49 103 68 17 93 121 70 23 111 118 -3 
  3 [10  60: 75]
 49 [ 8 119:124]
103 [10 124:129]
 68 [ 8 141:146]
 17 [ 5 180:185]
 93 [ 6 200:205]
121 [10 211:216]
 70 [ 8 216:221]
 23 [ 7 234:239]
111 [ 8 250:255]
118 [ 9 300:305]
 -3 [ 9 327:327]

y[10112] = 1.0
Vehicle: 205  Cost: 86.42
Route: 2 7 66 122 97 40 -2 
  2 [10  27: 42]
  7 [ 7  62: 67]
 66 [ 3  77: 82]
122 [ 7  98:103]
 97 [ 9 107:112]
 40 [ 6 300:305]
 -2 [ 6 336:336]

y[10684] = 1.0
Vehicle: 310  Cost: 117.23
Route: 3 69 119 59 108 18 10 5 -3 
  3 [10  60: 75]
 69 [ 7 111:116]
119 [ 9 116:121]
 59 [ 7 300:305]
108 [ 9 305:310]
 18 [ 8 316:321]
 10 [ 6 344:349]
  5 [ 4 420:425]
 -3 [ 4 451:451]

y[10902] = 1.0
Vehicle: 201  Cost: 113.26
Route: 2 47 71 57 20 91 107 61 -2 
  2 [ 9  27: 42]
 47 [ 8  63: 68]
 71 [ 7  94: 99]
 57 [ 5 300:305]
 20 [ 3 420:425]
 91 [ 6 445:450]
107 [10 458:463]
 61 [ 7 472:477]
 -2 [ 7 493:493]

y[12247] = 1.0
Vehicle: 302  Cost: 132.13
Route: 3 29 32 124 64 110 37 -3 
  3 [ 9  60: 75]
 29 [ 8 117:122]
 32 [ 5 144:149]
124 [ 7 300:305]
 64 [ 6 315:320]
110 [10 320:325]
 37 [ 6 335:340]
 -3 [ 6 387:387]

y[12914] = 1.0
Vehicle: 204  Cost: 147.25
Route: 2 46 50 88 120 25 79 123 72 -2 
  2 [10  27:127]
 46 [ 6 180:185]
 50 [ 3 420:425]
 88 [ 5 440:445]
120 [ 7 462:467]
 25 [ 5 485:490]
 79 [ 6 517:522]
123 [ 8 528:533]
 72 [ 7 533:538]
 -2 [ 7 546:546]

y[14000] = 1.0
Vehicle: 202  Cost: 55.32
Route: 2 42 95 74 13 11 78 -2 
  2 [ 6  27: 42]
 42 [ 3  60: 65]
 95 [ 6  65: 70]
 74 [10  76: 81]
 13 [ 8  86: 91]
 11 [ 7 300:305]
 78 [10 305:310]
 -2 [10 322:322]

y[14185] = 1.0
Vehicle: 204  Cost: 79.16
Route: 2 80 53 105 38 63 -2 
  2 [ 6  27:152]
 80 [10 180:185]
 53 [ 9 197:202]
105 [10 202:207]
 38 [ 7 300:305]
 63 [ 5 309:314]
 -2 [ 5 338:338]

y[14297] = 1.0
Vehicle: 201  Cost: 33.37
Route: 2 41 94 36 34 60 55 -2 
  2 [ 8  27:168]
 41 [ 7 180:185]
 94 [ 9 185:190]
 36 [ 8 194:199]
 34 [ 7 201:206]
 60 [ 4 300:305]
 55 [ 2 306:311]
 -2 [ 2 323:323]

y[17843] = 1.0
Vehicle: 208  Cost: 12.65
Route: 2 87 -2 
  2 [ 0   0: 15]
 87 [ 4  21: 26]
 -2 [ 4  33: 33]

y[18415] = 1.0
Vehicle: 305  Cost: 130.96
Route: 3 35 51 104 43 100 -3 
  3 [ 9  60: 75]
 35 [ 5 121:126]
 51 [ 1 137:142]
104 [ 4 142:147]
 43 [ 3 162:167]
100 [ 4 300:305]
 -3 [ 4 317:317]

FE: 3
SE: 20
!MIP-----
2212.283699039598,5401.433403015137,0.052410329652212054,3,20,40556,18433

