--Parameters Information--
speed=1
run=5
iteration= 100000
batch=100
restartPeriod=10000
largeRemovalOccurrence=500
initialLNS=250
lowerBoundSmallRemoval=4
smallRemoval=0.2
lowerBoundLargeRemoval=0.55
largeRemoval=0.8
initialWeight=1.0
decayRate=0.1
gamma1=9.0
gamma2=5.0
gamma3=2.0
gamma4=0.0
coolingRate=0.9995
temperatureControlParameter=0.05
initialAcceptanceProbability=0.5
perturbation=0.5
perturbationFactor=0.01
split=20000

Setup: Split
Data: B_100_8_D

Run: 1
Total Cost: 1976.49
Vehicle: 11  Cost: 125.67
Route: 1 3 2 -2 -3 -1 
 1 [ 75   0:  0 [19, 12, 20, 54, 66, 44, 35, 79, 61, 57, 26, 43, 18, 24, 59, 60, 33, 55, 11, 46, 65, 40, 28, 75, 74, 63, 22, 77, 71, 53, 62, 25, 82]]
 3 [ 52  40: 55 [19, 12, 20, 54, 44, 35, 79, 57, 18, 24, 59, 60, 55, 11, 46, 65, 40, 74, 63, 22, 77, 71, 53, 25]]
 2 [  0  78: 78 []]
-2 [ 17  78:472 [85, 96, 123, 87, 88, 110, 95, 109, 89]]
-3 [ 22 495:510 [85, 96, 97, 123, 87, 114, 88, 110, 95, 109, 89, 100]]
-1 [ 22 550:550 [85, 96, 97, 123, 87, 114, 88, 110, 95, 109, 89, 100]]

Vehicle: 12  Cost: 114.08
Route: 1 3 -3 2 -2 -1 
 1 [ 35   0:  0 [81, 13, 51, 68, 41, 9, 48, 42, 36, 16, 47]]
 3 [  4  40: 40 [41]]
-3 [ 18  40:240 [116, 101, 126, 98, 124, 41]]
 2 [ 14 262:262 [116, 101, 126, 98, 124]]
-2 [ 29 262:340 [120, 105, 111, 116, 106, 113, 125, 101, 126, 98, 115, 124]]
-1 [ 29 391:391 [120, 105, 111, 116, 106, 113, 125, 101, 126, 98, 115, 124]]

Vehicle: 15  Cost: 160.31
Route: 1 4 -4 -1 
 1 [ 49   0:  0 [56, 45, 34, 14, 15, 83, 50, 72, 7, 32, 27, 73, 17, 67, 78, 52, 39, 8, 30, 10]]
 4 [  0  80: 80 []]
-4 [ 25  80:333 [92, 94, 103, 118, 99, 108, 121, 91, 104, 127]]
-1 [ 25 413:413 [92, 94, 103, 118, 99, 108, 121, 91, 104, 127]]

Vehicle: 16  Cost: 60.00
Route: 1 5 -5 -1 
 1 [ 32   0:  0 [38, 76, 6, 58, 21, 49, 37, 64, 31, 70, 80, 23, 29, 69]]
 5 [  0  30: 30 []]
-5 [ 30  30:466 [122, 93, 84, 107, 119, 112, 102, 117, 90, 86]]
-1 [ 30 496:496 [122, 93, 84, 107, 119, 112, 102, 117, 90, 86]]

Vehicle: 201  Cost: 83.18
Route: 2 44 87 40 95 54 12 20 110 -2 
  2 [10  78:176]
 44 [ 9 180:185]
 87 [10 211:216]
 40 [ 8 217:222]
 95 [ 9 222:227]
 54 [ 7 233:238]
 12 [ 6 243:248]
 20 [ 2 254:259]
110 [ 5 300:305]
 -2 [ 5 315:315]

Vehicle: 202  Cost: 105.83
Route: 2 59 89 24 22 60 109 88 77 -2 
  2 [10  78:273]
 59 [ 8 300:305]
 89 [10 311:316]
 24 [ 9 321:326]
 22 [ 8 335:340]
 60 [ 4 349:354]
109 [ 7 354:359]
 88 [ 8 366:371]
 77 [ 6 420:425]
 -2 [ 6 454:454]

Vehicle: 203  Cost: 88.51
Route: 2 18 55 63 111 25 57 105 115 -2 
  2 [10  78:169]
 18 [ 6 180:185]
 55 [ 4 199:204]
 63 [ 3 221:226]
111 [ 7 226:231]
 25 [ 5 254:259]
 57 [ 4 268:273]
105 [ 8 273:278]
115 [ 9 300:305]
 -2 [ 9 317:317]

Vehicle: 204  Cost: 74.50
Route: 2 120 65 113 35 79 125 106 53 46 -2 
  2 [ 8  78:167]
120 [ 9 180:185]
 65 [ 7 189:194]
113 [ 9 194:199]
 35 [ 8 214:219]
 79 [ 5 222:227]
125 [ 7 227:232]
106 [ 8 244:249]
 53 [ 7 300:305]
 46 [ 6 312:317]
 -2 [ 6 325:325]

Vehicle: 205  Cost: 25.84
Route: 2 41 96 11 85 -2 
  2 [ 8 262:411]
 41 [ 4 420:425]
 96 [ 8 425:430]
 11 [ 4 438:443]
 85 [ 5 443:448]
 -2 [ 5 457:457]

Vehicle: 207  Cost: 35.47
Route: 2 19 74 123 71 -2 
  2 [10  78:171]
 19 [ 7 180:185]
 74 [ 3 189:194]
123 [ 4 194:199]
 71 [ 1 205:210]
 -2 [ 1 226:226]

Vehicle: 301  Cost: 48.09
Route: 3 124 81 126 13 -3 
  3 [ 7  40:157]
124 [ 9 180:185]
 81 [ 5 194:199]
126 [ 7 199:204]
 13 [ 4 209:214]
 -3 [ 4 225:225]

Vehicle: 302  Cost: 22.57
Route: 3 82 9 114 66 -3 
  3 [ 8  40: 55]
 82 [ 7  60: 65]
  9 [ 4  67: 72]
114 [ 6 300:305]
 66 [ 2 305:310]
 -3 [ 2 319:319]

Vehicle: 303  Cost: 77.74
Route: 3 62 26 51 98 68 116 101 -3 
  3 [10  40: 55]
 62 [ 8  78: 83]
 26 [ 5  94: 99]
 51 [ 1 101:106]
 98 [ 5 122:127]
 68 [ 4 141:146]
116 [ 7 146:151]
101 [10 159:164]
 -3 [10 168:168]

Vehicle: 304  Cost: 54.20
Route: 3 28 42 97 100 48 -3 
  3 [10  40: 55]
 28 [ 7  66: 71]
 42 [ 4 300:305]
 97 [ 5 305:310]
100 [ 7 318:323]
 48 [ 3 323:328]
 -3 [ 3 347:347]

Vehicle: 305  Cost: 72.94
Route: 3 43 75 33 61 -3 
  3 [10  40: 55]
 43 [ 9  66: 71]
 75 [ 5 300:305]
 33 [ 1 319:324]
 61 [ 0 342:347]
 -3 [ 0 365:365]

Vehicle: 306  Cost: 55.93
Route: 3 16 36 47 -3 
  3 [ 9  40: 55]
 16 [ 8  71: 76]
 36 [ 4  83: 88]
 47 [ 0 300:305]
 -3 [ 0 330:330]

Vehicle: 401  Cost: 100.85
Route: 4 52 45 14 104 50 91 108 -4 
  4 [ 9  80: 95]
 52 [ 5 109:114]
 45 [ 2 127:132]
 14 [ 1 150:155]
104 [ 3 180:185]
 50 [ 2 185:190]
 91 [ 3 198:203]
108 [ 7 209:214]
 -4 [ 7 250:250]

Vehicle: 402  Cost: 123.66
Route: 4 17 67 8 32 56 -4 
  4 [10  80:281]
 17 [ 8 300:305]
 67 [ 5 344:349]
  8 [ 2 420:425]
 32 [ 1 445:450]
 56 [ 0 458:463]
 -4 [ 0 475:475]

Vehicle: 403  Cost: 81.72
Route: 4 27 121 72 7 103 -4 
  4 [10  80: 95]
 27 [ 6 113:118]
121 [ 8 180:185]
 72 [ 5 185:190]
  7 [ 2 196:201]
103 [ 6 220:225]
 -4 [ 6 244:244]

Vehicle: 404  Cost: 12.13
Route: 4 73 34 -4 
  4 [ 5  80: 95]
 73 [ 2 101:106]
 34 [ 0 420:425]
 -4 [ 0 429:429]

Vehicle: 406  Cost: 50.02
Route: 4 78 99 127 83 15 -4 
  4 [ 7  80: 95]
 78 [ 3 109:114]
 99 [ 6 130:135]
127 [ 9 180:185]
 83 [ 8 185:190]
 15 [ 6 300:305]
 -4 [ 6 316:316]

Vehicle: 407  Cost: 60.69
Route: 4 39 94 10 118 30 92 -4 
  4 [ 8  80: 95]
 39 [ 4 110:115]
 94 [ 6 115:120]
 10 [ 3 138:143]
118 [ 4 156:161]
 30 [ 3 300:305]
 92 [ 6 305:310]
 -4 [ 6 318:318]

Vehicle: 501  Cost: 64.70
Route: 5 64 29 21 112 70 -5 
  5 [ 7  30: 50]
 64 [ 5  60: 65]
 29 [ 4  76: 81]
 21 [ 1  93: 98]
112 [ 5 420:425]
 70 [ 4 430:435]
 -5 [ 4 451:451]

Vehicle: 503  Cost: 83.13
Route: 5 117 58 107 122 23 90 49 -5 
  5 [ 5  30: 45]
117 [ 6  68: 73]
 58 [ 3  81: 86]
107 [ 4  92: 97]
122 [ 8 110:115]
 23 [ 7 123:128]
 90 [10 128:133]
 49 [ 9 145:150]
 -5 [ 9 163:163]

Vehicle: 504  Cost: 66.03
Route: 5 102 119 69 -5 
  5 [ 2  30: 45]
102 [ 6  63: 68]
119 [10  80: 85]
 69 [ 8 300:305]
 -5 [ 8 338:338]

Vehicle: 505  Cost: 41.52
Route: 5 6 84 80 93 38 -5 
  5 [ 8  30:281]
  6 [ 4 300:305]
 84 [ 8 305:310]
 80 [ 6 420:425]
 93 [ 7 432:437]
 38 [ 5 437:442]
 -5 [ 5 451:451]

Vehicle: 506  Cost: 87.19
Route: 5 76 31 37 86 -5 
  5 [10  30:144]
 76 [ 7 180:185]
 31 [ 4 300:305]
 37 [ 0 310:315]
 86 [ 4 329:334]
 -5 [ 4 364:364]

Total Cost: 1976.49
 11:125.67, 75:75 [1, 3, 2, -2, -3, -1]
 12:114.08, 35:75 [1, 3, -3, 2, -2, -1]
 15:160.31, 49:75 [1, 4, -4, -1]
 16:60.00, 32:75 [1, 5, -5, -1]
201:83.18, 10:10 [2, 44, 87, 40, 95, 54, 12, 20, 110, -2]
202:105.83, 10:10 [2, 59, 89, 24, 22, 60, 109, 88, 77, -2]
203:88.51, 10:10 [2, 18, 55, 63, 111, 25, 57, 105, 115, -2]
204:74.50, 9:10 [2, 120, 65, 113, 35, 79, 125, 106, 53, 46, -2]
205:25.84, 8:10 [2, 41, 96, 11, 85, -2]
207:35.47, 10:10 [2, 19, 74, 123, 71, -2]
301:48.09, 9:10 [3, 124, 81, 126, 13, -3]
302:22.57, 8:10 [3, 82, 9, 114, 66, -3]
303:77.74, 10:10 [3, 62, 26, 51, 98, 68, 116, 101, -3]
304:54.20, 10:10 [3, 28, 42, 97, 100, 48, -3]
305:72.94, 10:10 [3, 43, 75, 33, 61, -3]
306:55.93, 9:10 [3, 16, 36, 47, -3]
401:100.85, 9:10 [4, 52, 45, 14, 104, 50, 91, 108, -4]
402:123.66, 10:10 [4, 17, 67, 8, 32, 56, -4]
403:81.72, 10:10 [4, 27, 121, 72, 7, 103, -4]
404:12.13, 5:10 [4, 73, 34, -4]
406:50.02, 9:10 [4, 78, 99, 127, 83, 15, -4]
407:60.69, 8:10 [4, 39, 94, 10, 118, 30, 92, -4]
501:64.70, 7:10 [5, 64, 29, 21, 112, 70, -5]
503:83.13, 10:10 [5, 117, 58, 107, 122, 23, 90, 49, -5]
504:66.03, 10:10 [5, 102, 119, 69, -5]
505:41.52, 8:10 [5, 6, 84, 80, 93, 38, -5]
506:87.19, 10:10 [5, 76, 31, 37, 86, -5]
fe: 4, se: 23

!ALNS------------
100000,1976.4942301859037,482.956,173.026,4,23,0.6366666666666667,0.908695652173913,30.5,5.304347826086956
20 18 15 8 0 0 7 4 
10.028181598029189 22.234582231712963 10.567416109744553 11.991223462533439 21.163667478389016 30.382122388571467 16.550922543908897 17.560540180875662 
11 16 3 6 9 12 12 3 
17.31167786681309 13.276978335919297 14.463101030525307 16.352585353217965 14.885454831593949 14.565824656678105 15.237074126280602 16.029068945532654 

x[6736] = 1.0
Vehicle: 15  Cost: 160.31
Route: 1 4 -4 -1 
 1 [ 49   0:  0 [52, 15, 67, 17, 83, 50, 45, 72, 7, 34, 73, 56, 32, 10, 78, 30, 27, 39, 14, 8]]
 4 [  0  80: 80 []]
-4 [ 31  80:339 [127, 103, 125, 121, 91, 104, 118, 94, 99, 92, 108, 111]]
-1 [ 31 419:419 [127, 103, 125, 121, 91, 104, 118, 94, 99, 92, 108, 111]]

x[12253] = 1.0
Vehicle: 11  Cost: 125.67
Route: 1 3 2 -2 -3 -1 
 1 [ 75   0:  0 [19, 12, 20, 54, 66, 44, 35, 79, 61, 57, 26, 43, 18, 24, 59, 60, 33, 55, 11, 46, 65, 40, 28, 75, 74, 63, 22, 77, 71, 53, 62, 25, 82]]
 3 [ 52  40: 55 [19, 12, 20, 54, 44, 35, 79, 57, 18, 24, 59, 60, 55, 11, 46, 65, 40, 74, 63, 22, 77, 71, 53, 25]]
 2 [  0  78: 78 []]
-2 [ 36  78:608 [85, 96, 123, 87, 88, 110, 95, 109, 89, 122, 112, 117, 119, 102, 107, 93]]
-3 [ 49 630:645 [85, 96, 97, 123, 87, 114, 88, 110, 95, 109, 89, 122, 112, 117, 119, 102, 107, 93, 86, 84, 100]]
-1 [ 49 685:685 [85, 96, 97, 123, 87, 114, 88, 110, 95, 109, 89, 122, 112, 117, 119, 102, 107, 93, 86, 84, 100]]

x[12690] = 1.0
Vehicle: 12  Cost: 114.08
Route: 1 3 -3 2 -2 -1 
 1 [ 35   0:  0 [81, 13, 51, 68, 41, 9, 48, 42, 36, 16, 47]]
 3 [  4  40: 40 [41]]
-3 [ 18  40:240 [116, 101, 126, 98, 124, 41]]
 2 [ 14 262:262 [116, 101, 126, 98, 124]]
-2 [ 29 262:340 [120, 105, 111, 116, 106, 113, 125, 101, 126, 98, 115, 124]]
-1 [ 29 391:391 [120, 105, 111, 116, 106, 113, 125, 101, 126, 98, 115, 124]]

x[20384] = 1.0
Vehicle: 16  Cost: 60.00
Route: 1 5 -5 -1 
 1 [ 32   0:  0 [58, 69, 80, 31, 76, 64, 49, 6, 37, 38, 21, 23, 29, 70]]
 5 [  0  30: 30 []]
-5 [ 30  30:550 [112, 84, 122, 102, 86, 93, 90, 107, 119, 117]]
-1 [ 30 580:580 [112, 84, 122, 102, 86, 93, 90, 107, 119, 117]]

y[20] = 1.0
Vehicle: 503  Cost: 83.13
Route: 5 117 58 107 122 23 90 49 -5 
  5 [ 5 108:123]
117 [ 6 145:150]
 58 [ 3 158:163]
107 [ 4 169:174]
122 [ 8 187:192]
 23 [ 7 201:206]
 90 [10 206:211]
 49 [ 9 223:228]
 -5 [ 9 241:241]

y[529] = 1.0
Vehicle: 401  Cost: 102.99
Route: 4 73 45 14 104 50 91 108 17 -4 
  4 [10 103:118]
 73 [ 7 124:129]
 45 [ 4 148:153]
 14 [ 3 171:176]
104 [ 5 182:187]
 50 [ 4 187:192]
 91 [ 5 200:205]
108 [ 9 211:216]
 17 [ 7 300:305]
 -4 [ 7 324:324]

y[1281] = 1.0
Vehicle: 202  Cost: 98.03
Route: 2 55 88 60 109 22 24 89 59 110 -2 
  2 [10  78: 93]
 55 [ 8 117:122]
 88 [ 9 300:305]
 60 [ 5 312:317]
109 [ 8 317:322]
 22 [ 7 332:337]
 24 [ 6 345:350]
 89 [ 8 355:360]
 59 [ 6 366:371]
110 [ 9 395:400]
 -2 [ 9 410:410]

y[1769] = 1.0
Vehicle: 408  Cost: 89.84
Route: 4 52 67 8 -4 
  4 [10 103:118]
 52 [ 6 132:137]
 67 [ 3 300:305]
  8 [ 0 420:425]
 -4 [ 0 446:446]

y[1961] = 1.0
Vehicle: 305  Cost: 72.94
Route: 3 43 75 33 61 -3 
  3 [10 142:157]
 43 [ 9 168:173]
 75 [ 5 300:305]
 33 [ 1 319:324]
 61 [ 0 342:347]
 -3 [ 0 365:365]

y[2911] = 1.0
Vehicle: 406  Cost: 26.01
Route: 4 127 83 15 -4 
  4 [ 3 103:167]
127 [ 6 180:185]
 83 [ 5 185:190]
 15 [ 3 300:305]
 -4 [ 3 316:316]

y[2932] = 1.0
Vehicle: 403  Cost: 84.25
Route: 4 27 72 121 7 103 99 -4 
  4 [10 103:118]
 27 [ 6 136:141]
 72 [ 3 180:185]
121 [ 5 185:190]
  7 [ 2 196:201]
103 [ 6 220:225]
 99 [ 9 233:238]
 -4 [ 9 251:251]

y[4088] = 1.0
Vehicle: 505  Cost: 66.03
Route: 5 102 119 69 -5 
  5 [ 2  30: 45]
102 [ 6  63: 68]
119 [10  80: 85]
 69 [ 8 300:305]
 -5 [ 8 338:338]

y[5277] = 1.0
Vehicle: 506  Cost: 87.19
Route: 5 76 31 37 86 -5 
  5 [10 108:144]
 76 [ 7 180:185]
 31 [ 4 300:305]
 37 [ 0 310:315]
 86 [ 4 329:334]
 -5 [ 4 364:364]

y[5420] = 1.0
Vehicle: 304  Cost: 22.57
Route: 3 82 9 114 66 -3 
  3 [ 8  40: 55]
 82 [ 7  60: 65]
  9 [ 4  67: 72]
114 [ 6 300:305]
 66 [ 2 305:310]
 -3 [ 2 319:319]

y[5876] = 1.0
Vehicle: 204  Cost: 74.50
Route: 2 120 65 113 35 125 79 106 53 46 -2 
  2 [ 8 150:167]
120 [ 9 180:185]
 65 [ 7 189:194]
113 [ 9 194:199]
 35 [ 8 214:219]
125 [10 222:227]
 79 [ 7 227:232]
106 [ 8 244:249]
 53 [ 7 300:305]
 46 [ 6 312:317]
 -2 [ 6 325:325]

y[5934] = 1.0
Vehicle: 307  Cost: 54.20
Route: 3 28 42 97 100 48 -3 
  3 [10  40: 55]
 28 [ 7  66: 71]
 42 [ 4 300:305]
 97 [ 5 305:310]
100 [ 7 318:323]
 48 [ 3 323:328]
 -3 [ 3 347:347]

y[7146] = 1.0
Vehicle: 405  Cost: 75.63
Route: 4 78 118 10 94 30 92 -4 
  4 [ 8  80: 95]
 78 [ 4 109:114]
118 [ 5 126:131]
 10 [ 2 144:149]
 94 [ 4 167:172]
 30 [ 3 300:305]
 92 [ 6 305:310]
 -4 [ 6 318:318]

y[7351] = 1.0
Vehicle: 305  Cost: 55.93
Route: 3 16 36 47 -3 
  3 [ 9  40: 55]
 16 [ 8  71: 76]
 36 [ 4  83: 88]
 47 [ 0 300:305]
 -3 [ 0 330:330]

y[7841] = 1.0
Vehicle: 203  Cost: 38.10
Route: 2 44 18 57 105 123 74 -2 
  2 [10  78:176]
 44 [ 9 180:185]
 18 [ 5 192:197]
 57 [ 4 200:205]
105 [ 8 205:210]
123 [ 9 220:225]
 74 [ 5 225:230]
 -2 [ 5 244:244]

y[8818] = 1.0
Vehicle: 506  Cost: 64.70
Route: 5 64 29 21 112 70 -5 
  5 [ 7  30: 50]
 64 [ 5  60: 65]
 29 [ 4  76: 81]
 21 [ 1  93: 98]
112 [ 5 420:425]
 70 [ 4 430:435]
 -5 [ 4 451:451]

y[10834] = 1.0
Vehicle: 207  Cost: 61.77
Route: 2 19 71 25 77 -2 
  2 [10 206:221]
 19 [ 7 230:235]
 71 [ 4 243:248]
 25 [ 2 254:259]
 77 [ 0 420:425]
 -2 [ 0 454:454]

y[11182] = 1.0
Vehicle: 205  Cost: 104.97
Route: 2 20 12 54 87 40 95 63 111 115 -2 
  2 [10  78: 93]
 20 [ 6 121:126]
 12 [ 5 180:185]
 54 [ 3 190:195]
 87 [ 4 202:207]
 40 [ 2 208:213]
 95 [ 3 213:218]
 63 [ 2 235:240]
111 [ 6 240:245]
115 [ 7 300:305]
 -2 [ 7 317:317]

y[11676] = 1.0
Vehicle: 301  Cost: 77.74
Route: 3 62 26 51 98 116 68 101 -3 
  3 [10  40: 55]
 62 [ 8  78: 83]
 26 [ 5  94: 99]
 51 [ 1 101:106]
 98 [ 5 122:127]
116 [ 8 141:146]
 68 [ 7 146:151]
101 [10 159:164]
 -3 [10 168:168]

y[11747] = 1.0
Vehicle: 402  Cost: 46.78
Route: 4 39 32 56 34 -4 
  4 [ 8  80: 95]
 39 [ 4 110:115]
 32 [ 3 300:305]
 56 [ 2 420:425]
 34 [ 0 438:443]
 -4 [ 0 447:447]

y[11785] = 1.0
Vehicle: 205  Cost: 25.84
Route: 2 11 85 41 96 -2 
  2 [ 8 253:291]
 11 [ 4 300:305]
 85 [ 5 305:310]
 41 [ 1 420:425]
 96 [ 5 425:430]
 -2 [ 5 439:439]

y[11988] = 1.0
Vehicle: 301  Cost: 48.09
Route: 3 13 126 81 124 -3 
  3 [ 7  40: 55]
 13 [ 4  67: 72]
126 [ 6  77: 82]
 81 [ 2  82: 87]
124 [ 4 180:185]
 -3 [ 4 208:208]

y[14015] = 1.0
Vehicle: 502  Cost: 41.52
Route: 5 6 84 80 93 38 -5 
  5 [ 8 373:388]
  6 [ 4 408:413]
 84 [ 8 413:418]
 80 [ 6 424:429]
 93 [ 7 436:441]
 38 [ 5 441:446]
 -5 [ 5 455:455]

FE: 4
SE: 23
!MIP-----
1962.791335820179,5400.251387119293,0.020571047028133886,4,23,25667,14601

Run: 2
Total Cost: 1953.90
Vehicle: 12  Cost: 60.00
Route: 1 5 -5 -1 
 1 [ 41   0:  0 [6, 76, 49, 64, 80, 70, 31, 29, 58, 53, 37, 11, 38, 21, 23, 69, 47]]
 5 [  0  30: 30 []]
-5 [ 35  30:520 [117, 85, 119, 93, 102, 90, 107, 112, 84, 86, 122, 96]]
-1 [ 35 550:550 [117, 85, 119, 93, 102, 90, 107, 112, 84, 86, 122, 96]]

Vehicle: 14  Cost: 80.72
Route: 1 3 -3 -1 
 1 [ 75   0:  0 [57, 59, 42, 20, 9, 43, 46, 51, 28, 13, 18, 25, 48, 66, 75, 40, 54, 61, 26, 81, 79, 82, 33, 36, 55, 35, 63, 16, 62, 68]]
 3 [  0  40: 40 []]
-3 [ 42  40:376 [114, 100, 125, 110, 89, 116, 95, 88, 98, 124, 111, 106, 105, 126, 115, 109, 87, 101, 97]]
-1 [ 42 416:416 [114, 100, 125, 110, 89, 116, 95, 88, 98, 124, 111, 106, 105, 126, 115, 109, 87, 101, 97]]

Vehicle: 15  Cost: 168.29
Route: 1 2 4 -4 -1 
 1 [ 75   0:  0 [56, 74, 30, 15, 27, 7, 50, 72, 73, 39, 78, 41, 44, 83, 8, 24, 65, 45, 19, 60, 52, 77, 34, 12, 10, 14, 71, 67, 17, 22, 32]]
 2 [ 55  51: 66 [56, 74, 30, 15, 27, 7, 50, 72, 73, 39, 78, 83, 8, 65, 45, 52, 34, 10, 14, 67, 17, 32]]
 4 [  0 103:103 []]
-4 [ 29 103:339 [120, 121, 113, 108, 103, 99, 123, 104, 127, 92, 94, 91, 118]]
-1 [ 29 419:419 [120, 121, 113, 108, 103, 99, 123, 104, 127, 92, 94, 91, 118]]

Vehicle: 201  Cost: 108.59
Route: 2 44 12 24 22 60 77 -2 
  2 [10  51:176]
 44 [ 9 180:185]
 12 [ 8 214:219]
 24 [ 7 300:305]
 22 [ 6 314:319]
 60 [ 2 328:333]
 77 [ 0 420:425]
 -2 [ 0 454:454]

Vehicle: 203  Cost: 33.64
Route: 2 71 19 41 -2 
  2 [10  51:164]
 71 [ 7 180:185]
 19 [ 4 193:198]
 41 [ 0 420:425]
 -2 [ 0 434:434]

Vehicle: 301  Cost: 72.94
Route: 3 43 75 33 61 -3 
  3 [10  40: 55]
 43 [ 9  66: 71]
 75 [ 5 300:305]
 33 [ 1 319:324]
 61 [ 0 342:347]
 -3 [ 0 365:365]

Vehicle: 302  Cost: 22.57
Route: 3 82 9 66 114 -3 
  3 [ 8  40: 55]
 82 [ 7  60: 65]
  9 [ 4  67: 72]
 66 [ 0 300:305]
114 [ 2 305:310]
 -3 [ 2 319:319]

Vehicle: 304  Cost: 77.74
Route: 3 62 26 51 98 68 116 101 -3 
  3 [10  40: 55]
 62 [ 8  78: 83]
 26 [ 5  94: 99]
 51 [ 1 101:106]
 98 [ 5 122:127]
 68 [ 4 141:146]
116 [ 7 146:151]
101 [10 159:164]
 -3 [10 168:168]

Vehicle: 305  Cost: 48.09
Route: 3 13 81 126 124 -3 
  3 [ 7  40: 55]
 13 [ 4  67: 72]
 81 [ 0  77: 82]
126 [ 2  82: 87]
124 [ 4 180:185]
 -3 [ 4 208:208]

Vehicle: 306  Cost: 133.46
Route: 3 18 105 57 25 63 111 55 88 115 -3 
  3 [10  40:150]
 18 [ 6 180:185]
105 [10 188:193]
 57 [ 9 193:198]
 25 [ 7 208:213]
 63 [ 6 235:240]
111 [10 240:245]
 55 [ 8 263:268]
 88 [ 9 300:305]
115 [10 322:327]
 -3 [10 357:357]

Vehicle: 307  Cost: 97.99
Route: 3 20 54 87 40 95 109 89 59 -3 
  3 [10  40: 55]
 20 [ 6  89: 94]
 54 [ 4  98:103]
 87 [ 5 110:115]
 40 [ 3 117:122]
 95 [ 4 122:127]
109 [ 7 300:305]
 89 [ 9 312:317]
 59 [ 7 323:328]
 -3 [ 7 361:361]

Vehicle: 308  Cost: 97.90
Route: 3 16 36 106 35 79 125 46 110 -3 
  3 [10  40: 55]
 16 [ 9  71: 76]
 36 [ 5  83: 88]
106 [ 6 105:110]
 35 [ 5 124:129]
 79 [ 2 180:185]
125 [ 4 185:190]
 46 [ 3 300:305]
110 [ 6 313:318]
 -3 [ 6 332:332]

Vehicle: 309  Cost: 54.20
Route: 3 28 97 42 48 100 -3 
  3 [10  40: 55]
 28 [ 7  66: 71]
 97 [ 8 300:305]
 42 [ 5 305:310]
 48 [ 1 318:323]
100 [ 3 323:328]
 -3 [ 3 347:347]

Vehicle: 401  Cost: 89.84
Route: 4 52 67 8 -4 
  4 [10 103:118]
 52 [ 6 132:137]
 67 [ 3 300:305]
  8 [ 0 420:425]
 -4 [ 0 446:446]

Vehicle: 402  Cost: 84.25
Route: 4 27 72 121 7 103 99 -4 
  4 [10 103:118]
 27 [ 6 136:141]
 72 [ 3 180:185]
121 [ 5 185:190]
  7 [ 2 196:201]
103 [ 6 220:225]
 99 [ 9 233:238]
 -4 [ 9 251:251]

Vehicle: 403  Cost: 46.78
Route: 4 39 32 56 34 -4 
  4 [ 8 103:118]
 39 [ 4 133:138]
 32 [ 3 300:305]
 56 [ 2 420:425]
 34 [ 0 438:443]
 -4 [ 0 447:447]

Vehicle: 404  Cost: 102.99
Route: 4 73 45 14 104 50 91 108 17 -4 
  4 [10 103:118]
 73 [ 7 124:129]
 45 [ 4 148:153]
 14 [ 3 171:176]
104 [ 5 182:187]
 50 [ 4 187:192]
 91 [ 5 200:205]
108 [ 9 211:216]
 17 [ 7 300:305]
 -4 [ 7 324:324]

Vehicle: 405  Cost: 66.83
Route: 4 123 74 120 65 113 127 83 15 -4 
  4 [ 9 103:156]
123 [10 180:185]
 74 [ 6 185:190]
120 [ 7 199:204]
 65 [ 5 208:213]
113 [ 7 213:218]
127 [10 235:240]
 83 [ 9 240:245]
 15 [ 7 300:305]
 -4 [ 7 316:316]

Vehicle: 406  Cost: 75.63
Route: 4 78 118 10 94 92 30 -4 
  4 [ 8 103:118]
 78 [ 4 132:137]
118 [ 5 149:154]
 10 [ 2 167:172]
 94 [ 4 190:195]
 92 [ 7 300:305]
 30 [ 6 305:310]
 -4 [ 6 318:318]

Vehicle: 501  Cost: 87.19
Route: 5 76 31 37 86 -5 
  5 [10  30:144]
 76 [ 7 180:185]
 31 [ 4 300:305]
 37 [ 0 310:315]
 86 [ 4 329:334]
 -5 [ 4 364:364]

Vehicle: 504  Cost: 121.13
Route: 5 47 53 96 11 85 112 70 -5 
  5 [10  30:278]
 47 [ 6 300:305]
 53 [ 5 322:327]
 96 [ 9 420:425]
 11 [ 5 433:438]
 85 [ 6 438:443]
112 [10 474:479]
 70 [ 9 484:489]
 -5 [ 9 505:505]

Vehicle: 505  Cost: 41.52
Route: 5 6 84 80 38 93 -5 
  5 [ 8  30:281]
  6 [ 4 300:305]
 84 [ 8 305:310]
 80 [ 6 420:425]
 38 [ 4 432:437]
 93 [ 5 437:442]
 -5 [ 5 451:451]

Vehicle: 506  Cost: 98.49
Route: 5 64 21 29 102 119 69 -5 
  5 [ 8  30: 50]
 64 [ 6  60: 65]
 21 [ 3  81: 86]
 29 [ 2  99:104]
102 [ 6 115:120]
119 [10 132:137]
 69 [ 8 300:305]
 -5 [ 8 338:338]

Vehicle: 508  Cost: 83.13
Route: 5 117 58 107 122 23 90 49 -5 
  5 [ 5  30: 45]
117 [ 6  68: 73]
 58 [ 3  81: 86]
107 [ 4  92: 97]
122 [ 8 110:115]
 23 [ 7 123:128]
 90 [10 128:133]
 49 [ 9 145:150]
 -5 [ 9 163:163]

Total Cost: 1953.90
 12:60.00, 41:75 [1, 5, -5, -1]
 14:80.72, 75:75 [1, 3, -3, -1]
 15:168.29, 75:75 [1, 2, 4, -4, -1]
201:108.59, 10:10 [2, 44, 12, 24, 22, 60, 77, -2]
203:33.64, 10:10 [2, 71, 19, 41, -2]
301:72.94, 10:10 [3, 43, 75, 33, 61, -3]
302:22.57, 8:10 [3, 82, 9, 66, 114, -3]
304:77.74, 10:10 [3, 62, 26, 51, 98, 68, 116, 101, -3]
305:48.09, 7:10 [3, 13, 81, 126, 124, -3]
306:133.46, 10:10 [3, 18, 105, 57, 25, 63, 111, 55, 88, 115, -3]
307:97.99, 10:10 [3, 20, 54, 87, 40, 95, 109, 89, 59, -3]
308:97.90, 10:10 [3, 16, 36, 106, 35, 79, 125, 46, 110, -3]
309:54.20, 10:10 [3, 28, 97, 42, 48, 100, -3]
401:89.84, 10:10 [4, 52, 67, 8, -4]
402:84.25, 10:10 [4, 27, 72, 121, 7, 103, 99, -4]
403:46.78, 8:10 [4, 39, 32, 56, 34, -4]
404:102.99, 10:10 [4, 73, 45, 14, 104, 50, 91, 108, 17, -4]
405:66.83, 10:10 [4, 123, 74, 120, 65, 113, 127, 83, 15, -4]
406:75.63, 8:10 [4, 78, 118, 10, 94, 92, 30, -4]
501:87.19, 10:10 [5, 76, 31, 37, 86, -5]
504:121.13, 10:10 [5, 47, 53, 96, 11, 85, 112, 70, -5]
505:41.52, 8:10 [5, 6, 84, 80, 38, 93, -5]
506:98.49, 10:10 [5, 64, 21, 29, 102, 119, 69, -5]
508:83.13, 10:10 [5, 117, 58, 107, 122, 23, 90, 49, -5]
fe: 3, se: 21

!ALNS------------
100000,1953.9040583824144,510.941,348.505,3,21,0.8488888888888889,0.9476190476190476,40.666666666666664,5.809523809523809
17 19 15 7 0 0 5 0 
10.01105159288782 26.61072186515325 10.68353750829023 15.326915428698557 25.12078802499959 37.52391373375205 15.875039036858446 30.821583779071617 
4 15 6 7 7 5 14 5 
17.287008020379137 15.849940968697927 16.494877000683758 16.066711912159626 18.705558311637365 17.941933022334087 16.793576239639144 18.5974622700335 

x[4190] = 1.0
Vehicle: 11  Cost: 168.29
Route: 1 2 4 -4 -1 
 1 [ 73   0:  0 [73, 8, 39, 74, 30, 45, 10, 27, 52, 78, 71, 32, 67, 77, 34, 56, 17, 19, 25, 14, 57, 65, 83, 50, 18, 11, 41, 44, 15]]
 2 [ 55  51: 66 [73, 8, 39, 74, 30, 45, 10, 27, 52, 78, 32, 67, 34, 56, 17, 19, 25, 14, 57, 65, 83, 50, 15]]
 4 [  0 103:103 []]
-4 [ 31 103:339 [105, 99, 94, 113, 103, 118, 123, 120, 127, 91, 108, 104, 92]]
-1 [ 31 419:419 [105, 99, 94, 113, 103, 118, 123, 120, 127, 91, 108, 104, 92]]

x[5128] = 1.0
Vehicle: 16  Cost: 60.00
Route: 1 -5 -1 
 1 [  0   0:  0 []]
-5 [ 40  30:390 [125, 99, 92, 118, 102, 119, 108, 86, 122, 90, 107, 91, 104, 106, 121, 117]]
-1 [ 40 420:420 [125, 99, 92, 118, 102, 119, 108, 86, 122, 90, 107, 91, 104, 106, 121, 117]]

x[6956] = 1.0
Vehicle: 13  Cost: 80.72
Route: 1 3 -3 -1 
 1 [ 62   0:  0 [48, 42, 63, 66, 51, 75, 16, 33, 9, 28, 13, 12, 26, 43, 82, 68, 59, 62, 36, 81, 46, 54, 61, 53, 20]]
 3 [  0  40: 40 []]
-3 [ 30  40:376 [116, 126, 98, 114, 124, 100, 101, 111, 97, 89, 87, 95, 110]]
-1 [ 30 416:416 [116, 126, 98, 114, 124, 100, 101, 111, 97, 89, 87, 95, 110]]

x[7369] = 1.0
Vehicle: 15  Cost: 60.00
Route: 1 5 -5 -1 
 1 [ 56   0:  0 [38, 60, 7, 47, 55, 21, 29, 40, 58, 76, 79, 22, 24, 80, 72, 31, 23, 49, 35, 37, 6, 64, 69, 70]]
 5 [  0  30: 30 []]
-5 [ 36  30:490 [90, 107, 115, 88, 102, 122, 117, 85, 112, 84, 93, 109, 96, 86]]
-1 [ 36 520:520 [90, 107, 115, 88, 102, 122, 117, 85, 112, 84, 93, 109, 96, 86]]

y[670] = 1.0
Vehicle: 307  Cost: 38.64
Route: 3 68 116 28 48 100 -3 
  3 [ 8  89:104]
 68 [ 7 113:118]
116 [10 118:123]
 28 [ 7 125:130]
 48 [ 3 300:305]
100 [ 5 305:310]
 -3 [ 5 329:329]

y[1309] = 1.0
Vehicle: 302  Cost: 72.94
Route: 3 43 75 33 61 -3 
  3 [10 272:287]
 43 [ 9 298:303]
 75 [ 5 315:320]
 33 [ 1 334:339]
 61 [ 0 357:362]
 -3 [ 0 380:380]

y[1451] = 1.0
Vehicle: 504  Cost: 75.61
Route: 5 29 102 119 69 -5 
  5 [ 3  30: 45]
 29 [ 2  61: 66]
102 [ 6  78: 83]
119 [10  95:100]
 69 [ 8 300:305]
 -5 [ 8 338:338]

y[2541] = 1.0
Vehicle: 208  Cost: 25.84
Route: 2 41 11 -2 
  2 [ 8 132:411]
 41 [ 4 420:425]
 11 [ 0 433:438]
 -2 [ 0 447:447]

y[2674] = 1.0
Vehicle: 204  Cost: 62.38
Route: 2 44 18 71 77 -2 
  2 [10  51:176]
 44 [ 9 180:185]
 18 [ 5 192:197]
 71 [ 2 204:209]
 77 [ 0 420:425]
 -2 [ 0 454:454]

y[2835] = 1.0
Vehicle: 506  Cost: 74.56
Route: 5 64 35 125 79 106 47 -5 
  5 [10  30: 50]
 64 [ 8  60: 65]
 35 [ 7  81: 86]
125 [ 9 180:185]
 79 [ 6 185:190]
106 [ 7 202:207]
 47 [ 3 300:305]
 -5 [ 3 327:327]

y[3975] = 1.0
Vehicle: 404  Cost: 76.97
Route: 4 78 25 105 57 123 99 15 -4 
  4 [ 9 103:118]
 78 [ 5 132:137]
 25 [ 3 148:153]
105 [ 7 163:168]
 57 [ 6 168:173]
123 [ 7 183:188]
 99 [10 203:208]
 15 [ 8 300:305]
 -4 [ 8 316:316]

y[4337] = 1.0
Vehicle: 403  Cost: 60.69
Route: 4 39 94 10 118 30 92 -4 
  4 [ 8 103:118]
 39 [ 4 133:138]
 94 [ 6 138:143]
 10 [ 3 161:166]
118 [ 4 179:184]
 30 [ 3 300:305]
 92 [ 6 305:310]
 -4 [ 6 318:318]

y[4541] = 1.0
Vehicle: 512  Cost: 76.02
Route: 5 21 72 121 7 70 -5 
  5 [10  30: 45]
 21 [ 7  71: 76]
 72 [ 4 180:185]
121 [ 6 185:190]
  7 [ 3 196:201]
 70 [ 2 300:305]
 -5 [ 2 321:321]

y[5367] = 1.0
Vehicle: 303  Cost: 22.57
Route: 3 82 9 66 114 -3 
  3 [ 8  40: 55]
 82 [ 7  60: 65]
  9 [ 4  67: 72]
 66 [ 0 300:305]
114 [ 2 305:310]
 -3 [ 2 319:319]

y[5933] = 1.0
Vehicle: 507  Cost: 41.52
Route: 5 6 84 80 93 38 -5 
  5 [ 8 101:281]
  6 [ 4 300:305]
 84 [ 8 305:310]
 80 [ 6 420:425]
 93 [ 7 432:437]
 38 [ 5 437:442]
 -5 [ 5 451:451]

y[6557] = 1.0
Vehicle: 503  Cost: 83.13
Route: 5 117 58 107 122 23 90 49 -5 
  5 [ 5  30: 45]
117 [ 6  68: 73]
 58 [ 3  81: 86]
107 [ 4  92: 97]
122 [ 8 110:115]
 23 [ 7 123:128]
 90 [10 128:133]
 49 [ 9 145:150]
 -5 [ 9 163:163]

y[7103] = 1.0
Vehicle: 401  Cost: 123.66
Route: 4 56 32 8 67 17 -4 
  4 [10 103:407]
 56 [ 9 420:425]
 32 [ 8 433:438]
  8 [ 5 458:463]
 67 [ 2 488:493]
 17 [ 0 532:537]
 -4 [ 0 556:556]

y[7299] = 1.0
Vehicle: 501  Cost: 173.75
Route: 5 55 40 24 22 60 109 88 115 96 85 -5 
  5 [10 101:116]
 55 [ 8 181:186]
 40 [ 6 194:199]
 24 [ 5 300:305]
 22 [ 4 314:319]
 60 [ 0 328:333]
109 [ 3 333:338]
 88 [ 4 345:350]
115 [ 5 367:372]
 96 [ 9 420:425]
 85 [10 433:438]
 -5 [10 475:475]

y[8114] = 1.0
Vehicle: 501  Cost: 103.26
Route: 5 76 31 37 86 112 -5 
  5 [10  30:144]
 76 [ 7 180:185]
 31 [ 4 300:305]
 37 [ 0 310:315]
 86 [ 4 329:334]
112 [ 8 420:425]
 -5 [ 8 446:446]

y[8543] = 1.0
Vehicle: 303  Cost: 66.70
Route: 3 101 36 16 53 46 110 -3 
  3 [ 7  89:104]
101 [10 108:113]
 36 [ 6 129:134]
 16 [ 5 141:146]
 53 [ 4 300:305]
 46 [ 3 312:317]
110 [ 6 325:330]
 -3 [ 6 344:344]

y[8783] = 1.0
Vehicle: 304  Cost: 79.15
Route: 3 26 51 98 42 97 -3 
  3 [10 225:240]
 26 [ 7 268:273]
 51 [ 3 274:279]
 98 [ 7 295:300]
 42 [ 4 307:312]
 97 [ 5 312:317]
 -3 [ 5 344:344]

y[8784] = 1.0
Vehicle: 306  Cost: 123.73
Route: 3 12 54 20 87 111 63 95 89 59 -3 
  3 [10  40:147]
 12 [ 9 180:185]
 54 [ 7 190:195]
 20 [ 3 200:205]
 87 [ 4 210:215]
111 [ 8 233:238]
 63 [ 7 238:243]
 95 [ 8 260:265]
 89 [10 300:305]
 59 [ 8 311:316]
 -3 [ 8 349:349]

y[11659] = 1.0
Vehicle: 404  Cost: 71.06
Route: 4 74 19 120 113 65 103 83 127 -4 
  4 [10 103:156]
 74 [ 6 180:185]
 19 [ 3 189:194]
120 [ 4 202:207]
113 [ 6 211:216]
 65 [ 4 216:221]
103 [ 8 233:238]
 83 [ 7 244:249]
127 [10 249:254]
 -4 [10 267:267]

y[12821] = 1.0
Vehicle: 405  Cost: 27.32
Route: 4 73 52 34 -4 
  4 [ 9 103:118]
 73 [ 6 124:129]
 52 [ 2 137:142]
 34 [ 0 420:425]
 -4 [ 0 429:429]

y[12847] = 1.0
Vehicle: 406  Cost: 98.27
Route: 4 27 45 14 50 104 91 108 -4 
  4 [ 9 103:118]
 27 [ 5 136:141]
 45 [ 2 147:152]
 14 [ 1 170:175]
 50 [ 0 182:187]
104 [ 2 187:192]
 91 [ 3 200:205]
108 [ 7 211:216]
 -4 [ 7 251:251]

y[13990] = 1.0
Vehicle: 301  Cost: 55.13
Route: 3 62 124 81 126 13 -3 
  3 [ 9  40: 55]
 62 [ 7  78: 83]
124 [ 9 180:185]
 81 [ 5 194:199]
126 [ 7 199:204]
 13 [ 4 209:214]
 -3 [ 4 225:225]

FE: 4
SE: 22
!MIP-----
2001.9158021502708,5406.304729938507,0.018001822504325166,4,22,9344,14608

Run: 3
Total Cost: 1957.91
Vehicle: 11  Cost: 80.72
Route: 1 3 -3 -1 
 1 [ 60   0:  0 [79, 42, 66, 9, 48, 16, 28, 13, 43, 82, 46, 81, 51, 61, 47, 35, 33, 75, 62, 68, 53, 26, 36]]
 3 [  0  40: 40 []]
-3 [ 25  40:359 [116, 100, 98, 97, 114, 101, 126, 106, 110, 124, 125]]
-1 [ 25 399:399 [116, 100, 98, 97, 114, 101, 126, 106, 110, 124, 125]]

Vehicle: 13  Cost: 102.49
Route: 1 2 -2 -1 
 1 [ 35   0:  0 [60, 19, 55, 44, 24, 20, 59, 74, 12, 22, 40, 11, 41, 54]]
 2 [  0  51: 51 []]
-2 [ 15  51:454 [123, 109, 95, 89, 96, 87, 88, 115, 85]]
-1 [ 15 505:505 [123, 109, 95, 89, 96, 87, 88, 115, 85]]

Vehicle: 14  Cost: 160.31
Route: 1 4 -4 -1 
 1 [ 64   0:  0 [50, 14, 39, 30, 10, 56, 57, 7, 45, 65, 71, 17, 15, 18, 73, 83, 27, 77, 52, 63, 67, 8, 32, 34, 72, 25, 78]]
 4 [  0  80: 80 []]
-4 [ 36  80:339 [105, 127, 113, 121, 120, 108, 111, 94, 92, 118, 104, 103, 99, 91]]
-1 [ 36 419:419 [105, 127, 113, 121, 120, 108, 111, 94, 92, 118, 104, 103, 99, 91]]

Vehicle: 15  Cost: 60.00
Route: 1 5 -5 -1 
 1 [ 32   0:  0 [58, 49, 6, 64, 76, 31, 38, 29, 80, 21, 70, 37, 69, 23]]
 5 [  0  30: 30 []]
-5 [ 30  30:466 [93, 112, 84, 119, 117, 102, 90, 86, 107, 122]]
-1 [ 30 496:496 [93, 112, 84, 119, 117, 102, 90, 86, 107, 122]]

Vehicle: 201  Cost: 93.01
Route: 2 55 87 40 95 89 24 22 60 109 88 115 -2 
  2 [10  51: 66]
 55 [ 8  90: 95]
 87 [ 9 102:107]
 40 [ 7 109:114]
 95 [ 8 114:119]
 89 [10 300:305]
 24 [ 9 310:315]
 22 [ 8 324:329]
 60 [ 4 338:343]
109 [ 7 343:348]
 88 [ 8 355:360]
115 [ 9 377:382]
 -2 [ 9 394:394]

Vehicle: 202  Cost: 69.21
Route: 2 12 54 20 59 -2 
  2 [ 9  51:149]
 12 [ 8 180:185]
 54 [ 6 190:195]
 20 [ 2 200:205]
 59 [ 0 300:305]
 -2 [ 0 332:332]

Vehicle: 203  Cost: 28.03
Route: 2 19 74 123 44 -2 
  2 [ 8  51:171]
 19 [ 5 180:185]
 74 [ 1 189:194]
123 [ 2 194:199]
 44 [ 1 209:214]
 -2 [ 1 219:219]

Vehicle: 205  Cost: 25.84
Route: 2 11 85 41 96 -2 
  2 [ 8  51:291]
 11 [ 4 300:305]
 85 [ 5 305:310]
 41 [ 1 420:425]
 96 [ 5 425:430]
 -2 [ 5 439:439]

Vehicle: 301  Cost: 79.15
Route: 3 26 51 98 97 42 -3 
  3 [10  40: 55]
 26 [ 7  84: 89]
 51 [ 3  90: 95]
 98 [ 7 111:116]
 97 [ 8 300:305]
 42 [ 5 305:310]
 -3 [ 5 337:337]

Vehicle: 302  Cost: 53.47
Route: 3 36 47 -3 
  3 [ 8  40: 55]
 36 [ 4  75: 80]
 47 [ 0 300:305]
 -3 [ 0 330:330]

Vehicle: 303  Cost: 38.64
Route: 3 68 116 28 48 100 -3 
  3 [ 8  40: 55]
 68 [ 7  64: 69]
116 [10  69: 74]
 28 [ 7  77: 82]
 48 [ 3 300:305]
100 [ 5 305:310]
 -3 [ 5 329:329]

Vehicle: 304  Cost: 72.94
Route: 3 43 75 33 61 -3 
  3 [10  40: 55]
 43 [ 9  66: 71]
 75 [ 5 300:305]
 33 [ 1 319:324]
 61 [ 0 342:347]
 -3 [ 0 365:365]

Vehicle: 305  Cost: 22.57
Route: 3 82 9 66 114 -3 
  3 [ 8  40: 55]
 82 [ 7  60: 65]
  9 [ 4  67: 72]
 66 [ 0 300:305]
114 [ 2 305:310]
 -3 [ 2 319:319]

Vehicle: 306  Cost: 55.13
Route: 3 13 81 126 124 62 -3 
  3 [ 9  40: 55]
 13 [ 6  67: 72]
 81 [ 2  77: 82]
126 [ 4  82: 87]
124 [ 6 180:185]
 62 [ 4 192:197]
 -3 [ 4 220:220]

Vehicle: 309  Cost: 92.26
Route: 3 101 16 106 35 79 125 53 46 110 -3 
  3 [ 7  40: 56]
101 [10  60: 65]
 16 [ 9  76: 81]
106 [10  95:100]
 35 [ 9 114:119]
 79 [ 6 180:185]
125 [ 8 185:190]
 53 [ 7 300:305]
 46 [ 6 312:317]
110 [ 9 325:330]
 -3 [ 9 344:344]

Vehicle: 401  Cost: 87.57
Route: 4 78 25 77 32 56 -4 
  4 [10  80: 95]
 78 [ 6 109:114]
 25 [ 4 125:130]
 77 [ 2 420:425]
 32 [ 1 458:463]
 56 [ 0 471:476]
 -4 [ 0 489:489]

Vehicle: 402  Cost: 87.05
Route: 4 45 72 121 7 103 83 127 -4 
  4 [10  80: 95]
 45 [ 7 117:122]
 72 [ 4 180:185]
121 [ 6 185:190]
  7 [ 3 196:201]
103 [ 7 220:225]
 83 [ 6 231:236]
127 [ 9 236:241]
 -4 [ 9 254:254]

Vehicle: 403  Cost: 99.29
Route: 4 27 14 104 50 91 108 17 -4 
  4 [ 8  80: 95]
 27 [ 4 113:118]
 14 [ 3 139:144]
104 [ 5 180:185]
 50 [ 4 185:190]
 91 [ 5 198:203]
108 [ 9 209:214]
 17 [ 7 300:305]
 -4 [ 7 324:324]

Vehicle: 404  Cost: 104.56
Route: 4 39 94 10 63 111 118 30 92 -4 
  4 [ 9  80: 95]
 39 [ 5 110:115]
 94 [ 7 115:120]
 10 [ 4 138:143]
 63 [ 3 171:176]
111 [ 7 176:181]
118 [ 8 210:215]
 30 [ 7 300:305]
 92 [10 305:310]
 -4 [10 318:318]

Vehicle: 405  Cost: 89.84
Route: 4 52 67 8 -4 
  4 [10  80: 95]
 52 [ 6 109:114]
 67 [ 3 300:305]
  8 [ 0 420:425]
 -4 [ 0 446:446]

Vehicle: 406  Cost: 30.43
Route: 4 73 34 15 -4 
  4 [ 7  80: 95]
 73 [ 4 101:106]
 34 [ 2 420:425]
 15 [ 0 437:442]
 -4 [ 0 453:453]

Vehicle: 407  Cost: 80.72
Route: 4 71 57 105 18 120 65 113 99 -4 
  4 [10  80:154]
 71 [ 7 180:185]
 57 [ 6 191:196]
105 [10 196:201]
 18 [ 6 204:209]
120 [ 7 225:230]
 65 [ 5 234:239]
113 [ 7 239:244]
 99 [10 257:262]
 -4 [10 275:275]

Vehicle: 501  Cost: 85.24
Route: 5 49 23 90 122 58 107 117 -5 
  5 [ 5  30: 45]
 49 [ 4  58: 63]
 23 [ 3  75: 80]
 90 [ 6  80: 85]
122 [10  94: 99]
 58 [ 7 108:113]
107 [ 8 119:124]
117 [ 9 138:143]
 -5 [ 9 165:165]

Vehicle: 502  Cost: 87.19
Route: 5 76 31 37 86 -5 
  5 [10  30:144]
 76 [ 7 180:185]
 31 [ 4 300:305]
 37 [ 0 310:315]
 86 [ 4 329:334]
 -5 [ 4 364:364]

Vehicle: 503  Cost: 64.70
Route: 5 64 29 21 112 70 -5 
  5 [ 7  30: 50]
 64 [ 5  60: 65]
 29 [ 4  76: 81]
 21 [ 1  93: 98]
112 [ 5 420:425]
 70 [ 4 430:435]
 -5 [ 4 451:451]

Vehicle: 504  Cost: 66.03
Route: 5 102 119 69 -5 
  5 [ 2  30: 45]
102 [ 6  63: 68]
119 [10  80: 85]
 69 [ 8 300:305]
 -5 [ 8 338:338]

Vehicle: 507  Cost: 41.52
Route: 5 6 84 80 38 93 -5 
  5 [ 8  30:281]
  6 [ 4 300:305]
 84 [ 8 305:310]
 80 [ 6 420:425]
 38 [ 4 432:437]
 93 [ 5 437:442]
 -5 [ 5 451:451]

Total Cost: 1957.91
 11:80.72, 60:75 [1, 3, -3, -1]
 13:102.49, 35:75 [1, 2, -2, -1]
 14:160.31, 64:75 [1, 4, -4, -1]
 15:60.00, 32:75 [1, 5, -5, -1]
201:93.01, 10:10 [2, 55, 87, 40, 95, 89, 24, 22, 60, 109, 88, 115, -2]
202:69.21, 9:10 [2, 12, 54, 20, 59, -2]
203:28.03, 8:10 [2, 19, 74, 123, 44, -2]
205:25.84, 8:10 [2, 11, 85, 41, 96, -2]
301:79.15, 10:10 [3, 26, 51, 98, 97, 42, -3]
302:53.47, 8:10 [3, 36, 47, -3]
303:38.64, 10:10 [3, 68, 116, 28, 48, 100, -3]
304:72.94, 10:10 [3, 43, 75, 33, 61, -3]
305:22.57, 8:10 [3, 82, 9, 66, 114, -3]
306:55.13, 9:10 [3, 13, 81, 126, 124, 62, -3]
309:92.26, 10:10 [3, 101, 16, 106, 35, 79, 125, 53, 46, 110, -3]
401:87.57, 10:10 [4, 78, 25, 77, 32, 56, -4]
402:87.05, 10:10 [4, 45, 72, 121, 7, 103, 83, 127, -4]
403:99.29, 9:10 [4, 27, 14, 104, 50, 91, 108, 17, -4]
404:104.56, 10:10 [4, 39, 94, 10, 63, 111, 118, 30, 92, -4]
405:89.84, 10:10 [4, 52, 67, 8, -4]
406:30.43, 7:10 [4, 73, 34, 15, -4]
407:80.72, 10:10 [4, 71, 57, 105, 18, 120, 65, 113, 99, -4]
501:85.24, 10:10 [5, 49, 23, 90, 122, 58, 107, 117, -5]
502:87.19, 10:10 [5, 76, 31, 37, 86, -5]
503:64.70, 7:10 [5, 64, 29, 21, 112, 70, -5]
504:66.03, 10:10 [5, 102, 119, 69, -5]
507:41.52, 8:10 [5, 6, 84, 80, 38, 93, -5]
fe: 4, se: 23

!ALNS------------
100000,1957.911852107769,941.018,444.466,4,23,0.6366666666666667,0.9173913043478261,30.5,5.304347826086956
12 29 15 11 0 0 9 0 
9.601365960410616 23.880708246624437 11.118853420761651 12.255519950967303 59.027703061613195 60.909202808311 15.325355103539634 29.64290715712953 
8 10 8 17 5 10 17 1 
15.202799826007421 17.490371481876814 15.493145733024884 15.739695175850608 16.50421257024183 13.814783562805927 15.145080115167715 17.642545048544182 

x[4057] = 1.0
Vehicle: 14  Cost: 160.31
Route: 1 4 -4 -1 
 1 [ 64   0:  0 [50, 14, 39, 30, 10, 56, 57, 7, 45, 65, 71, 17, 15, 18, 73, 83, 27, 77, 52, 63, 67, 8, 32, 34, 72, 25, 78]]
 4 [  0  80: 80 []]
-4 [ 37  80:339 [105, 127, 113, 121, 120, 108, 111, 94, 92, 118, 104, 103, 99, 91, 106]]
-1 [ 37 419:419 [105, 127, 113, 121, 120, 108, 111, 94, 92, 118, 104, 103, 99, 91, 106]]

x[6982] = 1.0
Vehicle: 11  Cost: 80.72
Route: 1 3 -3 -1 
 1 [ 60   0:  0 [66, 42, 46, 81, 51, 13, 9, 82, 68, 53, 75, 28, 26, 33, 35, 43, 61, 47, 16, 48, 36, 62, 79]]
 3 [  0  40: 40 []]
-3 [ 25  40:377 [106, 125, 114, 110, 97, 100, 126, 124, 116, 101, 98]]
-1 [ 25 417:417 [106, 125, 114, 110, 97, 100, 126, 124, 116, 101, 98]]

x[7463] = 1.0
Vehicle: 15  Cost: 60.00
Route: 1 5 -5 -1 
 1 [ 32   0:  0 [80, 6, 23, 21, 31, 64, 69, 37, 76, 70, 49, 38, 29, 58]]
 5 [  0  30: 30 []]
-5 [ 35  30:544 [93, 117, 84, 86, 112, 119, 122, 107, 96, 102, 90, 85]]
-1 [ 35 574:574 [93, 117, 84, 86, 112, 119, 122, 107, 96, 102, 90, 85]]

x[9245] = 1.0
Vehicle: 13  Cost: 102.49
Route: 1 2 -2 -1 
 1 [ 35   0:  0 [12, 55, 60, 22, 20, 59, 54, 44, 74, 19, 40, 24, 11, 41]]
 2 [  0  51: 51 []]
-2 [ 19  51:472 [87, 88, 96, 85, 109, 89, 123, 115, 103, 95]]
-1 [ 19 524:524 [87, 88, 96, 85, 109, 89, 123, 115, 103, 95]]

y[803] = 1.0
Vehicle: 406  Cost: 30.43
Route: 4 73 34 15 -4 
  4 [ 7 115:130]
 73 [ 4 135:140]
 34 [ 2 420:425]
 15 [ 0 437:442]
 -4 [ 0 453:453]

y[1009] = 1.0
Vehicle: 506  Cost: 66.03
Route: 5 102 119 69 -5 
  5 [ 2 152:167]
102 [ 6 185:190]
119 [10 203:208]
 69 [ 8 300:305]
 -5 [ 8 338:338]

y[2237] = 1.0
Vehicle: 405  Cost: 89.84
Route: 4 52 67 8 -4 
  4 [10 115:130]
 52 [ 6 143:148]
 67 [ 3 300:305]
  8 [ 0 420:425]
 -4 [ 0 446:446]

y[4998] = 1.0
Vehicle: 404  Cost: 87.05
Route: 4 45 72 121 7 103 83 127 -4 
  4 [10 130:145]
 45 [ 7 166:171]
 72 [ 4 192:197]
121 [ 6 197:202]
  7 [ 3 208:213]
103 [ 7 233:238]
 83 [ 6 244:249]
127 [ 9 249:254]
 -4 [ 9 267:267]

y[6245] = 1.0
Vehicle: 307  Cost: 54.20
Route: 3 28 97 42 48 100 -3 
  3 [10  40: 55]
 28 [ 7  66: 71]
 97 [ 8 300:305]
 42 [ 5 305:310]
 48 [ 1 318:323]
100 [ 3 323:328]
 -3 [ 3 347:347]

y[6576] = 1.0
Vehicle: 401  Cost: 87.57
Route: 4 78 25 77 32 56 -4 
  4 [10 142:157]
 78 [ 6 171:176]
 25 [ 4 187:192]
 77 [ 2 420:425]
 32 [ 1 458:463]
 56 [ 0 471:476]
 -4 [ 0 489:489]

y[6913] = 1.0
Vehicle: 201  Cost: 93.01
Route: 2 55 87 40 95 89 24 22 60 109 88 115 -2 
  2 [10  86:101]
 55 [ 8 125:130]
 87 [ 9 138:143]
 40 [ 7 144:149]
 95 [ 8 149:154]
 89 [10 300:305]
 24 [ 9 310:315]
 22 [ 8 324:329]
 60 [ 4 338:343]
109 [ 7 343:348]
 88 [ 8 355:360]
115 [ 9 377:382]
 -2 [ 9 394:394]

y[6978] = 1.0
Vehicle: 502  Cost: 83.13
Route: 5 117 58 107 122 23 90 49 -5 
  5 [ 5  30: 45]
117 [ 6  68: 73]
 58 [ 3  81: 86]
107 [ 4  92: 97]
122 [ 8 110:115]
 23 [ 7 123:128]
 90 [10 128:133]
 49 [ 9 145:150]
 -5 [ 9 163:163]

y[7423] = 1.0
Vehicle: 205  Cost: 25.84
Route: 2 11 85 41 96 -2 
  2 [ 8  86:291]
 11 [ 4 300:305]
 85 [ 5 305:310]
 41 [ 1 420:425]
 96 [ 5 425:430]
 -2 [ 5 439:439]

y[8371] = 1.0
Vehicle: 202  Cost: 69.21
Route: 2 12 54 20 59 -2 
  2 [ 9 222:237]
 12 [ 8 268:273]
 54 [ 6 278:283]
 20 [ 2 288:293]
 59 [ 0 300:305]
 -2 [ 0 332:332]

y[9354] = 1.0
Vehicle: 501  Cost: 64.70
Route: 5 64 29 21 112 70 -5 
  5 [ 7  30: 50]
 64 [ 5  60: 65]
 29 [ 4  76: 81]
 21 [ 1  93: 98]
112 [ 5 420:425]
 70 [ 4 430:435]
 -5 [ 4 451:451]

y[10184] = 1.0
Vehicle: 407  Cost: 80.72
Route: 4 71 57 105 18 120 65 113 99 -4 
  4 [10 103:154]
 71 [ 7 180:185]
 57 [ 6 191:196]
105 [10 196:201]
 18 [ 6 204:209]
120 [ 7 225:230]
 65 [ 5 234:239]
113 [ 7 239:244]
 99 [10 257:262]
 -4 [10 275:275]

y[10656] = 1.0
Vehicle: 502  Cost: 87.19
Route: 5 76 31 37 86 -5 
  5 [10 152:167]
 76 [ 7 203:208]
 31 [ 4 300:305]
 37 [ 0 310:315]
 86 [ 4 329:334]
 -5 [ 4 364:364]

y[10842] = 1.0
Vehicle: 404  Cost: 104.56
Route: 4 39 94 10 63 111 118 30 92 -4 
  4 [ 9 142:157]
 39 [ 5 172:177]
 94 [ 7 177:182]
 10 [ 4 200:205]
 63 [ 3 233:238]
111 [ 7 238:243]
118 [ 8 272:277]
 30 [ 7 300:305]
 92 [10 305:310]
 -4 [10 318:318]

y[10922] = 1.0
Vehicle: 403  Cost: 99.29
Route: 4 27 14 104 50 91 108 17 -4 
  4 [ 8 103:118]
 27 [ 4 136:141]
 14 [ 3 162:167]
104 [ 5 180:185]
 50 [ 4 185:190]
 91 [ 5 198:203]
108 [ 9 209:214]
 17 [ 7 300:305]
 -4 [ 7 324:324]

y[11374] = 1.0
Vehicle: 309  Cost: 91.55
Route: 3 79 125 35 106 53 46 110 66 114 -3 
  3 [10  90:147]
 79 [ 7 180:185]
125 [ 9 185:190]
 35 [ 8 193:198]
106 [ 9 212:217]
 53 [ 8 300:305]
 46 [ 7 312:317]
110 [10 325:330]
 66 [ 6 335:340]
114 [ 8 340:345]
 -3 [ 8 354:354]

y[11618] = 1.0
Vehicle: 203  Cost: 28.03
Route: 2 19 74 123 44 -2 
  2 [ 8  86:171]
 19 [ 5 180:185]
 74 [ 1 189:194]
123 [ 2 194:199]
 44 [ 1 209:214]
 -2 [ 1 219:219]

y[11640] = 1.0
Vehicle: 305  Cost: 65.42
Route: 3 82 16 36 47 -3 
  3 [10  40: 55]
 82 [ 9  60: 65]
 16 [ 8  85: 90]
 36 [ 4  97:102]
 47 [ 0 300:305]
 -3 [ 0 330:330]

y[12322] = 1.0
Vehicle: 305  Cost: 77.74
Route: 3 62 26 51 98 68 116 101 -3 
  3 [10  40: 55]
 62 [ 8  78: 83]
 26 [ 5  94: 99]
 51 [ 1 101:106]
 98 [ 5 122:127]
 68 [ 4 141:146]
116 [ 7 146:151]
101 [10 159:164]
 -3 [10 168:168]

y[12975] = 1.0
Vehicle: 306  Cost: 50.37
Route: 3 9 13 126 81 124 -3 
  3 [10  40: 55]
  9 [ 7  62: 67]
 13 [ 4  74: 79]
126 [ 6  84: 89]
 81 [ 2  89: 94]
124 [ 4 180:185]
 -3 [ 4 208:208]

y[15059] = 1.0
Vehicle: 507  Cost: 41.52
Route: 5 6 84 80 38 93 -5 
  5 [ 8 312:388]
  6 [ 4 408:413]
 84 [ 8 413:418]
 80 [ 6 424:429]
 38 [ 4 436:441]
 93 [ 5 441:446]
 -5 [ 5 455:455]

y[15079] = 1.0
Vehicle: 307  Cost: 72.94
Route: 3 43 75 33 61 -3 
  3 [10  89:104]
 43 [ 9 114:119]
 75 [ 5 300:305]
 33 [ 1 319:324]
 61 [ 0 342:347]
 -3 [ 0 365:365]

FE: 4
SE: 22
!MIP-----
1953.8473308426546,2323.577290058136,9.461146144691751E-5,4,22,10359,15400

Run: 4
Total Cost: 1961.87
Vehicle: 11  Cost: 80.72
Route: 1 3 -3 -1 
 1 [ 60   0:  0 [66, 79, 35, 36, 47, 53, 62, 28, 68, 75, 13, 42, 9, 46, 48, 33, 51, 82, 43, 16, 81, 61, 26]]
 3 [  0  40: 40 []]
-3 [ 25  40:359 [110, 116, 97, 124, 106, 125, 114, 98, 101, 126, 100]]
-1 [ 25 399:399 [110, 116, 97, 124, 106, 125, 114, 98, 101, 126, 100]]

Vehicle: 13  Cost: 102.49
Route: 1 2 -2 -1 
 1 [ 43   0:  0 [41, 74, 22, 20, 25, 59, 60, 12, 77, 19, 54, 44, 24, 11, 18, 55, 40]]
 2 [  0  51: 51 []]
-2 [ 15  51:454 [88, 89, 85, 96, 115, 123, 87, 95, 109]]
-1 [ 15 505:505 [88, 89, 85, 96, 115, 123, 87, 95, 109]]

Vehicle: 16  Cost: 160.31
Route: 1 4 -4 -1 
 1 [ 56   0:  0 [17, 65, 71, 10, 63, 56, 45, 52, 72, 67, 32, 50, 27, 8, 7, 34, 57, 30, 14, 83, 15, 73, 78, 39]]
 4 [  0  80: 80 []]
-4 [ 36  80:339 [108, 104, 91, 92, 118, 105, 127, 103, 111, 121, 113, 120, 99, 94]]
-1 [ 36 419:419 [108, 104, 91, 92, 118, 105, 127, 103, 111, 121, 113, 120, 99, 94]]

Vehicle: 18  Cost: 60.00
Route: 1 5 -5 -1 
 1 [ 32   0:  0 [37, 49, 80, 58, 76, 21, 38, 6, 70, 69, 23, 64, 29, 31]]
 5 [  0  30: 30 []]
-5 [ 30  30:466 [119, 93, 112, 86, 117, 90, 84, 102, 122, 107]]
-1 [ 30 496:496 [119, 93, 112, 86, 117, 90, 84, 102, 122, 107]]

Vehicle: 201  Cost: 25.84
Route: 2 11 85 96 41 -2 
  2 [ 8  51:291]
 11 [ 4 300:305]
 85 [ 5 305:310]
 96 [ 9 420:425]
 41 [ 5 425:430]
 -2 [ 5 439:439]

Vehicle: 202  Cost: 61.40
Route: 2 44 18 25 77 -2 
  2 [ 9  51:176]
 44 [ 8 180:185]
 18 [ 4 192:197]
 25 [ 2 209:214]
 77 [ 0 420:425]
 -2 [ 0 454:454]

Vehicle: 203  Cost: 27.21
Route: 2 19 123 74 -2 
  2 [ 7  51:171]
 19 [ 4 180:185]
123 [ 5 189:194]
 74 [ 1 194:199]
 -2 [ 1 213:213]

Vehicle: 204  Cost: 69.21
Route: 2 12 54 20 59 -2 
  2 [ 9  51:149]
 12 [ 8 180:185]
 54 [ 6 190:195]
 20 [ 2 200:205]
 59 [ 0 300:305]
 -2 [ 0 332:332]

Vehicle: 206  Cost: 93.01
Route: 2 55 87 95 40 89 24 22 60 109 88 115 -2 
  2 [10  51: 66]
 55 [ 8  90: 95]
 87 [ 9 102:107]
 95 [10 109:114]
 40 [ 8 114:119]
 89 [10 300:305]
 24 [ 9 310:315]
 22 [ 8 324:329]
 60 [ 4 338:343]
109 [ 7 343:348]
 88 [ 8 355:360]
115 [ 9 377:382]
 -2 [ 9 394:394]

Vehicle: 301  Cost: 55.13
Route: 3 13 126 81 124 62 -3 
  3 [ 9  40: 55]
 13 [ 6  67: 72]
126 [ 8  77: 82]
 81 [ 4  82: 87]
124 [ 6 180:185]
 62 [ 4 192:197]
 -3 [ 4 220:220]

Vehicle: 302  Cost: 79.15
Route: 3 26 51 98 42 97 -3 
  3 [10  40: 55]
 26 [ 7  84: 89]
 51 [ 3  90: 95]
 98 [ 7 111:116]
 42 [ 4 300:305]
 97 [ 5 305:310]
 -3 [ 5 337:337]

Vehicle: 303  Cost: 92.26
Route: 3 101 16 106 35 79 125 53 46 110 -3 
  3 [ 7  40: 56]
101 [10  60: 65]
 16 [ 9  76: 81]
106 [10  95:100]
 35 [ 9 114:119]
 79 [ 6 180:185]
125 [ 8 185:190]
 53 [ 7 300:305]
 46 [ 6 312:317]
110 [ 9 325:330]
 -3 [ 9 344:344]

Vehicle: 304  Cost: 53.47
Route: 3 36 47 -3 
  3 [ 8  40: 55]
 36 [ 4  75: 80]
 47 [ 0 300:305]
 -3 [ 0 330:330]

Vehicle: 305  Cost: 38.64
Route: 3 68 116 28 100 48 -3 
  3 [ 8  40: 55]
 68 [ 7  64: 69]
116 [10  69: 74]
 28 [ 7  77: 82]
100 [ 9 300:305]
 48 [ 5 305:310]
 -3 [ 5 329:329]

Vehicle: 306  Cost: 72.94
Route: 3 43 75 33 61 -3 
  3 [10  40: 55]
 43 [ 9  66: 71]
 75 [ 5 300:305]
 33 [ 1 319:324]
 61 [ 0 342:347]
 -3 [ 0 365:365]

Vehicle: 308  Cost: 22.57
Route: 3 82 9 114 66 -3 
  3 [ 8  40: 55]
 82 [ 7  60: 65]
  9 [ 4  67: 72]
114 [ 6 300:305]
 66 [ 2 305:310]
 -3 [ 2 319:319]

Vehicle: 402  Cost: 87.05
Route: 4 45 121 72 7 103 83 127 -4 
  4 [10  80: 95]
 45 [ 7 117:122]
121 [ 9 180:185]
 72 [ 6 185:190]
  7 [ 3 196:201]
103 [ 7 220:225]
 83 [ 6 231:236]
127 [ 9 236:241]
 -4 [ 9 254:254]

Vehicle: 403  Cost: 104.56
Route: 4 39 94 10 111 63 118 30 92 -4 
  4 [ 9  80: 95]
 39 [ 5 110:115]
 94 [ 7 115:120]
 10 [ 4 138:143]
111 [ 8 171:176]
 63 [ 7 176:181]
118 [ 8 210:215]
 30 [ 7 300:305]
 92 [10 305:310]
 -4 [10 318:318]

Vehicle: 404  Cost: 122.72
Route: 4 56 32 8 67 15 -4 
  4 [10  80:407]
 56 [ 9 420:425]
 32 [ 8 433:438]
  8 [ 5 458:463]
 67 [ 2 488:493]
 15 [ 0 539:544]
 -4 [ 0 555:555]

Vehicle: 405  Cost: 27.32
Route: 4 73 52 34 -4 
  4 [ 9  80: 95]
 73 [ 6 101:106]
 52 [ 2 114:119]
 34 [ 0 420:425]
 -4 [ 0 429:429]

Vehicle: 406  Cost: 81.71
Route: 4 78 71 57 105 120 113 65 99 -4 
  4 [10  80: 95]
 78 [ 6 109:114]
 71 [ 3 180:185]
 57 [ 2 191:196]
105 [ 6 196:201]
120 [ 7 219:224]
113 [ 9 228:233]
 65 [ 7 233:238]
 99 [10 250:255]
 -4 [10 269:269]

Vehicle: 407  Cost: 99.29
Route: 4 27 14 50 104 91 108 17 -4 
  4 [ 8  80: 95]
 27 [ 4 113:118]
 14 [ 3 139:144]
 50 [ 2 180:185]
104 [ 4 185:190]
 91 [ 5 198:203]
108 [ 9 209:214]
 17 [ 7 300:305]
 -4 [ 7 324:324]

Vehicle: 501  Cost: 104.37
Route: 5 29 31 37 86 112 70 -5 
  5 [ 9  30: 45]
 29 [ 8  61: 66]
 31 [ 5 300:305]
 37 [ 1 310:315]
 86 [ 5 329:334]
112 [ 9 420:425]
 70 [ 8 430:435]
 -5 [ 8 451:451]

Vehicle: 503  Cost: 83.13
Route: 5 117 58 107 122 23 90 49 -5 
  5 [ 5  30: 45]
117 [ 6  68: 73]
 58 [ 3  81: 86]
107 [ 4  92: 97]
122 [ 8 110:115]
 23 [ 7 123:128]
 90 [10 128:133]
 49 [ 9 145:150]
 -5 [ 9 163:163]

Vehicle: 504  Cost: 41.52
Route: 5 6 84 80 38 93 -5 
  5 [ 8  30:281]
  6 [ 4 300:305]
 84 [ 8 305:310]
 80 [ 6 420:425]
 38 [ 4 432:437]
 93 [ 5 437:442]
 -5 [ 5 451:451]

Vehicle: 505  Cost: 115.85
Route: 5 64 21 76 102 119 69 -5 
  5 [10  30: 50]
 64 [ 8  60: 65]
 21 [ 5  81: 86]
 76 [ 2 180:185]
102 [ 6 216:221]
119 [10 233:238]
 69 [ 8 300:305]
 -5 [ 8 338:338]

Total Cost: 1961.87
 11:80.72, 60:75 [1, 3, -3, -1]
 13:102.49, 43:75 [1, 2, -2, -1]
 16:160.31, 56:75 [1, 4, -4, -1]
 18:60.00, 32:75 [1, 5, -5, -1]
201:25.84, 9:10 [2, 11, 85, 96, 41, -2]
202:61.40, 9:10 [2, 44, 18, 25, 77, -2]
203:27.21, 7:10 [2, 19, 123, 74, -2]
204:69.21, 9:10 [2, 12, 54, 20, 59, -2]
206:93.01, 10:10 [2, 55, 87, 95, 40, 89, 24, 22, 60, 109, 88, 115, -2]
301:55.13, 9:10 [3, 13, 126, 81, 124, 62, -3]
302:79.15, 10:10 [3, 26, 51, 98, 42, 97, -3]
303:92.26, 10:10 [3, 101, 16, 106, 35, 79, 125, 53, 46, 110, -3]
304:53.47, 8:10 [3, 36, 47, -3]
305:38.64, 10:10 [3, 68, 116, 28, 100, 48, -3]
306:72.94, 10:10 [3, 43, 75, 33, 61, -3]
308:22.57, 8:10 [3, 82, 9, 114, 66, -3]
402:87.05, 10:10 [4, 45, 121, 72, 7, 103, 83, 127, -4]
403:104.56, 10:10 [4, 39, 94, 10, 111, 63, 118, 30, 92, -4]
404:122.72, 10:10 [4, 56, 32, 8, 67, 15, -4]
405:27.32, 9:10 [4, 73, 52, 34, -4]
406:81.71, 10:10 [4, 78, 71, 57, 105, 120, 113, 65, 99, -4]
407:99.29, 9:10 [4, 27, 14, 50, 104, 91, 108, 17, -4]
501:104.37, 9:10 [5, 29, 31, 37, 86, 112, 70, -5]
503:83.13, 10:10 [5, 117, 58, 107, 122, 23, 90, 49, -5]
504:41.52, 8:10 [5, 6, 84, 80, 38, 93, -5]
505:115.85, 10:10 [5, 64, 21, 76, 102, 119, 69, -5]
fe: 4, se: 22

!ALNS------------
100000,1961.8710857570527,434.612,262.266,4,22,0.6366666666666667,0.9272727272727272,30.5,5.545454545454546
23 24 18 5 0 0 1 1 
9.403819995438623 22.338096127308035 9.603322599906978 11.866401409269647 44.57737672025447 38.95270959263533 13.734246595105924 26.655598884032848 
8 10 8 8 6 8 15 9 
13.460896489108363 13.318614779160285 17.100547536813565 14.757009540235755 13.025090866974695 14.09239832930059 14.561486302142347 15.878288556858168 

x[10047] = 1.0
Vehicle: 11  Cost: 80.72
Route: 1 3 -3 -1 
 1 [ 60   0:  0 [66, 47, 53, 62, 75, 13, 9, 46, 48, 33, 16, 81, 26, 51, 68, 42, 35, 36, 28, 43, 82, 61, 79]]
 3 [  0  40: 40 []]
-3 [ 34  40:379 [116, 97, 106, 114, 98, 101, 100, 126, 124, 110, 125, 119, 122, 107]]
-1 [ 34 420:420 [116, 97, 106, 114, 98, 101, 100, 126, 124, 110, 125, 119, 122, 107]]

x[10687] = 1.0
Vehicle: 16  Cost: 160.31
Route: 1 4 -4 -1 
 1 [ 64   0:  0 [7, 34, 78, 30, 57, 52, 27, 45, 72, 50, 56, 77, 39, 73, 71, 8, 63, 32, 83, 25, 14, 65, 15, 17, 67, 10, 18]]
 4 [  0  80: 80 []]
-4 [ 40  80:339 [113, 94, 104, 99, 127, 105, 108, 118, 103, 120, 91, 92, 111, 121, 106, 116]]
-1 [ 40 419:419 [113, 94, 104, 99, 127, 105, 108, 118, 103, 120, 91, 92, 111, 121, 106, 116]]

x[21821] = 1.0
Vehicle: 13  Cost: 102.49
Route: 1 2 -2 -1 
 1 [ 35   0:  0 [41, 44, 11, 20, 60, 12, 19, 55, 24, 22, 54, 59, 40, 74]]
 2 [  0  51: 51 []]
-2 [ 36  51:528 [109, 96, 88, 110, 89, 87, 115, 123, 95, 85, 86, 93, 112, 119, 117, 122]]
-1 [ 36 579:579 [109, 96, 88, 110, 89, 87, 115, 123, 95, 85, 86, 93, 112, 119, 117, 122]]

x[24299] = 1.0
Vehicle: 18  Cost: 60.00
Route: 1 5 -5 -1 
 1 [ 32   0:  0 [58, 6, 49, 64, 37, 23, 38, 80, 31, 21, 29, 76, 69, 70]]
 5 [  0  30: 30 []]
-5 [ 30  30:598 [117, 122, 93, 90, 119, 86, 84, 107, 102, 112]]
-1 [ 30 628:628 [117, 122, 93, 90, 119, 86, 84, 107, 102, 112]]

y[4480] = 1.0
Vehicle: 501  Cost: 87.19
Route: 5 76 31 37 86 -5 
  5 [10 108:144]
 76 [ 7 180:185]
 31 [ 4 300:305]
 37 [ 0 310:315]
 86 [ 4 329:334]
 -5 [ 4 364:364]

y[5650] = 1.0
Vehicle: 504  Cost: 83.13
Route: 5 117 58 107 122 23 90 49 -5 
  5 [ 5  30: 45]
117 [ 6  68: 73]
 58 [ 3  81: 86]
107 [ 4  92: 97]
122 [ 8 110:115]
 23 [ 7 123:128]
 90 [10 128:133]
 49 [ 9 145:150]
 -5 [ 9 163:163]

y[7031] = 1.0
Vehicle: 407  Cost: 99.29
Route: 4 27 14 50 104 91 108 17 -4 
  4 [ 8 104:119]
 27 [ 4 137:142]
 14 [ 3 163:168]
 50 [ 2 180:185]
104 [ 4 185:190]
 91 [ 5 198:203]
108 [ 9 209:214]
 17 [ 7 300:305]
 -4 [ 7 324:324]

y[8889] = 1.0
Vehicle: 401  Cost: 87.57
Route: 4 78 25 77 32 56 -4 
  4 [10 103:118]
 78 [ 6 132:137]
 25 [ 4 148:153]
 77 [ 2 420:425]
 32 [ 1 458:463]
 56 [ 0 471:476]
 -4 [ 0 489:489]

y[9906] = 1.0
Vehicle: 402  Cost: 30.43
Route: 4 73 34 15 -4 
  4 [ 7 103:118]
 73 [ 4 124:129]
 34 [ 2 420:425]
 15 [ 0 437:442]
 -4 [ 0 453:453]

y[9983] = 1.0
Vehicle: 302  Cost: 77.74
Route: 3 62 26 51 98 116 68 101 -3 
  3 [10  40: 55]
 62 [ 8  78: 83]
 26 [ 5  94: 99]
 51 [ 1 101:106]
 98 [ 5 122:127]
116 [ 8 141:146]
 68 [ 7 146:151]
101 [10 159:164]
 -3 [10 168:168]

y[12579] = 1.0
Vehicle: 402  Cost: 87.05
Route: 4 45 121 72 7 103 127 83 -4 
  4 [10 115:130]
 45 [ 7 151:156]
121 [ 9 180:185]
 72 [ 6 185:190]
  7 [ 3 196:201]
103 [ 7 220:225]
127 [10 231:236]
 83 [ 9 236:241]
 -4 [ 9 254:254]

y[13534] = 1.0
Vehicle: 304  Cost: 63.66
Route: 3 16 36 47 53 -3 
  3 [10  89:104]
 16 [ 9 119:124]
 36 [ 5 131:136]
 47 [ 1 300:305]
 53 [ 0 322:327]
 -3 [ 0 343:343]

y[15227] = 1.0
Vehicle: 202  Cost: 28.03
Route: 2 19 123 74 44 -2 
  2 [ 8  78:171]
 19 [ 5 180:185]
123 [ 6 189:194]
 74 [ 2 194:199]
 44 [ 1 209:214]
 -2 [ 1 219:219]

y[16358] = 1.0
Vehicle: 206  Cost: 93.01
Route: 2 55 87 40 95 89 24 22 60 109 88 115 -2 
  2 [10 232:247]
 55 [ 8 271:276]
 87 [ 9 283:288]
 40 [ 7 290:295]
 95 [ 8 295:300]
 89 [10 301:306]
 24 [ 9 311:316]
 22 [ 8 325:330]
 60 [ 4 339:344]
109 [ 7 344:349]
 88 [ 8 356:361]
115 [ 9 378:383]
 -2 [ 9 395:395]

y[19020] = 1.0
Vehicle: 204  Cost: 69.21
Route: 2 12 54 20 59 -2 
  2 [ 9 233:248]
 12 [ 8 280:285]
 54 [ 6 290:295]
 20 [ 2 299:304]
 59 [ 0 305:310]
 -2 [ 0 338:338]

y[19108] = 1.0
Vehicle: 504  Cost: 41.52
Route: 5 6 84 80 38 93 -5 
  5 [ 8 364:379]
  6 [ 4 399:404]
 84 [ 8 404:409]
 80 [ 6 420:425]
 38 [ 4 432:437]
 93 [ 5 437:442]
 -5 [ 5 451:451]

y[21183] = 1.0
Vehicle: 403  Cost: 104.56
Route: 4 39 94 10 111 63 118 30 92 -4 
  4 [ 9 142:157]
 39 [ 5 172:177]
 94 [ 7 177:182]
 10 [ 4 200:205]
111 [ 8 233:238]
 63 [ 7 238:243]
118 [ 8 272:277]
 30 [ 7 300:305]
 92 [10 305:310]
 -4 [10 318:318]

y[21696] = 1.0
Vehicle: 201  Cost: 25.84
Route: 2 85 11 41 96 -2 
  2 [ 8 310:325]
 85 [ 9 335:340]
 11 [ 5 340:345]
 41 [ 1 420:425]
 96 [ 5 425:430]
 -2 [ 5 439:439]

y[24618] = 1.0
Vehicle: 303  Cost: 93.21
Route: 3 82 106 35 79 125 46 110 66 114 -3 
  3 [10  40: 55]
 82 [ 9  60: 65]
106 [10  96:101]
 35 [ 9 115:120]
 79 [ 6 180:185]
125 [ 8 185:190]
 46 [ 7 300:305]
110 [10 313:318]
 66 [ 6 323:328]
114 [ 8 328:333]
 -3 [ 8 342:342]

y[26905] = 1.0
Vehicle: 505  Cost: 66.03
Route: 5 102 119 69 -5 
  5 [ 2 108:123]
102 [ 6 141:146]
119 [10 158:163]
 69 [ 8 300:305]
 -5 [ 8 338:338]

y[32204] = 1.0
Vehicle: 406  Cost: 80.72
Route: 4 71 57 105 18 120 113 65 99 -4 
  4 [10 102:154]
 71 [ 7 180:185]
 57 [ 6 191:196]
105 [10 196:201]
 18 [ 6 204:209]
120 [ 7 225:230]
113 [ 9 234:239]
 65 [ 7 239:244]
 99 [10 257:262]
 -4 [10 275:275]

y[32537] = 1.0
Vehicle: 502  Cost: 64.70
Route: 5 64 29 21 112 70 -5 
  5 [ 7  30: 50]
 64 [ 5  60: 65]
 29 [ 4  76: 81]
 21 [ 1  93: 98]
112 [ 5 420:425]
 70 [ 4 430:435]
 -5 [ 4 451:451]

y[33798] = 1.0
Vehicle: 306  Cost: 72.94
Route: 3 43 75 33 61 -3 
  3 [10 150:165]
 43 [ 9 176:181]
 75 [ 5 300:305]
 33 [ 1 319:324]
 61 [ 0 342:347]
 -3 [ 0 365:365]

y[35405] = 1.0
Vehicle: 303  Cost: 50.37
Route: 3 9 13 126 81 124 -3 
  3 [10 236:251]
  9 [ 7 257:262]
 13 [ 4 269:274]
126 [ 6 279:284]
 81 [ 2 284:289]
124 [ 4 298:303]
 -3 [ 4 326:326]

y[36493] = 1.0
Vehicle: 307  Cost: 54.20
Route: 3 28 97 42 100 48 -3 
  3 [10  90:105]
 28 [ 7 116:121]
 97 [ 8 300:305]
 42 [ 5 305:310]
100 [ 7 318:323]
 48 [ 3 323:328]
 -3 [ 3 347:347]

y[39014] = 1.0
Vehicle: 401  Cost: 89.84
Route: 4 52 67 8 -4 
  4 [10 103:118]
 52 [ 6 132:137]
 67 [ 3 300:305]
  8 [ 0 420:425]
 -4 [ 0 446:446]

FE: 4
SE: 22
!MIP-----
1953.750829585486,5406.2760310173035,0.02815502842580236,4,22,11365,14413

Run: 5
Total Cost: 1964.28
Vehicle: 11  Cost: 122.64
Route: 1 2 -2 -5 -1 
 1 [ 42   0:  0 [24, 54, 44, 41, 19, 60, 74, 11, 40, 59, 18, 22, 12, 20, 77, 71]]
 2 [  0  51: 51 []]
-2 [ 15  51:469 [109, 85, 88, 96, 123, 87, 89, 95, 115]]
-5 [ 24 511:526 [84, 109, 112, 85, 88, 96, 93, 123, 87, 89, 95, 115]]
-1 [ 24 556:556 [84, 109, 112, 85, 88, 96, 93, 123, 87, 89, 95, 115]]

Vehicle: 12  Cost: 160.31
Route: 1 4 -4 -1 
 1 [ 51   0:  0 [57, 30, 73, 56, 45, 25, 15, 27, 17, 55, 65, 8, 50, 34, 83, 14, 67, 10, 32, 78, 52, 39, 63]]
 4 [  0  80: 80 []]
-4 [ 34  80:339 [113, 94, 92, 118, 104, 105, 108, 91, 111, 103, 99, 127, 120]]
-1 [ 34 419:419 [113, 94, 92, 118, 104, 105, 108, 91, 111, 103, 99, 127, 120]]

Vehicle: 13  Cost: 80.72
Route: 1 3 -3 -1 
 1 [ 52   0:  0 [66, 42, 48, 82, 62, 53, 43, 26, 36, 46, 75, 16, 51, 61, 33, 9, 13, 68, 28, 81]]
 3 [  0  40: 40 []]
-3 [ 22  40:359 [114, 97, 110, 100, 98, 124, 101, 126, 116]]
-1 [ 22 399:399 [114, 97, 110, 100, 98, 124, 101, 126, 116]]

Vehicle: 14  Cost: 60.00
Route: 1 5 -5 -1 
 1 [ 46   0:  0 [49, 64, 6, 76, 35, 31, 80, 79, 37, 58, 38, 72, 70, 7, 21, 69, 47, 29, 23]]
 5 [  0  30: 30 []]
-5 [ 26  30:369 [106, 121, 90, 122, 119, 125, 107, 102, 86, 117]]
-1 [ 26 399:399 [106, 121, 90, 122, 119, 125, 107, 102, 86, 117]]

Vehicle: 201  Cost: 105.83
Route: 2 59 89 24 22 60 109 88 77 -2 
  2 [10  51:273]
 59 [ 8 300:305]
 89 [10 311:316]
 24 [ 9 321:326]
 22 [ 8 335:340]
 60 [ 4 349:354]
109 [ 7 354:359]
 88 [ 8 366:371]
 77 [ 6 420:425]
 -2 [ 6 454:454]

Vehicle: 202  Cost: 35.47
Route: 2 71 123 74 19 -2 
  2 [10  51:164]
 71 [ 7 180:185]
123 [ 8 191:196]
 74 [ 4 196:201]
 19 [ 1 205:210]
 -2 [ 1 219:219]

Vehicle: 203  Cost: 75.08
Route: 2 20 12 54 95 40 87 -2 
  2 [ 9  51: 66]
 20 [ 5  94: 99]
 12 [ 4 180:185]
 54 [ 2 190:195]
 95 [ 3 202:207]
 40 [ 1 207:212]
 87 [ 2 213:218]
 -2 [ 2 247:247]

Vehicle: 204  Cost: 18.97
Route: 2 11 85 -2 
  2 [ 4  51:291]
 11 [ 0 300:305]
 85 [ 1 305:310]
 -2 [ 1 319:319]

Vehicle: 205  Cost: 29.42
Route: 2 44 18 115 96 41 -2 
  2 [ 9  51:176]
 44 [ 8 180:185]
 18 [ 4 192:197]
115 [ 5 300:305]
 96 [ 9 420:425]
 41 [ 5 425:430]
 -2 [ 5 439:439]

Vehicle: 301  Cost: 22.57
Route: 3 82 9 114 66 -3 
  3 [ 8  40: 55]
 82 [ 7  60: 65]
  9 [ 4  67: 72]
114 [ 6 300:305]
 66 [ 2 305:310]
 -3 [ 2 319:319]

Vehicle: 302  Cost: 72.94
Route: 3 43 75 33 61 -3 
  3 [10  40: 55]
 43 [ 9  66: 71]
 75 [ 5 300:305]
 33 [ 1 319:324]
 61 [ 0 342:347]
 -3 [ 0 365:365]

Vehicle: 303  Cost: 38.64
Route: 3 68 116 28 100 48 -3 
  3 [ 8  40: 55]
 68 [ 7  64: 69]
116 [10  69: 74]
 28 [ 7  77: 82]
100 [ 9 300:305]
 48 [ 5 305:310]
 -3 [ 5 329:329]

Vehicle: 305  Cost: 55.13
Route: 3 13 81 126 124 62 -3 
  3 [ 9  40: 55]
 13 [ 6  67: 72]
 81 [ 2  77: 82]
126 [ 4  82: 87]
124 [ 6 180:185]
 62 [ 4 192:197]
 -3 [ 4 220:220]

Vehicle: 306  Cost: 66.70
Route: 3 101 36 16 53 46 110 -3 
  3 [ 7  40: 56]
101 [10  60: 65]
 36 [ 6  81: 86]
 16 [ 5  93: 98]
 53 [ 4 300:305]
 46 [ 3 312:317]
110 [ 6 325:330]
 -3 [ 6 344:344]

Vehicle: 307  Cost: 79.15
Route: 3 26 51 98 97 42 -3 
  3 [10  40: 55]
 26 [ 7  84: 89]
 51 [ 3  90: 95]
 98 [ 7 111:116]
 97 [ 8 300:305]
 42 [ 5 305:310]
 -3 [ 5 337:337]

Vehicle: 401  Cost: 85.31
Route: 4 52 27 103 65 113 120 99 -4 
  4 [10  80: 95]
 52 [ 6 109:114]
 27 [ 2 128:133]
103 [ 6 149:154]
 65 [ 4 165:170]
113 [ 6 170:175]
120 [ 7 180:185]
 99 [10 198:203]
 -4 [10 216:216]

Vehicle: 402  Cost: 104.72
Route: 4 78 25 105 57 55 63 111 -4 
  4 [10  80: 95]
 78 [ 6 109:114]
 25 [ 4 125:130]
105 [ 8 140:145]
 57 [ 7 145:150]
 55 [ 5 161:166]
 63 [ 4 184:189]
111 [ 8 189:194]
 -4 [ 8 235:235]

Vehicle: 403  Cost: 26.01
Route: 4 127 83 15 -4 
  4 [ 3  80:167]
127 [ 6 180:185]
 83 [ 5 185:190]
 15 [ 3 300:305]
 -4 [ 3 316:316]

Vehicle: 404  Cost: 60.69
Route: 4 39 94 10 118 30 92 -4 
  4 [ 8  80: 95]
 39 [ 4 110:115]
 94 [ 6 115:120]
 10 [ 3 138:143]
118 [ 4 156:161]
 30 [ 3 300:305]
 92 [ 6 305:310]
 -4 [ 6 318:318]

Vehicle: 405  Cost: 109.68
Route: 4 34 67 8 32 56 -4 
  4 [10  80:416]
 34 [ 8 420:425]
 67 [ 5 464:469]
  8 [ 2 495:500]
 32 [ 1 519:524]
 56 [ 0 533:538]
 -4 [ 0 550:550]

Vehicle: 407  Cost: 102.99
Route: 4 73 45 14 50 104 91 108 17 -4 
  4 [10  80: 95]
 73 [ 7 101:106]
 45 [ 4 125:130]
 14 [ 3 148:153]
 50 [ 2 180:185]
104 [ 4 185:190]
 91 [ 5 198:203]
108 [ 9 209:214]
 17 [ 7 300:305]
 -4 [ 7 324:324]

Vehicle: 501  Cost: 74.56
Route: 5 64 35 79 125 106 47 -5 
  5 [10  30: 50]
 64 [ 8  60: 65]
 35 [ 7  81: 86]
 79 [ 4 180:185]
125 [ 6 185:190]
106 [ 7 202:207]
 47 [ 3 300:305]
 -5 [ 3 327:327]

Vehicle: 502  Cost: 41.52
Route: 5 6 84 80 93 38 -5 
  5 [ 8  30:281]
  6 [ 4 300:305]
 84 [ 8 305:310]
 80 [ 6 420:425]
 93 [ 7 432:437]
 38 [ 5 437:442]
 -5 [ 5 451:451]

Vehicle: 503  Cost: 80.93
Route: 5 21 76 31 112 70 -5 
  5 [10  30: 45]
 21 [ 7  71: 76]
 76 [ 4 180:185]
 31 [ 1 300:305]
112 [ 5 420:425]
 70 [ 4 430:435]
 -5 [ 4 451:451]

Vehicle: 504  Cost: 83.13
Route: 5 117 58 107 122 23 90 49 -5 
  5 [ 5  30: 45]
117 [ 6  68: 73]
 58 [ 3  81: 86]
107 [ 4  92: 97]
122 [ 8 110:115]
 23 [ 7 123:128]
 90 [10 128:133]
 49 [ 9 145:150]
 -5 [ 9 163:163]

Vehicle: 506  Cost: 75.61
Route: 5 29 102 119 69 -5 
  5 [ 3  30: 45]
 29 [ 2  61: 66]
102 [ 6  78: 83]
119 [10  95:100]
 69 [ 8 300:305]
 -5 [ 8 338:338]

Vehicle: 507  Cost: 95.55
Route: 5 7 72 121 37 86 -5 
  5 [10  30: 45]
  7 [ 7  77: 82]
 72 [ 4 180:185]
121 [ 6 185:190]
 37 [ 2 300:305]
 86 [ 6 319:324]
 -5 [ 6 354:354]

Total Cost: 1964.28
 11:122.64, 42:75 [1, 2, -2, -5, -1]
 12:160.31, 51:75 [1, 4, -4, -1]
 13:80.72, 52:75 [1, 3, -3, -1]
 14:60.00, 46:75 [1, 5, -5, -1]
201:105.83, 10:10 [2, 59, 89, 24, 22, 60, 109, 88, 77, -2]
202:35.47, 10:10 [2, 71, 123, 74, 19, -2]
203:75.08, 9:10 [2, 20, 12, 54, 95, 40, 87, -2]
204:18.97, 4:10 [2, 11, 85, -2]
205:29.42, 9:10 [2, 44, 18, 115, 96, 41, -2]
301:22.57, 8:10 [3, 82, 9, 114, 66, -3]
302:72.94, 10:10 [3, 43, 75, 33, 61, -3]
303:38.64, 10:10 [3, 68, 116, 28, 100, 48, -3]
305:55.13, 9:10 [3, 13, 81, 126, 124, 62, -3]
306:66.70, 10:10 [3, 101, 36, 16, 53, 46, 110, -3]
307:79.15, 10:10 [3, 26, 51, 98, 97, 42, -3]
401:85.31, 10:10 [4, 52, 27, 103, 65, 113, 120, 99, -4]
402:104.72, 10:10 [4, 78, 25, 105, 57, 55, 63, 111, -4]
403:26.01, 6:10 [4, 127, 83, 15, -4]
404:60.69, 8:10 [4, 39, 94, 10, 118, 30, 92, -4]
405:109.68, 10:10 [4, 34, 67, 8, 32, 56, -4]
407:102.99, 10:10 [4, 73, 45, 14, 50, 104, 91, 108, 17, -4]
501:74.56, 10:10 [5, 64, 35, 79, 125, 106, 47, -5]
502:41.52, 8:10 [5, 6, 84, 80, 93, 38, -5]
503:80.93, 10:10 [5, 21, 76, 31, 112, 70, -5]
504:83.13, 10:10 [5, 117, 58, 107, 122, 23, 90, 49, -5]
506:75.61, 10:10 [5, 29, 102, 119, 69, -5]
507:95.55, 10:10 [5, 7, 72, 121, 37, 86, -5]
fe: 4, se: 23

!ALNS------------
100000,1964.284445188955,520.159,478.445,4,23,0.6366666666666667,0.9173913043478261,30.5,5.304347826086956
18 17 10 9 0 1 11 0 
8.350458641429503 19.92181914930138 9.657693064325832 12.345980349920753 86.25355725324107 28.29235582841023 12.402834315603313 31.24041946795061 
10 9 3 13 3 10 12 6 
13.516174799004766 14.273905760131155 13.513971941068027 12.823246807562748 13.796446843461938 15.049660571003827 14.010583241464278 11.878616825724547 

x[1496] = 1.0
Vehicle: 14  Cost: 60.00
Route: 1 5 -5 -1 
 1 [ 46   0:  0 [38, 7, 37, 72, 49, 31, 6, 21, 29, 23, 35, 80, 70, 69, 47, 58, 79, 64, 76]]
 5 [  0  30: 30 []]
-5 [ 34  30:369 [121, 106, 117, 125, 102, 86, 122, 107, 124, 98, 90, 119, 126]]
-1 [ 34 399:399 [121, 106, 117, 125, 102, 86, 122, 107, 124, 98, 90, 119, 126]]

x[1775] = 1.0
Vehicle: 13  Cost: 80.72
Route: 1 3 -3 -1 
 1 [ 52   0:  0 [48, 66, 16, 46, 53, 75, 9, 36, 68, 33, 43, 13, 42, 81, 82, 61, 62, 51, 26, 28]]
 3 [  0  40: 40 []]
-3 [ 29  40:376 [110, 97, 98, 101, 114, 100, 116, 124, 126, 84, 90]]
-1 [ 29 416:416 [110, 97, 98, 101, 114, 100, 116, 124, 126, 84, 90]]

x[2843] = 1.0
Vehicle: 11  Cost: 122.64
Route: 1 2 -2 -5 -1 
 1 [ 38   0:  0 [11, 19, 41, 55, 25, 22, 24, 60, 54, 12, 40, 77, 20, 59, 71, 44]]
 2 [  0  51: 51 []]
-2 [ 15  51:490 [96, 85, 123, 109, 89, 95, 87, 88, 115]]
-5 [ 24 532:547 [84, 96, 93, 85, 123, 112, 109, 89, 95, 87, 88, 115]]
-1 [ 24 577:577 [84, 96, 93, 85, 123, 112, 109, 89, 95, 87, 88, 115]]

x[7528] = 1.0
Vehicle: 12  Cost: 160.31
Route: 1 4 -4 -1 
 1 [ 55   0:  0 [65, 14, 17, 30, 45, 8, 73, 50, 10, 52, 57, 34, 63, 74, 32, 18, 27, 67, 39, 56, 78, 83, 15]]
 4 [  0  80: 80 []]
-4 [ 35  80:339 [111, 120, 105, 123, 118, 103, 94, 108, 92, 104, 127, 91, 113, 99]]
-1 [ 35 419:419 [111, 120, 105, 123, 118, 103, 94, 108, 92, 104, 127, 91, 113, 99]]

y[738] = 1.0
Vehicle: 307  Cost: 72.94
Route: 3 43 75 33 61 -3 
  3 [10 247:262]
 43 [ 9 273:278]
 75 [ 5 300:305]
 33 [ 1 319:324]
 61 [ 0 342:347]
 -3 [ 0 365:365]

y[3620] = 1.0
Vehicle: 305  Cost: 55.13
Route: 3 13 126 81 124 62 -3 
  3 [ 9 148:163]
 13 [ 6 174:179]
126 [ 8 184:189]
 81 [ 4 189:194]
124 [ 6 203:208]
 62 [ 4 215:220]
 -3 [ 4 243:243]

y[3738] = 1.0
Vehicle: 502  Cost: 41.52
Route: 5 6 84 80 93 38 -5 
  5 [ 8 350:365]
  6 [ 4 385:390]
 84 [ 8 390:395]
 80 [ 6 420:425]
 93 [ 7 432:437]
 38 [ 5 437:442]
 -5 [ 5 451:451]

y[4052] = 1.0
Vehicle: 403  Cost: 36.73
Route: 4 73 39 94 30 92 -4 
  4 [ 8 115:130]
 73 [ 5 135:140]
 39 [ 1 152:157]
 94 [ 3 157:162]
 30 [ 2 300:305]
 92 [ 5 305:310]
 -4 [ 5 318:318]

y[4735] = 1.0
Vehicle: 407  Cost: 109.67
Route: 4 52 45 14 50 104 91 108 83 127 -4 
  4 [10  80: 95]
 52 [ 6 109:114]
 45 [ 3 127:132]
 14 [ 2 150:155]
 50 [ 1 180:185]
104 [ 3 185:190]
 91 [ 4 198:203]
108 [ 8 209:214]
 83 [ 7 245:250]
127 [10 250:255]
 -4 [10 268:268]

y[4847] = 1.0
Vehicle: 402  Cost: 120.32
Route: 4 118 10 63 111 18 57 105 -4 
  4 [ 9 103:118]
118 [10 133:138]
 10 [ 7 151:156]
 63 [ 6 184:189]
111 [10 189:194]
 18 [ 6 224:229]
 57 [ 5 232:237]
105 [ 9 237:242]
 -4 [ 9 273:273]

y[5712] = 1.0
Vehicle: 307  Cost: 79.15
Route: 3 26 51 98 42 97 -3 
  3 [10 144:159]
 26 [ 7 187:192]
 51 [ 3 194:199]
 98 [ 7 215:220]
 42 [ 4 300:305]
 97 [ 5 305:310]
 -3 [ 5 337:337]

y[6894] = 1.0
Vehicle: 504  Cost: 83.13
Route: 5 117 58 107 122 23 90 49 -5 
  5 [ 5 101:116]
117 [ 6 138:143]
 58 [ 3 151:156]
107 [ 4 162:167]
122 [ 8 180:185]
 23 [ 7 194:199]
 90 [10 199:204]
 49 [ 9 216:221]
 -5 [ 9 234:234]

y[7651] = 1.0
Vehicle: 306  Cost: 66.70
Route: 3 101 36 16 53 46 110 -3 
  3 [ 7 148:163]
101 [10 168:173]
 36 [ 6 188:193]
 16 [ 5 200:205]
 53 [ 4 300:305]
 46 [ 3 312:317]
110 [ 6 325:330]
 -3 [ 6 344:344]

y[8028] = 1.0
Vehicle: 501  Cost: 74.56
Route: 5 64 35 125 79 106 47 -5 
  5 [10 126:141]
 64 [ 8 151:156]
 35 [ 7 172:177]
125 [ 9 180:185]
 79 [ 6 185:190]
106 [ 7 202:207]
 47 [ 3 300:305]
 -5 [ 3 327:327]

y[8114] = 1.0
Vehicle: 205  Cost: 63.66
Route: 2 19 123 71 25 77 -2 
  2 [10  51:171]
 19 [ 7 180:185]
123 [ 8 189:194]
 71 [ 5 200:205]
 25 [ 3 211:216]
 77 [ 1 420:425]
 -2 [ 1 454:454]

y[8835] = 1.0
Vehicle: 201  Cost: 93.01
Route: 2 55 87 95 40 89 24 22 60 109 88 115 -2 
  2 [10  78: 93]
 55 [ 8 117:122]
 87 [ 9 129:134]
 95 [10 135:140]
 40 [ 8 140:145]
 89 [10 300:305]
 24 [ 9 310:315]
 22 [ 8 324:329]
 60 [ 4 338:343]
109 [ 7 343:348]
 88 [ 8 355:360]
115 [ 9 377:382]
 -2 [ 9 394:394]

y[8927] = 1.0
Vehicle: 507  Cost: 95.55
Route: 5 7 121 72 37 86 -5 
  5 [10 126:141]
  7 [ 7 173:178]
121 [ 9 184:189]
 72 [ 6 189:194]
 37 [ 2 300:305]
 86 [ 6 319:324]
 -5 [ 6 354:354]

y[9542] = 1.0
Vehicle: 405  Cost: 109.68
Route: 4 34 67 8 32 56 -4 
  4 [10 130:416]
 34 [ 8 420:425]
 67 [ 5 464:469]
  8 [ 2 495:500]
 32 [ 1 519:524]
 56 [ 0 533:538]
 -4 [ 0 550:550]

y[9941] = 1.0
Vehicle: 503  Cost: 75.61
Route: 5 29 102 119 69 -5 
  5 [ 3  30: 45]
 29 [ 2  61: 66]
102 [ 6  78: 83]
119 [10  95:100]
 69 [ 8 300:305]
 -5 [ 8 338:338]

y[10617] = 1.0
Vehicle: 204  Cost: 69.21
Route: 2 12 54 20 59 -2 
  2 [ 9 192:207]
 12 [ 8 238:243]
 54 [ 6 248:253]
 20 [ 2 258:263]
 59 [ 0 300:305]
 -2 [ 0 332:332]

y[10751] = 1.0
Vehicle: 302  Cost: 38.64
Route: 3 68 116 28 48 100 -3 
  3 [ 8 148:163]
 68 [ 7 172:177]
116 [10 177:182]
 28 [ 7 184:189]
 48 [ 3 300:305]
100 [ 5 305:310]
 -3 [ 5 329:329]

y[11372] = 1.0
Vehicle: 401  Cost: 75.16
Route: 4 78 74 120 65 113 103 99 -4 
  4 [10 103:118]
 78 [ 6 132:137]
 74 [ 2 180:185]
120 [ 3 194:199]
 65 [ 1 203:208]
113 [ 3 208:213]
103 [ 7 225:230]
 99 [10 238:243]
 -4 [10 256:256]

y[11993] = 1.0
Vehicle: 301  Cost: 22.57
Route: 3 82 9 114 66 -3 
  3 [ 8 243:258]
 82 [ 7 263:268]
  9 [ 4 269:274]
114 [ 6 300:305]
 66 [ 2 305:310]
 -3 [ 2 319:319]

y[12483] = 1.0
Vehicle: 403  Cost: 42.87
Route: 4 27 17 15 -4 
  4 [ 8 103:118]
 27 [ 4 136:141]
 17 [ 2 300:305]
 15 [ 0 316:321]
 -4 [ 0 332:332]

y[13093] = 1.0
Vehicle: 503  Cost: 80.93
Route: 5 21 76 31 112 70 -5 
  5 [10 134:149]
 21 [ 7 175:180]
 76 [ 4 191:196]
 31 [ 1 300:305]
112 [ 5 420:425]
 70 [ 4 430:435]
 -5 [ 4 451:451]

y[13890] = 1.0
Vehicle: 202  Cost: 27.08
Route: 2 44 41 96 11 85 -2 
  2 [ 9  78:176]
 44 [ 8 180:185]
 41 [ 4 420:425]
 96 [ 8 425:430]
 11 [ 4 438:443]
 85 [ 5 443:448]
 -2 [ 5 457:457]

FE: 4
SE: 22
!MIP-----
1957.4968172879403,5401.931452035904,0.033062533267665735,4,22,9024,14145
