--Parameters Information--
speed=1
run=5
iteration= 100000
batch=100
restartPeriod=10000
largeRemovalOccurrence=500
initialLNS=250
lowerBoundSmallRemoval=4
smallRemoval=0.2
lowerBoundLargeRemoval=0.55
largeRemoval=0.8
initialWeight=1.0
decayRate=0.1
gamma1=9.0
gamma2=5.0
gamma3=2.0
gamma4=0.0
coolingRate=0.9995
temperatureControlParameter=0.05
initialAcceptanceProbability=0.5
perturbation=0.5
perturbationFactor=0.01
split=20000

Setup: Split
Data: B_50_5_D

Run: 1
Total Cost: 1300.32
Vehicle: 11  Cost: 84.97
Route: 1 4 -4 -1 
 1 [ 39   0:  0 [31, 18, 28, 39, 27, 21, 24, 23, 22, 32, 38, 13, 41, 9, 34, 35]]
 4 [  0  42: 42 []]
-4 [ 28  42:377 [59, 47, 63, 64, 60, 57, 52, 46, 62, 61, 44]]
-1 [ 28 419:419 [59, 47, 63, 64, 60, 57, 52, 46, 62, 61, 44]]

Vehicle: 13  Cost: 161.38
Route: 1 2 5 -5 -2 -1 
 1 [ 55   0:  0 [8, 16, 40, 25, 30, 10, 26, 36, 33, 37, 7, 20, 14, 42, 11, 17, 12, 29, 43, 19, 6, 15]]
 2 [ 38  60: 75 [8, 40, 25, 30, 26, 36, 33, 37, 14, 12, 29, 43, 19, 6]]
 5 [  0  96: 96 []]
-5 [ 18  96:486 [53, 48, 54, 49, 65, 51]]
-2 [ 32 507:522 [45, 58, 53, 48, 55, 54, 56, 50, 49, 65, 51]]
-1 [ 32 582:582 [45, 58, 53, 48, 55, 54, 56, 50, 49, 65, 51]]

Vehicle: 201  Cost: 128.88
Route: 2 45 10 16 58 55 7 15 56 -2 
  2 [ 8  60:159]
 45 [10 180:185]
 10 [ 9 201:206]
 16 [ 6 300:305]
 58 [ 8 305:310]
 55 [10 321:326]
  7 [ 8 354:359]
 15 [ 6 370:375]
 56 [10 375:380]
 -2 [10 405:405]

Vehicle: 202  Cost: 108.43
Route: 2 17 42 11 50 20 -2 
  2 [ 9  60: 75]
 17 [ 8  90: 95]
 42 [ 6 180:185]
 11 [ 4 300:305]
 50 [ 8 319:324]
 20 [ 4 341:346]
 -2 [ 4 377:377]

Vehicle: 401  Cost: 63.12
Route: 4 35 34 32 27 -4 
  4 [ 9  42:296]
 35 [ 7 300:305]
 34 [ 5 311:316]
 32 [ 4 420:425]
 27 [ 0 448:453]
 -4 [ 0 463:463]

Vehicle: 402  Cost: 61.16
Route: 4 24 61 23 39 31 46 -4 
  4 [10  42: 57]
 24 [ 9  70: 75]
 61 [10  89: 94]
 23 [ 9  94: 99]
 39 [ 5 300:305]
 31 [ 1 311:316]
 46 [ 5 331:336]
 -4 [ 5 339:339]

Vehicle: 404  Cost: 96.86
Route: 4 9 63 62 18 59 38 -4 
  4 [ 7  42: 57]
  9 [ 4  73: 78]
 63 [ 5  98:103]
 62 [ 8 113:118]
 18 [ 7 300:305]
 59 [ 9 305:310]
 38 [ 6 324:329]
 -4 [ 6 362:362]

Vehicle: 405  Cost: 139.56
Route: 4 22 44 52 13 47 41 -4 
  4 [ 9  42: 57]
 22 [ 5  74: 79]
 44 [ 6 100:105]
 52 [10 134:139]
 13 [ 6 139:144]
 47 [ 9 300:305]
 41 [ 8 319:324]
 -4 [ 8 361:361]

Vehicle: 406  Cost: 86.19
Route: 4 28 57 21 60 64 -4 
  4 [ 4  42: 57]
 28 [ 3  75: 80]
 57 [ 7  87: 92]
 21 [ 4 114:119]
 60 [ 8 119:124]
 64 [ 9 300:305]
 -4 [ 9 338:338]

Vehicle: 502  Cost: 42.92
Route: 5 29 8 48 6 -5 
  5 [10  96:111]
 29 [ 7 128:133]
  8 [ 3 300:305]
 48 [ 7 305:310]
  6 [ 4 323:328]
 -5 [ 4 334:334]

Vehicle: 504  Cost: 117.31
Route: 5 36 19 43 65 54 40 -5 
  5 [10  96:111]
 36 [ 7 125:130]
 19 [ 5 142:147]
 43 [ 1 170:175]
 65 [ 5 175:180]
 54 [ 9 190:195]
 40 [ 8 300:305]
 -5 [ 8 336:336]

Vehicle: 505  Cost: 136.60
Route: 5 51 14 53 33 12 49 37 -5 
  5 [ 8  96:111]
 51 [ 9 136:141]
 14 [ 8 164:169]
 53 [ 9 169:174]
 33 [ 7 300:305]
 12 [ 6 338:343]
 49 [10 420:425]
 37 [ 6 453:458]
 -5 [ 6 471:471]

Vehicle: 506  Cost: 72.95
Route: 5 25 26 30 -5 
  5 [10  96:111]
 25 [ 7 138:143]
 26 [ 3 300:305]
 30 [ 0 314:319]
 -5 [ 0 341:341]

Total Cost: 1300.32
 11:84.97, 39:75 [1, 4, -4, -1]
 13:161.38, 55:75 [1, 2, 5, -5, -2, -1]
201:128.88, 10:10 [2, 45, 10, 16, 58, 55, 7, 15, 56, -2]
202:108.43, 9:10 [2, 17, 42, 11, 50, 20, -2]
401:63.12, 9:10 [4, 35, 34, 32, 27, -4]
402:61.16, 10:10 [4, 24, 61, 23, 39, 31, 46, -4]
404:96.86, 9:10 [4, 9, 63, 62, 18, 59, 38, -4]
405:139.56, 10:10 [4, 22, 44, 52, 13, 47, 41, -4]
406:86.19, 9:10 [4, 28, 57, 21, 60, 64, -4]
502:42.92, 10:10 [5, 29, 8, 48, 6, -5]
504:117.31, 10:10 [5, 36, 19, 43, 65, 54, 40, -5]
505:136.60, 10:10 [5, 51, 14, 53, 33, 12, 49, 37, -5]
506:72.95, 10:10 [5, 25, 26, 30, -5]
fe: 2, se: 11

!ALNS------------
100000,1300.323468004402,143.571,76.828,2,11,0.6266666666666667,0.9636363636363636,30.0,5.454545454545454
4 15 8 8 0 0 6 0 
11.865944705188557 20.631191973311033 11.855875151538282 16.06802915534275 25.7899311331862 28.147694287704937 16.30967568049907 54.12388529547176 
4 8 5 4 6 7 7 0 
17.285420698745348 15.38403170563964 19.131156262565284 17.593769048372433 18.800982589717794 15.148816757512183 16.68639448368786 14.888007892287671 

x[938] = 1.0
Vehicle: 11  Cost: 84.97
Route: 1 4 -4 -1 
 1 [ 39   0:  0 [31, 28, 21, 22, 41, 35, 39, 38, 27, 32, 18, 34, 9, 23, 13, 24]]
 4 [  0  42: 42 []]
-4 [ 28  42:377 [64, 60, 57, 52, 46, 62, 61, 44, 47, 59, 63]]
-1 [ 28 420:420 [64, 60, 57, 52, 46, 62, 61, 44, 47, 59, 63]]

x[1778] = 1.0
Vehicle: 13  Cost: 161.38
Route: 1 2 5 -5 -2 -1 
 1 [ 55   0:  0 [16, 40, 25, 30, 33, 7, 20, 42, 11, 17, 12, 43, 19, 6, 15, 36, 14, 29, 10, 8, 26, 37]]
 2 [ 38  60: 75 [40, 25, 30, 33, 12, 43, 19, 6, 36, 14, 29, 8, 26, 37]]
 5 [  0  96: 96 []]
-5 [ 18  96:493 [54, 49, 65, 51, 53, 48]]
-2 [ 32 513:528 [45, 55, 54, 49, 65, 51, 53, 58, 56, 48, 50]]
-1 [ 32 588:588 [45, 55, 54, 49, 65, 51, 53, 58, 56, 48, 50]]

y[48] = 1.0
Vehicle: 202  Cost: 108.43
Route: 2 17 42 11 50 20 -2 
  2 [ 9 121:136]
 17 [ 8 151:156]
 42 [ 6 180:185]
 11 [ 4 300:305]
 50 [ 8 319:324]
 20 [ 4 341:346]
 -2 [ 4 377:377]

y[347] = 1.0
Vehicle: 406  Cost: 96.86
Route: 4 9 63 62 59 18 38 -4 
  4 [ 7  42: 57]
  9 [ 4  73: 78]
 63 [ 5  98:103]
 62 [ 8 113:118]
 59 [10 300:305]
 18 [ 9 305:310]
 38 [ 6 324:329]
 -4 [ 6 362:362]

y[801] = 1.0
Vehicle: 201  Cost: 128.88
Route: 2 45 10 16 58 55 7 15 56 -2 
  2 [ 8 213:228]
 45 [10 249:254]
 10 [ 9 270:275]
 16 [ 6 300:305]
 58 [ 8 305:310]
 55 [10 321:326]
  7 [ 8 354:359]
 15 [ 6 370:375]
 56 [10 375:380]
 -2 [10 405:405]

y[2113] = 1.0
Vehicle: 406  Cost: 86.19
Route: 4 28 57 21 60 64 -4 
  4 [ 4  42: 57]
 28 [ 3  75: 80]
 57 [ 7  87: 92]
 21 [ 4 114:119]
 60 [ 8 119:124]
 64 [ 9 300:305]
 -4 [ 9 338:338]

y[2436] = 1.0
Vehicle: 405  Cost: 139.56
Route: 4 22 44 13 52 47 41 -4 
  4 [ 9  42: 57]
 22 [ 5  74: 79]
 44 [ 6 100:105]
 13 [ 2 134:139]
 52 [ 6 139:144]
 47 [ 9 300:305]
 41 [ 8 319:324]
 -4 [ 8 361:361]

y[2466] = 1.0
Vehicle: 401  Cost: 61.16
Route: 4 24 23 61 39 31 46 -4 
  4 [10  42: 57]
 24 [ 9  70: 75]
 23 [ 8  89: 94]
 61 [ 9  94: 99]
 39 [ 5 300:305]
 31 [ 1 311:316]
 46 [ 5 331:336]
 -4 [ 5 339:339]

y[2484] = 1.0
Vehicle: 506  Cost: 72.95
Route: 5 25 26 30 -5 
  5 [10  96:111]
 25 [ 7 138:143]
 26 [ 3 300:305]
 30 [ 0 314:319]
 -5 [ 0 341:341]

y[2730] = 1.0
Vehicle: 401  Cost: 63.12
Route: 4 35 34 32 27 -4 
  4 [ 9  42:296]
 35 [ 7 300:305]
 34 [ 5 311:316]
 32 [ 4 420:425]
 27 [ 0 448:453]
 -4 [ 0 463:463]

y[3266] = 1.0
Vehicle: 502  Cost: 42.92
Route: 5 29 8 48 6 -5 
  5 [10  96:111]
 29 [ 7 128:133]
  8 [ 3 300:305]
 48 [ 7 305:310]
  6 [ 4 323:328]
 -5 [ 4 334:334]

y[3875] = 1.0
Vehicle: 505  Cost: 136.60
Route: 5 51 14 53 33 12 49 37 -5 
  5 [ 8  96:111]
 51 [ 9 136:141]
 14 [ 8 164:169]
 53 [ 9 169:174]
 33 [ 7 300:305]
 12 [ 6 338:343]
 49 [10 420:425]
 37 [ 6 453:458]
 -5 [ 6 471:471]

y[4168] = 1.0
Vehicle: 504  Cost: 117.31
Route: 5 36 19 65 43 54 40 -5 
  5 [10 132:147]
 36 [ 7 162:167]
 19 [ 5 179:184]
 65 [ 9 207:212]
 43 [ 5 212:217]
 54 [ 9 227:232]
 40 [ 8 300:305]
 -5 [ 8 336:336]

FE: 2
SE: 11
!MIP-----
1300.323468004402,11.663065910339355,3.7025082172941074E-6,2,11,2841,4982

Run: 2
Total Cost: 1303.82
Vehicle: 11  Cost: 161.38
Route: 1 2 5 -5 -2 -1 
 1 [ 54   0:  0 [43, 16, 40, 19, 29, 36, 6, 8, 37, 20, 42, 33, 30, 7, 17, 15, 25, 26, 14, 12, 11]]
 2 [ 38  60: 75 [43, 40, 19, 29, 36, 6, 8, 37, 33, 30, 25, 26, 14, 12]]
 5 [  0  96: 96 []]
-5 [ 18  96:486 [65, 53, 49, 51, 54, 48]]
-2 [ 30 507:522 [55, 56, 58, 65, 53, 49, 50, 51, 54, 48]]
-1 [ 30 582:582 [55, 56, 58, 65, 53, 49, 50, 51, 54, 48]]

Vehicle: 12  Cost: 84.97
Route: 1 4 -4 -1 
 1 [ 40   0:  0 [34, 9, 31, 27, 39, 32, 41, 23, 28, 10, 22, 24, 35, 13, 21, 38, 18]]
 4 [  0  42: 42 []]
-4 [ 30  42:377 [52, 61, 45, 57, 47, 46, 44, 60, 62, 59, 63, 64]]
-1 [ 30 419:419 [52, 61, 45, 57, 47, 46, 44, 60, 62, 59, 63, 64]]

Vehicle: 201  Cost: 115.76
Route: 2 7 55 16 58 15 56 -2 
  2 [ 7  60:278]
  7 [ 5 300:305]
 55 [ 7 333:338]
 16 [ 4 349:354]
 58 [ 6 354:359]
 15 [ 4 389:394]
 56 [ 8 394:399]
 -2 [ 8 424:424]

Vehicle: 202  Cost: 108.43
Route: 2 17 42 11 50 20 -2 
  2 [ 9  60: 75]
 17 [ 8  90: 95]
 42 [ 6 180:185]
 11 [ 4 300:305]
 50 [ 8 319:324]
 20 [ 4 341:346]
 -2 [ 4 377:377]

Vehicle: 401  Cost: 139.56
Route: 4 22 45 10 13 52 47 41 -4 
  4 [10  42: 57]
 22 [ 6  74: 79]
 45 [ 8 180:185]
 10 [ 7 201:206]
 13 [ 3 220:225]
 52 [ 7 225:230]
 47 [10 300:305]
 41 [ 9 319:324]
 -4 [ 9 361:361]

Vehicle: 402  Cost: 102.81
Route: 4 44 57 28 21 60 64 -4 
  4 [ 4  42: 57]
 44 [ 5  80: 85]
 57 [ 9  99:104]
 28 [ 8 110:115]
 21 [ 5 136:141]
 60 [ 9 141:146]
 64 [10 300:305]
 -4 [10 338:338]

Vehicle: 403  Cost: 96.86
Route: 4 9 63 62 18 59 38 -4 
  4 [ 7  42: 57]
  9 [ 4  73: 78]
 63 [ 5  98:103]
 62 [ 8 113:118]
 18 [ 7 300:305]
 59 [ 9 305:310]
 38 [ 6 324:329]
 -4 [ 6 362:362]

Vehicle: 404  Cost: 61.16
Route: 4 24 23 61 39 31 46 -4 
  4 [10  42: 57]
 24 [ 9  70: 75]
 23 [ 8  89: 94]
 61 [ 9  94: 99]
 39 [ 5 300:305]
 31 [ 1 311:316]
 46 [ 5 331:336]
 -4 [ 5 339:339]

Vehicle: 405  Cost: 63.12
Route: 4 35 34 32 27 -4 
  4 [ 9  42:296]
 35 [ 7 300:305]
 34 [ 5 311:316]
 32 [ 4 420:425]
 27 [ 0 448:453]
 -4 [ 0 463:463]

Vehicle: 501  Cost: 136.60
Route: 5 51 14 53 33 12 49 37 -5 
  5 [ 8  96:111]
 51 [ 9 136:141]
 14 [ 8 164:169]
 53 [ 9 169:174]
 33 [ 7 300:305]
 12 [ 6 338:343]
 49 [10 420:425]
 37 [ 6 453:458]
 -5 [ 6 471:471]

Vehicle: 502  Cost: 117.31
Route: 5 36 19 43 65 54 40 -5 
  5 [10  96:111]
 36 [ 7 125:130]
 19 [ 5 142:147]
 43 [ 1 170:175]
 65 [ 5 175:180]
 54 [ 9 190:195]
 40 [ 8 300:305]
 -5 [ 8 336:336]

Vehicle: 503  Cost: 72.95
Route: 5 25 26 30 -5 
  5 [10  96:111]
 25 [ 7 138:143]
 26 [ 3 300:305]
 30 [ 0 314:319]
 -5 [ 0 341:341]

Vehicle: 504  Cost: 42.92
Route: 5 29 8 48 6 -5 
  5 [10  96:111]
 29 [ 7 128:133]
  8 [ 3 300:305]
 48 [ 7 305:310]
  6 [ 4 323:328]
 -5 [ 4 334:334]

Total Cost: 1303.82
 11:161.38, 54:75 [1, 2, 5, -5, -2, -1]
 12:84.97, 40:75 [1, 4, -4, -1]
201:115.76, 8:10 [2, 7, 55, 16, 58, 15, 56, -2]
202:108.43, 9:10 [2, 17, 42, 11, 50, 20, -2]
401:139.56, 10:10 [4, 22, 45, 10, 13, 52, 47, 41, -4]
402:102.81, 10:10 [4, 44, 57, 28, 21, 60, 64, -4]
403:96.86, 9:10 [4, 9, 63, 62, 18, 59, 38, -4]
404:61.16, 10:10 [4, 24, 23, 61, 39, 31, 46, -4]
405:63.12, 9:10 [4, 35, 34, 32, 27, -4]
501:136.60, 10:10 [5, 51, 14, 53, 33, 12, 49, 37, -5]
502:117.31, 10:10 [5, 36, 19, 43, 65, 54, 40, -5]
503:72.95, 10:10 [5, 25, 26, 30, -5]
504:42.92, 10:10 [5, 29, 8, 48, 6, -5]
fe: 2, se: 11

!ALNS------------
100000,1303.8241500721233,152.971,77.573,2,11,0.6266666666666667,0.9545454545454546,30.0,5.454545454545454
9 7 7 3 0 0 4 0 
12.480215779851182 23.183631150741586 12.989858364048501 13.613790526382425 51.07143018784291 25.35989184010469 17.55347390965975 67.91133217619152 
3 3 3 3 3 6 3 6 
16.972306721944342 19.55090539961576 18.048166209840524 20.352444069543 15.707166059697366 17.424870240745477 16.520518223940666 18.879676925915167 

x[1757] = 1.0
Vehicle: 11  Cost: 161.38
Route: 1 2 5 -5 -2 -1 
 1 [ 54   0:  0 [43, 19, 29, 6, 8, 20, 42, 17, 15, 25, 14, 7, 36, 30, 12, 11, 26, 40, 33, 16, 37]]
 2 [ 38  60: 75 [43, 19, 29, 6, 8, 25, 14, 36, 30, 12, 26, 40, 33, 37]]
 5 [  0  96: 96 []]
-5 [ 18  96:511 [49, 51, 48, 53, 65, 54]]
-2 [ 30 532:547 [49, 50, 51, 56, 48, 55, 58, 53, 65, 54]]
-1 [ 30 607:607 [49, 50, 51, 56, 48, 55, 58, 53, 65, 54]]

x[2119] = 1.0
Vehicle: 12  Cost: 84.97
Route: 1 4 -4 -1 
 1 [ 40   0:  0 [31, 27, 39, 32, 41, 23, 10, 38, 35, 34, 18, 9, 13, 28, 22, 24, 21]]
 4 [  0  42: 42 []]
-4 [ 30  42:377 [52, 47, 60, 62, 59, 64, 46, 63, 61, 57, 44, 45]]
-1 [ 30 420:420 [52, 47, 60, 62, 59, 64, 46, 63, 61, 57, 44, 45]]

y[349] = 1.0
Vehicle: 403  Cost: 96.86
Route: 4 9 63 62 18 59 38 -4 
  4 [ 7  42: 57]
  9 [ 4  73: 78]
 63 [ 5  98:103]
 62 [ 8 113:118]
 18 [ 7 300:305]
 59 [ 9 305:310]
 38 [ 6 324:329]
 -4 [ 6 362:362]

y[538] = 1.0
Vehicle: 507  Cost: 117.31
Route: 5 36 19 43 65 54 40 -5 
  5 [10  96:111]
 36 [ 7 125:130]
 19 [ 5 142:147]
 43 [ 1 170:175]
 65 [ 5 175:180]
 54 [ 9 190:195]
 40 [ 8 300:305]
 -5 [ 8 336:336]

y[1114] = 1.0
Vehicle: 402  Cost: 102.81
Route: 4 44 57 28 21 60 64 -4 
  4 [ 4  42: 57]
 44 [ 5  80: 85]
 57 [ 9  99:104]
 28 [ 8 110:115]
 21 [ 5 136:141]
 60 [ 9 141:146]
 64 [10 300:305]
 -4 [10 338:338]

y[1504] = 1.0
Vehicle: 401  Cost: 139.56
Route: 4 22 45 10 13 52 47 41 -4 
  4 [10  42: 57]
 22 [ 6  74: 79]
 45 [ 8 180:185]
 10 [ 7 201:206]
 13 [ 3 220:225]
 52 [ 7 225:230]
 47 [10 300:305]
 41 [ 9 319:324]
 -4 [ 9 361:361]

y[1627] = 1.0
Vehicle: 202  Cost: 108.43
Route: 2 17 42 11 50 20 -2 
  2 [ 9 213:228]
 17 [ 8 243:248]
 42 [ 6 270:275]
 11 [ 4 300:305]
 50 [ 8 319:324]
 20 [ 4 341:346]
 -2 [ 4 377:377]

y[2375] = 1.0
Vehicle: 407  Cost: 61.16
Route: 4 24 61 23 39 31 46 -4 
  4 [10  42: 57]
 24 [ 9  70: 75]
 61 [10  89: 94]
 23 [ 9  94: 99]
 39 [ 5 300:305]
 31 [ 1 311:316]
 46 [ 5 331:336]
 -4 [ 5 339:339]

y[2393] = 1.0
Vehicle: 503  Cost: 72.95
Route: 5 25 26 30 -5 
  5 [10  96:111]
 25 [ 7 138:143]
 26 [ 3 300:305]
 30 [ 0 314:319]
 -5 [ 0 341:341]

y[2664] = 1.0
Vehicle: 401  Cost: 63.12
Route: 4 35 34 32 27 -4 
  4 [ 9  42:296]
 35 [ 7 300:305]
 34 [ 5 311:316]
 32 [ 4 420:425]
 27 [ 0 448:453]
 -4 [ 0 463:463]

y[3036] = 1.0
Vehicle: 201  Cost: 115.76
Route: 2 15 56 16 58 55 7 -2 
  2 [ 7 110:275]
 15 [ 5 300:305]
 56 [ 9 305:310]
 16 [ 6 340:345]
 58 [ 8 345:350]
 55 [10 361:366]
  7 [ 8 394:399]
 -2 [ 8 421:421]

y[3210] = 1.0
Vehicle: 501  Cost: 42.92
Route: 5 29 8 48 6 -5 
  5 [10  96:111]
 29 [ 7 128:133]
  8 [ 3 300:305]
 48 [ 7 305:310]
  6 [ 4 323:328]
 -5 [ 4 334:334]

y[3801] = 1.0
Vehicle: 503  Cost: 136.60
Route: 5 51 14 53 33 12 49 37 -5 
  5 [ 8  96:111]
 51 [ 9 136:141]
 14 [ 8 164:169]
 53 [ 9 169:174]
 33 [ 7 300:305]
 12 [ 6 338:343]
 49 [10 420:425]
 37 [ 6 453:458]
 -5 [ 6 471:471]

FE: 2
SE: 11
!MIP-----
1303.8241500721228,82.28857588768005,0.0,2,11,2180,4863

Run: 3
Total Cost: 1303.82
Vehicle: 12  Cost: 84.97
Route: 1 4 -4 -1 
 1 [ 40   0:  0 [35, 34, 10, 24, 41, 13, 22, 23, 31, 39, 27, 32, 9, 38, 18, 21, 28]]
 4 [  0  42: 42 []]
-4 [ 30  42:377 [57, 52, 47, 46, 44, 45, 61, 60, 62, 63, 59, 64]]
-1 [ 30 419:419 [57, 52, 47, 46, 44, 45, 61, 60, 62, 63, 59, 64]]

Vehicle: 13  Cost: 161.38
Route: 1 2 5 -5 -2 -1 
 1 [ 54   0:  0 [19, 16, 33, 8, 17, 7, 29, 36, 30, 42, 15, 14, 43, 11, 26, 25, 37, 20, 6, 12, 40]]
 2 [ 38  60: 75 [19, 33, 8, 29, 36, 30, 14, 43, 26, 25, 37, 6, 12, 40]]
 5 [  0  96: 96 []]
-5 [ 18  96:486 [53, 54, 65, 51, 49, 48]]
-2 [ 30 507:522 [58, 56, 53, 55, 54, 65, 51, 49, 48, 50]]
-1 [ 30 582:582 [58, 56, 53, 55, 54, 65, 51, 49, 48, 50]]

Vehicle: 201  Cost: 108.43
Route: 2 17 42 11 50 20 -2 
  2 [ 9  60: 75]
 17 [ 8  90: 95]
 42 [ 6 180:185]
 11 [ 4 300:305]
 50 [ 8 319:324]
 20 [ 4 341:346]
 -2 [ 4 377:377]

Vehicle: 202  Cost: 115.76
Route: 2 7 55 16 58 15 56 -2 
  2 [ 7  60:278]
  7 [ 5 300:305]
 55 [ 7 333:338]
 16 [ 4 349:354]
 58 [ 6 354:359]
 15 [ 4 389:394]
 56 [ 8 394:399]
 -2 [ 8 424:424]

Vehicle: 401  Cost: 63.12
Route: 4 35 34 32 27 -4 
  4 [ 9  42:296]
 35 [ 7 300:305]
 34 [ 5 311:316]
 32 [ 4 420:425]
 27 [ 0 448:453]
 -4 [ 0 463:463]

Vehicle: 402  Cost: 61.16
Route: 4 24 61 23 39 31 46 -4 
  4 [10  42: 57]
 24 [ 9  70: 75]
 61 [10  89: 94]
 23 [ 9  94: 99]
 39 [ 5 300:305]
 31 [ 1 311:316]
 46 [ 5 331:336]
 -4 [ 5 339:339]

Vehicle: 403  Cost: 102.81
Route: 4 44 57 28 21 60 64 -4 
  4 [ 4  42: 57]
 44 [ 5  80: 85]
 57 [ 9  99:104]
 28 [ 8 110:115]
 21 [ 5 136:141]
 60 [ 9 141:146]
 64 [10 300:305]
 -4 [10 338:338]

Vehicle: 404  Cost: 96.86
Route: 4 9 63 62 18 59 38 -4 
  4 [ 7  42: 57]
  9 [ 4  73: 78]
 63 [ 5  98:103]
 62 [ 8 113:118]
 18 [ 7 300:305]
 59 [ 9 305:310]
 38 [ 6 324:329]
 -4 [ 6 362:362]

Vehicle: 407  Cost: 139.56
Route: 4 22 45 10 13 52 47 41 -4 
  4 [10  42: 57]
 22 [ 6  74: 79]
 45 [ 8 180:185]
 10 [ 7 201:206]
 13 [ 3 220:225]
 52 [ 7 225:230]
 47 [10 300:305]
 41 [ 9 319:324]
 -4 [ 9 361:361]

Vehicle: 501  Cost: 42.92
Route: 5 29 8 48 6 -5 
  5 [10  96:111]
 29 [ 7 128:133]
  8 [ 3 300:305]
 48 [ 7 305:310]
  6 [ 4 323:328]
 -5 [ 4 334:334]

Vehicle: 502  Cost: 136.60
Route: 5 51 14 53 33 12 49 37 -5 
  5 [ 8  96:111]
 51 [ 9 136:141]
 14 [ 8 164:169]
 53 [ 9 169:174]
 33 [ 7 300:305]
 12 [ 6 338:343]
 49 [10 420:425]
 37 [ 6 453:458]
 -5 [ 6 471:471]

Vehicle: 503  Cost: 72.95
Route: 5 25 26 30 -5 
  5 [10  96:111]
 25 [ 7 138:143]
 26 [ 3 300:305]
 30 [ 0 314:319]
 -5 [ 0 341:341]

Vehicle: 505  Cost: 117.31
Route: 5 36 19 43 65 54 40 -5 
  5 [10  96:111]
 36 [ 7 125:130]
 19 [ 5 142:147]
 43 [ 1 170:175]
 65 [ 5 175:180]
 54 [ 9 190:195]
 40 [ 8 300:305]
 -5 [ 8 336:336]

Total Cost: 1303.82
 12:84.97, 40:75 [1, 4, -4, -1]
 13:161.38, 54:75 [1, 2, 5, -5, -2, -1]
201:108.43, 9:10 [2, 17, 42, 11, 50, 20, -2]
202:115.76, 8:10 [2, 7, 55, 16, 58, 15, 56, -2]
401:63.12, 9:10 [4, 35, 34, 32, 27, -4]
402:61.16, 10:10 [4, 24, 61, 23, 39, 31, 46, -4]
403:102.81, 10:10 [4, 44, 57, 28, 21, 60, 64, -4]
404:96.86, 9:10 [4, 9, 63, 62, 18, 59, 38, -4]
407:139.56, 10:10 [4, 22, 45, 10, 13, 52, 47, 41, -4]
501:42.92, 10:10 [5, 29, 8, 48, 6, -5]
502:136.60, 10:10 [5, 51, 14, 53, 33, 12, 49, 37, -5]
503:72.95, 10:10 [5, 25, 26, 30, -5]
505:117.31, 10:10 [5, 36, 19, 43, 65, 54, 40, -5]
fe: 2, se: 11

!ALNS------------
100000,1303.824150072123,294.039,50.797,2,11,0.6266666666666667,0.9545454545454546,30.0,5.454545454545454
4 6 5 6 0 1 8 0 
13.004568518263385 22.11986240847636 12.522848416700247 13.94434165777234 51.24858359184483 21.46042721297467 17.90914672247102 62.978259835903 
4 2 3 3 7 3 6 2 
18.078424106705953 16.360864594160386 18.47714960645446 17.673439771344526 18.41534935932847 18.682779521608783 19.64727675416918 15.679697967681989 

x[1407] = 1.0
Vehicle: 13  Cost: 161.38
Route: 1 2 5 -5 -2 -1 
 1 [ 54   0:  0 [14, 36, 19, 29, 15, 8, 6, 7, 42, 20, 17, 40, 16, 33, 12, 25, 30, 11, 37, 26, 43]]
 2 [ 38  60: 75 [14, 36, 19, 29, 8, 6, 40, 33, 12, 25, 30, 37, 26, 43]]
 5 [  0  96: 96 []]
-5 [ 18  96:544 [51, 54, 65, 48, 49, 53]]
-2 [ 30 564:579 [58, 50, 51, 54, 55, 65, 56, 48, 49, 53]]
-1 [ 30 639:639 [58, 50, 51, 54, 55, 65, 56, 48, 49, 53]]

x[2871] = 1.0
Vehicle: 12  Cost: 84.97
Route: 1 4 -4 -1 
 1 [ 40   0:  0 [9, 41, 39, 38, 35, 18, 13, 34, 31, 10, 23, 24, 21, 32, 22, 27, 28]]
 4 [  0  42: 42 []]
-4 [ 31  42:377 [57, 61, 60, 62, 63, 46, 44, 64, 59, 45, 52, 47, 51]]
-1 [ 31 420:420 [57, 61, 60, 62, 63, 46, 44, 64, 59, 45, 52, 47, 51]]

y[260] = 1.0
Vehicle: 501  Cost: 42.92
Route: 5 29 8 48 6 -5 
  5 [10 132:147]
 29 [ 7 164:169]
  8 [ 3 300:305]
 48 [ 7 305:310]
  6 [ 4 323:328]
 -5 [ 4 334:334]

y[358] = 1.0
Vehicle: 401  Cost: 96.86
Route: 4 9 63 62 18 59 38 -4 
  4 [ 7  42: 57]
  9 [ 4  73: 78]
 63 [ 5  98:103]
 62 [ 8 113:118]
 18 [ 7 300:305]
 59 [ 9 305:310]
 38 [ 6 324:329]
 -4 [ 6 362:362]

y[1843] = 1.0
Vehicle: 201  Cost: 108.43
Route: 2 17 42 11 50 20 -2 
  2 [ 9 222:237]
 17 [ 8 252:257]
 42 [ 6 279:284]
 11 [ 4 300:305]
 50 [ 8 319:324]
 20 [ 4 341:346]
 -2 [ 4 377:377]

y[2364] = 1.0
Vehicle: 407  Cost: 139.56
Route: 4 22 45 10 13 52 47 41 -4 
  4 [10 141:156]
 22 [ 6 172:177]
 45 [ 8 198:203]
 10 [ 7 218:223]
 13 [ 3 238:243]
 52 [ 7 243:248]
 47 [10 300:305]
 41 [ 9 319:324]
 -4 [ 9 361:361]

y[3391] = 1.0
Vehicle: 503  Cost: 72.95
Route: 5 25 26 30 -5 
  5 [10 242:257]
 25 [ 7 284:289]
 26 [ 3 304:309]
 30 [ 0 318:323]
 -5 [ 0 345:345]

y[3959] = 1.0
Vehicle: 505  Cost: 117.31
Route: 5 36 19 43 65 54 40 -5 
  5 [10 132:147]
 36 [ 7 162:167]
 19 [ 5 179:184]
 43 [ 1 207:212]
 65 [ 5 212:217]
 54 [ 9 227:232]
 40 [ 8 300:305]
 -5 [ 8 336:336]

y[4195] = 1.0
Vehicle: 404  Cost: 61.16
Route: 4 24 61 23 39 31 46 -4 
  4 [10  42: 57]
 24 [ 9  70: 75]
 61 [10  89: 94]
 23 [ 9  94: 99]
 39 [ 5 300:305]
 31 [ 1 311:316]
 46 [ 5 331:336]
 -4 [ 5 339:339]

y[4524] = 1.0
Vehicle: 502  Cost: 136.60
Route: 5 51 53 14 33 12 49 37 -5 
  5 [ 8  96:111]
 51 [ 9 136:141]
 53 [10 164:169]
 14 [ 9 169:174]
 33 [ 7 300:305]
 12 [ 6 338:343]
 49 [10 420:425]
 37 [ 6 453:458]
 -5 [ 6 471:471]

y[4676] = 1.0
Vehicle: 402  Cost: 63.12
Route: 4 35 34 32 27 -4 
  4 [ 9 325:340]
 35 [ 7 344:349]
 34 [ 5 356:361]
 32 [ 4 420:425]
 27 [ 0 448:453]
 -4 [ 0 463:463]

y[5011] = 1.0
Vehicle: 202  Cost: 115.76
Route: 2 15 56 16 58 55 7 -2 
  2 [ 7  89:275]
 15 [ 5 300:305]
 56 [ 9 305:310]
 16 [ 6 340:345]
 58 [ 8 345:350]
 55 [10 361:366]
  7 [ 8 394:399]
 -2 [ 8 421:421]

y[5372] = 1.0
Vehicle: 402  Cost: 102.81
Route: 4 44 57 28 21 60 64 -4 
  4 [ 4  42: 57]
 44 [ 5  80: 85]
 57 [ 9  99:104]
 28 [ 8 110:115]
 21 [ 5 136:141]
 60 [ 9 141:146]
 64 [10 300:305]
 -4 [10 338:338]

FE: 2
SE: 11
!MIP-----
1303.824150072123,77.25205183029175,0.0,2,11,3401,5673

Run: 4
Total Cost: 1303.82
Vehicle: 11  Cost: 84.97
Route: 1 4 -4 -1 
 1 [ 40   0:  0 [18, 41, 23, 9, 21, 39, 22, 24, 13, 38, 28, 34, 10, 35, 31, 27, 32]]
 4 [  0  42: 42 []]
-4 [ 30  42:377 [57, 52, 60, 46, 59, 63, 61, 64, 62, 45, 44, 47]]
-1 [ 30 419:419 [57, 52, 60, 46, 59, 63, 61, 64, 62, 45, 44, 47]]

Vehicle: 13  Cost: 161.38
Route: 1 2 5 -5 -2 -1 
 1 [ 54   0:  0 [16, 40, 42, 14, 43, 7, 36, 26, 29, 19, 8, 17, 15, 20, 37, 12, 30, 11, 33, 6, 25]]
 2 [ 38  60: 75 [40, 14, 43, 36, 26, 29, 19, 8, 37, 12, 30, 33, 6, 25]]
 5 [  0  96: 96 []]
-5 [ 18  96:486 [49, 65, 48, 51, 54, 53]]
-2 [ 30 507:522 [56, 58, 55, 49, 65, 48, 50, 51, 54, 53]]
-1 [ 30 582:582 [56, 58, 55, 49, 65, 48, 50, 51, 54, 53]]

Vehicle: 201  Cost: 108.43
Route: 2 17 42 11 50 20 -2 
  2 [ 9  60: 75]
 17 [ 8  90: 95]
 42 [ 6 180:185]
 11 [ 4 300:305]
 50 [ 8 319:324]
 20 [ 4 341:346]
 -2 [ 4 377:377]

Vehicle: 202  Cost: 115.76
Route: 2 7 55 16 58 15 56 -2 
  2 [ 7  60:278]
  7 [ 5 300:305]
 55 [ 7 333:338]
 16 [ 4 349:354]
 58 [ 6 354:359]
 15 [ 4 389:394]
 56 [ 8 394:399]
 -2 [ 8 424:424]

Vehicle: 401  Cost: 63.12
Route: 4 35 34 32 27 -4 
  4 [ 9  42:296]
 35 [ 7 300:305]
 34 [ 5 311:316]
 32 [ 4 420:425]
 27 [ 0 448:453]
 -4 [ 0 463:463]

Vehicle: 403  Cost: 96.86
Route: 4 9 63 62 59 18 38 -4 
  4 [ 7  42: 57]
  9 [ 4  73: 78]
 63 [ 5  98:103]
 62 [ 8 113:118]
 59 [10 300:305]
 18 [ 9 305:310]
 38 [ 6 324:329]
 -4 [ 6 362:362]

Vehicle: 404  Cost: 61.16
Route: 4 24 61 23 39 31 46 -4 
  4 [10  42: 57]
 24 [ 9  70: 75]
 61 [10  89: 94]
 23 [ 9  94: 99]
 39 [ 5 300:305]
 31 [ 1 311:316]
 46 [ 5 331:336]
 -4 [ 5 339:339]

Vehicle: 405  Cost: 102.81
Route: 4 44 57 28 21 60 64 -4 
  4 [ 4  42: 57]
 44 [ 5  80: 85]
 57 [ 9  99:104]
 28 [ 8 110:115]
 21 [ 5 136:141]
 60 [ 9 141:146]
 64 [10 300:305]
 -4 [10 338:338]

Vehicle: 407  Cost: 139.56
Route: 4 22 45 10 13 52 47 41 -4 
  4 [10  42: 57]
 22 [ 6  74: 79]
 45 [ 8 180:185]
 10 [ 7 201:206]
 13 [ 3 220:225]
 52 [ 7 225:230]
 47 [10 300:305]
 41 [ 9 319:324]
 -4 [ 9 361:361]

Vehicle: 501  Cost: 42.92
Route: 5 29 8 48 6 -5 
  5 [10  96:111]
 29 [ 7 128:133]
  8 [ 3 300:305]
 48 [ 7 305:310]
  6 [ 4 323:328]
 -5 [ 4 334:334]

Vehicle: 502  Cost: 136.60
Route: 5 51 53 14 33 12 49 37 -5 
  5 [ 8  96:111]
 51 [ 9 136:141]
 53 [10 164:169]
 14 [ 9 169:174]
 33 [ 7 300:305]
 12 [ 6 338:343]
 49 [10 420:425]
 37 [ 6 453:458]
 -5 [ 6 471:471]

Vehicle: 503  Cost: 72.95
Route: 5 25 26 30 -5 
  5 [10  96:111]
 25 [ 7 138:143]
 26 [ 3 300:305]
 30 [ 0 314:319]
 -5 [ 0 341:341]

Vehicle: 505  Cost: 117.31
Route: 5 36 19 43 65 54 40 -5 
  5 [10  96:111]
 36 [ 7 125:130]
 19 [ 5 142:147]
 43 [ 1 170:175]
 65 [ 5 175:180]
 54 [ 9 190:195]
 40 [ 8 300:305]
 -5 [ 8 336:336]

Total Cost: 1303.82
 11:84.97, 40:75 [1, 4, -4, -1]
 13:161.38, 54:75 [1, 2, 5, -5, -2, -1]
201:108.43, 9:10 [2, 17, 42, 11, 50, 20, -2]
202:115.76, 8:10 [2, 7, 55, 16, 58, 15, 56, -2]
401:63.12, 9:10 [4, 35, 34, 32, 27, -4]
403:96.86, 10:10 [4, 9, 63, 62, 59, 18, 38, -4]
404:61.16, 10:10 [4, 24, 61, 23, 39, 31, 46, -4]
405:102.81, 10:10 [4, 44, 57, 28, 21, 60, 64, -4]
407:139.56, 10:10 [4, 22, 45, 10, 13, 52, 47, 41, -4]
501:42.92, 10:10 [5, 29, 8, 48, 6, -5]
502:136.60, 10:10 [5, 51, 53, 14, 33, 12, 49, 37, -5]
503:72.95, 10:10 [5, 25, 26, 30, -5]
505:117.31, 10:10 [5, 36, 19, 43, 65, 54, 40, -5]
fe: 2, se: 11

!ALNS------------
100000,1303.824150072123,619.2,180.625,2,11,0.6266666666666667,0.9636363636363636,30.0,5.454545454545454
9 8 1 7 0 0 6 1 
11.27821388941771 23.092807352808023 12.01863405041759 12.745481191033688 NaN 35.656521514843654 16.32113768003959 49.02194021454222 
4 5 5 6 1 3 6 2 
16.241296190118625 17.35461560790303 17.036679144443028 15.699050139267895 16.10900777131859 17.22392067755584 17.89149556100455 18.09063554197797 

x[1278] = 1.0
Vehicle: 13  Cost: 161.38
Route: 1 2 5 -5 -2 -1 
 1 [ 54   0:  0 [36, 14, 19, 40, 6, 20, 42, 16, 7, 43, 12, 37, 8, 15, 33, 17, 29, 30, 25, 11, 26]]
 2 [ 38  60: 75 [36, 14, 19, 40, 6, 43, 12, 37, 8, 33, 29, 30, 25, 26]]
 5 [  0  96: 96 []]
-5 [ 18  96:544 [53, 65, 48, 54, 49, 51]]
-2 [ 30 564:579 [53, 55, 58, 56, 65, 48, 50, 54, 49, 51]]
-1 [ 30 639:639 [53, 55, 58, 56, 65, 48, 50, 54, 49, 51]]

x[2485] = 1.0
Vehicle: 11  Cost: 84.97
Route: 1 4 -4 -1 
 1 [ 40   0:  0 [41, 18, 21, 23, 10, 35, 38, 27, 13, 24, 31, 9, 22, 39, 34, 32, 28]]
 4 [  0  42: 42 []]
-4 [ 30  42:377 [59, 44, 61, 64, 52, 60, 62, 57, 46, 47, 45, 63]]
-1 [ 30 420:420 [59, 44, 61, 64, 52, 60, 62, 57, 46, 47, 45, 63]]

y[353] = 1.0
Vehicle: 407  Cost: 96.86
Route: 4 9 63 62 59 18 38 -4 
  4 [ 7  42: 57]
  9 [ 4  73: 78]
 63 [ 5  98:103]
 62 [ 8 113:118]
 59 [10 300:305]
 18 [ 9 305:310]
 38 [ 6 324:329]
 -4 [ 6 362:362]

y[529] = 1.0
Vehicle: 505  Cost: 117.31
Route: 5 36 19 65 43 54 40 -5 
  5 [10  96:111]
 36 [ 7 125:130]
 19 [ 5 142:147]
 65 [ 9 170:175]
 43 [ 5 175:180]
 54 [ 9 190:195]
 40 [ 8 300:305]
 -5 [ 8 336:336]

y[2538] = 1.0
Vehicle: 401  Cost: 63.12
Route: 4 35 34 32 27 -4 
  4 [ 9  42:296]
 35 [ 7 300:305]
 34 [ 5 311:316]
 32 [ 4 420:425]
 27 [ 0 448:453]
 -4 [ 0 463:463]

y[2896] = 1.0
Vehicle: 401  Cost: 139.56
Route: 4 22 45 10 13 52 47 41 -4 
  4 [10 106:121]
 22 [ 6 137:142]
 45 [ 8 180:185]
 10 [ 7 201:206]
 13 [ 3 220:225]
 52 [ 7 225:230]
 47 [10 300:305]
 41 [ 9 319:324]
 -4 [ 9 361:361]

y[3248] = 1.0
Vehicle: 201  Cost: 108.43
Route: 2 17 42 11 50 20 -2 
  2 [ 9 243:258]
 17 [ 8 273:278]
 42 [ 6 299:304]
 11 [ 4 314:319]
 50 [ 8 334:339]
 20 [ 4 355:360]
 -2 [ 4 391:391]

y[3280] = 1.0
Vehicle: 404  Cost: 61.16
Route: 4 24 23 61 39 31 46 -4 
  4 [10 106:121]
 24 [ 9 133:138]
 23 [ 8 153:158]
 61 [ 9 158:163]
 39 [ 5 300:305]
 31 [ 1 311:316]
 46 [ 5 331:336]
 -4 [ 5 339:339]

y[3298] = 1.0
Vehicle: 503  Cost: 136.60
Route: 5 51 14 53 33 12 49 37 -5 
  5 [ 8  96:111]
 51 [ 9 136:141]
 14 [ 8 164:169]
 53 [ 9 169:174]
 33 [ 7 300:305]
 12 [ 6 338:343]
 49 [10 420:425]
 37 [ 6 453:458]
 -5 [ 6 471:471]

y[4408] = 1.0
Vehicle: 506  Cost: 42.92
Route: 5 29 8 48 6 -5 
  5 [10  96:111]
 29 [ 7 128:133]
  8 [ 3 300:305]
 48 [ 7 305:310]
  6 [ 4 323:328]
 -5 [ 4 334:334]

y[4963] = 1.0
Vehicle: 405  Cost: 102.81
Route: 4 44 57 28 21 60 64 -4 
  4 [ 4  42: 57]
 44 [ 5  80: 85]
 57 [ 9  99:104]
 28 [ 8 110:115]
 21 [ 5 136:141]
 60 [ 9 141:146]
 64 [10 300:305]
 -4 [10 338:338]

y[5106] = 1.0
Vehicle: 503  Cost: 72.95
Route: 5 25 26 30 -5 
  5 [10 124:139]
 25 [ 7 166:171]
 26 [ 3 300:305]
 30 [ 0 314:319]
 -5 [ 0 341:341]

y[5171] = 1.0
Vehicle: 202  Cost: 115.76
Route: 2 7 55 16 58 15 56 -2 
  2 [ 7  60:278]
  7 [ 5 300:305]
 55 [ 7 333:338]
 16 [ 4 349:354]
 58 [ 6 354:359]
 15 [ 4 389:394]
 56 [ 8 394:399]
 -2 [ 8 424:424]

FE: 2
SE: 11
!MIP-----
1303.824150072123,128.71275186538696,0.0,2,11,3328,5779

Run: 5
Total Cost: 1303.82
Vehicle: 12  Cost: 84.97
Route: 1 4 -4 -1 
 1 [ 40   0:  0 [35, 31, 24, 22, 41, 38, 21, 28, 34, 32, 27, 18, 10, 39, 9, 23, 13]]
 4 [  0  42: 42 []]
-4 [ 30  42:377 [52, 45, 61, 47, 60, 62, 59, 64, 44, 46, 63, 57]]
-1 [ 30 419:419 [52, 45, 61, 47, 60, 62, 59, 64, 44, 46, 63, 57]]

Vehicle: 13  Cost: 161.38
Route: 1 2 5 -5 -2 -1 
 1 [ 54   0:  0 [19, 30, 29, 43, 7, 15, 16, 17, 40, 33, 42, 36, 25, 14, 37, 20, 6, 12, 26, 8, 11]]
 2 [ 38  60: 75 [19, 30, 29, 43, 40, 33, 36, 25, 14, 37, 6, 12, 26, 8]]
 5 [  0  96: 96 []]
-5 [ 18  96:486 [53, 65, 51, 54, 48, 49]]
-2 [ 30 507:522 [58, 50, 53, 65, 51, 54, 56, 48, 55, 49]]
-1 [ 30 582:582 [58, 50, 53, 65, 51, 54, 56, 48, 55, 49]]

Vehicle: 202  Cost: 108.43
Route: 2 17 42 11 50 20 -2 
  2 [ 9  60: 75]
 17 [ 8  90: 95]
 42 [ 6 180:185]
 11 [ 4 300:305]
 50 [ 8 319:324]
 20 [ 4 341:346]
 -2 [ 4 377:377]

Vehicle: 203  Cost: 115.76
Route: 2 7 55 16 58 56 15 -2 
  2 [ 7  60:278]
  7 [ 5 300:305]
 55 [ 7 333:338]
 16 [ 4 349:354]
 58 [ 6 354:359]
 56 [10 389:394]
 15 [ 8 394:399]
 -2 [ 8 424:424]

Vehicle: 401  Cost: 96.86
Route: 4 9 63 62 18 59 38 -4 
  4 [ 7  42: 57]
  9 [ 4  73: 78]
 63 [ 5  98:103]
 62 [ 8 113:118]
 18 [ 7 300:305]
 59 [ 9 305:310]
 38 [ 6 324:329]
 -4 [ 6 362:362]

Vehicle: 402  Cost: 63.12
Route: 4 35 34 32 27 -4 
  4 [ 9  42:296]
 35 [ 7 300:305]
 34 [ 5 311:316]
 32 [ 4 420:425]
 27 [ 0 448:453]
 -4 [ 0 463:463]

Vehicle: 403  Cost: 102.81
Route: 4 44 57 28 21 60 64 -4 
  4 [ 4  42: 57]
 44 [ 5  80: 85]
 57 [ 9  99:104]
 28 [ 8 110:115]
 21 [ 5 136:141]
 60 [ 9 141:146]
 64 [10 300:305]
 -4 [10 338:338]

Vehicle: 405  Cost: 139.56
Route: 4 22 45 10 13 52 47 41 -4 
  4 [10  42: 57]
 22 [ 6  74: 79]
 45 [ 8 180:185]
 10 [ 7 201:206]
 13 [ 3 220:225]
 52 [ 7 225:230]
 47 [10 300:305]
 41 [ 9 319:324]
 -4 [ 9 361:361]

Vehicle: 406  Cost: 61.16
Route: 4 24 23 61 39 31 46 -4 
  4 [10  42: 57]
 24 [ 9  70: 75]
 23 [ 8  89: 94]
 61 [ 9  94: 99]
 39 [ 5 300:305]
 31 [ 1 311:316]
 46 [ 5 331:336]
 -4 [ 5 339:339]

Vehicle: 501  Cost: 136.60
Route: 5 51 14 53 33 12 49 37 -5 
  5 [ 8  96:111]
 51 [ 9 136:141]
 14 [ 8 164:169]
 53 [ 9 169:174]
 33 [ 7 300:305]
 12 [ 6 338:343]
 49 [10 420:425]
 37 [ 6 453:458]
 -5 [ 6 471:471]

Vehicle: 503  Cost: 42.92
Route: 5 29 8 48 6 -5 
  5 [10  96:111]
 29 [ 7 128:133]
  8 [ 3 300:305]
 48 [ 7 305:310]
  6 [ 4 323:328]
 -5 [ 4 334:334]

Vehicle: 504  Cost: 72.95
Route: 5 25 26 30 -5 
  5 [10  96:111]
 25 [ 7 138:143]
 26 [ 3 300:305]
 30 [ 0 314:319]
 -5 [ 0 341:341]

Vehicle: 505  Cost: 117.31
Route: 5 36 19 65 43 54 40 -5 
  5 [10  96:111]
 36 [ 7 125:130]
 19 [ 5 142:147]
 65 [ 9 170:175]
 43 [ 5 175:180]
 54 [ 9 190:195]
 40 [ 8 300:305]
 -5 [ 8 336:336]

Total Cost: 1303.82
 12:84.97, 40:75 [1, 4, -4, -1]
 13:161.38, 54:75 [1, 2, 5, -5, -2, -1]
202:108.43, 9:10 [2, 17, 42, 11, 50, 20, -2]
203:115.76, 10:10 [2, 7, 55, 16, 58, 56, 15, -2]
401:96.86, 9:10 [4, 9, 63, 62, 18, 59, 38, -4]
402:63.12, 9:10 [4, 35, 34, 32, 27, -4]
403:102.81, 10:10 [4, 44, 57, 28, 21, 60, 64, -4]
405:139.56, 10:10 [4, 22, 45, 10, 13, 52, 47, 41, -4]
406:61.16, 10:10 [4, 24, 23, 61, 39, 31, 46, -4]
501:136.60, 10:10 [5, 51, 14, 53, 33, 12, 49, 37, -5]
503:42.92, 10:10 [5, 29, 8, 48, 6, -5]
504:72.95, 10:10 [5, 25, 26, 30, -5]
505:117.31, 10:10 [5, 36, 19, 65, 43, 54, 40, -5]
fe: 2, se: 11

!ALNS------------
100000,1303.824150072123,448.911,73.784,2,11,0.6266666666666667,0.9727272727272728,30.0,5.454545454545454
10 16 6 4 0 4 5 0 
13.880402116106396 23.110268131153006 12.464445196573424 14.177074491011957 58.01813035926191 27.44183015292109 18.798396742907904 41.309712650944675 
8 5 4 5 6 5 7 5 
16.000161230210875 18.780403821229935 16.512336566215716 18.64113574937495 20.43705092803654 20.03658352835499 16.951922439503605 19.234138463225634 

x[1075] = 1.0000000000000002
Vehicle: 13  Cost: 161.38
Route: 1 2 5 -5 -2 -1 
 1 [ 55   0:  0 [36, 8, 15, 6, 30, 16, 10, 25, 37, 40, 43, 29, 26, 7, 19, 20, 33, 12, 42, 11, 14, 17]]
 2 [ 38  60: 75 [36, 8, 6, 30, 25, 37, 40, 43, 29, 26, 19, 33, 12, 14]]
 5 [  0  96: 96 []]
-5 [ 20  96:517 [65, 48, 54, 53, 59, 51, 49]]
-2 [ 34 537:552 [45, 65, 48, 58, 54, 56, 53, 55, 59, 50, 51, 49]]
-1 [ 34 612:612 [45, 65, 48, 58, 54, 56, 53, 55, 59, 50, 51, 49]]

x[1499] = 0.9999999999999998
Vehicle: 12  Cost: 84.97
Route: 1 4 -4 -1 
 1 [ 39   0:  0 [21, 13, 24, 39, 35, 18, 23, 27, 28, 38, 31, 9, 22, 34, 41, 32]]
 4 [  0  42: 42 []]
-4 [ 32  42:377 [59, 62, 58, 52, 63, 60, 45, 46, 57, 61, 64, 47, 44]]
-1 [ 32 420:420 [59, 62, 58, 52, 63, 60, 45, 46, 57, 61, 64, 47, 44]]

y[258] = 1.0
Vehicle: 503  Cost: 42.92
Route: 5 29 8 48 6 -5 
  5 [10 132:147]
 29 [ 7 164:169]
  8 [ 3 300:305]
 48 [ 7 305:310]
  6 [ 4 323:328]
 -5 [ 4 334:334]

y[343] = 1.0
Vehicle: 403  Cost: 96.86
Route: 4 9 63 62 18 59 38 -4 
  4 [ 7  42: 57]
  9 [ 4  73: 78]
 63 [ 5  98:103]
 62 [ 8 113:118]
 18 [ 7 300:305]
 59 [ 9 305:310]
 38 [ 6 324:329]
 -4 [ 6 362:362]

y[529] = 1.0
Vehicle: 506  Cost: 117.31
Route: 5 36 19 43 65 54 40 -5 
  5 [10  96:111]
 36 [ 7 125:130]
 19 [ 5 142:147]
 43 [ 1 170:175]
 65 [ 5 175:180]
 54 [ 9 190:195]
 40 [ 8 300:305]
 -5 [ 8 336:336]

y[2263] = 1.0
Vehicle: 405  Cost: 139.56
Route: 4 22 44 52 13 47 41 -4 
  4 [ 9  42: 57]
 22 [ 5  74: 79]
 44 [ 6 100:105]
 52 [10 134:139]
 13 [ 6 139:144]
 47 [ 9 300:305]
 41 [ 8 319:324]
 -4 [ 8 361:361]

y[2560] = 1.0
Vehicle: 404  Cost: 63.12
Route: 4 35 34 32 27 -4 
  4 [ 9  42:296]
 35 [ 7 300:305]
 34 [ 5 311:316]
 32 [ 4 420:425]
 27 [ 0 448:453]
 -4 [ 0 463:463]

y[2960] = 1.0
Vehicle: 504  Cost: 72.95
Route: 5 25 26 30 -5 
  5 [10 154:169]
 25 [ 7 196:201]
 26 [ 3 300:305]
 30 [ 0 314:319]
 -5 [ 0 341:341]

y[3287] = 1.0
Vehicle: 406  Cost: 61.16
Route: 4 24 23 61 39 31 46 -4 
  4 [10 106:121]
 24 [ 9 133:138]
 23 [ 8 153:158]
 61 [ 9 158:163]
 39 [ 5 300:305]
 31 [ 1 311:316]
 46 [ 5 331:336]
 -4 [ 5 339:339]

y[4302] = 1.0
Vehicle: 501  Cost: 136.60
Route: 5 51 53 14 33 12 49 37 -5 
  5 [ 8  96:111]
 51 [ 9 136:141]
 53 [10 164:169]
 14 [ 9 169:174]
 33 [ 7 300:305]
 12 [ 6 338:343]
 49 [10 420:425]
 37 [ 6 453:458]
 -5 [ 6 471:471]

y[4476] = 1.0
Vehicle: 202  Cost: 108.43
Route: 2 17 42 11 50 20 -2 
  2 [ 9 225:240]
 17 [ 8 255:260]
 42 [ 6 281:286]
 11 [ 4 300:305]
 50 [ 8 319:324]
 20 [ 4 341:346]
 -2 [ 4 377:377]

y[4912] = 1.0
Vehicle: 404  Cost: 86.19
Route: 4 28 57 21 60 64 -4 
  4 [ 4  42: 57]
 28 [ 3  75: 80]
 57 [ 7  87: 92]
 21 [ 4 114:119]
 60 [ 8 119:124]
 64 [ 9 300:305]
 -4 [ 9 338:338]

y[4986] = 1.0000000000000002
Vehicle: 202  Cost: 128.88
Route: 2 45 10 16 58 55 7 15 56 -2 
  2 [ 8  60:159]
 45 [10 180:185]
 10 [ 9 201:206]
 16 [ 6 300:305]
 58 [ 8 305:310]
 55 [10 321:326]
  7 [ 8 354:359]
 15 [ 6 370:375]
 56 [10 375:380]
 -2 [10 405:405]

FE: 2
SE: 11
!MIP-----
1300.323468004402,45.68669009208679,8.780307408017467E-5,2,11,2887,5513