--Parameters Information--
speed=1
run=5
iteration= 100000
batch=100
restartPeriod=10000
largeRemovalOccurrence=500
initialLNS=250
lowerBoundSmallRemoval=4
smallRemoval=0.2
lowerBoundLargeRemoval=0.55
largeRemoval=0.8
initialWeight=1.0
decayRate=0.1
gamma1=9.0
gamma2=5.0
gamma3=2.0
gamma4=0.0
coolingRate=0.9995
temperatureControlParameter=0.05
initialAcceptanceProbability=0.5
perturbation=0.5
perturbationFactor=0.01
split=20000

Setup: Split
Data: B_50_7_D

Run: 1
Total Cost: 1235.20
Vehicle: 11  Cost: 48.70
Route: 1 2 -2 -1 
 1 [ 25   0:  0 [11, 40, 38, 44, 10, 18, 32, 36, 9, 22, 19, 33]]
 2 [  0  24: 24 []]
-2 [ 20  24:361 [62, 55, 51, 57, 50, 60, 65]]
-1 [ 20 386:386 [62, 55, 51, 57, 50, 60, 65]]

Vehicle: 13  Cost: 53.25
Route: 1 4 -4 -1 
 1 [ 57   0:  0 [45, 25, 41, 16, 39, 35, 8, 29, 14, 21, 12, 34, 26, 47, 46, 17, 31, 13, 6, 23, 42, 20]]
 4 [  0  27: 27 []]
-4 [ 28  27:423 [52, 48, 67, 61, 64, 54, 68, 58, 66, 56]]
-1 [ 28 450:450 [52, 48, 67, 61, 64, 54, 68, 58, 66, 56]]

Vehicle: 14  Cost: 138.85
Route: 1 5 -5 -1 
 1 [ 21   0:  0 [7, 30, 15, 28, 24, 43, 37, 27]]
 5 [  0  69: 69 []]
-5 [ 16  69:499 [53, 63, 59, 69, 49]]
-1 [ 16 569:569 [53, 63, 59, 69, 49]]

Vehicle: 201  Cost: 88.53
Route: 2 18 32 65 38 60 10 -2 
  2 [ 9  24: 39]
 18 [ 6  53: 58]
 32 [ 4  77: 82]
 65 [ 8  93: 98]
 38 [ 6  98:103]
 60 [10 108:113]
 10 [ 8 300:305]
 -2 [ 8 332:332]

Vehicle: 202  Cost: 74.95
Route: 2 19 55 22 57 33 9 50 -2 
  2 [ 8  24: 39]
 19 [ 4  65: 70]
 55 [ 6  70: 75]
 22 [ 5  88: 93]
 57 [ 8  93: 98]
 33 [ 6 300:305]
  9 [ 5 327:332]
 50 [ 6 332:337]
 -2 [ 6 346:346]

Vehicle: 203  Cost: 64.73
Route: 2 36 44 51 11 40 62 -2 
  2 [ 8  24: 39]
 36 [ 6  53: 58]
 44 [ 5 180:185]
 51 [ 9 199:204]
 11 [ 7 204:209]
 40 [ 4 300:305]
 62 [ 6 313:318]
 -2 [ 6 331:331]

Vehicle: 401  Cost: 66.98
Route: 4 23 39 17 46 -4 
  4 [10  27:158]
 23 [ 7 180:185]
 39 [ 4 189:194]
 17 [ 3 420:425]
 46 [ 0 434:439]
 -4 [ 0 456:456]

Vehicle: 402  Cost: 49.41
Route: 4 64 35 14 -4 
  4 [ 5  27: 42]
 64 [ 9  53: 58]
 35 [ 8  58: 63]
 14 [ 4 300:305]
 -4 [ 4 326:326]

Vehicle: 403  Cost: 8.94
Route: 4 58 25 -4 
  4 [ 4  27:296]
 58 [ 8 300:305]
 25 [ 4 305:310]
 -4 [ 4 314:314]

Vehicle: 404  Cost: 53.63
Route: 4 26 45 41 -4 
  4 [10  27: 42]
 26 [ 6  67: 72]
 45 [ 3 300:305]
 41 [ 0 328:333]
 -4 [ 0 337:337]

Vehicle: 405  Cost: 86.89
Route: 4 29 21 54 16 -4 
  4 [10  27:263]
 29 [ 6 300:305]
 21 [ 2 308:313]
 54 [ 5 320:325]
 16 [ 3 325:330]
 -4 [ 3 370:370]

Vehicle: 406  Cost: 163.78
Route: 4 6 13 48 8 34 12 52 61 67 -4 
  4 [10  27: 42]
  6 [ 8  89: 94]
 13 [ 7 103:108]
 48 [10 114:119]
  8 [ 7 119:124]
 34 [ 4 300:305]
 12 [ 3 324:329]
 52 [ 5 329:334]
 61 [ 6 352:357]
 67 [ 9 391:396]
 -4 [ 9 408:408]

Vehicle: 407  Cost: 78.99
Route: 4 47 68 42 66 31 20 56 -4 
  4 [ 8  27: 42]
 47 [ 7  60: 65]
 68 [ 8  65: 70]
 42 [ 5  83: 88]
 66 [ 9  88: 93]
 31 [ 8 300:305]
 20 [ 5 326:331]
 56 [ 8 331:336]
 -4 [ 8 353:353]

Vehicle: 501  Cost: 72.54
Route: 5 53 24 28 -5 
  5 [ 5  69: 84]
 53 [ 9  96:101]
 24 [ 5 112:117]
 28 [ 4 300:305]
 -5 [ 4 332:332]

Vehicle: 502  Cost: 86.42
Route: 5 69 15 37 63 27 59 -5 
  5 [ 8  69: 84]
 69 [10 104:109]
 15 [ 6 300:305]
 37 [ 3 420:425]
 63 [ 6 436:441]
 27 [ 5 455:460]
 59 [ 9 460:465]
 -5 [ 9 484:484]

Vehicle: 503  Cost: 98.59
Route: 5 7 49 30 43 -5 
  5 [ 8  69: 84]
  7 [ 5 101:106]
 49 [ 8 123:128]
 30 [ 5 151:156]
 43 [ 3 300:305]
 -5 [ 3 334:334]

Total Cost: 1235.20
 11:48.70, 25:75 [1, 2, -2, -1]
 13:53.25, 57:75 [1, 4, -4, -1]
 14:138.85, 21:75 [1, 5, -5, -1]
201:88.53, 10:10 [2, 18, 32, 65, 38, 60, 10, -2]
202:74.95, 8:10 [2, 19, 55, 22, 57, 33, 9, 50, -2]
203:64.73, 9:10 [2, 36, 44, 51, 11, 40, 62, -2]
401:66.98, 10:10 [4, 23, 39, 17, 46, -4]
402:49.41, 9:10 [4, 64, 35, 14, -4]
403:8.94, 8:10 [4, 58, 25, -4]
404:53.63, 10:10 [4, 26, 45, 41, -4]
405:86.89, 10:10 [4, 29, 21, 54, 16, -4]
406:163.78, 10:10 [4, 6, 13, 48, 8, 34, 12, 52, 61, 67, -4]
407:78.99, 9:10 [4, 47, 68, 42, 66, 31, 20, 56, -4]
501:72.54, 9:10 [5, 53, 24, 28, -5]
502:86.42, 10:10 [5, 69, 15, 37, 63, 27, 59, -5]
503:98.59, 8:10 [5, 7, 49, 30, 43, -5]
fe: 3, se: 13

!ALNS------------
100000,1235.1967633294937,145.137,8.598,3,13,0.4577777777777778,0.9230769230769231,21.333333333333332,4.923076923076923
2 3 2 3 1 0 1 0 
11.91245496688121 21.973720800590524 10.116795285830783 14.880489978618021 25.647609877245124 28.77097587685826 14.236174034601262 30.838966658670472 
0 1 2 2 3 1 1 2 
16.315254670832857 16.64552765541094 13.730609817234427 14.50043576491541 16.302989536766518 17.168960790630965 15.799384471742679 15.836268215906218 

x[267] = 1.0
Vehicle: 14  Cost: 138.85
Route: 1 5 -5 -1 
 1 [ 21   0:  0 [43, 24, 30, 15, 7, 37, 27, 28]]
 5 [  0  69: 69 []]
-5 [ 16  69:520 [49, 53, 59, 63, 69]]
-1 [ 16 590:590 [49, 53, 59, 63, 69]]

x[1787] = 1.0
Vehicle: 13  Cost: 53.25
Route: 1 4 -4 -1 
 1 [ 57   0:  0 [25, 45, 6, 47, 8, 17, 12, 46, 13, 31, 42, 35, 41, 20, 34, 16, 21, 29, 26, 39, 23, 14]]
 4 [  0  27: 27 []]
-4 [ 28  27:452 [48, 61, 68, 67, 66, 56, 64, 58, 52, 54]]
-1 [ 28 478:478 [48, 61, 68, 67, 66, 56, 64, 58, 52, 54]]

x[2727] = 1.0
Vehicle: 11  Cost: 48.70
Route: 1 2 -2 -1 
 1 [ 25   0:  0 [38, 44, 33, 32, 19, 18, 9, 36, 11, 22, 10, 40]]
 2 [  0  24: 24 []]
-2 [ 23  24:384 [60, 50, 67, 55, 65, 62, 57, 51]]
-1 [ 23 409:409 [60, 50, 67, 55, 65, 62, 57, 51]]

y[57] = 1.0
Vehicle: 203  Cost: 64.73
Route: 2 36 44 11 51 40 62 -2 
  2 [ 8  24: 39]
 36 [ 6  53: 58]
 44 [ 5 180:185]
 11 [ 3 199:204]
 51 [ 7 204:209]
 40 [ 4 300:305]
 62 [ 6 313:318]
 -2 [ 6 331:331]

y[220] = 1.0
Vehicle: 405  Cost: 86.89
Route: 4 29 21 54 16 -4 
  4 [10 131:263]
 29 [ 6 300:305]
 21 [ 2 308:313]
 54 [ 5 320:325]
 16 [ 3 325:330]
 -4 [ 3 370:370]

y[330] = 1.0
Vehicle: 201  Cost: 88.53
Route: 2 18 32 65 38 60 10 -2 
  2 [ 9  65: 80]
 18 [ 6  94: 99]
 32 [ 4 118:123]
 65 [ 8 133:138]
 38 [ 6 138:143]
 60 [10 148:153]
 10 [ 8 300:305]
 -2 [ 8 332:332]

y[1219] = 1.0
Vehicle: 403  Cost: 8.94
Route: 4 58 25 -4 
  4 [ 4 109:296]
 58 [ 8 300:305]
 25 [ 4 305:310]
 -4 [ 4 314:314]

y[1987] = 1.0
Vehicle: 503  Cost: 98.59
Route: 5 7 49 30 43 -5 
  5 [ 8 114:129]
  7 [ 5 145:150]
 49 [ 8 167:172]
 30 [ 5 196:201]
 43 [ 3 300:305]
 -5 [ 3 334:334]

y[2235] = 1.0
Vehicle: 407  Cost: 78.99
Route: 4 68 47 42 66 31 20 56 -4 
  4 [ 8 157:172]
 68 [ 9 191:196]
 47 [ 8 196:201]
 42 [ 5 213:218]
 66 [ 9 218:223]
 31 [ 8 300:305]
 20 [ 5 326:331]
 56 [ 8 331:336]
 -4 [ 8 353:353]

y[2357] = 1.0
Vehicle: 406  Cost: 163.78
Route: 4 6 13 8 48 34 12 52 61 67 -4 
  4 [10 139:154]
  6 [ 8 201:206]
 13 [ 7 215:220]
  8 [ 4 227:232]
 48 [ 7 232:237]
 34 [ 4 300:305]
 12 [ 3 324:329]
 52 [ 5 329:334]
 61 [ 6 352:357]
 67 [ 9 391:396]
 -4 [ 9 408:408]

y[2889] = 1.0
Vehicle: 501  Cost: 72.54
Route: 5 53 24 28 -5 
  5 [ 5 144:159]
 53 [ 9 171:176]
 24 [ 5 187:192]
 28 [ 4 300:305]
 -5 [ 4 332:332]

y[2946] = 1.0
Vehicle: 404  Cost: 53.63
Route: 4 26 45 41 -4 
  4 [10 109:124]
 26 [ 6 150:155]
 45 [ 3 300:305]
 41 [ 0 328:333]
 -4 [ 0 337:337]

y[3356] = 1.0
Vehicle: 202  Cost: 74.95
Route: 2 19 55 22 57 33 9 50 -2 
  2 [ 8  65: 80]
 19 [ 4 105:110]
 55 [ 6 110:115]
 22 [ 5 128:133]
 57 [ 8 133:138]
 33 [ 6 300:305]
  9 [ 5 327:332]
 50 [ 6 332:337]
 -2 [ 6 346:346]

y[3722] = 1.0
Vehicle: 401  Cost: 66.98
Route: 4 23 39 17 46 -4 
  4 [10 109:158]
 23 [ 7 180:185]
 39 [ 4 189:194]
 17 [ 3 420:425]
 46 [ 0 434:439]
 -4 [ 0 456:456]

y[4245] = 1.0
Vehicle: 502  Cost: 86.42
Route: 5 69 15 37 63 27 59 -5 
  5 [ 8 113:128]
 69 [10 147:152]
 15 [ 6 300:305]
 37 [ 3 420:425]
 63 [ 6 436:441]
 27 [ 5 455:460]
 59 [ 9 460:465]
 -5 [ 9 484:484]

y[4413] = 1.0
Vehicle: 402  Cost: 49.41
Route: 4 64 35 14 -4 
  4 [ 5 109:124]
 64 [ 9 136:141]
 35 [ 8 141:146]
 14 [ 4 300:305]
 -4 [ 4 326:326]

FE: 3
SE: 13
!MIP-----
1235.1967633294937,61.272602796554565,0.0,3,13,2843,4833

Run: 2
Total Cost: 1245.65
Vehicle: 11  Cost: 48.70
Route: 1 2 -2 -1 
 1 [ 25   0:  0 [19, 22, 44, 9, 11, 10, 18, 36, 40, 33, 32, 38]]
 2 [  0  24: 24 []]
-2 [ 20  24:361 [55, 65, 62, 57, 60, 50, 51]]
-1 [ 20 386:386 [55, 65, 62, 57, 60, 50, 51]]

Vehicle: 12  Cost: 146.75
Route: 1 5 -5 3 -3 -1 
 1 [ 41   0:  0 [27, 13, 8, 6, 7, 21, 12, 34, 30, 15, 16, 29, 43, 37, 28, 24]]
 5 [ 25  69: 69 [27, 13, 8, 6, 21, 12, 34, 15, 16, 29]]
-5 [ 32  69:198 [27, 13, 8, 6, 53, 21, 12, 34, 15, 16, 29, 49]]
 3 [  7 218:218 [53, 49]]
-3 [ 25 218:408 [59, 54, 53, 69, 48, 63, 61, 52, 49]]
-1 [ 25 465:465 [59, 54, 53, 69, 48, 63, 61, 52, 49]]

Vehicle: 13  Cost: 53.25
Route: 1 4 -4 -1 
 1 [ 37   0:  0 [47, 26, 45, 14, 39, 20, 23, 17, 46, 35, 25, 31, 41, 42]]
 4 [  0  27: 27 []]
-4 [ 19  27:368 [56, 58, 66, 68, 64, 67]]
-1 [ 19 394:394 [56, 58, 66, 68, 64, 67]]

Vehicle: 201  Cost: 74.95
Route: 2 55 19 57 22 33 50 9 -2 
  2 [ 8  24: 39]
 55 [10  65: 70]
 19 [ 6  70: 75]
 57 [ 9  88: 93]
 22 [ 8  93: 98]
 33 [ 6 300:305]
 50 [ 7 327:332]
  9 [ 6 332:337]
 -2 [ 6 346:346]

Vehicle: 202  Cost: 88.53
Route: 2 18 32 38 65 60 10 -2 
  2 [ 9  24: 39]
 18 [ 6  53: 58]
 32 [ 4  77: 82]
 38 [ 2  93: 98]
 65 [ 6  98:103]
 60 [10 108:113]
 10 [ 8 300:305]
 -2 [ 8 332:332]

Vehicle: 203  Cost: 64.73
Route: 2 36 44 51 11 40 62 -2 
  2 [ 8  24: 39]
 36 [ 6  53: 58]
 44 [ 5 180:185]
 51 [ 9 199:204]
 11 [ 7 204:209]
 40 [ 4 300:305]
 62 [ 6 313:318]
 -2 [ 6 331:331]

Vehicle: 301  Cost: 84.12
Route: 3 29 16 54 21 -3 
  3 [10 218:264]
 29 [ 6 300:305]
 16 [ 4 311:316]
 54 [ 7 316:321]
 21 [ 3 327:332]
 -3 [ 3 369:369]

Vehicle: 302  Cost: 83.84
Route: 3 69 15 63 59 27 -3 
  3 [ 5 218:233]
 69 [ 7 242:247]
 15 [ 3 300:305]
 63 [ 6 322:327]
 59 [10 341:346]
 27 [ 9 346:351]
 -3 [ 9 379:379]

Vehicle: 303  Cost: 120.53
Route: 3 6 13 48 8 34 52 12 61 -3 
  3 [10 218:233]
  6 [ 8 265:270]
 13 [ 7 279:284]
 48 [10 291:296]
  8 [ 7 296:301]
 34 [ 4 319:324]
 52 [ 6 342:347]
 12 [ 5 347:352]
 61 [ 6 370:375]
 -3 [ 6 393:393]

Vehicle: 401  Cost: 53.63
Route: 4 26 45 41 -4 
  4 [10  27: 42]
 26 [ 6  67: 72]
 45 [ 3 300:305]
 41 [ 0 328:333]
 -4 [ 0 337:337]

Vehicle: 402  Cost: 8.94
Route: 4 25 58 -4 
  4 [ 4  27:296]
 25 [ 0 300:305]
 58 [ 4 305:310]
 -4 [ 4 314:314]

Vehicle: 403  Cost: 55.32
Route: 4 35 64 14 67 -4 
  4 [ 5  27: 42]
 35 [ 4  53: 58]
 64 [ 8  58: 63]
 14 [ 4 300:305]
 67 [ 7 320:325]
 -4 [ 7 337:337]

Vehicle: 404  Cost: 66.98
Route: 4 23 39 17 46 -4 
  4 [10  27:158]
 23 [ 7 180:185]
 39 [ 4 189:194]
 17 [ 3 420:425]
 46 [ 0 434:439]
 -4 [ 0 456:456]

Vehicle: 407  Cost: 78.99
Route: 4 68 47 42 66 31 20 56 -4 
  4 [ 8  27: 42]
 68 [ 9  60: 65]
 47 [ 8  65: 70]
 42 [ 5  83: 88]
 66 [ 9  88: 93]
 31 [ 8 300:305]
 20 [ 5 326:331]
 56 [ 8 331:336]
 -4 [ 8 353:353]

Vehicle: 501  Cost: 78.12
Route: 5 7 49 24 53 -5 
  5 [ 7  69: 84]
  7 [ 4 101:106]
 49 [ 7 123:128]
 24 [ 3 150:155]
 53 [ 7 166:171]
 -5 [ 7 183:183]

Vehicle: 502  Cost: 138.26
Route: 5 30 43 28 37 -5 
  5 [ 9  69: 84]
 30 [ 6 121:126]
 43 [ 4 300:305]
 28 [ 3 339:344]
 37 [ 0 420:425]
 -5 [ 0 451:451]

Total Cost: 1245.65
 11:48.70, 25:75 [1, 2, -2, -1]
 12:146.75, 41:75 [1, 5, -5, 3, -3, -1]
 13:53.25, 37:75 [1, 4, -4, -1]
201:74.95, 10:10 [2, 55, 19, 57, 22, 33, 50, 9, -2]
202:88.53, 10:10 [2, 18, 32, 38, 65, 60, 10, -2]
203:64.73, 9:10 [2, 36, 44, 51, 11, 40, 62, -2]
301:84.12, 10:10 [3, 29, 16, 54, 21, -3]
302:83.84, 10:10 [3, 69, 15, 63, 59, 27, -3]
303:120.53, 10:10 [3, 6, 13, 48, 8, 34, 52, 12, 61, -3]
401:53.63, 10:10 [4, 26, 45, 41, -4]
402:8.94, 4:10 [4, 25, 58, -4]
403:55.32, 8:10 [4, 35, 64, 14, 67, -4]
404:66.98, 10:10 [4, 23, 39, 17, 46, -4]
407:78.99, 9:10 [4, 68, 47, 42, 66, 31, 20, 56, -4]
501:78.12, 7:10 [5, 7, 49, 24, 53, -5]
502:138.26, 9:10 [5, 30, 43, 28, 37, -5]
fe: 3, se: 13

!ALNS------------
100000,1245.6523795533167,152.661,30.921,3,13,0.4577777777777778,0.8923076923076924,21.333333333333332,4.923076923076923
6 5 8 3 1 1 2 0 
11.85252250345953 20.799636501066 10.427421262441408 13.036746582367524 30.63723718631097 29.73845193228977 15.309503226297842 38.25461053224634 
5 3 1 4 3 3 4 3 
15.796010521274102 16.969151251363954 14.631284102207982 15.615884917702127 15.801452783067068 14.562611117761502 16.28649150797703 15.321819585197433 

x[251] = 1.0
Vehicle: 11  Cost: 48.70
Route: 1 2 -2 -1 
 1 [ 25   0:  0 [19, 9, 11, 10, 36, 22, 33, 18, 40, 44, 32, 38]]
 2 [  0  24: 24 []]
-2 [ 24  24:361 [51, 68, 49, 50, 57, 55, 60, 65, 62]]
-1 [ 24 386:386 [51, 68, 49, 50, 57, 55, 60, 65, 62]]

x[1207] = 1.0
Vehicle: 12  Cost: 146.75
Route: 1 5 -5 3 -3 -1 
 1 [ 41   0:  0 [7, 12, 34, 30, 15, 43, 37, 8, 13, 16, 6, 29, 28, 21, 24, 27]]
 5 [ 25  69: 69 [12, 34, 15, 8, 13, 16, 6, 29, 21, 27]]
-5 [ 32  69:198 [12, 34, 15, 49, 8, 13, 16, 6, 29, 21, 53, 27]]
 3 [  7 218:218 [49, 53]]
-3 [ 28 218:415 [63, 52, 49, 48, 54, 69, 67, 59, 53, 61]]
-1 [ 28 472:472 [63, 52, 49, 48, 54, 69, 67, 59, 53, 61]]

x[1872] = 1.0
Vehicle: 13  Cost: 53.25
Route: 1 4 -4 -1 
 1 [ 37   0:  0 [45, 46, 17, 39, 31, 35, 47, 14, 25, 41, 42, 26, 23, 20]]
 4 [  0  27: 27 []]
-4 [ 19  27:416 [66, 68, 56, 64, 58, 67]]
-1 [ 19 443:443 [66, 68, 56, 64, 58, 67]]

y[85] = 1.0
Vehicle: 403  Cost: 55.32
Route: 4 64 35 14 67 -4 
  4 [ 5 127:142]
 64 [ 9 154:159]
 35 [ 8 159:164]
 14 [ 4 300:305]
 67 [ 7 320:325]
 -4 [ 7 337:337]

y[100] = 1.0
Vehicle: 201  Cost: 74.95
Route: 2 55 19 22 57 33 9 50 -2 
  2 [ 8 104:119]
 55 [10 144:149]
 19 [ 6 149:154]
 22 [ 5 167:172]
 57 [ 8 172:177]
 33 [ 6 300:305]
  9 [ 5 327:332]
 50 [ 6 332:337]
 -2 [ 6 346:346]

y[310] = 1.0
Vehicle: 404  Cost: 8.94
Route: 4 58 25 -4 
  4 [ 4  27:296]
 58 [ 8 300:305]
 25 [ 4 305:310]
 -4 [ 4 314:314]

y[347] = 1.0
Vehicle: 302  Cost: 83.84
Route: 3 69 15 63 27 59 -3 
  3 [ 5 238:253]
 69 [ 7 262:267]
 15 [ 3 300:305]
 63 [ 6 322:327]
 27 [ 5 341:346]
 59 [ 9 346:351]
 -3 [ 9 379:379]

y[355] = 1.0
Vehicle: 202  Cost: 88.53
Route: 2 18 32 38 65 60 10 -2 
  2 [ 9  65: 80]
 18 [ 6  94: 99]
 32 [ 4 118:123]
 38 [ 2 133:138]
 65 [ 6 138:143]
 60 [10 148:153]
 10 [ 8 300:305]
 -2 [ 8 332:332]

y[764] = 1.0
Vehicle: 407  Cost: 78.99
Route: 4 47 68 42 66 31 20 56 -4 
  4 [ 8 131:146]
 47 [ 7 165:170]
 68 [ 8 170:175]
 42 [ 5 187:192]
 66 [ 9 192:197]
 31 [ 8 300:305]
 20 [ 5 326:331]
 56 [ 8 331:336]
 -4 [ 8 353:353]

y[1139] = 1.0
Vehicle: 404  Cost: 66.98
Route: 4 23 39 17 46 -4 
  4 [10 190:205]
 23 [ 7 227:232]
 39 [ 4 236:241]
 17 [ 3 420:425]
 46 [ 0 434:439]
 -4 [ 0 456:456]

y[2765] = 1.0
Vehicle: 203  Cost: 64.73
Route: 2 36 44 11 51 40 62 -2 
  2 [ 8  65: 80]
 36 [ 6  93: 98]
 44 [ 5 180:185]
 11 [ 3 199:204]
 51 [ 7 204:209]
 40 [ 4 300:305]
 62 [ 6 313:318]
 -2 [ 6 331:331]

y[3177] = 1.0
Vehicle: 501  Cost: 78.12
Route: 5 7 49 24 53 -5 
  5 [ 7  69: 84]
  7 [ 4 101:106]
 49 [ 7 123:128]
 24 [ 3 150:155]
 53 [ 7 166:171]
 -5 [ 7 183:183]

y[3317] = 1.0
Vehicle: 502  Cost: 138.26
Route: 5 30 43 28 37 -5 
  5 [ 9  92:107]
 30 [ 6 143:148]
 43 [ 4 300:305]
 28 [ 3 339:344]
 37 [ 0 420:425]
 -5 [ 0 451:451]

y[4386] = 1.0
Vehicle: 301  Cost: 84.12
Route: 3 21 16 54 29 -3 
  3 [10 211:264]
 21 [ 6 300:305]
 16 [ 4 311:316]
 54 [ 7 316:321]
 29 [ 3 327:332]
 -3 [ 3 368:368]

y[4501] = 1.0
Vehicle: 401  Cost: 53.63
Route: 4 26 45 41 -4 
  4 [10  62: 77]
 26 [ 6 103:108]
 45 [ 3 300:305]
 41 [ 0 328:333]
 -4 [ 0 337:337]

y[4815] = 1.0
Vehicle: 303  Cost: 120.53
Route: 3 6 13 8 48 34 12 52 61 -3 
  3 [10 220:235]
  6 [ 8 267:272]
 13 [ 7 281:286]
  8 [ 4 293:298]
 48 [ 7 298:303]
 34 [ 4 321:326]
 12 [ 3 344:349]
 52 [ 5 349:354]
 61 [ 6 372:377]
 -3 [ 6 395:395]

FE: 3
SE: 13
!MIP-----
1245.6523795533167,373.49576902389526,2.7295569914813207E-5,3,13,3328,5413

Run: 3
Total Cost: 1235.20
Vehicle: 11  Cost: 138.85
Route: 1 5 -5 -1 
 1 [ 21   0:  0 [28, 7, 27, 37, 24, 15, 30, 43]]
 5 [  0  69: 69 []]
-5 [ 16  69:499 [69, 59, 49, 53, 63]]
-1 [ 16 569:569 [69, 59, 49, 53, 63]]

Vehicle: 12  Cost: 48.70
Route: 1 2 -2 -1 
 1 [ 25   0:  0 [19, 11, 38, 40, 36, 18, 9, 33, 10, 22, 32, 44]]
 2 [  0  24: 24 []]
-2 [ 20  24:361 [65, 55, 50, 51, 57, 60, 62]]
-1 [ 20 386:386 [65, 55, 50, 51, 57, 60, 62]]

Vehicle: 14  Cost: 53.25
Route: 1 4 -4 -1 
 1 [ 57   0:  0 [39, 17, 42, 23, 47, 25, 45, 29, 20, 35, 31, 26, 16, 12, 21, 13, 8, 34, 6, 46, 14, 41]]
 4 [  0  27: 27 []]
-4 [ 28  27:423 [56, 68, 58, 66, 61, 54, 64, 52, 67, 48]]
-1 [ 28 450:450 [56, 68, 58, 66, 61, 54, 64, 52, 67, 48]]

Vehicle: 201  Cost: 64.73
Route: 2 36 44 51 11 40 62 -2 
  2 [ 8  24: 39]
 36 [ 6  53: 58]
 44 [ 5 180:185]
 51 [ 9 199:204]
 11 [ 7 204:209]
 40 [ 4 300:305]
 62 [ 6 313:318]
 -2 [ 6 331:331]

Vehicle: 203  Cost: 74.95
Route: 2 55 19 22 57 33 9 50 -2 
  2 [ 8  24: 39]
 55 [10  65: 70]
 19 [ 6  70: 75]
 22 [ 5  88: 93]
 57 [ 8  93: 98]
 33 [ 6 300:305]
  9 [ 5 327:332]
 50 [ 6 332:337]
 -2 [ 6 346:346]

Vehicle: 204  Cost: 88.53
Route: 2 18 32 65 38 60 10 -2 
  2 [ 9  24: 39]
 18 [ 6  53: 58]
 32 [ 4  77: 82]
 65 [ 8  93: 98]
 38 [ 6  98:103]
 60 [10 108:113]
 10 [ 8 300:305]
 -2 [ 8 332:332]

Vehicle: 401  Cost: 53.63
Route: 4 26 45 41 -4 
  4 [10  27: 42]
 26 [ 6  67: 72]
 45 [ 3 300:305]
 41 [ 0 328:333]
 -4 [ 0 337:337]

Vehicle: 402  Cost: 163.78
Route: 4 6 13 48 8 34 12 52 61 67 -4 
  4 [10  27: 42]
  6 [ 8  89: 94]
 13 [ 7 103:108]
 48 [10 114:119]
  8 [ 7 119:124]
 34 [ 4 300:305]
 12 [ 3 324:329]
 52 [ 5 329:334]
 61 [ 6 352:357]
 67 [ 9 391:396]
 -4 [ 9 408:408]

Vehicle: 403  Cost: 66.98
Route: 4 23 39 17 46 -4 
  4 [10  27:158]
 23 [ 7 180:185]
 39 [ 4 189:194]
 17 [ 3 420:425]
 46 [ 0 434:439]
 -4 [ 0 456:456]

Vehicle: 404  Cost: 78.99
Route: 4 47 68 42 66 31 20 56 -4 
  4 [ 8  27: 42]
 47 [ 7  60: 65]
 68 [ 8  65: 70]
 42 [ 5  83: 88]
 66 [ 9  88: 93]
 31 [ 8 300:305]
 20 [ 5 326:331]
 56 [ 8 331:336]
 -4 [ 8 353:353]

Vehicle: 405  Cost: 8.94
Route: 4 25 58 -4 
  4 [ 4  27:296]
 25 [ 0 300:305]
 58 [ 4 305:310]
 -4 [ 4 314:314]

Vehicle: 406  Cost: 49.41
Route: 4 64 35 14 -4 
  4 [ 5  27: 42]
 64 [ 9  53: 58]
 35 [ 8  58: 63]
 14 [ 4 300:305]
 -4 [ 4 326:326]

Vehicle: 407  Cost: 86.89
Route: 4 29 21 16 54 -4 
  4 [10  27:263]
 29 [ 6 300:305]
 21 [ 2 308:313]
 16 [ 0 320:325]
 54 [ 3 325:330]
 -4 [ 3 370:370]

Vehicle: 501  Cost: 98.59
Route: 5 7 49 30 43 -5 
  5 [ 8  69: 84]
  7 [ 5 101:106]
 49 [ 8 123:128]
 30 [ 5 151:156]
 43 [ 3 300:305]
 -5 [ 3 334:334]

Vehicle: 502  Cost: 72.54
Route: 5 53 24 28 -5 
  5 [ 5  69: 84]
 53 [ 9  96:101]
 24 [ 5 112:117]
 28 [ 4 300:305]
 -5 [ 4 332:332]

Vehicle: 503  Cost: 86.42
Route: 5 69 15 37 63 27 59 -5 
  5 [ 8  69: 84]
 69 [10 104:109]
 15 [ 6 300:305]
 37 [ 3 420:425]
 63 [ 6 436:441]
 27 [ 5 455:460]
 59 [ 9 460:465]
 -5 [ 9 484:484]

Total Cost: 1235.20
 11:138.85, 21:75 [1, 5, -5, -1]
 12:48.70, 25:75 [1, 2, -2, -1]
 14:53.25, 57:75 [1, 4, -4, -1]
201:64.73, 9:10 [2, 36, 44, 51, 11, 40, 62, -2]
203:74.95, 10:10 [2, 55, 19, 22, 57, 33, 9, 50, -2]
204:88.53, 10:10 [2, 18, 32, 65, 38, 60, 10, -2]
401:53.63, 10:10 [4, 26, 45, 41, -4]
402:163.78, 10:10 [4, 6, 13, 48, 8, 34, 12, 52, 61, 67, -4]
403:66.98, 10:10 [4, 23, 39, 17, 46, -4]
404:78.99, 9:10 [4, 47, 68, 42, 66, 31, 20, 56, -4]
405:8.94, 4:10 [4, 25, 58, -4]
406:49.41, 9:10 [4, 64, 35, 14, -4]
407:86.89, 10:10 [4, 29, 21, 16, 54, -4]
501:98.59, 8:10 [5, 7, 49, 30, 43, -5]
502:72.54, 9:10 [5, 53, 24, 28, -5]
503:86.42, 10:10 [5, 69, 15, 37, 63, 27, 59, -5]
fe: 3, se: 13

!ALNS------------
100000,1235.1967633294935,185.262,87.09,3,13,0.4577777777777778,0.9076923076923077,21.333333333333332,4.923076923076923
10 10 7 5 0 0 6 0 
11.605323495310069 19.852548537176602 11.88113315804529 12.608323559723337 21.99124853582212 24.382537615837624 15.673125236478795 45.103524621765565 
5 4 5 7 4 4 6 3 
14.91344618610703 15.380427499365291 15.90271135221934 16.335507362712146 14.805996066045946 12.874109898265164 16.43836479432799 17.6710930554347 

x[184] = 1.0
Vehicle: 11  Cost: 138.85
Route: 1 5 -5 -1 
 1 [ 21   0:  0 [15, 24, 7, 30, 27, 37, 28, 43]]
 5 [  0  69: 69 []]
-5 [ 16  69:520 [49, 59, 53, 69, 63]]
-1 [ 16 590:590 [49, 59, 53, 69, 63]]

x[471] = 0.9999999999999961
Vehicle: 14  Cost: 53.25
Route: 1 4 -4 -1 
 1 [ 57   0:  0 [45, 31, 12, 46, 41, 17, 8, 14, 29, 35, 26, 6, 16, 47, 21, 20, 42, 23, 25, 34, 39, 13]]
 4 [  0  27: 27 []]
-4 [ 28  27:447 [56, 66, 61, 54, 52, 67, 64, 68, 58, 48]]
-1 [ 28 474:474 [56, 66, 61, 54, 52, 67, 64, 68, 58, 48]]

x[1849] = 1.0
Vehicle: 12  Cost: 48.70
Route: 1 2 -2 -1 
 1 [ 25   0:  0 [9, 33, 22, 32, 36, 10, 38, 18, 19, 44, 40, 11]]
 2 [  0  24: 24 []]
-2 [ 23  24:393 [55, 65, 62, 60, 57, 51, 50, 56]]
-1 [ 23 417:417 [55, 65, 62, 60, 57, 51, 50, 56]]

y[68] = 1.0
Vehicle: 201  Cost: 64.73
Route: 2 36 44 11 51 40 62 -2 
  2 [ 8  24: 39]
 36 [ 6  53: 58]
 44 [ 5 180:185]
 11 [ 3 199:204]
 51 [ 7 204:209]
 40 [ 4 300:305]
 62 [ 6 313:318]
 -2 [ 6 331:331]

y[248] = 1.0
Vehicle: 407  Cost: 86.89
Route: 4 29 21 16 54 -4 
  4 [10 131:263]
 29 [ 6 300:305]
 21 [ 2 308:313]
 16 [ 0 320:325]
 54 [ 3 325:330]
 -4 [ 3 370:370]

y[395] = 1.0
Vehicle: 203  Cost: 88.53
Route: 2 18 32 38 65 60 10 -2 
  2 [ 9  65: 80]
 18 [ 6  94: 99]
 32 [ 4 118:123]
 38 [ 2 133:138]
 65 [ 6 138:143]
 60 [10 148:153]
 10 [ 8 300:305]
 -2 [ 8 332:332]

y[828] = 1.0
Vehicle: 404  Cost: 78.99
Route: 4 47 68 42 66 31 20 56 -4 
  4 [ 8 131:146]
 47 [ 7 165:170]
 68 [ 8 170:175]
 42 [ 5 187:192]
 66 [ 9 192:197]
 31 [ 8 300:305]
 20 [ 5 326:331]
 56 [ 8 331:336]
 -4 [ 8 353:353]

y[929] = 1.0
Vehicle: 502  Cost: 72.54
Route: 5 53 24 28 -5 
  5 [ 5 114:129]
 53 [ 9 140:145]
 24 [ 5 156:161]
 28 [ 4 300:305]
 -5 [ 4 332:332]

y[948] = 1.0
Vehicle: 406  Cost: 49.41
Route: 4 64 35 14 -4 
  4 [ 5 138:153]
 64 [ 9 165:170]
 35 [ 8 170:175]
 14 [ 4 300:305]
 -4 [ 4 326:326]

y[1260] = 1.0
Vehicle: 202  Cost: 74.95
Route: 2 55 19 57 22 33 50 9 -2 
  2 [ 8  24: 39]
 55 [10  65: 70]
 19 [ 6  70: 75]
 57 [ 9  88: 93]
 22 [ 8  93: 98]
 33 [ 6 300:305]
 50 [ 7 327:332]
  9 [ 6 332:337]
 -2 [ 6 346:346]

y[1624] = 1.0
Vehicle: 402  Cost: 163.78
Route: 4 6 13 48 8 34 12 52 61 67 -4 
  4 [10 138:153]
  6 [ 8 200:205]
 13 [ 7 215:220]
 48 [10 226:231]
  8 [ 7 231:236]
 34 [ 4 300:305]
 12 [ 3 324:329]
 52 [ 5 329:334]
 61 [ 6 352:357]
 67 [ 9 391:396]
 -4 [ 9 408:408]

y[1813] = 1.0
Vehicle: 403  Cost: 66.98
Route: 4 23 39 17 46 -4 
  4 [10 138:158]
 23 [ 7 180:185]
 39 [ 4 189:194]
 17 [ 3 420:425]
 46 [ 0 434:439]
 -4 [ 0 456:456]

y[2522] = 1.0
Vehicle: 401  Cost: 53.63
Route: 4 26 45 41 -4 
  4 [10 131:146]
 26 [ 6 172:177]
 45 [ 3 300:305]
 41 [ 0 328:333]
 -4 [ 0 337:337]

y[3240] = 1.0
Vehicle: 503  Cost: 86.42
Route: 5 69 15 37 63 27 59 -5 
  5 [ 8 114:129]
 69 [10 148:153]
 15 [ 6 300:305]
 37 [ 3 420:425]
 63 [ 6 436:441]
 27 [ 5 455:460]
 59 [ 9 460:465]
 -5 [ 9 484:484]

y[3514] = 1.0
Vehicle: 501  Cost: 98.59
Route: 5 7 49 30 43 -5 
  5 [ 8  69: 84]
  7 [ 5 101:106]
 49 [ 8 123:128]
 30 [ 5 151:156]
 43 [ 3 300:305]
 -5 [ 3 334:334]

y[4725] = 0.9999999999999961
Vehicle: 403  Cost: 8.94
Route: 4 25 58 -4 
  4 [ 4 258:296]
 25 [ 0 300:305]
 58 [ 4 305:310]
 -4 [ 4 314:314]

FE: 3
SE: 13
!MIP-----
1235.1967633294935,55.75203990936279,9.93463118967656E-5,3,13,4020,5873

Run: 4
Total Cost: 1235.20
Vehicle: 11  Cost: 48.70
Route: 1 2 -2 -1 
 1 [ 25   0:  0 [22, 38, 44, 9, 36, 32, 18, 19, 40, 11, 10, 33]]
 2 [  0  24: 24 []]
-2 [ 20  24:361 [51, 62, 50, 57, 55, 60, 65]]
-1 [ 20 386:386 [51, 62, 50, 57, 55, 60, 65]]

Vehicle: 12  Cost: 138.85
Route: 1 5 -5 -1 
 1 [ 21   0:  0 [7, 27, 24, 37, 15, 28, 43, 30]]
 5 [  0  69: 69 []]
-5 [ 16  69:499 [59, 69, 49, 53, 63]]
-1 [ 16 569:569 [59, 69, 49, 53, 63]]

Vehicle: 13  Cost: 53.25
Route: 1 4 -4 -1 
 1 [ 57   0:  0 [45, 35, 41, 26, 29, 20, 47, 42, 46, 12, 8, 16, 23, 34, 6, 21, 39, 13, 14, 25, 17, 31]]
 4 [  0  27: 27 []]
-4 [ 28  27:423 [52, 61, 56, 67, 66, 58, 64, 68, 54, 48]]
-1 [ 28 450:450 [52, 61, 56, 67, 66, 58, 64, 68, 54, 48]]

Vehicle: 201  Cost: 64.73
Route: 2 36 44 11 51 40 62 -2 
  2 [ 8  24: 39]
 36 [ 6  53: 58]
 44 [ 5 180:185]
 11 [ 3 199:204]
 51 [ 7 204:209]
 40 [ 4 300:305]
 62 [ 6 313:318]
 -2 [ 6 331:331]

Vehicle: 203  Cost: 74.95
Route: 2 55 19 57 22 33 9 50 -2 
  2 [ 8  24: 39]
 55 [10  65: 70]
 19 [ 6  70: 75]
 57 [ 9  88: 93]
 22 [ 8  93: 98]
 33 [ 6 300:305]
  9 [ 5 327:332]
 50 [ 6 332:337]
 -2 [ 6 346:346]

Vehicle: 204  Cost: 88.53
Route: 2 18 32 65 38 60 10 -2 
  2 [ 9  24: 39]
 18 [ 6  53: 58]
 32 [ 4  77: 82]
 65 [ 8  93: 98]
 38 [ 6  98:103]
 60 [10 108:113]
 10 [ 8 300:305]
 -2 [ 8 332:332]

Vehicle: 401  Cost: 8.94
Route: 4 25 58 -4 
  4 [ 4  27:296]
 25 [ 0 300:305]
 58 [ 4 305:310]
 -4 [ 4 314:314]

Vehicle: 402  Cost: 78.99
Route: 4 68 47 42 66 31 20 56 -4 
  4 [ 8  27: 42]
 68 [ 9  60: 65]
 47 [ 8  65: 70]
 42 [ 5  83: 88]
 66 [ 9  88: 93]
 31 [ 8 300:305]
 20 [ 5 326:331]
 56 [ 8 331:336]
 -4 [ 8 353:353]

Vehicle: 403  Cost: 66.98
Route: 4 23 39 17 46 -4 
  4 [10  27:158]
 23 [ 7 180:185]
 39 [ 4 189:194]
 17 [ 3 420:425]
 46 [ 0 434:439]
 -4 [ 0 456:456]

Vehicle: 404  Cost: 86.89
Route: 4 29 21 54 16 -4 
  4 [10  27:263]
 29 [ 6 300:305]
 21 [ 2 308:313]
 54 [ 5 320:325]
 16 [ 3 325:330]
 -4 [ 3 370:370]

Vehicle: 405  Cost: 53.63
Route: 4 26 45 41 -4 
  4 [10  27: 42]
 26 [ 6  67: 72]
 45 [ 3 300:305]
 41 [ 0 328:333]
 -4 [ 0 337:337]

Vehicle: 406  Cost: 163.78
Route: 4 6 13 48 8 34 12 52 61 67 -4 
  4 [10  27: 42]
  6 [ 8  89: 94]
 13 [ 7 103:108]
 48 [10 114:119]
  8 [ 7 119:124]
 34 [ 4 300:305]
 12 [ 3 324:329]
 52 [ 5 329:334]
 61 [ 6 352:357]
 67 [ 9 391:396]
 -4 [ 9 408:408]

Vehicle: 407  Cost: 49.41
Route: 4 64 35 14 -4 
  4 [ 5  27: 42]
 64 [ 9  53: 58]
 35 [ 8  58: 63]
 14 [ 4 300:305]
 -4 [ 4 326:326]

Vehicle: 501  Cost: 98.59
Route: 5 7 49 30 43 -5 
  5 [ 8  69: 84]
  7 [ 5 101:106]
 49 [ 8 123:128]
 30 [ 5 151:156]
 43 [ 3 300:305]
 -5 [ 3 334:334]

Vehicle: 502  Cost: 72.54
Route: 5 53 24 28 -5 
  5 [ 5  69: 84]
 53 [ 9  96:101]
 24 [ 5 112:117]
 28 [ 4 300:305]
 -5 [ 4 332:332]

Vehicle: 503  Cost: 86.42
Route: 5 69 15 37 63 59 27 -5 
  5 [ 8  69: 84]
 69 [10 104:109]
 15 [ 6 300:305]
 37 [ 3 420:425]
 63 [ 6 436:441]
 59 [10 455:460]
 27 [ 9 460:465]
 -5 [ 9 484:484]

Total Cost: 1235.20
 11:48.70, 25:75 [1, 2, -2, -1]
 12:138.85, 21:75 [1, 5, -5, -1]
 13:53.25, 57:75 [1, 4, -4, -1]
201:64.73, 8:10 [2, 36, 44, 11, 51, 40, 62, -2]
203:74.95, 10:10 [2, 55, 19, 57, 22, 33, 9, 50, -2]
204:88.53, 10:10 [2, 18, 32, 65, 38, 60, 10, -2]
401:8.94, 4:10 [4, 25, 58, -4]
402:78.99, 9:10 [4, 68, 47, 42, 66, 31, 20, 56, -4]
403:66.98, 10:10 [4, 23, 39, 17, 46, -4]
404:86.89, 10:10 [4, 29, 21, 54, 16, -4]
405:53.63, 10:10 [4, 26, 45, 41, -4]
406:163.78, 10:10 [4, 6, 13, 48, 8, 34, 12, 52, 61, 67, -4]
407:49.41, 9:10 [4, 64, 35, 14, -4]
501:98.59, 8:10 [5, 7, 49, 30, 43, -5]
502:72.54, 9:10 [5, 53, 24, 28, -5]
503:86.42, 10:10 [5, 69, 15, 37, 63, 59, 27, -5]
fe: 3, se: 13

!ALNS------------
100000,1235.1967633294937,170.05,45.53,3,13,0.4577777777777778,0.9,21.333333333333332,4.923076923076923
2 6 3 1 0 2 3 0 
10.265418277218048 19.26613962984713 9.859401273198502 14.68362689261933 40.747511064394736 24.444543837013217 14.776935805097708 35.81126293983057 
2 2 2 4 0 2 3 2 
13.298844709729662 15.045356976429211 13.718253266451725 15.011519853129636 15.989692456763283 14.54333816119451 15.275942001447005 13.593755786193066 

x[759] = 1.0
Vehicle: 12  Cost: 138.85
Route: 1 5 -5 -1 
 1 [ 21   0:  0 [7, 15, 24, 27, 43, 28, 30, 37]]
 5 [  0  69: 69 []]
-5 [ 16  69:512 [63, 69, 53, 59, 49]]
-1 [ 16 581:581 [63, 69, 53, 59, 49]]

x[1011] = 1.0
Vehicle: 13  Cost: 53.25
Route: 1 4 -4 -1 
 1 [ 57   0:  0 [12, 46, 42, 23, 16, 39, 6, 21, 35, 8, 13, 17, 47, 45, 41, 20, 31, 34, 29, 26, 14, 25]]
 4 [  0  27: 27 []]
-4 [ 28  27:452 [54, 52, 66, 58, 68, 61, 56, 67, 48, 64]]
-1 [ 28 478:478 [54, 52, 66, 58, 68, 61, 56, 67, 48, 64]]

x[2092] = 1.0
Vehicle: 11  Cost: 48.70
Route: 1 2 -2 -1 
 1 [ 25   0:  0 [38, 18, 19, 40, 33, 10, 22, 9, 44, 32, 11, 36]]
 2 [  0  24: 24 []]
-2 [ 21  24:361 [60, 65, 68, 51, 55, 62, 57, 50]]
-1 [ 21 386:386 [60, 65, 68, 51, 55, 62, 57, 50]]

y[536] = 1.0
Vehicle: 402  Cost: 78.99
Route: 4 68 47 42 66 31 20 56 -4 
  4 [ 8 135:150]
 68 [ 9 168:173]
 47 [ 8 173:178]
 42 [ 5 191:196]
 66 [ 9 196:201]
 31 [ 8 300:305]
 20 [ 5 326:331]
 56 [ 8 331:336]
 -4 [ 8 353:353]

y[794] = 1.0
Vehicle: 403  Cost: 86.89
Route: 4 29 21 16 54 -4 
  4 [10  27:263]
 29 [ 6 300:305]
 21 [ 2 308:313]
 16 [ 0 320:325]
 54 [ 3 325:330]
 -4 [ 3 370:370]

y[1219] = 1.0
Vehicle: 203  Cost: 74.95
Route: 2 55 19 57 22 33 50 9 -2 
  2 [ 8  24: 39]
 55 [10  65: 70]
 19 [ 6  70: 75]
 57 [ 9  88: 93]
 22 [ 8  93: 98]
 33 [ 6 300:305]
 50 [ 7 327:332]
  9 [ 6 332:337]
 -2 [ 6 346:346]

y[1277] = 1.0
Vehicle: 503  Cost: 86.42
Route: 5 69 15 37 63 27 59 -5 
  5 [ 8 153:168]
 69 [10 187:192]
 15 [ 6 300:305]
 37 [ 3 420:425]
 63 [ 6 436:441]
 27 [ 5 455:460]
 59 [ 9 460:465]
 -5 [ 9 484:484]

y[2148] = 1.0
Vehicle: 403  Cost: 49.41
Route: 4 64 35 14 -4 
  4 [ 5  27: 42]
 64 [ 9  53: 58]
 35 [ 8  58: 63]
 14 [ 4 300:305]
 -4 [ 4 326:326]

y[2595] = 1.0
Vehicle: 501  Cost: 98.59
Route: 5 7 49 30 43 -5 
  5 [ 8 133:148]
  7 [ 5 164:169]
 49 [ 8 186:191]
 30 [ 5 214:219]
 43 [ 3 300:305]
 -5 [ 3 334:334]

y[2985] = 1.0
Vehicle: 406  Cost: 163.78
Route: 4 6 13 48 8 34 12 52 61 67 -4 
  4 [10 109:124]
  6 [ 8 171:176]
 13 [ 7 186:191]
 48 [10 197:202]
  8 [ 7 202:207]
 34 [ 4 300:305]
 12 [ 3 324:329]
 52 [ 5 329:334]
 61 [ 6 352:357]
 67 [ 9 391:396]
 -4 [ 9 408:408]

y[2991] = 1.0
Vehicle: 201  Cost: 64.73
Route: 2 36 44 11 51 40 62 -2 
  2 [ 8  65: 80]
 36 [ 6  93: 98]
 44 [ 5 180:185]
 11 [ 3 199:204]
 51 [ 7 204:209]
 40 [ 4 300:305]
 62 [ 6 313:318]
 -2 [ 6 331:331]

y[3489] = 1.0
Vehicle: 405  Cost: 53.63
Route: 4 26 45 41 -4 
  4 [10 109:124]
 26 [ 6 150:155]
 45 [ 3 300:305]
 41 [ 0 328:333]
 -4 [ 0 337:337]

y[3877] = 1.0
Vehicle: 407  Cost: 8.94
Route: 4 25 58 -4 
  4 [ 4 393:408]
 25 [ 0 413:418]
 58 [ 4 418:423]
 -4 [ 4 427:427]

y[4390] = 1.0
Vehicle: 403  Cost: 66.98
Route: 4 23 39 17 46 -4 
  4 [10 109:158]
 23 [ 7 180:185]
 39 [ 4 189:194]
 17 [ 3 420:425]
 46 [ 0 434:439]
 -4 [ 0 456:456]

y[4906] = 1.0
Vehicle: 204  Cost: 88.53
Route: 2 18 32 38 65 60 10 -2 
  2 [ 9  96:111]
 18 [ 6 125:130]
 32 [ 4 149:154]
 38 [ 2 164:169]
 65 [ 6 169:174]
 60 [10 179:184]
 10 [ 8 300:305]
 -2 [ 8 332:332]

y[5540] = 1.0
Vehicle: 502  Cost: 72.54
Route: 5 53 24 28 -5 
  5 [ 5 199:214]
 53 [ 9 225:230]
 24 [ 5 241:246]
 28 [ 4 300:305]
 -5 [ 4 332:332]

FE: 3
SE: 13
!MIP-----
1235.196763329494,115.102205991745,4.884905714438842E-5,3,13,3208,5714

Run: 5
Total Cost: 1235.20
Vehicle: 11  Cost: 48.70
Route: 1 2 -2 -1 
 1 [ 25   0:  0 [22, 40, 33, 36, 38, 32, 10, 19, 9, 18, 11, 44]]
 2 [  0  24: 24 []]
-2 [ 20  24:361 [60, 55, 65, 62, 51, 57, 50]]
-1 [ 20 386:386 [60, 55, 65, 62, 51, 57, 50]]

Vehicle: 13  Cost: 53.25
Route: 1 4 -4 -1 
 1 [ 57   0:  0 [13, 39, 20, 12, 35, 26, 47, 29, 17, 45, 21, 23, 34, 14, 31, 6, 46, 8, 16, 25, 42, 41]]
 4 [  0  27: 27 []]
-4 [ 28  27:423 [58, 54, 68, 64, 48, 56, 52, 61, 66, 67]]
-1 [ 28 450:450 [58, 54, 68, 64, 48, 56, 52, 61, 66, 67]]

Vehicle: 14  Cost: 138.85
Route: 1 5 -5 -1 
 1 [ 21   0:  0 [43, 24, 27, 30, 15, 28, 37, 7]]
 5 [  0  69: 69 []]
-5 [ 16  69:499 [53, 69, 59, 63, 49]]
-1 [ 16 569:569 [53, 69, 59, 63, 49]]

Vehicle: 201  Cost: 74.95
Route: 2 19 55 57 22 33 50 9 -2 
  2 [ 8  24: 39]
 19 [ 4  65: 70]
 55 [ 6  70: 75]
 57 [ 9  88: 93]
 22 [ 8  93: 98]
 33 [ 6 300:305]
 50 [ 7 327:332]
  9 [ 6 332:337]
 -2 [ 6 346:346]

Vehicle: 203  Cost: 64.73
Route: 2 36 44 11 51 40 62 -2 
  2 [ 8  24: 39]
 36 [ 6  53: 58]
 44 [ 5 180:185]
 11 [ 3 199:204]
 51 [ 7 204:209]
 40 [ 4 300:305]
 62 [ 6 313:318]
 -2 [ 6 331:331]

Vehicle: 204  Cost: 88.53
Route: 2 18 32 38 65 60 10 -2 
  2 [ 9  24: 39]
 18 [ 6  53: 58]
 32 [ 4  77: 82]
 38 [ 2  93: 98]
 65 [ 6  98:103]
 60 [10 108:113]
 10 [ 8 300:305]
 -2 [ 8 332:332]

Vehicle: 401  Cost: 78.99
Route: 4 68 47 42 66 31 20 56 -4 
  4 [ 8  27: 42]
 68 [ 9  60: 65]
 47 [ 8  65: 70]
 42 [ 5  83: 88]
 66 [ 9  88: 93]
 31 [ 8 300:305]
 20 [ 5 326:331]
 56 [ 8 331:336]
 -4 [ 8 353:353]

Vehicle: 402  Cost: 86.89
Route: 4 29 21 16 54 -4 
  4 [10  27:263]
 29 [ 6 300:305]
 21 [ 2 308:313]
 16 [ 0 320:325]
 54 [ 3 325:330]
 -4 [ 3 370:370]

Vehicle: 403  Cost: 163.78
Route: 4 6 13 8 48 34 52 12 61 67 -4 
  4 [10  27: 42]
  6 [ 8  89: 94]
 13 [ 7 103:108]
  8 [ 4 114:119]
 48 [ 7 119:124]
 34 [ 4 300:305]
 52 [ 6 324:329]
 12 [ 5 329:334]
 61 [ 6 352:357]
 67 [ 9 391:396]
 -4 [ 9 408:408]

Vehicle: 404  Cost: 66.98
Route: 4 23 39 17 46 -4 
  4 [10  27:158]
 23 [ 7 180:185]
 39 [ 4 189:194]
 17 [ 3 420:425]
 46 [ 0 434:439]
 -4 [ 0 456:456]

Vehicle: 405  Cost: 8.94
Route: 4 25 58 -4 
  4 [ 4  27:296]
 25 [ 0 300:305]
 58 [ 4 305:310]
 -4 [ 4 314:314]

Vehicle: 406  Cost: 49.41
Route: 4 64 35 14 -4 
  4 [ 5  27: 42]
 64 [ 9  53: 58]
 35 [ 8  58: 63]
 14 [ 4 300:305]
 -4 [ 4 326:326]

Vehicle: 407  Cost: 53.63
Route: 4 26 45 41 -4 
  4 [10  27: 42]
 26 [ 6  67: 72]
 45 [ 3 300:305]
 41 [ 0 328:333]
 -4 [ 0 337:337]

Vehicle: 501  Cost: 72.54
Route: 5 53 24 28 -5 
  5 [ 5  69: 84]
 53 [ 9  96:101]
 24 [ 5 112:117]
 28 [ 4 300:305]
 -5 [ 4 332:332]

Vehicle: 502  Cost: 98.59
Route: 5 7 49 30 43 -5 
  5 [ 8  69: 84]
  7 [ 5 101:106]
 49 [ 8 123:128]
 30 [ 5 151:156]
 43 [ 3 300:305]
 -5 [ 3 334:334]

Vehicle: 503  Cost: 86.42
Route: 5 69 15 37 63 59 27 -5 
  5 [ 8  69: 84]
 69 [10 104:109]
 15 [ 6 300:305]
 37 [ 3 420:425]
 63 [ 6 436:441]
 59 [10 455:460]
 27 [ 9 460:465]
 -5 [ 9 484:484]

Total Cost: 1235.20
 11:48.70, 25:75 [1, 2, -2, -1]
 13:53.25, 57:75 [1, 4, -4, -1]
 14:138.85, 21:75 [1, 5, -5, -1]
201:74.95, 9:10 [2, 19, 55, 57, 22, 33, 50, 9, -2]
203:64.73, 8:10 [2, 36, 44, 11, 51, 40, 62, -2]
204:88.53, 10:10 [2, 18, 32, 38, 65, 60, 10, -2]
401:78.99, 9:10 [4, 68, 47, 42, 66, 31, 20, 56, -4]
402:86.89, 10:10 [4, 29, 21, 16, 54, -4]
403:163.78, 10:10 [4, 6, 13, 8, 48, 34, 52, 12, 61, 67, -4]
404:66.98, 10:10 [4, 23, 39, 17, 46, -4]
405:8.94, 4:10 [4, 25, 58, -4]
406:49.41, 9:10 [4, 64, 35, 14, -4]
407:53.63, 10:10 [4, 26, 45, 41, -4]
501:72.54, 9:10 [5, 53, 24, 28, -5]
502:98.59, 8:10 [5, 7, 49, 30, 43, -5]
503:86.42, 10:10 [5, 69, 15, 37, 63, 59, 27, -5]
fe: 3, se: 13

!ALNS------------
100000,1235.1967633294937,210.657,83.987,3,13,0.4577777777777778,0.8923076923076924,21.333333333333332,4.923076923076923
4 7 7 1 0 0 2 0 
11.030944280535005 18.618326723800195 9.645236578180409 12.50254232677756 3.8041058082576455 26.39375971715113 12.927367821191652 28.946482112799032 
3 3 2 0 2 5 2 4 
13.138025741832593 14.195342818712762 13.613374222529224 14.506575902076898 14.250522494860556 12.849711449301067 14.240691255776138 14.191760842536466 

x[463] = 1.0
Vehicle: 14  Cost: 138.85
Route: 1 5 -5 -1 
 1 [ 21   0:  0 [28, 15, 37, 27, 43, 24, 30, 7]]
 5 [  0  69: 69 []]
-5 [ 16  69:499 [49, 59, 69, 53, 63]]
-1 [ 16 569:569 [49, 59, 69, 53, 63]]

x[961] = 1.0
Vehicle: 13  Cost: 53.25
Route: 1 4 -4 -1 
 1 [ 57   0:  0 [26, 14, 13, 8, 45, 34, 47, 46, 31, 20, 39, 25, 16, 41, 12, 6, 17, 29, 21, 23, 42, 35]]
 4 [  0  27: 27 []]
-4 [ 28  27:452 [56, 48, 54, 64, 67, 52, 68, 61, 58, 66]]
-1 [ 28 479:479 [56, 48, 54, 64, 67, 52, 68, 61, 58, 66]]

x[1728] = 1.0
Vehicle: 11  Cost: 48.70
Route: 1 2 -2 -1 
 1 [ 25   0:  0 [19, 36, 38, 32, 18, 9, 10, 44, 33, 22, 40, 11]]
 2 [  0  24: 24 []]
-2 [ 20  24:370 [60, 57, 65, 55, 50, 62, 51]]
-1 [ 20 395:395 [60, 57, 65, 55, 50, 62, 51]]

y[181] = 1.0
Vehicle: 501  Cost: 72.54
Route: 5 53 24 28 -5 
  5 [ 5 245:260]
 53 [ 9 272:277]
 24 [ 5 288:293]
 28 [ 4 316:321]
 -5 [ 4 348:348]

y[408] = 1.0
Vehicle: 404  Cost: 66.98
Route: 4 23 39 17 46 -4 
  4 [10 226:241]
 23 [ 7 263:268]
 39 [ 4 272:277]
 17 [ 3 420:425]
 46 [ 0 434:439]
 -4 [ 0 456:456]

y[500] = 1.0
Vehicle: 502  Cost: 98.59
Route: 5 7 49 30 43 -5 
  5 [ 8 131:146]
  7 [ 5 162:167]
 49 [ 8 184:189]
 30 [ 5 213:218]
 43 [ 3 300:305]
 -5 [ 3 334:334]

y[676] = 1.0
Vehicle: 403  Cost: 163.78
Route: 4 6 13 48 8 34 12 52 61 67 -4 
  4 [10 127:142]
  6 [ 8 189:194]
 13 [ 7 204:209]
 48 [10 215:220]
  8 [ 7 220:225]
 34 [ 4 300:305]
 12 [ 3 324:329]
 52 [ 5 329:334]
 61 [ 6 352:357]
 67 [ 9 391:396]
 -4 [ 9 408:408]

y[1355] = 1.0
Vehicle: 401  Cost: 78.99
Route: 4 47 68 42 66 31 20 56 -4 
  4 [ 8 127:142]
 47 [ 7 161:166]
 68 [ 8 166:171]
 42 [ 5 183:188]
 66 [ 9 188:193]
 31 [ 8 300:305]
 20 [ 5 326:331]
 56 [ 8 331:336]
 -4 [ 8 353:353]

y[1458] = 1.0
Vehicle: 405  Cost: 49.41
Route: 4 35 64 14 -4 
  4 [ 5  27: 42]
 35 [ 4  53: 58]
 64 [ 8  58: 63]
 14 [ 4 300:305]
 -4 [ 4 326:326]

y[1694] = 1.0
Vehicle: 503  Cost: 86.42
Route: 5 69 15 37 63 59 27 -5 
  5 [ 8 132:147]
 69 [10 167:172]
 15 [ 6 300:305]
 37 [ 3 420:425]
 63 [ 6 436:441]
 59 [10 455:460]
 27 [ 9 460:465]
 -5 [ 9 484:484]

y[1728] = 1.0
Vehicle: 402  Cost: 86.89
Route: 4 29 21 16 54 -4 
  4 [10 127:263]
 29 [ 6 300:305]
 21 [ 2 308:313]
 16 [ 0 320:325]
 54 [ 3 325:330]
 -4 [ 3 370:370]

y[1897] = 1.0
Vehicle: 203  Cost: 64.73
Route: 2 36 44 51 11 40 62 -2 
  2 [ 8  96:111]
 36 [ 6 124:129]
 44 [ 5 180:185]
 51 [ 9 199:204]
 11 [ 7 204:209]
 40 [ 4 300:305]
 62 [ 6 313:318]
 -2 [ 6 331:331]

y[2011] = 1.0
Vehicle: 201  Cost: 74.95
Route: 2 55 19 22 57 33 9 50 -2 
  2 [ 8  96:111]
 55 [10 136:141]
 19 [ 6 141:146]
 22 [ 5 159:164]
 57 [ 8 164:169]
 33 [ 6 300:305]
  9 [ 5 327:332]
 50 [ 6 332:337]
 -2 [ 6 346:346]

y[3275] = 1.0
Vehicle: 407  Cost: 53.63
Route: 4 26 45 41 -4 
  4 [10  62: 77]
 26 [ 6 103:108]
 45 [ 3 300:305]
 41 [ 0 328:333]
 -4 [ 0 337:337]

y[3361] = 1.0
Vehicle: 204  Cost: 88.53
Route: 2 18 32 38 65 60 10 -2 
  2 [ 9  96:111]
 18 [ 6 125:130]
 32 [ 4 149:154]
 38 [ 2 164:169]
 65 [ 6 169:174]
 60 [10 179:184]
 10 [ 8 300:305]
 -2 [ 8 332:332]

y[3603] = 1.0
Vehicle: 402  Cost: 8.94
Route: 4 25 58 -4 
  4 [ 4 377:392]
 25 [ 0 396:401]
 58 [ 4 401:406]
 -4 [ 4 410:410]

FE: 3
SE: 13
!MIP-----
1235.1967633294937,166.50344896316528,0.0,3,13,2595,3933

