--Parameters Information--
speed=1
run=5
iteration= 100000
batch=100
restartPeriod=10000
largeRemovalOccurrence=500
initialLNS=250
lowerBoundSmallRemoval=4
smallRemoval=0.2
lowerBoundLargeRemoval=0.55
largeRemoval=0.8
initialWeight=1.0
decayRate=0.1
gamma1=9.0
gamma2=5.0
gamma3=2.0
gamma4=0.0
coolingRate=0.9995
temperatureControlParameter=0.05
initialAcceptanceProbability=0.5
perturbation=0.5
perturbationFactor=0.01
split=20000

Setup: Split
Data: B_50_9_D

Run: 1
Total Cost: 1448.48
Vehicle: 11  Cost: 72.99
Route: 1 2 -2 -1 
 1 [ 55   0:  0 [13, 8, 24, 20, 29, 23, 19, 12, 21, 33, 11, 16, 26, 31, 30, 25, 39, 35, 14, 18, 32, 38]]
 2 [  0  36: 36 []]
-2 [ 39  36:383 [49, 52, 48, 51, 57, 60, 43, 50, 44, 61, 54, 53, 63, 64, 58, 62]]
-1 [ 39 420:420 [49, 52, 48, 51, 57, 60, 43, 50, 44, 61, 54, 53, 63, 64, 58, 62]]

Vehicle: 13  Cost: 188.43
Route: 1 5 3 -3 -5 -2 -1 
 1 [ 32   0:  0 [7, 17, 28, 34, 10, 27, 6, 22, 37, 36, 40, 15, 9]]
 5 [ 14  53: 68 [7, 17, 34, 6, 22, 37, 36]]
 3 [  0 107:107 []]
-3 [  8 107:470 [45, 42, 56, 65, 59]]
-5 [ 16 509:524 [46, 45, 42, 55, 56, 47, 65, 59]]
-2 [ 20 545:560 [41, 46, 45, 42, 55, 56, 47, 65, 59]]
-1 [ 20 596:596 [46, 41, 45, 42, 55, 56, 47, 65, 59]]

Vehicle: 201  Cost: 103.46
Route: 2 8 44 24 53 26 58 -2 
  2 [ 9  36: 51]
  8 [ 5  98:103]
 44 [ 8 103:108]
 24 [ 4 180:185]
 53 [ 7 214:219]
 26 [ 6 300:305]
 58 [ 9 316:321]
 -2 [ 9 333:333]

Vehicle: 202  Cost: 48.73
Route: 2 11 32 23 57 -2 
  2 [ 9  36: 51]
 11 [ 8  65: 70]
 32 [ 4 300:305]
 23 [ 0 317:322]
 57 [ 1 322:327]
 -2 [ 1 340:340]

Vehicle: 204  Cost: 57.01
Route: 2 19 51 14 33 38 -2 
  2 [ 7  36:155]
 19 [ 6 180:185]
 51 [ 8 185:190]
 14 [ 7 194:199]
 33 [ 5 300:305]
 38 [ 2 306:311]
 -2 [ 2 338:338]

Vehicle: 205  Cost: 134.37
Route: 2 63 49 25 39 64 -2 
  2 [ 4  36: 51]
 63 [ 6  99:104]
 49 [10 180:185]
 25 [ 9 198:203]
 39 [ 6 300:305]
 64 [10 314:319]
 -2 [10 354:354]

Vehicle: 206  Cost: 153.03
Route: 2 21 60 29 61 13 50 43 -2 
  2 [ 9  36: 51]
 21 [ 8 105:110]
 60 [10 117:122]
 29 [ 6 141:146]
 61 [ 9 146:151]
 13 [ 5 162:167]
 50 [ 6 180:185]
 43 [ 8 189:194]
 -2 [ 8 246:246]

Vehicle: 207  Cost: 167.89
Route: 2 30 20 52 62 31 54 35 48 -2 
  2 [10  36: 51]
 30 [ 6  80: 85]
 20 [ 3 112:117]
 52 [ 6 117:122]
 62 [ 7 138:143]
 31 [ 6 143:148]
 54 [ 8 173:178]
 35 [ 6 300:305]
 48 [ 9 324:329]
 -2 [ 9 368:368]

Vehicle: 208  Cost: 93.65
Route: 2 12 41 18 16 -2 
  2 [ 7  36: 51]
 12 [ 6  79: 84]
 41 [10 300:305]
 18 [ 7 313:318]
 16 [ 4 328:333]
 -2 [ 4 369:369]

Vehicle: 301  Cost: 68.38
Route: 3 17 6 22 56 -3 
  3 [ 7 107:122]
 17 [ 6 140:145]
  6 [ 3 300:305]
 22 [ 0 420:425]
 56 [ 2 425:430]
 -3 [ 2 455:455]

Vehicle: 302  Cost: 124.02
Route: 3 45 59 36 34 65 37 42 7 -3 
  3 [ 7 107:122]
 45 [ 8 162:167]
 59 [10 168:173]
 36 [ 8 300:305]
 34 [ 7 318:323]
 65 [ 9 339:344]
 37 [ 7 344:349]
 42 [ 8 355:360]
  7 [ 6 360:365]
 -3 [ 6 397:397]

Vehicle: 502  Cost: 95.16
Route: 5 40 28 10 55 -5 
  5 [10  53: 68]
 40 [ 7  83: 88]
 28 [ 4 420:425]
 10 [ 0 437:442]
 55 [ 2 474:479]
 -5 [ 2 485:485]

Vehicle: 503  Cost: 141.36
Route: 5 27 46 9 47 15 -5 
  5 [ 8  53: 68]
 27 [ 6 100:105]
 46 [ 9 111:116]
  9 [ 7 300:305]
 47 [10 329:334]
 15 [ 6 387:392]
 -5 [ 6 413:413]

Total Cost: 1448.48
 11:72.99, 55:75 [1, 2, -2, -1]
 13:188.43, 32:75 [1, 5, 3, -3, -5, -2, -1]
201:103.46, 9:10 [2, 8, 44, 24, 53, 26, 58, -2]
202:48.73, 9:10 [2, 11, 32, 23, 57, -2]
204:57.01, 8:10 [2, 19, 51, 14, 33, 38, -2]
205:134.37, 10:10 [2, 63, 49, 25, 39, 64, -2]
206:153.03, 10:10 [2, 21, 60, 29, 61, 13, 50, 43, -2]
207:167.89, 10:10 [2, 30, 20, 52, 62, 31, 54, 35, 48, -2]
208:93.65, 10:10 [2, 12, 41, 18, 16, -2]
301:68.38, 7:10 [3, 17, 6, 22, 56, -3]
302:124.02, 10:10 [3, 45, 59, 36, 34, 65, 37, 42, 7, -3]
502:95.16, 10:10 [5, 40, 28, 10, 55, -5]
503:141.36, 10:10 [5, 27, 46, 9, 47, 15, -5]
fe: 2, se: 11

!ALNS------------
100000,1448.4757321807474,99.905,29.907,2,11,0.58,0.9363636363636364,30.0,5.454545454545454
6 9 15 6 0 0 2 0 
10.314104566807 24.129129827775145 12.341474885307669 14.18461607432045 48.53805308572714 38.738707406611255 17.25813618899465 32.58542095450179 
5 4 7 5 5 3 4 5 
16.6806323569683 17.157881074230893 16.019569198604074 16.05081351304634 18.08033900717552 16.961920118603693 17.27945173315835 16.702419057498506 

x[462] = 1.0
Vehicle: 11  Cost: 72.99
Route: 1 2 -2 -1 
 1 [ 58   0:  0 [24, 29, 25, 21, 19, 38, 31, 26, 20, 40, 13, 14, 8, 12, 23, 11, 30, 39, 18, 16, 33, 32, 35]]
 2 [  0  36: 36 []]
-2 [ 43  36:378 [44, 48, 50, 53, 52, 62, 57, 61, 41, 58, 43, 54, 49, 51, 64, 63, 60]]
-1 [ 43 414:414 [44, 48, 50, 53, 52, 62, 57, 61, 41, 58, 43, 54, 49, 51, 64, 63, 60]]

x[1847] = 1.0
Vehicle: 13  Cost: 188.43
Route: 1 5 3 -3 -5 -2 -1 
 1 [ 29   0:  0 [15, 22, 9, 34, 7, 37, 10, 17, 36, 28, 6, 27]]
 5 [ 14  53: 68 [22, 34, 7, 37, 17, 36, 6]]
 3 [  0 107:107 []]
-3 [  8 107:470 [45, 59, 56, 65, 42]]
-5 [ 16 509:524 [46, 45, 55, 59, 56, 65, 47, 42]]
-2 [ 23 545:560 [46, 41, 45, 55, 59, 56, 65, 47, 42, 48]]
-1 [ 23 596:596 [46, 41, 45, 55, 59, 56, 65, 47, 42, 48]]

y[1124] = 1.0
Vehicle: 203  Cost: 109.50
Route: 2 24 44 8 52 -2 
  2 [ 8  36:133]
 24 [ 4 180:185]
 44 [ 7 186:191]
  8 [ 3 191:196]
 52 [ 6 235:240]
 -2 [ 6 263:263]

y[1264] = 1.0
Vehicle: 202  Cost: 48.73
Route: 2 11 32 57 23 -2 
  2 [ 9 232:247]
 11 [ 8 260:265]
 32 [ 4 300:305]
 57 [ 5 317:322]
 23 [ 1 322:327]
 -2 [ 1 340:340]

y[2018] = 1.0
Vehicle: 204  Cost: 134.37
Route: 2 63 49 25 39 64 -2 
  2 [ 4 133:148]
 63 [ 6 196:201]
 49 [10 225:230]
 25 [ 9 243:248]
 39 [ 6 300:305]
 64 [10 314:319]
 -2 [10 354:354]

y[2888] = 1.0
Vehicle: 502  Cost: 90.93
Route: 5 10 28 55 -5 
  5 [ 7 319:334]
 10 [ 3 368:373]
 28 [ 0 420:425]
 55 [ 2 464:469]
 -5 [ 2 475:475]

y[3538] = 1.0
Vehicle: 206  Cost: 153.03
Route: 2 21 60 29 61 13 50 43 -2 
  2 [ 9  36: 51]
 21 [ 8 105:110]
 60 [10 117:122]
 29 [ 6 141:146]
 61 [ 9 146:151]
 13 [ 5 162:167]
 50 [ 6 180:185]
 43 [ 8 189:194]
 -2 [ 8 246:246]

y[3612] = 1.0
Vehicle: 203  Cost: 126.14
Route: 2 16 18 35 41 48 33 -2 
  2 [10  89:264]
 16 [ 7 300:305]
 18 [ 4 315:320]
 35 [ 2 339:344]
 41 [ 6 363:368]
 48 [ 9 371:376]
 33 [ 7 389:394]
 -2 [ 7 420:420]

y[4373] = 1.0
Vehicle: 302  Cost: 68.38
Route: 3 17 6 22 56 -3 
  3 [ 7 120:135]
 17 [ 6 153:158]
  6 [ 3 300:305]
 22 [ 0 420:425]
 56 [ 2 425:430]
 -3 [ 2 455:455]

y[4607] = 1.0
Vehicle: 204  Cost: 121.03
Route: 2 20 31 62 54 12 14 51 19 38 -2 
  2 [10  36: 51]
 20 [ 7  74: 79]
 31 [ 6  96:101]
 62 [ 7 101:106]
 54 [ 9 131:136]
 12 [ 8 157:162]
 14 [ 7 180:185]
 51 [ 9 189:194]
 19 [ 8 194:199]
 38 [ 5 300:305]
 -2 [ 5 332:332]

y[5466] = 1.0
Vehicle: 503  Cost: 141.36
Route: 5 27 46 9 47 15 -5 
  5 [ 8 119:134]
 27 [ 6 166:171]
 46 [ 9 177:182]
  9 [ 7 300:305]
 47 [10 329:334]
 15 [ 6 387:392]
 -5 [ 6 413:413]

y[5795] = 1.0
Vehicle: 302  Cost: 124.02
Route: 3 45 59 36 34 65 37 7 42 -3 
  3 [ 7 163:178]
 45 [ 8 217:222]
 59 [10 223:228]
 36 [ 8 300:305]
 34 [ 7 318:323]
 65 [ 9 339:344]
 37 [ 7 344:349]
  7 [ 5 355:360]
 42 [ 6 360:365]
 -3 [ 6 397:397]

y[5598] = 1.0
Vehicle: 203  Cost: 61.48
Route: 2 40 53 30 26 58 -2 
  2 [ 8  36: 51]
 40 [ 5  68: 73]
 53 [ 8  79: 84]
 30 [ 4  94: 99]
 26 [ 3 300:305]
 58 [ 6 316:321]
 -2 [ 6 333:333]

FE: 2
SE: 11
!MIP-----
1440.3948353932944,216.89533305168152,7.4285319087866E-5,2,11,3906,5650

Run: 2
Total Cost: 1442.75
Vehicle: 11  Cost: 72.99
Route: 1 2 -2 -1 
 1 [ 58   0:  0 [23, 20, 13, 14, 39, 33, 25, 21, 29, 11, 24, 18, 8, 26, 31, 30, 16, 35, 32, 38, 40, 19, 12]]
 2 [  0  36: 36 []]
-2 [ 36  36:383 [54, 58, 51, 43, 44, 63, 50, 52, 53, 57, 64, 60, 61, 49, 62]]
-1 [ 36 420:420 [54, 58, 51, 43, 44, 63, 50, 52, 53, 57, 64, 60, 61, 49, 62]]

Vehicle: 16  Cost: 188.43
Route: 1 5 3 -3 -5 -2 -1 
 1 [ 29   0:  0 [22, 28, 9, 10, 7, 6, 17, 37, 15, 27, 36, 34]]
 5 [ 14  53: 68 [22, 7, 6, 17, 37, 36, 34]]
 3 [  0 107:107 []]
-3 [  8 107:470 [65, 56, 45, 42, 59]]
-5 [ 16 509:524 [46, 65, 56, 45, 42, 59, 55, 47]]
-2 [ 23 545:560 [46, 65, 56, 45, 42, 59, 41, 55, 48, 47]]
-1 [ 23 596:596 [46, 65, 56, 45, 42, 59, 41, 55, 48, 47]]

Vehicle: 201  Cost: 95.02
Route: 2 8 44 24 26 58 -2 
  2 [ 9  36: 51]
  8 [ 5  98:103]
 44 [ 8 103:108]
 24 [ 4 180:185]
 26 [ 3 300:305]
 58 [ 6 316:321]
 -2 [ 6 333:333]

Vehicle: 202  Cost: 96.43
Route: 2 16 18 41 48 38 -2 
  2 [ 9  36:264]
 16 [ 6 300:305]
 18 [ 3 315:320]
 41 [ 7 328:333]
 48 [10 336:341]
 38 [ 7 354:359]
 -2 [ 7 386:386]

Vehicle: 203  Cost: 48.73
Route: 2 11 32 57 23 -2 
  2 [ 9  36: 51]
 11 [ 8  65: 70]
 32 [ 4 300:305]
 57 [ 5 317:322]
 23 [ 1 322:327]
 -2 [ 1 340:340]

Vehicle: 204  Cost: 146.90
Route: 2 12 14 19 51 62 31 54 35 33 -2 
  2 [ 8  36: 51]
 12 [ 7  79: 84]
 14 [ 6 180:185]
 19 [ 5 189:194]
 51 [ 7 194:199]
 62 [ 8 216:221]
 31 [ 7 221:226]
 54 [ 9 251:256]
 35 [ 7 300:305]
 33 [ 5 337:342]
 -2 [ 5 368:368]

Vehicle: 205  Cost: 153.03
Route: 2 21 60 29 61 13 50 43 -2 
  2 [ 9  36: 51]
 21 [ 8 105:110]
 60 [10 117:122]
 29 [ 6 141:146]
 61 [ 9 146:151]
 13 [ 5 162:167]
 50 [ 6 180:185]
 43 [ 8 189:194]
 -2 [ 8 246:246]

Vehicle: 206  Cost: 82.15
Route: 2 40 53 30 52 20 -2 
  2 [10  36: 51]
 40 [ 7  68: 73]
 53 [10  79: 84]
 30 [ 6  94: 99]
 52 [ 9 126:131]
 20 [ 6 131:136]
 -2 [ 6 159:159]

Vehicle: 207  Cost: 134.37
Route: 2 63 49 25 39 64 -2 
  2 [ 4  36: 51]
 63 [ 6  99:104]
 49 [10 180:185]
 25 [ 9 198:203]
 39 [ 6 300:305]
 64 [10 314:319]
 -2 [10 354:354]

Vehicle: 301  Cost: 68.38
Route: 3 17 6 22 56 -3 
  3 [ 7 107:122]
 17 [ 6 140:145]
  6 [ 3 300:305]
 22 [ 0 420:425]
 56 [ 2 425:430]
 -3 [ 2 455:455]

Vehicle: 303  Cost: 124.02
Route: 3 45 59 36 34 37 65 7 42 -3 
  3 [ 7 107:122]
 45 [ 8 162:167]
 59 [10 168:173]
 36 [ 8 300:305]
 34 [ 7 318:323]
 37 [ 5 339:344]
 65 [ 7 344:349]
  7 [ 5 355:360]
 42 [ 6 360:365]
 -3 [ 6 397:397]

Vehicle: 501  Cost: 141.36
Route: 5 27 46 9 47 15 -5 
  5 [ 8  53: 68]
 27 [ 6 100:105]
 46 [ 9 111:116]
  9 [ 7 300:305]
 47 [10 329:334]
 15 [ 6 387:392]
 -5 [ 6 413:413]

Vehicle: 503  Cost: 90.93
Route: 5 10 28 55 -5 
  5 [ 7  53:266]
 10 [ 3 300:305]
 28 [ 0 420:425]
 55 [ 2 464:469]
 -5 [ 2 475:475]

Total Cost: 1442.75
 11:72.99, 58:75 [1, 2, -2, -1]
 16:188.43, 29:75 [1, 5, 3, -3, -5, -2, -1]
201:95.02, 9:10 [2, 8, 44, 24, 26, 58, -2]
202:96.43, 10:10 [2, 16, 18, 41, 48, 38, -2]
203:48.73, 9:10 [2, 11, 32, 57, 23, -2]
204:146.90, 9:10 [2, 12, 14, 19, 51, 62, 31, 54, 35, 33, -2]
205:153.03, 10:10 [2, 21, 60, 29, 61, 13, 50, 43, -2]
206:82.15, 10:10 [2, 40, 53, 30, 52, 20, -2]
207:134.37, 10:10 [2, 63, 49, 25, 39, 64, -2]
301:68.38, 7:10 [3, 17, 6, 22, 56, -3]
303:124.02, 10:10 [3, 45, 59, 36, 34, 37, 65, 7, 42, -3]
501:141.36, 10:10 [5, 27, 46, 9, 47, 15, -5]
503:90.93, 7:10 [5, 10, 28, 55, -5]
fe: 2, se: 11

!ALNS------------
100000,1442.7541663214902,126.081,100.23,2,11,0.58,0.9181818181818182,30.0,5.454545454545454
5 6 9 5 0 0 5 0 
11.113432675620256 22.02956811281887 12.038432910072002 13.794556831970793 17.596569322475943 29.089163928795003 16.016104059300584 35.578992378475675 
4 1 2 5 4 6 6 2 
15.6178497647368 16.23797650207058 16.53115661838716 16.295937373820003 15.729922591870622 15.642711082941178 16.904723168723127 15.559241220723909 

x[1592] = 0.9999999999995133
Vehicle: 11  Cost: 72.99
Route: 1 2 -2 -1 
 1 [ 58   0:  0 [20, 13, 14, 21, 24, 18, 26, 30, 16, 35, 32, 29, 38, 12, 8, 23, 39, 33, 25, 31, 40, 19, 11]]
 2 [  0  36: 36 []]
-2 [ 45  36:383 [58, 51, 50, 57, 55, 52, 64, 60, 61, 54, 62, 49, 41, 44, 48, 53, 63, 43]]
-1 [ 45 420:420 [58, 51, 50, 57, 55, 52, 64, 60, 61, 54, 62, 49, 41, 44, 48, 53, 63, 43]]

x[3552] = 1.0
Vehicle: 16  Cost: 188.43
Route: 1 5 3 -3 -5 -2 -1 
 1 [ 29   0:  0 [7, 28, 9, 6, 34, 10, 22, 15, 36, 27, 17, 37]]
 5 [ 14  53: 68 [7, 6, 34, 22, 36, 17, 37]]
 3 [  0 107:107 []]
-3 [  8 107:470 [45, 59, 56, 65, 42]]
-5 [ 16 509:524 [46, 45, 59, 55, 56, 65, 47, 42]]
-2 [ 23 545:560 [46, 45, 59, 41, 55, 56, 48, 65, 47, 42]]
-1 [ 23 596:596 [46, 45, 59, 41, 55, 56, 48, 65, 47, 42]]

y[318] = 1.0
Vehicle: 301  Cost: 124.02
Route: 3 45 59 36 34 65 37 42 7 -3 
  3 [ 7 188:203]
 45 [ 8 243:248]
 59 [10 249:254]
 36 [ 8 300:305]
 34 [ 7 318:323]
 65 [ 9 339:344]
 37 [ 7 344:349]
 42 [ 8 355:360]
  7 [ 6 360:365]
 -3 [ 6 397:397]

y[361] = 1.0
Vehicle: 207  Cost: 95.02
Route: 2 8 44 24 26 58 -2 
  2 [ 9  89:104]
  8 [ 5 151:156]
 44 [ 8 156:161]
 24 [ 4 180:185]
 26 [ 3 300:305]
 58 [ 6 316:321]
 -2 [ 6 333:333]

y[1497] = 0.9999999999999033
Vehicle: 503  Cost: 141.36
Route: 5 27 46 9 47 15 -5 
  5 [ 8  53: 68]
 27 [ 6 100:105]
 46 [ 9 111:116]
  9 [ 7 300:305]
 47 [10 329:334]
 15 [ 6 387:392]
 -5 [ 6 413:413]

y[2453] = 0.9999999999998022
Vehicle: 202  Cost: 48.73
Route: 2 11 32 23 57 -2 
  2 [ 9  89:104]
 11 [ 8 117:122]
 32 [ 4 300:305]
 23 [ 0 317:322]
 57 [ 1 322:327]
 -2 [ 1 340:340]

y[2875] = 1.0
Vehicle: 501  Cost: 90.93
Route: 5 10 28 55 -5 
  5 [ 7 320:335]
 10 [ 3 369:374]
 28 [ 0 420:425]
 55 [ 2 464:469]
 -5 [ 2 475:475]

y[4870] = 1.0000000000000695
Vehicle: 204  Cost: 153.03
Route: 2 21 60 29 61 13 50 43 -2 
  2 [ 9  36: 51]
 21 [ 8 105:110]
 60 [10 117:122]
 29 [ 6 141:146]
 61 [ 9 146:151]
 13 [ 5 162:167]
 50 [ 6 180:185]
 43 [ 8 189:194]
 -2 [ 8 246:246]

y[4950] = 1.0
Vehicle: 201  Cost: 146.90
Route: 2 12 14 51 19 31 62 54 35 33 -2 
  2 [ 8  36: 51]
 12 [ 7  79: 84]
 14 [ 6 180:185]
 51 [ 8 189:194]
 19 [ 7 194:199]
 31 [ 6 216:221]
 62 [ 7 221:226]
 54 [ 9 251:256]
 35 [ 7 300:305]
 33 [ 5 337:342]
 -2 [ 5 368:368]

y[5674] = 0.9999999999998022
Vehicle: 203  Cost: 134.37
Route: 2 63 49 25 39 64 -2 
  2 [ 4  89:104]
 63 [ 6 152:157]
 49 [10 181:186]
 25 [ 9 199:204]
 39 [ 6 300:305]
 64 [10 314:319]
 -2 [10 354:354]

y[6043] = 1.0
Vehicle: 204  Cost: 96.43
Route: 2 16 18 41 48 38 -2 
  2 [ 9  36:264]
 16 [ 6 300:305]
 18 [ 3 315:320]
 41 [ 7 328:333]
 48 [10 336:341]
 38 [ 7 354:359]
 -2 [ 7 386:386]

y[6060] = 1.0000000000002274
Vehicle: 204  Cost: 82.15
Route: 2 40 53 30 52 20 -2 
  2 [10  89:104]
 40 [ 7 120:125]
 53 [10 131:136]
 30 [ 6 147:152]
 52 [ 9 178:183]
 20 [ 6 183:188]
 -2 [ 6 211:211]

y[7320] = 1.0
Vehicle: 301  Cost: 68.38
Route: 3 17 6 56 22 -3 
  3 [ 7 147:162]
 17 [ 6 180:185]
  6 [ 3 300:305]
 56 [ 5 420:425]
 22 [ 2 425:430]
 -3 [ 2 455:455]

FE: 2
SE: 11
!MIP-----
1442.754166321485,204.23320412635803,9.710200841393817E-5,2,11,4604,7486

Run: 3
Total Cost: 1444.12
Vehicle: 11  Cost: 72.99
Route: 1 2 -2 -1 
 1 [ 69   0:  0 [11, 18, 16, 27, 14, 31, 9, 24, 15, 39, 33, 40, 19, 20, 35, 26, 23, 25, 28, 32, 29, 12, 21, 38, 30, 10, 8]]
 2 [  0  36: 36 []]
-2 [ 33  36:379 [57, 44, 60, 46, 64, 62, 61, 49, 63, 51, 54, 52, 53]]
-1 [ 33 415:415 [57, 44, 60, 46, 64, 62, 61, 49, 63, 51, 54, 52, 53]]

Vehicle: 13  Cost: 150.59
Route: 1 3 -3 -2 -1 
 1 [ 18   0:  0 [6, 22, 17, 13, 37, 36, 7, 34]]
 3 [  0  74: 74 []]
-3 [ 14  74:470 [65, 45, 56, 43, 59, 50, 42, 47]]
-2 [ 26 510:525 [41, 65, 45, 56, 43, 59, 50, 42, 58, 48, 47, 55]]
-1 [ 26 561:561 [41, 65, 45, 56, 43, 59, 50, 42, 58, 48, 47, 55]]

Vehicle: 201  Cost: 126.14
Route: 2 16 18 35 41 48 33 -2 
  2 [10  36:264]
 16 [ 7 300:305]
 18 [ 4 315:320]
 35 [ 2 339:344]
 41 [ 6 363:368]
 48 [ 9 371:376]
 33 [ 7 389:394]
 -2 [ 7 420:420]

Vehicle: 203  Cost: 121.03
Route: 2 20 62 31 54 12 14 51 19 38 -2 
  2 [10  36: 51]
 20 [ 7  74: 79]
 62 [ 8  96:101]
 31 [ 7 101:106]
 54 [ 9 131:136]
 12 [ 8 157:162]
 14 [ 7 180:185]
 51 [ 9 189:194]
 19 [ 8 194:199]
 38 [ 5 300:305]
 -2 [ 5 332:332]

Vehicle: 204  Cost: 134.37
Route: 2 63 49 25 39 64 -2 
  2 [ 4  36: 51]
 63 [ 6  99:104]
 49 [10 180:185]
 25 [ 9 198:203]
 39 [ 6 300:305]
 64 [10 314:319]
 -2 [10 354:354]

Vehicle: 205  Cost: 157.12
Route: 2 21 29 61 27 60 46 9 -2 
  2 [ 9  36: 51]
 21 [ 8 105:110]
 29 [ 4 125:130]
 61 [ 7 130:135]
 27 [ 5 154:159]
 60 [ 7 159:164]
 46 [10 170:175]
  9 [ 8 300:305]
 -2 [ 8 364:364]

Vehicle: 206  Cost: 48.73
Route: 2 11 32 23 57 -2 
  2 [ 9  36: 51]
 11 [ 8  65: 70]
 32 [ 4 300:305]
 23 [ 0 317:322]
 57 [ 1 322:327]
 -2 [ 1 340:340]

Vehicle: 207  Cost: 120.89
Route: 2 8 44 24 53 52 -2 
  2 [ 8  36: 51]
  8 [ 4  98:103]
 44 [ 7 103:108]
 24 [ 3 180:185]
 53 [ 6 214:219]
 52 [ 9 240:245]
 -2 [ 9 268:268]

Vehicle: 208  Cost: 91.19
Route: 2 40 30 28 58 -2 
  2 [10  36: 51]
 40 [ 7  68: 73]
 30 [ 3  87: 92]
 28 [ 0 420:425]
 58 [ 3 458:463]
 -2 [ 3 474:474]

Vehicle: 209  Cost: 106.34
Route: 2 26 10 15 55 -2 
  2 [ 9  36:278]
 26 [ 8 300:305]
 10 [ 4 325:330]
 15 [ 0 354:359]
 55 [ 2 382:387]
 -2 [ 2 404:404]

Vehicle: 301  Cost: 124.02
Route: 3 45 59 36 34 37 65 7 42 -3 
  3 [ 7  74: 89]
 45 [ 8 129:134]
 59 [10 135:140]
 36 [ 8 300:305]
 34 [ 7 318:323]
 37 [ 5 339:344]
 65 [ 7 344:349]
  7 [ 5 355:360]
 42 [ 6 360:365]
 -3 [ 6 397:397]

Vehicle: 302  Cost: 122.32
Route: 3 43 50 13 47 -3 
  3 [ 4  74: 89]
 43 [ 6 123:128]
 50 [ 7 180:185]
 13 [ 3 192:197]
 47 [ 6 300:305]
 -3 [ 6 365:365]

Vehicle: 303  Cost: 68.38
Route: 3 17 6 56 22 -3 
  3 [ 7  74: 89]
 17 [ 6 107:112]
  6 [ 3 300:305]
 56 [ 5 420:425]
 22 [ 2 425:430]
 -3 [ 2 455:455]

Total Cost: 1444.12
 11:72.99, 69:75 [1, 2, -2, -1]
 13:150.59, 26:75 [1, 3, -3, -2, -1]
201:126.14, 10:10 [2, 16, 18, 35, 41, 48, 33, -2]
203:121.03, 10:10 [2, 20, 62, 31, 54, 12, 14, 51, 19, 38, -2]
204:134.37, 10:10 [2, 63, 49, 25, 39, 64, -2]
205:157.12, 10:10 [2, 21, 29, 61, 27, 60, 46, 9, -2]
206:48.73, 9:10 [2, 11, 32, 23, 57, -2]
207:120.89, 9:10 [2, 8, 44, 24, 53, 52, -2]
208:91.19, 10:10 [2, 40, 30, 28, 58, -2]
209:106.34, 9:10 [2, 26, 10, 15, 55, -2]
301:124.02, 10:10 [3, 45, 59, 36, 34, 37, 65, 7, 42, -3]
302:122.32, 7:10 [3, 43, 50, 13, 47, -3]
303:68.38, 7:10 [3, 17, 6, 56, 22, -3]
fe: 2, se: 11

!ALNS------------
100000,1444.1171666928028,114.8,57.703,2,11,0.6333333333333333,0.9181818181818182,30.0,5.454545454545454
9 7 7 12 0 0 3 0 
10.403281654941406 25.759815077782566 13.48642302706444 16.32195154334966 43.14637775860613 44.790502778715265 18.90504373755752 27.852636985084793 
4 4 4 6 4 5 8 3 
18.41296898731761 16.881730980888634 18.973888570412115 16.943465360441767 19.017729112660984 19.82087657383784 16.918355102558294 19.28679787377437 

x[1532] = 1.0
Vehicle: 11  Cost: 72.99
Route: 1 2 -2 -1 
 1 [ 69   0:  0 [27, 24, 20, 25, 21, 40, 33, 16, 19, 14, 31, 9, 38, 11, 15, 35, 26, 12, 18, 8, 39, 23, 29, 28, 10, 30, 32]]
 2 [  0  36: 36 []]
-2 [ 38  36:383 [60, 61, 55, 57, 44, 52, 49, 46, 64, 54, 53, 51, 62, 63, 48]]
-1 [ 38 420:420 [60, 61, 55, 57, 44, 52, 49, 46, 64, 54, 53, 51, 62, 63, 48]]

x[3433] = 1.0
Vehicle: 13  Cost: 150.59
Route: 1 3 -3 -2 -1 
 1 [ 18   0:  0 [36, 7, 6, 22, 13, 37, 17, 34]]
 3 [  0  74: 74 []]
-3 [ 14  74:470 [42, 45, 59, 47, 56, 65, 43, 50]]
-2 [ 26 510:525 [41, 42, 45, 59, 47, 56, 65, 43, 50, 58, 55, 48]]
-1 [ 26 561:561 [41, 42, 45, 59, 47, 56, 65, 43, 50, 58, 55, 48]]

y[540] = 0.9999999999990905
Vehicle: 202  Cost: 48.73
Route: 2 11 32 57 23 -2 
  2 [ 9  36: 51]
 11 [ 8  65: 70]
 32 [ 4 300:305]
 57 [ 5 317:322]
 23 [ 1 322:327]
 -2 [ 1 340:340]

y[673] = 1.0
Vehicle: 203  Cost: 121.03
Route: 2 20 62 31 54 12 14 51 19 38 -2 
  2 [10 123:138]
 20 [ 7 161:166]
 62 [ 8 182:187]
 31 [ 7 187:192]
 54 [ 9 217:222]
 12 [ 8 243:248]
 14 [ 7 250:255]
 51 [ 9 259:264]
 19 [ 8 264:269]
 38 [ 5 300:305]
 -2 [ 5 332:332]

y[1369] = 1.0
Vehicle: 205  Cost: 120.89
Route: 2 8 44 24 53 52 -2 
  2 [ 8  36: 51]
  8 [ 4  98:103]
 44 [ 7 103:108]
 24 [ 3 180:185]
 53 [ 6 214:219]
 52 [ 9 240:245]
 -2 [ 9 268:268]

y[1614] = 0.9999999999569378
Vehicle: 302  Cost: 68.38
Route: 3 17 6 56 22 -3 
  3 [ 7 120:135]
 17 [ 6 153:158]
  6 [ 3 300:305]
 56 [ 5 420:425]
 22 [ 2 425:430]
 -3 [ 2 455:455]

y[2376] = 1.0
Vehicle: 204  Cost: 134.37
Route: 2 63 49 25 39 64 -2 
  2 [ 4 123:138]
 63 [ 6 185:190]
 49 [10 214:219]
 25 [ 9 232:237]
 39 [ 6 300:305]
 64 [10 314:319]
 -2 [10 354:354]

y[4091] = 1.0
Vehicle: 202  Cost: 106.34
Route: 2 26 10 15 55 -2 
  2 [ 9 134:278]
 26 [ 8 300:305]
 10 [ 4 325:330]
 15 [ 0 354:359]
 55 [ 2 382:387]
 -2 [ 2 404:404]

y[4894] = 1.0
Vehicle: 201  Cost: 126.14
Route: 2 16 18 35 41 48 33 -2 
  2 [10 123:264]
 16 [ 7 300:305]
 18 [ 4 315:320]
 35 [ 2 339:344]
 41 [ 6 363:368]
 48 [ 9 371:376]
 33 [ 7 389:394]
 -2 [ 7 420:420]

y[5005] = 0.9999999999569378
Vehicle: 302  Cost: 122.32
Route: 3 43 50 13 47 -3 
  3 [ 4 126:141]
 43 [ 6 175:180]
 50 [ 7 185:190]
 13 [ 3 197:202]
 47 [ 6 300:305]
 -3 [ 6 365:365]

y[6124] = 1.0
Vehicle: 205  Cost: 157.12
Route: 2 21 29 61 27 60 46 9 -2 
  2 [ 9  36: 51]
 21 [ 8 105:110]
 29 [ 4 125:130]
 61 [ 7 130:135]
 27 [ 5 154:159]
 60 [ 7 159:164]
 46 [10 170:175]
  9 [ 8 300:305]
 -2 [ 8 364:364]

y[6354] = 1.0
Vehicle: 208  Cost: 91.19
Route: 2 40 30 28 58 -2 
  2 [10 130:145]
 40 [ 7 161:166]
 30 [ 3 180:185]
 28 [ 0 420:425]
 58 [ 3 458:463]
 -2 [ 3 474:474]

y[6792] = 0.9999999999569378
Vehicle: 301  Cost: 124.02
Route: 3 45 59 36 34 65 37 7 42 -3 
  3 [ 7 107:122]
 45 [ 8 162:167]
 59 [10 168:173]
 36 [ 8 300:305]
 34 [ 7 318:323]
 65 [ 9 339:344]
 37 [ 7 344:349]
  7 [ 5 355:360]
 42 [ 6 360:365]
 -3 [ 6 397:397]

FE: 2
SE: 11
!MIP-----
1444.11716669284,199.1322340965271,4.26711775628178E-5,2,11,4968,7813

Run: 4
Total Cost: 1444.12
Vehicle: 11  Cost: 72.99
Route: 1 2 -2 -1 
 1 [ 69   0:  0 [27, 23, 9, 21, 33, 40, 25, 39, 29, 8, 11, 31, 18, 26, 15, 20, 38, 19, 24, 14, 12, 16, 10, 35, 32, 28, 30]]
 2 [  0  36: 36 []]
-2 [ 33  36:379 [44, 49, 53, 60, 57, 54, 46, 63, 52, 61, 62, 51, 64]]
-1 [ 33 415:415 [44, 49, 53, 60, 57, 54, 46, 63, 52, 61, 62, 51, 64]]

Vehicle: 12  Cost: 150.59
Route: 1 3 -3 -2 -1 
 1 [ 18   0:  0 [13, 6, 7, 22, 37, 34, 36, 17]]
 3 [  0  74: 74 []]
-3 [ 14  74:470 [50, 43, 42, 56, 45, 65, 59, 47]]
-2 [ 26 510:525 [41, 50, 43, 42, 56, 45, 58, 65, 59, 55, 47, 48]]
-1 [ 26 561:561 [41, 50, 43, 42, 56, 45, 58, 65, 59, 55, 47, 48]]

Vehicle: 201  Cost: 157.12
Route: 2 21 29 61 60 27 46 9 -2 
  2 [ 9  36: 51]
 21 [ 8 105:110]
 29 [ 4 125:130]
 61 [ 7 130:135]
 60 [ 9 154:159]
 27 [ 7 159:164]
 46 [10 170:175]
  9 [ 8 300:305]
 -2 [ 8 364:364]

Vehicle: 202  Cost: 120.89
Route: 2 8 44 24 53 52 -2 
  2 [ 8  36: 51]
  8 [ 4  98:103]
 44 [ 7 103:108]
 24 [ 3 180:185]
 53 [ 6 214:219]
 52 [ 9 240:245]
 -2 [ 9 268:268]

Vehicle: 203  Cost: 48.73
Route: 2 11 32 57 23 -2 
  2 [ 9  36: 51]
 11 [ 8  65: 70]
 32 [ 4 300:305]
 57 [ 5 317:322]
 23 [ 1 322:327]
 -2 [ 1 340:340]

Vehicle: 204  Cost: 91.19
Route: 2 40 30 28 58 -2 
  2 [10  36: 51]
 40 [ 7  68: 73]
 30 [ 3  87: 92]
 28 [ 0 420:425]
 58 [ 3 458:463]
 -2 [ 3 474:474]

Vehicle: 205  Cost: 106.34
Route: 2 26 10 15 55 -2 
  2 [ 9  36:278]
 26 [ 8 300:305]
 10 [ 4 325:330]
 15 [ 0 354:359]
 55 [ 2 382:387]
 -2 [ 2 404:404]

Vehicle: 206  Cost: 134.37
Route: 2 63 49 25 39 64 -2 
  2 [ 4  36: 51]
 63 [ 6  99:104]
 49 [10 180:185]
 25 [ 9 198:203]
 39 [ 6 300:305]
 64 [10 314:319]
 -2 [10 354:354]

Vehicle: 207  Cost: 126.14
Route: 2 16 18 35 41 48 33 -2 
  2 [10  36:264]
 16 [ 7 300:305]
 18 [ 4 315:320]
 35 [ 2 339:344]
 41 [ 6 363:368]
 48 [ 9 371:376]
 33 [ 7 389:394]
 -2 [ 7 420:420]

Vehicle: 208  Cost: 121.03
Route: 2 20 62 31 54 12 14 51 19 38 -2 
  2 [10  36: 51]
 20 [ 7  74: 79]
 62 [ 8  96:101]
 31 [ 7 101:106]
 54 [ 9 131:136]
 12 [ 8 157:162]
 14 [ 7 180:185]
 51 [ 9 189:194]
 19 [ 8 194:199]
 38 [ 5 300:305]
 -2 [ 5 332:332]

Vehicle: 301  Cost: 124.02
Route: 3 45 59 36 34 37 65 7 42 -3 
  3 [ 7  74: 89]
 45 [ 8 129:134]
 59 [10 135:140]
 36 [ 8 300:305]
 34 [ 7 318:323]
 37 [ 5 339:344]
 65 [ 7 344:349]
  7 [ 5 355:360]
 42 [ 6 360:365]
 -3 [ 6 397:397]

Vehicle: 302  Cost: 122.32
Route: 3 43 50 13 47 -3 
  3 [ 4  74: 89]
 43 [ 6 123:128]
 50 [ 7 180:185]
 13 [ 3 192:197]
 47 [ 6 300:305]
 -3 [ 6 365:365]

Vehicle: 303  Cost: 68.38
Route: 3 17 6 22 56 -3 
  3 [ 7  74: 89]
 17 [ 6 107:112]
  6 [ 3 300:305]
 22 [ 0 420:425]
 56 [ 2 425:430]
 -3 [ 2 455:455]

Total Cost: 1444.12
 11:72.99, 69:75 [1, 2, -2, -1]
 12:150.59, 26:75 [1, 3, -3, -2, -1]
201:157.12, 10:10 [2, 21, 29, 61, 60, 27, 46, 9, -2]
202:120.89, 9:10 [2, 8, 44, 24, 53, 52, -2]
203:48.73, 9:10 [2, 11, 32, 57, 23, -2]
204:91.19, 10:10 [2, 40, 30, 28, 58, -2]
205:106.34, 9:10 [2, 26, 10, 15, 55, -2]
206:134.37, 10:10 [2, 63, 49, 25, 39, 64, -2]
207:126.14, 10:10 [2, 16, 18, 35, 41, 48, 33, -2]
208:121.03, 10:10 [2, 20, 62, 31, 54, 12, 14, 51, 19, 38, -2]
301:124.02, 10:10 [3, 45, 59, 36, 34, 37, 65, 7, 42, -3]
302:122.32, 7:10 [3, 43, 50, 13, 47, -3]
303:68.38, 7:10 [3, 17, 6, 22, 56, -3]
fe: 2, se: 11

!ALNS------------
100000,1444.1171666928028,99.299,55.936,2,11,0.6333333333333333,0.9181818181818182,30.0,5.454545454545454
9 13 4 11 0 0 6 0 
11.724259563421818 22.386304826725326 10.841996220378906 13.865362540050304 45.12894529269373 32.888641157064114 15.910877896529891 25.967990311469308 
1 5 5 10 4 7 9 2 
15.016220877055062 17.38201793751116 18.07889146835877 16.63506315600037 15.194144125587181 14.871282634770974 14.711961703749129 16.161607557782887 

x[1876] = 1.0
Vehicle: 12  Cost: 150.59
Route: 1 3 -3 -2 -1 
 1 [ 22   0:  0 [32, 36, 34, 13, 17, 6, 37, 7, 22]]
 3 [  0  74: 74 []]
-3 [ 14  74:517 [59, 45, 47, 43, 50, 65, 42, 56]]
-2 [ 26 557:572 [41, 55, 48, 58, 59, 45, 47, 43, 50, 65, 42, 56]]
-1 [ 26 608:608 [41, 55, 48, 58, 59, 45, 47, 43, 50, 65, 42, 56]]

x[1922] = 1.0
Vehicle: 11  Cost: 72.99
Route: 1 2 -2 -1 
 1 [ 65   0:  0 [12, 24, 39, 19, 14, 27, 18, 11, 28, 30, 31, 26, 20, 21, 40, 23, 16, 9, 8, 29, 33, 10, 15, 25, 38, 35]]
 2 [  0  36: 36 []]
-2 [ 35  36:383 [61, 60, 46, 57, 51, 53, 52, 49, 44, 62, 54, 63, 55, 64]]
-1 [ 35 420:420 [61, 60, 46, 57, 51, 53, 52, 49, 44, 62, 54, 63, 55, 64]]

y[76] = 1.0
Vehicle: 205  Cost: 106.34
Route: 2 26 10 15 55 -2 
  2 [ 9  89:278]
 26 [ 8 300:305]
 10 [ 4 325:330]
 15 [ 0 354:359]
 55 [ 2 382:387]
 -2 [ 2 404:404]

y[241] = 1.0
Vehicle: 301  Cost: 150.73
Route: 3 43 13 50 47 32 -3 
  3 [ 8  74: 89]
 43 [10 123:128]
 13 [ 6 140:145]
 50 [ 7 180:185]
 47 [10 300:305]
 32 [ 6 363:368]
 -3 [ 6 386:386]

y[450] = 1.0
Vehicle: 303  Cost: 68.38
Route: 3 17 6 22 56 -3 
  3 [ 7 144:159]
 17 [ 6 177:182]
  6 [ 3 300:305]
 22 [ 0 420:425]
 56 [ 2 425:430]
 -3 [ 2 455:455]

y[623] = 1.0
Vehicle: 207  Cost: 136.05
Route: 2 20 52 62 31 54 35 33 -2 
  2 [ 8  36: 51]
 20 [ 5  74: 79]
 52 [ 8  79: 84]
 62 [ 9 101:106]
 31 [ 8 106:111]
 54 [10 136:141]
 35 [ 8 300:305]
 33 [ 6 337:342]
 -2 [ 6 368:368]

y[2434] = 1.0
Vehicle: 205  Cost: 84.90
Route: 2 19 51 14 12 25 64 39 -2 
  2 [ 7  36:155]
 19 [ 6 180:185]
 51 [ 8 185:190]
 14 [ 7 194:199]
 12 [ 6 201:206]
 25 [ 5 220:225]
 64 [ 9 300:305]
 39 [ 6 314:319]
 -2 [ 6 345:345]

y[4427] = 1.0
Vehicle: 203  Cost: 104.57
Route: 2 49 63 23 57 -2 
  2 [ 4  36:150]
 49 [ 8 180:185]
 63 [10 209:214]
 23 [ 6 300:305]
 57 [ 7 305:310]
 -2 [ 7 322:322]

y[4560] = 1.0
Vehicle: 303  Cost: 124.02
Route: 3 45 59 36 34 37 65 42 7 -3 
  3 [ 7 236:251]
 45 [ 8 291:296]
 59 [10 297:302]
 36 [ 8 318:323]
 34 [ 7 336:341]
 37 [ 5 357:362]
 65 [ 7 362:367]
 42 [ 8 374:379]
  7 [ 6 379:384]
 -3 [ 6 415:415]

y[5310] = 1.0
Vehicle: 204  Cost: 91.19
Route: 2 40 30 28 58 -2 
  2 [10 172:187]
 40 [ 7 203:208]
 30 [ 3 222:227]
 28 [ 0 420:425]
 58 [ 3 458:463]
 -2 [ 3 474:474]

y[6124] = 1.0
Vehicle: 209  Cost: 94.99
Route: 2 8 44 24 53 -2 
  2 [ 8  36: 51]
  8 [ 4  98:103]
 44 [ 7 103:108]
 24 [ 3 180:185]
 53 [ 6 214:219]
 -2 [ 6 237:237]

y[6553] = 1.0
Vehicle: 202  Cost: 96.43
Route: 2 16 18 41 48 38 -2 
  2 [ 9  36:264]
 16 [ 6 300:305]
 18 [ 3 315:320]
 41 [ 7 328:333]
 48 [10 336:341]
 38 [ 7 354:359]
 -2 [ 7 386:386]

y[6568] = 1.0
Vehicle: 204  Cost: 162.02
Route: 2 11 21 29 61 60 27 46 9 -2 
  2 [10  36: 51]
 11 [ 9  65: 70]
 21 [ 8 115:120]
 29 [ 4 135:140]
 61 [ 7 140:145]
 60 [ 9 164:169]
 27 [ 7 169:174]
 46 [10 180:185]
  9 [ 8 300:305]
 -2 [ 8 364:364]

FE: 2
SE: 11
!MIP-----
1443.195777448682,237.04059100151062,9.462583291973004E-5,2,11,4879,6628

Run: 5
Total Cost: 1442.75
Vehicle: 11  Cost: 72.99
Route: 1 2 -2 -1 
 1 [ 58   0:  0 [19, 11, 23, 21, 35, 12, 30, 31, 24, 8, 39, 33, 38, 18, 32, 25, 13, 14, 40, 16, 20, 29, 26]]
 2 [  0  36: 36 []]
-2 [ 36  36:383 [51, 57, 54, 44, 43, 58, 49, 63, 50, 60, 64, 52, 61, 62, 53]]
-1 [ 36 420:420 [51, 57, 54, 44, 43, 58, 49, 63, 50, 60, 64, 52, 61, 62, 53]]

Vehicle: 14  Cost: 188.43
Route: 1 5 3 -3 -5 -2 -1 
 1 [ 29   0:  0 [34, 17, 22, 7, 37, 36, 15, 28, 9, 27, 10, 6]]
 5 [ 14  53: 68 [34, 17, 22, 7, 37, 36, 6]]
 3 [  0 107:107 []]
-3 [  8 107:470 [59, 56, 45, 42, 65]]
-5 [ 16 509:524 [46, 59, 56, 45, 47, 42, 65, 55]]
-2 [ 23 545:560 [41, 46, 59, 56, 45, 47, 48, 42, 65, 55]]
-1 [ 23 596:596 [46, 41, 59, 56, 45, 47, 48, 42, 65, 55]]

Vehicle: 201  Cost: 48.73
Route: 2 11 32 23 57 -2 
  2 [ 9  36: 51]
 11 [ 8  65: 70]
 32 [ 4 300:305]
 23 [ 0 317:322]
 57 [ 1 322:327]
 -2 [ 1 340:340]

Vehicle: 202  Cost: 82.15
Route: 2 40 53 30 52 20 -2 
  2 [10  36: 51]
 40 [ 7  68: 73]
 53 [10  79: 84]
 30 [ 6  94: 99]
 52 [ 9 126:131]
 20 [ 6 131:136]
 -2 [ 6 159:159]

Vehicle: 204  Cost: 96.43
Route: 2 16 18 41 48 38 -2 
  2 [ 9  36:264]
 16 [ 6 300:305]
 18 [ 3 315:320]
 41 [ 7 328:333]
 48 [10 336:341]
 38 [ 7 354:359]
 -2 [ 7 386:386]

Vehicle: 205  Cost: 134.37
Route: 2 63 49 25 39 64 -2 
  2 [ 4  36: 51]
 63 [ 6  99:104]
 49 [10 180:185]
 25 [ 9 198:203]
 39 [ 6 300:305]
 64 [10 314:319]
 -2 [10 354:354]

Vehicle: 206  Cost: 153.03
Route: 2 21 60 29 61 13 50 43 -2 
  2 [ 9  36: 51]
 21 [ 8 105:110]
 60 [10 117:122]
 29 [ 6 141:146]
 61 [ 9 146:151]
 13 [ 5 162:167]
 50 [ 6 180:185]
 43 [ 8 189:194]
 -2 [ 8 246:246]

Vehicle: 207  Cost: 146.90
Route: 2 12 14 19 51 62 31 54 35 33 -2 
  2 [ 8  36: 51]
 12 [ 7  79: 84]
 14 [ 6 180:185]
 19 [ 5 189:194]
 51 [ 7 194:199]
 62 [ 8 216:221]
 31 [ 7 221:226]
 54 [ 9 251:256]
 35 [ 7 300:305]
 33 [ 5 337:342]
 -2 [ 5 368:368]

Vehicle: 208  Cost: 95.02
Route: 2 8 44 24 26 58 -2 
  2 [ 9  36: 51]
  8 [ 5  98:103]
 44 [ 8 103:108]
 24 [ 4 180:185]
 26 [ 3 300:305]
 58 [ 6 316:321]
 -2 [ 6 333:333]

Vehicle: 301  Cost: 68.38
Route: 3 17 6 56 22 -3 
  3 [ 7 107:122]
 17 [ 6 140:145]
  6 [ 3 300:305]
 56 [ 5 420:425]
 22 [ 2 425:430]
 -3 [ 2 455:455]

Vehicle: 302  Cost: 124.02
Route: 3 45 59 36 34 65 37 42 7 -3 
  3 [ 7 107:122]
 45 [ 8 162:167]
 59 [10 168:173]
 36 [ 8 300:305]
 34 [ 7 318:323]
 65 [ 9 339:344]
 37 [ 7 344:349]
 42 [ 8 355:360]
  7 [ 6 360:365]
 -3 [ 6 397:397]

Vehicle: 501  Cost: 141.36
Route: 5 27 46 9 47 15 -5 
  5 [ 8  53: 68]
 27 [ 6 100:105]
 46 [ 9 111:116]
  9 [ 7 300:305]
 47 [10 329:334]
 15 [ 6 387:392]
 -5 [ 6 413:413]

Vehicle: 502  Cost: 90.93
Route: 5 10 28 55 -5 
  5 [ 7  53:266]
 10 [ 3 300:305]
 28 [ 0 420:425]
 55 [ 2 464:469]
 -5 [ 2 475:475]

Total Cost: 1442.75
 11:72.99, 58:75 [1, 2, -2, -1]
 14:188.43, 29:75 [1, 5, 3, -3, -5, -2, -1]
201:48.73, 9:10 [2, 11, 32, 23, 57, -2]
202:82.15, 10:10 [2, 40, 53, 30, 52, 20, -2]
204:96.43, 10:10 [2, 16, 18, 41, 48, 38, -2]
205:134.37, 10:10 [2, 63, 49, 25, 39, 64, -2]
206:153.03, 10:10 [2, 21, 60, 29, 61, 13, 50, 43, -2]
207:146.90, 9:10 [2, 12, 14, 19, 51, 62, 31, 54, 35, 33, -2]
208:95.02, 9:10 [2, 8, 44, 24, 26, 58, -2]
301:68.38, 7:10 [3, 17, 6, 56, 22, -3]
302:124.02, 10:10 [3, 45, 59, 36, 34, 65, 37, 42, 7, -3]
501:141.36, 10:10 [5, 27, 46, 9, 47, 15, -5]
502:90.93, 7:10 [5, 10, 28, 55, -5]
fe: 2, se: 11

!ALNS------------
100000,1442.75416632149,135.195,134.256,2,11,0.58,0.9181818181818182,30.0,5.454545454545454
6 18 9 6 0 0 6 0 
10.949869318614942 23.91661226883953 12.136861706224956 14.67387800491036 30.743504651733904 33.05447871134619 16.920370723211505 34.80628456895481 
1 10 6 6 5 5 7 5 
18.001059008033984 17.00044083280515 15.800414321736802 15.37604660394273 18.67367009811166 15.987940739693967 16.016602166320766 19.155261214261774 

x[831] = 1.0
Vehicle: 11  Cost: 114.61
Route: 1 2 5 -5 -2 -1 
 1 [ 73   0:  0 [32, 18, 35, 38, 25, 26, 24, 19, 20, 15, 28, 9, 27, 10, 8, 30, 11, 12, 14, 31, 40, 16, 39, 33, 23, 21, 13, 29]]
 2 [ 27  36: 51 [15, 28, 9, 27, 10, 40, 21, 13, 29]]
 5 [  0  72: 72 []]
-5 [ 11  72:269 [46, 60, 43, 61, 50]]
-2 [ 46 290:380 [62, 48, 49, 54, 53, 58, 64, 52, 44, 63, 46, 41, 60, 51, 57, 43, 61, 50]]
-1 [ 46 417:417 [62, 48, 49, 54, 53, 58, 64, 52, 44, 63, 46, 41, 60, 51, 57, 43, 61, 50]]

x[2735] = 1.0
Vehicle: 14  Cost: 170.50
Route: 1 3 -3 -5 -2 -1 
 1 [ 14   0:  0 [17, 22, 36, 34, 7, 37, 6]]
 3 [  0  74: 74 []]
-3 [  8  74:470 [45, 42, 65, 56, 59]]
-5 [ 16 509:524 [46, 45, 42, 55, 65, 56, 59, 47]]
-2 [ 23 545:560 [46, 45, 42, 55, 65, 48, 56, 59, 47, 41]]
-1 [ 23 596:596 [46, 45, 42, 55, 65, 48, 56, 59, 47, 41]]

y[941] = 1.0
Vehicle: 203  Cost: 57.56
Route: 2 53 30 26 58 -2 
  2 [ 5  36: 51]
 53 [ 8  70: 75]
 30 [ 4  85: 90]
 26 [ 3 300:305]
 58 [ 6 316:321]
 -2 [ 6 333:333]

y[1690] = 1.0
Vehicle: 502  Cost: 95.16
Route: 5 40 28 10 55 -5 
  5 [10 171:186]
 40 [ 7 201:206]
 28 [ 4 420:425]
 10 [ 0 437:442]
 55 [ 2 474:479]
 -5 [ 2 485:485]

y[1922] = 1.0
Vehicle: 202  Cost: 48.73
Route: 2 11 32 57 23 -2 
  2 [ 9 237:252]
 11 [ 8 265:270]
 32 [ 4 300:305]
 57 [ 5 317:322]
 23 [ 1 322:327]
 -2 [ 1 340:340]

y[2712] = 1.0
Vehicle: 501  Cost: 149.81
Route: 5 21 46 9 47 15 -5 
  5 [ 7  93:108]
 21 [ 6 142:147]
 46 [ 9 159:164]
  9 [ 7 300:305]
 47 [10 329:334]
 15 [ 6 387:392]
 -5 [ 6 413:413]

y[3610] = 1.0
Vehicle: 301  Cost: 68.38
Route: 3 17 6 56 22 -3 
  3 [ 7 120:135]
 17 [ 6 153:158]
  6 [ 3 300:305]
 56 [ 5 420:425]
 22 [ 2 425:430]
 -3 [ 2 455:455]

y[3733] = 1.0
Vehicle: 207  Cost: 122.65
Route: 2 20 62 31 54 19 51 14 12 38 -2 
  2 [10  36: 51]
 20 [ 7  74: 79]
 62 [ 8  96:101]
 31 [ 7 101:106]
 54 [ 9 131:136]
 19 [ 8 180:185]
 51 [10 185:190]
 14 [ 9 194:199]
 12 [ 8 201:206]
 38 [ 5 300:305]
 -2 [ 5 332:332]

y[4059] = 1.0
Vehicle: 205  Cost: 134.37
Route: 2 63 49 25 39 64 -2 
  2 [ 4  89:104]
 63 [ 6 152:157]
 49 [10 181:186]
 25 [ 9 199:204]
 39 [ 6 300:305]
 64 [10 314:319]
 -2 [10 354:354]

y[4360] = 1.0
Vehicle: 203  Cost: 109.50
Route: 2 24 8 44 52 -2 
  2 [ 8  36:133]
 24 [ 4 180:185]
  8 [ 0 186:191]
 44 [ 3 191:196]
 52 [ 6 235:240]
 -2 [ 6 263:263]

y[4944] = 1.0
Vehicle: 302  Cost: 124.02
Route: 3 45 59 36 34 65 37 7 42 -3 
  3 [ 7 189:204]
 45 [ 8 244:249]
 59 [10 250:255]
 36 [ 8 300:305]
 34 [ 7 318:323]
 65 [ 9 339:344]
 37 [ 7 344:349]
  7 [ 5 355:360]
 42 [ 6 360:365]
 -3 [ 6 397:397]

y[5654] = 1.0
Vehicle: 201  Cost: 126.14
Route: 2 16 18 35 41 48 33 -2 
  2 [10 109:264]
 16 [ 7 300:305]
 18 [ 4 315:320]
 35 [ 2 339:344]
 41 [ 6 363:368]
 48 [ 9 371:376]
 33 [ 7 389:394]
 -2 [ 7 420:420]

y[6012] = 1.0
Vehicle: 504  Cost: 108.98
Route: 5 27 60 29 61 13 50 43 -5 
  5 [10  93:108]
 27 [ 8 140:145]
 60 [10 145:150]
 29 [ 6 169:174]
 61 [ 9 174:179]
 13 [ 5 190:195]
 50 [ 6 202:207]
 43 [ 8 211:216]
 -5 [ 8 252:252]

FE: 2
SE: 11
!MIP-----
1430.40359888087,152.9634759426117,9.434973912700897E-5,2,11,4768,6960