--Parameters Information--
speed=1
run=5
iteration= 100000
batch=100
restartPeriod=10000
largeRemovalOccurrence=500
initialLNS=250
lowerBoundSmallRemoval=4
smallRemoval=0.2
lowerBoundLargeRemoval=0.55
largeRemoval=0.8
initialWeight=1.0
decayRate=0.1
gamma1=9.0
gamma2=5.0
gamma3=2.0
gamma4=0.0
coolingRate=0.9995
temperatureControlParameter=0.05
initialAcceptanceProbability=0.5
perturbation=0.5
perturbationFactor=0.01
split=20000

Setup: Split
Data: C_100_5_D

Run: 1
Total Cost: 1911.99
Vehicle: 11  Cost: 44.72
Route: 1 3 -3 -1 
 1 [ 45   0:  0 [13, 46, 61, 77, 57, 11, 74, 16, 19, 21, 18, 12, 38, 75, 51, 49, 80, 50, 10, 60, 25]]
 3 [  0  22: 22 []]
-3 [ 38  22:506 [122, 116, 119, 131, 123, 102, 85, 130, 109, 95, 93, 118, 89, 90, 104, 84, 88, 121]]
-1 [ 38 529:529 [122, 116, 119, 131, 123, 102, 85, 130, 109, 95, 93, 118, 89, 90, 104, 84, 88, 121]]

Vehicle: 14  Cost: 165.44
Route: 1 2 6 4 -4 -2 -1 
 1 [ 64   0:  0 [20, 47, 64, 52, 71, 62, 40, 66, 39, 81, 37, 58, 35, 69, 42, 32, 43, 22, 30, 31, 68, 15, 82, 24]]
 2 [ 43  55: 70 [20, 64, 71, 62, 66, 39, 81, 37, 35, 42, 32, 43, 22, 68, 15, 24]]
 6 [ 39  87:102 [20, 64, 71, 62, 66, 39, 81, 37, 42, 32, 43, 22, 68, 15, 24]]
 4 [  0 117:117 []]
-4 [ 30 117:537 [111, 126, 108, 97, 96, 101, 87, 94, 134, 112, 92, 114, 99]]
-2 [ 39 560:575 [103, 127, 111, 126, 108, 97, 96, 101, 87, 94, 134, 117, 112, 92, 114, 99]]
-1 [ 39 630:630 [103, 127, 111, 126, 108, 97, 96, 101, 87, 94, 134, 117, 112, 92, 114, 99]]

Vehicle: 16  Cost: 93.19
Route: 1 5 -5 8 -8 -1 
 1 [ 38   0:  0 [36, 73, 14, 29, 33, 45, 76, 70, 28, 17, 44, 65, 59, 48, 55, 23]]
 5 [ 24  43: 43 [36, 73, 29, 33, 70, 28, 17, 44, 59, 48, 23]]
-5 [ 34  43:121 [36, 73, 86, 29, 33, 70, 28, 17, 44, 59, 48, 83, 115, 23]]
 8 [ 10 134:134 [86, 83, 115]]
-8 [ 28 134:353 [129, 110, 86, 98, 124, 106, 100, 83, 115]]
-1 [ 28 390:390 [129, 110, 86, 98, 124, 106, 100, 83, 115]]

Vehicle: 17  Cost: 122.80
Route: 1 7 -7 -1 
 1 [ 26   0:  0 [63, 34, 26, 54, 56, 79, 53, 41, 27, 67, 78, 72]]
 7 [  0  61: 61 []]
-7 [ 26  61:341 [133, 107, 105, 113, 91, 125, 120, 128, 132]]
-1 [ 26 402:402 [133, 107, 105, 113, 91, 125, 120, 128, 132]]

Vehicle: 201  Cost: 17.89
Route: 2 82 -2 
  2 [ 4  55: 70]
 82 [ 0  79: 84]
 -2 [ 0  93: 93]

Vehicle: 202  Cost: 48.29
Route: 2 58 30 69 127 31 103 -2 
  2 [ 9  55:299]
 58 [ 8 300:305]
 30 [ 7 310:315]
 69 [ 4 334:339]
127 [ 6 339:344]
 31 [ 2 350:355]
103 [ 6 355:360]
 -2 [ 6 377:377]

Vehicle: 203  Cost: 43.02
Route: 2 52 40 117 47 -2 
  2 [ 8  55: 70]
 52 [ 4  91: 96]
 40 [ 3 300:305]
117 [ 6 309:314]
 47 [ 3 314:319]
 -2 [ 3 331:331]

Vehicle: 301  Cost: 94.97
Route: 3 11 84 49 118 90 19 93 21 102 -3 
  3 [10  22:270]
 11 [ 7 300:305]
 84 [ 9 305:310]
 49 [ 5 315:320]
118 [ 6 320:325]
 90 [ 8 420:425]
 19 [ 6 425:430]
 93 [ 7 433:438]
 21 [ 6 450:455]
102 [10 469:474]
 -3 [10 491:491]

Vehicle: 302  Cost: 107.92
Route: 3 16 85 51 119 80 75 121 -3 
  3 [10  22: 37]
 16 [ 7  82: 87]
 85 [ 9  94: 99]
 51 [ 8 300:305]
119 [10 305:310]
 80 [ 8 314:319]
 75 [ 4 323:328]
121 [ 6 341:346]
 -3 [ 6 378:378]

Vehicle: 303  Cost: 78.04
Route: 3 46 116 12 77 104 89 18 -3 
  3 [ 9  22: 37]
 46 [ 8  64: 69]
116 [10  69: 74]
 12 [ 7  85: 90]
 77 [ 4 300:305]
104 [ 6 310:315]
 89 [ 7 339:344]
 18 [ 5 344:349]
 -3 [ 5 356:356]

Vehicle: 304  Cost: 75.32
Route: 3 60 38 50 122 61 130 109 -3 
  3 [ 8  22: 50]
 60 [ 7  60: 65]
 38 [ 4 300:305]
 50 [ 3 310:315]
122 [ 4 420:425]
 61 [ 1 425:430]
130 [ 4 446:451]
109 [ 7 454:459]
 -3 [ 7 471:471]

Vehicle: 305  Cost: 115.32
Route: 3 57 10 95 123 74 131 25 13 88 -3 
  3 [ 8  22: 37]
 57 [ 6  50: 55]
 10 [ 4  69: 74]
 95 [ 7  75: 80]
123 [ 9 180:185]
 74 [ 7 300:305]
131 [ 9 305:310]
 25 [ 8 420:425]
 13 [ 7 443:448]
 88 [10 461:466]
 -3 [10 489:489]

Vehicle: 401  Cost: 59.92
Route: 4 24 97 64 39 111 134 -4 
  4 [10 117:162]
 24 [ 7 180:185]
 97 [ 8 185:190]
 64 [ 4 196:201]
 39 [ 1 206:211]
111 [ 4 211:216]
134 [ 8 300:305]
 -4 [ 8 329:329]

Vehicle: 402  Cost: 51.29
Route: 4 62 15 81 112 42 101 92 94 -4 
  4 [10 117:132]
 62 [ 7 141:146]
 15 [ 3 156:161]
 81 [ 2 166:171]
112 [ 3 300:305]
 42 [ 1 305:310]
101 [ 4 319:324]
 92 [ 6 329:334]
 94 [ 8 420:425]
 -4 [ 8 431:431]

Vehicle: 403  Cost: 100.01
Route: 4 20 66 68 126 99 108 96 32 -4 
  4 [ 9 117:132]
 20 [ 7 144:149]
 66 [ 6 158:163]
 68 [ 2 420:425]
126 [ 4 425:430]
 99 [ 7 443:448]
108 [ 9 471:476]
 96 [10 484:489]
 32 [ 8 498:503]
 -4 [ 8 522:522]

Vehicle: 404  Cost: 59.36
Route: 4 71 37 114 43 22 87 -4 
  4 [10 117:171]
 71 [ 8 180:185]
 37 [ 5 194:199]
114 [ 7 300:305]
 43 [ 6 311:316]
 22 [ 2 327:332]
 87 [ 6 341:346]
 -4 [ 6 349:349]

Vehicle: 501  Cost: 22.63
Route: 5 45 115 14 86 83 -5 
  5 [ 8  43: 58]
 45 [ 4  63: 68]
115 [ 8  68: 73]
 14 [ 4  81: 86]
 86 [ 7  86: 91]
 83 [10  96:101]
 -5 [10 106:106]

Vehicle: 502  Cost: 13.71
Route: 5 55 76 65 -5 
  5 [ 6  43:173]
 55 [ 2 180:185]
 76 [ 1 187:192]
 65 [ 0 300:305]
 -5 [ 0 310:310]

Vehicle: 601  Cost: 4.47
Route: 6 35 -6 
  6 [ 4  87:298]
 35 [ 0 300:305]
 -6 [ 0 307:307]

Vehicle: 701  Cost: 102.12
Route: 7 56 54 79 41 34 -7 
  7 [10  61: 76]
 56 [ 9  97:102]
 54 [ 6 180:185]
 79 [ 4 300:305]
 41 [ 2 311:316]
 34 [ 0 347:352]
 -7 [ 0 361:361]

Vehicle: 702  Cost: 59.00
Route: 7 91 133 78 132 -7 
  7 [ 1  61: 76]
 91 [ 3 102:107]
133 [ 7 112:117]
 78 [ 6 133:138]
132 [10 138:143]
 -7 [10 155:155]

Vehicle: 703  Cost: 132.94
Route: 7 120 67 125 27 26 113 63 -7 
  7 [ 9  61: 76]
120 [10 127:132]
 67 [ 8 146:151]
125 [10 151:156]
 27 [ 8 161:166]
 26 [ 4 186:191]
113 [ 8 199:204]
 63 [ 7 300:305]
 -7 [ 7 326:326]

Vehicle: 705  Cost: 65.33
Route: 7 105 53 107 72 128 -7 
  7 [ 6  61: 76]
105 [10 100:105]
 53 [ 6 118:123]
107 [ 7 133:138]
 72 [ 5 300:305]
128 [ 9 305:310]
 -7 [ 9 322:322]

Vehicle: 801  Cost: 138.28
Route: 8 129 73 124 48 36 110 -8 
  8 [ 5 134:149]
129 [ 6 166:171]
 73 [ 4 171:176]
124 [ 8 217:222]
 48 [ 7 251:256]
 36 [ 5 282:287]
110 [ 9 287:292]
 -8 [ 9 317:317]

Vehicle: 802  Cost: 34.66
Route: 8 44 23 59 29 -8 
  8 [10 134:149]
 44 [ 9 155:160]
 23 [ 5 167:172]
 59 [ 1 300:305]
 29 [ 0 420:425]
 -8 [ 0 436:436]

Vehicle: 804  Cost: 61.33
Route: 8 28 100 70 33 106 17 98 -8 
  8 [ 9 134:149]
 28 [ 7 155:160]
100 [ 9 160:165]
 70 [ 7 170:175]
 33 [ 4 183:188]
106 [ 7 195:200]
 17 [ 5 300:305]
 98 [ 9 314:319]
 -8 [ 9 338:338]

Total Cost: 1911.99
 11:44.72, 45:75 [1, 3, -3, -1]
 14:165.44, 64:75 [1, 2, 6, 4, -4, -2, -1]
 16:93.19, 38:75 [1, 5, -5, 8, -8, -1]
 17:122.80, 26:75 [1, 7, -7, -1]
201:17.89, 4:10 [2, 82, -2]
202:48.29, 9:10 [2, 58, 30, 69, 127, 31, 103, -2]
203:43.02, 8:10 [2, 52, 40, 117, 47, -2]
301:94.97, 10:10 [3, 11, 84, 49, 118, 90, 19, 93, 21, 102, -3]
302:107.92, 10:10 [3, 16, 85, 51, 119, 80, 75, 121, -3]
303:78.04, 10:10 [3, 46, 116, 12, 77, 104, 89, 18, -3]
304:75.32, 8:10 [3, 60, 38, 50, 122, 61, 130, 109, -3]
305:115.32, 10:10 [3, 57, 10, 95, 123, 74, 131, 25, 13, 88, -3]
401:59.92, 10:10 [4, 24, 97, 64, 39, 111, 134, -4]
402:51.29, 10:10 [4, 62, 15, 81, 112, 42, 101, 92, 94, -4]
403:100.01, 10:10 [4, 20, 66, 68, 126, 99, 108, 96, 32, -4]
404:59.36, 10:10 [4, 71, 37, 114, 43, 22, 87, -4]
501:22.63, 10:10 [5, 45, 115, 14, 86, 83, -5]
502:13.71, 6:10 [5, 55, 76, 65, -5]
601:4.47, 4:10 [6, 35, -6]
701:102.12, 10:10 [7, 56, 54, 79, 41, 34, -7]
702:59.00, 10:10 [7, 91, 133, 78, 132, -7]
703:132.94, 10:10 [7, 120, 67, 125, 27, 26, 113, 63, -7]
705:65.33, 10:10 [7, 105, 53, 107, 72, 128, -7]
801:138.28, 9:10 [8, 129, 73, 124, 48, 36, 110, -8]
802:34.66, 10:10 [8, 44, 23, 59, 29, -8]
804:61.33, 9:10 [8, 28, 100, 70, 33, 106, 17, 98, -8]
fe: 4, se: 22

!ALNS------------
100000,1911.985838299375,560.445,535.156,4,22,0.5766666666666667,0.8954545454545455,31.25,5.681818181818182
20 12 15 7 0 0 6 0 
7.768566823243195 19.13239011348369 8.871842763500887 10.134121881429914 51.097534712774404 23.62472957586712 12.74331986398356 29.704748281709634 
4 4 9 9 16 4 8 6 
13.3840648795292 12.551972162947003 12.448503898759729 13.273218238906171 12.744325820957163 12.552251160317512 12.497923233558645 13.189436525139845 

x[3352] = 1.0
Vehicle: 11  Cost: 44.72
Route: 1 3 -3 -1 
 1 [ 45   0:  0 [21, 19, 49, 60, 57, 11, 74, 10, 12, 16, 46, 51, 80, 50, 77, 18, 75, 38, 61, 13, 25]]
 3 [  0  22: 22 []]
-3 [ 42  22:611 [123, 102, 104, 122, 130, 85, 95, 116, 131, 84, 118, 121, 88, 89, 98, 119, 93, 109, 90]]
-1 [ 42 634:634 [123, 102, 104, 122, 130, 85, 95, 116, 131, 84, 118, 121, 88, 89, 98, 119, 93, 109, 90]]

x[5503] = 1.0
Vehicle: 16  Cost: 93.19
Route: 1 5 -5 8 -8 -1 
 1 [ 42   0:  0 [55, 23, 73, 44, 33, 69, 36, 59, 28, 70, 29, 14, 45, 76, 35, 65]]
 5 [ 25  43: 43 [23, 73, 44, 69, 36, 59, 28, 70, 29, 35]]
-5 [ 38  43:125 [23, 73, 44, 69, 36, 59, 28, 86, 70, 29, 115, 83, 106, 35]]
 8 [ 13 138:138 [86, 115, 83, 106]]
-8 [ 26 138:356 [127, 124, 86, 110, 100, 129, 115, 83, 106]]
-1 [ 26 393:393 [127, 124, 86, 110, 100, 129, 115, 83, 106]]

x[5653] = 1.0
Vehicle: 17  Cost: 126.38
Route: 1 7 -7 -5 -1 
 1 [ 27   0:  0 [79, 41, 27, 56, 26, 78, 53, 17, 34, 67, 54, 72]]
 7 [  0  61: 61 []]
-7 [ 26  61:339 [128, 132, 107, 125, 91, 120, 133, 105, 113]]
-5 [ 30 361:376 [98, 128, 132, 107, 125, 91, 120, 133, 105, 113]]
-1 [ 30 419:419 [128, 132, 107, 125, 91, 120, 133, 105, 113, 98]]

x[5670] = 1.0
Vehicle: 14  Cost: 157.53
Route: 1 2 4 -4 -2 -1 
 1 [ 59   0:  0 [32, 71, 43, 66, 81, 31, 64, 24, 68, 37, 58, 39, 42, 20, 52, 47, 48, 30, 40, 63, 82, 62, 22, 15]]
 2 [ 40  55: 70 [32, 71, 43, 66, 81, 64, 24, 68, 37, 39, 42, 20, 63, 62, 22, 15]]
 4 [  0  94: 94 []]
-4 [ 30  94:556 [97, 111, 112, 108, 99, 126, 96, 134, 87, 101, 114, 94, 92]]
-2 [ 37 580:595 [97, 111, 112, 108, 99, 126, 96, 134, 103, 87, 101, 117, 114, 94, 92]]
-1 [ 37 650:650 [97, 111, 112, 108, 99, 126, 96, 134, 103, 87, 101, 117, 114, 94, 92]]

y[40] = 1.0
Vehicle: 803  Cost: 57.79
Route: 8 110 36 35 -8 
  8 [ 6 187:202]
110 [10 227:232]
 36 [ 8 232:237]
 35 [ 4 300:305]
 -8 [ 4 328:328]

y[2773] = 1.0
Vehicle: 701  Cost: 102.12
Route: 7 56 54 79 41 34 -7 
  7 [10 143:158]
 56 [ 9 178:183]
 54 [ 6 216:221]
 79 [ 4 300:305]
 41 [ 2 311:316]
 34 [ 0 347:352]
 -7 [ 0 361:361]

y[2937] = 1.0
Vehicle: 402  Cost: 51.29
Route: 4 62 15 81 112 42 101 92 94 -4 
  4 [10 136:151]
 62 [ 7 160:165]
 15 [ 3 175:180]
 81 [ 2 186:191]
112 [ 3 300:305]
 42 [ 1 305:310]
101 [ 4 319:324]
 92 [ 6 329:334]
 94 [ 8 420:425]
 -4 [ 8 431:431]

y[3060] = 1.0
Vehicle: 203  Cost: 45.55
Route: 2 52 40 47 117 58 -2 
  2 [ 9 129:144]
 52 [ 5 165:170]
 40 [ 4 300:305]
 47 [ 1 309:314]
117 [ 4 314:319]
 58 [ 3 332:337]
 -2 [ 3 339:339]

y[4149] = 1.0
Vehicle: 202  Cost: 43.99
Route: 2 82 48 31 103 30 -2 
  2 [10 138:153]
 82 [ 6 162:167]
 48 [ 5 177:182]
 31 [ 1 300:305]
103 [ 5 305:310]
 30 [ 4 324:329]
 -2 [ 4 336:336]

y[4551] = 1.0
Vehicle: 304  Cost: 75.32
Route: 3 60 38 50 122 61 130 109 -3 
  3 [ 8  22: 50]
 60 [ 7  60: 65]
 38 [ 4 300:305]
 50 [ 3 310:315]
122 [ 4 420:425]
 61 [ 1 425:430]
130 [ 4 446:451]
109 [ 7 454:459]
 -3 [ 7 471:471]

y[4717] = 1.0
Vehicle: 702  Cost: 65.41
Route: 7 107 53 105 17 -7 
  7 [ 6 136:151]
107 [ 7 168:173]
 53 [ 3 183:188]
105 [ 7 201:206]
 17 [ 5 300:305]
 -7 [ 5 324:324]

y[5452] = 1.0
Vehicle: 401  Cost: 59.92
Route: 4 24 97 64 39 111 134 -4 
  4 [10 117:162]
 24 [ 7 180:185]
 97 [ 8 185:190]
 64 [ 4 196:201]
 39 [ 1 206:211]
111 [ 4 211:216]
134 [ 8 300:305]
 -4 [ 8 329:329]

y[7117] = 1.0
Vehicle: 704  Cost: 132.49
Route: 7 120 67 125 27 26 113 -7 
  7 [ 8  61: 76]
120 [ 9 127:132]
 67 [ 7 146:151]
125 [ 9 151:156]
 27 [ 7 161:166]
 26 [ 3 186:191]
113 [ 7 199:204]
 -7 [ 7 239:239]

y[8590] = 1.0
Vehicle: 301  Cost: 94.97
Route: 3 11 84 49 118 90 19 93 21 102 -3 
  3 [10  22:270]
 11 [ 7 300:305]
 84 [ 9 305:310]
 49 [ 5 315:320]
118 [ 6 320:325]
 90 [ 8 420:425]
 19 [ 6 425:430]
 93 [ 7 433:438]
 21 [ 6 450:455]
102 [10 469:474]
 -3 [10 491:491]

y[8949] = 1.0
Vehicle: 404  Cost: 59.36
Route: 4 71 37 114 43 22 87 -4 
  4 [10 117:171]
 71 [ 8 180:185]
 37 [ 5 194:199]
114 [ 7 300:305]
 43 [ 6 311:316]
 22 [ 2 327:332]
 87 [ 6 341:346]
 -4 [ 6 349:349]

y[8966] = 1.0
Vehicle: 504  Cost: 10.77
Route: 5 45 115 -5 
  5 [ 4  43: 58]
 45 [ 0  63: 68]
115 [ 4  68: 73]
 -5 [ 4  79: 79]

y[9139] = 1.0
Vehicle: 703  Cost: 59.00
Route: 7 132 78 133 91 -7 
  7 [ 1  95:110]
132 [ 5 122:127]
 78 [ 4 127:132]
133 [ 8 149:154]
 91 [10 159:164]
 -7 [10 189:189]

y[10021] = 1.0
Vehicle: 403  Cost: 104.32
Route: 4 20 66 68 126 99 63 108 96 32 -4 
  4 [10 136:151]
 20 [ 8 164:169]
 66 [ 7 177:182]
 68 [ 3 420:425]
126 [ 5 425:430]
 99 [ 8 443:448]
 63 [ 7 454:459]
108 [ 9 480:485]
 96 [10 494:499]
 32 [ 8 507:512]
 -4 [ 8 531:531]

y[10480] = 1.0
Vehicle: 502  Cost: 21.01
Route: 5 83 76 106 14 86 -5 
  5 [ 5  43: 58]
 83 [ 8  62: 67]
 76 [ 7  68: 73]
106 [10  79: 84]
 14 [ 6  89: 94]
 86 [ 9  94: 99]
 -5 [ 9 104:104]

y[12050] = 1.0
Vehicle: 705  Cost: 24.74
Route: 7 128 72 -7 
  7 [ 2 108:288]
128 [ 6 300:305]
 72 [ 4 305:310]
 -7 [ 4 322:322]

y[12577] = 1.0
Vehicle: 303  Cost: 78.04
Route: 3 46 116 12 77 104 18 89 -3 
  3 [ 9 152:167]
 46 [ 8 193:198]
116 [10 198:203]
 12 [ 7 215:220]
 77 [ 4 300:305]
104 [ 6 310:315]
 18 [ 4 339:344]
 89 [ 5 344:349]
 -3 [ 5 356:356]

y[13257] = 1.0
Vehicle: 305  Cost: 115.32
Route: 3 57 10 95 123 74 131 25 13 88 -3 
  3 [ 8  22: 37]
 57 [ 6  50: 55]
 10 [ 4  69: 74]
 95 [ 7  75: 80]
123 [ 9 180:185]
 74 [ 7 300:305]
131 [ 9 305:310]
 25 [ 8 420:425]
 13 [ 7 443:448]
 88 [10 461:466]
 -3 [10 489:489]

y[14104] = 1.0
Vehicle: 801  Cost: 126.63
Route: 8 70 100 28 129 73 124 69 127 -8 
  8 [ 9 147:162]
 70 [ 7 171:176]
100 [ 9 181:186]
 28 [ 7 186:191]
129 [ 8 207:212]
 73 [ 6 212:217]
124 [10 258:263]
 69 [ 7 300:305]
127 [ 9 305:310]
 -8 [ 9 341:341]

y[14409] = 1.0
Vehicle: 802  Cost: 34.66
Route: 8 44 23 59 29 -8 
  8 [10 187:202]
 44 [ 9 208:213]
 23 [ 5 221:226]
 59 [ 1 300:305]
 29 [ 0 420:425]
 -8 [ 0 436:436]

y[16234] = 1.0
Vehicle: 302  Cost: 107.92
Route: 3 16 85 51 119 80 75 121 -3 
  3 [10 141:156]
 16 [ 7 201:206]
 85 [ 9 213:218]
 51 [ 8 300:305]
119 [10 305:310]
 80 [ 8 314:319]
 75 [ 4 323:328]
121 [ 6 341:346]
 -3 [ 6 378:378]

y[16258] = 1.0
Vehicle: 502  Cost: 22.94
Route: 5 55 33 98 65 -5 
  5 [ 8  43:173]
 55 [ 4 180:185]
 33 [ 1 189:194]
 98 [ 5 300:305]
 65 [ 4 310:315]
 -5 [ 4 320:320]

FE: 4
SE: 22
!MIP-----
1915.3748184301278,5400.40992808342,0.019436953611806664,4,22,8121,16480

Run: 2
Total Cost: 1917.12
Vehicle: 11  Cost: 44.72
Route: 1 3 -3 -1 
 1 [ 70   0:  0 [36, 61, 82, 73, 21, 28, 51, 18, 57, 49, 11, 75, 60, 33, 50, 14, 19, 16, 12, 13, 38, 80, 46, 17, 74, 10, 77, 70, 53, 25]]
 3 [  0  22: 22 []]
-3 [ 42  22:509 [84, 95, 90, 119, 122, 89, 102, 109, 121, 85, 123, 116, 93, 118, 131, 104, 105, 130, 88]]
-1 [ 42 531:531 [84, 95, 90, 119, 122, 89, 102, 109, 121, 85, 123, 116, 93, 118, 131, 104, 105, 130, 88]]

Vehicle: 14  Cost: 189.23
Route: 1 8 2 6 4 -4 -2 -5 -1 
 1 [ 71   0:  0 [40, 15, 68, 69, 47, 44, 52, 24, 58, 20, 71, 32, 42, 62, 29, 39, 35, 64, 81, 37, 43, 48, 31, 23, 30, 66, 59, 22]]
 8 [ 61  37: 52 [40, 15, 68, 69, 47, 52, 24, 58, 20, 71, 32, 42, 62, 39, 35, 64, 81, 37, 43, 48, 31, 30, 66, 22]]
 2 [ 43  75: 90 [15, 68, 24, 20, 71, 32, 42, 62, 39, 35, 64, 81, 37, 43, 66, 22]]
 6 [ 39 107:122 [15, 68, 24, 20, 71, 32, 42, 62, 39, 64, 81, 37, 43, 66, 22]]
 4 [  0 136:136 []]
-4 [ 30 136:537 [97, 114, 108, 111, 96, 134, 92, 112, 94, 101, 87, 99, 126]]
-2 [ 39 560:575 [97, 114, 108, 111, 96, 103, 134, 92, 117, 112, 94, 101, 87, 99, 126, 127]]
-5 [ 50 606:621 [115, 106, 97, 114, 108, 111, 96, 103, 134, 92, 117, 112, 94, 98, 101, 87, 99, 126, 127]]
-1 [ 50 664:664 [115, 106, 97, 114, 108, 111, 96, 103, 134, 92, 117, 112, 94, 98, 101, 87, 99, 126, 127]]

Vehicle: 15  Cost: 44.72
Route: 1 -3 -1 
 1 [  0   0:  0 []]
-3 [ 17  22:242 [110, 83, 129, 86, 124, 100]]
-1 [ 17 264:264 [110, 83, 129, 86, 124, 100]]

Vehicle: 17  Cost: 152.65
Route: 1 5 9 -9 -1 
 1 [ 32   0:  0 [78, 45, 55, 67, 41, 56, 79, 72, 34, 54, 76, 65, 26, 27, 63]]
 5 [ 22  43: 58 [78, 67, 41, 56, 79, 72, 34, 54, 26, 27, 63]]
 9 [  0  94: 94 []]
-9 [ 22  94:337 [91, 113, 132, 133, 107, 128, 125, 120]]
-1 [ 22 411:411 [91, 113, 132, 133, 107, 128, 125, 120]]

Vehicle: 201  Cost: 51.16
Route: 2 48 69 127 31 103 30 58 -2 
  2 [10  75: 90]
 48 [ 9 108:113]
 69 [ 6 300:305]
127 [ 8 305:310]
 31 [ 4 315:320]
103 [ 8 320:325]
 30 [ 7 340:345]
 58 [ 6 350:355]
 -2 [ 6 356:356]

Vehicle: 202  Cost: 43.02
Route: 2 52 40 117 47 -2 
  2 [ 8  75: 90]
 52 [ 4 111:116]
 40 [ 3 300:305]
117 [ 6 309:314]
 47 [ 3 314:319]
 -2 [ 3 331:331]

Vehicle: 301  Cost: 94.97
Route: 3 11 84 118 49 19 90 93 21 102 -3 
  3 [10  22:270]
 11 [ 7 300:305]
 84 [ 9 305:310]
118 [10 315:320]
 49 [ 6 320:325]
 19 [ 4 420:425]
 90 [ 6 425:430]
 93 [ 7 433:438]
 21 [ 6 450:455]
102 [10 469:474]
 -3 [10 491:491]

Vehicle: 302  Cost: 75.32
Route: 3 60 38 50 122 61 130 109 -3 
  3 [ 8  22: 50]
 60 [ 7  60: 65]
 38 [ 4 300:305]
 50 [ 3 310:315]
122 [ 4 420:425]
 61 [ 1 425:430]
130 [ 4 446:451]
109 [ 7 454:459]
 -3 [ 7 471:471]

Vehicle: 303  Cost: 121.89
Route: 3 53 123 74 131 25 13 88 17 -3 
  3 [10  22: 37]
 53 [ 6  74: 79]
123 [ 8 180:185]
 74 [ 6 300:305]
131 [ 8 305:310]
 25 [ 7 420:425]
 13 [ 6 443:448]
 88 [ 9 461:466]
 17 [ 7 466:471]
 -3 [ 7 494:494]

Vehicle: 304  Cost: 52.87
Route: 3 33 14 86 83 70 100 -3 
  3 [ 9  22: 37]
 33 [ 6  52: 57]
 14 [ 2  66: 71]
 86 [ 5  71: 76]
 83 [ 8  81: 86]
 70 [ 6  92: 97]
100 [ 8 102:107]
 -3 [ 8 120:120]

Vehicle: 306  Cost: 57.26
Route: 3 10 95 105 57 -3 
  3 [ 4  22: 37]
 10 [ 2  58: 63]
 95 [ 5  64: 69]
105 [ 9  80: 85]
 57 [ 7  97:102]
 -3 [ 7 115:115]

Vehicle: 308  Cost: 78.04
Route: 3 46 116 12 77 104 18 89 -3 
  3 [ 9  22: 37]
 46 [ 8  64: 69]
116 [10  69: 74]
 12 [ 7  85: 90]
 77 [ 4 300:305]
104 [ 6 310:315]
 18 [ 4 339:344]
 89 [ 5 344:349]
 -3 [ 5 356:356]

Vehicle: 310  Cost: 154.42
Route: 3 28 36 110 82 124 73 129 -3 
  3 [10  22: 37]
 28 [ 8  50: 55]
 36 [ 6  87: 92]
110 [10  92: 97]
 82 [ 6 113:118]
124 [10 156:161]
 73 [ 8 202:207]
129 [ 9 207:212]
 -3 [ 9 227:227]

Vehicle: 311  Cost: 107.92
Route: 3 16 85 51 119 80 75 121 -3 
  3 [10  22: 37]
 16 [ 7  82: 87]
 85 [ 9  94: 99]
 51 [ 8 300:305]
119 [10 305:310]
 80 [ 8 314:319]
 75 [ 4 323:328]
121 [ 6 341:346]
 -3 [ 6 378:378]

Vehicle: 401  Cost: 59.36
Route: 4 71 37 114 43 22 87 -4 
  4 [10 136:171]
 71 [ 8 180:185]
 37 [ 5 194:199]
114 [ 7 300:305]
 43 [ 6 311:316]
 22 [ 2 327:332]
 87 [ 6 341:346]
 -4 [ 6 349:349]

Vehicle: 402  Cost: 59.92
Route: 4 24 97 64 39 111 134 -4 
  4 [10 136:162]
 24 [ 7 180:185]
 97 [ 8 185:190]
 64 [ 4 196:201]
 39 [ 1 206:211]
111 [ 4 211:216]
134 [ 8 300:305]
 -4 [ 8 329:329]

Vehicle: 403  Cost: 100.01
Route: 4 20 66 126 68 99 108 96 32 -4 
  4 [ 9 136:151]
 20 [ 7 164:169]
 66 [ 6 177:182]
126 [ 8 420:425]
 68 [ 4 425:430]
 99 [ 7 443:448]
108 [ 9 471:476]
 96 [10 484:489]
 32 [ 8 498:503]
 -4 [ 8 522:522]

Vehicle: 404  Cost: 51.29
Route: 4 62 15 81 112 42 101 92 94 -4 
  4 [10 136:151]
 62 [ 7 160:165]
 15 [ 3 175:180]
 81 [ 2 186:191]
112 [ 3 300:305]
 42 [ 1 305:310]
101 [ 4 319:324]
 92 [ 6 329:334]
 94 [ 8 420:425]
 -4 [ 8 431:431]

Vehicle: 501  Cost: 25.70
Route: 5 76 55 106 98 65 -5 
  5 [ 6  43: 58]
 76 [ 5  63: 68]
 55 [ 1 180:185]
106 [ 4 189:194]
 98 [ 8 300:305]
 65 [ 7 310:315]
 -5 [ 7 320:320]

Vehicle: 502  Cost: 10.77
Route: 5 45 115 -5 
  5 [ 4  43: 58]
 45 [ 0  63: 68]
115 [ 4  68: 73]
 -5 [ 4  79: 79]

Vehicle: 601  Cost: 4.47
Route: 6 35 -6 
  6 [ 4 107:298]
 35 [ 0 300:305]
 -6 [ 0 307:307]

Vehicle: 801  Cost: 34.66
Route: 8 44 23 59 29 -8 
  8 [10  37: 52]
 44 [ 9  59: 64]
 23 [ 5  71: 76]
 59 [ 1 300:305]
 29 [ 0 420:425]
 -8 [ 0 436:436]

Vehicle: 901  Cost: 37.19
Route: 9 107 128 72 -9 
  9 [ 2  94:109]
107 [ 3 128:133]
128 [ 7 300:305]
 72 [ 5 305:310]
 -9 [ 5 322:322]

Vehicle: 902  Cost: 75.22
Route: 9 56 54 79 41 -9 
  9 [ 8  94:109]
 56 [ 7 116:121]
 54 [ 4 180:185]
 79 [ 2 300:305]
 41 [ 0 311:316]
 -9 [ 0 342:342]

Vehicle: 903  Cost: 116.05
Route: 9 133 27 125 67 120 91 63 -9 
  9 [ 5  94:109]
133 [ 9 135:140]
 27 [ 7 155:160]
125 [ 9 166:171]
 67 [ 7 171:176]
120 [ 8 189:194]
 91 [10 221:226]
 63 [ 9 300:305]
 -9 [ 9 321:321]

Vehicle: 904  Cost: 74.28
Route: 9 26 113 78 132 34 -9 
  9 [ 7  94:109]
 26 [ 3 139:144]
113 [ 7 180:185]
 78 [ 6 208:213]
132 [10 213:218]
 34 [ 8 300:305]
 -9 [ 8 310:310]

Total Cost: 1917.12
 11:44.72, 70:75 [1, 3, -3, -1]
 14:189.23, 71:75 [1, 8, 2, 6, 4, -4, -2, -5, -1]
 15:44.72, 17:75 [1, -3, -1]
 17:152.65, 32:75 [1, 5, 9, -9, -1]
201:51.16, 10:10 [2, 48, 69, 127, 31, 103, 30, 58, -2]
202:43.02, 8:10 [2, 52, 40, 117, 47, -2]
301:94.97, 10:10 [3, 11, 84, 118, 49, 19, 90, 93, 21, 102, -3]
302:75.32, 8:10 [3, 60, 38, 50, 122, 61, 130, 109, -3]
303:121.89, 10:10 [3, 53, 123, 74, 131, 25, 13, 88, 17, -3]
304:52.87, 9:10 [3, 33, 14, 86, 83, 70, 100, -3]
306:57.26, 9:10 [3, 10, 95, 105, 57, -3]
308:78.04, 10:10 [3, 46, 116, 12, 77, 104, 18, 89, -3]
310:154.42, 10:10 [3, 28, 36, 110, 82, 124, 73, 129, -3]
311:107.92, 10:10 [3, 16, 85, 51, 119, 80, 75, 121, -3]
401:59.36, 10:10 [4, 71, 37, 114, 43, 22, 87, -4]
402:59.92, 10:10 [4, 24, 97, 64, 39, 111, 134, -4]
403:100.01, 10:10 [4, 20, 66, 126, 68, 99, 108, 96, 32, -4]
404:51.29, 10:10 [4, 62, 15, 81, 112, 42, 101, 92, 94, -4]
501:25.70, 8:10 [5, 76, 55, 106, 98, 65, -5]
502:10.77, 4:10 [5, 45, 115, -5]
601:4.47, 4:10 [6, 35, -6]
801:34.66, 10:10 [8, 44, 23, 59, 29, -8]
901:37.19, 7:10 [9, 107, 128, 72, -9]
902:75.22, 8:10 [9, 56, 54, 79, 41, -9]
903:116.05, 10:10 [9, 133, 27, 125, 67, 120, 91, 63, -9]
904:74.28, 10:10 [9, 26, 113, 78, 132, 34, -9]
fe: 4, se: 22

!ALNS------------
100000,1917.1241390947016,791.701,219.096,4,22,0.6333333333333333,0.8863636363636364,31.25,5.681818181818182
12 27 14 7 0 0 4 1 
9.424410736013593 20.348377014561326 8.743188124393818 12.05606759092619 29.63055283430731 22.156119875019222 13.450897730915052 24.490377515925687 
10 7 5 9 8 8 12 6 
14.292391824117306 12.833743264596986 16.59380969815145 13.371953052837952 14.987218525859443 14.457453069427494 14.880979290322951 11.977336181906551 

x[593] = 1.0
Vehicle: 16  Cost: 129.96
Route: 1 5 7 -7 -5 -1 
 1 [ 35   0:  0 [79, 34, 78, 41, 67, 53, 72, 76, 27, 14, 56, 65, 54, 26, 55]]
 5 [ 25  43: 58 [79, 34, 78, 41, 67, 53, 72, 27, 56, 54, 26]]
 7 [  0  80: 80 []]
-7 [ 26  80:337 [133, 132, 107, 128, 113, 120, 125, 91, 105]]
-5 [ 35 359:374 [86, 133, 132, 107, 128, 113, 83, 120, 125, 91, 105, 106]]
-1 [ 35 417:417 [86, 133, 132, 107, 128, 113, 83, 120, 125, 91, 105, 106]]

x[4024] = 1.0
Vehicle: 14  Cost: 165.44
Route: 1 2 6 4 -4 -2 -1 
 1 [ 66   0:  0 [63, 62, 43, 32, 71, 81, 20, 66, 40, 48, 42, 24, 68, 22, 39, 69, 82, 30, 15, 47, 58, 35, 64, 37, 31, 52]]
 2 [ 44  55: 70 [63, 62, 43, 32, 71, 81, 20, 66, 42, 24, 68, 22, 39, 15, 35, 64, 37]]
 6 [ 40  87:102 [63, 62, 43, 32, 71, 81, 20, 66, 42, 24, 68, 22, 39, 15, 64, 37]]
 4 [  0 117:117 []]
-4 [ 30 117:546 [96, 112, 92, 94, 87, 99, 111, 97, 126, 108, 134, 101, 114]]
-2 [ 39 569:584 [103, 96, 112, 92, 94, 87, 117, 99, 111, 97, 126, 108, 134, 127, 101, 114]]
-1 [ 39 640:640 [103, 96, 112, 92, 94, 87, 117, 99, 111, 97, 126, 108, 134, 127, 101, 114]]

x[5557] = 1.0
Vehicle: 13  Cost: 44.72
Route: 1 3 -3 -1 
 1 [  3   0:  0 [33]]
 3 [  0  22: 22 []]
-3 [ 36  22:380 [127, 130, 115, 86, 100, 118, 84, 83, 110, 106, 124, 129, 98]]
-1 [ 36 402:402 [127, 130, 115, 86, 100, 118, 84, 83, 110, 106, 124, 129, 98]]

x[7576] = 1.0
Vehicle: 11  Cost: 44.72
Route: 1 3 -3 -1 
 1 [ 69   0:  0 [49, 23, 29, 36, 45, 61, 19, 59, 12, 73, 25, 77, 18, 21, 75, 11, 17, 50, 60, 51, 80, 38, 13, 74, 46, 10, 70, 28, 16, 57, 44]]
 3 [  0  22: 22 []]
-3 [ 35  22:522 [90, 121, 93, 122, 85, 104, 89, 118, 88, 84, 123, 131, 116, 95, 102, 109, 119]]
-1 [ 35 545:545 [90, 121, 93, 122, 85, 104, 89, 118, 88, 84, 123, 131, 116, 95, 102, 109, 119]]

y[488] = 1.0
Vehicle: 501  Cost: 19.48
Route: 5 14 86 55 83 76 65 -5 
  5 [10  43: 58]
 14 [ 6  63: 68]
 86 [ 9  68: 73]
 55 [ 5 180:185]
 83 [ 8 188:193]
 76 [ 7 194:199]
 65 [ 6 300:305]
 -5 [ 6 310:310]

y[977] = 1.0
Vehicle: 202  Cost: 43.02
Route: 2 52 40 47 117 -2 
  2 [ 8  75: 90]
 52 [ 4 111:116]
 40 [ 3 300:305]
 47 [ 0 309:314]
117 [ 3 314:319]
 -2 [ 3 331:331]

y[978] = 1.0
Vehicle: 302  Cost: 85.86
Route: 3 60 46 116 12 77 104 18 89 -3 
  3 [10  22: 50]
 60 [ 9  60: 65]
 46 [ 8  89: 94]
116 [10  94: 99]
 12 [ 7 111:116]
 77 [ 4 300:305]
104 [ 6 310:315]
 18 [ 4 339:344]
 89 [ 5 344:349]
 -3 [ 5 356:356]

y[1407] = 1.0
Vehicle: 703  Cost: 65.33
Route: 7 105 53 107 72 128 -7 
  7 [ 6 107:122]
105 [10 146:151]
 53 [ 6 164:169]
107 [ 7 179:184]
 72 [ 5 300:305]
128 [ 9 305:310]
 -7 [ 9 322:322]

y[2268] = 1.0
Vehicle: 308  Cost: 88.83
Route: 3 73 90 19 93 21 59 29 102 109 -3 
  3 [10  22: 37]
 73 [ 8  52: 57]
 90 [10 420:425]
 19 [ 8 425:430]
 93 [ 9 433:438]
 21 [ 8 450:455]
 59 [ 4 463:468]
 29 [ 3 474:479]
102 [ 7 479:484]
109 [10 490:495]
 -3 [10 507:507]

y[2569] = 1.0
Vehicle: 202  Cost: 51.16
Route: 2 48 69 127 31 103 30 58 -2 
  2 [10 117:132]
 48 [ 9 150:155]
 69 [ 6 300:305]
127 [ 8 305:310]
 31 [ 4 315:320]
103 [ 8 320:325]
 30 [ 7 340:345]
 58 [ 6 350:355]
 -2 [ 6 356:356]

y[2835] = 1.0
Vehicle: 601  Cost: 4.47
Route: 6 35 -6 
  6 [ 4 579:594]
 35 [ 0 596:601]
 -6 [ 0 603:603]

y[2865] = 1.0
Vehicle: 303  Cost: 55.89
Route: 3 57 33 106 88 17 98 -3 
  3 [ 7  22: 37]
 57 [ 5  50: 55]
 33 [ 2  60: 65]
106 [ 5  71: 76]
 88 [ 8 300:305]
 17 [ 6 305:310]
 98 [10 319:324]
 -3 [10 340:340]

y[3037] = 1.0
Vehicle: 310  Cost: 107.92
Route: 3 16 85 51 119 80 75 121 -3 
  3 [10  22: 37]
 16 [ 7  82: 87]
 85 [ 9  94: 99]
 51 [ 8 300:305]
119 [10 305:310]
 80 [ 8 314:319]
 75 [ 4 323:328]
121 [ 6 341:346]
 -3 [ 6 378:378]

y[3143] = 1.0
Vehicle: 404  Cost: 51.29
Route: 4 62 15 81 42 112 101 92 94 -4 
  4 [10 117:132]
 62 [ 7 141:146]
 15 [ 3 156:161]
 81 [ 2 166:171]
 42 [ 0 300:305]
112 [ 1 305:310]
101 [ 4 319:324]
 92 [ 6 329:334]
 94 [ 8 420:425]
 -4 [ 8 431:431]

y[3295] = 1.0
Vehicle: 705  Cost: 59.00
Route: 7 91 133 78 132 -7 
  7 [ 1 107:122]
 91 [ 3 148:153]
133 [ 7 158:163]
 78 [ 6 179:184]
132 [10 184:189]
 -7 [10 201:201]

y[3466] = 1.0
Vehicle: 303  Cost: 105.75
Route: 3 10 95 123 74 131 25 13 -3 
  3 [ 6  22: 37]
 10 [ 4  58: 63]
 95 [ 7  64: 69]
123 [ 9 180:185]
 74 [ 7 300:305]
131 [ 9 305:310]
 25 [ 8 420:425]
 13 [ 7 443:448]
 -3 [ 7 481:481]

y[3495] = 1.0
Vehicle: 402  Cost: 59.92
Route: 4 24 97 64 111 39 134 -4 
  4 [10  90:162]
 24 [ 7 180:185]
 97 [ 8 185:190]
 64 [ 4 196:201]
111 [ 7 206:211]
 39 [ 4 211:216]
134 [ 8 300:305]
 -4 [ 8 329:329]

y[4687] = 1.0
Vehicle: 401  Cost: 59.36
Route: 4 71 37 114 43 22 87 -4 
  4 [10  94:171]
 71 [ 8 180:185]
 37 [ 5 194:199]
114 [ 7 300:305]
 43 [ 6 311:316]
 22 [ 2 327:332]
 87 [ 6 341:346]
 -4 [ 6 349:349]

y[5639] = 1.0
Vehicle: 701  Cost: 132.49
Route: 7 120 67 125 27 26 113 -7 
  7 [ 8  80: 95]
120 [ 9 146:151]
 67 [ 7 164:169]
125 [ 9 169:174]
 27 [ 7 180:185]
 26 [ 3 205:210]
113 [ 7 217:222]
 -7 [ 7 257:257]

y[6013] = 1.0
Vehicle: 305  Cost: 131.94
Route: 3 129 44 23 124 118 49 130 -3 
  3 [ 9  22: 37]
129 [10  52: 57]
 44 [ 9  69: 74]
 23 [ 5  81: 86]
124 [ 9 124:129]
118 [10 300:305]
 49 [ 6 305:310]
130 [ 9 332:337]
 -3 [ 9 351:351]

y[7005] = 1.0
Vehicle: 403  Cost: 104.32
Route: 4 20 66 126 68 99 63 108 96 32 -4 
  4 [10 132:147]
 20 [ 8 159:164]
 66 [ 7 173:178]
126 [ 9 420:425]
 68 [ 5 425:430]
 99 [ 8 443:448]
 63 [ 7 454:459]
108 [ 9 480:485]
 96 [10 494:499]
 32 [ 8 507:512]
 -4 [ 8 531:531]

y[7579] = 1.0
Vehicle: 306  Cost: 99.11
Route: 3 70 45 115 36 110 28 100 -3 
  3 [10  22: 37]
 70 [ 8  53: 58]
 45 [ 4  69: 74]
115 [ 8  74: 79]
 36 [ 6 107:112]
110 [10 112:117]
 28 [ 8 148:153]
100 [10 153:158]
 -3 [10 171:171]

y[8108] = 1.0
Vehicle: 308  Cost: 79.70
Route: 3 11 84 122 61 50 38 -3 
  3 [10  22:270]
 11 [ 7 300:305]
 84 [ 9 305:310]
122 [10 420:425]
 61 [ 7 425:430]
 50 [ 6 446:451]
 38 [ 3 456:461]
 -3 [ 3 484:484]

y[8533] = 1.0
Vehicle: 201  Cost: 17.89
Route: 2 82 -2 
  2 [ 4  89:104]
 82 [ 0 113:118]
 -2 [ 0 127:127]

y[13043] = 1.0
Vehicle: 705  Cost: 102.12
Route: 7 56 54 79 41 34 -7 
  7 [10 129:144]
 56 [ 9 164:169]
 54 [ 6 202:207]
 79 [ 4 300:305]
 41 [ 2 311:316]
 34 [ 0 347:352]
 -7 [ 0 361:361]

FE: 4
SE: 21
!MIP-----
1909.687983012761,4072.0519721508026,9.686542033013736E-5,4,21,8741,13526

Run: 3
Total Cost: 1914.49
Vehicle: 11  Cost: 44.72
Route: 1 3 -3 -1 
 1 [ 73   0:  0 [13, 45, 11, 77, 21, 65, 50, 61, 51, 48, 36, 17, 49, 38, 75, 76, 80, 12, 70, 57, 60, 82, 16, 28, 53, 19, 74, 46, 10, 73, 18, 33, 25]]
 3 [  0  22: 22 []]
-3 [ 38  22:509 [88, 119, 84, 118, 116, 89, 90, 105, 93, 85, 109, 122, 131, 95, 130, 104, 121, 123]]
-1 [ 38 531:531 [88, 119, 84, 118, 116, 89, 90, 105, 93, 85, 109, 122, 131, 95, 130, 104, 121, 123]]

Vehicle: 14  Cost: 174.86
Route: 1 8 2 6 4 -4 -2 -8 -1 
 1 [ 71   0:  0 [42, 66, 68, 24, 20, 64, 32, 39, 58, 23, 37, 47, 31, 30, 81, 15, 71, 63, 69, 29, 35, 62, 52, 43, 40, 59, 44, 22]]
 8 [ 61  37: 52 [42, 66, 68, 24, 20, 64, 32, 39, 58, 37, 47, 31, 30, 81, 15, 71, 63, 69, 35, 62, 52, 43, 40, 22]]
 2 [ 44  75: 90 [42, 66, 68, 24, 20, 64, 32, 39, 37, 81, 15, 71, 63, 35, 62, 43, 22]]
 6 [ 40 107:122 [42, 66, 68, 24, 20, 64, 32, 39, 37, 81, 15, 71, 63, 62, 43, 22]]
 4 [  0 136:136 []]
-4 [ 30 136:546 [92, 94, 96, 111, 112, 97, 101, 87, 126, 108, 134, 114, 99]]
-2 [ 39 569:584 [127, 103, 92, 117, 94, 96, 111, 112, 97, 101, 87, 126, 108, 134, 114, 99]]
-8 [ 43 607:622 [102, 92, 94, 96, 111, 112, 97, 101, 87, 126, 108, 134, 127, 103, 117, 114, 99]]
-1 [ 43 659:659 [127, 103, 92, 117, 94, 96, 111, 112, 97, 101, 87, 126, 108, 134, 102, 114, 99]]

Vehicle: 16  Cost: 44.72
Route: 1 -3 -1 
 1 [  0   0:  0 []]
-3 [ 19  22:346 [98, 100, 129, 110, 124, 115]]
-1 [ 19 369:369 [98, 100, 129, 110, 124, 115]]

Vehicle: 17  Cost: 129.96
Route: 1 5 7 -7 -5 -1 
 1 [ 29   0:  0 [72, 67, 14, 41, 79, 34, 78, 55, 54, 27, 56, 26]]
 5 [ 21  43: 58 [72, 67, 41, 79, 34, 78, 54, 27, 56, 26]]
 7 [  0  80: 80 []]
-7 [ 22  80:337 [128, 132, 113, 120, 125, 133, 91, 107]]
-5 [ 31 359:374 [86, 128, 83, 132, 113, 106, 120, 125, 133, 91, 107]]
-1 [ 31 417:417 [128, 86, 83, 132, 113, 106, 120, 125, 133, 91, 107]]

Vehicle: 201  Cost: 48.29
Route: 2 58 30 69 127 31 103 -2 
  2 [ 9  75:299]
 58 [ 8 300:305]
 30 [ 7 310:315]
 69 [ 4 334:339]
127 [ 6 339:344]
 31 [ 2 350:355]
103 [ 6 355:360]
 -2 [ 6 377:377]

Vehicle: 202  Cost: 43.02
Route: 2 52 40 47 117 -2 
  2 [ 8  75: 90]
 52 [ 4 111:116]
 40 [ 3 300:305]
 47 [ 0 309:314]
117 [ 3 314:319]
 -2 [ 3 331:331]

Vehicle: 301  Cost: 107.92
Route: 3 16 85 51 119 80 75 121 -3 
  3 [10  22: 37]
 16 [ 7  82: 87]
 85 [ 9  94: 99]
 51 [ 8 300:305]
119 [10 305:310]
 80 [ 8 314:319]
 75 [ 4 323:328]
121 [ 6 341:346]
 -3 [ 6 378:378]

Vehicle: 302  Cost: 155.58
Route: 3 36 110 82 48 124 129 -3 
  3 [ 7  22: 37]
 36 [ 5  82: 87]
110 [ 9  87: 92]
 82 [ 5 108:113]
 48 [ 4 123:128]
124 [ 8 157:162]
129 [ 9 204:209]
 -3 [ 9 223:223]

Vehicle: 303  Cost: 93.90
Route: 3 11 84 49 118 19 90 93 21 109 -3 
  3 [10  22:270]
 11 [ 7 300:305]
 84 [ 9 305:310]
 49 [ 5 315:320]
118 [ 6 320:325]
 19 [ 4 420:425]
 90 [ 6 425:430]
 93 [ 7 433:438]
 21 [ 6 450:455]
109 [ 9 473:478]
 -3 [ 9 490:490]

Vehicle: 304  Cost: 121.89
Route: 3 53 123 74 131 25 13 17 88 -3 
  3 [10  22: 37]
 53 [ 6  74: 79]
123 [ 8 180:185]
 74 [ 6 300:305]
131 [ 8 305:310]
 25 [ 7 420:425]
 13 [ 6 443:448]
 17 [ 4 461:466]
 88 [ 7 466:471]
 -3 [ 7 494:494]

Vehicle: 305  Cost: 64.61
Route: 3 57 33 105 95 10 -3 
  3 [ 7  22: 37]
 57 [ 5  50: 55]
 33 [ 2  60: 65]
105 [ 6  80: 85]
 95 [ 9  96:101]
 10 [ 7 102:107]
 -3 [ 7 127:127]

Vehicle: 306  Cost: 60.19
Route: 3 28 100 70 45 115 76 65 98 -3 
  3 [10  22: 37]
 28 [ 8  50: 55]
100 [10  55: 60]
 70 [ 8  65: 70]
 45 [ 4  81: 86]
115 [ 8  86: 91]
 76 [ 7 101:106]
 65 [ 6 300:305]
 98 [10 310:315]
 -3 [10 331:331]

Vehicle: 308  Cost: 85.86
Route: 3 60 46 116 12 77 104 18 89 -3 
  3 [10  22: 50]
 60 [ 9  60: 65]
 46 [ 8  89: 94]
116 [10  94: 99]
 12 [ 7 111:116]
 77 [ 4 300:305]
104 [ 6 310:315]
 18 [ 4 339:344]
 89 [ 5 344:349]
 -3 [ 5 356:356]

Vehicle: 309  Cost: 73.54
Route: 3 73 130 61 122 50 38 -3 
  3 [ 9  22: 37]
 73 [ 7  52: 57]
130 [10 300:305]
 61 [ 7 420:425]
122 [ 8 425:430]
 50 [ 7 446:451]
 38 [ 4 456:461]
 -3 [ 4 484:484]

Vehicle: 401  Cost: 51.29
Route: 4 62 15 81 112 42 101 92 94 -4 
  4 [10 136:151]
 62 [ 7 160:165]
 15 [ 3 175:180]
 81 [ 2 186:191]
112 [ 3 300:305]
 42 [ 1 305:310]
101 [ 4 319:324]
 92 [ 6 329:334]
 94 [ 8 420:425]
 -4 [ 8 431:431]

Vehicle: 403  Cost: 104.32
Route: 4 20 66 126 68 99 63 108 96 32 -4 
  4 [10 136:151]
 20 [ 8 164:169]
 66 [ 7 177:182]
126 [ 9 420:425]
 68 [ 5 425:430]
 99 [ 8 443:448]
 63 [ 7 454:459]
108 [ 9 480:485]
 96 [10 494:499]
 32 [ 8 507:512]
 -4 [ 8 531:531]

Vehicle: 404  Cost: 59.36
Route: 4 71 37 114 43 22 87 -4 
  4 [10 136:171]
 71 [ 8 180:185]
 37 [ 5 194:199]
114 [ 7 300:305]
 43 [ 6 311:316]
 22 [ 2 327:332]
 87 [ 6 341:346]
 -4 [ 6 349:349]

Vehicle: 405  Cost: 59.92
Route: 4 24 97 64 111 39 134 -4 
  4 [10 136:162]
 24 [ 7 180:185]
 97 [ 8 185:190]
 64 [ 4 196:201]
111 [ 7 206:211]
 39 [ 4 211:216]
134 [ 8 300:305]
 -4 [ 8 329:329]

Vehicle: 501  Cost: 21.23
Route: 5 14 86 106 55 83 -5 
  5 [ 8  43: 58]
 14 [ 4  63: 68]
 86 [ 7  68: 73]
106 [10  78: 83]
 55 [ 6 180:185]
 83 [ 9 188:193]
 -5 [ 9 197:197]

Vehicle: 601  Cost: 4.47
Route: 6 35 -6 
  6 [ 4 107:298]
 35 [ 0 300:305]
 -6 [ 0 307:307]

Vehicle: 701  Cost: 36.57
Route: 7 107 72 128 -7 
  7 [ 2  80: 95]
107 [ 3 112:117]
 72 [ 1 300:305]
128 [ 5 305:310]
 -7 [ 5 322:322]

Vehicle: 702  Cost: 132.49
Route: 7 120 67 125 27 26 113 -7 
  7 [ 8  80: 95]
120 [ 9 146:151]
 67 [ 7 164:169]
125 [ 9 169:174]
 27 [ 7 180:185]
 26 [ 3 205:210]
113 [ 7 217:222]
 -7 [ 7 257:257]

Vehicle: 703  Cost: 59.00
Route: 7 91 133 78 132 -7 
  7 [ 1  80: 95]
 91 [ 3 121:126]
133 [ 7 131:136]
 78 [ 6 152:157]
132 [10 157:162]
 -7 [10 174:174]

Vehicle: 704  Cost: 102.12
Route: 7 56 54 79 41 34 -7 
  7 [10  80: 95]
 56 [ 9 115:120]
 54 [ 6 180:185]
 79 [ 4 300:305]
 41 [ 2 311:316]
 34 [ 0 347:352]
 -7 [ 0 361:361]

Vehicle: 801  Cost: 34.66
Route: 8 44 23 59 102 29 -8 
  8 [10  37: 52]
 44 [ 9  59: 64]
 23 [ 5  71: 76]
 59 [ 1 300:305]
102 [ 5 420:425]
 29 [ 4 425:430]
 -8 [ 4 441:441]

Total Cost: 1914.49
 11:44.72, 73:75 [1, 3, -3, -1]
 14:174.86, 71:75 [1, 8, 2, 6, 4, -4, -2, -8, -1]
 16:44.72, 19:75 [1, -3, -1]
 17:129.96, 31:75 [1, 5, 7, -7, -5, -1]
201:48.29, 9:10 [2, 58, 30, 69, 127, 31, 103, -2]
202:43.02, 8:10 [2, 52, 40, 47, 117, -2]
301:107.92, 10:10 [3, 16, 85, 51, 119, 80, 75, 121, -3]
302:155.58, 9:10 [3, 36, 110, 82, 48, 124, 129, -3]
303:93.90, 10:10 [3, 11, 84, 49, 118, 19, 90, 93, 21, 109, -3]
304:121.89, 10:10 [3, 53, 123, 74, 131, 25, 13, 17, 88, -3]
305:64.61, 9:10 [3, 57, 33, 105, 95, 10, -3]
306:60.19, 10:10 [3, 28, 100, 70, 45, 115, 76, 65, 98, -3]
308:85.86, 10:10 [3, 60, 46, 116, 12, 77, 104, 18, 89, -3]
309:73.54, 10:10 [3, 73, 130, 61, 122, 50, 38, -3]
401:51.29, 10:10 [4, 62, 15, 81, 112, 42, 101, 92, 94, -4]
403:104.32, 10:10 [4, 20, 66, 126, 68, 99, 63, 108, 96, 32, -4]
404:59.36, 10:10 [4, 71, 37, 114, 43, 22, 87, -4]
405:59.92, 10:10 [4, 24, 97, 64, 111, 39, 134, -4]
501:21.23, 10:10 [5, 14, 86, 106, 55, 83, -5]
601:4.47, 4:10 [6, 35, -6]
701:36.57, 5:10 [7, 107, 72, 128, -7]
702:132.49, 9:10 [7, 120, 67, 125, 27, 26, 113, -7]
703:59.00, 10:10 [7, 91, 133, 78, 132, -7]
704:102.12, 10:10 [7, 56, 54, 79, 41, 34, -7]
801:34.66, 10:10 [8, 44, 23, 59, 102, 29, -8]
fe: 4, se: 21

!ALNS------------
100000,1914.4881616631903,501.288,439.325,4,21,0.6466666666666666,0.919047619047619,31.25,5.9523809523809526
36 25 21 6 0 0 6 0 
8.13456733283827 19.83074986700059 7.61925379805011 10.833176967006318 51.48055914357681 22.685663037188746 14.992245120988672 21.664633251034694 
10 12 12 11 10 17 16 6 
12.176440265862908 12.981555907799319 14.376084340993705 12.872443661078167 14.49959143032572 11.109155253868803 13.681496947155448 13.611943040779293 

x[4825] = 1.0
Vehicle: 11  Cost: 44.72
Route: 1 3 -3 -1 
 1 [ 73   0:  0 [13, 45, 11, 77, 21, 65, 50, 51, 48, 36, 49, 76, 80, 70, 82, 19, 74, 46, 10, 73, 18, 33, 38, 57, 25, 53, 60, 17, 28, 61, 16, 75, 12]]
 3 [  0  22: 22 []]
-3 [ 50  22:516 [88, 84, 89, 90, 93, 85, 95, 104, 109, 98, 130, 122, 131, 116, 128, 119, 115, 123, 121, 105, 118]]
-1 [ 50 538:538 [88, 84, 89, 90, 93, 85, 95, 104, 109, 98, 130, 122, 131, 116, 128, 119, 115, 123, 121, 105, 118]]

x[7885] = 1.0
Vehicle: 17  Cost: 122.98
Route: 1 7 -7 -3 -1 
 1 [ 29   0:  0 [34, 14, 67, 72, 41, 78, 55, 79, 54, 56, 26, 27]]
 7 [  0  61: 61 []]
-7 [ 31  61:337 [128, 133, 106, 91, 132, 83, 113, 125, 107, 86, 120]]
-3 [ 42 377:392 [110, 128, 133, 106, 91, 132, 83, 113, 125, 107, 86, 120, 100, 124, 129]]
-1 [ 42 414:414 [128, 133, 106, 91, 132, 83, 113, 125, 107, 86, 120, 110, 100, 124, 129]]

x[5901] = 1.0
Vehicle: 14  Cost: 174.86
Route: 1 8 2 6 4 -4 -2 -8 -1 
 1 [ 71   0:  0 [44, 69, 71, 24, 31, 68, 52, 29, 39, 64, 47, 35, 30, 58, 63, 37, 40, 23, 66, 42, 32, 81, 15, 43, 20, 62, 22, 59]]
 8 [ 61  37: 52 [69, 71, 24, 31, 68, 52, 39, 64, 47, 35, 30, 58, 63, 37, 40, 66, 42, 32, 81, 15, 43, 20, 62, 22]]
 2 [ 44  75: 90 [71, 24, 68, 39, 64, 35, 63, 37, 66, 42, 32, 81, 15, 43, 20, 62, 22]]
 6 [ 40 107:122 [71, 24, 68, 39, 64, 63, 37, 66, 42, 32, 81, 15, 43, 20, 62, 22]]
 4 [  0 136:136 []]
-4 [ 30 136:567 [99, 108, 94, 87, 126, 111, 134, 97, 96, 114, 112, 101, 92]]
-2 [ 39 590:605 [127, 103, 99, 108, 117, 94, 87, 126, 111, 134, 97, 96, 114, 112, 101, 92]]
-8 [ 46 628:643 [127, 103, 99, 108, 117, 94, 102, 87, 130, 126, 111, 134, 97, 96, 114, 112, 101, 92]]
-1 [ 46 680:680 [127, 103, 99, 108, 117, 94, 102, 87, 130, 126, 111, 134, 97, 96, 114, 112, 101, 92]]

y[503] = 1.0
Vehicle: 803  Cost: 34.66
Route: 8 44 23 59 102 29 -8 
  8 [10 119:134]
 44 [ 9 141:146]
 23 [ 5 153:158]
 59 [ 1 300:305]
102 [ 5 420:425]
 29 [ 4 425:430]
 -8 [ 4 441:441]

y[1780] = 1.0
Vehicle: 304  Cost: 121.89
Route: 3 53 123 74 131 25 13 17 88 -3 
  3 [10 105:120]
 53 [ 6 156:161]
123 [ 8 180:185]
 74 [ 6 300:305]
131 [ 8 305:310]
 25 [ 7 420:425]
 13 [ 6 443:448]
 17 [ 4 461:466]
 88 [ 7 466:471]
 -3 [ 7 494:494]

y[2716] = 1.0
Vehicle: 308  Cost: 85.86
Route: 3 60 46 116 12 77 104 18 89 -3 
  3 [10 112:127]
 60 [ 9 137:142]
 46 [ 8 166:171]
116 [10 171:176]
 12 [ 7 187:192]
 77 [ 4 300:305]
104 [ 6 310:315]
 18 [ 4 339:344]
 89 [ 5 344:349]
 -3 [ 5 356:356]

y[2917] = 1.0
Vehicle: 309  Cost: 73.54
Route: 3 73 130 61 122 50 38 -3 
  3 [ 9  22: 37]
 73 [ 7  52: 57]
130 [10 300:305]
 61 [ 7 420:425]
122 [ 8 425:430]
 50 [ 7 446:451]
 38 [ 4 456:461]
 -3 [ 4 484:484]

y[3483] = 1.0
Vehicle: 702  Cost: 59.00
Route: 7 91 133 78 132 -7 
  7 [ 1 107:122]
 91 [ 3 148:153]
133 [ 7 158:163]
 78 [ 6 179:184]
132 [10 184:189]
 -7 [10 201:201]

y[5637] = 1.0
Vehicle: 307  Cost: 107.92
Route: 3 16 85 51 119 80 75 121 -3 
  3 [10 176:191]
 16 [ 7 235:240]
 85 [ 9 248:253]
 51 [ 8 300:305]
119 [10 305:310]
 80 [ 8 314:319]
 75 [ 4 323:328]
121 [ 6 341:346]
 -3 [ 6 378:378]

y[9470] = 1.0
Vehicle: 202  Cost: 43.02
Route: 2 52 40 47 117 -2 
  2 [ 8 143:158]
 52 [ 4 179:184]
 40 [ 3 300:305]
 47 [ 0 309:314]
117 [ 3 314:319]
 -2 [ 3 331:331]

y[10526] = 1.0
Vehicle: 306  Cost: 60.19
Route: 3 28 100 70 45 115 76 65 98 -3 
  3 [10 105:120]
 28 [ 8 133:138]
100 [10 138:143]
 70 [ 8 148:153]
 45 [ 4 164:169]
115 [ 8 169:174]
 76 [ 7 184:189]
 65 [ 6 300:305]
 98 [10 310:315]
 -3 [10 331:331]

y[11491] = 1.0
Vehicle: 704  Cost: 36.57
Route: 7 107 72 128 -7 
  7 [ 2 136:151]
107 [ 3 168:173]
 72 [ 1 300:305]
128 [ 5 305:310]
 -7 [ 5 322:322]

y[11526] = 1.0
Vehicle: 701  Cost: 102.12
Route: 7 56 54 79 41 34 -7 
  7 [10 143:158]
 56 [ 9 178:183]
 54 [ 6 216:221]
 79 [ 4 300:305]
 41 [ 2 311:316]
 34 [ 0 347:352]
 -7 [ 0 361:361]

y[12287] = 1.0
Vehicle: 404  Cost: 59.36
Route: 4 71 37 114 43 22 87 -4 
  4 [10 178:193]
 71 [ 8 203:208]
 37 [ 5 217:222]
114 [ 7 300:305]
 43 [ 6 311:316]
 22 [ 2 327:332]
 87 [ 6 341:346]
 -4 [ 6 349:349]

y[12493] = 1.0
Vehicle: 401  Cost: 51.29
Route: 4 62 15 81 112 42 101 92 94 -4 
  4 [10 152:167]
 62 [ 7 176:181]
 15 [ 3 191:196]
 81 [ 2 201:206]
112 [ 3 300:305]
 42 [ 1 305:310]
101 [ 4 319:324]
 92 [ 6 329:334]
 94 [ 8 420:425]
 -4 [ 8 431:431]

y[12516] = 1.0
Vehicle: 201  Cost: 48.29
Route: 2 31 103 69 127 30 58 -2 
  2 [ 9  89:283]
 31 [ 5 300:305]
103 [ 9 305:310]
 69 [ 6 315:320]
127 [ 8 320:325]
 30 [ 7 344:349]
 58 [ 6 355:360]
 -2 [ 6 361:361]

y[12808] = 1.0
Vehicle: 403  Cost: 104.32
Route: 4 20 66 126 68 99 63 108 96 32 -4 
  4 [10 152:167]
 20 [ 8 179:184]
 66 [ 7 193:198]
126 [ 9 420:425]
 68 [ 5 425:430]
 99 [ 8 443:448]
 63 [ 7 454:459]
108 [ 9 480:485]
 96 [10 494:499]
 32 [ 8 507:512]
 -4 [ 8 531:531]

y[13131] = 1.0
Vehicle: 305  Cost: 64.61
Route: 3 57 33 105 95 10 -3 
  3 [ 7 215:230]
 57 [ 5 243:248]
 33 [ 2 253:258]
105 [ 6 273:278]
 95 [ 9 289:294]
 10 [ 7 295:300]
 -3 [ 7 320:320]

y[13460] = 1.0
Vehicle: 702  Cost: 132.49
Route: 7 120 67 125 27 26 113 -7 
  7 [ 8  80: 95]
120 [ 9 146:151]
 67 [ 7 164:169]
125 [ 9 169:174]
 27 [ 7 180:185]
 26 [ 3 205:210]
113 [ 7 217:222]
 -7 [ 7 257:257]

y[14024] = 1.0
Vehicle: 701  Cost: 47.22
Route: 7 14 86 83 55 106 -7 
  7 [ 8  80: 95]
 14 [ 4 112:117]
 86 [ 7 117:122]
 83 [10 128:133]
 55 [ 6 180:185]
106 [ 9 189:194]
 -7 [ 9 212:212]

y[14096] = 1.0
Vehicle: 405  Cost: 59.92
Route: 4 24 97 64 111 39 134 -4 
  4 [10 120:162]
 24 [ 7 180:185]
 97 [ 8 185:190]
 64 [ 4 196:201]
111 [ 7 206:211]
 39 [ 4 211:216]
134 [ 8 300:305]
 -4 [ 8 329:329]

y[14125] = 1.0
Vehicle: 302  Cost: 93.90
Route: 3 11 84 118 49 19 90 93 21 109 -3 
  3 [10  22:270]
 11 [ 7 300:305]
 84 [ 9 305:310]
118 [10 315:320]
 49 [ 6 320:325]
 19 [ 4 420:425]
 90 [ 6 425:430]
 93 [ 7 433:438]
 21 [ 6 450:455]
109 [ 9 473:478]
 -3 [ 9 490:490]

y[14528] = 1.0
Vehicle: 302  Cost: 155.58
Route: 3 36 110 82 48 124 129 -3 
  3 [ 7  22: 37]
 36 [ 5  82: 87]
110 [ 9  87: 92]
 82 [ 5 108:113]
 48 [ 4 123:128]
124 [ 8 157:162]
129 [ 9 204:209]
 -3 [ 9 223:223]

y[14920] = 1.0
Vehicle: 601  Cost: 4.47
Route: 6 35 -6 
  6 [ 4 576:591]
 35 [ 0 593:598]
 -6 [ 0 600:600]

FE: 3
SE: 21
!MIP-----
1888.778519547722,5403.14118885994,0.047283958496540726,3,21,10147,14923

Run: 4
Total Cost: 1914.18
Vehicle: 11  Cost: 44.72
Route: 1 3 -3 -1 
 1 [ 45   0:  0 [80, 57, 38, 11, 13, 61, 50, 18, 46, 75, 51, 77, 60, 21, 74, 25, 12, 49, 10, 16, 19]]
 3 [  0  22: 22 []]
-3 [ 37  22:506 [85, 130, 95, 93, 122, 116, 89, 104, 121, 118, 84, 131, 119, 98, 90, 102, 109]]
-1 [ 37 529:529 [85, 130, 95, 93, 122, 116, 89, 104, 121, 118, 84, 131, 119, 98, 90, 102, 109]]

Vehicle: 13  Cost: 93.19
Route: 1 5 -5 8 -8 -1 
 1 [ 42   0:  0 [14, 59, 55, 23, 69, 73, 35, 36, 45, 33, 70, 76, 28, 44, 65, 29]]
 5 [ 23  43: 43 [59, 23, 69, 73, 35, 36, 28, 44, 29]]
-5 [ 36  43:119 [59, 23, 106, 69, 73, 35, 36, 115, 86, 83, 28, 44, 29]]
 8 [ 13 132:132 [106, 115, 86, 83]]
-8 [ 26 132:356 [106, 129, 110, 115, 124, 127, 86, 83, 100]]
-1 [ 26 393:393 [106, 129, 110, 115, 124, 127, 86, 83, 100]]

Vehicle: 14  Cost: 157.53
Route: 1 2 4 -4 -2 -1 
 1 [ 52   0:  0 [68, 58, 82, 37, 40, 32, 39, 47, 22, 64, 71, 62, 52, 48, 20, 43, 24, 30, 31, 42]]
 2 [ 33  55: 70 [68, 37, 32, 39, 22, 64, 71, 62, 20, 43, 24, 42]]
 4 [  0  94: 94 []]
-4 [ 30  94:522 [112, 101, 94, 111, 92, 134, 108, 96, 99, 114, 87, 126, 97]]
-2 [ 37 545:560 [112, 101, 94, 117, 103, 111, 92, 134, 108, 96, 99, 114, 87, 126, 97]]
-1 [ 37 616:616 [112, 101, 94, 117, 103, 111, 92, 134, 108, 96, 99, 114, 87, 126, 97]]

Vehicle: 16  Cost: 122.80
Route: 1 7 -7 -1 
 1 [ 34   0:  0 [34, 81, 72, 41, 79, 78, 54, 17, 15, 26, 53, 63, 67, 56, 27, 66]]
 7 [  0  61: 61 []]
-7 [ 31  61:344 [128, 120, 107, 105, 88, 91, 133, 132, 123, 125, 113]]
-1 [ 31 405:405 [128, 120, 107, 105, 88, 91, 133, 132, 123, 125, 113]]

Vehicle: 201  Cost: 43.99
Route: 2 82 48 31 103 30 -2 
  2 [10  55: 70]
 82 [ 6  79: 84]
 48 [ 5  94: 99]
 31 [ 1 300:305]
103 [ 5 305:310]
 30 [ 4 324:329]
 -2 [ 4 336:336]

Vehicle: 202  Cost: 45.55
Route: 2 52 40 47 117 58 -2 
  2 [ 9  55: 70]
 52 [ 5  91: 96]
 40 [ 4 300:305]
 47 [ 1 309:314]
117 [ 4 314:319]
 58 [ 3 332:337]
 -2 [ 3 339:339]

Vehicle: 301  Cost: 94.97
Route: 3 11 84 49 118 19 90 93 21 102 -3 
  3 [10  22:270]
 11 [ 7 300:305]
 84 [ 9 305:310]
 49 [ 5 315:320]
118 [ 6 320:325]
 19 [ 4 420:425]
 90 [ 6 425:430]
 93 [ 7 433:438]
 21 [ 6 450:455]
102 [10 469:474]
 -3 [10 491:491]

Vehicle: 302  Cost: 78.04
Route: 3 46 116 12 77 104 18 89 -3 
  3 [ 9  22: 37]
 46 [ 8  64: 69]
116 [10  69: 74]
 12 [ 7  85: 90]
 77 [ 4 300:305]
104 [ 6 310:315]
 18 [ 4 339:344]
 89 [ 5 344:349]
 -3 [ 5 356:356]

Vehicle: 303  Cost: 107.92
Route: 3 16 85 51 119 80 75 121 -3 
  3 [10  22: 37]
 16 [ 7  82: 87]
 85 [ 9  94: 99]
 51 [ 8 300:305]
119 [10 305:310]
 80 [ 8 314:319]
 75 [ 4 323:328]
121 [ 6 341:346]
 -3 [ 6 378:378]

Vehicle: 305  Cost: 75.32
Route: 3 60 38 50 61 122 130 109 -3 
  3 [ 8  22: 50]
 60 [ 7  60: 65]
 38 [ 4 300:305]
 50 [ 3 310:315]
 61 [ 0 420:425]
122 [ 1 425:430]
130 [ 4 446:451]
109 [ 7 454:459]
 -3 [ 7 471:471]

Vehicle: 307  Cost: 111.81
Route: 3 57 10 95 131 74 25 13 98 -3 
  3 [ 8  22: 37]
 57 [ 6  50: 55]
 10 [ 4  69: 74]
 95 [ 7  75: 80]
131 [ 9 300:305]
 74 [ 7 305:310]
 25 [ 6 420:425]
 13 [ 5 443:448]
 98 [ 9 469:474]
 -3 [ 9 491:491]

Vehicle: 401  Cost: 109.99
Route: 4 20 42 112 32 96 108 126 68 99 -4 
  4 [10  94:109]
 20 [ 8 121:126]
 42 [ 6 300:305]
112 [ 7 305:310]
 32 [ 5 314:319]
 96 [ 6 327:332]
108 [ 8 420:425]
126 [10 440:445]
 68 [ 6 445:450]
 99 [ 9 463:468]
 -4 [ 9 507:507]

Vehicle: 402  Cost: 62.92
Route: 4 62 71 37 114 43 87 -4 
  4 [ 9  94:109]
 62 [ 6 118:123]
 71 [ 4 180:185]
 37 [ 1 194:199]
114 [ 3 300:305]
 43 [ 2 311:316]
 87 [ 6 330:335]
 -4 [ 6 338:338]

Vehicle: 403  Cost: 59.92
Route: 4 24 97 64 39 111 134 -4 
  4 [10  94:162]
 24 [ 7 180:185]
 97 [ 8 185:190]
 64 [ 4 196:201]
 39 [ 1 206:211]
111 [ 4 211:216]
134 [ 8 300:305]
 -4 [ 8 329:329]

Vehicle: 404  Cost: 27.53
Route: 4 22 101 92 94 -4 
  4 [ 4  94:294]
 22 [ 0 300:305]
101 [ 3 310:315]
 92 [ 5 320:325]
 94 [ 7 420:425]
 -4 [ 7 431:431]

Vehicle: 501  Cost: 10.77
Route: 5 45 115 -5 
  5 [ 4  43: 58]
 45 [ 0  63: 68]
115 [ 4  68: 73]
 -5 [ 4  79: 79]

Vehicle: 502  Cost: 25.39
Route: 5 70 33 55 65 -5 
  5 [10  43: 58]
 70 [ 8  64: 69]
 33 [ 5  77: 82]
 55 [ 1 180:185]
 65 [ 0 300:305]
 -5 [ 0 310:310]

Vehicle: 503  Cost: 21.01
Route: 5 83 76 106 14 86 -5 
  5 [ 5  43: 58]
 83 [ 8  62: 67]
 76 [ 7  68: 73]
106 [10  79: 84]
 14 [ 6  89: 94]
 86 [ 9  94: 99]
 -5 [ 9 104:104]

Vehicle: 701  Cost: 102.12
Route: 7 56 54 79 41 34 -7 
  7 [10  61: 76]
 56 [ 9  97:102]
 54 [ 6 180:185]
 79 [ 4 300:305]
 41 [ 2 311:316]
 34 [ 0 347:352]
 -7 [ 0 361:361]

Vehicle: 702  Cost: 81.41
Route: 7 78 132 26 113 63 -7 
  7 [ 6  61: 76]
 78 [ 5  88: 93]
132 [ 9  93: 98]
 26 [ 5 125:130]
113 [ 9 180:185]
 63 [ 8 300:305]
 -7 [ 8 326:326]

Vehicle: 703  Cost: 24.74
Route: 7 72 128 -7 
  7 [ 2  61:288]
 72 [ 0 300:305]
128 [ 4 305:310]
 -7 [ 4 322:322]

Vehicle: 704  Cost: 121.98
Route: 7 66 81 15 120 67 125 27 133 91 -7 
  7 [10  61: 76]
 66 [ 9 103:108]
 81 [ 8 116:121]
 15 [ 4 126:131]
120 [ 5 148:153]
 67 [ 3 167:172]
125 [ 5 172:177]
 27 [ 3 182:187]
133 [ 7 203:208]
 91 [ 9 213:218]
 -7 [ 9 243:243]

Vehicle: 705  Cost: 78.82
Route: 7 107 53 123 105 17 88 -7 
  7 [ 6  61: 76]
107 [ 7  94: 99]
 53 [ 3 108:113]
123 [ 5 180:185]
105 [ 9 200:205]
 17 [ 7 300:305]
 88 [10 305:310]
 -7 [10 329:329]

Vehicle: 801  Cost: 57.79
Route: 8 110 36 35 -8 
  8 [ 6 132:147]
110 [10 173:178]
 36 [ 8 178:183]
 35 [ 4 300:305]
 -8 [ 4 328:328]

Vehicle: 802  Cost: 119.28
Route: 8 28 100 129 73 124 69 127 -8 
  8 [ 7 132:147]
 28 [ 5 154:159]
100 [ 7 159:164]
129 [ 8 179:184]
 73 [ 6 184:189]
124 [10 231:236]
 69 [ 7 300:305]
127 [ 9 305:310]
 -8 [ 9 341:341]

Vehicle: 803  Cost: 34.66
Route: 8 44 23 59 29 -8 
  8 [10 132:147]
 44 [ 9 154:159]
 23 [ 5 166:171]
 59 [ 1 300:305]
 29 [ 0 420:425]
 -8 [ 0 436:436]

Total Cost: 1914.18
 11:44.72, 45:75 [1, 3, -3, -1]
 13:93.19, 42:75 [1, 5, -5, 8, -8, -1]
 14:157.53, 52:75 [1, 2, 4, -4, -2, -1]
 16:122.80, 34:75 [1, 7, -7, -1]
201:43.99, 10:10 [2, 82, 48, 31, 103, 30, -2]
202:45.55, 9:10 [2, 52, 40, 47, 117, 58, -2]
301:94.97, 10:10 [3, 11, 84, 49, 118, 19, 90, 93, 21, 102, -3]
302:78.04, 10:10 [3, 46, 116, 12, 77, 104, 18, 89, -3]
303:107.92, 10:10 [3, 16, 85, 51, 119, 80, 75, 121, -3]
305:75.32, 8:10 [3, 60, 38, 50, 61, 122, 130, 109, -3]
307:111.81, 9:10 [3, 57, 10, 95, 131, 74, 25, 13, 98, -3]
401:109.99, 10:10 [4, 20, 42, 112, 32, 96, 108, 126, 68, 99, -4]
402:62.92, 9:10 [4, 62, 71, 37, 114, 43, 87, -4]
403:59.92, 10:10 [4, 24, 97, 64, 39, 111, 134, -4]
404:27.53, 7:10 [4, 22, 101, 92, 94, -4]
501:10.77, 4:10 [5, 45, 115, -5]
502:25.39, 10:10 [5, 70, 33, 55, 65, -5]
503:21.01, 10:10 [5, 83, 76, 106, 14, 86, -5]
701:102.12, 10:10 [7, 56, 54, 79, 41, 34, -7]
702:81.41, 9:10 [7, 78, 132, 26, 113, 63, -7]
703:24.74, 4:10 [7, 72, 128, -7]
704:121.98, 10:10 [7, 66, 81, 15, 120, 67, 125, 27, 133, 91, -7]
705:78.82, 10:10 [7, 107, 53, 123, 105, 17, 88, -7]
801:57.79, 10:10 [8, 110, 36, 35, -8]
802:119.28, 10:10 [8, 28, 100, 129, 73, 124, 69, 127, -8]
803:34.66, 10:10 [8, 44, 23, 59, 29, -8]
fe: 4, se: 22

!ALNS------------
100000,1914.1797557108625,629.172,468.591,4,22,0.5766666666666667,0.9045454545454545,31.25,5.681818181818182
13 23 16 8 0 4 6 0 
9.034441234137416 20.118133702667535 9.467424112575536 10.539945691332926 29.346592140930927 25.353292188685522 17.360297273908394 32.389762743364585 
5 10 8 6 12 7 16 6 
14.794147028830158 14.36569432903006 14.639999444802967 13.29541030450594 13.636428398048889 14.428763291536331 14.939933663913633 13.65076998153777 

x[3150] = 1.0
Vehicle: 11  Cost: 44.72
Route: 1 3 -3 -1 
 1 [ 45   0:  0 [80, 11, 13, 61, 50, 18, 46, 75, 51, 77, 60, 21, 74, 12, 49, 10, 19, 25, 57, 38, 16]]
 3 [  0  22: 22 []]
-3 [ 39  22:576 [85, 130, 95, 93, 122, 116, 89, 104, 121, 118, 84, 131, 119, 90, 102, 109, 123, 98]]
-1 [ 39 599:599 [85, 130, 95, 93, 122, 116, 89, 104, 121, 118, 84, 131, 119, 90, 102, 109, 123, 98]]

x[9488] = 1.0
Vehicle: 16  Cost: 122.80
Route: 1 7 -7 -1 
 1 [ 27   0:  0 [56, 17, 53, 72, 34, 41, 79, 67, 78, 54, 26, 27]]
 7 [  0  61: 61 []]
-7 [ 31  61:353 [107, 105, 132, 113, 88, 128, 123, 91, 133, 125, 120]]
-1 [ 31 414:414 [107, 105, 132, 113, 88, 128, 123, 91, 133, 125, 120]]

x[10321] = 1.0
Vehicle: 14  Cost: 157.53
Route: 1 2 4 -4 -2 -1 
 1 [ 59   0:  0 [47, 22, 24, 42, 40, 64, 58, 32, 68, 82, 66, 39, 43, 31, 30, 62, 71, 20, 15, 63, 37, 48, 81, 52]]
 2 [ 40  55: 70 [22, 24, 42, 64, 32, 68, 66, 39, 43, 62, 71, 20, 15, 63, 37, 81]]
 4 [  0  94: 94 []]
-4 [ 30  94:546 [111, 87, 92, 134, 99, 101, 97, 112, 96, 108, 94, 114, 126]]
-2 [ 37 569:584 [111, 87, 92, 117, 134, 99, 101, 97, 112, 96, 108, 94, 114, 126, 103]]
-1 [ 37 640:640 [111, 87, 92, 117, 134, 99, 101, 97, 112, 96, 108, 94, 114, 126, 103]]

x[11457] = 1.0
Vehicle: 13  Cost: 93.19
Route: 1 5 -5 8 -8 -1 
 1 [ 42   0:  0 [29, 14, 76, 69, 73, 44, 65, 36, 55, 28, 70, 33, 35, 59, 45, 23]]
 5 [ 23  43: 43 [29, 69, 73, 44, 36, 28, 35, 59, 23]]
-5 [ 36  43:119 [29, 69, 73, 44, 83, 36, 28, 115, 35, 59, 106, 86, 23]]
 8 [ 13 132:132 [83, 115, 106, 86]]
-8 [ 30 132:378 [100, 129, 83, 110, 115, 127, 124, 106, 86, 87]]
-1 [ 30 415:415 [100, 129, 83, 110, 115, 127, 124, 106, 86, 87]]

y[7739] = 1.0
Vehicle: 705  Cost: 78.82
Route: 7 107 53 123 105 17 88 -7 
  7 [ 6 103:118]
107 [ 7 135:140]
 53 [ 3 150:155]
123 [ 5 180:185]
105 [ 9 200:205]
 17 [ 7 300:305]
 88 [10 305:310]
 -7 [10 329:329]

y[10242] = 1.0
Vehicle: 703  Cost: 59.00
Route: 7 91 133 78 132 -7 
  7 [ 1  61: 76]
 91 [ 3 102:107]
133 [ 7 112:117]
 78 [ 6 133:138]
132 [10 138:143]
 -7 [10 155:155]

y[11237] = 1.0
Vehicle: 703  Cost: 31.88
Route: 7 72 128 34 -7 
  7 [ 4 103:288]
 72 [ 2 300:305]
128 [ 6 305:310]
 34 [ 4 320:325]
 -7 [ 4 335:335]

y[11773] = 1.0
Vehicle: 401  Cost: 104.32
Route: 4 20 66 126 68 99 63 108 96 32 -4 
  4 [10  94:109]
 20 [ 8 121:126]
 66 [ 7 135:140]
126 [ 9 420:425]
 68 [ 5 425:430]
 99 [ 8 443:448]
 63 [ 7 454:459]
108 [ 9 480:485]
 96 [10 494:499]
 32 [ 8 507:512]
 -4 [ 8 531:531]

y[12412] = 1.0
Vehicle: 704  Cost: 132.49
Route: 7 120 67 125 27 26 113 -7 
  7 [ 8  61: 76]
120 [ 9 127:132]
 67 [ 7 146:151]
125 [ 9 151:156]
 27 [ 7 161:166]
 26 [ 3 186:191]
113 [ 7 199:204]
 -7 [ 7 239:239]

y[12606] = 1.0
Vehicle: 502  Cost: 10.77
Route: 5 45 115 -5 
  5 [ 4  43: 58]
 45 [ 0  63: 68]
115 [ 4  68: 73]
 -5 [ 4  79: 79]

y[12771] = 1.0
Vehicle: 502  Cost: 25.39
Route: 5 70 33 55 65 -5 
  5 [10 104:119]
 70 [ 8 125:130]
 33 [ 5 138:143]
 55 [ 1 180:185]
 65 [ 0 300:305]
 -5 [ 0 310:310]

y[13005] = 1.0
Vehicle: 801  Cost: 57.79
Route: 8 36 110 35 -8 
  8 [ 6 232:247]
 36 [ 4 272:277]
110 [ 8 277:282]
 35 [ 4 300:305]
 -8 [ 4 328:328]

y[13259] = 1.0
Vehicle: 301  Cost: 94.97
Route: 3 11 84 118 49 90 19 93 21 102 -3 
  3 [10  71:270]
 11 [ 7 300:305]
 84 [ 9 305:310]
118 [10 315:320]
 49 [ 6 320:325]
 90 [ 8 420:425]
 19 [ 6 425:430]
 93 [ 7 433:438]
 21 [ 6 450:455]
102 [10 469:474]
 -3 [10 491:491]

y[13912] = 1.0
Vehicle: 307  Cost: 111.81
Route: 3 57 10 95 131 74 25 13 98 -3 
  3 [ 8 172:187]
 57 [ 6 199:204]
 10 [ 4 218:223]
 95 [ 7 224:229]
131 [ 9 300:305]
 74 [ 7 305:310]
 25 [ 6 420:425]
 13 [ 5 443:448]
 98 [ 9 469:474]
 -3 [ 9 491:491]

y[14265] = 1.0
Vehicle: 801  Cost: 119.28
Route: 8 100 28 129 73 124 69 127 -8 
  8 [ 7 193:208]
100 [ 9 214:219]
 28 [ 7 219:224]
129 [ 8 240:245]
 73 [ 6 245:250]
124 [10 292:297]
 69 [ 7 321:326]
127 [ 9 326:331]
 -8 [ 9 362:362]

y[14383] = 1.0
Vehicle: 702  Cost: 101.74
Route: 7 56 54 79 41 -7 
  7 [ 8 107:122]
 56 [ 7 142:147]
 54 [ 4 180:185]
 79 [ 2 300:305]
 41 [ 0 311:316]
 -7 [ 0 356:356]

y[14745] = 1.0
Vehicle: 303  Cost: 107.92
Route: 3 16 85 51 119 80 75 121 -3 
  3 [10 145:160]
 16 [ 7 205:210]
 85 [ 9 217:222]
 51 [ 8 300:305]
119 [10 305:310]
 80 [ 8 314:319]
 75 [ 4 323:328]
121 [ 6 341:346]
 -3 [ 6 378:378]

y[15284] = 1.0
Vehicle: 403  Cost: 59.92
Route: 4 24 97 64 39 111 134 -4 
  4 [10 149:164]
 24 [ 7 183:188]
 97 [ 8 188:193]
 64 [ 4 198:203]
 39 [ 1 209:214]
111 [ 4 214:219]
134 [ 8 300:305]
 -4 [ 8 329:329]

y[15594] = 1.0
Vehicle: 203  Cost: 43.99
Route: 2 82 48 31 103 30 -2 
  2 [10 143:158]
 82 [ 6 167:172]
 48 [ 5 182:187]
 31 [ 1 300:305]
103 [ 5 305:310]
 30 [ 4 324:329]
 -2 [ 4 336:336]

y[15727] = 1.0
Vehicle: 201  Cost: 45.55
Route: 2 52 40 47 117 58 -2 
  2 [ 9 143:158]
 52 [ 5 179:184]
 40 [ 4 300:305]
 47 [ 1 309:314]
117 [ 4 314:319]
 58 [ 3 332:337]
 -2 [ 3 339:339]

y[15865] = 1.0
Vehicle: 402  Cost: 51.29
Route: 4 62 15 81 42 112 101 92 94 -4 
  4 [10  94:109]
 62 [ 7 118:123]
 15 [ 3 133:138]
 81 [ 2 143:148]
 42 [ 0 300:305]
112 [ 1 305:310]
101 [ 4 319:324]
 92 [ 6 329:334]
 94 [ 8 420:425]
 -4 [ 8 431:431]

y[15872] = 1.0
Vehicle: 302  Cost: 78.04
Route: 3 46 116 12 77 104 18 89 -3 
  3 [ 9 123:138]
 46 [ 8 164:169]
116 [10 169:174]
 12 [ 7 185:190]
 77 [ 4 300:305]
104 [ 6 310:315]
 18 [ 4 339:344]
 89 [ 5 344:349]
 -3 [ 5 356:356]

y[15986] = 1.0
Vehicle: 404  Cost: 59.36
Route: 4 71 37 114 43 22 87 -4 
  4 [10 117:171]
 71 [ 8 180:185]
 37 [ 5 194:199]
114 [ 7 300:305]
 43 [ 6 311:316]
 22 [ 2 327:332]
 87 [ 6 341:346]
 -4 [ 6 349:349]

y[15998] = 1.0
Vehicle: 305  Cost: 75.32
Route: 3 60 38 50 61 122 130 109 -3 
  3 [ 8 135:150]
 60 [ 7 160:165]
 38 [ 4 300:305]
 50 [ 3 310:315]
 61 [ 0 420:425]
122 [ 1 425:430]
130 [ 4 446:451]
109 [ 7 454:459]
 -3 [ 7 471:471]

y[16026] = 1.0
Vehicle: 803  Cost: 34.66
Route: 8 44 23 59 29 -8 
  8 [10 196:211]
 44 [ 9 217:222]
 23 [ 5 230:235]
 59 [ 1 300:305]
 29 [ 0 420:425]
 -8 [ 0 436:436]

y[16140] = 1.0
Vehicle: 501  Cost: 21.01
Route: 5 83 76 106 14 86 -5 
  5 [ 5  43: 58]
 83 [ 8  62: 67]
 76 [ 7  68: 73]
106 [10  79: 84]
 14 [ 6  89: 94]
 86 [ 9  94: 99]
 -5 [ 9 104:104]

FE: 4
SE: 22
!MIP-----
1923.5602591754064,5403.709421873093,0.056462722552040094,4,22,12289,16578

Run: 5
Total Cost: 1908.95
Vehicle: 11  Cost: 93.19
Route: 1 5 -5 8 -8 -1 
 1 [ 44   0:  0 [44, 69, 28, 45, 14, 17, 73, 65, 35, 59, 29, 70, 33, 76, 55, 23, 36]]
 5 [ 25  43: 43 [44, 69, 28, 73, 35, 59, 29, 70, 23, 36]]
-5 [ 38  43:119 [44, 69, 28, 86, 106, 73, 35, 115, 59, 29, 70, 23, 36, 83]]
 8 [ 13 132:132 [86, 106, 115, 83]]
-8 [ 26 132:356 [86, 106, 100, 110, 115, 127, 129, 124, 83]]
-1 [ 26 393:393 [86, 106, 100, 110, 115, 127, 129, 124, 83]]

Vehicle: 12  Cost: 44.72
Route: 1 3 -3 -1 
 1 [ 45   0:  0 [75, 60, 19, 21, 12, 51, 16, 74, 10, 13, 61, 38, 18, 77, 49, 25, 11, 46, 57, 50, 80]]
 3 [  0  22: 22 []]
-3 [ 35  22:506 [84, 122, 130, 93, 102, 90, 131, 121, 95, 89, 109, 116, 123, 85, 104, 119, 118]]
-1 [ 35 529:529 [84, 122, 130, 93, 102, 90, 131, 121, 95, 89, 109, 116, 123, 85, 104, 119, 118]]

Vehicle: 14  Cost: 157.53
Route: 1 2 4 -4 -2 -1 
 1 [ 53   0:  0 [32, 63, 68, 64, 48, 47, 30, 58, 39, 24, 31, 20, 42, 43, 22, 82, 71, 52, 37, 40, 62]]
 2 [ 34  55: 70 [32, 63, 68, 64, 39, 24, 20, 42, 43, 22, 71, 37, 62]]
 4 [  0  94: 94 []]
-4 [ 30  94:540 [101, 99, 126, 112, 92, 111, 94, 97, 114, 96, 87, 108, 134]]
-2 [ 37 564:579 [101, 99, 126, 112, 92, 111, 94, 97, 114, 96, 87, 103, 108, 134, 117]]
-1 [ 37 634:634 [101, 99, 126, 112, 92, 111, 94, 97, 114, 96, 87, 103, 108, 134, 117]]

Vehicle: 16  Cost: 126.38
Route: 1 7 -7 -5 -1 
 1 [ 31   0:  0 [67, 15, 81, 56, 27, 79, 34, 78, 72, 53, 66, 26, 54, 41]]
 7 [  0  61: 61 []]
-7 [ 26  61:337 [128, 113, 91, 132, 107, 133, 125, 120, 105]]
-5 [ 33 359:374 [98, 128, 88, 113, 91, 132, 107, 133, 125, 120, 105]]
-1 [ 33 417:417 [98, 128, 88, 113, 91, 132, 107, 133, 125, 120, 105]]

Vehicle: 201  Cost: 45.55
Route: 2 52 40 117 47 58 -2 
  2 [ 9  55: 70]
 52 [ 5  91: 96]
 40 [ 4 300:305]
117 [ 7 309:314]
 47 [ 4 314:319]
 58 [ 3 332:337]
 -2 [ 3 339:339]

Vehicle: 202  Cost: 43.99
Route: 2 82 48 103 31 30 -2 
  2 [10  55: 70]
 82 [ 6  79: 84]
 48 [ 5  94: 99]
103 [ 9 300:305]
 31 [ 5 305:310]
 30 [ 4 324:329]
 -2 [ 4 336:336]

Vehicle: 301  Cost: 112.50
Route: 3 57 10 95 123 74 131 25 13 -3 
  3 [ 8  22: 37]
 57 [ 6  50: 55]
 10 [ 4  69: 74]
 95 [ 7  75: 80]
123 [ 9 180:185]
 74 [ 7 300:305]
131 [ 9 305:310]
 25 [ 8 420:425]
 13 [ 7 443:448]
 -3 [ 7 481:481]

Vehicle: 302  Cost: 75.32
Route: 3 60 38 50 61 122 130 109 -3 
  3 [ 8  22: 50]
 60 [ 7  60: 65]
 38 [ 4 300:305]
 50 [ 3 310:315]
 61 [ 0 420:425]
122 [ 1 425:430]
130 [ 4 446:451]
109 [ 7 454:459]
 -3 [ 7 471:471]

Vehicle: 303  Cost: 78.04
Route: 3 46 116 12 77 104 18 89 -3 
  3 [ 9  22: 37]
 46 [ 8  64: 69]
116 [10  69: 74]
 12 [ 7  85: 90]
 77 [ 4 300:305]
104 [ 6 310:315]
 18 [ 4 339:344]
 89 [ 5 344:349]
 -3 [ 5 356:356]

Vehicle: 306  Cost: 107.92
Route: 3 16 85 51 119 80 75 121 -3 
  3 [10  22: 37]
 16 [ 7  82: 87]
 85 [ 9  94: 99]
 51 [ 8 300:305]
119 [10 305:310]
 80 [ 8 314:319]
 75 [ 4 323:328]
121 [ 6 341:346]
 -3 [ 6 378:378]

Vehicle: 307  Cost: 94.97
Route: 3 11 84 118 49 90 19 93 21 102 -3 
  3 [10  22:270]
 11 [ 7 300:305]
 84 [ 9 305:310]
118 [10 315:320]
 49 [ 6 320:325]
 90 [ 8 420:425]
 19 [ 6 425:430]
 93 [ 7 433:438]
 21 [ 6 450:455]
102 [10 469:474]
 -3 [10 491:491]

Vehicle: 401  Cost: 103.30
Route: 4 20 68 126 99 63 108 96 -4 
  4 [ 7  94:109]
 20 [ 5 121:126]
 68 [ 1 420:425]
126 [ 3 425:430]
 99 [ 6 443:448]
 63 [ 5 454:459]
108 [ 7 480:485]
 96 [ 8 494:499]
 -4 [ 8 525:525]

Vehicle: 402  Cost: 27.89
Route: 4 62 22 87 -4 
  4 [ 7  94:109]
 62 [ 4 118:123]
 22 [ 0 300:305]
 87 [ 4 314:319]
 -4 [ 4 322:322]

Vehicle: 403  Cost: 59.92
Route: 4 24 97 64 39 111 134 -4 
  4 [10  94:162]
 24 [ 7 180:185]
 97 [ 8 185:190]
 64 [ 4 196:201]
 39 [ 1 206:211]
111 [ 4 211:216]
134 [ 8 300:305]
 -4 [ 8 329:329]

Vehicle: 404  Cost: 78.00
Route: 4 71 37 43 114 32 42 112 101 92 94 -4 
  4 [10  94:171]
 71 [ 8 180:185]
 37 [ 5 194:199]
 43 [ 4 300:305]
114 [ 6 311:316]
 32 [ 4 332:337]
 42 [ 2 341:346]
112 [ 3 346:351]
101 [ 6 360:365]
 92 [ 8 370:375]
 94 [10 420:425]
 -4 [10 431:431]

Vehicle: 501  Cost: 38.49
Route: 5 55 33 98 88 17 65 -5 
  5 [10  43:173]
 55 [ 6 180:185]
 33 [ 3 189:194]
 98 [ 7 300:305]
 88 [10 314:319]
 17 [ 8 319:324]
 65 [ 7 336:341]
 -5 [ 7 346:346]

Vehicle: 502  Cost: 21.01
Route: 5 86 14 106 76 83 -5 
  5 [ 5  43: 58]
 86 [ 8  63: 68]
 14 [ 4  68: 73]
106 [ 7  78: 83]
 76 [ 6  89: 94]
 83 [ 9  95:100]
 -5 [ 9 104:104]

Vehicle: 503  Cost: 10.77
Route: 5 115 45 -5 
  5 [ 4  43: 58]
115 [ 8  63: 68]
 45 [ 4  68: 73]
 -5 [ 4  79: 79]

Vehicle: 701  Cost: 102.12
Route: 7 56 54 79 41 34 -7 
  7 [10  61: 76]
 56 [ 9  97:102]
 54 [ 6 180:185]
 79 [ 4 300:305]
 41 [ 2 311:316]
 34 [ 0 347:352]
 -7 [ 0 361:361]

Vehicle: 702  Cost: 65.33
Route: 7 105 53 107 72 128 -7 
  7 [ 6  61: 76]
105 [10 100:105]
 53 [ 6 118:123]
107 [ 7 133:138]
 72 [ 5 300:305]
128 [ 9 305:310]
 -7 [ 9 322:322]

Vehicle: 703  Cost: 80.96
Route: 7 113 26 78 132 -7 
  7 [ 5  61:145]
113 [ 9 180:185]
 26 [ 5 193:198]
 78 [ 4 224:229]
132 [ 8 229:234]
 -7 [ 8 246:246]

Vehicle: 705  Cost: 121.98
Route: 7 66 81 15 120 125 67 27 133 91 -7 
  7 [10  61: 76]
 66 [ 9 103:108]
 81 [ 8 116:121]
 15 [ 4 126:131]
120 [ 5 148:153]
125 [ 7 167:172]
 67 [ 5 172:177]
 27 [ 3 182:187]
133 [ 7 203:208]
 91 [ 9 213:218]
 -7 [ 9 243:243]

Vehicle: 801  Cost: 126.63
Route: 8 70 100 28 129 73 124 69 127 -8 
  8 [ 9 132:147]
 70 [ 7 156:161]
100 [ 9 166:171]
 28 [ 7 171:176]
129 [ 8 192:197]
 73 [ 6 197:202]
124 [10 243:248]
 69 [ 7 300:305]
127 [ 9 305:310]
 -8 [ 9 341:341]

Vehicle: 802  Cost: 57.79
Route: 8 36 110 35 -8 
  8 [ 6 132:147]
 36 [ 4 173:178]
110 [ 8 178:183]
 35 [ 4 300:305]
 -8 [ 4 328:328]

Vehicle: 803  Cost: 34.66
Route: 8 44 23 59 29 -8 
  8 [10 132:147]
 44 [ 9 154:159]
 23 [ 5 166:171]
 59 [ 1 300:305]
 29 [ 0 420:425]
 -8 [ 0 436:436]

Total Cost: 1908.95
 11:93.19, 44:75 [1, 5, -5, 8, -8, -1]
 12:44.72, 45:75 [1, 3, -3, -1]
 14:157.53, 53:75 [1, 2, 4, -4, -2, -1]
 16:126.38, 33:75 [1, 7, -7, -5, -1]
201:45.55, 9:10 [2, 52, 40, 117, 47, 58, -2]
202:43.99, 10:10 [2, 82, 48, 103, 31, 30, -2]
301:112.50, 9:10 [3, 57, 10, 95, 123, 74, 131, 25, 13, -3]
302:75.32, 8:10 [3, 60, 38, 50, 61, 122, 130, 109, -3]
303:78.04, 10:10 [3, 46, 116, 12, 77, 104, 18, 89, -3]
306:107.92, 10:10 [3, 16, 85, 51, 119, 80, 75, 121, -3]
307:94.97, 10:10 [3, 11, 84, 118, 49, 90, 19, 93, 21, 102, -3]
401:103.30, 8:10 [4, 20, 68, 126, 99, 63, 108, 96, -4]
402:27.89, 7:10 [4, 62, 22, 87, -4]
403:59.92, 10:10 [4, 24, 97, 64, 39, 111, 134, -4]
404:78.00, 10:10 [4, 71, 37, 43, 114, 32, 42, 112, 101, 92, 94, -4]
501:38.49, 10:10 [5, 55, 33, 98, 88, 17, 65, -5]
502:21.01, 9:10 [5, 86, 14, 106, 76, 83, -5]
503:10.77, 8:10 [5, 115, 45, -5]
701:102.12, 10:10 [7, 56, 54, 79, 41, 34, -7]
702:65.33, 10:10 [7, 105, 53, 107, 72, 128, -7]
703:80.96, 9:10 [7, 113, 26, 78, 132, -7]
705:121.98, 10:10 [7, 66, 81, 15, 120, 125, 67, 27, 133, 91, -7]
801:126.63, 10:10 [8, 70, 100, 28, 129, 73, 124, 69, 127, -8]
802:57.79, 8:10 [8, 36, 110, 35, -8]
803:34.66, 10:10 [8, 44, 23, 59, 29, -8]
fe: 4, se: 21

!ALNS------------
100000,1908.9476373975588,682.513,286.12,4,21,0.5833333333333334,0.9285714285714286,31.25,5.9523809523809526
11 24 16 9 0 1 8 2 
8.763231775568446 20.100976380686284 8.145072626194983 10.837678559800157 34.69679625897182 22.544465548564364 15.565680851723261 25.12401780422092 
6 10 6 7 6 12 20 4 
12.823830472281422 14.285762545479006 14.118938689685484 12.899366396903599 12.206782581479931 13.780956496453118 14.139655251173188 12.197095136456266 

x[2227] = 1.0
Vehicle: 14  Cost: 157.53
Route: 1 2 4 -4 -2 -1 
 1 [ 58   0:  0 [31, 64, 81, 39, 15, 48, 40, 58, 47, 20, 32, 82, 63, 42, 68, 30, 24, 43, 71, 62, 52, 37, 22]]
 2 [ 39  55: 70 [64, 81, 39, 15, 20, 32, 63, 42, 68, 24, 43, 71, 62, 37, 22]]
 4 [  0  94: 94 []]
-4 [ 30  94:546 [92, 96, 94, 101, 97, 126, 111, 112, 99, 108, 134, 87, 114]]
-2 [ 37 569:584 [103, 92, 96, 94, 101, 97, 117, 126, 111, 112, 99, 108, 134, 87, 114]]
-1 [ 37 640:640 [103, 92, 96, 94, 101, 97, 117, 126, 111, 112, 99, 108, 134, 87, 114]]

x[3171] = 1.0
Vehicle: 16  Cost: 126.38
Route: 1 7 -7 -5 -1 
 1 [ 26   0:  0 [66, 41, 78, 67, 56, 54, 72, 79, 27, 26, 53, 34]]
 7 [  0  61: 61 []]
-7 [ 26  61:337 [107, 132, 133, 113, 128, 91, 125, 105, 120]]
-5 [ 43 359:374 [115, 107, 88, 98, 132, 133, 113, 128, 91, 106, 125, 105, 83, 120]]
-1 [ 43 417:417 [115, 107, 88, 98, 132, 133, 113, 128, 91, 106, 125, 105, 83, 120]]

x[7732] = 1.0
Vehicle: 11  Cost: 93.19
Route: 1 5 -5 8 -8 -1 
 1 [ 44   0:  0 [23, 17, 36, 29, 69, 28, 44, 76, 14, 70, 65, 73, 45, 35, 33, 55, 59]]
 5 [ 25  43: 43 [23, 36, 29, 69, 28, 44, 70, 73, 35, 59]]
-5 [ 38  43:132 [23, 36, 115, 29, 83, 69, 28, 44, 86, 70, 73, 35, 106, 59]]
 8 [ 13 145:145 [115, 83, 86, 106]]
-8 [ 26 145:356 [100, 129, 115, 83, 127, 86, 110, 106, 124]]
-1 [ 26 393:393 [100, 129, 115, 83, 127, 86, 110, 106, 124]]

x[8284] = 1.0
Vehicle: 12  Cost: 44.72
Route: 1 3 -3 -1 
 1 [ 45   0:  0 [60, 19, 21, 61, 38, 77, 49, 57, 50, 25, 51, 80, 75, 12, 13, 74, 11, 46, 10, 18, 16]]
 3 [  0  22: 22 []]
-3 [ 42  22:506 [122, 130, 93, 131, 121, 105, 85, 119, 90, 88, 118, 123, 104, 84, 116, 102, 109, 89, 95]]
-1 [ 42 529:529 [122, 130, 93, 131, 121, 105, 85, 119, 90, 88, 118, 123, 104, 84, 116, 102, 109, 89, 95]]

y[617] = 1.0
Vehicle: 303  Cost: 78.04
Route: 3 46 116 12 77 104 18 89 -3 
  3 [ 9 204:219]
 46 [ 8 245:250]
116 [10 250:255]
 12 [ 7 267:272]
 77 [ 4 300:305]
104 [ 6 310:315]
 18 [ 4 339:344]
 89 [ 5 344:349]
 -3 [ 5 356:356]

y[789] = 1.0
Vehicle: 306  Cost: 107.92
Route: 3 16 85 51 119 80 75 121 -3 
  3 [10 203:218]
 16 [ 7 262:267]
 85 [ 9 275:280]
 51 [ 8 300:305]
119 [10 305:310]
 80 [ 8 314:319]
 75 [ 4 323:328]
121 [ 6 341:346]
 -3 [ 6 378:378]

y[822] = 1.0
Vehicle: 502  Cost: 23.34
Route: 5 45 115 14 86 76 83 -5 
  5 [ 9  43: 58]
 45 [ 5  63: 68]
115 [ 9  68: 73]
 14 [ 5  81: 86]
 86 [ 8  86: 91]
 76 [ 7  96:101]
 83 [10 102:107]
 -5 [10 111:111]

y[962] = 1.0
Vehicle: 501  Cost: 42.65
Route: 5 33 55 106 17 98 65 -5 
  5 [10  43: 58]
 33 [ 7  67: 72]
 55 [ 3 180:185]
106 [ 6 189:194]
 17 [ 4 300:305]
 98 [ 8 314:319]
 65 [ 7 324:329]
 -5 [ 7 334:334]

y[1495] = 1.0
Vehicle: 202  Cost: 43.99
Route: 2 82 48 31 103 30 -2 
  2 [10 128:143]
 82 [ 6 152:157]
 48 [ 5 167:172]
 31 [ 1 300:305]
103 [ 5 305:310]
 30 [ 4 324:329]
 -2 [ 4 336:336]

y[1581] = 1.0
Vehicle: 702  Cost: 65.33
Route: 7 105 53 107 72 128 -7 
  7 [ 6 107:122]
105 [10 146:151]
 53 [ 6 164:169]
107 [ 7 179:184]
 72 [ 5 300:305]
128 [ 9 305:310]
 -7 [ 9 322:322]

y[1614] = 1.0
Vehicle: 702  Cost: 59.00
Route: 7 91 133 78 132 -7 
  7 [ 1 103:118]
 91 [ 3 143:148]
133 [ 7 153:158]
 78 [ 6 175:180]
132 [10 180:185]
 -7 [10 197:197]

y[4111] = 1.0
Vehicle: 302  Cost: 75.32
Route: 3 60 38 50 122 61 130 109 -3 
  3 [ 8  22: 50]
 60 [ 7  60: 65]
 38 [ 4 300:305]
 50 [ 3 310:315]
122 [ 4 420:425]
 61 [ 1 425:430]
130 [ 4 446:451]
109 [ 7 454:459]
 -3 [ 7 471:471]

y[4198] = 1.0
Vehicle: 401  Cost: 104.25
Route: 4 20 126 68 99 63 108 96 32 -4 
  4 [ 9 117:132]
 20 [ 7 144:149]
126 [ 9 420:425]
 68 [ 5 425:430]
 99 [ 8 443:448]
 63 [ 7 454:459]
108 [ 9 480:485]
 96 [10 494:499]
 32 [ 8 507:512]
 -4 [ 8 531:531]

y[5198] = 1.0
Vehicle: 403  Cost: 59.36
Route: 4 71 37 114 43 22 87 -4 
  4 [10  94:171]
 71 [ 8 180:185]
 37 [ 5 194:199]
114 [ 7 300:305]
 43 [ 6 311:316]
 22 [ 2 327:332]
 87 [ 6 341:346]
 -4 [ 6 349:349]

y[6952] = 1.0
Vehicle: 404  Cost: 51.29
Route: 4 62 15 81 112 42 101 92 94 -4 
  4 [10  94:109]
 62 [ 7 118:123]
 15 [ 3 133:138]
 81 [ 2 143:148]
112 [ 3 300:305]
 42 [ 1 305:310]
101 [ 4 319:324]
 92 [ 6 329:334]
 94 [ 8 420:425]
 -4 [ 8 431:431]

y[6954] = 1.0
Vehicle: 201  Cost: 45.55
Route: 2 52 40 117 47 58 -2 
  2 [ 9  79: 94]
 52 [ 5 115:120]
 40 [ 4 300:305]
117 [ 7 309:314]
 47 [ 4 314:319]
 58 [ 3 332:337]
 -2 [ 3 339:339]

y[7125] = 1.0
Vehicle: 803  Cost: 34.66
Route: 8 44 23 59 29 -8 
  8 [10 174:189]
 44 [ 9 195:200]
 23 [ 5 207:212]
 59 [ 1 300:305]
 29 [ 0 420:425]
 -8 [ 0 436:436]

y[7676] = 1.0
Vehicle: 307  Cost: 94.97
Route: 3 11 84 118 49 19 90 93 21 102 -3 
  3 [10  22:270]
 11 [ 7 300:305]
 84 [ 9 305:310]
118 [10 315:320]
 49 [ 6 320:325]
 19 [ 4 420:425]
 90 [ 6 425:430]
 93 [ 7 433:438]
 21 [ 6 450:455]
102 [10 469:474]
 -3 [10 491:491]

y[7935] = 1.0
Vehicle: 802  Cost: 57.79
Route: 8 36 110 35 -8 
  8 [ 6 188:203]
 36 [ 4 228:233]
110 [ 8 233:238]
 35 [ 4 300:305]
 -8 [ 4 328:328]

y[10870] = 1.0
Vehicle: 701  Cost: 102.12
Route: 7 56 54 79 41 34 -7 
  7 [10 143:158]
 56 [ 9 178:183]
 54 [ 6 216:221]
 79 [ 4 300:305]
 41 [ 2 311:316]
 34 [ 0 347:352]
 -7 [ 0 361:361]

y[11013] = 1.0
Vehicle: 403  Cost: 59.92
Route: 4 24 97 64 39 111 134 -4 
  4 [10 218:233]
 24 [ 7 251:256]
 97 [ 8 256:261]
 64 [ 4 267:272]
 39 [ 1 278:283]
111 [ 4 283:288]
134 [ 8 300:305]
 -4 [ 8 329:329]

y[11791] = 1.0
Vehicle: 301  Cost: 115.32
Route: 3 57 10 95 123 74 131 25 13 88 -3 
  3 [ 8  22: 37]
 57 [ 6  50: 55]
 10 [ 4  69: 74]
 95 [ 7  75: 80]
123 [ 9 180:185]
 74 [ 7 300:305]
131 [ 9 305:310]
 25 [ 8 420:425]
 13 [ 7 443:448]
 88 [10 461:466]
 -3 [10 489:489]

y[11798] = 1.0
Vehicle: 801  Cost: 126.63
Route: 8 70 28 100 129 73 124 69 127 -8 
  8 [ 9 158:173]
 70 [ 7 183:188]
 28 [ 5 193:198]
100 [ 7 198:203]
129 [ 8 218:223]
 73 [ 6 223:228]
124 [10 270:275]
 69 [ 7 300:305]
127 [ 9 305:310]
 -8 [ 9 341:341]

y[13091] = 1.0
Vehicle: 703  Cost: 133.21
Route: 7 66 120 67 125 27 26 113 -7 
  7 [ 9  61: 76]
 66 [ 8 103:108]
120 [ 9 133:138]
 67 [ 7 151:156]
125 [ 9 156:161]
 27 [ 7 167:172]
 26 [ 3 192:197]
113 [ 7 204:209]
 -7 [ 7 245:245]

FE: 4
SE: 20
!MIP-----
1902.483000005649,1179.777127981186,9.975166151085997E-5,4,20,8540,14680

