--Parameters Information--
speed=1
run=5
iteration= 100000
batch=100
restartPeriod=10000
largeRemovalOccurrence=500
initialLNS=250
lowerBoundSmallRemoval=4
smallRemoval=0.2
lowerBoundLargeRemoval=0.55
largeRemoval=0.8
initialWeight=1.0
decayRate=0.1
gamma1=9.0
gamma2=5.0
gamma3=2.0
gamma4=0.0
coolingRate=0.9995
temperatureControlParameter=0.05
initialAcceptanceProbability=0.5
perturbation=0.5
perturbationFactor=0.01
split=20000

Setup: Split
Data: C_100_6_D

Run: 1
Total Cost: 1976.80
Vehicle: 11  Cost: 139.88
Route: 1 2 8 -8 -2 -1 
 1 [ 75   0:  0 [18, 30, 21, 49, 60, 25, 56, 26, 43, 54, 72, 68, 77, 10, 20, 24, 59, 63, 36, 52, 33, 51, 50, 73, 29, 70, 17, 76, 23, 62, 79, 38]]
 2 [ 51  37: 52 [21, 49, 60, 25, 56, 26, 43, 72, 68, 10, 24, 36, 52, 33, 51, 29, 70, 17, 76, 23, 62, 79]]
 8 [  0  85: 85 []]
-8 [ 19  85:408 [99, 134, 80, 89, 133, 112, 130, 128, 105, 110]]
-2 [ 35 441:456 [81, 137, 132, 99, 134, 97, 87, 80, 89, 133, 112, 130, 128, 113, 115, 105, 110, 119]]
-1 [ 35 493:493 [81, 137, 132, 99, 134, 97, 87, 80, 89, 133, 112, 130, 128, 113, 115, 105, 110, 119]]

Vehicle: 13  Cost: 72.80
Route: 1 4 -4 -1 
 1 [ 28   0:  0 [69, 48, 58, 11, 35, 64, 16, 42, 12, 14, 46]]
 4 [  0  36: 36 []]
-4 [ 17  36:350 [109, 124, 120, 104, 82, 83, 125]]
-1 [ 17 386:386 [109, 124, 120, 104, 82, 83, 125]]

Vehicle: 14  Cost: 161.42
Route: 1 6 7 -7 3 -3 -6 -4 -1 
 1 [ 37   0:  0 [61, 22, 32, 71, 75, 55, 57, 27, 37, 47, 28, 66, 31, 45, 13, 67]]
 6 [ 31  47: 62 [61, 22, 32, 75, 55, 27, 37, 47, 28, 66, 31, 45, 13, 67]]
 7 [  3  89: 89 [32, 45]]
-7 [ 38  89:482 [92, 131, 32, 101, 100, 117, 118, 138, 91, 102, 114, 95, 93, 108, 45]]
 3 [ 35 501:501 [92, 131, 101, 100, 117, 118, 138, 91, 102, 114, 95, 93, 108]]
-3 [ 39 501:565 [98, 92, 131, 101, 100, 117, 118, 138, 91, 102, 114, 95, 93, 108]]
-6 [ 48 576:591 [129, 92, 131, 101, 98, 100, 117, 118, 138, 91, 102, 114, 121, 95, 139, 93, 108]]
-4 [ 62 612:627 [129, 92, 131, 101, 98, 100, 122, 117, 118, 138, 91, 102, 114, 121, 95, 139, 88, 126, 107, 93, 108]]
-1 [ 62 664:664 [129, 92, 131, 101, 98, 100, 122, 117, 118, 138, 91, 102, 114, 121, 95, 139, 88, 126, 107, 93, 108]]

Vehicle: 16  Cost: 132.45
Route: 1 9 -9 8 -8 -1 
 1 [ 37   0:  0 [40, 39, 44, 65, 19, 53, 78, 15, 41, 74, 34]]
 9 [ 17  48: 48 [44, 65, 19, 53, 15]]
-9 [ 25  48:177 [136, 103, 44, 65, 19, 53, 15, 90]]
 8 [  8 197:197 [136, 103, 90]]
-8 [ 35 197:351 [136, 84, 103, 135, 94, 111, 85, 123, 96, 106, 86, 90, 127, 116]]
-1 [ 35 416:416 [136, 84, 103, 135, 94, 111, 85, 123, 96, 106, 86, 90, 127, 116]]

Vehicle: 201  Cost: 75.25
Route: 2 18 50 63 115 97 38 87 -2 
  2 [ 9  37: 52]
 18 [ 5  60: 65]
 50 [ 4 180:185]
 63 [ 2 300:305]
115 [ 4 309:314]
 97 [ 5 327:332]
 38 [ 3 337:342]
 87 [ 6 353:358]
 -2 [ 6 363:363]

Vehicle: 202  Cost: 51.10
Route: 2 59 73 132 77 137 30 -2 
  2 [10  37:292]
 59 [ 7 300:305]
 73 [ 4 318:323]
132 [ 5 323:328]
 77 [ 2 346:351]
137 [ 3 351:356]
 30 [ 2 365:370]
 -2 [ 2 373:373]

Vehicle: 203  Cost: 43.26
Route: 2 20 81 119 54 113 -2 
  2 [ 5  37:162]
 20 [ 3 180:185]
 81 [ 7 185:190]
119 [10 300:305]
 54 [ 7 420:425]
113 [ 8 425:430]
 -2 [ 8 437:437]

Vehicle: 301  Cost: 19.17
Route: 3 45 98 32 -3 
  3 [ 3 501:516]
 45 [ 1 525:530]
 98 [ 5 536:541]
 32 [ 4 541:546]
 -3 [ 4 550:550]

Vehicle: 402  Cost: 38.36
Route: 4 120 83 48 109 -4 
  4 [ 4  36: 51]
120 [ 5  62: 67]
 83 [ 9 180:185]
 48 [ 5 300:305]
109 [ 7 305:310]
 -4 [ 7 322:322]

Vehicle: 403  Cost: 86.17
Route: 4 11 35 126 69 88 -4 
  4 [10  36:153]
 11 [ 6 180:185]
 35 [ 3 191:196]
126 [ 6 300:305]
 69 [ 3 305:310]
 88 [ 7 420:425]
 -4 [ 7 434:434]

Vehicle: 404  Cost: 79.45
Route: 4 16 14 82 124 12 104 42 125 -4 
  4 [ 6  36:174]
 16 [ 5 180:185]
 14 [ 4 188:193]
 82 [ 6 199:204]
124 [ 9 213:218]
 12 [ 6 233:238]
104 [ 8 243:248]
 42 [ 7 248:253]
125 [10 300:305]
 -4 [10 335:335]

Vehicle: 405  Cost: 49.13
Route: 4 58 64 122 46 107 -4 
  4 [ 8  36:278]
 58 [ 4 300:305]
 64 [ 2 420:425]
122 [ 6 425:430]
 46 [ 4 446:451]
107 [ 7 451:456]
 -4 [ 7 462:462]

Vehicle: 601  Cost: 60.12
Route: 6 71 129 57 121 139 -6 
  6 [ 6  47: 62]
 71 [ 4  78: 83]
129 [ 8  83: 88]
 57 [ 4 300:305]
121 [ 8 311:316]
139 [ 9 339:344]
 -6 [ 9 353:353]

Vehicle: 701  Cost: 114.12
Route: 7 22 108 91 27 117 102 28 -7 
  7 [ 5  89:104]
 22 [ 2 115:120]
108 [ 6 124:129]
 91 [ 9 156:161]
 27 [ 8 161:166]
117 [ 9 206:211]
102 [10 220:225]
 28 [ 9 300:305]
 -7 [ 9 323:323]

Vehicle: 702  Cost: 71.99
Route: 7 55 114 67 31 95 92 -7 
  7 [10  89:281]
 55 [ 6 300:305]
114 [ 8 305:310]
 67 [ 5 316:321]
 31 [ 2 332:337]
 95 [ 5 341:346]
 92 [ 8 352:357]
 -7 [ 8 383:383]

Vehicle: 703  Cost: 43.44
Route: 7 93 138 47 100 -7 
  7 [ 4  89:104]
 93 [ 8 111:116]
138 [ 9 420:425]
 47 [ 5 434:439]
100 [ 8 446:451]
 -7 [ 8 467:467]

Vehicle: 704  Cost: 87.16
Route: 7 75 66 13 131 37 101 61 118 -7 
  7 [ 9  89:104]
 75 [ 8 110:115]
 66 [ 7 129:134]
 13 [ 4 180:185]
131 [ 7 300:305]
 37 [ 4 321:326]
101 [ 8 326:331]
 61 [ 7 420:425]
118 [10 425:430]
 -7 [10 444:444]

Vehicle: 801  Cost: 90.77
Route: 8 10 60 84 116 26 51 -8 
  8 [10 197:212]
 10 [ 6 232:237]
 60 [ 4 249:254]
 84 [ 5 262:267]
116 [ 7 276:281]
 26 [ 4 301:306]
 51 [ 3 312:317]
 -8 [ 3 332:332]

Vehicle: 802  Cost: 49.94
Route: 8 21 68 86 24 96 -8 
  8 [ 6 197:212]
 21 [ 5 231:236]
 68 [ 3 239:244]
 86 [ 5 246:251]
 24 [ 2 251:256]
 96 [ 6 261:266]
 -8 [ 6 287:287]

Vehicle: 803  Cost: 87.72
Route: 8 79 76 133 17 80 53 112 -8 
  8 [ 9 197:270]
 79 [ 8 300:305]
 76 [ 4 315:320]
133 [ 5 320:325]
 17 [ 4 334:339]
 80 [ 5 339:344]
 53 [ 2 350:355]
112 [ 5 355:360]
 -8 [ 5 393:393]

Vehicle: 804  Cost: 75.89
Route: 8 23 72 130 36 105 43 -8 
  8 [10  85:100]
 23 [ 9 101:106]
 72 [ 7 300:305]
130 [ 9 305:310]
 36 [ 6 326:331]
105 [ 9 338:343]
 43 [ 5 343:348]
 -8 [ 5 370:370]

Vehicle: 805  Cost: 47.92
Route: 8 56 33 99 134 89 25 110 49 -8 
  8 [ 8 197:212]
 56 [ 4 221:226]
 33 [ 3 300:305]
 99 [ 4 305:310]
134 [ 7 314:319]
 89 [ 9 325:330]
 25 [ 8 330:335]
110 [ 9 342:347]
 49 [ 7 347:352]
 -8 [ 7 362:362]

Vehicle: 806  Cost: 37.64
Route: 8 70 128 19 15 -8 
  8 [10 197:212]
 70 [ 8 222:227]
128 [10 227:232]
 19 [ 6 300:305]
 15 [ 2 321:326]
 -8 [ 2 328:328]

Vehicle: 807  Cost: 40.06
Route: 8 127 44 106 52 111 85 -8 
  8 [ 7 197:212]
127 [10 221:226]
 44 [ 7 233:238]
106 [ 9 238:243]
 52 [ 5 250:255]
111 [ 8 255:260]
 85 [ 9 300:305]
 -8 [ 9 317:317]

Vehicle: 809  Cost: 94.12
Route: 8 62 135 65 123 29 94 -8 
  8 [ 8 197:212]
 62 [ 6 244:249]
135 [ 9 261:266]
 65 [ 6 271:276]
123 [10 276:281]
 29 [ 7 283:288]
 94 [ 9 288:293]
 -8 [ 9 336:336]

Vehicle: 901  Cost: 69.07
Route: 9 41 103 136 39 74 90 -9 
  9 [10  48: 63]
 41 [ 6  88: 93]
103 [ 7  93: 98]
136 [10 103:108]
 39 [ 8 115:120]
 74 [ 4 131:136]
 90 [ 8 145:150]
 -9 [ 8 162:162]

Vehicle: 902  Cost: 58.42
Route: 9 34 78 40 -9 
  9 [10  48:278]
 34 [ 6 300:305]
 78 [ 3 316:321]
 40 [ 0 328:333]
 -9 [ 0 351:351]

Total Cost: 1976.80
 11:139.88, 75:75 [1, 2, 8, -8, -2, -1]
 13:72.80, 28:75 [1, 4, -4, -1]
 14:161.42, 62:75 [1, 6, 7, -7, 3, -3, -6, -4, -1]
 16:132.45, 37:75 [1, 9, -9, 8, -8, -1]
201:75.25, 9:10 [2, 18, 50, 63, 115, 97, 38, 87, -2]
202:51.10, 10:10 [2, 59, 73, 132, 77, 137, 30, -2]
203:43.26, 10:10 [2, 20, 81, 119, 54, 113, -2]
301:19.17, 5:10 [3, 45, 98, 32, -3]
402:38.36, 9:10 [4, 120, 83, 48, 109, -4]
403:86.17, 10:10 [4, 11, 35, 126, 69, 88, -4]
404:79.45, 10:10 [4, 16, 14, 82, 124, 12, 104, 42, 125, -4]
405:49.13, 8:10 [4, 58, 64, 122, 46, 107, -4]
601:60.12, 9:10 [6, 71, 129, 57, 121, 139, -6]
701:114.12, 10:10 [7, 22, 108, 91, 27, 117, 102, 28, -7]
702:71.99, 10:10 [7, 55, 114, 67, 31, 95, 92, -7]
703:43.44, 9:10 [7, 93, 138, 47, 100, -7]
704:87.16, 10:10 [7, 75, 66, 13, 131, 37, 101, 61, 118, -7]
801:90.77, 10:10 [8, 10, 60, 84, 116, 26, 51, -8]
802:49.94, 6:10 [8, 21, 68, 86, 24, 96, -8]
803:87.72, 9:10 [8, 79, 76, 133, 17, 80, 53, 112, -8]
804:75.89, 10:10 [8, 23, 72, 130, 36, 105, 43, -8]
805:47.92, 9:10 [8, 56, 33, 99, 134, 89, 25, 110, 49, -8]
806:37.64, 10:10 [8, 70, 128, 19, 15, -8]
807:40.06, 10:10 [8, 127, 44, 106, 52, 111, 85, -8]
809:94.12, 10:10 [8, 62, 135, 65, 123, 29, 94, -8]
901:69.07, 10:10 [9, 41, 103, 136, 39, 74, 90, -9]
902:58.42, 10:10 [9, 34, 78, 40, -9]
fe: 4, se: 23

!ALNS------------
100000,1976.7984440122946,961.669,846.83,4,23,0.6733333333333333,0.9260869565217391,32.5,5.6521739130434785
16 37 5 5 0 1 10 2 
9.76753226398665 21.94290270724474 10.654558226334728 12.443156070563996 42.3382092616674 35.20667752521441 18.91586165796632 15.505841129422384 
6 13 12 7 15 11 8 4 
16.204770528919827 15.597033921305888 15.109217919547978 15.425384519727782 18.129289160722475 13.907167554872682 16.943363224452558 15.303152374383044 

x[6532] = 1.0
Vehicle: 14  Cost: 156.57
Route: 1 7 -7 3 -3 -4 -1 
 1 [ 28   0:  0 [32, 55, 61, 66, 45, 31, 75, 22, 28, 27, 67, 13, 47]]
 7 [  8  72: 72 [32, 45, 28, 47]]
-7 [ 34  72:459 [32, 45, 28, 118, 131, 91, 95, 108, 114, 47, 93, 92, 138]]
 3 [ 26 478:478 [118, 131, 91, 95, 108, 114, 93, 92, 138]]
-3 [ 34 478:616 [118, 131, 91, 95, 108, 139, 98, 114, 100, 93, 92, 138]]
-4 [ 48 645:660 [107, 122, 118, 131, 91, 95, 108, 139, 98, 114, 100, 93, 92, 88, 138, 126]]
-1 [ 48 697:697 [107, 122, 118, 131, 91, 95, 108, 139, 98, 114, 100, 93, 92, 88, 138, 126]]

x[11730] = 1.0
Vehicle: 17  Cost: 139.88
Route: 1 2 8 -8 -2 -1 
 1 [ 68   0:  0 [53, 17, 68, 26, 23, 62, 59, 65, 72, 38, 70, 73, 77, 76, 43, 21, 79, 51, 37, 33, 56, 57, 34, 63, 54, 30, 50, 18]]
 2 [ 38  37: 52 [53, 17, 68, 26, 23, 62, 65, 72, 70, 76, 43, 21, 79, 51, 37, 33, 56]]
 8 [  0  85: 85 []]
-8 [ 30  85:439 [96, 128, 130, 133, 112, 105, 80, 134, 123, 116, 99, 101]]
-2 [ 46 473:501 [96, 132, 128, 87, 119, 115, 130, 133, 112, 105, 97, 137, 80, 134, 123, 121, 116, 99, 113, 101]]
-1 [ 46 538:538 [96, 132, 128, 87, 119, 115, 130, 133, 112, 105, 97, 137, 80, 134, 123, 121, 116, 99, 113, 101]]

x[15978] = 1.0
Vehicle: 16  Cost: 132.45
Route: 1 9 -9 8 -8 -1 
 1 [ 49   0:  0 [25, 39, 74, 10, 44, 60, 24, 19, 29, 36, 41, 52, 78, 49, 40, 15]]
 9 [ 39  48: 48 [25, 10, 44, 60, 24, 19, 29, 36, 52, 78, 49, 40, 15]]
-9 [ 47  48:177 [25, 10, 44, 60, 24, 90, 19, 103, 136, 29, 36, 52, 78, 49, 40, 15]]
 8 [  8 197:197 [90, 103, 136]]
-8 [ 30 197:352 [86, 94, 89, 106, 127, 90, 110, 103, 136, 84, 116, 85, 111, 135]]
-1 [ 30 417:417 [86, 94, 89, 106, 127, 90, 110, 103, 136, 84, 116, 85, 111, 135]]

x[16096] = 1.0
Vehicle: 13  Cost: 72.80
Route: 1 4 -4 -1 
 1 [ 32   0:  0 [11, 48, 42, 69, 35, 64, 58, 20, 12, 14, 16, 46, 71]]
 4 [  0  36: 36 []]
-4 [ 28  36:361 [109, 124, 120, 117, 125, 139, 83, 82, 102, 104, 81, 129]]
-1 [ 28 398:398 [109, 124, 120, 117, 125, 139, 83, 82, 102, 104, 81, 129]]

y[2467] = 1.0
Vehicle: 802  Cost: 57.27
Route: 8 21 68 86 24 96 43 105 -8 
  8 [10 203:218]
 21 [ 9 237:242]
 68 [ 7 246:251]
 86 [ 9 253:258]
 24 [ 6 258:263]
 96 [10 268:273]
 43 [ 6 300:305]
105 [ 9 305:310]
 -8 [ 9 332:332]

y[3136] = 1.0
Vehicle: 403  Cost: 63.35
Route: 4 69 126 58 122 64 -4 
  4 [ 9  36:275]
 69 [ 6 300:305]
126 [ 9 305:310]
 58 [ 5 325:330]
122 [ 9 420:425]
 64 [ 7 425:430]
 -4 [ 7 449:449]

y[3523] = 1.0
Vehicle: 804  Cost: 90.77
Route: 8 10 60 84 116 26 51 -8 
  8 [10 197:212]
 10 [ 6 232:237]
 60 [ 4 249:254]
 84 [ 5 262:267]
116 [ 7 276:281]
 26 [ 4 301:306]
 51 [ 3 312:317]
 -8 [ 3 332:332]

y[3540] = 1.0
Vehicle: 703  Cost: 111.60
Route: 7 22 27 91 67 31 95 92 -7 
  7 [10 109:124]
 22 [ 7 135:140]
 27 [ 6 169:174]
 91 [ 9 174:179]
 67 [ 6 300:305]
 31 [ 3 316:321]
 95 [ 6 326:331]
 92 [ 9 336:341]
 -7 [ 9 367:367]

y[5015] = 1.0
Vehicle: 702  Cost: 43.07
Route: 7 108 75 93 138 -7 
  7 [ 1  89:104]
108 [ 5 116:121]
 75 [ 4 136:141]
 93 [ 8 144:149]
138 [ 9 420:425]
 -7 [ 9 434:434]

y[5520] = 1.0
Vehicle: 401  Cost: 86.04
Route: 4 124 102 117 12 42 104 125 -4 
  4 [ 4 192:207]
124 [ 7 223:228]
102 [ 8 242:247]
117 [ 9 256:261]
 12 [ 6 268:273]
 42 [ 5 278:283]
104 [ 7 283:288]
125 [10 300:305]
 -4 [10 335:335]

y[6759] = 1.0
Vehicle: 202  Cost: 59.65
Route: 2 18 97 38 57 121 119 -2 
  2 [10 237:252]
 18 [ 6 260:265]
 97 [ 7 300:305]
 38 [ 5 309:314]
 57 [ 1 331:336]
121 [ 5 342:347]
119 [ 8 351:356]
 -2 [ 8 371:371]

y[7057] = 1.0
Vehicle: 901  Cost: 69.07
Route: 9 41 103 136 39 74 90 -9 
  9 [10  48: 63]
 41 [ 6  88: 93]
103 [ 7  93: 98]
136 [10 103:108]
 39 [ 8 115:120]
 74 [ 4 131:136]
 90 [ 8 145:150]
 -9 [ 8 162:162]

y[8084] = 1.0
Vehicle: 804  Cost: 34.89
Route: 8 56 89 25 49 110 -8 
  8 [ 7 197:212]
 56 [ 3 221:226]
 89 [ 5 300:305]
 25 [ 4 305:310]
 49 [ 2 316:321]
110 [ 3 321:326]
 -8 [ 3 336:336]

y[8126] = 1.0
Vehicle: 808  Cost: 50.66
Route: 8 19 78 40 -8 
  8 [10 110:283]
 19 [ 6 300:305]
 78 [ 3 314:319]
 40 [ 0 325:330]
 -8 [ 0 348:348]

y[8710] = 1.0
Vehicle: 301  Cost: 67.87
Route: 3 28 47 100 139 32 98 45 -3 
  3 [ 8 478:493]
 28 [ 7 502:507]
 47 [ 3 522:527]
100 [ 6 534:539]
139 [ 7 547:552]
 32 [ 6 566:571]
 98 [10 571:576]
 45 [ 8 582:587]
 -3 [ 8 596:596]

y[8903] = 1.0
Vehicle: 801  Cost: 100.48
Route: 8 36 72 130 37 101 99 33 134 -8 
  8 [ 9 195:271]
 36 [ 6 300:305]
 72 [ 4 321:326]
130 [ 6 326:331]
 37 [ 3 347:352]
101 [ 7 352:357]
 99 [ 8 374:379]
 33 [ 7 379:384]
134 [10 389:394]
 -8 [10 411:411]

y[10815] = 1.0
Vehicle: 804  Cost: 21.85
Route: 8 128 70 15 -8 
  8 [ 6 252:267]
128 [ 8 278:283]
 70 [ 6 283:288]
 15 [ 2 300:305]
 -8 [ 2 307:307]

y[11386] = 1.0
Vehicle: 202  Cost: 59.35
Route: 2 59 73 132 34 -2 
  2 [10 296:311]
 59 [ 7 319:324]
 73 [ 4 337:342]
132 [ 5 342:347]
 34 [ 1 361:366]
 -2 [ 1 391:391]

y[13902] = 1.0
Vehicle: 401  Cost: 64.37
Route: 4 16 14 82 71 129 48 109 -4 
  4 [ 8  36:174]
 16 [ 7 180:185]
 14 [ 6 188:193]
 82 [ 8 199:204]
 71 [ 6 224:229]
129 [10 229:234]
 48 [ 6 300:305]
109 [ 8 305:310]
 -4 [ 8 322:322]

y[14022] = 1.0
Vehicle: 806  Cost: 94.12
Route: 8 62 135 65 123 29 94 -8 
  8 [ 8  85:212]
 62 [ 6 244:249]
135 [ 9 261:266]
 65 [ 6 271:276]
123 [10 276:281]
 29 [ 7 283:288]
 94 [ 9 288:293]
 -8 [ 9 336:336]

y[14297] = 1.0
Vehicle: 401  Cost: 29.04
Route: 4 88 46 107 -4 
  4 [ 2 511:526]
 88 [ 6 535:540]
 46 [ 4 553:558]
107 [ 7 558:563]
 -4 [ 7 570:570]

y[14539] = 1.0
Vehicle: 805  Cost: 40.06
Route: 8 127 44 106 52 111 85 -8 
  8 [ 7 203:218]
127 [10 227:232]
 44 [ 7 240:245]
106 [ 9 245:250]
 52 [ 5 257:262]
111 [ 8 262:267]
 85 [ 9 300:305]
 -8 [ 9 317:317]

y[14623] = 1.0
Vehicle: 402  Cost: 94.49
Route: 4 11 35 20 81 83 120 -4 
  4 [ 9  36:153]
 11 [ 5 180:185]
 35 [ 2 191:196]
 20 [ 0 222:227]
 81 [ 4 227:232]
 83 [ 8 250:255]
120 [ 9 263:268]
 -4 [ 9 278:278]

y[16495] = 1.0
Vehicle: 809  Cost: 87.93
Route: 8 23 53 112 17 80 76 133 79 -8 
  8 [10 149:164]
 23 [ 9 165:170]
 53 [ 6 300:305]
112 [ 9 305:310]
 17 [ 8 316:321]
 80 [ 9 321:326]
 76 [ 5 335:340]
133 [ 6 340:345]
 79 [ 5 355:360]
 -8 [ 5 390:390]

y[17256] = 1.0
Vehicle: 701  Cost: 70.54
Route: 7 66 13 131 55 114 118 61 -7 
  7 [ 9  91:106]
 66 [ 8 125:130]
 13 [ 5 180:185]
131 [ 8 300:305]
 55 [ 4 316:321]
114 [ 6 321:326]
118 [ 9 420:425]
 61 [ 8 425:430]
 -7 [ 8 444:444]

y[17513] = 1.0
Vehicle: 201  Cost: 73.88
Route: 2 50 63 115 137 77 30 87 54 113 -2 
  2 [10 113:153]
 50 [ 9 180:185]
 63 [ 7 300:305]
115 [ 9 309:314]
137 [10 323:328]
 77 [ 7 328:333]
 30 [ 6 342:347]
 87 [ 9 354:359]
 54 [ 6 420:425]
113 [ 7 425:430]
 -2 [ 7 437:437]

FE: 4
SE: 22
!MIP-----
1972.0386503298182,5401.023593187332,0.020511046854423617,4,22,18918,18231

Run: 2
Total Cost: 1979.17
Vehicle: 11  Cost: 72.80
Route: 1 4 -4 -1 
 1 [ 28   0:  0 [14, 48, 11, 42, 35, 12, 64, 16, 58, 46, 69]]
 4 [  0  36: 36 []]
-4 [ 19  36:350 [117, 125, 82, 102, 124, 120, 83, 109, 104]]
-1 [ 19 386:386 [117, 125, 82, 102, 124, 120, 83, 109, 104]]

Vehicle: 13  Cost: 183.56
Route: 1 6 5 -5 3 -3 -6 -4 -1 
 1 [ 40   0:  0 [37, 55, 47, 28, 75, 22, 57, 27, 66, 61, 71, 31, 67, 13, 32, 45, 54]]
 6 [ 31  47: 62 [37, 55, 47, 28, 75, 22, 27, 66, 61, 31, 67, 13, 32, 45]]
 5 [  8 100:100 [47, 28, 32, 45]]
-5 [ 40 100:455 [118, 47, 28, 116, 138, 95, 101, 93, 91, 131, 114, 92, 108, 32, 45]]
 3 [ 32 485:485 [118, 116, 138, 95, 101, 93, 91, 131, 114, 92, 108]]
-3 [ 39 485:603 [118, 98, 116, 138, 95, 100, 101, 93, 91, 131, 114, 92, 108]]
-6 [ 48 614:629 [118, 98, 116, 138, 113, 95, 100, 101, 119, 93, 91, 131, 114, 92, 121, 108, 139]]
-4 [ 62 651:666 [118, 122, 88, 98, 116, 138, 113, 95, 100, 101, 119, 93, 91, 131, 114, 92, 126, 121, 108, 107, 139]]
-1 [ 62 702:702 [118, 122, 88, 98, 116, 138, 113, 95, 100, 101, 119, 93, 91, 131, 114, 92, 126, 121, 108, 107, 139]]

Vehicle: 17  Cost: 129.69
Route: 1 8 -8 -1 
 1 [ 65   0:  0 [65, 53, 76, 79, 26, 33, 36, 68, 15, 70, 17, 25, 40, 43, 72, 78, 49, 21, 62, 56, 52, 19, 29, 51, 24, 23]]
 8 [  0  65: 65 []]
-8 [ 41  65:391 [112, 130, 85, 80, 133, 111, 94, 99, 123, 96, 86, 134, 127, 110, 105, 128, 135, 89]]
-1 [ 41 456:456 [112, 130, 85, 80, 133, 111, 94, 99, 123, 96, 86, 134, 127, 110, 105, 128, 135, 89]]

Vehicle: 19  Cost: 73.76
Route: 1 2 -2 -1 
 1 [ 44   0:  0 [63, 18, 10, 77, 38, 59, 30, 20, 44, 74, 41, 50, 39, 60, 73, 34]]
 2 [  0  37: 37 []]
-2 [ 27  37:370 [87, 97, 136, 84, 81, 132, 115, 129, 106, 103, 90, 137]]
-1 [ 27 407:407 [87, 97, 136, 84, 81, 132, 115, 129, 106, 103, 90, 137]]

Vehicle: 201  Cost: 145.59
Route: 2 44 106 60 84 10 129 87 -2 
  2 [ 9  37: 52]
 44 [ 6  75: 80]
106 [ 8  80: 85]
 60 [ 6 119:124]
 84 [ 7 131:136]
 10 [ 3 155:160]
129 [ 7 191:196]
 87 [10 300:305]
 -2 [10 311:311]

Vehicle: 202  Cost: 79.44
Route: 2 74 39 136 103 41 90 -2 
  2 [10  37: 52]
 74 [ 6  74: 79]
 39 [ 4  90: 95]
136 [ 7 101:106]
103 [ 8 111:116]
 41 [ 4 116:121]
 90 [ 8 139:144]
 -2 [ 8 161:161]

Vehicle: 203  Cost: 59.35
Route: 2 34 73 132 59 -2 
  2 [10  37:275]
 34 [ 6 300:305]
 73 [ 3 319:324]
132 [ 4 324:329]
 59 [ 1 342:347]
 -2 [ 1 355:355]

Vehicle: 205  Cost: 61.34
Route: 2 18 50 63 115 137 77 -2 
  2 [10  37: 52]
 18 [ 6  60: 65]
 50 [ 5 180:185]
 63 [ 3 300:305]
115 [ 5 309:314]
137 [ 6 323:328]
 77 [ 3 328:333]
 -2 [ 3 345:345]

Vehicle: 206  Cost: 40.04
Route: 2 81 20 38 97 30 -2 
  2 [ 5  37:162]
 81 [ 9 180:185]
 20 [ 7 185:190]
 38 [ 5 300:305]
 97 [ 6 309:314]
 30 [ 5 323:328]
 -2 [ 5 331:331]

Vehicle: 301  Cost: 58.26
Route: 3 47 100 28 45 32 98 -3 
  3 [ 8 485:500]
 47 [ 4 511:516]
100 [ 7 523:528]
 28 [ 6 546:551]
 45 [ 4 563:568]
 32 [ 3 574:579]
 98 [ 7 579:584]
 -3 [ 7 588:588]

Vehicle: 401  Cost: 49.13
Route: 4 58 64 122 46 107 -4 
  4 [ 8  36:278]
 58 [ 4 300:305]
 64 [ 2 420:425]
122 [ 6 425:430]
 46 [ 4 446:451]
107 [ 7 451:456]
 -4 [ 7 462:462]

Vehicle: 402  Cost: 86.04
Route: 4 124 102 117 12 104 42 125 -4 
  4 [ 4  36: 51]
124 [ 7  67: 72]
102 [ 8  86: 91]
117 [ 9 100:105]
 12 [ 6 180:185]
104 [ 8 190:195]
 42 [ 7 195:200]
125 [10 300:305]
 -4 [10 335:335]

Vehicle: 403  Cost: 86.17
Route: 4 11 35 69 126 88 -4 
  4 [10  36:153]
 11 [ 6 180:185]
 35 [ 3 191:196]
 69 [ 0 300:305]
126 [ 3 305:310]
 88 [ 7 420:425]
 -4 [ 7 434:434]

Vehicle: 404  Cost: 38.36
Route: 4 120 83 48 109 -4 
  4 [ 4  36: 51]
120 [ 5  62: 67]
 83 [ 9 180:185]
 48 [ 5 300:305]
109 [ 7 305:310]
 -4 [ 7 322:322]

Vehicle: 405  Cost: 28.54
Route: 4 16 82 14 -4 
  4 [ 2  36:174]
 16 [ 1 180:185]
 82 [ 3 193:198]
 14 [ 2 204:209]
 -4 [ 2 217:217]

Vehicle: 501  Cost: 48.89
Route: 5 13 131 67 114 55 -5 
  5 [10 100:162]
 13 [ 7 180:185]
131 [10 300:305]
 67 [ 7 316:321]
114 [ 9 327:332]
 55 [ 5 332:337]
 -5 [ 5 345:345]

Vehicle: 502  Cost: 80.74
Route: 5 91 27 31 95 92 -5 
  5 [ 4 100:115]
 91 [ 7 148:153]
 27 [ 6 153:158]
 31 [ 3 300:305]
 95 [ 6 309:314]
 92 [ 9 320:325]
 -5 [ 9 348:348]

Vehicle: 503  Cost: 55.15
Route: 5 108 22 75 93 138 -5 
  5 [ 4 100:115]
108 [ 8 128:133]
 22 [ 5 136:141]
 75 [ 4 157:162]
 93 [ 8 166:171]
138 [ 9 420:425]
 -5 [ 9 440:440]

Vehicle: 504  Cost: 58.49
Route: 5 66 116 101 37 61 118 -5 
  5 [ 5 100:115]
 66 [ 4 123:128]
116 [ 6 149:154]
101 [10 300:305]
 37 [ 7 305:310]
 61 [ 6 420:425]
118 [ 9 425:430]
 -5 [ 9 434:434]

Vehicle: 601  Cost: 85.38
Route: 6 71 57 121 54 113 119 139 -6 
  6 [ 9  47: 62]
 71 [ 7  78: 83]
 57 [ 3 300:305]
121 [ 7 311:316]
 54 [ 4 420:425]
113 [ 5 425:430]
119 [ 8 439:444]
139 [ 9 471:476]
 -6 [ 9 485:485]

Vehicle: 801  Cost: 50.66
Route: 8 40 78 19 -8 
  8 [10  65:282]
 40 [ 7 300:305]
 78 [ 4 312:317]
 19 [ 0 325:330]
 -8 [ 0 348:348]

Vehicle: 802  Cost: 36.62
Route: 8 127 52 111 85 110 49 -8 
  8 [ 6  65: 80]
127 [ 9  89: 94]
 52 [ 5 101:106]
111 [ 8 106:111]
 85 [ 9 300:305]
110 [10 311:316]
 49 [ 8 316:321]
 -8 [ 8 331:331]

Vehicle: 803  Cost: 75.89
Route: 8 23 72 130 36 105 43 -8 
  8 [10  65: 80]
 23 [ 9  81: 86]
 72 [ 7 300:305]
130 [ 9 305:310]
 36 [ 6 326:331]
105 [ 9 338:343]
 43 [ 5 343:348]
 -8 [ 5 370:370]

Vehicle: 804  Cost: 88.63
Route: 8 70 128 79 133 76 112 53 -8 
  8 [10  65: 80]
 70 [ 8  90: 95]
128 [10  95:100]
 79 [ 9 300:305]
133 [10 315:320]
 76 [ 6 320:325]
112 [ 9 333:338]
 53 [ 6 338:343]
 -8 [ 6 375:375]

Vehicle: 806  Cost: 98.05
Route: 8 62 135 29 94 65 123 17 80 -8 
  8 [ 9  65: 80]
 62 [ 7 112:117]
135 [10 130:135]
 29 [ 7 139:144]
 94 [ 9 144:149]
 65 [ 6 150:155]
123 [10 155:160]
 17 [ 9 300:305]
 80 [10 305:310]
 -8 [10 349:349]

Vehicle: 807  Cost: 50.86
Route: 8 21 68 24 86 96 15 -8 
  8 [10  65: 80]
 21 [ 9  99:104]
 68 [ 7 180:185]
 24 [ 4 187:192]
 86 [ 6 192:197]
 96 [10 202:207]
 15 [ 6 300:305]
 -8 [ 6 307:307]

Vehicle: 808  Cost: 57.74
Route: 8 56 51 26 99 33 134 89 25 -8 
  8 [10  65: 80]
 56 [ 6  89: 94]
 51 [ 5 300:305]
 26 [ 2 311:316]
 99 [ 3 325:330]
 33 [ 2 330:335]
134 [ 5 340:345]
 89 [ 7 351:356]
 25 [ 6 356:361]
 -8 [ 6 376:376]

Total Cost: 1979.17
 11:72.80, 28:75 [1, 4, -4, -1]
 13:183.56, 62:75 [1, 6, 5, -5, 3, -3, -6, -4, -1]
 17:129.69, 65:75 [1, 8, -8, -1]
 19:73.76, 44:75 [1, 2, -2, -1]
201:145.59, 10:10 [2, 44, 106, 60, 84, 10, 129, 87, -2]
202:79.44, 10:10 [2, 74, 39, 136, 103, 41, 90, -2]
203:59.35, 10:10 [2, 34, 73, 132, 59, -2]
205:61.34, 10:10 [2, 18, 50, 63, 115, 137, 77, -2]
206:40.04, 9:10 [2, 81, 20, 38, 97, 30, -2]
301:58.26, 8:10 [3, 47, 100, 28, 45, 32, 98, -3]
401:49.13, 8:10 [4, 58, 64, 122, 46, 107, -4]
402:86.04, 10:10 [4, 124, 102, 117, 12, 104, 42, 125, -4]
403:86.17, 10:10 [4, 11, 35, 69, 126, 88, -4]
404:38.36, 9:10 [4, 120, 83, 48, 109, -4]
405:28.54, 3:10 [4, 16, 82, 14, -4]
501:48.89, 10:10 [5, 13, 131, 67, 114, 55, -5]
502:80.74, 9:10 [5, 91, 27, 31, 95, 92, -5]
503:55.15, 9:10 [5, 108, 22, 75, 93, 138, -5]
504:58.49, 10:10 [5, 66, 116, 101, 37, 61, 118, -5]
601:85.38, 9:10 [6, 71, 57, 121, 54, 113, 119, 139, -6]
801:50.66, 10:10 [8, 40, 78, 19, -8]
802:36.62, 10:10 [8, 127, 52, 111, 85, 110, 49, -8]
803:75.89, 10:10 [8, 23, 72, 130, 36, 105, 43, -8]
804:88.63, 10:10 [8, 70, 128, 79, 133, 76, 112, 53, -8]
806:98.05, 10:10 [8, 62, 135, 29, 94, 65, 123, 17, 80, -8]
807:50.86, 10:10 [8, 21, 68, 24, 86, 96, 15, -8]
808:57.74, 10:10 [8, 56, 51, 26, 99, 33, 134, 89, 25, -8]
fe: 4, se: 23

!ALNS------------
100000,1979.1717863261322,749.619,268.29,4,23,0.6633333333333333,0.9304347826086956,32.5,5.6521739130434785
16 27 17 9 0 1 5 0 
8.609463352343681 21.421915771883807 10.157274529307438 12.053251056305617 67.80403082064488 31.20546385603895 12.874648486024922 35.12600333845987 
7 13 10 9 7 8 14 7 
15.174780879377312 15.377492802344559 15.807736699600397 14.257029372227878 16.869861057967963 14.167615601411338 14.305011530028539 13.872105877094572 

x[3406] = 1.0
Vehicle: 17  Cost: 129.69
Route: 1 8 -8 -1 
 1 [ 68   0:  0 [53, 33, 40, 49, 43, 65, 78, 21, 36, 68, 17, 25, 70, 44, 23, 76, 19, 72, 52, 79, 29, 56, 62, 24, 26, 15, 51]]
 8 [  0  65: 65 []]
-8 [ 43  65:414 [99, 110, 135, 112, 134, 133, 127, 86, 96, 105, 128, 111, 123, 80, 130, 85, 106, 94, 89]]
-1 [ 43 479:479 [99, 110, 135, 112, 134, 133, 127, 86, 96, 105, 128, 111, 123, 80, 130, 85, 106, 94, 89]]

x[5358] = 1.0
Vehicle: 13  Cost: 183.56
Route: 1 6 5 -5 3 -3 -6 -4 -1 
 1 [ 40   0:  0 [54, 37, 61, 45, 13, 75, 66, 27, 57, 38, 28, 22, 55, 47, 32, 31, 67]]
 6 [ 31  47: 62 [37, 61, 45, 13, 75, 66, 27, 28, 22, 55, 47, 32, 31, 67]]
 5 [  8 100:100 [45, 28, 47, 32]]
-5 [ 40 100:455 [118, 91, 101, 108, 45, 93, 114, 95, 28, 131, 92, 47, 32, 116, 138]]
 3 [ 32 485:485 [118, 91, 101, 108, 93, 114, 95, 131, 92, 116, 138]]
-3 [ 39 485:606 [118, 91, 101, 108, 100, 93, 114, 98, 95, 131, 92, 116, 138]]
-6 [ 49 617:632 [121, 118, 91, 119, 101, 108, 100, 93, 97, 114, 139, 98, 95, 131, 92, 113, 116, 138]]
-4 [ 63 653:668 [121, 118, 91, 122, 126, 119, 101, 108, 100, 93, 97, 114, 107, 139, 98, 95, 131, 92, 113, 116, 138, 88]]
-1 [ 63 705:705 [121, 118, 91, 122, 126, 119, 101, 108, 100, 93, 97, 114, 107, 139, 98, 95, 131, 92, 113, 116, 138, 88]]

x[6315] = 1.0
Vehicle: 11  Cost: 72.80
Route: 1 4 -4 -1 
 1 [ 28   0:  0 [12, 48, 14, 69, 64, 58, 16, 42, 11, 46, 35]]
 4 [  0  36: 36 []]
-4 [ 22  36:384 [109, 120, 104, 102, 117, 124, 82, 83, 125, 92]]
-1 [ 22 420:420 [109, 120, 104, 102, 117, 124, 82, 83, 125, 92]]

x[7537] = 1.0
Vehicle: 19  Cost: 73.76
Route: 1 2 -2 -1 
 1 [ 41   0:  0 [60, 63, 10, 73, 74, 41, 39, 34, 50, 71, 18, 20, 59, 77, 30]]
 2 [  0  37: 37 []]
-2 [ 37  37:383 [136, 132, 103, 90, 84, 129, 106, 111, 81, 97, 121, 119, 137, 115, 87]]
-1 [ 37 419:419 [136, 132, 103, 90, 84, 129, 106, 111, 81, 97, 121, 119, 137, 115, 87]]

y[295] = 1.0
Vehicle: 404  Cost: 38.36
Route: 4 120 83 48 109 -4 
  4 [ 4 211:226]
120 [ 5 236:241]
 83 [ 9 249:254]
 48 [ 5 300:305]
109 [ 7 305:310]
 -4 [ 7 322:322]

y[910] = 1.0
Vehicle: 808  Cost: 47.92
Route: 8 56 99 33 134 25 89 110 49 -8 
  8 [ 8 132:147]
 56 [ 4 156:161]
 99 [ 5 300:305]
 33 [ 4 305:310]
134 [ 7 314:319]
 25 [ 6 325:330]
 89 [ 8 330:335]
110 [ 9 342:347]
 49 [ 7 347:352]
 -8 [ 7 362:362]

y[1196] = 1.0
Vehicle: 205  Cost: 61.34
Route: 2 18 50 63 115 77 137 -2 
  2 [10 235:250]
 18 [ 6 258:263]
 50 [ 5 284:289]
 63 [ 3 300:305]
115 [ 5 309:314]
 77 [ 2 323:328]
137 [ 3 328:333]
 -2 [ 3 345:345]

y[1501] = 1.0
Vehicle: 801  Cost: 50.66
Route: 8 40 78 19 -8 
  8 [10 495:510]
 40 [ 7 528:533]
 78 [ 4 540:545]
 19 [ 0 553:558]
 -8 [ 0 576:576]

y[2758] = 1.0
Vehicle: 803  Cost: 4.00
Route: 8 15 -8 
  8 [ 4 506:521]
 15 [ 0 523:528]
 -8 [ 0 530:530]

y[3006] = 1.0
Vehicle: 403  Cost: 86.17
Route: 4 11 35 126 69 88 -4 
  4 [10 192:207]
 11 [ 6 233:238]
 35 [ 3 245:250]
126 [ 6 300:305]
 69 [ 3 305:310]
 88 [ 7 420:425]
 -4 [ 7 434:434]

y[8016] = 1.0
Vehicle: 201  Cost: 59.35
Route: 2 34 132 73 59 -2 
  2 [10 239:275]
 34 [ 6 300:305]
132 [ 7 319:324]
 73 [ 4 324:329]
 59 [ 1 342:347]
 -2 [ 1 355:355]

y[14413] = 1.0
Vehicle: 402  Cost: 31.05
Route: 4 124 -4 
  4 [ 0   0: 15]
124 [ 3  31: 36]
 -4 [ 3  51: 51]

y[17751] = 1.0
Vehicle: 601  Cost: 96.41
Route: 6 57 121 38 97 54 113 119 139 -6 
  6 [ 9 128:278]
 57 [ 5 300:305]
121 [ 9 311:316]
 38 [ 7 328:333]
 97 [ 8 338:343]
 54 [ 5 420:425]
113 [ 6 425:430]
119 [ 9 439:444]
139 [10 471:476]
 -6 [10 485:485]

y[12223] = 1.0
Vehicle: 202  Cost: 79.44
Route: 2 74 39 136 41 103 90 -2 
  2 [10 172:187]
 74 [ 6 209:214]
 39 [ 4 225:230]
136 [ 7 236:241]
 41 [ 3 246:251]
103 [ 4 251:256]
 90 [ 8 274:279]
 -2 [ 8 296:296]

y[12570] = 1.0
Vehicle: 504  Cost: 58.49
Route: 5 66 116 37 101 61 118 -5 
  5 [ 5 100:115]
 66 [ 4 123:128]
116 [ 6 149:154]
 37 [ 3 300:305]
101 [ 7 305:310]
 61 [ 6 420:425]
118 [ 9 425:430]
 -5 [ 9 434:434]

y[12820] = 1.0
Vehicle: 301  Cost: 58.26
Route: 3 47 100 28 45 32 98 -3 
  3 [ 8 488:503]
 47 [ 4 514:519]
100 [ 7 526:531]
 28 [ 6 549:554]
 45 [ 4 566:571]
 32 [ 3 577:582]
 98 [ 7 582:587]
 -3 [ 7 591:591]

y[12937] = 1.0
Vehicle: 501  Cost: 48.89
Route: 5 13 131 67 114 55 -5 
  5 [10 217:232]
 13 [ 7 250:255]
131 [10 300:305]
 67 [ 7 316:321]
114 [ 9 327:332]
 55 [ 5 332:337]
 -5 [ 5 345:345]

y[13102] = 1.0
Vehicle: 402  Cost: 91.69
Route: 4 16 14 82 102 117 12 104 42 125 -4 
  4 [ 6 162:177]
 16 [ 5 183:188]
 14 [ 4 191:196]
 82 [ 6 202:207]
102 [ 7 227:232]
117 [ 8 241:246]
 12 [ 5 253:258]
104 [ 7 264:269]
 42 [ 6 269:274]
125 [ 9 300:305]
 -4 [ 9 335:335]

y[13804] = 1.0
Vehicle: 807  Cost: 57.27
Route: 8 21 68 24 86 96 43 105 -8 
  8 [10 130:145]
 21 [ 9 164:169]
 68 [ 7 180:185]
 24 [ 4 187:192]
 86 [ 6 192:197]
 96 [10 202:207]
 43 [ 6 300:305]
105 [ 9 305:310]
 -8 [ 9 332:332]

y[13807] = 1.0
Vehicle: 804  Cost: 88.63
Route: 8 70 128 79 133 76 112 53 -8 
  8 [10 209:224]
 70 [ 8 235:240]
128 [10 240:245]
 79 [ 9 300:305]
133 [10 315:320]
 76 [ 6 320:325]
112 [ 9 333:338]
 53 [ 6 338:343]
 -8 [ 6 375:375]

y[14263] = 1.0
Vehicle: 803  Cost: 77.28
Route: 8 36 72 130 26 51 -8 
  8 [ 9 130:271]
 36 [ 6 300:305]
 72 [ 4 321:326]
130 [ 6 326:331]
 26 [ 3 341:346]
 51 [ 2 352:357]
 -8 [ 2 373:373]

y[14377] = 1.0
Vehicle: 806  Cost: 40.06
Route: 8 127 44 106 52 111 85 -8 
  8 [ 7 163:178]
127 [10 187:192]
 44 [ 7 199:204]
106 [ 9 204:209]
 52 [ 5 216:221]
111 [ 8 221:226]
 85 [ 9 300:305]
 -8 [ 9 317:317]

y[14721] = 1.0
Vehicle: 806  Cost: 98.07
Route: 8 23 62 135 29 94 65 123 17 80 -8 
  8 [10 143:158]
 23 [ 9 159:164]
 62 [ 7 195:200]
135 [10 213:218]
 29 [ 7 222:227]
 94 [ 9 227:232]
 65 [ 6 233:238]
123 [10 238:243]
 17 [ 9 300:305]
 80 [10 305:310]
 -8 [10 349:349]

y[15156] = 1.0
Vehicle: 503  Cost: 55.15
Route: 5 108 22 75 93 138 -5 
  5 [ 4 129:144]
108 [ 8 157:162]
 22 [ 5 166:171]
 75 [ 4 187:192]
 93 [ 8 195:200]
138 [ 9 420:425]
 -5 [ 9 440:440]

y[15317] = 1.0
Vehicle: 401  Cost: 49.13
Route: 4 58 64 122 46 107 -4 
  4 [ 8 348:363]
 58 [ 4 385:390]
 64 [ 2 420:425]
122 [ 6 425:430]
 46 [ 4 446:451]
107 [ 7 451:456]
 -4 [ 7 462:462]

y[15355] = 1.0
Vehicle: 201  Cost: 148.75
Route: 2 60 84 10 71 129 20 81 -2 
  2 [10  37: 52]
 60 [ 8 109:114]
 84 [ 9 121:126]
 10 [ 5 145:150]
 71 [ 3 181:186]
129 [ 7 186:191]
 20 [ 5 208:213]
 81 [ 9 213:218]
 -2 [ 9 236:236]

y[15532] = 1.0
Vehicle: 502  Cost: 80.74
Route: 5 91 27 31 95 92 -5 
  5 [ 4 120:135]
 91 [ 7 168:173]
 27 [ 6 173:178]
 31 [ 3 300:305]
 95 [ 6 309:314]
 92 [ 9 320:325]
 -5 [ 9 348:348]

y[17464] = 1.0
Vehicle: 203  Cost: 16.20
Route: 2 87 30 -2 
  2 [ 1  76:294]
 87 [ 4 300:305]
 30 [ 3 312:317]
 -2 [ 3 320:320]

FE: 4
SE: 24
!MIP-----
1983.12505962651,5406.875288963318,0.0389450115292785,4,24,9338,17514

Run: 3
Total Cost: 1984.49
Vehicle: 11  Cost: 72.80
Route: 1 4 -4 -1 
 1 [ 28   0:  0 [11, 12, 64, 69, 42, 16, 48, 35, 58, 14, 46]]
 4 [  0  36: 36 []]
-4 [ 19  36:350 [102, 82, 120, 104, 109, 125, 126, 117, 83]]
-1 [ 19 386:386 [102, 82, 120, 104, 109, 125, 126, 117, 83]]

Vehicle: 12  Cost: 73.76
Route: 1 2 -2 -1 
 1 [ 34   0:  0 [77, 20, 54, 71, 73, 63, 18, 50, 57, 34, 38, 59, 30]]
 2 [  0  37: 37 []]
-2 [ 24  37:452 [115, 137, 113, 121, 129, 119, 81, 132, 87, 97]]
-1 [ 24 489:489 [115, 137, 113, 121, 129, 119, 81, 132, 87, 97]]

Vehicle: 13  Cost: 181.05
Route: 1 5 -5 3 -3 -6 -4 -1 
 1 [ 45   0:  0 [32, 61, 76, 75, 31, 53, 72, 22, 27, 26, 55, 17, 66, 51, 67, 47, 37, 13, 28, 45]]
 5 [  8  82: 82 [32, 47, 28, 45]]
-5 [ 50  82:455 [133, 91, 118, 32, 93, 95, 80, 130, 116, 101, 114, 108, 112, 105, 131, 138, 47, 92, 28, 45]]
 3 [ 42 485:485 [133, 91, 118, 93, 95, 80, 130, 116, 101, 114, 108, 112, 105, 131, 138, 92]]
-3 [ 50 485:618 [100, 133, 91, 118, 93, 95, 98, 80, 130, 116, 101, 114, 108, 112, 105, 131, 138, 92, 139]]
-6 [ 57 629:644 [124, 133, 91, 118, 93, 95, 80, 130, 116, 101, 114, 108, 112, 105, 131, 138, 92, 100, 98, 139, 88]]
-4 [ 64 665:680 [133, 100, 91, 118, 93, 95, 107, 98, 80, 130, 116, 101, 114, 122, 108, 112, 105, 131, 138, 92, 139, 124, 88]]
-1 [ 64 717:717 [100, 133, 91, 118, 93, 95, 107, 98, 80, 130, 116, 101, 114, 122, 108, 112, 105, 131, 138, 92, 139, 124, 88]]

Vehicle: 18  Cost: 129.69
Route: 1 8 -8 -1 
 1 [ 70   0:  0 [33, 43, 70, 41, 60, 25, 65, 29, 24, 74, 39, 40, 19, 44, 68, 49, 23, 52, 56, 62, 10, 21, 79, 36, 78, 15]]
 8 [  0  65: 65 []]
-8 [ 42  65:354 [99, 94, 85, 110, 90, 106, 136, 111, 103, 135, 123, 128, 86, 84, 96, 89, 134, 127]]
-1 [ 42 419:419 [99, 94, 85, 110, 90, 106, 136, 111, 103, 135, 123, 128, 86, 84, 96, 89, 134, 127]]

Vehicle: 201  Cost: 61.34
Route: 2 18 50 63 115 77 137 -2 
  2 [10  37: 52]
 18 [ 6  60: 65]
 50 [ 5 180:185]
 63 [ 3 300:305]
115 [ 5 309:314]
 77 [ 2 323:328]
137 [ 3 328:333]
 -2 [ 3 345:345]

Vehicle: 202  Cost: 68.41
Route: 2 129 71 20 81 38 97 -2 
  2 [ 6  37: 52]
129 [10  83: 88]
 71 [ 8  88: 93]
 20 [ 6 180:185]
 81 [10 185:190]
 38 [ 8 300:305]
 97 [ 9 309:314]
 -2 [ 9 325:325]

Vehicle: 203  Cost: 68.75
Route: 2 59 132 73 34 87 -2 
  2 [10  37:292]
 59 [ 7 300:305]
132 [ 8 318:323]
 73 [ 5 323:328]
 34 [ 1 342:347]
 87 [ 4 375:380]
 -2 [ 4 386:386]

Vehicle: 205  Cost: 55.03
Route: 2 30 57 121 119 54 113 -2 
  2 [ 8  37:297]
 30 [ 7 300:305]
 57 [ 3 330:335]
121 [ 7 342:347]
119 [10 351:356]
 54 [ 7 420:425]
113 [ 8 425:430]
 -2 [ 8 437:437]

Vehicle: 301  Cost: 68.01
Route: 3 28 47 100 139 45 98 32 -3 
  3 [ 8 485:500]
 28 [ 7 509:514]
 47 [ 3 529:534]
100 [ 6 541:546]
139 [ 7 554:559]
 45 [ 5 578:583]
 98 [ 9 589:594]
 32 [ 8 594:599]
 -3 [ 8 603:603]

Vehicle: 401  Cost: 67.84
Route: 4 11 35 126 69 -4 
  4 [10  36:153]
 11 [ 6 180:185]
 35 [ 3 191:196]
126 [ 6 300:305]
 69 [ 3 305:310]
 -4 [ 3 335:335]

Vehicle: 403  Cost: 91.69
Route: 4 16 14 82 102 117 12 42 104 125 -4 
  4 [ 6  36:174]
 16 [ 5 180:185]
 14 [ 4 188:193]
 82 [ 6 199:204]
102 [ 7 224:229]
117 [ 8 238:243]
 12 [ 5 250:255]
 42 [ 4 260:265]
104 [ 6 265:270]
125 [ 9 300:305]
 -4 [ 9 335:335]

Vehicle: 404  Cost: 38.36
Route: 4 120 83 48 109 -4 
  4 [ 4  36: 51]
120 [ 5  62: 67]
 83 [ 9 180:185]
 48 [ 5 300:305]
109 [ 7 305:310]
 -4 [ 7 322:322]

Vehicle: 406  Cost: 49.13
Route: 4 58 122 64 46 107 -4 
  4 [ 8  36:278]
 58 [ 4 300:305]
122 [ 8 420:425]
 64 [ 6 425:430]
 46 [ 4 446:451]
107 [ 7 451:456]
 -4 [ 7 462:462]

Vehicle: 501  Cost: 91.78
Route: 5 51 26 130 72 37 101 61 118 -5 
  5 [10  82:265]
 51 [ 9 300:305]
 26 [ 6 311:316]
130 [ 8 326:331]
 72 [ 6 331:336]
 37 [ 3 352:357]
101 [ 7 357:362]
 61 [ 6 420:425]
118 [ 9 425:430]
 -5 [ 9 434:434]

Vehicle: 502  Cost: 55.15
Route: 5 108 22 75 93 138 -5 
  5 [ 4  82: 97]
108 [ 8 110:115]
 22 [ 5 119:124]
 75 [ 4 140:145]
 93 [ 8 148:153]
138 [ 9 420:425]
 -5 [ 9 440:440]

Vehicle: 504  Cost: 151.39
Route: 5 66 116 17 80 76 133 112 53 105 -5 
  5 [ 9  82: 97]
 66 [ 8 105:110]
116 [10 131:136]
 17 [ 9 300:305]
 80 [10 305:310]
 76 [ 6 319:324]
133 [ 7 324:329]
112 [10 336:341]
 53 [ 7 341:346]
105 [10 359:364]
 -5 [10 414:414]

Vehicle: 505  Cost: 48.89
Route: 5 13 131 67 55 114 -5 
  5 [10  82:162]
 13 [ 7 180:185]
131 [10 300:305]
 67 [ 7 316:321]
 55 [ 3 327:332]
114 [ 5 332:337]
 -5 [ 5 345:345]

Vehicle: 506  Cost: 80.74
Route: 5 27 91 31 95 92 -5 
  5 [ 4  82: 97]
 27 [ 3 131:136]
 91 [ 6 136:141]
 31 [ 3 300:305]
 95 [ 6 309:314]
 92 [ 9 320:325]
 -5 [ 9 348:348]

Vehicle: 601  Cost: 34.64
Route: 6 124 88 -6 
  6 [ 0   0: 15]
124 [ 3  28: 33]
 88 [ 7 420:425]
 -6 [ 7 441:441]

Vehicle: 801  Cost: 4.00
Route: 8 15 -8 
  8 [ 4  65:298]
 15 [ 0 300:305]
 -8 [ 0 307:307]

Vehicle: 802  Cost: 107.37
Route: 8 21 62 135 29 94 65 123 79 -8 
  8 [10  65: 80]
 21 [ 9  99:104]
 62 [ 7 118:123]
135 [10 135:140]
 29 [ 7 144:149]
 94 [ 9 149:154]
 65 [ 6 156:161]
123 [10 161:166]
 79 [ 9 300:305]
 -8 [ 9 335:335]

Vehicle: 803  Cost: 79.21
Route: 8 41 103 136 39 74 90 -8 
  8 [10  65: 80]
 41 [ 6 103:108]
103 [ 7 108:113]
136 [10 118:123]
 39 [ 8 130:135]
 74 [ 4 146:151]
 90 [ 8 160:165]
 -8 [ 8 189:189]

Vehicle: 804  Cost: 100.73
Route: 8 23 56 96 68 84 60 99 33 134 -8 
  8 [10  65: 80]
 23 [ 9  81: 86]
 56 [ 5  94: 99]
 96 [ 9 120:125]
 68 [ 7 180:185]
 84 [ 8 214:219]
 60 [ 6 226:231]
 99 [ 7 300:305]
 33 [ 6 305:310]
134 [ 9 314:319]
 -8 [ 9 337:337]

Vehicle: 805  Cost: 58.35
Route: 8 24 86 36 43 -8 
  8 [10  65: 80]
 24 [ 7 103:108]
 86 [ 9 108:113]
 36 [ 6 300:305]
 43 [ 2 312:317]
 -8 [ 2 339:339]

Vehicle: 806  Cost: 49.03
Route: 8 70 128 44 106 52 111 85 -8 
  8 [ 9  65: 80]
 70 [ 7  90: 95]
128 [ 9  95:100]
 44 [ 6 115:120]
106 [ 8 120:125]
 52 [ 4 132:137]
111 [ 7 137:142]
 85 [ 8 300:305]
 -8 [ 8 317:317]

Vehicle: 807  Cost: 46.68
Route: 8 127 10 89 25 49 110 -8 
  8 [ 7  65: 80]
127 [10  89: 94]
 10 [ 6 110:115]
 89 [ 8 300:305]
 25 [ 7 305:310]
 49 [ 5 316:321]
110 [ 6 321:326]
 -8 [ 6 336:336]

Vehicle: 808  Cost: 50.66
Route: 8 40 78 19 -8 
  8 [10  65:282]
 40 [ 7 300:305]
 78 [ 4 312:317]
 19 [ 0 325:330]
 -8 [ 0 348:348]

Total Cost: 1984.49
 11:72.80, 28:75 [1, 4, -4, -1]
 12:73.76, 34:75 [1, 2, -2, -1]
 13:181.05, 64:75 [1, 5, -5, 3, -3, -6, -4, -1]
 18:129.69, 70:75 [1, 8, -8, -1]
201:61.34, 10:10 [2, 18, 50, 63, 115, 77, 137, -2]
202:68.41, 10:10 [2, 129, 71, 20, 81, 38, 97, -2]
203:68.75, 10:10 [2, 59, 132, 73, 34, 87, -2]
205:55.03, 10:10 [2, 30, 57, 121, 119, 54, 113, -2]
301:68.01, 9:10 [3, 28, 47, 100, 139, 45, 98, 32, -3]
401:67.84, 10:10 [4, 11, 35, 126, 69, -4]
403:91.69, 9:10 [4, 16, 14, 82, 102, 117, 12, 42, 104, 125, -4]
404:38.36, 9:10 [4, 120, 83, 48, 109, -4]
406:49.13, 8:10 [4, 58, 122, 64, 46, 107, -4]
501:91.78, 10:10 [5, 51, 26, 130, 72, 37, 101, 61, 118, -5]
502:55.15, 9:10 [5, 108, 22, 75, 93, 138, -5]
504:151.39, 10:10 [5, 66, 116, 17, 80, 76, 133, 112, 53, 105, -5]
505:48.89, 10:10 [5, 13, 131, 67, 55, 114, -5]
506:80.74, 9:10 [5, 27, 91, 31, 95, 92, -5]
601:34.64, 7:10 [6, 124, 88, -6]
801:4.00, 4:10 [8, 15, -8]
802:107.37, 10:10 [8, 21, 62, 135, 29, 94, 65, 123, 79, -8]
803:79.21, 10:10 [8, 41, 103, 136, 39, 74, 90, -8]
804:100.73, 10:10 [8, 23, 56, 96, 68, 84, 60, 99, 33, 134, -8]
805:58.35, 10:10 [8, 24, 86, 36, 43, -8]
806:49.03, 9:10 [8, 70, 128, 44, 106, 52, 111, 85, -8]
807:46.68, 10:10 [8, 127, 10, 89, 25, 49, 110, -8]
808:50.66, 10:10 [8, 40, 78, 19, -8]
fe: 4, se: 23

!ALNS------------
100000,1984.488562940053,928.368,661.4,4,23,0.6533333333333333,0.9260869565217391,32.5,5.6521739130434785
7 11 10 7 0 0 6 0 
8.043812605973987 22.892371193530504 9.223972234214047 12.800271125793683 42.37072954337016 37.0700077967033 13.504333520829562 29.89980705825739 
3 8 3 5 7 4 9 2 
15.860191437152379 15.069060380696502 16.80859719281545 15.793757292283917 15.594700967326302 14.792629494342433 14.107829266619026 15.442419019164843 

x[63] = 1.0
Vehicle: 12  Cost: 73.76
Route: 1 2 -2 -1 
 1 [ 37   0:  0 [63, 34, 78, 73, 20, 38, 18, 54, 30, 57, 77, 59, 50, 71]]
 2 [  0  37: 37 []]
-2 [ 24  37:475 [87, 129, 132, 97, 121, 113, 137, 119, 115, 81]]
-1 [ 24 512:512 [87, 129, 132, 97, 121, 113, 137, 119, 115, 81]]

x[3866] = 1.0
Vehicle: 11  Cost: 72.80
Route: 1 4 -4 -1 
 1 [ 28   0:  0 [64, 46, 16, 69, 48, 14, 58, 42, 11, 12, 35]]
 4 [  0  36: 36 []]
-4 [ 25  36:367 [109, 126, 107, 83, 117, 102, 120, 124, 125, 104, 82]]
-1 [ 25 404:404 [109, 126, 107, 83, 117, 102, 120, 124, 125, 104, 82]]

x[4826] = 1.0
Vehicle: 13  Cost: 181.05
Route: 1 5 -5 3 -3 -6 -4 -1 
 1 [ 46   0:  0 [76, 55, 53, 32, 17, 61, 51, 47, 27, 13, 28, 26, 66, 31, 67, 22, 33, 72, 75, 37, 45]]
 5 [  8  82: 82 [32, 47, 28, 45]]
-5 [ 49  82:455 [91, 134, 108, 32, 101, 95, 47, 138, 28, 118, 131, 80, 133, 114, 112, 45, 92, 93, 99, 130]]
 3 [ 41 485:485 [91, 134, 108, 101, 95, 138, 118, 131, 80, 133, 114, 112, 92, 93, 99, 130]]
-3 [ 49 485:618 [91, 134, 108, 101, 95, 138, 100, 98, 118, 139, 131, 80, 133, 114, 112, 92, 93, 99, 130]]
-6 [ 56 629:644 [124, 91, 134, 108, 101, 95, 138, 118, 131, 80, 133, 114, 112, 92, 93, 99, 130, 100, 98, 139, 88]]
-4 [ 63 665:680 [91, 134, 108, 101, 95, 138, 100, 98, 118, 122, 139, 131, 80, 133, 114, 112, 92, 93, 99, 107, 130, 124, 88]]
-1 [ 63 717:717 [91, 134, 108, 101, 95, 138, 100, 98, 118, 122, 139, 131, 80, 133, 114, 112, 92, 93, 99, 107, 130, 124, 88]]

x[7749] = 1.0
Vehicle: 18  Cost: 129.69
Route: 1 8 -8 -1 
 1 [ 66   0:  0 [25, 43, 74, 62, 68, 49, 24, 39, 40, 21, 19, 65, 70, 52, 60, 15, 79, 10, 44, 56, 36, 29, 41, 23]]
 8 [  0  65: 65 []]
-8 [ 43  65:351 [105, 94, 103, 96, 90, 106, 86, 135, 89, 127, 136, 84, 116, 123, 128, 111, 85, 110]]
-1 [ 43 416:416 [105, 94, 103, 96, 90, 106, 86, 135, 89, 127, 136, 84, 116, 123, 128, 111, 85, 110]]

y[244] = 1.0
Vehicle: 501  Cost: 45.49
Route: 5 108 22 93 75 -5 
  5 [ 4 158:173]
108 [ 8 186:191]
 22 [ 5 194:199]
 93 [ 9 217:222]
 75 [ 8 225:230]
 -5 [ 8 238:238]

y[724] = 1.0
Vehicle: 601  Cost: 34.64
Route: 6 124 88 -6 
  6 [ 0   0: 15]
124 [ 3  28: 33]
 88 [ 7 420:425]
 -6 [ 7 441:441]

y[1352] = 1.0
Vehicle: 805  Cost: 4.00
Route: 8 15 -8 
  8 [ 4 522:537]
 15 [ 0 539:544]
 -8 [ 0 546:546]

y[2718] = 1.0
Vehicle: 807  Cost: 34.89
Route: 8 56 89 25 110 49 -8 
  8 [ 7 192:207]
 56 [ 3 216:221]
 89 [ 5 300:305]
 25 [ 4 305:310]
110 [ 5 316:321]
 49 [ 3 321:326]
 -8 [ 3 336:336]

y[3468] = 1.0
Vehicle: 203  Cost: 82.78
Route: 2 73 132 34 78 87 -2 
  2 [10  37:280]
 73 [ 7 300:305]
132 [ 8 305:310]
 34 [ 4 324:329]
 78 [ 1 340:345]
 87 [ 4 377:382]
 -2 [ 4 388:388]

y[3655] = 1.0
Vehicle: 805  Cost: 57.27
Route: 8 21 68 24 86 96 43 105 -8 
  8 [10 149:164]
 21 [ 9 183:188]
 68 [ 7 191:196]
 24 [ 4 198:203]
 86 [ 6 203:208]
 96 [10 213:218]
 43 [ 6 300:305]
105 [ 9 305:310]
 -8 [ 9 332:332]

y[3808] = 1.0
Vehicle: 401  Cost: 38.36
Route: 4 120 83 48 109 -4 
  4 [ 4 215:230]
120 [ 5 240:245]
 83 [ 9 252:257]
 48 [ 5 300:305]
109 [ 7 305:310]
 -4 [ 7 322:322]

y[4230] = 1.0
Vehicle: 202  Cost: 70.30
Route: 2 71 129 57 121 38 97 -2 
  2 [ 8  37: 52]
 71 [ 6  83: 88]
129 [10  88: 93]
 57 [ 6 300:305]
121 [10 311:316]
 38 [ 8 328:333]
 97 [ 9 338:343]
 -2 [ 9 353:353]

y[4313] = 1.0
Vehicle: 504  Cost: 160.46
Route: 5 66 17 80 76 133 112 53 51 134 138 -5 
  5 [10 100:115]
 66 [ 9 123:128]
 17 [ 8 300:305]
 80 [ 9 305:310]
 76 [ 5 319:324]
133 [ 6 324:329]
112 [ 9 336:341]
 53 [ 6 341:346]
 51 [ 5 376:381]
134 [ 8 388:393]
138 [ 9 420:425]
 -5 [ 9 440:440]

y[4847] = 1.0
Vehicle: 804  Cost: 109.59
Route: 8 10 60 84 116 36 -8 
  8 [ 9 149:164]
 10 [ 5 185:190]
 60 [ 3 202:207]
 84 [ 4 214:219]
116 [ 6 228:233]
 36 [ 3 300:305]
 -8 [ 3 334:334]

y[5110] = 1.0
Vehicle: 806  Cost: 40.06
Route: 8 127 44 106 52 111 85 -8 
  8 [ 7 192:207]
127 [10 216:221]
 44 [ 7 228:233]
106 [ 9 233:238]
 52 [ 5 245:250]
111 [ 8 250:255]
 85 [ 9 300:305]
 -8 [ 9 317:317]

y[5114] = 1.0
Vehicle: 403  Cost: 67.84
Route: 4 11 35 126 69 -4 
  4 [10 225:240]
 11 [ 6 266:271]
 35 [ 3 278:283]
126 [ 6 300:305]
 69 [ 3 305:310]
 -4 [ 3 335:335]

y[5917] = 1.0
Vehicle: 301  Cost: 67.87
Route: 3 28 47 100 139 32 98 45 -3 
  3 [ 8 485:500]
 28 [ 7 509:514]
 47 [ 3 529:534]
100 [ 6 541:546]
139 [ 7 554:559]
 32 [ 6 573:578]
 98 [10 578:583]
 45 [ 8 589:594]
 -3 [ 8 603:603]

y[6299] = 1.0
Vehicle: 504  Cost: 80.74
Route: 5 27 91 31 95 92 -5 
  5 [ 4 126:141]
 27 [ 3 174:179]
 91 [ 6 179:184]
 31 [ 3 300:305]
 95 [ 6 309:314]
 92 [ 9 320:325]
 -5 [ 9 348:348]

y[6720] = 1.0
Vehicle: 201  Cost: 67.04
Route: 2 50 63 115 137 77 59 30 -2 
  2 [10  37:153]
 50 [ 9 180:185]
 63 [ 7 300:305]
115 [ 9 309:314]
137 [10 323:328]
 77 [ 7 328:333]
 59 [ 4 341:346]
 30 [ 3 354:359]
 -2 [ 3 363:363]

y[7134] = 1.0
Vehicle: 205  Cost: 48.53
Route: 2 18 20 81 119 54 113 -2 
  2 [ 9  37: 52]
 18 [ 5  60: 65]
 20 [ 3 180:185]
 81 [ 7 185:190]
119 [10 300:305]
 54 [ 7 420:425]
113 [ 8 425:430]
 -2 [ 8 437:437]

y[8421] = 1.0
Vehicle: 406  Cost: 49.13
Route: 4 58 122 64 107 46 -4 
  4 [ 8 119:278]
 58 [ 4 300:305]
122 [ 8 420:425]
 64 [ 6 425:430]
107 [ 9 446:451]
 46 [ 7 451:456]
 -4 [ 7 462:462]

y[10526] = 1.0
Vehicle: 404  Cost: 91.69
Route: 4 16 14 82 102 117 12 42 104 125 -4 
  4 [ 6 181:196]
 16 [ 5 202:207]
 14 [ 4 211:216]
 82 [ 6 222:227]
102 [ 7 247:252]
117 [ 8 260:265]
 12 [ 5 273:278]
 42 [ 4 283:288]
104 [ 6 288:293]
125 [ 9 300:305]
 -4 [ 9 335:335]

y[10715] = 1.0
Vehicle: 501  Cost: 87.15
Route: 5 33 99 26 130 72 37 101 61 118 -5 
  5 [10 251:273]
 33 [ 9 300:305]
 99 [10 305:310]
 26 [ 7 319:324]
130 [ 9 335:340]
 72 [ 7 340:345]
 37 [ 4 361:366]
101 [ 8 366:371]
 61 [ 7 420:425]
118 [10 425:430]
 -5 [10 434:434]

y[11190] = 1.0
Vehicle: 803  Cost: 79.21
Route: 8 41 103 136 39 74 90 -8 
  8 [10 138:153]
 41 [ 6 176:181]
103 [ 7 181:186]
136 [10 191:196]
 39 [ 8 203:208]
 74 [ 4 219:224]
 90 [ 8 233:238]
 -8 [ 8 262:262]

y[11215] = 1.0
Vehicle: 802  Cost: 106.97
Route: 8 23 62 135 29 94 65 123 79 -8 
  8 [10 163:178]
 23 [ 9 179:184]
 62 [ 7 215:220]
135 [10 233:238]
 29 [ 7 242:247]
 94 [ 9 247:252]
 65 [ 6 253:258]
123 [10 258:263]
 79 [ 9 300:305]
 -8 [ 9 335:335]

y[14947] = 1.0
Vehicle: 801  Cost: 40.28
Route: 8 70 128 40 19 -8 
  8 [ 9 166:181]
 70 [ 7 192:197]
128 [ 9 197:202]
 40 [ 6 300:305]
 19 [ 2 309:314]
 -8 [ 2 332:332]

y[15655] = 1.0
Vehicle: 505  Cost: 48.89
Route: 5 13 131 67 55 114 -5 
  5 [10 251:266]
 13 [ 7 284:289]
131 [10 300:305]
 67 [ 7 316:321]
 55 [ 3 327:332]
114 [ 5 332:337]
 -5 [ 5 345:345]

FE: 4
SE: 23
!MIP-----
1970.483167992531,5401.206883907318,0.01578215318965809,4,23,7962,16887

Run: 4
Total Cost: 1980.89
Vehicle: 11  Cost: 72.80
Route: 1 4 -4 -1 
 1 [ 30   0:  0 [11, 64, 71, 46, 35, 69, 14, 42, 12, 58, 16, 48]]
 4 [  0  36: 36 []]
-4 [ 23  36:350 [104, 109, 129, 124, 125, 120, 82, 102, 83, 117]]
-1 [ 23 386:386 [104, 109, 129, 124, 125, 120, 82, 102, 83, 117]]

Vehicle: 15  Cost: 183.56
Route: 1 6 5 -5 3 -3 -6 -4 -1 
 1 [ 38   0:  0 [27, 45, 61, 32, 55, 66, 22, 28, 57, 54, 75, 67, 47, 31, 37, 13]]
 6 [ 31  47: 62 [27, 45, 61, 32, 55, 66, 22, 28, 75, 67, 47, 31, 37, 13]]
 5 [  8 100:100 [45, 32, 28, 47]]
-5 [ 40 100:455 [114, 45, 138, 93, 91, 95, 32, 92, 108, 28, 101, 47, 118, 131, 116]]
 3 [ 32 485:485 [114, 138, 93, 91, 95, 92, 108, 101, 118, 131, 116]]
-3 [ 39 485:603 [98, 114, 138, 93, 91, 95, 92, 108, 101, 100, 118, 131, 116]]
-6 [ 48 614:629 [121, 98, 114, 113, 138, 93, 91, 95, 92, 108, 139, 119, 101, 100, 118, 131, 116]]
-4 [ 62 651:666 [121, 126, 98, 114, 113, 138, 93, 91, 95, 92, 108, 122, 139, 119, 107, 101, 88, 100, 118, 131, 116]]
-1 [ 62 702:702 [121, 126, 98, 114, 113, 138, 93, 91, 95, 92, 108, 122, 139, 119, 107, 101, 88, 100, 118, 131, 116]]

Vehicle: 17  Cost: 129.69
Route: 1 8 -8 -1 
 1 [ 64   0:  0 [68, 43, 51, 21, 65, 24, 25, 53, 26, 79, 17, 23, 19, 40, 76, 70, 52, 62, 29, 72, 15, 56, 78, 36, 49]]
 8 [  0  65: 65 []]
-8 [ 37  65:410 [123, 94, 111, 80, 86, 112, 127, 130, 133, 135, 96, 110, 105, 128, 89, 85]]
-1 [ 37 475:475 [123, 94, 111, 80, 86, 112, 127, 130, 133, 135, 96, 110, 105, 128, 89, 85]]

Vehicle: 18  Cost: 73.76
Route: 1 2 -2 -1 
 1 [ 45   0:  0 [77, 59, 33, 41, 60, 10, 44, 73, 20, 30, 18, 74, 63, 39, 34, 38, 50]]
 2 [  0  37: 37 []]
-2 [ 27  37:381 [137, 103, 115, 106, 136, 81, 99, 134, 132, 87, 97, 90, 84]]
-1 [ 27 418:418 [137, 103, 115, 106, 136, 81, 99, 134, 132, 87, 97, 90, 84]]

Vehicle: 201  Cost: 130.07
Route: 2 44 106 10 60 84 99 33 134 -2 
  2 [10  37: 52]
 44 [ 7  75: 80]
106 [ 9  80: 85]
 10 [ 5 108:113]
 60 [ 3 125:130]
 84 [ 4 138:143]
 99 [ 5 300:305]
 33 [ 4 305:310]
134 [ 7 314:319]
 -2 [ 7 366:366]

Vehicle: 202  Cost: 59.93
Route: 2 50 63 115 77 137 30 -2 
  2 [ 7  37:153]
 50 [ 6 180:185]
 63 [ 4 300:305]
115 [ 6 309:314]
 77 [ 3 323:328]
137 [ 4 328:333]
 30 [ 3 342:347]
 -2 [ 3 350:350]

Vehicle: 203  Cost: 59.35
Route: 2 34 132 73 59 -2 
  2 [10  37:275]
 34 [ 6 300:305]
132 [ 7 319:324]
 73 [ 4 324:329]
 59 [ 1 342:347]
 -2 [ 1 355:355]

Vehicle: 204  Cost: 49.28
Route: 2 18 20 81 38 97 87 -2 
  2 [ 8  37: 52]
 18 [ 4  60: 65]
 20 [ 2 180:185]
 81 [ 6 185:190]
 38 [ 4 300:305]
 97 [ 5 309:314]
 87 [ 8 324:329]
 -2 [ 8 335:335]

Vehicle: 206  Cost: 79.44
Route: 2 74 39 136 41 103 90 -2 
  2 [10  37: 52]
 74 [ 6  74: 79]
 39 [ 4  90: 95]
136 [ 7 101:106]
 41 [ 3 111:116]
103 [ 4 116:121]
 90 [ 8 139:144]
 -2 [ 8 161:161]

Vehicle: 301  Cost: 58.26
Route: 3 47 100 28 45 32 98 -3 
  3 [ 8 485:500]
 47 [ 4 511:516]
100 [ 7 523:528]
 28 [ 6 546:551]
 45 [ 4 563:568]
 32 [ 3 574:579]
 98 [ 7 579:584]
 -3 [ 7 588:588]

Vehicle: 401  Cost: 86.17
Route: 4 11 35 69 126 88 -4 
  4 [10  36:153]
 11 [ 6 180:185]
 35 [ 3 191:196]
 69 [ 0 300:305]
126 [ 3 305:310]
 88 [ 7 420:425]
 -4 [ 7 434:434]

Vehicle: 402  Cost: 86.04
Route: 4 124 102 117 12 42 104 125 -4 
  4 [ 4  36: 51]
124 [ 7  67: 72]
102 [ 8  86: 91]
117 [ 9 100:105]
 12 [ 6 180:185]
 42 [ 5 190:195]
104 [ 7 195:200]
125 [10 300:305]
 -4 [10 335:335]

Vehicle: 403  Cost: 64.37
Route: 4 16 14 82 71 129 48 109 -4 
  4 [ 8  36:174]
 16 [ 7 180:185]
 14 [ 6 188:193]
 82 [ 8 199:204]
 71 [ 6 224:229]
129 [10 229:234]
 48 [ 6 300:305]
109 [ 8 305:310]
 -4 [ 8 322:322]

Vehicle: 404  Cost: 49.13
Route: 4 58 122 64 107 46 -4 
  4 [ 8  36:278]
 58 [ 4 300:305]
122 [ 8 420:425]
 64 [ 6 425:430]
107 [ 9 446:451]
 46 [ 7 451:456]
 -4 [ 7 462:462]

Vehicle: 405  Cost: 34.48
Route: 4 83 120 -4 
  4 [ 0   0:163]
 83 [ 4 180:185]
120 [ 5 192:197]
 -4 [ 5 207:207]

Vehicle: 501  Cost: 48.89
Route: 5 13 131 67 55 114 -5 
  5 [10 100:162]
 13 [ 7 180:185]
131 [10 300:305]
 67 [ 7 316:321]
 55 [ 3 327:332]
114 [ 5 332:337]
 -5 [ 5 345:345]

Vehicle: 502  Cost: 55.15
Route: 5 108 22 75 93 138 -5 
  5 [ 4 100:115]
108 [ 8 128:133]
 22 [ 5 136:141]
 75 [ 4 157:162]
 93 [ 8 166:171]
138 [ 9 420:425]
 -5 [ 9 440:440]

Vehicle: 503  Cost: 80.74
Route: 5 91 27 31 95 92 -5 
  5 [ 4 100:115]
 91 [ 7 148:153]
 27 [ 6 153:158]
 31 [ 3 300:305]
 95 [ 6 309:314]
 92 [ 9 320:325]
 -5 [ 9 348:348]

Vehicle: 504  Cost: 58.49
Route: 5 66 116 37 101 118 61 -5 
  5 [ 5 100:115]
 66 [ 4 123:128]
116 [ 6 149:154]
 37 [ 3 300:305]
101 [ 7 305:310]
118 [10 420:425]
 61 [ 9 425:430]
 -5 [ 9 434:434]

Vehicle: 601  Cost: 85.11
Route: 6 57 121 54 113 119 139 -6 
  6 [ 7  47:278]
 57 [ 3 300:305]
121 [ 7 311:316]
 54 [ 4 420:425]
113 [ 5 425:430]
119 [ 8 439:444]
139 [ 9 471:476]
 -6 [ 9 485:485]

Vehicle: 801  Cost: 98.07
Route: 8 23 62 135 29 94 65 123 17 80 -8 
  8 [10  65: 80]
 23 [ 9  81: 86]
 62 [ 7 117:122]
135 [10 135:140]
 29 [ 7 144:149]
 94 [ 9 149:154]
 65 [ 6 155:160]
123 [10 160:165]
 17 [ 9 300:305]
 80 [10 305:310]
 -8 [10 349:349]

Vehicle: 802  Cost: 4.00
Route: 8 15 -8 
  8 [ 4  65:298]
 15 [ 0 300:305]
 -8 [ 0 307:307]

Vehicle: 803  Cost: 57.27
Route: 8 21 68 24 86 96 43 105 -8 
  8 [10  65: 80]
 21 [ 9  99:104]
 68 [ 7 180:185]
 24 [ 4 187:192]
 86 [ 6 192:197]
 96 [10 202:207]
 43 [ 6 300:305]
105 [ 9 305:310]
 -8 [ 9 332:332]

Vehicle: 804  Cost: 50.66
Route: 8 19 78 40 -8 
  8 [10  65:283]
 19 [ 6 300:305]
 78 [ 3 314:319]
 40 [ 0 325:330]
 -8 [ 0 348:348]

Vehicle: 805  Cost: 88.63
Route: 8 70 128 79 76 133 53 112 -8 
  8 [10  65: 80]
 70 [ 8  90: 95]
128 [10  95:100]
 79 [ 9 300:305]
 76 [ 5 315:320]
133 [ 6 320:325]
 53 [ 3 333:338]
112 [ 6 338:343]
 -8 [ 6 375:375]

Vehicle: 809  Cost: 89.48
Route: 8 36 72 130 26 51 89 25 -8 
  8 [10  65:271]
 36 [ 7 300:305]
 72 [ 5 321:326]
130 [ 7 326:331]
 26 [ 4 341:346]
 51 [ 3 352:357]
 89 [ 5 370:375]
 25 [ 4 375:380]
 -8 [ 4 395:395]

Vehicle: 810  Cost: 48.08
Route: 8 56 127 52 111 85 49 110 -8 
  8 [10  65: 80]
 56 [ 6  89: 94]
127 [ 9 105:110]
 52 [ 5 117:122]
111 [ 8 122:127]
 85 [ 9 300:305]
 49 [ 7 311:316]
110 [ 8 316:321]
 -8 [ 8 331:331]

Total Cost: 1980.89
 11:72.80, 30:75 [1, 4, -4, -1]
 15:183.56, 62:75 [1, 6, 5, -5, 3, -3, -6, -4, -1]
 17:129.69, 64:75 [1, 8, -8, -1]
 18:73.76, 45:75 [1, 2, -2, -1]
201:130.07, 10:10 [2, 44, 106, 10, 60, 84, 99, 33, 134, -2]
202:59.93, 7:10 [2, 50, 63, 115, 77, 137, 30, -2]
203:59.35, 10:10 [2, 34, 132, 73, 59, -2]
204:49.28, 8:10 [2, 18, 20, 81, 38, 97, 87, -2]
206:79.44, 10:10 [2, 74, 39, 136, 41, 103, 90, -2]
301:58.26, 8:10 [3, 47, 100, 28, 45, 32, 98, -3]
401:86.17, 10:10 [4, 11, 35, 69, 126, 88, -4]
402:86.04, 10:10 [4, 124, 102, 117, 12, 42, 104, 125, -4]
403:64.37, 10:10 [4, 16, 14, 82, 71, 129, 48, 109, -4]
404:49.13, 9:10 [4, 58, 122, 64, 107, 46, -4]
405:34.48, 5:10 [4, 83, 120, -4]
501:48.89, 10:10 [5, 13, 131, 67, 55, 114, -5]
502:55.15, 9:10 [5, 108, 22, 75, 93, 138, -5]
503:80.74, 9:10 [5, 91, 27, 31, 95, 92, -5]
504:58.49, 10:10 [5, 66, 116, 37, 101, 118, 61, -5]
601:85.11, 9:10 [6, 57, 121, 54, 113, 119, 139, -6]
801:98.07, 10:10 [8, 23, 62, 135, 29, 94, 65, 123, 17, 80, -8]
802:4.00, 4:10 [8, 15, -8]
803:57.27, 10:10 [8, 21, 68, 24, 86, 96, 43, 105, -8]
804:50.66, 10:10 [8, 19, 78, 40, -8]
805:88.63, 10:10 [8, 70, 128, 79, 76, 133, 53, 112, -8]
809:89.48, 10:10 [8, 36, 72, 130, 26, 51, 89, 25, -8]
810:48.08, 10:10 [8, 56, 127, 52, 111, 85, 49, 110, -8]
fe: 4, se: 23

!ALNS------------
100000,1980.8878385498053,710.916,604.499,4,23,0.67,0.9043478260869565,32.5,5.6521739130434785
15 31 10 10 0 3 4 0 
8.995418092878817 20.933995624310814 9.014619418598972 10.874332320947742 49.82606491430806 28.607627752513608 15.194435511281585 36.428107422264176 
9 20 6 6 5 12 13 2 
14.84874856433966 14.406624386040738 14.150695976475728 14.259786341784615 13.640600831452453 15.04588903418739 17.054216685017913 15.11404314718474 

x[908] = 1.0
Vehicle: 11  Cost: 73.76
Route: 1 2 -2 -1 
 1 [ 32   0:  0 [63, 38, 30, 57, 50, 54, 18, 73, 34, 59, 77, 20]]
 2 [  0  37: 37 []]
-2 [ 20  37:508 [87, 121, 113, 115, 119, 137, 132, 97, 81]]
-1 [ 20 545:545 [87, 121, 113, 115, 119, 137, 132, 97, 81]]

x[3672] = 1.0
Vehicle: 16  Cost: 129.69
Route: 1 8 -8 -1 
 1 [ 74   0:  0 [72, 19, 15, 51, 78, 26, 79, 21, 29, 39, 41, 52, 56, 65, 23, 68, 49, 33, 25, 17, 53, 24, 40, 44, 43, 70, 76, 36, 62]]
 8 [  0  65: 65 []]
-8 [ 51  65:405 [110, 133, 111, 112, 135, 94, 89, 99, 134, 130, 105, 127, 80, 106, 96, 136, 123, 128, 101, 86, 85, 103]]
-1 [ 51 470:470 [110, 133, 111, 112, 135, 94, 89, 99, 134, 130, 105, 127, 80, 106, 96, 136, 123, 128, 101, 86, 85, 103]]

x[4352] = 1.0
Vehicle: 12  Cost: 104.90
Route: 1 4 6 -6 -1 
 1 [ 44   0:  0 [64, 14, 10, 74, 35, 28, 60, 16, 69, 48, 58, 46, 71, 11, 12, 42, 32, 45]]
 4 [ 27  36: 51 [10, 74, 35, 28, 60, 71, 11, 12, 42, 32, 45]]
 6 [  0  73: 73 []]
-6 [ 34  73:372 [82, 84, 117, 83, 129, 124, 139, 102, 120, 98, 125, 100, 90, 104]]
-1 [ 34 419:419 [82, 84, 117, 83, 129, 124, 139, 102, 120, 98, 125, 100, 90, 104]]

x[6340] = 1.0
Vehicle: 13  Cost: 178.70
Route: 1 7 5 -5 -7 -4 -1 
 1 [ 27   0:  0 [61, 75, 27, 31, 47, 67, 37, 13, 66, 22, 55]]
 7 [ 22  72: 87 [61, 27, 31, 67, 37, 13, 66, 22, 55]]
 5 [  0  99: 99 []]
-5 [ 27  99:449 [114, 131, 95, 91, 101, 92, 116, 118, 108]]
-7 [ 32 461:476 [93, 114, 131, 95, 91, 101, 138, 92, 116, 118, 108]]
-4 [ 48 523:538 [93, 107, 122, 114, 126, 131, 95, 91, 101, 138, 92, 88, 116, 109, 118, 108]]
-1 [ 48 575:575 [93, 107, 122, 114, 126, 131, 95, 91, 101, 138, 92, 88, 116, 109, 118, 108]]

y[152] = 1.0
Vehicle: 701  Cost: 32.41
Route: 7 75 93 138 47 -7 
  7 [ 5  89:104]
 75 [ 4 110:115]
 93 [ 8 119:124]
138 [ 9 420:425]
 47 [ 5 434:439]
 -7 [ 5 448:448]

y[1874] = 1.0
Vehicle: 807  Cost: 98.07
Route: 8 23 62 135 29 94 65 123 17 80 -8 
  8 [10  83: 98]
 23 [ 9  99:104]
 62 [ 7 135:140]
135 [10 152:157]
 29 [ 7 162:167]
 94 [ 9 167:172]
 65 [ 6 173:178]
123 [10 178:183]
 17 [ 9 300:305]
 80 [10 305:310]
 -8 [10 349:349]

y[2630] = 1.0
Vehicle: 602  Cost: 38.27
Route: 6 82 124 45 98 32 -6 
  6 [ 3 160:175]
 82 [ 5 183:188]
124 [ 8 197:202]
 45 [ 6 300:305]
 98 [10 311:316]
 32 [ 9 316:321]
 -6 [ 9 329:329]

y[2632] = 1.0000000000157434
Vehicle: 801  Cost: 40.06
Route: 8 127 44 106 52 111 85 -8 
  8 [ 7 197:212]
127 [10 221:226]
 44 [ 7 233:238]
106 [ 9 238:243]
 52 [ 5 250:255]
111 [ 8 255:260]
 85 [ 9 300:305]
 -8 [ 9 317:317]

y[3348] = 1.0
Vehicle: 603  Cost: 80.69
Route: 6 102 117 12 42 104 125 28 -6 
  6 [ 5 142:157]
102 [ 6 174:179]
117 [ 7 188:193]
 12 [ 4 200:205]
 42 [ 3 211:216]
104 [ 5 216:221]
125 [ 8 300:305]
 28 [ 7 322:327]
 -6 [ 7 347:347]

y[4066] = 1.0
Vehicle: 505  Cost: 58.78
Route: 5 55 114 67 31 95 92 -5 
  5 [10 133:292]
 55 [ 6 300:305]
114 [ 8 305:310]
 67 [ 5 316:321]
 31 [ 2 332:337]
 95 [ 5 341:346]
 92 [ 8 352:357]
 -5 [ 8 381:381]

y[4500] = 1.0
Vehicle: 202  Cost: 61.34
Route: 2 18 50 63 115 77 137 -2 
  2 [10 243:258]
 18 [ 6 266:271]
 50 [ 5 293:298]
 63 [ 3 305:310]
115 [ 5 314:319]
 77 [ 2 328:333]
137 [ 3 333:338]
 -2 [ 3 349:349]

y[5269] = 1.0
Vehicle: 402  Cost: 63.35
Route: 4 69 126 58 64 122 -4 
  4 [ 9 154:275]
 69 [ 6 300:305]
126 [ 9 305:310]
 58 [ 5 325:330]
 64 [ 3 420:425]
122 [ 7 425:430]
 -4 [ 7 449:449]

y[5370] = 1.0
Vehicle: 802  Cost: 57.27
Route: 8 21 68 24 86 96 43 105 -8 
  8 [10  65: 80]
 21 [ 9  99:104]
 68 [ 7 180:185]
 24 [ 4 187:192]
 86 [ 6 192:197]
 96 [10 202:207]
 43 [ 6 300:305]
105 [ 9 305:310]
 -8 [ 9 332:332]

y[5997] = 1.0
Vehicle: 805  Cost: 80.38
Route: 8 79 76 133 53 112 -8 
  8 [ 8  65:270]
 79 [ 7 300:305]
 76 [ 3 315:320]
133 [ 4 320:325]
 53 [ 1 333:338]
112 [ 4 338:343]
 -8 [ 4 375:375]

y[6890] = 1.000000000006253
Vehicle: 203  Cost: 59.35
Route: 2 34 132 73 59 -2 
  2 [10 179:275]
 34 [ 6 300:305]
132 [ 7 319:324]
 73 [ 4 324:329]
 59 [ 1 342:347]
 -2 [ 1 355:355]

y[6961] = 1.0
Vehicle: 502  Cost: 97.98
Route: 5 22 108 27 91 13 131 -5 
  5 [ 7 103:118]
 22 [ 4 133:138]
108 [ 8 141:146]
 27 [ 7 173:178]
 91 [10 178:183]
 13 [ 7 213:218]
131 [10 300:305]
 -5 [10 322:322]

y[7030] = 1.0000000000023428
Vehicle: 401  Cost: 47.48
Route: 4 16 14 109 48 88 46 107 -4 
  4 [ 8  36:174]
 16 [ 7 180:185]
 14 [ 6 188:193]
109 [ 8 300:305]
 48 [ 4 305:310]
 88 [ 8 420:425]
 46 [ 6 438:443]
107 [ 9 443:448]
 -4 [ 9 455:455]

y[7165] = 1.0
Vehicle: 203  Cost: 45.98
Route: 2 20 81 38 97 54 113 30 -2 
  2 [ 8  37:162]
 20 [ 6 180:185]
 81 [10 185:190]
 38 [ 8 300:305]
 97 [ 9 309:314]
 54 [ 6 420:425]
113 [ 7 425:430]
 30 [ 6 437:442]
 -2 [ 6 445:445]

y[8098] = 1.0
Vehicle: 601  Cost: 191.38
Route: 6 74 90 10 60 84 100 139 -6 
  6 [10  73: 88]
 74 [ 6 153:158]
 90 [10 167:172]
 10 [ 6 215:220]
 60 [ 4 232:237]
 84 [ 5 245:250]
100 [ 8 300:305]
139 [ 9 313:318]
 -6 [ 9 326:326]

y[8120] = 1.0
Vehicle: 806  Cost: 47.92
Route: 8 56 99 33 134 89 25 49 110 -8 
  8 [ 8 209:224]
 56 [ 4 233:238]
 99 [ 5 300:305]
 33 [ 4 305:310]
134 [ 7 314:319]
 89 [ 9 325:330]
 25 [ 8 330:335]
 49 [ 6 342:347]
110 [ 7 347:352]
 -8 [ 7 362:362]

y[8742] = 1.0
Vehicle: 801  Cost: 66.85
Route: 8 103 41 136 39 78 -8 
  8 [ 9  83: 98]
103 [10 121:126]
 41 [ 6 126:131]
136 [ 9 136:141]
 39 [ 7 148:153]
 78 [ 4 300:305]
 -8 [ 4 330:330]

y[10589] = 1.0
Vehicle: 809  Cost: 40.28
Route: 8 70 128 40 19 -8 
  8 [ 9 100:115]
 70 [ 7 126:131]
128 [ 9 131:136]
 40 [ 6 300:305]
 19 [ 2 309:314]
 -8 [ 2 332:332]

y[10894] = 1.0
Vehicle: 805  Cost: 77.28
Route: 8 36 72 130 26 51 -8 
  8 [ 9  83:271]
 36 [ 6 300:305]
 72 [ 4 321:326]
130 [ 6 326:331]
 26 [ 3 341:346]
 51 [ 2 352:357]
 -8 [ 2 373:373]

y[11485] = 1.0
Vehicle: 501  Cost: 58.49
Route: 5 66 116 101 37 118 61 -5 
  5 [ 5 118:133]
 66 [ 4 140:145]
116 [ 6 167:172]
101 [10 300:305]
 37 [ 7 305:310]
118 [10 420:425]
 61 [ 9 425:430]
 -5 [ 9 434:434]

y[11864] = 1.0
Vehicle: 805  Cost: 4.00
Route: 8 15 -8 
  8 [ 4  85:298]
 15 [ 0 300:305]
 -8 [ 0 307:307]

y[12563] = 1.0
Vehicle: 601  Cost: 102.32
Route: 6 120 11 35 83 71 129 -6 
  6 [ 9  73: 88]
120 [10 110:115]
 11 [ 6 180:185]
 35 [ 3 191:196]
 83 [ 7 218:223]
 71 [ 5 241:246]
129 [ 9 246:251]
 -6 [ 9 268:268]

y[15725] = 1.0
Vehicle: 204  Cost: 51.06
Route: 2 57 121 119 87 -2 
  2 [ 4  37:275]
 57 [ 0 300:305]
121 [ 4 311:316]
119 [ 7 320:325]
 87 [10 335:340]
 -2 [10 346:346]

FE: 4
SE: 23
!MIP-----
1988.045384872345,3265.6212170124054,9.784396310900404E-5,4,23,8953,15992

Run: 5
Total Cost: 1974.39
Vehicle: 11  Cost: 73.76
Route: 1 2 -2 -1 
 1 [ 35   0:  0 [73, 74, 38, 77, 59, 20, 41, 63, 34, 50, 30, 18, 39]]
 2 [  0  37: 37 []]
-2 [ 20  37:370 [103, 132, 97, 137, 115, 87, 81, 90, 136]]
-1 [ 20 407:407 [103, 132, 97, 137, 115, 87, 81, 90, 136]]

Vehicle: 12  Cost: 168.88
Route: 1 4 7 -7 -6 -4 -1 
 1 [ 40   0:  0 [58, 46, 55, 16, 75, 22, 27, 31, 66, 69, 64, 48, 37, 61, 14, 67, 13]]
 4 [ 23  36: 51 [55, 75, 22, 27, 31, 66, 37, 61, 67, 13]]
 7 [  0  99: 99 []]
-7 [ 28  99:470 [91, 114, 92, 108, 101, 116, 118, 138, 95, 131]]
-6 [ 36 497:512 [121, 91, 114, 92, 108, 101, 119, 116, 113, 118, 138, 95, 131]]
-4 [ 52 533:548 [126, 121, 109, 91, 114, 92, 108, 107, 101, 122, 119, 116, 113, 118, 88, 138, 95, 131]]
-1 [ 52 585:585 [126, 121, 109, 91, 114, 92, 108, 107, 101, 122, 119, 116, 113, 118, 88, 138, 95, 131]]

Vehicle: 14  Cost: 93.91
Route: 1 6 -6 -1 
 1 [ 34   0:  0 [71, 57, 42, 10, 45, 35, 60, 12, 11, 32, 28, 54, 47]]
 6 [  0  47: 47 []]
-6 [ 34  47:362 [93, 104, 102, 124, 120, 100, 125, 98, 84, 117, 129, 82, 139, 83]]
-1 [ 34 409:409 [93, 104, 102, 124, 120, 100, 125, 98, 84, 117, 129, 82, 139, 83]]

Vehicle: 16  Cost: 129.69
Route: 1 8 -8 -1 
 1 [ 68   0:  0 [49, 65, 33, 76, 72, 17, 56, 23, 21, 29, 25, 43, 79, 26, 24, 53, 70, 40, 19, 51, 62, 52, 15, 44, 68, 78, 36]]
 8 [  0  65: 65 []]
-8 [ 43  65:402 [133, 111, 86, 105, 135, 134, 112, 89, 123, 96, 128, 106, 130, 80, 85, 127, 110, 94, 99]]
-1 [ 43 466:466 [133, 111, 86, 105, 135, 134, 112, 89, 123, 96, 128, 106, 130, 80, 85, 127, 110, 94, 99]]

Vehicle: 201  Cost: 59.35
Route: 2 34 132 73 59 -2 
  2 [10  37:275]
 34 [ 6 300:305]
132 [ 7 319:324]
 73 [ 4 324:329]
 59 [ 1 342:347]
 -2 [ 1 355:355]

Vehicle: 202  Cost: 59.93
Route: 2 50 63 115 137 77 30 -2 
  2 [ 7  37:153]
 50 [ 6 180:185]
 63 [ 4 300:305]
115 [ 6 309:314]
137 [ 7 323:328]
 77 [ 4 328:333]
 30 [ 3 342:347]
 -2 [ 3 350:350]

Vehicle: 203  Cost: 49.28
Route: 2 18 81 20 38 97 87 -2 
  2 [ 8  37: 52]
 18 [ 4  60: 65]
 81 [ 8 180:185]
 20 [ 6 185:190]
 38 [ 4 300:305]
 97 [ 5 309:314]
 87 [ 8 324:329]
 -2 [ 8 335:335]

Vehicle: 204  Cost: 79.44
Route: 2 74 39 136 41 103 90 -2 
  2 [10  37: 52]
 74 [ 6  74: 79]
 39 [ 4  90: 95]
136 [ 7 101:106]
 41 [ 3 111:116]
103 [ 4 116:121]
 90 [ 8 139:144]
 -2 [ 8 161:161]

Vehicle: 401  Cost: 63.35
Route: 4 69 126 58 64 122 -4 
  4 [ 9  36:275]
 69 [ 6 300:305]
126 [ 9 305:310]
 58 [ 5 325:330]
 64 [ 3 420:425]
122 [ 7 425:430]
 -4 [ 7 449:449]

Vehicle: 403  Cost: 47.48
Route: 4 16 14 48 109 88 46 107 -4 
  4 [ 8  36:174]
 16 [ 7 180:185]
 14 [ 6 188:193]
 48 [ 2 300:305]
109 [ 4 305:310]
 88 [ 8 420:425]
 46 [ 6 438:443]
107 [ 9 443:448]
 -4 [ 9 455:455]

Vehicle: 601  Cost: 80.69
Route: 6 102 117 12 42 104 125 28 -6 
  6 [ 5  47: 62]
102 [ 6  79: 84]
117 [ 7  93: 98]
 12 [ 4 180:185]
 42 [ 3 190:195]
104 [ 5 195:200]
125 [ 8 300:305]
 28 [ 7 322:327]
 -6 [ 7 347:347]

Vehicle: 602  Cost: 38.27
Route: 6 82 124 45 32 98 -6 
  6 [ 3  47: 62]
 82 [ 5  70: 75]
124 [ 8  84: 89]
 45 [ 6 300:305]
 32 [ 5 311:316]
 98 [ 9 316:321]
 -6 [ 9 329:329]

Vehicle: 603  Cost: 102.32
Route: 6 120 11 35 83 71 129 -6 
  6 [ 9  47: 62]
120 [10  84: 89]
 11 [ 6 180:185]
 35 [ 3 191:196]
 83 [ 7 218:223]
 71 [ 5 241:246]
129 [ 9 246:251]
 -6 [ 9 268:268]

Vehicle: 604  Cost: 114.58
Route: 6 10 60 84 93 47 100 139 -6 
  6 [10  47: 62]
 10 [ 6  98:103]
 60 [ 4 115:120]
 84 [ 5 127:132]
 93 [ 9 156:161]
 47 [ 5 300:305]
100 [ 8 312:317]
139 [ 9 325:330]
 -6 [ 9 338:338]

Vehicle: 605  Cost: 81.30
Route: 6 57 121 119 54 113 -6 
  6 [ 7  47:278]
 57 [ 3 300:305]
121 [ 7 311:316]
119 [10 320:325]
 54 [ 7 420:425]
113 [ 8 425:430]
 -6 [ 8 470:470]

Vehicle: 701  Cost: 113.95
Route: 7 75 66 13 116 37 101 131 61 138 -7 
  7 [ 9  99:114]
 75 [ 8 120:125]
 66 [ 7 138:143]
 13 [ 4 180:185]
116 [ 6 207:212]
 37 [ 3 300:305]
101 [ 7 305:310]
131 [10 326:331]
 61 [ 9 420:425]
138 [10 441:446]
 -7 [10 455:455]

Vehicle: 702  Cost: 73.52
Route: 7 31 95 67 55 114 118 -7 
  7 [10  99:275]
 31 [ 7 300:305]
 95 [10 309:314]
 67 [ 7 330:335]
 55 [ 3 340:345]
114 [ 5 345:350]
118 [ 8 420:425]
 -7 [ 8 439:439]

Vehicle: 703  Cost: 80.81
Route: 7 22 108 27 91 92 -7 
  7 [ 4  99:114]
 22 [ 1 125:130]
108 [ 5 133:138]
 27 [ 4 166:171]
 91 [ 7 171:176]
 92 [10 300:305]
 -7 [10 331:331]

Vehicle: 801  Cost: 50.66
Route: 8 40 78 19 -8 
  8 [10  65:282]
 40 [ 7 300:305]
 78 [ 4 312:317]
 19 [ 0 325:330]
 -8 [ 0 348:348]

Vehicle: 802  Cost: 57.27
Route: 8 21 68 24 86 96 43 105 -8 
  8 [10  65: 80]
 21 [ 9  99:104]
 68 [ 7 180:185]
 24 [ 4 187:192]
 86 [ 6 192:197]
 96 [10 202:207]
 43 [ 6 300:305]
105 [ 9 305:310]
 -8 [ 9 332:332]

Vehicle: 803  Cost: 88.63
Route: 8 70 128 79 133 76 53 112 -8 
  8 [10  65: 80]
 70 [ 8  90: 95]
128 [10  95:100]
 79 [ 9 300:305]
133 [10 315:320]
 76 [ 6 320:325]
 53 [ 3 333:338]
112 [ 6 338:343]
 -8 [ 6 375:375]

Vehicle: 804  Cost: 40.06
Route: 8 127 44 106 52 111 85 -8 
  8 [ 7  65: 80]
127 [10  89: 94]
 44 [ 7 101:106]
106 [ 9 106:111]
 52 [ 5 118:123]
111 [ 8 123:128]
 85 [ 9 300:305]
 -8 [ 9 317:317]

Vehicle: 805  Cost: 4.00
Route: 8 15 -8 
  8 [ 4  65:298]
 15 [ 0 300:305]
 -8 [ 0 307:307]

Vehicle: 807  Cost: 47.92
Route: 8 56 99 33 134 89 25 110 49 -8 
  8 [ 8  65: 80]
 56 [ 4  89: 94]
 99 [ 5 300:305]
 33 [ 4 305:310]
134 [ 7 314:319]
 89 [ 9 325:330]
 25 [ 8 330:335]
110 [ 9 342:347]
 49 [ 7 347:352]
 -8 [ 7 362:362]

Vehicle: 808  Cost: 77.28
Route: 8 51 26 130 72 36 -8 
  8 [ 9  65:284]
 51 [ 8 300:305]
 26 [ 5 311:316]
130 [ 7 326:331]
 72 [ 5 331:336]
 36 [ 2 352:357]
 -8 [ 2 387:387]

Vehicle: 809  Cost: 98.07
Route: 8 23 62 135 29 94 65 123 17 80 -8 
  8 [10  65: 80]
 23 [ 9  81: 86]
 62 [ 7 117:122]
135 [10 135:140]
 29 [ 7 144:149]
 94 [ 9 149:154]
 65 [ 6 155:160]
123 [10 160:165]
 17 [ 9 300:305]
 80 [10 305:310]
 -8 [10 349:349]

Total Cost: 1974.39
 11:73.76, 35:75 [1, 2, -2, -1]
 12:168.88, 52:75 [1, 4, 7, -7, -6, -4, -1]
 14:93.91, 34:75 [1, 6, -6, -1]
 16:129.69, 68:75 [1, 8, -8, -1]
201:59.35, 10:10 [2, 34, 132, 73, 59, -2]
202:59.93, 7:10 [2, 50, 63, 115, 137, 77, 30, -2]
203:49.28, 8:10 [2, 18, 81, 20, 38, 97, 87, -2]
204:79.44, 10:10 [2, 74, 39, 136, 41, 103, 90, -2]
401:63.35, 9:10 [4, 69, 126, 58, 64, 122, -4]
403:47.48, 9:10 [4, 16, 14, 48, 109, 88, 46, 107, -4]
601:80.69, 8:10 [6, 102, 117, 12, 42, 104, 125, 28, -6]
602:38.27, 9:10 [6, 82, 124, 45, 32, 98, -6]
603:102.32, 10:10 [6, 120, 11, 35, 83, 71, 129, -6]
604:114.58, 10:10 [6, 10, 60, 84, 93, 47, 100, 139, -6]
605:81.30, 10:10 [6, 57, 121, 119, 54, 113, -6]
701:113.95, 10:10 [7, 75, 66, 13, 116, 37, 101, 131, 61, 138, -7]
702:73.52, 10:10 [7, 31, 95, 67, 55, 114, 118, -7]
703:80.81, 10:10 [7, 22, 108, 27, 91, 92, -7]
801:50.66, 10:10 [8, 40, 78, 19, -8]
802:57.27, 10:10 [8, 21, 68, 24, 86, 96, 43, 105, -8]
803:88.63, 10:10 [8, 70, 128, 79, 133, 76, 53, 112, -8]
804:40.06, 10:10 [8, 127, 44, 106, 52, 111, 85, -8]
805:4.00, 4:10 [8, 15, -8]
807:47.92, 9:10 [8, 56, 99, 33, 134, 89, 25, 110, 49, -8]
808:77.28, 9:10 [8, 51, 26, 130, 72, 36, -8]
809:98.07, 10:10 [8, 23, 62, 135, 29, 94, 65, 123, 17, 80, -8]
fe: 4, se: 22

!ALNS------------
100000,1974.3935350754991,919.839,552.361,4,22,0.63,0.9181818181818182,32.5,5.909090909090909
12 26 17 6 0 0 6 0 
8.667103637282212 19.80830333909635 9.236954296191838 11.995415307187699 22.197408477874205 27.526836596567684 14.702145952809545 35.50041037941545 
6 8 7 13 5 6 16 6 
14.501458459948733 13.36440832421882 15.001497999655655 14.371668270885353 13.601966182535127 13.557685841328858 14.926705620597806 14.052069163106399 

x[4994] = 1.0
Vehicle: 11  Cost: 73.76
Route: 1 2 -2 -1 
 1 [ 35   0:  0 [73, 74, 77, 59, 20, 41, 63, 18, 39, 38, 34, 30, 50]]
 2 [  0  37: 37 []]
-2 [ 29  37:381 [81, 90, 136, 115, 137, 97, 132, 87, 103, 83, 104, 84, 82]]
-1 [ 29 418:418 [81, 90, 136, 115, 137, 97, 132, 87, 103, 83, 104, 84, 82]]

x[6929] = 1.0
Vehicle: 12  Cost: 168.88
Route: 1 4 7 -7 -6 -4 -1 
 1 [ 40   0:  0 [16, 61, 27, 75, 64, 66, 69, 14, 31, 67, 55, 37, 13, 22, 58, 46, 48]]
 4 [ 23  36: 51 [61, 27, 75, 66, 31, 67, 55, 37, 13, 22]]
 7 [  0  99: 99 []]
-7 [ 28  99:470 [108, 101, 91, 114, 118, 138, 116, 95, 131, 92]]
-6 [ 43 497:512 [121, 113, 108, 101, 91, 114, 118, 138, 116, 95, 131, 92, 98, 125, 119]]
-4 [ 59 533:548 [126, 121, 113, 108, 101, 122, 91, 107, 109, 114, 118, 138, 116, 88, 95, 131, 92, 98, 125, 119]]
-1 [ 59 585:585 [126, 121, 113, 108, 101, 122, 91, 107, 109, 114, 118, 138, 116, 88, 95, 131, 92, 98, 125, 119]]

x[7748] = 1.0
Vehicle: 14  Cost: 93.91
Route: 1 6 -6 -1 
 1 [ 34   0:  0 [57, 35, 60, 54, 10, 71, 11, 47, 12, 45, 28, 42, 32]]
 6 [  0  47: 47 []]
-6 [ 34  47:372 [120, 129, 125, 84, 93, 83, 98, 124, 100, 104, 82, 102, 139, 117]]
-1 [ 34 419:419 [120, 129, 125, 84, 93, 83, 98, 124, 100, 104, 82, 102, 139, 117]]

x[8727] = 1.0
Vehicle: 16  Cost: 129.69
Route: 1 8 -8 -1 
 1 [ 68   0:  0 [26, 23, 19, 29, 51, 43, 76, 68, 72, 25, 17, 79, 44, 33, 24, 49, 78, 36, 70, 53, 52, 56, 21, 62, 15, 65, 40]]
 8 [  0  65: 65 []]
-8 [ 48  65:402 [94, 106, 128, 135, 134, 99, 89, 123, 130, 105, 110, 85, 112, 133, 96, 86, 111, 103, 80, 121, 127]]
-1 [ 48 466:466 [94, 106, 128, 135, 134, 99, 89, 123, 130, 105, 110, 85, 112, 133, 96, 86, 111, 103, 80, 121, 127]]

y[226] = 1.0
Vehicle: 803  Cost: 88.63
Route: 8 70 128 79 76 133 112 53 -8 
  8 [10 115:130]
 70 [ 8 141:146]
128 [10 146:151]
 79 [ 9 300:305]
 76 [ 5 315:320]
133 [ 6 320:325]
112 [ 9 333:338]
 53 [ 6 338:343]
 -8 [ 6 375:375]

y[384] = 1.0
Vehicle: 202  Cost: 59.93
Route: 2 50 63 115 77 137 30 -2 
  2 [ 7 184:199]
 50 [ 6 226:231]
 63 [ 4 300:305]
115 [ 6 309:314]
 77 [ 3 323:328]
137 [ 4 328:333]
 30 [ 3 342:347]
 -2 [ 3 350:350]

y[1117] = 1.0
Vehicle: 802  Cost: 57.27
Route: 8 21 68 86 24 96 43 105 -8 
  8 [10 199:214]
 21 [ 9 233:238]
 68 [ 7 242:247]
 86 [ 9 249:254]
 24 [ 6 254:259]
 96 [10 264:269]
 43 [ 6 300:305]
105 [ 9 305:310]
 -8 [ 9 332:332]

y[3646] = 1.0
Vehicle: 602  Cost: 64.23
Route: 6 45 125 28 98 32 -6 
  6 [ 4  47:288]
 45 [ 2 300:305]
125 [ 5 320:325]
 28 [ 4 342:347]
 98 [ 8 358:363]
 32 [ 7 363:368]
 -6 [ 7 377:377]

y[4451] = 1.0
Vehicle: 701  Cost: 113.95
Route: 7 75 66 13 116 101 37 131 61 138 -7 
  7 [ 9 136:151]
 75 [ 8 158:163]
 66 [ 7 176:181]
 13 [ 4 193:198]
116 [ 6 221:226]
101 [10 300:305]
 37 [ 7 305:310]
131 [10 326:331]
 61 [ 9 420:425]
138 [10 441:446]
 -7 [10 455:455]

y[5918] = 1.0
Vehicle: 805  Cost: 40.06
Route: 8 127 44 106 52 111 85 -8 
  8 [ 7 161:176]
127 [10 185:190]
 44 [ 7 197:202]
106 [ 9 202:207]
 52 [ 5 214:219]
111 [ 8 219:224]
 85 [ 9 300:305]
 -8 [ 9 317:317]

y[6212] = 1.0
Vehicle: 204  Cost: 49.28
Route: 2 18 20 81 38 97 87 -2 
  2 [ 8  37: 52]
 18 [ 4  60: 65]
 20 [ 2 180:185]
 81 [ 6 185:190]
 38 [ 4 300:305]
 97 [ 5 309:314]
 87 [ 8 324:329]
 -2 [ 8 335:335]

y[6938] = 1.0
Vehicle: 809  Cost: 98.05
Route: 8 62 135 29 94 65 123 17 80 -8 
  8 [ 9 195:210]
 62 [ 7 243:248]
135 [10 260:265]
 29 [ 7 269:274]
 94 [ 9 274:279]
 65 [ 6 280:285]
123 [10 285:290]
 17 [ 9 300:305]
 80 [10 305:310]
 -8 [10 349:349]

y[6941] = 1.0
Vehicle: 801  Cost: 50.66
Route: 8 40 78 19 -8 
  8 [10 132:282]
 40 [ 7 300:305]
 78 [ 4 312:317]
 19 [ 0 325:330]
 -8 [ 0 348:348]

y[10614] = 1.0
Vehicle: 702  Cost: 73.52
Route: 7 31 95 67 55 114 118 -7 
  7 [10 106:275]
 31 [ 7 300:305]
 95 [10 309:314]
 67 [ 7 330:335]
 55 [ 3 340:345]
114 [ 5 345:350]
118 [ 8 420:425]
 -7 [ 8 439:439]

y[10642] = 1.0
Vehicle: 703  Cost: 80.81
Route: 7 22 108 27 91 92 -7 
  7 [ 4 106:121]
 22 [ 1 133:138]
108 [ 5 141:146]
 27 [ 4 173:178]
 91 [ 7 178:183]
 92 [10 300:305]
 -7 [10 331:331]

y[11574] = 1.0
Vehicle: 803  Cost: 5.24
Route: 8 23 15 -8 
  8 [ 5 116:131]
 23 [ 4 132:137]
 15 [ 0 300:305]
 -8 [ 0 307:307]

y[11845] = 1.0
Vehicle: 401  Cost: 47.48
Route: 4 16 14 48 109 88 46 107 -4 
  4 [ 8 102:174]
 16 [ 7 180:185]
 14 [ 6 188:193]
 48 [ 2 300:305]
109 [ 4 305:310]
 88 [ 8 420:425]
 46 [ 6 438:443]
107 [ 9 443:448]
 -4 [ 9 455:455]

y[12562] = 1.0
Vehicle: 808  Cost: 77.28
Route: 8 36 130 72 26 51 -8 
  8 [ 9 110:271]
 36 [ 6 300:305]
130 [ 8 321:326]
 72 [ 6 326:331]
 26 [ 3 341:346]
 51 [ 2 352:357]
 -8 [ 2 373:373]

y[13662] = 1.0
Vehicle: 201  Cost: 59.35
Route: 2 34 132 73 59 -2 
  2 [10 177:275]
 34 [ 6 300:305]
132 [ 7 319:324]
 73 [ 4 324:329]
 59 [ 1 342:347]
 -2 [ 1 355:355]

y[13923] = 1.0
Vehicle: 204  Cost: 79.44
Route: 2 74 39 136 103 41 90 -2 
  2 [10  91:106]
 74 [ 6 128:133]
 39 [ 4 144:149]
136 [ 7 155:160]
103 [ 8 165:170]
 41 [ 4 170:175]
 90 [ 8 193:198]
 -2 [ 8 216:216]

y[14476] = 1.0
Vehicle: 603  Cost: 102.32
Route: 6 120 11 35 83 71 129 -6 
  6 [ 9 174:189]
120 [10 211:216]
 11 [ 6 234:239]
 35 [ 3 245:250]
 83 [ 7 272:277]
 71 [ 5 295:300]
129 [ 9 300:305]
 -6 [ 9 321:321]

y[14695] = 1.0
Vehicle: 807  Cost: 47.92
Route: 8 56 33 99 134 89 25 49 110 -8 
  8 [ 8 251:266]
 56 [ 4 275:280]
 33 [ 3 300:305]
 99 [ 4 305:310]
134 [ 7 314:319]
 89 [ 9 325:330]
 25 [ 8 330:335]
 49 [ 6 342:347]
110 [ 7 347:352]
 -8 [ 7 362:362]

y[15014] = 1.0
Vehicle: 401  Cost: 63.35
Route: 4 69 126 58 122 64 -4 
  4 [ 9  36:275]
 69 [ 6 300:305]
126 [ 9 305:310]
 58 [ 5 325:330]
122 [ 9 420:425]
 64 [ 7 425:430]
 -4 [ 7 449:449]

y[15563] = 1.0
Vehicle: 605  Cost: 81.30
Route: 6 57 121 119 54 113 -6 
  6 [ 7  84:278]
 57 [ 3 300:305]
121 [ 7 311:316]
119 [10 320:325]
 54 [ 7 420:425]
113 [ 8 425:430]
 -6 [ 8 470:470]

y[15961] = 1.0
Vehicle: 601  Cost: 67.80
Route: 6 102 117 12 104 42 124 82 -6 
  6 [ 4 114:129]
102 [ 5 147:152]
117 [ 6 161:166]
 12 [ 3 180:185]
104 [ 5 190:195]
 42 [ 4 195:200]
124 [ 7 213:218]
 82 [ 9 227:232]
 -6 [ 9 239:239]

y[16143] = 1.0
Vehicle: 604  Cost: 114.58
Route: 6 10 60 84 93 47 100 139 -6 
  6 [10  85:100]
 10 [ 6 136:141]
 60 [ 4 153:158]
 84 [ 5 166:171]
 93 [ 9 195:200]
 47 [ 5 300:305]
100 [ 8 312:317]
139 [ 9 325:330]
 -6 [ 9 338:338]

FE: 4
SE: 22
!MIP-----
1988.690107461537,5401.553278923035,0.04411266466987797,4,22,9118,16692