--Parameters Information--
speed=1
run=5
iteration= 100000
batch=100
restartPeriod=10000
largeRemovalOccurrence=500
initialLNS=250
lowerBoundSmallRemoval=4
smallRemoval=0.2
lowerBoundLargeRemoval=0.55
largeRemoval=0.8
initialWeight=1.0
decayRate=0.1
gamma1=9.0
gamma2=5.0
gamma3=2.0
gamma4=0.0
coolingRate=0.9995
temperatureControlParameter=0.05
initialAcceptanceProbability=0.5
perturbation=0.5
perturbationFactor=0.01
split=20000

Setup: Split
Data: C_100_10_D

Run: 1
Total Cost: 2081.39
Vehicle: 11  Cost: 159.17
Route: 1 3 -3 6 -6 -5 -1 
 1 [ 59   0:  0 [36, 65, 47, 67, 86, 64, 68, 73, 35, 37, 56, 61, 23, 72, 29, 42, 69, 12, 22, 77, 14, 48]]
 3 [ 30  74: 74 [47, 67, 86, 61, 23, 72, 42, 22, 77, 48]]
-3 [ 38  74:400 [47, 67, 86, 120, 119, 61, 23, 72, 111, 42, 22, 77, 48]]
 6 [  8 422:422 [120, 119, 111]]
-6 [ 23 422:592 [123, 105, 120, 119, 128, 92, 111]]
-5 [ 34 630:645 [123, 125, 131, 96, 105, 101, 120, 119, 128, 92, 111, 107]]
-1 [ 34 670:670 [123, 125, 131, 96, 105, 101, 120, 119, 128, 92, 111, 107]]

Vehicle: 12  Cost: 127.35
Route: 1 4 8 6 -6 -1 
 1 [ 57   0:  0 [24, 71, 83, 33, 27, 30, 88, 90, 62, 18, 60, 11, 45, 55, 89, 53, 50, 74, 39, 20]]
 4 [ 38  34: 49 [24, 71, 33, 18, 60, 11, 45, 55, 89, 53, 50, 74, 39, 20]]
 8 [ 23  72: 87 [24, 33, 18, 11, 45, 55, 89, 53, 50, 20]]
 6 [  0  97: 97 []]
-6 [ 21  97:359 [94, 106, 116, 100, 93, 109, 134, 135]]
-1 [ 21 419:419 [94, 106, 116, 100, 93, 109, 134, 135]]

Vehicle: 14  Cost: 70.94
Route: 1 7 -7 -1 
 1 [ 53   0:  0 [21, 63, 76, 85, 46, 51, 41, 28, 57, 59, 17, 15, 52, 54, 81, 80, 49, 10, 31, 87, 44, 38]]
 7 [  0  35: 35 []]
-7 [ 42  35:377 [112, 130, 99, 113, 104, 126, 118, 91, 129, 95, 110, 98, 115, 114, 103, 122]]
-1 [ 42 412:412 [112, 130, 99, 113, 104, 126, 118, 91, 129, 95, 110, 98, 115, 114, 103, 122]]

Vehicle: 16  Cost: 72.05
Route: 1 5 9 -9 -1 
 1 [ 46   0:  0 [84, 78, 70, 26, 43, 32, 75, 82, 34, 13, 25, 66, 58, 40, 19, 79, 16]]
 5 [ 27  25: 40 [84, 78, 26, 43, 34, 13, 66, 58, 79, 16]]
 9 [  0  52: 52 []]
-9 [ 22  52:370 [97, 127, 133, 102, 117, 124, 121, 108, 132]]
-1 [ 22 404:404 [97, 127, 133, 102, 117, 124, 121, 108, 132]]

Vehicle: 301  Cost: 37.31
Route: 3 37 64 68 -3 
  3 [10  74: 89]
 37 [ 8  94: 99]
 64 [ 4 180:185]
 68 [ 0 300:305]
 -3 [ 0 313:313]

Vehicle: 302  Cost: 122.86
Route: 3 73 36 14 12 29 -3 
  3 [10  74:285]
 73 [ 7 300:305]
 36 [ 5 311:316]
 14 [ 4 333:338]
 12 [ 3 377:382]
 29 [ 0 420:425]
 -3 [ 0 440:440]

Vehicle: 303  Cost: 102.55
Route: 3 35 69 120 119 65 111 56 -3 
  3 [ 9  74: 89]
 35 [ 6 122:127]
 69 [ 2 300:305]
120 [ 4 305:310]
119 [ 8 323:328]
 65 [ 7 328:333]
111 [ 9 344:349]
 56 [ 8 349:354]
 -3 [ 8 385:385]

Vehicle: 401  Cost: 20.69
Route: 4 90 88 62 -4 
  4 [ 9  34: 49]
 90 [ 6  55: 60]
 88 [ 4  61: 66]
 62 [ 0 300:305]
 -4 [ 0 310:310]

Vehicle: 402  Cost: 27.22
Route: 4 27 83 30 -4 
  4 [10  34: 49]
 27 [ 7  56: 61]
 83 [ 4  71: 76]
 30 [ 0  80: 85]
 -4 [ 0  91: 91]

Vehicle: 501  Cost: 49.89
Route: 5 25 32 96 70 -5 
  5 [ 9  25: 41]
 25 [ 5  60: 65]
 32 [ 4  71: 76]
 96 [ 7  76: 81]
 70 [ 3 300:305]
 -5 [ 3 325:325]

Vehicle: 502  Cost: 78.13
Route: 5 19 82 131 107 40 101 75 125 -5 
  5 [10  25: 40]
 19 [ 6  58: 63]
 82 [ 5 300:305]
131 [ 6 305:310]
107 [ 9 313:318]
 40 [ 7 327:332]
101 [ 9 332:337]
 75 [ 6 420:425]
125 [ 8 425:430]
 -5 [ 8 466:466]

Vehicle: 601  Cost: 119.87
Route: 6 67 86 23 92 -6 
  6 [10 422:437]
 67 [ 8 467:472]
 86 [ 4 497:502]
 23 [ 0 515:520]
 92 [ 4 520:525]
 -6 [ 4 577:577]

Vehicle: 602  Cost: 130.57
Route: 6 20 45 106 53 109 11 93 24 94 -6 
  6 [10  97:112]
 20 [ 8 154:159]
 45 [ 4 164:169]
106 [ 5 169:174]
 53 [ 3 186:191]
109 [ 6 191:196]
 11 [ 5 202:207]
 93 [ 7 230:235]
 24 [ 6 300:305]
 94 [ 9 305:310]
 -6 [ 9 344:344]

Vehicle: 603  Cost: 13.15
Route: 6 134 33 -6 
  6 [ 3  97:112]
134 [ 7 116:121]
 33 [ 4 300:305]
 -6 [ 4 311:311]

Vehicle: 605  Cost: 103.23
Route: 6 89 135 55 18 50 100 116 -6 
  6 [10  97:112]
 89 [ 6 153:158]
135 [ 9 158:163]
 55 [ 8 171:176]
 18 [ 5 177:182]
 50 [ 3 207:212]
100 [ 5 217:222]
116 [ 8 229:234]
 -6 [ 8 251:251]

Vehicle: 606  Cost: 115.44
Route: 6 48 77 128 123 61 -6 
  6 [10 422:437]
 48 [ 6 472:477]
 77 [ 3 485:490]
128 [ 6 504:509]
123 [10 521:526]
 61 [ 7 539:544]
 -6 [ 7 577:577]

Vehicle: 607  Cost: 100.23
Route: 6 47 22 42 105 72 -6 
  6 [10 422:437]
 47 [ 7 449:454]
 22 [ 4 488:493]
 42 [ 3 505:510]
105 [ 7 510:515]
 72 [ 4 525:530]
 -6 [ 4 562:562]

Vehicle: 701  Cost: 126.28
Route: 7 114 46 49 21 103 87 44 -7 
  7 [ 9  35: 50]
114 [10  63: 68]
 46 [ 8  86: 91]
 49 [ 6 113:118]
 21 [ 4 124:129]
103 [ 8 139:144]
 87 [ 7 300:305]
 44 [ 5 316:321]
 -7 [ 5 361:361]

Vehicle: 702  Cost: 89.48
Route: 7 15 98 115 63 122 118 -7 
  7 [ 4  35: 50]
 15 [ 3  60: 65]
 98 [ 4  85: 90]
115 [ 6 104:109]
 63 [ 3 109:114]
122 [ 6 118:123]
118 [ 9 300:305]
 -7 [ 9 342:342]

Vehicle: 703  Cost: 17.44
Route: 7 81 130 59 113 -7 
  7 [ 7  35:293]
 81 [ 4 300:305]
130 [ 8 305:310]
 59 [ 4 313:318]
113 [ 8 318:323]
 -7 [ 8 330:330]

Vehicle: 704  Cost: 62.68
Route: 7 54 17 85 110 28 -7 
  7 [10  35: 50]
 54 [ 6  71: 76]
 17 [ 5  79: 84]
 85 [ 1  87: 92]
110 [ 3  98:103]
 28 [ 2 300:305]
 -7 [ 2 329:329]

Vehicle: 705  Cost: 36.96
Route: 7 31 76 126 91 38 99 -7 
  7 [10  35: 50]
 31 [ 8  60: 65]
 76 [ 4  70: 75]
126 [ 7  75: 80]
 91 [10  90: 95]
 38 [ 6 300:305]
 99 [10 305:310]
 -7 [10 321:321]

Vehicle: 706  Cost: 6.32
Route: 7 52 -7 
  7 [ 4  35:297]
 52 [ 0 300:305]
 -7 [ 0 308:308]

Vehicle: 711  Cost: 60.76
Route: 7 80 129 10 51 104 41 95 57 112 -7 
  7 [ 9  35: 50]
 80 [ 8  71: 76]
129 [10  76: 81]
 10 [ 6  87: 92]
 51 [ 5 300:305]
104 [ 8 307:312]
 41 [ 6 312:317]
 95 [ 7 333:338]
 57 [ 6 342:347]
112 [ 8 347:352]
 -7 [ 8 362:362]

Vehicle: 801  Cost: 20.67
Route: 8 39 60 -8 
  8 [ 8  72:175]
 39 [ 4 180:185]
 60 [ 0 300:305]
 -8 [ 0 315:315]

Vehicle: 802  Cost: 23.01
Route: 8 71 74 -8 
  8 [ 7  72: 87]
 71 [ 3  92: 97]
 74 [ 0 420:425]
 -8 [ 0 436:436]

Vehicle: 901  Cost: 66.92
Route: 9 117 26 79 132 127 78 108 -9 
  9 [ 9  52: 67]
117 [10  76: 81]
 26 [ 6  92: 97]
 79 [ 5 180:185]
132 [ 9 194:199]
127 [10 300:305]
 78 [ 6 305:310]
108 [ 9 321:326]
 -9 [ 9 339:339]

Vehicle: 902  Cost: 71.60
Route: 9 16 13 124 102 121 43 -9 
  9 [10  52: 67]
 16 [ 7  99:104]
 13 [ 4 300:305]
124 [ 7 307:312]
102 [ 8 314:319]
121 [10 324:329]
 43 [ 6 339:344]
 -9 [ 6 355:355]

Vehicle: 903  Cost: 48.60
Route: 9 84 133 58 66 34 97 -9 
  9 [ 8  52: 67]
 84 [ 7  77: 82]
133 [10  82: 87]
 58 [ 7  99:104]
 66 [ 4 111:116]
 34 [ 3 180:185]
 97 [ 7 185:190]
 -9 [ 7 198:198]

Total Cost: 2081.39
 11:159.17, 59:75 [1, 3, -3, 6, -6, -5, -1]
 12:127.35, 57:75 [1, 4, 8, 6, -6, -1]
 14:70.94, 53:75 [1, 7, -7, -1]
 16:72.05, 46:75 [1, 5, 9, -9, -1]
301:37.31, 10:10 [3, 37, 64, 68, -3]
302:122.86, 10:10 [3, 73, 36, 14, 12, 29, -3]
303:102.55, 9:10 [3, 35, 69, 120, 119, 65, 111, 56, -3]
401:20.69, 9:10 [4, 90, 88, 62, -4]
402:27.22, 10:10 [4, 27, 83, 30, -4]
501:49.89, 9:10 [5, 25, 32, 96, 70, -5]
502:78.13, 10:10 [5, 19, 82, 131, 107, 40, 101, 75, 125, -5]
601:119.87, 10:10 [6, 67, 86, 23, 92, -6]
602:130.57, 10:10 [6, 20, 45, 106, 53, 109, 11, 93, 24, 94, -6]
603:13.15, 7:10 [6, 134, 33, -6]
605:103.23, 10:10 [6, 89, 135, 55, 18, 50, 100, 116, -6]
606:115.44, 10:10 [6, 48, 77, 128, 123, 61, -6]
607:100.23, 10:10 [6, 47, 22, 42, 105, 72, -6]
701:126.28, 10:10 [7, 114, 46, 49, 21, 103, 87, 44, -7]
702:89.48, 9:10 [7, 15, 98, 115, 63, 122, 118, -7]
703:17.44, 8:10 [7, 81, 130, 59, 113, -7]
704:62.68, 10:10 [7, 54, 17, 85, 110, 28, -7]
705:36.96, 10:10 [7, 31, 76, 126, 91, 38, 99, -7]
706:6.32, 4:10 [7, 52, -7]
711:60.76, 10:10 [7, 80, 129, 10, 51, 104, 41, 95, 57, 112, -7]
801:20.67, 8:10 [8, 39, 60, -8]
802:23.01, 7:10 [8, 71, 74, -8]
901:66.92, 10:10 [9, 117, 26, 79, 132, 127, 78, 108, -9]
902:71.60, 10:10 [9, 16, 13, 124, 102, 121, 43, -9]
903:48.60, 10:10 [9, 84, 133, 58, 66, 34, 97, -9]
fe: 4, se: 25

!ALNS------------
100000,2081.3918628253655,818.701,587.422,4,25,0.7166666666666667,0.92,31.5,5.04
13 12 13 4 1 5 9 1 
9.18663302908637 21.340336696542998 10.296289870400129 12.839101928432445 34.028102833774334 18.790966185008916 16.20297497455859 19.61973466774407 
12 7 2 9 5 8 8 7 
15.337717106438427 14.392965123438268 14.238575416003814 12.338348548734645 14.313619447415146 15.29360312472319 15.160620534185 14.407931849431067 

x[8240] = 1.0
Vehicle: 14  Cost: 70.94
Route: 1 7 -7 -1 
 1 [ 53   0:  0 [76, 41, 57, 49, 31, 44, 87, 59, 28, 81, 52, 63, 15, 80, 17, 54, 46, 38, 21, 10, 51, 85]]
 7 [  0  35: 35 []]
-7 [ 42  35:382 [112, 113, 95, 114, 122, 99, 104, 130, 118, 103, 129, 115, 110, 98, 91, 126]]
-1 [ 42 417:417 [112, 113, 95, 114, 122, 99, 104, 130, 118, 103, 129, 115, 110, 98, 91, 126]]

x[8381] = 1.0
Vehicle: 16  Cost: 72.05
Route: 1 5 -5 9 -9 -1 
 1 [ 46   0:  0 [84, 78, 70, 26, 43, 32, 75, 34, 25, 66, 58, 40, 19, 79, 82, 13, 16]]
 5 [ 27  25: 25 [84, 78, 26, 43, 34, 66, 58, 79, 13, 16]]
-5 [ 31  25:103 [134, 84, 78, 26, 43, 34, 66, 58, 79, 13, 16]]
 9 [  4 115:115 [134]]
-9 [ 26 115:371 [97, 127, 133, 102, 117, 124, 121, 108, 132, 134]]
-1 [ 26 406:406 [97, 127, 133, 102, 117, 124, 121, 108, 132, 134]]

x[10175] = 1.0
Vehicle: 11  Cost: 160.46
Route: 1 8 3 -3 6 -6 -5 -1 
 1 [ 74   0:  0 [42, 67, 47, 48, 65, 73, 86, 23, 22, 61, 36, 77, 72, 14, 35, 69, 71, 39, 56, 12, 37, 29, 64, 60, 74, 68]]
 8 [ 59  55: 70 [42, 67, 47, 48, 65, 73, 86, 23, 22, 61, 36, 77, 72, 14, 35, 69, 56, 12, 37, 29, 64, 68]]
 3 [ 30  90: 90 [42, 67, 47, 48, 86, 23, 22, 61, 77, 72]]
-3 [ 38  90:400 [42, 67, 119, 47, 48, 120, 86, 23, 22, 61, 77, 72, 111]]
 6 [  8 422:422 [119, 120, 111]]
-6 [ 23 422:592 [119, 120, 123, 92, 128, 111, 105]]
-5 [ 34 630:645 [101, 107, 119, 120, 123, 92, 96, 128, 131, 111, 125, 105]]
-1 [ 34 670:670 [101, 107, 119, 120, 123, 92, 96, 128, 131, 111, 125, 105]]

x[10909] = 1.0
Vehicle: 12  Cost: 120.21
Route: 1 4 6 -6 -1 
 1 [ 42   0:  0 [53, 55, 20, 89, 33, 24, 18, 11, 50, 62, 88, 27, 45, 83, 90, 30]]
 4 [ 23  34: 49 [53, 55, 20, 89, 33, 24, 18, 11, 50, 45]]
 6 [  0  75: 75 []]
-6 [ 21  75:359 [135, 94, 100, 93, 106, 116, 109, 134]]
-1 [ 21 419:419 [135, 94, 100, 93, 106, 116, 109, 134]]

y[811] = 1.0
Vehicle: 705  Cost: 35.24
Route: 7 76 126 15 91 38 99 -7 
  7 [ 9  59: 74]
 76 [ 5  87: 92]
126 [ 8  92: 97]
 15 [ 7 107:112]
 91 [10 112:117]
 38 [ 6 300:305]
 99 [10 305:310]
 -7 [10 321:321]

y[875] = 1.0
Vehicle: 802  Cost: 23.01
Route: 8 71 74 -8 
  8 [ 7 245:260]
 71 [ 3 265:270]
 74 [ 0 420:425]
 -8 [ 0 436:436]

y[2142] = 1.0
Vehicle: 401  Cost: 27.22
Route: 4 30 83 27 -4 
  4 [10 247:262]
 30 [ 6 269:274]
 83 [ 3 278:283]
 27 [ 0 292:297]
 -4 [ 0 304:304]

y[2214] = 1.0
Vehicle: 604  Cost: 13.15
Route: 6 134 33 -6 
  6 [ 3 130:145]
134 [ 7 149:154]
 33 [ 4 300:305]
 -6 [ 4 311:311]

y[2552] = 1.0
Vehicle: 905  Cost: 71.60
Route: 9 16 13 124 102 121 43 -9 
  9 [10 223:238]
 16 [ 7 269:274]
 13 [ 4 300:305]
124 [ 7 307:312]
102 [ 8 314:319]
121 [10 324:329]
 43 [ 6 339:344]
 -9 [ 6 355:355]

y[2555] = 1.0
Vehicle: 301  Cost: 37.31
Route: 3 37 64 68 -3 
  3 [10 106:121]
 37 [ 8 126:131]
 64 [ 4 180:185]
 68 [ 0 300:305]
 -3 [ 0 313:313]

y[3227] = 1.0
Vehicle: 704  Cost: 64.79
Route: 7 54 85 110 28 112 57 -7 
  7 [10  35: 50]
 54 [ 6  71: 76]
 85 [ 2  82: 87]
110 [ 4  93: 98]
 28 [ 3 300:305]
112 [ 5 321:326]
 57 [ 4 326:331]
 -7 [ 4 341:341]

y[3414] = 1.0
Vehicle: 903  Cost: 48.60
Route: 9 84 133 58 66 97 34 -9 
  9 [ 8 139:154]
 84 [ 7 163:168]
133 [10 168:173]
 58 [ 7 185:190]
 66 [ 4 197:202]
 97 [ 8 214:219]
 34 [ 7 219:224]
 -9 [ 7 232:232]

y[3419] = 1.0
Vehicle: 607  Cost: 100.23
Route: 6 47 22 42 105 72 -6 
  6 [10 423:438]
 47 [ 7 449:454]
 22 [ 4 488:493]
 42 [ 3 506:511]
105 [ 7 511:516]
 72 [ 4 526:531]
 -6 [ 4 563:563]

y[4053] = 1.0
Vehicle: 602  Cost: 130.57
Route: 6 20 45 106 53 109 11 93 94 24 -6 
  6 [10 149:164]
 20 [ 8 205:210]
 45 [ 4 215:220]
106 [ 5 220:225]
 53 [ 3 237:242]
109 [ 6 242:247]
 11 [ 5 253:258]
 93 [ 7 282:287]
 94 [10 300:305]
 24 [ 9 305:310]
 -6 [ 9 344:344]

y[4112] = 1.0
Vehicle: 901  Cost: 66.92
Route: 9 117 26 79 132 78 127 108 -9 
  9 [ 9 139:154]
117 [10 163:168]
 26 [ 6 179:184]
 79 [ 5 188:193]
132 [ 9 202:207]
 78 [ 5 300:305]
127 [ 6 305:310]
108 [ 9 321:326]
 -9 [ 9 339:339]

y[4646] = 1.0
Vehicle: 601  Cost: 119.87
Route: 6 67 86 92 23 -6 
  6 [10 422:437]
 67 [ 8 467:472]
 86 [ 4 497:502]
 92 [ 8 515:520]
 23 [ 4 520:525]
 -6 [ 4 577:577]

y[5512] = 1.0
Vehicle: 605  Cost: 103.23
Route: 6 89 135 55 18 50 100 116 -6 
  6 [10  75: 90]
 89 [ 6 130:135]
135 [ 9 135:140]
 55 [ 8 149:154]
 18 [ 5 155:160]
 50 [ 3 185:190]
100 [ 5 195:200]
116 [ 8 207:212]
 -6 [ 8 228:228]

y[6339] = 1.0
Vehicle: 606  Cost: 115.44
Route: 6 48 77 128 123 61 -6 
  6 [10  97:437]
 48 [ 6 472:477]
 77 [ 3 485:490]
128 [ 6 504:509]
123 [10 521:526]
 61 [ 7 539:544]
 -6 [ 7 577:577]

y[7171] = 1.0
Vehicle: 705  Cost: 6.32
Route: 7 52 -7 
  7 [ 4 286:301]
 52 [ 0 304:309]
 -7 [ 0 312:312]

y[7937] = 1.0
Vehicle: 701  Cost: 124.49
Route: 7 17 46 49 21 103 87 44 95 -7 
  7 [10  35: 50]
 17 [ 9  73: 78]
 46 [ 7  84: 89]
 49 [ 5 111:116]
 21 [ 3 122:127]
103 [ 7 137:142]
 87 [ 6 300:305]
 44 [ 4 316:321]
 95 [ 5 350:355]
 -7 [ 5 367:367]

y[8693] = 1.0
Vehicle: 501  Cost: 49.89
Route: 5 25 32 96 70 -5 
  5 [ 9  62: 77]
 25 [ 5  96:101]
 32 [ 4 107:112]
 96 [ 7 112:117]
 70 [ 3 300:305]
 -5 [ 3 325:325]

y[9040] = 1.0
Vehicle: 802  Cost: 20.67
Route: 8 39 60 -8 
  8 [ 8 275:290]
 39 [ 4 296:301]
 60 [ 0 306:311]
 -8 [ 0 321:321]

y[9103] = 1.0
Vehicle: 703  Cost: 21.83
Route: 7 31 59 113 81 130 -7 
  7 [ 9  59: 74]
 31 [ 7  83: 88]
 59 [ 3 300:305]
113 [ 7 305:310]
 81 [ 4 313:318]
130 [ 8 318:323]
 -7 [ 8 330:330]

y[9423] = 1.0
Vehicle: 401  Cost: 20.69
Route: 4 90 88 62 -4 
  4 [ 9 263:278]
 90 [ 6 284:289]
 88 [ 4 290:295]
 62 [ 0 303:308]
 -4 [ 0 314:314]

y[11056] = 1.0
Vehicle: 302  Cost: 122.86
Route: 3 73 36 14 12 29 -3 
  3 [10 101:285]
 73 [ 7 300:305]
 36 [ 5 311:316]
 14 [ 4 333:338]
 12 [ 3 377:382]
 29 [ 0 420:425]
 -3 [ 0 440:440]

y[12766] = 1.0
Vehicle: 711  Cost: 55.49
Route: 7 129 80 10 41 104 51 -7 
  7 [ 8  59: 74]
129 [10  95:100]
 80 [ 9 100:105]
 10 [ 5 111:116]
 41 [ 3 300:305]
104 [ 6 305:310]
 51 [ 5 312:317]
 -7 [ 5 343:343]

y[12919] = 1.0
Vehicle: 303  Cost: 102.55
Route: 3 35 69 120 119 65 111 56 -3 
  3 [ 9 120:135]
 35 [ 6 168:173]
 69 [ 2 300:305]
120 [ 4 305:310]
119 [ 8 323:328]
 65 [ 7 328:333]
111 [ 9 344:349]
 56 [ 8 349:354]
 -3 [ 8 385:385]

y[15781] = 1.0
Vehicle: 707  Cost: 91.03
Route: 7 114 98 63 115 122 118 -7 
  7 [ 3  35: 50]
114 [ 4  63: 68]
 98 [ 5  87: 92]
 63 [ 2 105:110]
115 [ 4 110:115]
122 [ 7 119:124]
118 [10 300:305]
 -7 [10 342:342]

y[16192] = 1.0
Vehicle: 502  Cost: 78.13
Route: 5 19 82 131 107 40 101 75 125 -5 
  5 [10 110:125]
 19 [ 6 143:148]
 82 [ 5 300:305]
131 [ 6 305:310]
107 [ 9 313:318]
 40 [ 7 327:332]
101 [ 9 332:337]
 75 [ 6 420:425]
125 [ 8 425:430]
 -5 [ 8 466:466]

FE: 4
SE: 25
!MIP-----
2074.8015031059167,5400.647256135941,0.017711927506264286,4,25,11588,16975

Run: 2
Total Cost: 2076.08
Vehicle: 11  Cost: 128.56
Route: 1 8 6 -6 -5 -1 
 1 [ 69   0:  0 [42, 65, 24, 71, 22, 36, 73, 72, 53, 86, 33, 37, 11, 14, 74, 12, 60, 77, 39, 50, 64, 56, 23, 67, 68, 47, 29]]
 8 [ 55  55: 70 [42, 65, 24, 22, 36, 73, 72, 53, 86, 37, 11, 14, 12, 60, 77, 50, 64, 56, 23, 67, 68, 47, 29]]
 6 [  0  81: 81 []]
-6 [ 25  81:525 [119, 109, 94, 105, 100, 111, 92, 128]]
-5 [ 36 563:578 [119, 109, 94, 105, 96, 100, 111, 131, 107, 101, 92, 125, 128]]
-1 [ 36 603:603 [119, 109, 94, 105, 96, 100, 111, 131, 107, 101, 92, 125, 128]]

Vehicle: 13  Cost: 70.94
Route: 1 7 -7 -1 
 1 [ 74   0:  0 [59, 48, 57, 80, 41, 81, 15, 49, 89, 54, 51, 45, 38, 28, 61, 31, 76, 17, 52, 44, 85, 10, 46, 87, 63, 21, 18, 55, 20]]
 7 [  0  35: 35 []]
-7 [ 59  35:380 [135, 123, 95, 113, 112, 99, 134, 122, 98, 114, 126, 129, 118, 130, 110, 116, 93, 103, 91, 104, 115, 106]]
-1 [ 59 416:416 [135, 123, 95, 113, 112, 99, 134, 122, 98, 114, 126, 129, 118, 130, 110, 116, 93, 103, 91, 104, 115, 106]]

Vehicle: 15  Cost: 72.05
Route: 1 5 9 -9 -1 
 1 [ 72   0:  0 [19, 78, 32, 43, 26, 88, 82, 25, 58, 13, 34, 69, 16, 84, 62, 27, 83, 75, 40, 70, 66, 35, 90, 30, 79]]
 5 [ 34  25: 40 [78, 43, 26, 58, 13, 34, 69, 16, 84, 66, 35, 79]]
 9 [  0  52: 52 []]
-9 [ 24  52:367 [97, 108, 133, 132, 102, 121, 124, 127, 120, 117]]
-1 [ 24 401:401 [97, 108, 133, 132, 102, 121, 124, 127, 120, 117]]

Vehicle: 501  Cost: 35.13
Route: 5 27 30 83 -5 
  5 [10  25: 40]
 27 [ 7  48: 53]
 30 [ 3  61: 66]
 83 [ 0  70: 75]
 -5 [ 0  90: 90]

Vehicle: 502  Cost: 33.56
Route: 5 88 90 62 -5 
  5 [ 9  25: 40]
 88 [ 7  54: 59]
 90 [ 4  60: 65]
 62 [ 0 300:305]
 -5 [ 0 315:315]

Vehicle: 503  Cost: 49.89
Route: 5 25 96 32 70 -5 
  5 [ 9  25: 41]
 25 [ 5  60: 65]
 96 [ 8  71: 76]
 32 [ 7  76: 81]
 70 [ 3 300:305]
 -5 [ 3 325:325]

Vehicle: 505  Cost: 78.13
Route: 5 19 131 82 107 40 101 75 125 -5 
  5 [10  25: 40]
 19 [ 6  58: 63]
131 [ 7 300:305]
 82 [ 6 305:310]
107 [ 9 313:318]
 40 [ 7 327:332]
101 [ 9 332:337]
 75 [ 6 420:425]
125 [ 8 425:430]
 -5 [ 8 466:466]

Vehicle: 601  Cost: 53.95
Route: 6 37 68 36 -6 
  6 [ 8  81: 96]
 37 [ 6 114:119]
 68 [ 2 300:305]
 36 [ 0 311:316]
 -6 [ 0 339:339]

Vehicle: 602  Cost: 161.40
Route: 6 60 119 65 56 111 12 29 -6 
  6 [10  81:280]
 60 [ 6 300:305]
119 [10 340:345]
 65 [ 9 345:350]
 56 [ 8 361:366]
111 [10 366:371]
 12 [ 9 401:406]
 29 [ 6 437:442]
 -6 [ 6 476:476]

Vehicle: 603  Cost: 116.18
Route: 6 24 22 86 105 42 -6 
  6 [ 9  81:266]
 24 [ 8 300:305]
 22 [ 5 420:425]
 86 [ 1 441:446]
105 [ 5 459:464]
 42 [ 4 464:469]
 -6 [ 4 510:510]

Vehicle: 604  Cost: 41.81
Route: 6 64 73 47 -6 
  6 [10  81:164]
 64 [ 6 180:185]
 73 [ 3 300:305]
 47 [ 0 420:425]
 -6 [ 0 437:437]

Vehicle: 607  Cost: 130.91
Route: 6 11 53 109 23 92 77 128 -6 
  6 [10  81:129]
 11 [ 9 180:185]
 53 [ 7 191:196]
109 [10 196:201]
 23 [ 6 300:305]
 92 [10 305:310]
 77 [ 7 320:325]
128 [10 420:425]
 -6 [10 469:469]

Vehicle: 608  Cost: 114.78
Route: 6 100 50 14 94 72 67 -6 
  6 [ 8  81:157]
100 [10 180:185]
 50 [ 8 191:196]
 14 [ 7 300:305]
 94 [10 335:340]
 72 [ 7 420:425]
 67 [ 5 427:432]
 -6 [ 5 462:462]

Vehicle: 701  Cost: 60.76
Route: 7 80 129 10 51 104 41 95 112 57 -7 
  7 [ 9  35: 50]
 80 [ 8  71: 76]
129 [10  76: 81]
 10 [ 6  87: 92]
 51 [ 5 300:305]
104 [ 8 307:312]
 41 [ 6 312:317]
 95 [ 7 333:338]
112 [ 9 342:347]
 57 [ 8 347:352]
 -7 [ 8 362:362]

Vehicle: 702  Cost: 59.98
Route: 7 54 17 85 110 114 91 15 99 -7 
  7 [10  35: 50]
 54 [ 6  71: 76]
 17 [ 5  79: 84]
 85 [ 1  87: 92]
110 [ 3  98:103]
114 [ 4 112:117]
 91 [ 7 123:128]
 15 [ 6 128:133]
 99 [10 300:305]
 -7 [10 316:316]

Vehicle: 703  Cost: 17.44
Route: 7 59 113 81 130 -7 
  7 [ 7  35:293]
 59 [ 3 300:305]
113 [ 7 305:310]
 81 [ 4 313:318]
130 [ 8 318:323]
 -7 [ 8 330:330]

Vehicle: 704  Cost: 123.97
Route: 7 46 49 21 103 87 44 -7 
  7 [ 9  35: 50]
 46 [ 7  79: 84]
 49 [ 5 106:111]
 21 [ 3 117:122]
103 [ 7 132:137]
 87 [ 6 300:305]
 44 [ 4 316:321]
 -7 [ 4 361:361]

Vehicle: 705  Cost: 101.22
Route: 7 76 126 122 63 115 98 28 -7 
  7 [ 8  35: 50]
 76 [ 4  64: 69]
126 [ 7  69: 74]
122 [10 104:109]
 63 [ 7 113:118]
115 [ 9 118:123]
 98 [10 137:142]
 28 [ 9 300:305]
 -7 [ 9 329:329]

Vehicle: 706  Cost: 125.22
Route: 7 31 89 135 48 118 123 -7 
  7 [10  35: 50]
 31 [ 8  60: 65]
 89 [ 4 115:120]
135 [ 7 120:125]
 48 [ 3 300:305]
118 [ 6 318:323]
123 [10 325:330]
 -7 [10 365:365]

Vehicle: 707  Cost: 48.41
Route: 7 61 38 -7 
  7 [ 7  35:396]
 61 [ 4 420:425]
 38 [ 0 439:444]
 -7 [ 0 455:455]

Vehicle: 708  Cost: 6.32
Route: 7 52 -7 
  7 [ 4  35:297]
 52 [ 0 300:305]
 -7 [ 0 308:308]

Vehicle: 711  Cost: 164.21
Route: 7 45 106 20 55 18 93 116 134 -7 
  7 [10  35: 50]
 45 [ 6 107:112]
106 [ 7 112:117]
 20 [ 5 122:127]
 55 [ 4 142:147]
 18 [ 1 148:153]
 93 [ 3 164:169]
116 [ 6 199:204]
134 [10 225:230]
 -7 [10 255:255]

Vehicle: 801  Cost: 13.48
Route: 8 39 71 -8 
  8 [ 8  55:175]
 39 [ 4 180:185]
 71 [ 0 188:193]
 -8 [ 0 198:198]

Vehicle: 802  Cost: 23.78
Route: 8 33 74 -8 
  8 [ 6  55:293]
 33 [ 3 300:305]
 74 [ 0 420:425]
 -8 [ 0 436:436]

Vehicle: 901  Cost: 27.07
Route: 9 58 34 97 43 -9 
  9 [ 8  52: 67]
 58 [ 5  71: 76]
 34 [ 4 180:185]
 97 [ 8 185:190]
 43 [ 4 300:305]
 -9 [ 4 315:315]

Vehicle: 903  Cost: 75.28
Route: 9 66 16 13 124 102 121 -9 
  9 [ 9  52: 67]
 66 [ 6  77: 82]
 16 [ 3 108:113]
 13 [ 0 300:305]
124 [ 3 307:312]
102 [ 4 314:319]
121 [ 6 324:329]
 -9 [ 6 350:350]

Vehicle: 904  Cost: 56.71
Route: 9 84 133 35 127 78 -9 
  9 [ 8  52: 67]
 84 [ 7  77: 82]
133 [10  82: 87]
 35 [ 7 106:111]
127 [ 8 300:305]
 78 [ 4 305:310]
 -9 [ 4 331:331]

Vehicle: 905  Cost: 84.92
Route: 9 117 26 79 132 69 120 108 -9 
  9 [ 9  52: 67]
117 [10  76: 81]
 26 [ 6  92: 97]
 79 [ 5 180:185]
132 [ 9 194:199]
 69 [ 5 300:305]
120 [ 7 305:310]
108 [10 334:339]
 -9 [10 352:352]

Total Cost: 2076.08
 11:128.56, 69:75 [1, 8, 6, -6, -5, -1]
 13:70.94, 74:75 [1, 7, -7, -1]
 15:72.05, 72:75 [1, 5, 9, -9, -1]
501:35.13, 10:10 [5, 27, 30, 83, -5]
502:33.56, 9:10 [5, 88, 90, 62, -5]
503:49.89, 9:10 [5, 25, 96, 32, 70, -5]
505:78.13, 10:10 [5, 19, 131, 82, 107, 40, 101, 75, 125, -5]
601:53.95, 8:10 [6, 37, 68, 36, -6]
602:161.40, 10:10 [6, 60, 119, 65, 56, 111, 12, 29, -6]
603:116.18, 9:10 [6, 24, 22, 86, 105, 42, -6]
604:41.81, 10:10 [6, 64, 73, 47, -6]
607:130.91, 10:10 [6, 11, 53, 109, 23, 92, 77, 128, -6]
608:114.78, 10:10 [6, 100, 50, 14, 94, 72, 67, -6]
701:60.76, 10:10 [7, 80, 129, 10, 51, 104, 41, 95, 112, 57, -7]
702:59.98, 10:10 [7, 54, 17, 85, 110, 114, 91, 15, 99, -7]
703:17.44, 8:10 [7, 59, 113, 81, 130, -7]
704:123.97, 9:10 [7, 46, 49, 21, 103, 87, 44, -7]
705:101.22, 10:10 [7, 76, 126, 122, 63, 115, 98, 28, -7]
706:125.22, 10:10 [7, 31, 89, 135, 48, 118, 123, -7]
707:48.41, 7:10 [7, 61, 38, -7]
708:6.32, 4:10 [7, 52, -7]
711:164.21, 10:10 [7, 45, 106, 20, 55, 18, 93, 116, 134, -7]
801:13.48, 8:10 [8, 39, 71, -8]
802:23.78, 6:10 [8, 33, 74, -8]
901:27.07, 8:10 [9, 58, 34, 97, 43, -9]
903:75.28, 9:10 [9, 66, 16, 13, 124, 102, 121, -9]
904:56.71, 10:10 [9, 84, 133, 35, 127, 78, -9]
905:84.92, 10:10 [9, 117, 26, 79, 132, 69, 120, 108, -9]
fe: 3, se: 25

!ALNS------------
100000,2076.0843848779596,1848.431,1272.842,3,25,0.9555555555555556,0.896,42.0,5.04
24 10 21 12 0 4 6 1 
9.807148443768316 24.96209757113367 12.146595159237746 12.234627329191671 67.37537408137834 25.10996009199221 15.302897661574939 17.01359381265073 
10 6 5 11 15 11 14 6 
15.833568520796973 14.641984773109739 14.509180120264464 17.082178278875993 15.343175616575149 15.10210573466784 18.005981886581537 13.824730461861597 

x[4053] = 1.0
Vehicle: 13  Cost: 70.94
Route: 1 7 -7 -1 
 1 [ 53   0:  0 [81, 80, 21, 38, 57, 59, 28, 54, 44, 52, 76, 15, 46, 49, 63, 85, 41, 10, 31, 87, 17, 51]]
 7 [  0  35: 35 []]
-7 [ 42  35:384 [114, 112, 110, 122, 115, 98, 126, 113, 99, 91, 129, 104, 103, 118, 95, 130]]
-1 [ 42 420:420 [114, 112, 110, 122, 115, 98, 126, 113, 99, 91, 129, 104, 103, 118, 95, 130]]

x[9738] = 1.0
Vehicle: 12  Cost: 132.82
Route: 1 4 6 -6 -9 -1 
 1 [ 33   0:  0 [62, 88, 90, 27, 50, 89, 83, 30, 18, 55, 48]]
 4 [ 14  34: 49 [50, 89, 18, 55, 48]]
 6 [  0  75: 75 []]
-6 [ 18  75:326 [106, 116, 100, 93, 109, 135, 134]]
-9 [ 30 364:379 [117, 106, 116, 100, 132, 124, 107, 93, 109, 135, 134, 127]]
-1 [ 30 414:414 [106, 117, 116, 100, 132, 124, 107, 93, 109, 135, 134, 127]]

x[10981] = 1.0
Vehicle: 11  Cost: 170.20
Route: 1 8 3 6 -6 -9 -1 
 1 [ 73   0:  0 [37, 36, 29, 68, 11, 23, 60, 33, 39, 64, 71, 73, 72, 24, 42, 53, 86, 45, 67, 47, 74, 22, 20, 14, 77, 61]]
 8 [ 58  55: 70 [37, 36, 29, 68, 11, 23, 33, 64, 73, 72, 24, 42, 53, 86, 45, 67, 47, 22, 20, 14, 77, 61]]
 3 [ 46  90:105 [11, 23, 33, 64, 73, 72, 24, 42, 53, 86, 45, 67, 47, 22, 20, 77, 61]]
 6 [  0 128:128 []]
-6 [ 18 128:509 [123, 128, 92, 94, 105]]
-9 [ 26 547:562 [123, 128, 92, 94, 105, 101, 131, 121, 125, 102]]
-1 [ 26 597:597 [123, 128, 92, 94, 105, 101, 131, 121, 125, 102]]

x[12239] = 1.0
Vehicle: 14  Cost: 74.76
Route: 1 5 9 -9 -5 -1 
 1 [ 56   0:  0 [58, 26, 35, 66, 82, 32, 79, 34, 16, 56, 75, 40, 84, 78, 69, 19, 25, 12, 13, 43, 70, 65]]
 5 [ 47  25: 40 [58, 26, 35, 66, 82, 79, 34, 16, 56, 75, 40, 84, 78, 69, 19, 12, 13, 43, 65]]
 9 [  0  52: 52 []]
-9 [ 33  52:489 [125, 108, 97, 124, 101, 133, 121, 107, 127, 120, 131, 119, 111, 102]]
-5 [ 36 501:516 [96, 125, 108, 97, 124, 101, 133, 121, 107, 127, 120, 131, 119, 111, 102]]
-1 [ 36 541:541 [125, 108, 97, 124, 101, 96, 133, 121, 107, 127, 120, 131, 119, 111, 102]]

y[200] = 1.0
Vehicle: 302  Cost: 10.00
Route: 3 37 -3 
  3 [ 2 181:196]
 37 [ 0 201:206]
 -3 [ 0 211:211]

y[817] = 1.0
Vehicle: 704  Cost: 35.24
Route: 7 76 126 15 91 38 99 -7 
  7 [ 9  59: 74]
 76 [ 5  87: 92]
126 [ 8  92: 97]
 15 [ 7 107:112]
 91 [10 112:117]
 38 [ 6 300:305]
 99 [10 305:310]
 -7 [10 321:321]

y[2163] = 1.0
Vehicle: 302  Cost: 60.58
Route: 3 68 36 14 29 -3 
  3 [10 195:292]
 68 [ 6 300:305]
 36 [ 4 311:316]
 14 [ 3 332:337]
 29 [ 0 420:425]
 -3 [ 0 440:440]

y[2592] = 1.0
Vehicle: 404  Cost: 27.22
Route: 4 27 83 30 -4 
  4 [10 146:161]
 27 [ 7 169:174]
 83 [ 4 183:188]
 30 [ 0 192:197]
 -4 [ 0 204:204]

y[3295] = 1.0
Vehicle: 605  Cost: 41.81
Route: 6 64 73 47 -6 
  6 [10 128:164]
 64 [ 6 180:185]
 73 [ 3 300:305]
 47 [ 0 420:425]
 -6 [ 0 437:437]

y[3413] = 1.0
Vehicle: 707  Cost: 64.79
Route: 7 54 85 110 28 57 112 -7 
  7 [10  35: 50]
 54 [ 6  71: 76]
 85 [ 2  82: 87]
110 [ 4  93: 98]
 28 [ 3 300:305]
 57 [ 2 321:326]
112 [ 4 326:331]
 -7 [ 4 341:341]

y[3568] = 1.0
Vehicle: 710  Cost: 6.32
Route: 7 52 -7 
  7 [ 4 360:375]
 52 [ 0 379:384]
 -7 [ 0 387:387]

y[4049] = 1.0
Vehicle: 707  Cost: 55.49
Route: 7 80 129 10 104 41 51 -7 
  7 [ 8 100:115]
 80 [ 7 135:140]
129 [ 9 140:145]
 10 [ 5 152:157]
104 [ 8 300:305]
 41 [ 6 305:310]
 51 [ 5 312:317]
 -7 [ 5 343:343]

y[4159] = 1.0
Vehicle: 906  Cost: 66.92
Route: 9 117 26 79 132 127 78 108 -9 
  9 [ 9 133:148]
117 [10 157:162]
 26 [ 6 173:178]
 79 [ 5 182:187]
132 [ 9 196:201]
127 [10 300:305]
 78 [ 6 305:310]
108 [ 9 321:326]
 -9 [ 9 339:339]

y[4463] = 1.0
Vehicle: 501  Cost: 49.89
Route: 5 25 96 32 70 -5 
  5 [ 9 145:160]
 25 [ 5 179:184]
 96 [ 8 190:195]
 32 [ 7 195:200]
 70 [ 3 300:305]
 -5 [ 3 325:325]

y[4871] = 1.0
Vehicle: 601  Cost: 119.87
Route: 6 67 86 92 23 -6 
  6 [10 288:303]
 67 [ 8 333:338]
 86 [ 4 363:368]
 92 [ 8 381:386]
 23 [ 4 386:391]
 -6 [ 4 443:443]

y[4998] = 1.0
Vehicle: 709  Cost: 124.49
Route: 7 17 46 49 21 103 87 44 95 -7 
  7 [10  82: 97]
 17 [ 9 119:124]
 46 [ 7 130:135]
 49 [ 5 157:162]
 21 [ 3 168:173]
103 [ 7 183:188]
 87 [ 6 300:305]
 44 [ 4 316:321]
 95 [ 5 350:355]
 -7 [ 5 367:367]

y[5928] = 1.0
Vehicle: 802  Cost: 20.67
Route: 8 39 60 -8 
  8 [ 8 280:295]
 39 [ 4 300:305]
 60 [ 0 310:315]
 -8 [ 0 325:325]

y[8164] = 1.0
Vehicle: 702  Cost: 21.83
Route: 7 31 59 113 81 130 -7 
  7 [ 9 119:134]
 31 [ 7 143:148]
 59 [ 3 300:305]
113 [ 7 305:310]
 81 [ 4 313:318]
130 [ 8 318:323]
 -7 [ 8 330:330]

y[10245] = 1.0
Vehicle: 606  Cost: 100.09
Route: 6 24 94 22 42 105 72 -6 
  6 [ 8 128:266]
 24 [ 7 300:305]
 94 [10 305:310]
 22 [ 7 420:425]
 42 [ 6 437:442]
105 [10 442:447]
 72 [ 7 458:463]
 -6 [ 7 494:494]

y[11946] = 1.0
Vehicle: 904  Cost: 27.07
Route: 9 58 34 97 43 -9 
  9 [ 8 200:215]
 58 [ 5 219:224]
 34 [ 4 234:239]
 97 [ 8 239:244]
 43 [ 4 300:305]
 -9 [ 4 315:315]

y[12132] = 1.0
Vehicle: 902  Cost: 165.54
Route: 9 35 12 56 111 65 119 69 120 -9 
  9 [10 200:215]
 35 [ 7 238:243]
 12 [ 6 300:305]
 56 [ 5 334:339]
111 [ 7 339:344]
 65 [ 6 355:360]
119 [10 360:365]
 69 [ 6 378:383]
120 [ 8 383:388]
 -9 [ 8 423:423]

y[13131] = 1.0
Vehicle: 901  Cost: 77.80
Route: 9 16 101 40 75 125 82 131 -9 
  9 [ 9 200:215]
 16 [ 6 247:252]
101 [ 8 300:305]
 40 [ 6 305:310]
 75 [ 3 420:425]
125 [ 5 425:430]
 82 [ 4 446:451]
131 [ 5 451:456]
 -9 [ 5 474:474]

y[14392] = 1.0
Vehicle: 602  Cost: 115.44
Route: 6 48 77 128 123 61 -6 
  6 [10 164:265]
 48 [ 6 300:305]
 77 [ 3 314:319]
128 [ 6 420:425]
123 [10 437:442]
 61 [ 7 455:460]
 -6 [ 7 493:493]

y[14905] = 1.0
Vehicle: 802  Cost: 23.01
Route: 8 71 74 -8 
  8 [ 7 275:290]
 71 [ 3 295:300]
 74 [ 0 420:425]
 -8 [ 0 436:436]

y[15426] = 1.0
Vehicle: 402  Cost: 20.69
Route: 4 90 88 62 -4 
  4 [ 9 117:132]
 90 [ 6 137:142]
 88 [ 4 144:149]
 62 [ 0 300:305]
 -4 [ 0 310:310]

y[15644] = 1.0
Vehicle: 603  Cost: 115.54
Route: 6 45 106 53 109 11 20 -6 
  6 [ 9 144:159]
 45 [ 5 204:209]
106 [ 6 209:214]
 53 [ 4 226:231]
109 [ 7 231:236]
 11 [ 6 242:247]
 20 [ 4 258:263]
 -6 [ 4 304:304]

y[16018] = 1.0
Vehicle: 603  Cost: 13.15
Route: 6 134 33 -6 
  6 [ 3 144:159]
134 [ 7 163:168]
 33 [ 4 300:305]
 -6 [ 4 311:311]

y[16136] = 1.0
Vehicle: 601  Cost: 112.06
Route: 6 18 55 89 135 93 50 100 116 -6 
  6 [10  75: 90]
 18 [ 7 124:129]
 55 [ 6 130:135]
 89 [ 2 143:148]
135 [ 5 148:153]
 93 [ 7 167:172]
 50 [ 5 198:203]
100 [ 7 209:214]
116 [10 221:226]
 -6 [10 242:242]

y[16288] = 1.0
Vehicle: 905  Cost: 65.29
Route: 9 66 19 107 13 124 102 121 -9 
  9 [10 200:215]
 66 [ 7 225:230]
 19 [ 3 239:244]
107 [ 6 300:305]
 13 [ 3 312:317]
124 [ 6 319:324]
102 [ 7 326:331]
121 [ 9 337:342]
 -9 [ 9 362:362]

y[16445] = 1.0
Vehicle: 702  Cost: 91.03
Route: 7 114 98 63 115 122 118 -7 
  7 [ 3  35: 50]
114 [ 4  63: 68]
 98 [ 5  87: 92]
 63 [ 2 105:110]
115 [ 4 110:115]
122 [ 7 119:124]
118 [10 300:305]
 -7 [10 342:342]

y[16681] = 1.0
Vehicle: 902  Cost: 18.44
Route: 9 84 133 -9 
  9 [ 1 133:148]
 84 [ 0 157:162]
133 [ 3 162:167]
 -9 [ 3 176:176]

FE: 4
SE: 27
!MIP-----
2098.997293689503,5401.018203020096,0.030572357086559476,4,27,12839,17657

Run: 3
Total Cost: 2052.84
Vehicle: 11  Cost: 69.34
Route: 1 9 -9 -1 
 1 [ 37   0:  0 [78, 75, 66, 26, 79, 34, 58, 16, 40, 13, 19, 82, 43, 84]]
 9 [  0  35: 35 []]
-9 [ 26  35:385 [117, 127, 133, 97, 108, 132, 121, 102, 124, 107, 131]]
-1 [ 26 420:420 [117, 127, 133, 97, 108, 132, 121, 102, 124, 107, 131]]

Vehicle: 12  Cost: 120.21
Route: 1 4 6 -6 -1 
 1 [ 72   0:  0 [18, 90, 62, 53, 30, 55, 42, 45, 89, 83, 77, 22, 50, 47, 33, 86, 72, 11, 27, 24, 64, 73, 20, 67, 88, 23]]
 4 [ 53  34: 49 [18, 53, 55, 42, 45, 89, 77, 22, 50, 47, 33, 86, 72, 11, 24, 64, 73, 20, 67, 23]]
 6 [  0  75: 75 []]
-6 [ 21  75:359 [116, 94, 106, 135, 134, 109, 100, 93]]
-1 [ 21 419:419 [116, 94, 106, 135, 134, 109, 100, 93]]

Vehicle: 13  Cost: 173.95
Route: 1 5 8 3 -3 -6 -9 -5 -1 
 1 [ 46   0:  0 [69, 14, 70, 39, 29, 60, 12, 37, 74, 25, 35, 68, 71, 65, 56, 36, 32]]
 5 [ 37  25: 40 [69, 14, 39, 29, 60, 12, 37, 74, 35, 68, 71, 65, 56, 36]]
 8 [ 22  71: 86 [69, 14, 29, 12, 37, 35, 68, 65, 56, 36]]
 3 [  0 106:106 []]
-3 [  8 106:445 [111, 119, 120]]
-6 [ 23 467:557 [128, 105, 123, 92, 111, 119, 120]]
-9 [ 27 595:610 [125, 111, 119, 120, 128, 105, 123, 92, 101]]
-5 [ 30 622:637 [96, 111, 119, 120, 128, 105, 123, 92, 125, 101]]
-1 [ 30 662:662 [128, 105, 123, 92, 111, 119, 120, 125, 101, 96]]

Vehicle: 14  Cost: 70.94
Route: 1 7 -7 -1 
 1 [ 60   0:  0 [59, 52, 87, 38, 15, 81, 80, 63, 46, 54, 85, 21, 31, 57, 44, 10, 61, 41, 51, 48, 49, 28, 76, 17]]
 7 [  0  35: 35 []]
-7 [ 42  35:381 [115, 104, 113, 122, 95, 110, 103, 126, 129, 130, 118, 114, 99, 112, 98, 91]]
-1 [ 42 417:417 [115, 104, 113, 122, 95, 110, 103, 126, 129, 130, 118, 114, 99, 112, 98, 91]]

Vehicle: 301  Cost: 142.70
Route: 3 35 120 69 65 119 56 111 12 -3 
  3 [10 106:121]
 35 [ 7 154:159]
120 [ 9 300:305]
 69 [ 5 305:310]
 65 [ 4 323:328]
119 [ 8 328:333]
 56 [ 7 344:349]
111 [ 9 349:354]
 12 [ 8 383:388]
 -3 [ 8 430:430]

Vehicle: 302  Cost: 60.58
Route: 3 68 36 14 29 -3 
  3 [10 106:292]
 68 [ 6 300:305]
 36 [ 4 311:316]
 14 [ 3 332:337]
 29 [ 0 420:425]
 -3 [ 0 440:440]

Vehicle: 303  Cost: 10.00
Route: 3 37 -3 
  3 [ 2 106:121]
 37 [ 0 126:131]
 -3 [ 0 136:136]

Vehicle: 401  Cost: 27.22
Route: 4 30 83 27 -4 
  4 [10  34: 49]
 30 [ 6  56: 61]
 83 [ 3  65: 70]
 27 [ 0  79: 84]
 -4 [ 0  91: 91]

Vehicle: 402  Cost: 20.69
Route: 4 90 88 62 -4 
  4 [ 9  34: 49]
 90 [ 6  55: 60]
 88 [ 4  61: 66]
 62 [ 0 300:305]
 -4 [ 0 310:310]

Vehicle: 501  Cost: 49.89
Route: 5 25 32 96 70 -5 
  5 [ 9  25: 41]
 25 [ 5  60: 65]
 32 [ 4  71: 76]
 96 [ 7  76: 81]
 70 [ 3 300:305]
 -5 [ 3 325:325]

Vehicle: 601  Cost: 41.81
Route: 6 64 73 47 -6 
  6 [10  75:164]
 64 [ 6 180:185]
 73 [ 3 300:305]
 47 [ 0 420:425]
 -6 [ 0 437:437]

Vehicle: 602  Cost: 130.57
Route: 6 20 45 106 109 53 11 93 24 94 -6 
  6 [10  75: 90]
 20 [ 8 131:136]
 45 [ 4 142:147]
106 [ 5 147:152]
109 [ 8 164:169]
 53 [ 6 169:174]
 11 [ 5 180:185]
 93 [ 7 208:213]
 24 [ 6 300:305]
 94 [ 9 305:310]
 -6 [ 9 344:344]

Vehicle: 603  Cost: 142.31
Route: 6 22 86 77 128 123 -6 
  6 [10  75:374]
 22 [ 7 420:425]
 86 [ 3 441:446]
 77 [ 0 467:472]
128 [ 3 486:491]
123 [ 7 503:508]
 -6 [ 7 542:542]

Vehicle: 605  Cost: 109.29
Route: 6 67 72 42 105 23 92 -6 
  6 [10  75:270]
 67 [ 8 300:305]
 72 [ 5 420:425]
 42 [ 4 435:440]
105 [ 8 440:445]
 23 [ 4 461:466]
 92 [ 8 466:471]
 -6 [ 8 522:522]

Vehicle: 606  Cost: 13.15
Route: 6 134 33 -6 
  6 [ 3  75: 90]
134 [ 7  94: 99]
 33 [ 4 300:305]
 -6 [ 4 311:311]

Vehicle: 607  Cost: 103.23
Route: 6 89 135 55 18 50 100 116 -6 
  6 [10  75: 90]
 89 [ 6 130:135]
135 [ 9 135:140]
 55 [ 8 149:154]
 18 [ 5 155:160]
 50 [ 3 185:190]
100 [ 5 195:200]
116 [ 8 207:212]
 -6 [ 8 228:228]

Vehicle: 701  Cost: 17.44
Route: 7 81 130 59 113 -7 
  7 [ 7  35:293]
 81 [ 4 300:305]
130 [ 8 305:310]
 59 [ 4 313:318]
113 [ 8 318:323]
 -7 [ 8 330:330]

Vehicle: 702  Cost: 123.99
Route: 7 46 49 21 103 87 44 112 -7 
  7 [ 9  35: 50]
 46 [ 7  79: 84]
 49 [ 5 106:111]
 21 [ 3 117:122]
103 [ 7 132:137]
 87 [ 6 300:305]
 44 [ 4 316:321]
112 [ 6 351:356]
 -7 [ 6 366:366]

Vehicle: 703  Cost: 63.64
Route: 7 52 57 28 61 -7 
  7 [ 9  35:297]
 52 [ 5 300:305]
 57 [ 4 312:317]
 28 [ 3 333:338]
 61 [ 0 420:425]
 -7 [ 0 449:449]

Vehicle: 704  Cost: 114.40
Route: 7 98 63 115 122 48 118 -7 
  7 [ 7  35: 50]
 98 [ 8  80: 85]
 63 [ 5  99:104]
115 [ 7 104:109]
122 [10 113:118]
 48 [ 6 300:305]
118 [ 9 318:323]
 -7 [ 9 360:360]

Vehicle: 706  Cost: 32.58
Route: 7 31 76 126 38 99 -7 
  7 [10  35: 50]
 31 [ 8  60: 65]
 76 [ 4  70: 75]
126 [ 7  75: 80]
 38 [ 3 300:305]
 99 [ 7 305:310]
 -7 [ 7 321:321]

Vehicle: 707  Cost: 57.11
Route: 7 54 17 85 110 114 91 15 -7 
  7 [10  35: 50]
 54 [ 6  71: 76]
 17 [ 5  79: 84]
 85 [ 1  87: 92]
110 [ 3  98:103]
114 [ 4 112:117]
 91 [ 7 123:128]
 15 [ 6 128:133]
 -7 [ 6 143:143]

Vehicle: 709  Cost: 58.61
Route: 7 129 80 10 51 41 104 95 -7 
  7 [ 8  35: 50]
129 [10  71: 76]
 80 [ 9  76: 81]
 10 [ 5  87: 92]
 51 [ 4 300:305]
 41 [ 2 307:312]
104 [ 5 312:317]
 95 [ 6 333:338]
 -7 [ 6 350:350]

Vehicle: 801  Cost: 20.67
Route: 8 39 60 -8 
  8 [ 8  71:175]
 39 [ 4 180:185]
 60 [ 0 300:305]
 -8 [ 0 315:315]

Vehicle: 802  Cost: 23.01
Route: 8 71 74 -8 
  8 [ 7  71: 86]
 71 [ 3  91: 96]
 74 [ 0 420:425]
 -8 [ 0 436:436]

Vehicle: 901  Cost: 65.29
Route: 9 66 19 131 107 13 124 102 121 -9 
  9 [10  35: 50]
 66 [ 7  60: 65]
 19 [ 3  74: 79]
131 [ 4 300:305]
107 [ 7 308:313]
 13 [ 4 320:325]
124 [ 7 327:332]
102 [ 8 334:339]
121 [10 345:350]
 -9 [10 370:370]

Vehicle: 902  Cost: 66.92
Route: 9 117 26 79 132 127 78 108 -9 
  9 [ 9  35: 50]
117 [10  59: 64]
 26 [ 6  75: 80]
 79 [ 5 180:185]
132 [ 9 194:199]
127 [10 300:305]
 78 [ 6 305:310]
108 [ 9 321:326]
 -9 [ 9 339:339]

Vehicle: 903  Cost: 77.80
Route: 9 16 40 101 125 75 82 -9 
  9 [ 9  35: 50]
 16 [ 6  81: 86]
 40 [ 4 300:305]
101 [ 6 305:310]
125 [ 8 420:425]
 75 [ 5 425:430]
 82 [ 4 446:451]
 -9 [ 4 469:469]

Vehicle: 904  Cost: 27.07
Route: 9 58 97 34 43 -9 
  9 [ 8  35: 50]
 58 [ 5  53: 58]
 97 [ 9 180:185]
 34 [ 8 185:190]
 43 [ 4 300:305]
 -9 [ 4 315:315]

Vehicle: 905  Cost: 18.44
Route: 9 84 133 -9 
  9 [ 1  35: 51]
 84 [ 0  60: 65]
133 [ 3  65: 70]
 -9 [ 3  79: 79]

Total Cost: 2052.84
 11:69.34, 37:75 [1, 9, -9, -1]
 12:120.21, 72:75 [1, 4, 6, -6, -1]
 13:173.95, 46:75 [1, 5, 8, 3, -3, -6, -9, -5, -1]
 14:70.94, 60:75 [1, 7, -7, -1]
301:142.70, 10:10 [3, 35, 120, 69, 65, 119, 56, 111, 12, -3]
302:60.58, 10:10 [3, 68, 36, 14, 29, -3]
303:10.00, 2:10 [3, 37, -3]
401:27.22, 10:10 [4, 30, 83, 27, -4]
402:20.69, 9:10 [4, 90, 88, 62, -4]
501:49.89, 9:10 [5, 25, 32, 96, 70, -5]
601:41.81, 10:10 [6, 64, 73, 47, -6]
602:130.57, 10:10 [6, 20, 45, 106, 109, 53, 11, 93, 24, 94, -6]
603:142.31, 10:10 [6, 22, 86, 77, 128, 123, -6]
605:109.29, 10:10 [6, 67, 72, 42, 105, 23, 92, -6]
606:13.15, 7:10 [6, 134, 33, -6]
607:103.23, 10:10 [6, 89, 135, 55, 18, 50, 100, 116, -6]
701:17.44, 8:10 [7, 81, 130, 59, 113, -7]
702:123.99, 9:10 [7, 46, 49, 21, 103, 87, 44, 112, -7]
703:63.64, 9:10 [7, 52, 57, 28, 61, -7]
704:114.40, 10:10 [7, 98, 63, 115, 122, 48, 118, -7]
706:32.58, 10:10 [7, 31, 76, 126, 38, 99, -7]
707:57.11, 10:10 [7, 54, 17, 85, 110, 114, 91, 15, -7]
709:58.61, 10:10 [7, 129, 80, 10, 51, 41, 104, 95, -7]
801:20.67, 8:10 [8, 39, 60, -8]
802:23.01, 7:10 [8, 71, 74, -8]
901:65.29, 10:10 [9, 66, 19, 131, 107, 13, 124, 102, 121, -9]
902:66.92, 10:10 [9, 117, 26, 79, 132, 127, 78, 108, -9]
903:77.80, 9:10 [9, 16, 40, 101, 125, 75, 82, -9]
904:27.07, 9:10 [9, 58, 97, 34, 43, -9]
905:18.44, 3:10 [9, 84, 133, -9]
fe: 4, se: 26

!ALNS------------
100000,2052.8422802861555,1180.741,748.223,4,26,0.7166666666666667,0.8807692307692307,31.5,4.846153846153846
24 20 17 13 0 2 8 2 
9.193620629906908 25.120352266705915 11.037422346808707 12.324958268919167 74.4797440844696 17.663599961292178 15.552079077403691 25.149738311206022 
5 12 13 6 10 5 24 11 
18.44624426036535 14.161630919901041 15.835331794225327 15.867121560191942 15.928173791045998 14.985238798471478 16.42358456405314 14.202156277670946 

x[2435] = 1.0
Vehicle: 13  Cost: 173.95
Route: 1 5 8 3 -3 -6 -9 -5 -1 
 1 [ 46   0:  0 [69, 71, 65, 32, 74, 56, 37, 39, 60, 36, 12, 70, 35, 29, 14, 68, 25]]
 5 [ 37  25: 40 [69, 71, 65, 74, 56, 37, 39, 60, 36, 12, 35, 29, 14, 68]]
 8 [ 22  71: 86 [69, 65, 56, 37, 36, 12, 35, 29, 14, 68]]
 3 [  0 106:106 []]
-3 [  8 106:445 [111, 119, 120]]
-6 [ 23 467:557 [128, 105, 123, 111, 92, 119, 120]]
-9 [ 29 595:610 [125, 111, 128, 105, 123, 92, 119, 121, 101, 120]]
-5 [ 32 622:637 [96, 128, 105, 123, 111, 92, 125, 119, 121, 101, 120]]
-1 [ 32 662:662 [128, 105, 96, 123, 111, 92, 125, 119, 121, 101, 120]]

x[2735] = 1.0
Vehicle: 14  Cost: 70.94
Route: 1 7 -7 -1 
 1 [ 60   0:  0 [87, 81, 80, 10, 61, 41, 52, 59, 38, 17, 85, 51, 21, 44, 76, 15, 49, 46, 54, 63, 28, 57, 31, 48]]
 7 [  0  35: 35 []]
-7 [ 42  35:384 [115, 113, 122, 95, 114, 98, 129, 110, 103, 118, 99, 112, 91, 130, 104, 126]]
-1 [ 42 420:420 [115, 113, 122, 95, 114, 98, 129, 110, 103, 118, 99, 112, 91, 130, 104, 126]]

x[5401] = 1.0
Vehicle: 11  Cost: 69.34
Route: 1 9 -9 -1 
 1 [ 37   0:  0 [78, 75, 16, 13, 19, 84, 58, 66, 26, 79, 34, 40, 82, 43]]
 9 [  0  35: 35 []]
-9 [ 28  35:385 [117, 127, 133, 121, 107, 132, 97, 124, 102, 101, 108, 131]]
-1 [ 28 420:420 [117, 127, 133, 121, 107, 132, 97, 124, 102, 101, 108, 131]]

x[8558] = 1.0
Vehicle: 12  Cost: 120.21
Route: 1 4 6 -6 -1 
 1 [ 72   0:  0 [53, 55, 42, 45, 89, 77, 22, 86, 72, 11, 24, 64, 73, 67, 23, 20, 18, 27, 30, 90, 62, 50, 88, 33, 47, 83]]
 4 [ 53  34: 49 [53, 55, 42, 45, 89, 77, 22, 86, 72, 11, 24, 64, 73, 67, 23, 20, 18, 50, 33, 47]]
 6 [  0  75: 75 []]
-6 [ 27  75:359 [116, 135, 134, 109, 100, 98, 94, 106, 115, 122, 93]]
-1 [ 27 419:419 [116, 135, 134, 109, 100, 98, 94, 106, 115, 122, 93]]

y[265] = 1.0
Vehicle: 905  Cost: 18.44
Route: 9 84 133 -9 
  9 [ 1  98:113]
 84 [ 0 122:127]
133 [ 3 127:132]
 -9 [ 3 142:142]

y[407] = 1.0
Vehicle: 303  Cost: 10.00
Route: 3 37 -3 
  3 [ 2 236:251]
 37 [ 0 256:261]
 -3 [ 0 266:266]

y[531] = 1.0
Vehicle: 802  Cost: 23.01
Route: 8 71 74 -8 
  8 [ 7 201:216]
 71 [ 3 221:226]
 74 [ 0 420:425]
 -8 [ 0 436:436]

y[852] = 1.0
Vehicle: 904  Cost: 27.07
Route: 9 58 34 97 43 -9 
  9 [ 8 225:240]
 58 [ 5 244:249]
 34 [ 4 259:264]
 97 [ 8 264:269]
 43 [ 4 300:305]
 -9 [ 4 315:315]

y[1446] = 1.0
Vehicle: 602  Cost: 130.57
Route: 6 20 45 106 109 53 11 93 24 94 -6 
  6 [10 105:120]
 20 [ 8 161:166]
 45 [ 4 171:176]
106 [ 5 176:181]
109 [ 8 194:199]
 53 [ 6 199:204]
 11 [ 5 210:215]
 93 [ 7 238:243]
 24 [ 6 300:305]
 94 [ 9 305:310]
 -6 [ 9 344:344]

y[3077] = 1.0
Vehicle: 709  Cost: 55.49
Route: 7 80 129 10 104 41 51 -7 
  7 [ 8  80: 95]
 80 [ 7 116:121]
129 [ 9 121:126]
 10 [ 5 132:137]
104 [ 8 300:305]
 41 [ 6 305:310]
 51 [ 5 312:317]
 -7 [ 5 343:343]

y[3720] = 1.0
Vehicle: 903  Cost: 77.80
Route: 9 16 40 101 125 75 82 -9 
  9 [ 9 139:154]
 16 [ 6 186:191]
 40 [ 4 300:305]
101 [ 6 305:310]
125 [ 8 420:425]
 75 [ 5 425:430]
 82 [ 4 446:451]
 -9 [ 4 469:469]

y[5055] = 1.0
Vehicle: 701  Cost: 17.44
Route: 7 81 130 59 113 -7 
  7 [ 7  82:293]
 81 [ 4 300:305]
130 [ 8 305:310]
 59 [ 4 313:318]
113 [ 8 318:323]
 -7 [ 8 330:330]

y[5383] = 1.0
Vehicle: 703  Cost: 53.35
Route: 7 54 17 85 110 112 57 -7 
  7 [10  35: 50]
 54 [ 6  71: 76]
 17 [ 5  79: 84]
 85 [ 1  87: 92]
110 [ 3  98:103]
112 [ 5 300:305]
 57 [ 4 305:310]
 -7 [ 4 320:320]

y[5529] = 1.0
Vehicle: 607  Cost: 103.23
Route: 6 89 135 55 18 50 100 116 -6 
  6 [10 118:133]
 89 [ 6 174:179]
135 [ 9 179:184]
 55 [ 8 192:197]
 18 [ 5 198:203]
 50 [ 3 228:233]
100 [ 5 238:243]
116 [ 8 250:255]
 -6 [ 8 272:272]

y[6275] = 1.0
Vehicle: 603  Cost: 142.31
Route: 6 22 86 77 128 123 -6 
  6 [10 224:374]
 22 [ 7 420:425]
 86 [ 3 441:446]
 77 [ 0 467:472]
128 [ 3 486:491]
123 [ 7 503:508]
 -6 [ 7 542:542]

y[6452] = 1.0
Vehicle: 301  Cost: 142.70
Route: 3 35 69 120 65 119 111 56 12 -3 
  3 [10 221:236]
 35 [ 7 269:274]
 69 [ 3 300:305]
120 [ 5 305:310]
 65 [ 4 323:328]
119 [ 8 328:333]
111 [10 344:349]
 56 [ 9 349:354]
 12 [ 8 383:388]
 -3 [ 8 430:430]

y[6601] = 1.0
Vehicle: 803  Cost: 20.67
Route: 8 39 60 -8 
  8 [ 8 260:275]
 39 [ 4 281:286]
 60 [ 0 300:305]
 -8 [ 0 315:315]

y[6677] = 1.0
Vehicle: 302  Cost: 60.58
Route: 3 68 36 14 29 -3 
  3 [10 361:376]
 68 [ 6 385:390]
 36 [ 4 396:401]
 14 [ 3 417:422]
 29 [ 0 437:442]
 -3 [ 0 457:457]

y[8879] = 1.0
Vehicle: 606  Cost: 13.15
Route: 6 134 33 -6 
  6 [ 3  81: 96]
134 [ 7 100:105]
 33 [ 4 300:305]
 -6 [ 4 311:311]

y[9301] = 1.0
Vehicle: 401  Cost: 27.22
Route: 4 30 83 27 -4 
  4 [10 135:150]
 30 [ 6 157:162]
 83 [ 3 166:171]
 27 [ 0 180:185]
 -4 [ 0 193:193]

y[9987] = 1.0
Vehicle: 704  Cost: 114.44
Route: 7 15 98 63 115 122 48 118 -7 
  7 [ 8  35: 50]
 15 [ 7  60: 65]
 98 [ 8  85: 90]
 63 [ 5 104:109]
115 [ 7 109:114]
122 [10 118:123]
 48 [ 6 300:305]
118 [ 9 318:323]
 -7 [ 9 360:360]

y[10880] = 1.0
Vehicle: 901  Cost: 65.29
Route: 9 66 19 131 107 13 124 102 121 -9 
  9 [10 136:151]
 66 [ 7 161:166]
 19 [ 3 175:180]
131 [ 4 300:305]
107 [ 7 308:313]
 13 [ 4 320:325]
124 [ 7 327:332]
102 [ 8 334:339]
121 [10 345:350]
 -9 [10 370:370]

y[12711] = 1.0
Vehicle: 704  Cost: 61.64
Route: 7 52 28 61 -7 
  7 [ 8 284:299]
 52 [ 4 302:307]
 28 [ 3 328:333]
 61 [ 0 420:425]
 -7 [ 0 449:449]

y[13683] = 1.0
Vehicle: 702  Cost: 126.70
Route: 7 114 46 49 21 103 87 44 95 -7 
  7 [ 9  35: 50]
114 [10  63: 68]
 46 [ 8  86: 91]
 49 [ 6 113:118]
 21 [ 4 124:129]
103 [ 8 139:144]
 87 [ 7 300:305]
 44 [ 5 316:321]
 95 [ 6 350:355]
 -7 [ 6 367:367]

y[13858] = 1.0
Vehicle: 902  Cost: 66.92
Route: 9 117 26 79 132 127 78 108 -9 
  9 [ 9 134:149]
117 [10 159:164]
 26 [ 6 175:180]
 79 [ 5 184:189]
132 [ 9 198:203]
127 [10 300:305]
 78 [ 6 305:310]
108 [ 9 321:326]
 -9 [ 9 339:339]

y[13913] = 1.0
Vehicle: 605  Cost: 109.29
Route: 6 67 72 42 105 23 92 -6 
  6 [10 144:270]
 67 [ 8 300:305]
 72 [ 5 420:425]
 42 [ 4 435:440]
105 [ 8 440:445]
 23 [ 4 461:466]
 92 [ 8 466:471]
 -6 [ 8 522:522]

y[14744] = 1.0
Vehicle: 402  Cost: 20.69
Route: 4 90 88 62 -4 
  4 [ 9 135:150]
 90 [ 6 156:161]
 88 [ 4 163:168]
 62 [ 0 300:305]
 -4 [ 0 310:310]

y[14748] = 1.0
Vehicle: 601  Cost: 41.81
Route: 6 64 73 47 -6 
  6 [10  75:239]
 64 [ 6 255:260]
 73 [ 3 300:305]
 47 [ 0 420:425]
 -6 [ 0 437:437]

y[15883] = 1.0
Vehicle: 708  Cost: 36.96
Route: 7 31 76 126 91 38 99 -7 
  7 [10  35: 50]
 31 [ 8  60: 65]
 76 [ 4  70: 75]
126 [ 7  75: 80]
 91 [10  90: 95]
 38 [ 6 300:305]
 99 [10 305:310]
 -7 [10 321:321]

y[17186] = 1.0
Vehicle: 501  Cost: 49.89
Route: 5 25 32 96 70 -5 
  5 [ 9  73: 88]
 25 [ 5 107:112]
 32 [ 4 118:123]
 96 [ 7 123:128]
 70 [ 3 300:305]
 -5 [ 3 325:325]

FE: 4
SE: 26
!MIP-----
2051.0952315843488,3271.2625861167908,9.402020572687665E-5,4,26,9986,17374

Run: 4
Total Cost: 2101.62
Vehicle: 11  Cost: 135.47
Route: 1 6 -6 -9 -5 -1 
 1 [ 75   0:  0 [64, 42, 50, 89, 20, 24, 67, 29, 18, 72, 48, 73, 33, 63, 86, 11, 23, 37, 14, 77, 36, 61, 22, 55, 68, 47, 53, 45]]
 6 [  0  60: 60 []]
-6 [ 20  60:549 [128, 123, 100, 135, 105, 92]]
-9 [ 32 587:602 [120, 119, 101, 128, 123, 100, 135, 105, 92, 111, 125]]
-5 [ 35 614:629 [96, 128, 123, 100, 120, 119, 101, 135, 105, 92, 111, 125]]
-1 [ 35 654:654 [120, 119, 101, 128, 123, 100, 96, 135, 105, 92, 111, 125]]

Vehicle: 13  Cost: 70.94
Route: 1 7 -7 -1 
 1 [ 50   0:  0 [17, 21, 80, 57, 28, 49, 54, 59, 52, 85, 51, 15, 46, 44, 87, 81, 38, 41, 76, 10, 31]]
 7 [  0  35: 35 []]
-7 [ 33  35:377 [130, 95, 110, 129, 104, 114, 126, 99, 91, 112, 113, 103]]
-1 [ 33 412:412 [130, 95, 110, 129, 104, 114, 126, 99, 91, 112, 113, 103]]

Vehicle: 15  Cost: 72.05
Route: 1 5 9 -9 -1 
 1 [ 56   0:  0 [84, 35, 75, 34, 43, 58, 69, 26, 82, 79, 78, 16, 70, 13, 12, 56, 65, 40, 25, 32, 66, 19]]
 5 [ 47  25: 40 [84, 35, 75, 34, 43, 58, 69, 26, 82, 79, 78, 16, 13, 12, 56, 65, 40, 66, 19]]
 9 [  0  52: 52 []]
-9 [ 26  52:385 [127, 102, 132, 97, 117, 108, 121, 107, 131, 133, 124]]
-1 [ 26 420:420 [127, 102, 132, 97, 117, 108, 121, 107, 131, 133, 124]]

Vehicle: 21  Cost: 127.35
Route: 1 4 8 -6 -1 
 1 [ 34   0:  0 [30, 62, 39, 88, 83, 60, 74, 90, 71, 27]]
 4 [ 15  34: 49 [39, 60, 74, 71]]
 8 [  0  72: 87 []]
-6 [ 25  97:359 [109, 122, 93, 134, 106, 98, 118, 94, 116, 115]]
-1 [ 25 419:419 [109, 122, 93, 134, 106, 98, 118, 94, 116, 115]]

Vehicle: 401  Cost: 20.69
Route: 4 90 88 62 -4 
  4 [ 9  34: 49]
 90 [ 6  55: 60]
 88 [ 4  61: 66]
 62 [ 0 300:305]
 -4 [ 0 310:310]

Vehicle: 402  Cost: 27.22
Route: 4 27 83 30 -4 
  4 [10  34: 49]
 27 [ 7  56: 61]
 83 [ 4  71: 76]
 30 [ 0  80: 85]
 -4 [ 0  91: 91]

Vehicle: 501  Cost: 49.89
Route: 5 25 32 96 70 -5 
  5 [ 9  25: 41]
 25 [ 5  60: 65]
 32 [ 4  71: 76]
 96 [ 7  76: 81]
 70 [ 3 300:305]
 -5 [ 3 325:325]

Vehicle: 601  Cost: 83.31
Route: 6 18 55 135 89 67 -6 
  6 [10  60: 75]
 18 [ 7 109:114]
 55 [ 6 115:120]
135 [ 9 128:133]
 89 [ 5 133:138]
 67 [ 3 300:305]
 -6 [ 3 335:335]

Vehicle: 602  Cost: 115.44
Route: 6 48 77 128 123 61 -6 
  6 [10  60:265]
 48 [ 6 300:305]
 77 [ 3 314:319]
128 [ 6 420:425]
123 [10 437:442]
 61 [ 7 455:460]
 -6 [ 7 493:493]

Vehicle: 603  Cost: 49.46
Route: 6 64 116 73 36 -6 
  6 [ 9  60:164]
 64 [ 5 180:185]
116 [ 8 185:190]
 73 [ 5 300:305]
 36 [ 3 311:316]
 -6 [ 3 340:340]

Vehicle: 604  Cost: 90.30
Route: 6 50 14 29 68 -6 
  6 [10  60: 75]
 50 [ 8 103:108]
 14 [ 7 300:305]
 29 [ 4 420:425]
 68 [ 0 438:443]
 -6 [ 0 465:465]

Vehicle: 605  Cost: 130.57
Route: 6 20 45 106 53 109 11 93 94 24 -6 
  6 [10  60: 75]
 20 [ 8 116:121]
 45 [ 4 127:132]
106 [ 5 132:137]
 53 [ 3 149:154]
109 [ 6 154:159]
 11 [ 5 180:185]
 93 [ 7 208:213]
 94 [10 300:305]
 24 [ 9 305:310]
 -6 [ 9 344:344]

Vehicle: 606  Cost: 142.66
Route: 6 37 100 86 92 23 -6 
  6 [10  60: 75]
 37 [ 8  94: 99]
100 [10 180:185]
 86 [ 6 300:305]
 92 [10 318:323]
 23 [ 6 323:328]
 -6 [ 6 380:380]

Vehicle: 607  Cost: 94.65
Route: 6 98 115 63 122 118 -6 
  6 [ 3  97:112]
 98 [ 4 149:154]
115 [ 6 167:172]
 63 [ 3 172:177]
122 [ 6 182:187]
118 [ 9 300:305]
 -6 [ 9 340:340]

Vehicle: 608  Cost: 100.23
Route: 6 47 22 105 42 72 -6 
  6 [10  60:408]
 47 [ 7 420:425]
 22 [ 4 459:464]
105 [ 8 476:481]
 42 [ 7 481:486]
 72 [ 4 497:502]
 -6 [ 4 534:534]

Vehicle: 609  Cost: 13.15
Route: 6 134 33 -6 
  6 [ 3  60: 75]
134 [ 7  79: 84]
 33 [ 4 300:305]
 -6 [ 4 311:311]

Vehicle: 701  Cost: 126.28
Route: 7 114 46 49 21 103 87 44 -7 
  7 [ 9  35: 50]
114 [10  63: 68]
 46 [ 8  86: 91]
 49 [ 6 113:118]
 21 [ 4 124:129]
103 [ 8 139:144]
 87 [ 7 300:305]
 44 [ 5 316:321]
 -7 [ 5 361:361]

Vehicle: 702  Cost: 21.83
Route: 7 31 59 113 81 130 -7 
  7 [ 9  35: 50]
 31 [ 7  60: 65]
 59 [ 3 300:305]
113 [ 7 305:310]
 81 [ 4 313:318]
130 [ 8 318:323]
 -7 [ 8 330:330]

Vehicle: 703  Cost: 6.32
Route: 7 52 -7 
  7 [ 4  35:297]
 52 [ 0 300:305]
 -7 [ 0 308:308]

Vehicle: 704  Cost: 35.24
Route: 7 76 126 15 91 38 99 -7 
  7 [ 9  35: 50]
 76 [ 5  64: 69]
126 [ 8  69: 74]
 15 [ 7  83: 88]
 91 [10  88: 93]
 38 [ 6 300:305]
 99 [10 305:310]
 -7 [10 321:321]

Vehicle: 705  Cost: 60.76
Route: 7 80 129 10 51 41 104 95 112 57 -7 
  7 [ 9  35: 50]
 80 [ 8  71: 76]
129 [10  76: 81]
 10 [ 6  87: 92]
 51 [ 5 300:305]
 41 [ 3 307:312]
104 [ 6 312:317]
 95 [ 7 333:338]
112 [ 9 342:347]
 57 [ 8 347:352]
 -7 [ 8 362:362]

Vehicle: 706  Cost: 62.68
Route: 7 54 17 85 110 28 -7 
  7 [10  35: 50]
 54 [ 6  71: 76]
 17 [ 5  79: 84]
 85 [ 1  87: 92]
110 [ 3  98:103]
 28 [ 2 300:305]
 -7 [ 2 329:329]

Vehicle: 801  Cost: 20.67
Route: 8 39 60 -8 
  8 [ 8  72:175]
 39 [ 4 180:185]
 60 [ 0 300:305]
 -8 [ 0 315:315]

Vehicle: 802  Cost: 23.01
Route: 8 71 74 -8 
  8 [ 7  72: 87]
 71 [ 3  92: 97]
 74 [ 0 420:425]
 -8 [ 0 436:436]

Vehicle: 901  Cost: 165.93
Route: 9 35 69 120 65 119 111 56 12 -9 
  9 [10  52: 67]
 35 [ 7  90: 95]
 69 [ 3 300:305]
120 [ 5 305:310]
 65 [ 4 323:328]
119 [ 8 328:333]
111 [10 344:349]
 56 [ 9 349:354]
 12 [ 8 383:388]
 -9 [ 8 463:463]

Vehicle: 903  Cost: 27.07
Route: 9 58 97 34 43 -9 
  9 [ 8  52: 67]
 58 [ 5  71: 76]
 97 [ 9 180:185]
 34 [ 8 185:190]
 43 [ 4 300:305]
 -9 [ 4 315:315]

Vehicle: 904  Cost: 65.29
Route: 9 66 19 131 107 13 124 102 121 -9 
  9 [10  52: 67]
 66 [ 7  77: 82]
 19 [ 3  91: 96]
131 [ 4 300:305]
107 [ 7 308:313]
 13 [ 4 320:325]
124 [ 7 327:332]
102 [ 8 334:339]
121 [10 345:350]
 -9 [10 370:370]

Vehicle: 905  Cost: 18.44
Route: 9 133 84 -9 
  9 [ 1  52: 67]
133 [ 4  77: 82]
 84 [ 3  82: 87]
 -9 [ 3  96: 96]

Vehicle: 906  Cost: 66.92
Route: 9 117 26 79 132 78 127 108 -9 
  9 [ 9  52: 67]
117 [10  76: 81]
 26 [ 6  92: 97]
 79 [ 5 180:185]
132 [ 9 194:199]
 78 [ 5 300:305]
127 [ 6 305:310]
108 [ 9 321:326]
 -9 [ 9 339:339]

Vehicle: 907  Cost: 77.80
Route: 9 16 40 101 125 75 82 -9 
  9 [ 9  52: 67]
 16 [ 6  99:104]
 40 [ 4 300:305]
101 [ 6 305:310]
125 [ 8 420:425]
 75 [ 5 425:430]
 82 [ 4 446:451]
 -9 [ 4 469:469]

Total Cost: 2101.62
 11:135.47, 75:75 [1, 6, -6, -9, -5, -1]
 13:70.94, 50:75 [1, 7, -7, -1]
 15:72.05, 56:75 [1, 5, 9, -9, -1]
 21:127.35, 34:75 [1, 4, 8, -6, -1]
401:20.69, 9:10 [4, 90, 88, 62, -4]
402:27.22, 10:10 [4, 27, 83, 30, -4]
501:49.89, 9:10 [5, 25, 32, 96, 70, -5]
601:83.31, 10:10 [6, 18, 55, 135, 89, 67, -6]
602:115.44, 10:10 [6, 48, 77, 128, 123, 61, -6]
603:49.46, 9:10 [6, 64, 116, 73, 36, -6]
604:90.30, 10:10 [6, 50, 14, 29, 68, -6]
605:130.57, 10:10 [6, 20, 45, 106, 53, 109, 11, 93, 94, 24, -6]
606:142.66, 10:10 [6, 37, 100, 86, 92, 23, -6]
607:94.65, 9:10 [6, 98, 115, 63, 122, 118, -6]
608:100.23, 10:10 [6, 47, 22, 105, 42, 72, -6]
609:13.15, 7:10 [6, 134, 33, -6]
701:126.28, 10:10 [7, 114, 46, 49, 21, 103, 87, 44, -7]
702:21.83, 9:10 [7, 31, 59, 113, 81, 130, -7]
703:6.32, 4:10 [7, 52, -7]
704:35.24, 10:10 [7, 76, 126, 15, 91, 38, 99, -7]
705:60.76, 10:10 [7, 80, 129, 10, 51, 41, 104, 95, 112, 57, -7]
706:62.68, 10:10 [7, 54, 17, 85, 110, 28, -7]
801:20.67, 8:10 [8, 39, 60, -8]
802:23.01, 7:10 [8, 71, 74, -8]
901:165.93, 10:10 [9, 35, 69, 120, 65, 119, 111, 56, 12, -9]
903:27.07, 9:10 [9, 58, 97, 34, 43, -9]
904:65.29, 10:10 [9, 66, 19, 131, 107, 13, 124, 102, 121, -9]
905:18.44, 4:10 [9, 133, 84, -9]
906:66.92, 10:10 [9, 117, 26, 79, 132, 78, 127, 108, -9]
907:77.80, 9:10 [9, 16, 40, 101, 125, 75, 82, -9]
fe: 4, se: 26

!ALNS------------
100000,2101.6168191862403,1568.496,829.411,4,26,0.7166666666666667,0.8961538461538462,31.5,4.846153846153846
14 13 15 6 0 3 10 2 
8.664012966823218 20.99733313700317 9.009478912024603 10.810410082253298 15.361862335077149 23.012859824475495 14.980176179523099 16.01793243616768 
8 7 7 8 5 10 15 3 
12.653878739935386 13.00335829136072 12.72839037935154 14.642423024027039 13.737686974920404 13.07039257622511 14.44688392210738 12.530029035097927 

x[1664] = 1.0
Vehicle: 11  Cost: 135.47
Route: 1 6 -6 -9 -5 -1 
 1 [ 72   0:  0 [24, 50, 55, 33, 42, 18, 23, 64, 73, 77, 61, 36, 37, 86, 89, 68, 48, 29, 45, 53, 47, 22, 11, 14, 72, 67, 20]]
 6 [  0  60: 60 []]
-6 [ 23  60:549 [100, 92, 105, 123, 118, 135, 128]]
-9 [ 35 587:602 [111, 125, 101, 120, 100, 92, 105, 119, 123, 118, 135, 128]]
-5 [ 38 614:629 [96, 111, 125, 101, 120, 100, 92, 105, 119, 123, 118, 135, 128]]
-1 [ 38 654:654 [111, 125, 101, 96, 120, 100, 92, 105, 119, 123, 118, 135, 128]]

x[15976] = 1.0
Vehicle: 13  Cost: 70.94
Route: 1 7 -7 -1 
 1 [ 53   0:  0 [17, 21, 10, 52, 54, 76, 31, 85, 51, 46, 28, 49, 63, 57, 44, 59, 87, 41, 81, 80, 38, 15]]
 7 [  0  35: 35 []]
-7 [ 42  35:384 [99, 115, 130, 103, 110, 118, 104, 126, 129, 122, 113, 114, 98, 95, 91, 112]]
-1 [ 42 419:419 [99, 115, 130, 103, 110, 118, 104, 126, 129, 122, 113, 114, 98, 95, 91, 112]]

x[17799] = 1.0
Vehicle: 15  Cost: 72.05
Route: 1 5 9 -9 -1 
 1 [ 56   0:  0 [78, 12, 19, 84, 70, 58, 65, 25, 34, 26, 40, 82, 43, 13, 35, 56, 66, 32, 75, 69, 16, 79]]
 5 [ 47  25: 40 [78, 12, 19, 84, 58, 65, 34, 26, 40, 82, 43, 13, 35, 56, 66, 75, 69, 16, 79]]
 9 [  0  52: 52 []]
-9 [ 28  52:385 [124, 131, 132, 97, 127, 107, 117, 133, 121, 102, 108, 101]]
-1 [ 28 420:420 [124, 131, 132, 97, 127, 107, 117, 133, 121, 102, 108, 101]]

x[21064] = 1.0
Vehicle: 21  Cost: 138.74
Route: 1 -7 4 8 -6 -1 
 1 [ 34   0:  0 [88, 71, 62, 90, 27, 30, 39, 74, 83, 60]]
-7 [ 42  35:184 [129, 88, 71, 62, 90, 27, 30, 39, 74, 83, 60, 103, 110]]
 4 [ 23 194:209 [71, 39, 74, 60, 129, 103, 110]]
 8 [  8 232:247 [129, 103, 110]]
-6 [ 33 257:359 [94, 116, 115, 98, 109, 106, 93, 118, 134, 122, 129, 103, 110]]
-1 [ 33 419:419 [94, 116, 115, 98, 109, 106, 93, 118, 134, 122, 129, 103, 110]]

y[1] = 1.0
Vehicle: 706  Cost: 57.11
Route: 7 54 17 85 110 114 91 15 -7 
  7 [10 104:119]
 54 [ 6 139:144]
 17 [ 5 147:152]
 85 [ 1 155:160]
110 [ 3 167:172]
114 [ 4 180:185]
 91 [ 7 191:196]
 15 [ 6 196:201]
 -7 [ 6 211:211]

y[810] = 1.0
Vehicle: 401  Cost: 20.69
Route: 4 90 88 62 -4 
  4 [ 9 204:219]
 90 [ 6 225:230]
 88 [ 4 231:236]
 62 [ 0 300:305]
 -4 [ 0 310:310]

y[1910] = 1.0
Vehicle: 906  Cost: 66.92
Route: 9 117 26 79 132 127 78 108 -9 
  9 [ 9 124:139]
117 [10 148:153]
 26 [ 6 164:169]
 79 [ 5 180:185]
132 [ 9 194:199]
127 [10 300:305]
 78 [ 6 305:310]
108 [ 9 321:326]
 -9 [ 9 339:339]

y[2383] = 1.0
Vehicle: 903  Cost: 27.07
Route: 9 58 97 34 43 -9 
  9 [ 8 124:139]
 58 [ 5 143:148]
 97 [ 9 180:185]
 34 [ 8 185:190]
 43 [ 4 300:305]
 -9 [ 4 315:315]

y[2756] = 1.0
Vehicle: 905  Cost: 18.44
Route: 9 84 133 -9 
  9 [ 1 111:126]
 84 [ 0 136:141]
133 [ 3 141:146]
 -9 [ 3 155:155]

y[3141] = 1.0
Vehicle: 602  Cost: 13.15
Route: 6 134 33 -6 
  6 [ 3  79: 94]
134 [ 7  98:103]
 33 [ 4 300:305]
 -6 [ 4 311:311]

y[4568] = 1.0
Vehicle: 601  Cost: 70.37
Route: 6 37 29 68 -6 
  6 [ 9  75: 90]
 37 [ 7 109:114]
 29 [ 4 420:425]
 68 [ 0 438:443]
 -6 [ 0 465:465]

y[5098] = 1.0
Vehicle: 605  Cost: 122.34
Route: 6 20 45 106 109 53 11 94 24 -6 
  6 [10  84: 99]
 20 [ 8 140:145]
 45 [ 4 150:155]
106 [ 5 155:160]
109 [ 8 172:177]
 53 [ 6 177:182]
 11 [ 5 188:193]
 94 [ 8 300:305]
 24 [ 7 305:310]
 -6 [ 7 344:344]

y[5523] = 1.0
Vehicle: 709  Cost: 17.44
Route: 7 59 113 81 130 -7 
  7 [ 7 104:293]
 59 [ 3 300:305]
113 [ 7 305:310]
 81 [ 4 313:318]
130 [ 8 318:323]
 -7 [ 8 330:330]

y[10957] = 1.0
Vehicle: 602  Cost: 134.53
Route: 6 67 86 92 23 128 -6 
  6 [10 104:270]
 67 [ 8 300:305]
 86 [ 4 330:335]
 92 [ 8 348:353]
 23 [ 4 353:358]
128 [ 7 420:425]
 -6 [ 7 469:469]

y[11439] = 1.0
Vehicle: 501  Cost: 49.89
Route: 5 25 32 96 70 -5 
  5 [ 9  64: 79]
 25 [ 5  98:103]
 32 [ 4 109:114]
 96 [ 7 114:119]
 70 [ 3 300:305]
 -5 [ 3 325:325]

y[11485] = 1.0
Vehicle: 608  Cost: 128.50
Route: 6 36 14 22 42 105 72 -6 
  6 [10  81:276]
 36 [ 8 300:305]
 14 [ 7 321:326]
 22 [ 4 420:425]
 42 [ 3 437:442]
105 [ 7 442:447]
 72 [ 4 458:463]
 -6 [ 4 494:494]

y[11934] = 1.0
Vehicle: 608  Cost: 112.06
Route: 6 18 55 89 135 93 50 100 116 -6 
  6 [10  75: 90]
 18 [ 7 124:129]
 55 [ 6 130:135]
 89 [ 2 143:148]
135 [ 5 148:153]
 93 [ 7 167:172]
 50 [ 5 198:203]
100 [ 7 209:214]
116 [10 221:226]
 -6 [10 242:242]

y[12800] = 1.0
Vehicle: 701  Cost: 131.27
Route: 7 46 49 21 103 87 44 28 -7 
  7 [10 104:119]
 46 [ 8 147:152]
 49 [ 6 174:179]
 21 [ 4 185:190]
103 [ 8 200:205]
 87 [ 7 300:305]
 44 [ 5 316:321]
 28 [ 4 344:349]
 -7 [ 4 373:373]

y[13868] = 1.0
Vehicle: 603  Cost: 41.81
Route: 6 64 73 47 -6 
  6 [10 174:189]
 64 [ 6 205:210]
 73 [ 3 300:305]
 47 [ 0 420:425]
 -6 [ 0 437:437]

y[14015] = 1.0
Vehicle: 904  Cost: 65.29
Route: 9 66 19 131 107 13 124 102 121 -9 
  9 [10 244:259]
 66 [ 7 269:274]
 19 [ 3 283:288]
131 [ 4 300:305]
107 [ 7 308:313]
 13 [ 4 320:325]
124 [ 7 327:332]
102 [ 8 334:339]
121 [10 345:350]
 -9 [10 370:370]

y[14411] = 1.0
Vehicle: 703  Cost: 32.07
Route: 7 31 76 126 52 -7 
  7 [10  35: 50]
 31 [ 8  60: 65]
 76 [ 4  70: 75]
126 [ 7  75: 80]
 52 [ 3 300:305]
 -7 [ 3 308:308]

y[15153] = 1.0
Vehicle: 707  Cost: 86.49
Route: 7 98 115 63 122 38 99 -7 
  7 [ 7  35: 50]
 98 [ 8  80: 85]
115 [10  99:104]
 63 [ 7 104:109]
122 [10 113:118]
 38 [ 6 300:305]
 99 [10 305:310]
 -7 [10 321:321]

y[16049] = 1.0
Vehicle: 802  Cost: 23.01
Route: 8 71 74 -8 
  8 [ 7 259:274]
 71 [ 3 279:284]
 74 [ 0 420:425]
 -8 [ 0 436:436]

y[16207] = 1.0
Vehicle: 402  Cost: 27.22
Route: 4 30 83 27 -4 
  4 [10 226:241]
 30 [ 6 247:252]
 83 [ 3 256:261]
 27 [ 0 271:276]
 -4 [ 0 283:283]

y[16404] = 1.0
Vehicle: 901  Cost: 165.54
Route: 9 35 12 111 56 65 119 69 120 -9 
  9 [10 133:148]
 35 [ 7 170:175]
 12 [ 6 300:305]
111 [ 8 334:339]
 56 [ 7 339:344]
 65 [ 6 355:360]
119 [10 360:365]
 69 [ 6 378:383]
120 [ 8 383:388]
 -9 [ 8 423:423]

y[17068] = 1.0
Vehicle: 801  Cost: 20.67
Route: 8 39 60 -8 
  8 [ 8 252:267]
 39 [ 4 272:277]
 60 [ 0 300:305]
 -8 [ 0 315:315]

y[19950] = 1.0
Vehicle: 606  Cost: 109.70
Route: 6 48 77 118 123 61 -6 
  6 [10  60:265]
 48 [ 6 300:305]
 77 [ 3 314:319]
118 [ 6 337:342]
123 [10 343:348]
 61 [ 7 420:425]
 -6 [ 7 458:458]

y[20613] = 1.0
Vehicle: 705  Cost: 60.76
Route: 7 80 129 10 51 41 104 95 112 57 -7 
  7 [ 9 100:115]
 80 [ 8 135:140]
129 [10 140:145]
 10 [ 6 152:157]
 51 [ 5 300:305]
 41 [ 3 307:312]
104 [ 6 312:317]
 95 [ 7 333:338]
112 [ 9 342:347]
 57 [ 8 347:352]
 -7 [ 8 362:362]

y[22281] = 1.0
Vehicle: 907  Cost: 77.80
Route: 9 16 101 40 75 125 82 -9 
  9 [ 9 100:115]
 16 [ 6 147:152]
101 [ 8 300:305]
 40 [ 6 305:310]
 75 [ 3 420:425]
125 [ 5 425:430]
 82 [ 4 446:451]
 -9 [ 4 469:469]

FE: 4
SE: 25
!MIP-----
2097.3477185354277,5416.005052804947,0.06369658076809824,4,25,29313,22924

Run: 5
Total Cost: 2067.39
Vehicle: 11  Cost: 141.02
Route: 1 8 6 -6 -9 -5 -1 
 1 [ 74   0:  0 [73, 47, 86, 60, 22, 65, 14, 36, 53, 37, 56, 71, 77, 24, 33, 50, 11, 29, 39, 12, 68, 23, 67, 72, 18, 55, 89, 42, 48]]
 8 [ 59  55: 70 [73, 47, 86, 22, 65, 14, 36, 53, 37, 56, 77, 24, 50, 11, 29, 12, 68, 23, 67, 72, 18, 55, 89, 42, 48]]
 6 [  0  81: 81 []]
-6 [ 35  81:499 [128, 92, 111, 118, 94, 119, 100, 109, 123, 135, 105]]
-9 [ 39 537:552 [128, 92, 111, 118, 94, 101, 119, 125, 100, 109, 123, 135, 105]]
-5 [ 42 564:579 [96, 128, 92, 111, 118, 94, 119, 100, 109, 123, 135, 105, 101, 125]]
-1 [ 42 605:605 [128, 92, 111, 118, 94, 101, 119, 125, 100, 109, 123, 135, 105, 96]]

Vehicle: 13  Cost: 70.94
Route: 1 7 -7 -1 
 1 [ 66   0:  0 [52, 57, 45, 54, 76, 61, 49, 87, 59, 21, 10, 41, 51, 85, 46, 15, 31, 44, 64, 28, 80, 38, 81, 20, 17, 63]]
 7 [  0  35: 35 []]
-7 [ 49  35:377 [98, 110, 104, 126, 95, 116, 129, 112, 91, 122, 93, 134, 113, 106, 130, 103, 114, 115, 99]]
-1 [ 49 412:412 [98, 110, 104, 126, 95, 116, 129, 112, 91, 122, 93, 134, 113, 106, 130, 103, 114, 115, 99]]

Vehicle: 15  Cost: 95.75
Route: 1 4 5 9 -9 -1 
 1 [ 75   0:  0 [43, 13, 83, 66, 79, 74, 90, 82, 16, 58, 34, 62, 84, 35, 26, 88, 69, 78, 40, 30, 19, 27, 75, 25, 32, 70]]
 4 [ 53  34: 49 [43, 13, 66, 79, 82, 16, 58, 34, 84, 35, 26, 69, 78, 40, 19, 75, 25, 32, 70]]
 5 [ 44  64: 79 [43, 13, 66, 79, 82, 16, 58, 34, 84, 35, 26, 69, 78, 40, 19, 75]]
 9 [  0  91: 91 []]
-9 [ 28  91:385 [131, 102, 117, 124, 127, 133, 132, 108, 121, 97, 107, 120]]
-1 [ 28 420:420 [131, 102, 117, 124, 127, 133, 132, 108, 121, 97, 107, 120]]

Vehicle: 401  Cost: 36.60
Route: 4 30 83 74 -4 
  4 [10  61: 76]
 30 [ 6  82: 87]
 83 [ 3  91: 96]
 74 [ 0 420:425]
 -4 [ 0 439:439]

Vehicle: 402  Cost: 13.57
Route: 4 88 90 -4 
  4 [ 5  34: 49]
 88 [ 3  55: 60]
 90 [ 0  62: 67]
 -4 [ 0  73: 73]

Vehicle: 403  Cost: 14.83
Route: 4 27 62 -4 
  4 [ 7  34: 49]
 27 [ 4  56: 61]
 62 [ 0 300:305]
 -4 [ 0 310:310]

Vehicle: 501  Cost: 49.89
Route: 5 25 32 96 70 -5 
  5 [ 9  64: 79]
 25 [ 5  98:103]
 32 [ 4 109:114]
 96 [ 7 114:119]
 70 [ 3 300:305]
 -5 [ 3 325:325]

Vehicle: 601  Cost: 134.53
Route: 6 67 86 23 92 128 -6 
  6 [10  81:270]
 67 [ 8 300:305]
 86 [ 4 330:335]
 23 [ 0 348:353]
 92 [ 4 353:358]
128 [ 7 420:425]
 -6 [ 7 469:469]

Vehicle: 602  Cost: 130.04
Route: 6 11 53 109 77 48 118 123 -6 
  6 [10  81:129]
 11 [ 9 180:185]
 53 [ 7 191:196]
109 [10 196:201]
 77 [ 7 300:305]
 48 [ 3 314:319]
118 [ 6 332:337]
123 [10 338:343]
 -6 [10 377:377]

Vehicle: 603  Cost: 95.13
Route: 6 18 94 24 22 47 -6 
  6 [10  81: 96]
 18 [ 7 129:134]
 94 [10 300:305]
 24 [ 9 305:310]
 22 [ 6 420:425]
 47 [ 3 459:464]
 -6 [ 3 476:476]

Vehicle: 604  Cost: 86.45
Route: 6 55 89 135 42 105 72 -6 
  6 [ 9  81: 96]
 55 [ 8 130:135]
 89 [ 4 143:148]
135 [ 7 148:153]
 42 [ 6 300:305]
105 [10 305:310]
 72 [ 7 420:425]
 -6 [ 7 457:457]

Vehicle: 606  Cost: 173.70
Route: 6 37 68 14 12 111 56 119 65 -6 
  6 [10  81: 96]
 37 [ 8 114:119]
 68 [ 4 300:305]
 14 [ 3 325:330]
 12 [ 2 369:374]
111 [ 4 403:408]
 56 [ 3 408:413]
119 [ 7 424:429]
 65 [ 6 429:434]
 -6 [ 6 484:484]

Vehicle: 607  Cost: 92.55
Route: 6 50 100 29 36 73 -6 
  6 [10  81: 96]
 50 [ 8 123:128]
100 [10 180:185]
 29 [ 7 420:425]
 36 [ 5 439:444]
 73 [ 2 450:455]
 -6 [ 2 473:473]

Vehicle: 701  Cost: 159.92
Route: 7 45 106 20 93 64 116 134 -7 
  7 [10  35: 50]
 45 [ 6 107:112]
106 [ 7 112:117]
 20 [ 5 122:127]
 93 [ 7 150:155]
 64 [ 3 185:190]
116 [ 6 190:195]
134 [10 215:220]
 -7 [10 245:245]

Vehicle: 702  Cost: 17.44
Route: 7 81 130 59 113 -7 
  7 [ 7  35:293]
 81 [ 4 300:305]
130 [ 8 305:310]
 59 [ 4 313:318]
113 [ 8 318:323]
 -7 [ 8 330:330]

Vehicle: 703  Cost: 70.09
Route: 7 17 85 28 61 -7 
  7 [ 9  35: 50]
 17 [ 8  73: 78]
 85 [ 4  81: 86]
 28 [ 3 300:305]
 61 [ 0 420:425]
 -7 [ 0 449:449]

Vehicle: 704  Cost: 36.96
Route: 7 31 76 126 91 38 99 -7 
  7 [10  35: 50]
 31 [ 8  60: 65]
 76 [ 4  70: 75]
126 [ 7  75: 80]
 91 [10  90: 95]
 38 [ 6 300:305]
 99 [10 305:310]
 -7 [10 321:321]

Vehicle: 705  Cost: 102.78
Route: 7 54 110 98 63 115 122 15 -7 
  7 [ 8  35: 50]
 54 [ 4  71: 76]
110 [ 6  82: 87]
 98 [ 7 107:112]
 63 [ 4 125:130]
115 [ 6 130:135]
122 [ 9 139:144]
 15 [ 8 173:178]
 -7 [ 8 188:188]

Vehicle: 706  Cost: 60.76
Route: 7 80 129 10 51 41 104 95 112 57 -7 
  7 [ 9  35: 50]
 80 [ 8  71: 76]
129 [10  76: 81]
 10 [ 6  87: 92]
 51 [ 5 300:305]
 41 [ 3 307:312]
104 [ 6 312:317]
 95 [ 7 333:338]
112 [ 9 342:347]
 57 [ 8 347:352]
 -7 [ 8 362:362]

Vehicle: 707  Cost: 126.28
Route: 7 114 46 49 21 103 87 44 -7 
  7 [ 9  35: 50]
114 [10  63: 68]
 46 [ 8  86: 91]
 49 [ 6 113:118]
 21 [ 4 124:129]
103 [ 8 139:144]
 87 [ 7 300:305]
 44 [ 5 316:321]
 -7 [ 5 361:361]

Vehicle: 708  Cost: 6.32
Route: 7 52 -7 
  7 [ 4  35:297]
 52 [ 0 300:305]
 -7 [ 0 308:308]

Vehicle: 801  Cost: 19.38
Route: 8 71 33 -8 
  8 [ 7  55: 70]
 71 [ 3  75: 80]
 33 [ 0 300:305]
 -8 [ 0 312:312]

Vehicle: 802  Cost: 20.67
Route: 8 39 60 -8 
  8 [ 8  55:175]
 39 [ 4 180:185]
 60 [ 0 300:305]
 -8 [ 0 315:315]

Vehicle: 901  Cost: 65.29
Route: 9 66 19 131 107 13 124 102 121 -9 
  9 [10  91:106]
 66 [ 7 116:121]
 19 [ 3 130:135]
131 [ 4 300:305]
107 [ 7 308:313]
 13 [ 4 320:325]
124 [ 7 327:332]
102 [ 8 334:339]
121 [10 345:350]
 -9 [10 370:370]

Vehicle: 902  Cost: 84.92
Route: 9 117 26 79 132 69 120 108 -9 
  9 [ 9  91:106]
117 [10 115:120]
 26 [ 6 131:136]
 79 [ 5 180:185]
132 [ 9 194:199]
 69 [ 5 300:305]
120 [ 7 305:310]
108 [10 334:339]
 -9 [10 352:352]

Vehicle: 903  Cost: 27.07
Route: 9 58 97 34 43 -9 
  9 [ 8  91:106]
 58 [ 5 110:115]
 97 [ 9 180:185]
 34 [ 8 185:190]
 43 [ 4 300:305]
 -9 [ 4 315:315]

Vehicle: 904  Cost: 77.80
Route: 9 16 40 101 75 125 82 -9 
  9 [ 9  91:106]
 16 [ 6 138:143]
 40 [ 4 300:305]
101 [ 6 305:310]
 75 [ 3 420:425]
125 [ 5 425:430]
 82 [ 4 446:451]
 -9 [ 4 469:469]

Vehicle: 905  Cost: 56.71
Route: 9 84 133 35 78 127 -9 
  9 [ 8  91:106]
 84 [ 7 115:120]
133 [10 120:125]
 35 [ 7 145:150]
 78 [ 3 300:305]
127 [ 4 305:310]
 -9 [ 4 331:331]

Total Cost: 2067.39
 11:141.02, 74:75 [1, 8, 6, -6, -9, -5, -1]
 13:70.94, 66:75 [1, 7, -7, -1]
 15:95.75, 75:75 [1, 4, 5, 9, -9, -1]
401:36.60, 10:10 [4, 30, 83, 74, -4]
402:13.57, 5:10 [4, 88, 90, -4]
403:14.83, 7:10 [4, 27, 62, -4]
501:49.89, 9:10 [5, 25, 32, 96, 70, -5]
601:134.53, 10:10 [6, 67, 86, 23, 92, 128, -6]
602:130.04, 10:10 [6, 11, 53, 109, 77, 48, 118, 123, -6]
603:95.13, 10:10 [6, 18, 94, 24, 22, 47, -6]
604:86.45, 10:10 [6, 55, 89, 135, 42, 105, 72, -6]
606:173.70, 10:10 [6, 37, 68, 14, 12, 111, 56, 119, 65, -6]
607:92.55, 10:10 [6, 50, 100, 29, 36, 73, -6]
701:159.92, 10:10 [7, 45, 106, 20, 93, 64, 116, 134, -7]
702:17.44, 8:10 [7, 81, 130, 59, 113, -7]
703:70.09, 9:10 [7, 17, 85, 28, 61, -7]
704:36.96, 10:10 [7, 31, 76, 126, 91, 38, 99, -7]
705:102.78, 9:10 [7, 54, 110, 98, 63, 115, 122, 15, -7]
706:60.76, 10:10 [7, 80, 129, 10, 51, 41, 104, 95, 112, 57, -7]
707:126.28, 10:10 [7, 114, 46, 49, 21, 103, 87, 44, -7]
708:6.32, 4:10 [7, 52, -7]
801:19.38, 7:10 [8, 71, 33, -8]
802:20.67, 8:10 [8, 39, 60, -8]
901:65.29, 10:10 [9, 66, 19, 131, 107, 13, 124, 102, 121, -9]
902:84.92, 10:10 [9, 117, 26, 79, 132, 69, 120, 108, -9]
903:27.07, 9:10 [9, 58, 97, 34, 43, -9]
904:77.80, 9:10 [9, 16, 40, 101, 75, 125, 82, -9]
905:56.71, 10:10 [9, 84, 133, 35, 78, 127, -9]
fe: 3, se: 25

!ALNS------------
100000,2067.3918812453026,1004.712,985.104,3,25,0.9555555555555556,0.896,42.0,5.04
25 34 21 19 0 0 7 1 
9.244563167284165 24.162323268613363 10.425373304151787 11.831221719506747 76.30877949512433 27.420292879598758 16.22446008270565 22.474434036872843 
15 14 9 16 11 14 20 8 
14.87540899223125 12.883834681704155 16.847496110804087 15.947757938940866 16.60672116819278 14.726809389217351 16.308248425175975 13.31574256275167 

x[8527] = 1.0
Vehicle: 12  Cost: 134.17
Route: 1 4 6 -6 8 -9 -1 
 1 [ 72   0:  0 [39, 64, 50, 73, 88, 37, 27, 86, 22, 68, 47, 14, 12, 60, 29, 18, 71, 67, 90, 36, 72, 33, 24, 42, 74, 62]]
 4 [ 60  34: 49 [39, 64, 50, 73, 37, 86, 22, 68, 47, 14, 12, 60, 29, 18, 71, 67, 36, 72, 33, 24, 42, 74]]
 6 [ 18  75: 75 [39, 60, 71, 33, 74]]
-6 [ 27  75:261 [39, 116, 100, 60, 134, 71, 33, 74]]
 8 [  9 271:286 [116, 100, 134]]
-9 [ 30 316:370 [117, 97, 121, 102, 132, 127, 116, 100, 108, 124, 120, 134]]
-1 [ 30 404:404 [117, 97, 121, 102, 132, 127, 116, 100, 108, 124, 120, 134]]

x[10626] = 1.0
Vehicle: 14  Cost: 70.94
Route: 1 7 -7 -1 
 1 [  8   0:  0 [17, 81, 89]]
 7 [  0  35: 35 []]
-7 [ 39  35:380 [123, 104, 126, 135, 130, 129, 115, 98, 110, 91, 122, 93, 106, 109, 118]]
-1 [ 39 416:416 [123, 104, 126, 135, 130, 129, 115, 98, 110, 91, 122, 93, 106, 109, 118]]

x[13754] = 1.0
Vehicle: 15  Cost: 69.34
Route: 1 9 -9 -1 
 1 [ 62   0:  0 [25, 32, 56, 65, 84, 19, 83, 30, 75, 78, 69, 58, 34, 16, 26, 79, 40, 35, 13, 82, 70, 43, 66]]
 9 [  0  35: 35 []]
-9 [ 36  35:489 [97, 120, 111, 96, 108, 131, 125, 121, 119, 101, 127, 102, 124, 107, 133]]
-1 [ 36 523:523 [97, 120, 111, 96, 108, 131, 125, 121, 119, 101, 127, 102, 124, 107, 133]]

x[17072] = 1.0
Vehicle: 13  Cost: 124.34
Route: 1 7 -7 -6 -1 
 1 [ 73   0:  0 [21, 20, 77, 53, 61, 10, 48, 49, 59, 46, 28, 38, 52, 41, 80, 87, 23, 44, 85, 54, 57, 51, 45, 11, 76, 15, 31, 63, 55]]
 7 [  0  35: 35 []]
-7 [ 29  35:515 [113, 118, 114, 128, 103, 112, 92, 99, 95, 109]]
-6 [ 36 543:558 [113, 118, 114, 128, 105, 103, 112, 92, 99, 94, 95, 109]]
-1 [ 36 619:619 [113, 118, 114, 128, 105, 103, 112, 92, 99, 94, 95, 109]]

y[39] = 1.0
Vehicle: 709  Cost: 151.66
Route: 7 55 93 89 135 45 106 123 -7 
  7 [ 9  59: 74]
 55 [ 8 129:134]
 93 [10 145:150]
 89 [ 6 165:170]
135 [ 9 170:175]
 45 [ 5 188:193]
106 [ 6 193:198]
123 [10 300:305]
 -7 [10 340:340]

y[197] = 1.0
Vehicle: 402  Cost: 13.57
Route: 4 88 90 -4 
  4 [ 5 260:275]
 88 [ 3 281:286]
 90 [ 0 288:293]
 -4 [ 0 299:299]

y[222] = 1.0
Vehicle: 606  Cost: 148.21
Route: 6 50 14 12 29 36 -6 
  6 [ 9 130:145]
 50 [ 7 173:178]
 14 [ 6 300:305]
 12 [ 5 344:349]
 29 [ 2 420:425]
 36 [ 0 439:444]
 -6 [ 0 468:468]

y[1529] = 1.0
Vehicle: 905  Cost: 77.80
Route: 9 16 40 101 75 125 82 131 -9 
  9 [ 9 236:251]
 16 [ 6 283:288]
 40 [ 4 300:305]
101 [ 6 305:310]
 75 [ 3 420:425]
125 [ 5 425:430]
 82 [ 4 446:451]
131 [ 5 451:456]
 -9 [ 5 474:474]

y[3899] = 1.0
Vehicle: 701  Cost: 60.76
Route: 7 80 129 10 51 41 104 95 57 112 -7 
  7 [ 9  59: 74]
 80 [ 8  95:100]
129 [10 100:105]
 10 [ 6 111:116]
 51 [ 5 300:305]
 41 [ 3 307:312]
104 [ 6 312:317]
 95 [ 7 333:338]
 57 [ 6 342:347]
112 [ 8 347:352]
 -7 [ 8 362:362]

y[4930] = 1.0
Vehicle: 906  Cost: 66.92
Route: 9 117 26 79 132 78 127 108 -9 
  9 [ 9 133:148]
117 [10 157:162]
 26 [ 6 173:178]
 79 [ 5 182:187]
132 [ 9 196:201]
 78 [ 5 300:305]
127 [ 6 305:310]
108 [ 9 321:326]
 -9 [ 9 339:339]

y[5600] = 1.0
Vehicle: 707  Cost: 86.53
Route: 7 15 98 115 63 122 38 99 -7 
  7 [ 8  35: 50]
 15 [ 7  60: 65]
 98 [ 8  85: 90]
115 [10 104:109]
 63 [ 7 109:114]
122 [10 118:123]
 38 [ 6 300:305]
 99 [10 305:310]
 -7 [10 321:321]

y[6430] = 1.0
Vehicle: 703  Cost: 20.27
Route: 7 52 81 130 -7 
  7 [ 7 278:297]
 52 [ 3 300:305]
 81 [ 0 315:320]
130 [ 4 320:325]
 -7 [ 4 332:332]

y[7667] = 1.0
Vehicle: 701  Cost: 115.64
Route: 7 48 77 128 61 -7 
  7 [10  35:254]
 48 [ 6 300:305]
 77 [ 3 314:319]
128 [ 6 420:425]
 61 [ 3 449:454]
 -7 [ 3 477:477]

y[7928] = 1.0
Vehicle: 707  Cost: 142.08
Route: 7 20 11 53 109 23 92 118 -7 
  7 [ 9  59: 74]
 20 [ 7 129:134]
 11 [ 6 180:185]
 53 [ 4 191:196]
109 [ 7 196:201]
 23 [ 3 300:305]
 92 [ 7 305:310]
118 [10 338:343]
 -7 [10 380:380]

y[8068] = 1.0
Vehicle: 703  Cost: 57.11
Route: 7 54 17 85 110 114 91 -7 
  7 [ 9  59: 74]
 54 [ 5  94: 99]
 17 [ 4 102:107]
 85 [ 0 111:116]
110 [ 2 122:127]
114 [ 3 136:141]
 91 [ 6 146:151]
 -7 [ 6 161:161]

y[8703] = 1.0
Vehicle: 604  Cost: 50.30
Route: 6 37 68 73 -6 
  6 [ 9 218:233]
 37 [ 7 252:257]
 68 [ 3 300:305]
 73 [ 0 313:318]
 -6 [ 0 336:336]

y[8809] = 1.0
Vehicle: 802  Cost: 20.67
Route: 8 39 60 -8 
  8 [ 8 279:294]
 39 [ 4 299:304]
 60 [ 0 310:315]
 -8 [ 0 325:325]

y[8835] = 1.0
Vehicle: 606  Cost: 116.77
Route: 6 22 86 42 105 67 -6 
  6 [10  60:374]
 22 [ 7 420:425]
 86 [ 3 441:446]
 42 [ 2 459:464]
105 [ 6 464:469]
 67 [ 4 481:486]
 -6 [ 4 516:516]

y[9357] = 1.0
Vehicle: 902  Cost: 108.30
Route: 9 35 111 56 65 119 69 120 -9 
  9 [ 9 133:148]
 35 [ 6 170:175]
111 [ 8 300:305]
 56 [ 7 305:310]
 65 [ 6 321:326]
119 [10 326:331]
 69 [ 6 344:349]
120 [ 8 349:354]
 -9 [ 8 389:389]

y[9392] = 1.0
Vehicle: 906  Cost: 27.07
Route: 9 58 34 97 43 -9 
  9 [ 8  52:191]
 58 [ 5 195:200]
 34 [ 4 210:215]
 97 [ 8 215:220]
 43 [ 4 300:305]
 -9 [ 4 315:315]

y[10863] = 1.0
Vehicle: 907  Cost: 61.38
Route: 9 25 96 32 70 -9 
  9 [ 9 129:144]
 25 [ 5 167:172]
 96 [ 8 178:183]
 32 [ 7 183:188]
 70 [ 3 300:305]
 -9 [ 3 333:333]

y[12451] = 1.0
Vehicle: 601  Cost: 81.90
Route: 6 18 94 24 72 47 -6 
  6 [10  81: 96]
 18 [ 7 129:134]
 94 [10 300:305]
 24 [ 9 305:310]
 72 [ 6 420:425]
 47 [ 3 447:452]
 -6 [ 3 464:464]

y[13964] = 1.0
Vehicle: 706  Cost: 131.27
Route: 7 46 49 21 103 87 44 28 -7 
  7 [10  35: 50]
 46 [ 8  79: 84]
 49 [ 6 106:111]
 21 [ 4 117:122]
103 [ 8 132:137]
 87 [ 7 300:305]
 44 [ 5 316:321]
 28 [ 4 344:349]
 -7 [ 4 373:373]

y[14408] = 1.0
Vehicle: 704  Cost: 28.12
Route: 7 76 126 31 59 113 -7 
  7 [10  59: 74]
 76 [ 6  87: 92]
126 [ 9  92: 97]
 31 [ 7 103:108]
 59 [ 3 300:305]
113 [ 7 305:310]
 -7 [ 7 317:317]

y[15466] = 1.0
Vehicle: 901  Cost: 65.29
Route: 9 66 19 107 13 124 102 121 -9 
  9 [10  35: 50]
 66 [ 7  60: 65]
 19 [ 3  74: 79]
107 [ 6 300:305]
 13 [ 3 312:317]
124 [ 6 319:324]
102 [ 7 326:331]
121 [ 9 337:342]
 -9 [ 9 362:362]

y[17920] = 1.0
Vehicle: 802  Cost: 29.02
Route: 8 71 33 74 -8 
  8 [10 279:294]
 71 [ 6 299:304]
 33 [ 3 311:316]
 74 [ 0 420:425]
 -8 [ 0 436:436]

y[18194] = 1.0
Vehicle: 602  Cost: 54.19
Route: 6 134 64 116 100 -6 
  6 [ 4  75: 90]
134 [ 8  94: 99]
 64 [ 4 180:185]
116 [ 7 185:190]
100 [ 9 197:202]
 -6 [ 9 225:225]

y[18828] = 1.0
Vehicle: 904  Cost: 43.62
Route: 9 84 133 83 30 -9 
  9 [ 8  52:144]
 84 [ 7 154:159]
133 [10 159:164]
 83 [ 7 175:180]
 30 [ 3 184:189]
 -9 [ 3 208:208]

y[20634] = 1.0
Vehicle: 403  Cost: 14.83
Route: 4 27 62 -4 
  4 [ 7 270:285]
 27 [ 4 293:298]
 62 [ 0 300:305]
 -4 [ 0 310:310]

FE: 4
SE: 25
!MIP-----
2172.0727287168315,5400.234726190567,0.06285638262957652,4,25,19760,20796

