--Parameters Information--
speed=1
run=5
iteration= 100000
batch=100
restartPeriod=10000
largeRemovalOccurrence=500
initialLNS=250
lowerBoundSmallRemoval=4
smallRemoval=0.2
lowerBoundLargeRemoval=0.55
largeRemoval=0.8
initialWeight=1.0
decayRate=0.1
gamma1=9.0
gamma2=5.0
gamma3=2.0
gamma4=0.0
coolingRate=0.9995
temperatureControlParameter=0.05
initialAcceptanceProbability=0.5
perturbation=0.5
perturbationFactor=0.01
split=20000

Setup: Split
Data: C_100_2_D

Run: 1
Total Cost: 1949.11
Vehicle: 11  Cost: 89.55
Route: 1 3 -3 -1 
 1 [ 55   0:  0 [80, 77, 40, 44, 82, 10, 16, 81, 25, 59, 58, 33, 20, 73, 11, 54, 13, 42, 52, 36, 12, 49, 72, 14, 31, 65]]
 3 [  0  45: 45 []]
-3 [ 40  45:410 [126, 114, 131, 117, 88, 84, 133, 125, 102, 107, 104, 112, 91, 92, 108, 132, 95, 86]]
-1 [ 40 455:455 [126, 114, 131, 117, 88, 84, 133, 125, 102, 107, 104, 112, 91, 92, 108, 132, 95, 86]]

Vehicle: 14  Cost: 156.94
Route: 1 6 -6 -4 -5 -1 
 1 [ 23   0:  0 [69, 79, 37, 56, 68, 57, 45, 35, 50, 26]]
 6 [  0  73: 73 []]
-6 [ 20  73:475 [98, 120, 109, 94, 129, 124, 130, 90, 111]]
-4 [ 28 504:519 [101, 98, 120, 109, 94, 129, 124, 130, 128, 90, 111]]
-5 [ 38 544:559 [105, 106, 98, 120, 109, 97, 94, 129, 124, 130, 101, 128, 90, 111]]
-1 [ 38 589:589 [105, 106, 98, 120, 109, 97, 94, 129, 124, 130, 101, 128, 90, 111]]

Vehicle: 15  Cost: 60.46
Route: 1 5 -5 -1 
 1 [ 44   0:  0 [19, 48, 39, 78, 83, 70, 17, 67, 38, 18, 53, 64, 51, 47, 30, 63, 76, 62, 60, 66]]
 5 [  0  30: 30 []]
-5 [ 35  30:376 [113, 99, 121, 89, 118, 119, 134, 123, 100, 96, 87]]
-1 [ 35 406:406 [113, 99, 121, 89, 118, 119, 134, 123, 100, 96, 87]]

Vehicle: 16  Cost: 162.99
Route: 1 4 8 -8 2 -2 -7 -1 
 1 [ 48   0:  0 [15, 24, 46, 32, 74, 71, 34, 41, 27, 23, 21, 22, 75, 55, 29, 43, 61, 28]]
 4 [ 39  52: 67 [15, 24, 46, 32, 74, 71, 41, 27, 23, 21, 22, 43, 61, 28]]
 8 [  8  93: 93 [24, 27, 22]]
-8 [ 22  93:224 [24, 103, 115, 122, 27, 127, 22, 110]]
 2 [ 14 263:263 [103, 115, 122, 127, 110]]
-2 [ 20 263:334 [103, 115, 116, 122, 127, 93, 110]]
-7 [ 23 345:360 [85, 103, 115, 122, 127, 110, 116, 93]]
-1 [ 23 394:394 [103, 115, 116, 122, 127, 93, 110, 85]]

Vehicle: 201  Cost: 17.85
Route: 2 27 22 116 -2 
  2 [ 7 263:278]
 27 [ 4 286:291]
 22 [ 0 300:305]
116 [ 2 311:316]
 -2 [ 2 319:319]

Vehicle: 202  Cost: 16.12
Route: 2 93 24 -2 
  2 [ 1 263:278]
 93 [ 5 286:291]
 24 [ 4 291:296]
 -2 [ 4 304:304]

Vehicle: 301  Cost: 19.96
Route: 3 14 88 86 11 -3 
  3 [ 7  45: 60]
 14 [ 3  70: 75]
 88 [ 6  75: 80]
 86 [ 7 180:185]
 11 [ 4 185:190]
 -3 [ 4 193:193]

Vehicle: 302  Cost: 106.74
Route: 3 54 13 12 107 91 59 84 117 -3 
  3 [10  45: 60]
 54 [ 7  72: 77]
 13 [ 4  88: 93]
 12 [ 3 180:185]
107 [ 7 300:305]
 91 [ 8 311:316]
 59 [ 5 337:342]
 84 [ 7 343:348]
117 [ 9 350:355]
 -3 [ 9 375:375]

Vehicle: 303  Cost: 105.41
Route: 3 33 52 92 112 58 25 31 -3 
  3 [10  45: 60]
 33 [ 8  97:102]
 52 [ 4 108:113]
 92 [ 6 300:305]
112 [10 317:322]
 58 [ 9 322:327]
 25 [ 7 342:347]
 31 [ 6 350:355]
 -3 [ 6 383:383]

Vehicle: 304  Cost: 83.78
Route: 3 81 126 133 82 49 108 10 65 -3 
  3 [ 9  45: 60]
 81 [ 7  69: 74]
126 [ 9  76: 81]
133 [10  99:104]
 82 [ 8 104:109]
 49 [ 7 180:185]
108 [10 185:190]
 10 [ 7 300:305]
 65 [ 6 318:323]
 -3 [ 6 357:357]

Vehicle: 305  Cost: 149.49
Route: 3 36 73 77 20 132 95 131 80 114 42 -3 
  3 [10  45: 60]
 36 [ 9  71: 76]
 73 [ 6  93: 98]
 77 [ 4 100:105]
 20 [ 3 127:132]
132 [ 5 146:151]
 95 [ 7 154:159]
131 [ 9 300:305]
 80 [ 8 305:310]
114 [10 345:350]
 42 [ 8 357:362]
 -3 [ 8 395:395]

Vehicle: 306  Cost: 27.24
Route: 3 72 125 44 104 16 102 40 -3 
  3 [ 9  45: 60]
 72 [ 6  72: 77]
125 [ 7  77: 82]
 44 [ 3 300:305]
104 [ 7 305:310]
 16 [ 6 313:318]
102 [ 8 323:328]
 40 [ 7 328:333]
 -3 [ 7 337:337]

Vehicle: 401  Cost: 62.59
Route: 4 55 29 34 101 75 128 -4 
  4 [ 9  52: 67]
 55 [ 8  69: 74]
 29 [ 4 180:185]
 34 [ 3 300:305]
101 [ 7 322:327]
 75 [ 4 420:425]
128 [ 8 425:430]
 -4 [ 8 441:441]

Vehicle: 501  Cost: 57.20
Route: 5 66 118 96 63 62 113 -5 
  5 [ 6  30: 45]
 66 [ 3  68: 73]
118 [ 6  73: 78]
 96 [ 8 300:305]
 63 [ 6 313:318]
 62 [ 5 324:329]
113 [ 8 329:334]
 -5 [ 8 348:348]

Vehicle: 502  Cost: 36.70
Route: 5 51 97 53 -5 
  5 [ 6  30:407]
 51 [ 3 420:425]
 97 [ 6 432:437]
 53 [ 3 440:445]
 -5 [ 3 458:458]

Vehicle: 503  Cost: 88.07
Route: 5 83 134 18 30 67 119 48 -5 
  5 [ 7  30: 45]
 83 [ 6  74: 79]
134 [10  79: 84]
 18 [ 9  99:104]
 30 [ 7 300:305]
 67 [ 6 317:322]
119 [10 322:327]
 48 [ 8 337:342]
 -5 [ 8 361:361]

Vehicle: 505  Cost: 59.05
Route: 5 39 123 38 100 19 99 -5 
  5 [ 9  30: 57]
 39 [ 6  60: 65]
123 [ 8  73: 78]
 38 [ 6 180:185]
100 [10 185:190]
 19 [ 6 300:305]
 99 [10 307:312]
 -5 [10 329:329]

Vehicle: 508  Cost: 76.34
Route: 5 60 76 87 89 70 121 -5 
  5 [ 7  30: 45]
 60 [ 5  65: 70]
 76 [ 1  87: 92]
 87 [ 5 101:106]
 89 [ 9 116:121]
 70 [ 8 300:305]
121 [ 9 305:310]
 -5 [ 9 322:322]

Vehicle: 509  Cost: 76.06
Route: 5 64 17 105 47 106 78 -5 
  5 [ 9  30:298]
 64 [ 7 300:305]
 17 [ 6 420:425]
105 [ 9 443:448]
 47 [ 6 462:467]
106 [10 467:472]
 78 [ 7 499:504]
 -5 [ 7 513:513]

Vehicle: 601  Cost: 96.49
Route: 6 56 26 111 69 -6 
  6 [ 8  73: 88]
 56 [ 4 109:114]
 26 [ 1 300:305]
111 [ 5 328:333]
 69 [ 4 420:425]
 -6 [ 4 460:460]

Vehicle: 602  Cost: 83.15
Route: 6 57 37 98 45 35 124 90 68 120 -6 
  6 [ 8  73: 88]
 57 [ 7  93: 98]
 37 [ 6 105:110]
 98 [ 7 110:115]
 45 [ 5 119:124]
 35 [ 4 180:185]
124 [ 6 203:208]
 90 [10 217:222]
 68 [ 7 420:425]
120 [ 9 425:430]
 -6 [ 9 449:449]

Vehicle: 603  Cost: 54.42
Route: 6 94 50 109 129 130 79 -6 
  6 [ 7  73:165]
 94 [ 8 180:185]
 50 [ 4 300:305]
109 [ 5 305:310]
129 [ 6 326:331]
130 [10 339:344]
 79 [ 7 344:349]
 -6 [ 7 363:363]

Vehicle: 701  Cost: 10.77
Route: 7 85 -7 
  7 [ 0   0:295]
 85 [ 3 300:305]
 -7 [ 3 310:310]

Vehicle: 801  Cost: 99.95
Route: 8 21 28 32 61 -8 
  8 [10  93:108]
 21 [ 7 120:125]
 28 [ 6 300:305]
 32 [ 2 321:326]
 61 [ 0 357:362]
 -8 [ 0 387:387]

Vehicle: 802  Cost: 18.81
Route: 8 23 46 -8 
  8 [ 7  93:108]
 23 [ 4 115:120]
 46 [ 0 300:305]
 -8 [ 0 313:313]

Vehicle: 803  Cost: 51.84
Route: 8 127 74 43 115 71 122 -8 
  8 [ 6  93:108]
127 [ 8 124:129]
 74 [ 7 129:134]
 43 [ 4 140:145]
115 [ 7 150:155]
 71 [ 5 180:185]
122 [ 8 185:190]
 -8 [ 8 205:205]

Vehicle: 805  Cost: 81.15
Route: 8 41 103 110 15 -8 
  8 [ 8  93:108]
 41 [ 4 131:136]
103 [ 8 136:141]
110 [10 169:174]
 15 [ 6 191:196]
 -8 [ 6 209:209]

Total Cost: 1949.11
 11:89.55, 55:75 [1, 3, -3, -1]
 14:156.94, 38:75 [1, 6, -6, -4, -5, -1]
 15:60.46, 44:75 [1, 5, -5, -1]
 16:162.99, 48:75 [1, 4, 8, -8, 2, -2, -7, -1]
201:17.85, 7:10 [2, 27, 22, 116, -2]
202:16.12, 5:10 [2, 93, 24, -2]
301:19.96, 7:10 [3, 14, 88, 86, 11, -3]
302:106.74, 10:10 [3, 54, 13, 12, 107, 91, 59, 84, 117, -3]
303:105.41, 10:10 [3, 33, 52, 92, 112, 58, 25, 31, -3]
304:83.78, 10:10 [3, 81, 126, 133, 82, 49, 108, 10, 65, -3]
305:149.49, 10:10 [3, 36, 73, 77, 20, 132, 95, 131, 80, 114, 42, -3]
306:27.24, 9:10 [3, 72, 125, 44, 104, 16, 102, 40, -3]
401:62.59, 9:10 [4, 55, 29, 34, 101, 75, 128, -4]
501:57.20, 8:10 [5, 66, 118, 96, 63, 62, 113, -5]
502:36.70, 6:10 [5, 51, 97, 53, -5]
503:88.07, 10:10 [5, 83, 134, 18, 30, 67, 119, 48, -5]
505:59.05, 10:10 [5, 39, 123, 38, 100, 19, 99, -5]
508:76.34, 9:10 [5, 60, 76, 87, 89, 70, 121, -5]
509:76.06, 10:10 [5, 64, 17, 105, 47, 106, 78, -5]
601:96.49, 8:10 [6, 56, 26, 111, 69, -6]
602:83.15, 10:10 [6, 57, 37, 98, 45, 35, 124, 90, 68, 120, -6]
603:54.42, 10:10 [6, 94, 50, 109, 129, 130, 79, -6]
701:10.77, 3:10 [7, 85, -7]
801:99.95, 10:10 [8, 21, 28, 32, 61, -8]
802:18.81, 7:10 [8, 23, 46, -8]
803:51.84, 8:10 [8, 127, 74, 43, 115, 71, 122, -8]
805:81.15, 10:10 [8, 41, 103, 110, 15, -8]
fe: 4, se: 23

!ALNS------------
100000,1949.1101633416592,541.256,321.033,4,23,0.6166666666666667,0.8521739130434782,31.25,5.434782608695652
20 30 22 7 0 8 13 1 
10.17260461220668 22.204590324975268 10.522989441815602 12.69483716856637 49.05426474174996 24.52439494046114 16.086159208208816 29.9324573691049 
12 23 7 12 10 14 13 10 
16.874067939880067 16.50702712659326 15.608339464703835 15.83422191291719 17.815425369558778 15.402143542815203 16.074067713882673 15.030293135506774 

x[1663] = 1.0
Vehicle: 16  Cost: 162.99
Route: 1 4 8 -8 2 -2 -7 -1 
 1 [ 48   0:  0 [27, 74, 15, 71, 24, 22, 61, 55, 75, 21, 34, 32, 43, 46, 29, 23, 41, 28]]
 4 [ 39  52: 67 [27, 74, 15, 71, 24, 22, 61, 21, 32, 43, 46, 23, 41, 28]]
 8 [  8  93: 93 [27, 24, 22]]
-8 [ 22  93:226 [27, 127, 103, 24, 22, 110, 122, 115]]
 2 [ 14 265:265 [127, 103, 110, 122, 115]]
-2 [ 20 265:334 [93, 127, 103, 110, 116, 122, 115]]
-7 [ 27 345:360 [127, 103, 93, 85, 110, 116, 117, 84, 122, 115]]
-1 [ 27 394:394 [93, 127, 103, 85, 110, 116, 117, 84, 122, 115]]

x[5955] = 1.0
Vehicle: 14  Cost: 156.94
Route: 1 6 -6 -4 -5 -1 
 1 [ 23   0:  0 [56, 45, 37, 68, 79, 26, 35, 57, 69, 50]]
 6 [  0  73: 73 []]
-6 [ 20  73:475 [98, 90, 129, 120, 124, 94, 130, 111, 109]]
-4 [ 28 504:519 [101, 98, 90, 129, 120, 124, 94, 130, 111, 109, 128]]
-5 [ 42 544:559 [105, 106, 98, 101, 90, 129, 120, 124, 94, 130, 84, 117, 97, 111, 109, 128]]
-1 [ 42 589:589 [105, 106, 98, 101, 90, 129, 120, 124, 94, 130, 84, 117, 97, 111, 109, 128]]

x[6662] = 1.0
Vehicle: 11  Cost: 89.55
Route: 1 3 -3 -1 
 1 [ 52   0:  0 [77, 14, 20, 44, 10, 40, 73, 25, 42, 13, 58, 82, 11, 54, 36, 52, 80, 12, 49, 31, 16, 81, 33, 72, 65]]
 3 [  0  45: 45 []]
-3 [ 42  45:435 [88, 108, 92, 125, 114, 86, 91, 94, 102, 133, 109, 112, 104, 126, 131, 132, 90, 107, 95]]
-1 [ 42 480:480 [88, 108, 92, 125, 114, 86, 91, 94, 102, 133, 109, 112, 104, 126, 131, 132, 90, 107, 95]]

x[6719] = 1.0
Vehicle: 15  Cost: 60.46
Route: 1 5 -5 -1 
 1 [ 47   0:  0 [70, 76, 78, 51, 17, 67, 19, 83, 66, 47, 63, 48, 60, 59, 53, 30, 38, 18, 62, 39, 64]]
 5 [  0  30: 30 []]
-5 [ 49  30:390 [99, 106, 134, 113, 119, 123, 121, 85, 84, 89, 96, 100, 117, 118, 87, 97]]
-1 [ 49 420:420 [99, 106, 134, 113, 119, 123, 121, 85, 84, 89, 96, 100, 117, 118, 87, 97]]

y[82] = 1.0
Vehicle: 801  Cost: 18.81
Route: 8 23 46 -8 
  8 [ 7 149:164]
 23 [ 4 170:175]
 46 [ 0 300:305]
 -8 [ 0 313:313]

y[162] = 1.0
Vehicle: 401  Cost: 62.59
Route: 4 55 29 34 101 75 128 -4 
  4 [ 9  82: 97]
 55 [ 8 100:105]
 29 [ 4 180:185]
 34 [ 3 300:305]
101 [ 7 322:327]
 75 [ 4 420:425]
128 [ 8 425:430]
 -4 [ 8 441:441]

y[936] = 1.0
Vehicle: 805  Cost: 99.95
Route: 8 21 28 32 61 -8 
  8 [10 111:126]
 21 [ 7 138:143]
 28 [ 6 300:305]
 32 [ 2 321:326]
 61 [ 0 357:362]
 -8 [ 0 387:387]

y[1408] = 1.0
Vehicle: 501  Cost: 57.20
Route: 5 118 66 96 63 62 113 -5 
  5 [ 6 140:155]
118 [ 9 178:183]
 66 [ 6 183:188]
 96 [ 8 300:305]
 63 [ 6 313:318]
 62 [ 5 324:329]
113 [ 8 329:334]
 -5 [ 8 348:348]

y[1778] = 1.0
Vehicle: 305  Cost: 5.66
Route: 3 11 86 -3 
  3 [ 3  71:177]
 11 [ 0 180:185]
 86 [ 1 185:190]
 -3 [ 1 193:193]

y[1911] = 1.0
Vehicle: 502  Cost: 51.17
Route: 5 51 97 53 84 59 117 -5 
  5 [ 9 330:407]
 51 [ 6 420:425]
 97 [ 9 432:437]
 53 [ 6 440:445]
 84 [ 8 451:456]
 59 [ 5 457:462]
117 [ 7 464:469]
 -5 [ 7 488:488]

y[1969] = 1.0
Vehicle: 201  Cost: 17.85
Route: 2 27 22 116 -2 
  2 [ 7 271:286]
 27 [ 4 293:298]
 22 [ 0 300:305]
116 [ 2 311:316]
 -2 [ 2 319:319]

y[2682] = 1.0
Vehicle: 305  Cost: 149.49
Route: 3 36 73 77 20 132 95 80 131 114 42 -3 
  3 [10  77: 92]
 36 [ 9 104:109]
 73 [ 6 126:131]
 77 [ 4 132:137]
 20 [ 3 160:165]
132 [ 5 179:184]
 95 [ 7 187:192]
 80 [ 6 300:305]
131 [ 8 305:310]
114 [10 345:350]
 42 [ 8 357:362]
 -3 [ 8 395:395]

y[2784] = 1.0
Vehicle: 509  Cost: 76.06
Route: 5 64 17 105 47 106 78 -5 
  5 [ 9 140:298]
 64 [ 7 300:305]
 17 [ 6 420:425]
105 [ 9 443:448]
 47 [ 6 462:467]
106 [10 467:472]
 78 [ 7 499:504]
 -5 [ 7 513:513]

y[3662] = 1.0
Vehicle: 701  Cost: 10.77
Route: 7 85 -7 
  7 [ 0   0:295]
 85 [ 3 300:305]
 -7 [ 3 310:310]

y[3720] = 1.0
Vehicle: 505  Cost: 59.05
Route: 5 39 123 38 100 19 99 -5 
  5 [ 9  30: 57]
 39 [ 6  60: 65]
123 [ 8  73: 78]
 38 [ 6 180:185]
100 [10 185:190]
 19 [ 6 300:305]
 99 [10 307:312]
 -5 [10 329:329]

y[4836] = 1.0
Vehicle: 601  Cost: 96.49
Route: 6 56 26 111 69 -6 
  6 [ 8 136:151]
 56 [ 4 172:177]
 26 [ 1 300:305]
111 [ 5 328:333]
 69 [ 4 420:425]
 -6 [ 4 460:460]

y[5403] = 1.0
Vehicle: 202  Cost: 16.12
Route: 2 24 93 -2 
  2 [ 1 272:287]
 24 [ 0 295:300]
 93 [ 4 300:305]
 -2 [ 4 313:313]

y[7507] = 1.0
Vehicle: 604  Cost: 54.42
Route: 6 94 50 109 129 130 79 -6 
  6 [ 7 104:165]
 94 [ 8 180:185]
 50 [ 4 300:305]
109 [ 5 305:310]
129 [ 6 326:331]
130 [10 339:344]
 79 [ 7 344:349]
 -6 [ 7 363:363]

y[9908] = 1.0
Vehicle: 304  Cost: 66.43
Route: 3 14 88 82 133 49 108 10 -3 
  3 [10  45: 60]
 14 [ 6  70: 75]
 88 [ 9  75: 80]
 82 [ 7 100:105]
133 [ 8 105:110]
 49 [ 7 180:185]
108 [10 185:190]
 10 [ 7 300:305]
 -3 [ 7 334:334]

y[10060] = 1.0
Vehicle: 305  Cost: 111.40
Route: 3 54 13 12 107 91 25 31 -3 
  3 [10  45: 60]
 54 [ 7  72: 77]
 13 [ 4  88: 93]
 12 [ 3 180:185]
107 [ 7 300:305]
 91 [ 8 311:316]
 25 [ 6 333:338]
 31 [ 5 342:347]
 -3 [ 5 375:375]

y[10237] = 1.0
Vehicle: 303  Cost: 114.53
Route: 3 81 126 33 52 92 112 58 65 -3 
  3 [10  45: 60]
 81 [ 8  69: 74]
126 [10  76: 81]
 33 [ 8 112:117]
 52 [ 4 123:128]
 92 [ 6 300:305]
112 [10 317:322]
 58 [ 9 322:327]
 65 [ 8 343:348]
 -3 [ 8 382:382]

y[12084] = 1.0
Vehicle: 306  Cost: 27.24
Route: 3 72 125 44 104 16 102 40 -3 
  3 [ 9 130:145]
 72 [ 6 158:163]
125 [ 7 163:168]
 44 [ 3 300:305]
104 [ 7 305:310]
 16 [ 6 313:318]
102 [ 8 323:328]
 40 [ 7 328:333]
 -3 [ 7 337:337]

y[12516] = 1.0
Vehicle: 501  Cost: 76.34
Route: 5 60 76 87 89 121 70 -5 
  5 [ 7  30: 45]
 60 [ 5  65: 70]
 76 [ 1  87: 92]
 87 [ 5 101:106]
 89 [ 9 116:121]
121 [10 300:305]
 70 [ 9 305:310]
 -5 [ 9 322:322]

y[12628] = 1.0
Vehicle: 803  Cost: 81.15
Route: 8 41 103 110 15 -8 
  8 [ 8  93:108]
 41 [ 4 131:136]
103 [ 8 136:141]
110 [10 169:174]
 15 [ 6 191:196]
 -8 [ 6 209:209]

y[13038] = 1.0
Vehicle: 503  Cost: 88.07
Route: 5 83 134 18 30 67 119 48 -5 
  5 [ 7  77: 92]
 83 [ 6 121:126]
134 [10 126:131]
 18 [ 9 146:151]
 30 [ 7 300:305]
 67 [ 6 317:322]
119 [10 322:327]
 48 [ 8 337:342]
 -5 [ 8 361:361]

y[13377] = 1.0
Vehicle: 602  Cost: 83.15
Route: 6 57 37 98 45 35 124 90 68 120 -6 
  6 [ 8 104:119]
 57 [ 7 124:129]
 37 [ 6 136:141]
 98 [ 7 141:146]
 45 [ 5 150:155]
 35 [ 4 180:185]
124 [ 6 203:208]
 90 [10 217:222]
 68 [ 7 420:425]
120 [ 9 425:430]
 -6 [ 9 449:449]

y[13465] = 1.0
Vehicle: 803  Cost: 51.84
Route: 8 74 127 43 115 71 122 -8 
  8 [ 6 100:115]
 74 [ 5 131:136]
127 [ 7 136:141]
 43 [ 4 147:152]
115 [ 7 157:162]
 71 [ 5 180:185]
122 [ 8 185:190]
 -8 [ 8 205:205]

FE: 4
SE: 23
!MIP-----
1945.7061880816912,515.4129309654236,9.85873442554548E-5,4,23,7933,14143

Run: 2
Total Cost: 1976.60
Vehicle: 11  Cost: 92.20
Route: 1 9 -9 -1 
 1 [ 25   0:  0 [21, 41, 61, 43, 74, 71, 19, 47, 38, 83]]
 9 [  0  46: 46 []]
-9 [ 30  46:372 [122, 101, 103, 100, 106, 110, 134, 127, 115]]
-1 [ 30 418:418 [122, 101, 103, 100, 106, 110, 134, 127, 115]]

Vehicle: 13  Cost: 89.55
Route: 1 3 -3 -1 
 1 [ 55   0:  0 [40, 52, 13, 59, 54, 10, 49, 82, 77, 81, 58, 16, 72, 80, 20, 14, 44, 11, 73, 36, 25, 42, 33, 65, 31, 12]]
 3 [  0  45: 45 []]
-3 [ 40  45:410 [107, 126, 112, 102, 133, 88, 125, 86, 92, 104, 91, 117, 95, 108, 84, 131, 132, 114]]
-1 [ 40 455:455 [107, 126, 112, 102, 133, 88, 125, 86, 92, 104, 91, 117, 95, 108, 84, 131, 132, 114]]

Vehicle: 14  Cost: 60.46
Route: 1 5 -5 -1 
 1 [ 42   0:  0 [70, 39, 63, 51, 53, 60, 27, 64, 48, 62, 18, 17, 67, 76, 24, 66, 22, 78, 30]]
 5 [  0  30: 30 []]
-5 [ 32  30:376 [113, 121, 87, 116, 118, 96, 119, 123, 93, 85, 89]]
-1 [ 32 406:406 [113, 121, 87, 116, 118, 96, 119, 123, 93, 85, 89]]

Vehicle: 17  Cost: 201.67
Route: 1 4 8 6 -6 -4 -9 -5 -1 
 1 [ 48   0:  0 [57, 45, 75, 46, 15, 26, 37, 23, 68, 55, 56, 50, 35, 28, 29, 34, 79, 69, 32]]
 4 [ 39  52: 67 [57, 45, 46, 15, 26, 37, 23, 68, 56, 50, 35, 28, 79, 69, 32]]
 8 [ 23  93:108 [57, 45, 26, 37, 68, 56, 50, 35, 79, 69]]
 6 [  0 135:135 []]
-6 [ 20 135:475 [120, 130, 124, 111, 98, 109, 94, 129, 90]]
-4 [ 24 504:519 [128, 120, 130, 124, 111, 98, 109, 94, 129, 90]]
-9 [ 31 540:555 [105, 120, 128, 130, 124, 111, 98, 109, 94, 129, 99, 90]]
-5 [ 34 571:586 [97, 120, 130, 124, 111, 128, 105, 98, 109, 94, 129, 99, 90]]
-1 [ 34 616:616 [105, 120, 128, 130, 124, 111, 97, 98, 109, 94, 129, 99, 90]]

Vehicle: 301  Cost: 27.24
Route: 3 72 125 44 104 16 102 40 -3 
  3 [ 9  45: 60]
 72 [ 6  72: 77]
125 [ 7  77: 82]
 44 [ 3 300:305]
104 [ 7 305:310]
 16 [ 6 313:318]
102 [ 8 323:328]
 40 [ 7 328:333]
 -3 [ 7 337:337]

Vehicle: 302  Cost: 105.41
Route: 3 33 52 92 58 112 25 31 -3 
  3 [10  45: 60]
 33 [ 8  97:102]
 52 [ 4 108:113]
 92 [ 6 300:305]
 58 [ 5 317:322]
112 [ 9 322:327]
 25 [ 7 342:347]
 31 [ 6 350:355]
 -3 [ 6 383:383]

Vehicle: 303  Cost: 83.78
Route: 3 81 126 133 82 49 108 10 65 -3 
  3 [ 9  45: 60]
 81 [ 7  69: 74]
126 [ 9  76: 81]
133 [10  99:104]
 82 [ 8 104:109]
 49 [ 7 180:185]
108 [10 185:190]
 10 [ 7 300:305]
 65 [ 6 318:323]
 -3 [ 6 357:357]

Vehicle: 304  Cost: 106.74
Route: 3 54 13 12 107 91 59 84 117 -3 
  3 [10  45: 60]
 54 [ 7  72: 77]
 13 [ 4  88: 93]
 12 [ 3 180:185]
107 [ 7 300:305]
 91 [ 8 311:316]
 59 [ 5 337:342]
 84 [ 7 343:348]
117 [ 9 350:355]
 -3 [ 9 375:375]

Vehicle: 305  Cost: 149.49
Route: 3 36 73 77 20 132 95 131 80 114 42 -3 
  3 [10  45: 60]
 36 [ 9  71: 76]
 73 [ 6  93: 98]
 77 [ 4 100:105]
 20 [ 3 127:132]
132 [ 5 146:151]
 95 [ 7 154:159]
131 [ 9 300:305]
 80 [ 8 305:310]
114 [10 345:350]
 42 [ 8 357:362]
 -3 [ 8 395:395]

Vehicle: 306  Cost: 19.96
Route: 3 14 88 11 86 -3 
  3 [ 7  45: 60]
 14 [ 3  70: 75]
 88 [ 6  75: 80]
 11 [ 3 180:185]
 86 [ 4 185:190]
 -3 [ 4 193:193]

Vehicle: 401  Cost: 46.53
Route: 4 55 29 34 75 128 -4 
  4 [ 9  52: 67]
 55 [ 8  69: 74]
 29 [ 4 180:185]
 34 [ 3 300:305]
 75 [ 0 420:425]
128 [ 4 425:430]
 -4 [ 4 441:441]

Vehicle: 501  Cost: 86.36
Route: 5 27 24 93 116 22 85 -5 
  5 [ 8  30:153]
 27 [ 5 180:185]
 24 [ 4 198:203]
 93 [ 8 203:208]
116 [10 300:305]
 22 [ 6 311:316]
 85 [ 9 336:341]
 -5 [ 9 352:352]

Vehicle: 502  Cost: 61.19
Route: 5 66 118 96 63 62 113 64 -5 
  5 [ 8  30: 45]
 66 [ 5  68: 73]
118 [ 8  73: 78]
 96 [10 300:305]
 63 [ 8 313:318]
 62 [ 7 324:329]
113 [10 329:334]
 64 [ 8 350:355]
 -5 [ 8 357:357]

Vehicle: 503  Cost: 59.39
Route: 5 17 53 97 51 78 -5 
  5 [10  30:412]
 17 [ 9 420:425]
 53 [ 6 441:446]
 97 [ 9 449:454]
 51 [ 6 461:466]
 78 [ 3 483:488]
 -5 [ 3 496:496]

Vehicle: 505  Cost: 95.69
Route: 5 60 76 18 87 67 119 30 -5 
  5 [10  30: 45]
 60 [ 8  65: 70]
 76 [ 4  87: 92]
 18 [ 3  96:101]
 87 [ 7 108:113]
 67 [ 6 300:305]
119 [10 305:310]
 30 [ 8 322:327]
 -5 [ 8 361:361]

Vehicle: 506  Cost: 55.11
Route: 5 39 123 89 48 121 70 -5 
  5 [ 6  30: 57]
 39 [ 3  60: 65]
123 [ 5  73: 78]
 89 [ 9  99:104]
 48 [ 7 300:305]
121 [ 8 312:317]
 70 [ 7 317:322]
 -5 [ 7 334:334]

Vehicle: 601  Cost: 96.49
Route: 6 56 26 111 69 -6 
  6 [ 8 135:150]
 56 [ 4 171:176]
 26 [ 1 300:305]
111 [ 5 328:333]
 69 [ 4 420:425]
 -6 [ 4 460:460]

Vehicle: 602  Cost: 54.42
Route: 6 94 109 50 129 79 130 -6 
  6 [ 7 135:165]
 94 [ 8 180:185]
109 [ 9 300:305]
 50 [ 5 305:310]
129 [ 6 326:331]
 79 [ 3 339:344]
130 [ 7 344:349]
 -6 [ 7 363:363]

Vehicle: 603  Cost: 83.15
Route: 6 57 98 37 45 35 124 90 68 120 -6 
  6 [ 8 135:150]
 57 [ 7 156:161]
 98 [ 8 167:172]
 37 [ 7 172:177]
 45 [ 5 181:186]
 35 [ 4 191:196]
124 [ 6 214:219]
 90 [10 228:233]
 68 [ 7 420:425]
120 [ 9 425:430]
 -6 [ 9 449:449]

Vehicle: 801  Cost: 18.81
Route: 8 23 46 -8 
  8 [ 7  93:108]
 23 [ 4 115:120]
 46 [ 0 300:305]
 -8 [ 0 313:313]

Vehicle: 802  Cost: 67.39
Route: 8 15 32 28 -8 
  8 [ 9  93:167]
 15 [ 5 180:185]
 32 [ 1 300:305]
 28 [ 0 321:326]
 -8 [ 0 352:352]

Vehicle: 901  Cost: 14.56
Route: 9 38 100 -9 
  9 [ 2  46:173]
 38 [ 0 180:185]
100 [ 4 185:190]
 -9 [ 4 197:197]

Vehicle: 902  Cost: 167.42
Route: 9 21 41 103 110 61 101 -9 
  9 [ 9  46: 61]
 21 [ 6 112:117]
 41 [ 2 132:137]
103 [ 6 137:142]
110 [ 8 170:175]
 61 [ 6 300:305]
101 [10 327:332]
 -9 [10 357:357]

Vehicle: 903  Cost: 56.90
Route: 9 115 43 127 74 71 122 -9 
  9 [ 6  46: 61]
115 [ 9  76: 81]
 43 [ 6  86: 91]
127 [ 8  97:102]
 74 [ 7 102:107]
 71 [ 5 180:185]
122 [ 8 185:190]
 -9 [ 8 215:215]

Vehicle: 904  Cost: 50.71
Route: 9 83 134 47 106 -9 
  9 [ 4  46: 61]
 83 [ 3  82: 87]
134 [ 7  87: 92]
 47 [ 4 300:305]
106 [ 8 305:310]
 -9 [ 8 329:329]

Vehicle: 906  Cost: 26.01
Route: 9 105 19 99 -9 
  9 [ 4  46:415]
105 [ 7 420:425]
 19 [ 3 433:438]
 99 [ 7 440:445]
 -9 [ 7 456:456]

Total Cost: 1976.60
 11:92.20, 30:75 [1, 9, -9, -1]
 13:89.55, 55:75 [1, 3, -3, -1]
 14:60.46, 42:75 [1, 5, -5, -1]
 17:201.67, 48:75 [1, 4, 8, 6, -6, -4, -9, -5, -1]
301:27.24, 9:10 [3, 72, 125, 44, 104, 16, 102, 40, -3]
302:105.41, 10:10 [3, 33, 52, 92, 58, 112, 25, 31, -3]
303:83.78, 10:10 [3, 81, 126, 133, 82, 49, 108, 10, 65, -3]
304:106.74, 10:10 [3, 54, 13, 12, 107, 91, 59, 84, 117, -3]
305:149.49, 10:10 [3, 36, 73, 77, 20, 132, 95, 131, 80, 114, 42, -3]
306:19.96, 7:10 [3, 14, 88, 11, 86, -3]
401:46.53, 9:10 [4, 55, 29, 34, 75, 128, -4]
501:86.36, 10:10 [5, 27, 24, 93, 116, 22, 85, -5]
502:61.19, 10:10 [5, 66, 118, 96, 63, 62, 113, 64, -5]
503:59.39, 10:10 [5, 17, 53, 97, 51, 78, -5]
505:95.69, 10:10 [5, 60, 76, 18, 87, 67, 119, 30, -5]
506:55.11, 9:10 [5, 39, 123, 89, 48, 121, 70, -5]
601:96.49, 8:10 [6, 56, 26, 111, 69, -6]
602:54.42, 9:10 [6, 94, 109, 50, 129, 79, 130, -6]
603:83.15, 10:10 [6, 57, 98, 37, 45, 35, 124, 90, 68, 120, -6]
801:18.81, 7:10 [8, 23, 46, -8]
802:67.39, 9:10 [8, 15, 32, 28, -8]
901:14.56, 4:10 [9, 38, 100, -9]
902:167.42, 10:10 [9, 21, 41, 103, 110, 61, 101, -9]
903:56.90, 9:10 [9, 115, 43, 127, 74, 71, 122, -9]
904:50.71, 8:10 [9, 83, 134, 47, 106, -9]
906:26.01, 7:10 [9, 105, 19, 99, -9]
fe: 4, se: 22

!ALNS------------
100000,1976.600204206309,918.134,861.458,4,22,0.5833333333333334,0.8863636363636364,31.25,5.681818181818182
14 17 18 4 0 4 4 0 
9.800358793210417 22.454597267972733 11.0232148139055 13.426044736320192 40.2013393859371 20.675939511467167 14.274971060814998 29.781991633675403 
7 10 9 12 10 3 7 3 
14.192146346732663 14.828495587482458 16.901104950917908 16.738336205416207 16.760361646524206 14.78058245973517 16.54638710159413 15.883137501404212 

x[454] = 1.0
Vehicle: 13  Cost: 89.55
Route: 1 3 -3 -1 
 1 [ 55   0:  0 [73, 82, 20, 49, 58, 36, 10, 33, 31, 65, 52, 25, 40, 80, 13, 42, 44, 77, 81, 16, 14, 54, 12, 11, 59, 72]]
 3 [  0  45: 45 []]
-3 [ 43  45:434 [112, 133, 131, 125, 95, 88, 104, 114, 108, 92, 126, 132, 86, 84, 117, 102, 118, 91, 107]]
-1 [ 43 479:479 [112, 133, 131, 125, 95, 88, 104, 114, 108, 92, 126, 132, 86, 84, 117, 102, 118, 91, 107]]

x[8375] = 1.0
Vehicle: 14  Cost: 93.27
Route: 1 5 9 -9 -5 -1 
 1 [ 66   0:  0 [62, 70, 63, 67, 18, 66, 55, 76, 39, 60, 53, 64, 48, 51, 17, 78, 30, 22, 27, 24, 41, 21, 61, 74, 83, 47, 43, 19, 38]]
 5 [ 14  30: 45 [74, 83, 47, 43, 19, 38]]
 9 [  0  62: 62 []]
-9 [ 19  62:344 [127, 134, 106, 115, 100, 123]]
-5 [ 59 361:386 [87, 119, 121, 85, 96, 118, 113, 89, 93, 116, 110, 103, 101, 127, 134, 106, 115, 100, 123]]
-1 [ 59 416:416 [87, 119, 121, 85, 96, 118, 113, 89, 93, 116, 110, 103, 101, 127, 134, 106, 115, 100, 123]]

x[9493] = 1.0
Vehicle: 17  Cost: 218.10
Route: 1 8 6 -6 -8 -9 -5 -1 
 1 [ 49   0:  0 [45, 69, 26, 68, 57, 23, 15, 34, 32, 35, 56, 37, 46, 50, 28, 79, 29, 71, 75]]
 8 [ 23  78: 93 [45, 69, 26, 68, 57, 35, 56, 37, 50, 79]]
 6 [  0 120:120 []]
-6 [ 20 120:475 [98, 129, 124, 111, 120, 109, 130, 94, 90]]
-8 [ 27 502:517 [122, 98, 129, 124, 111, 120, 109, 130, 94, 90, 128]]
-9 [ 34 556:571 [105, 98, 129, 124, 111, 120, 109, 99, 130, 94, 90, 122, 128]]
-5 [ 37 588:603 [97, 105, 98, 129, 124, 111, 120, 109, 99, 130, 94, 90, 122, 128]]
-1 [ 37 633:633 [105, 97, 98, 129, 124, 111, 120, 109, 99, 130, 94, 90, 122, 128]]

y[1071] = 1.0
Vehicle: 506  Cost: 43.00
Route: 5 89 48 70 121 -5 
  5 [ 3  66: 81]
 89 [ 7 101:106]
 48 [ 5 300:305]
 70 [ 4 312:317]
121 [ 5 317:322]
 -5 [ 5 334:334]

y[2018] = 1.0
Vehicle: 305  Cost: 149.49
Route: 3 36 73 77 20 132 95 131 80 114 42 -3 
  3 [10 120:135]
 36 [ 9 146:151]
 73 [ 6 168:173]
 77 [ 4 174:179]
 20 [ 3 202:207]
132 [ 5 221:226]
 95 [ 7 229:234]
131 [ 9 300:305]
 80 [ 8 305:310]
114 [10 345:350]
 42 [ 8 357:362]
 -3 [ 8 395:395]

y[5085] = 1.0
Vehicle: 601  Cost: 96.49
Route: 6 56 26 111 69 -6 
  6 [ 8 135:150]
 56 [ 4 171:176]
 26 [ 1 300:305]
111 [ 5 328:333]
 69 [ 4 420:425]
 -6 [ 4 460:460]

y[5249] = 1.0
Vehicle: 501  Cost: 86.36
Route: 5 27 24 93 116 22 85 -5 
  5 [ 8 156:171]
 27 [ 5 198:203]
 24 [ 4 216:221]
 93 [ 8 221:226]
116 [10 300:305]
 22 [ 6 311:316]
 85 [ 9 336:341]
 -5 [ 9 352:352]

y[5625] = 1.0
Vehicle: 505  Cost: 95.69
Route: 5 60 76 18 87 67 119 30 -5 
  5 [10  92:107]
 60 [ 8 127:132]
 76 [ 4 149:154]
 18 [ 3 158:163]
 87 [ 7 171:176]
 67 [ 6 300:305]
119 [10 305:310]
 30 [ 8 322:327]
 -5 [ 8 361:361]

y[6184] = 1.0
Vehicle: 802  Cost: 67.39
Route: 8 15 32 28 -8 
  8 [ 9 271:286]
 15 [ 5 299:304]
 32 [ 1 316:321]
 28 [ 0 337:342]
 -8 [ 0 368:368]

y[6844] = 1.0
Vehicle: 901  Cost: 48.51
Route: 9 43 74 127 115 38 100 -9 
  9 [ 6 108:123]
 43 [ 3 141:146]
 74 [ 2 152:157]
127 [ 4 157:162]
115 [ 7 171:176]
 38 [ 5 184:189]
100 [ 9 189:194]
 -9 [ 9 202:202]

y[7712] = 1.0
Vehicle: 803  Cost: 50.06
Route: 8 29 122 71 75 128 34 -8 
  8 [10  78:169]
 29 [ 6 180:185]
122 [ 9 196:201]
 71 [ 7 201:206]
 75 [ 4 420:425]
128 [ 8 425:430]
 34 [ 7 443:448]
 -8 [ 7 456:456]

y[8129] = 1.0
Vehicle: 504  Cost: 48.61
Route: 5 78 51 97 53 -5 
  5 [ 9 372:411]
 78 [ 6 420:425]
 51 [ 3 442:447]
 97 [ 6 454:459]
 53 [ 3 462:467]
 -5 [ 3 480:480]

y[8608] = 1.0
Vehicle: 504  Cost: 16.26
Route: 5 39 17 64 -5 
  5 [ 6 141:156]
 39 [ 3 159:164]
 17 [ 2 420:425]
 64 [ 0 431:436]
 -5 [ 0 438:438]

y[9006] = 1.0
Vehicle: 803  Cost: 18.81
Route: 8 23 46 -8 
  8 [ 7 266:281]
 23 [ 4 288:293]
 46 [ 0 300:305]
 -8 [ 0 313:313]

y[9103] = 1.0
Vehicle: 604  Cost: 83.15
Route: 6 57 37 98 45 35 124 90 68 120 -6 
  6 [ 8 141:156]
 57 [ 7 161:166]
 37 [ 6 173:178]
 98 [ 7 178:183]
 45 [ 5 187:192]
 35 [ 4 197:202]
124 [ 6 220:225]
 90 [10 234:239]
 68 [ 7 420:425]
120 [ 9 425:430]
 -6 [ 9 449:449]

y[9299] = 1.0
Vehicle: 302  Cost: 105.41
Route: 3 33 52 92 112 58 25 31 -3 
  3 [10 123:138]
 33 [ 8 175:180]
 52 [ 4 186:191]
 92 [ 6 300:305]
112 [10 317:322]
 58 [ 9 322:327]
 25 [ 7 342:347]
 31 [ 6 350:355]
 -3 [ 6 383:383]

y[9966] = 1.0
Vehicle: 906  Cost: 24.90
Route: 9 19 99 105 -9 
  9 [ 4 184:291]
 19 [ 0 300:305]
 99 [ 4 307:312]
105 [ 7 420:425]
 -9 [ 7 430:430]

y[10023] = 1.0
Vehicle: 303  Cost: 83.78
Route: 3 81 126 82 133 49 108 10 65 -3 
  3 [ 9 120:135]
 81 [ 7 144:149]
126 [ 9 151:156]
 82 [ 7 174:179]
133 [ 8 179:184]
 49 [ 7 187:192]
108 [10 192:197]
 10 [ 7 300:305]
 65 [ 6 318:323]
 -3 [ 6 357:357]

y[11154] = 1.0
Vehicle: 904  Cost: 58.95
Route: 9 123 134 83 47 106 -9 
  9 [ 4 117:132]
123 [ 6 138:143]
134 [10 166:171]
 83 [ 9 171:176]
 47 [ 6 300:305]
106 [10 305:310]
 -9 [10 329:329]

y[11518] = 1.0
Vehicle: 306  Cost: 19.96
Route: 3 88 14 11 86 -3 
  3 [ 7 120:135]
 88 [10 145:150]
 14 [ 6 150:155]
 11 [ 3 180:185]
 86 [ 4 185:190]
 -3 [ 4 193:193]

y[12439] = 1.0
Vehicle: 602  Cost: 54.42
Route: 6 94 50 109 129 79 130 -6 
  6 [ 7 250:265]
 94 [ 8 280:285]
 50 [ 4 300:305]
109 [ 5 305:310]
129 [ 6 326:331]
 79 [ 3 339:344]
130 [ 7 344:349]
 -6 [ 7 363:363]

y[12802] = 1.0
Vehicle: 301  Cost: 27.24
Route: 3 125 72 44 104 16 40 102 -3 
  3 [ 9 124:139]
125 [10 151:156]
 72 [ 7 156:161]
 44 [ 3 300:305]
104 [ 7 305:310]
 16 [ 6 313:318]
 40 [ 5 323:328]
102 [ 7 328:333]
 -3 [ 7 337:337]

y[13056] = 1.0
Vehicle: 507  Cost: 192.77
Route: 5 55 21 103 41 110 61 101 -5 
  5 [10  30: 45]
 55 [ 9  68: 73]
 21 [ 6 113:118]
103 [10 132:137]
 41 [ 6 137:142]
110 [ 8 170:175]
 61 [ 6 300:305]
101 [10 327:332]
 -5 [10 371:371]

y[13317] = 1.0
Vehicle: 306  Cost: 106.74
Route: 3 54 13 12 107 91 59 84 117 -3 
  3 [10 124:139]
 54 [ 7 151:156]
 13 [ 4 167:172]
 12 [ 3 192:197]
107 [ 7 300:305]
 91 [ 8 311:316]
 59 [ 5 337:342]
 84 [ 7 343:348]
117 [ 9 350:355]
 -3 [ 9 375:375]

y[14317] = 1.0
Vehicle: 502  Cost: 57.20
Route: 5 118 66 96 63 62 113 -5 
  5 [ 6 240:255]
118 [ 9 278:283]
 66 [ 6 283:288]
 96 [ 8 300:305]
 63 [ 6 313:318]
 62 [ 5 324:329]
113 [ 8 329:334]
 -5 [ 8 348:348]

FE: 3
SE: 22
!MIP-----
1936.112509731882,5404.685477018356,0.030860062138222528,3,22,10429,14868

Run: 3
Total Cost: 1951.64
Vehicle: 12  Cost: 60.46
Route: 1 5 -5 -1 
 1 [ 66   0:  0 [21, 24, 70, 83, 53, 62, 19, 41, 78, 63, 60, 55, 43, 74, 18, 22, 48, 47, 17, 27, 51, 61, 76, 39, 30, 38, 66, 67, 64]]
 5 [  0  30: 30 []]
-5 [ 63  30:386 [103, 113, 106, 100, 85, 101, 118, 119, 96, 110, 93, 99, 121, 134, 89, 87, 116, 115, 127, 123]]
-1 [ 63 416:416 [103, 113, 106, 100, 85, 101, 118, 119, 96, 110, 93, 99, 121, 134, 89, 87, 116, 115, 127, 123]]

Vehicle: 13  Cost: 89.55
Route: 1 3 -3 -1 
 1 [ 55   0:  0 [82, 36, 80, 40, 44, 59, 33, 14, 52, 49, 72, 31, 58, 20, 12, 10, 81, 77, 42, 11, 54, 25, 73, 16, 13, 65]]
 3 [  0  45: 45 []]
-3 [ 40  45:410 [108, 86, 91, 107, 125, 114, 84, 104, 133, 102, 88, 132, 117, 92, 131, 126, 112, 95]]
-1 [ 40 455:455 [108, 86, 91, 107, 125, 114, 84, 104, 133, 102, 88, 132, 117, 92, 131, 126, 112, 95]]

Vehicle: 18  Cost: 201.57
Route: 1 8 6 -6 4 -4 -9 -5 -1 
 1 [ 49   0:  0 [23, 26, 68, 56, 15, 29, 37, 75, 57, 32, 79, 69, 46, 34, 45, 28, 71, 35, 50]]
 8 [ 33  78: 93 [26, 68, 56, 29, 37, 75, 57, 79, 69, 34, 45, 71, 35, 50]]
 6 [  3 120:120 [75]]
-6 [ 26 120:475 [122, 120, 98, 75, 124, 94, 90, 111, 109, 130, 129]]
 4 [ 23 504:504 [122, 120, 98, 124, 94, 90, 111, 109, 130, 129]]
-4 [ 27 504:566 [128, 122, 120, 98, 124, 94, 90, 111, 109, 130, 129]]
-9 [ 30 587:602 [105, 122, 120, 98, 124, 94, 90, 128, 111, 109, 130, 129]]
-5 [ 33 619:634 [97, 122, 120, 98, 128, 124, 94, 90, 105, 111, 109, 130, 129]]
-1 [ 33 664:664 [122, 120, 98, 97, 128, 124, 94, 90, 105, 111, 109, 130, 129]]

Vehicle: 301  Cost: 105.41
Route: 3 33 52 92 112 58 25 31 -3 
  3 [10  45: 60]
 33 [ 8  97:102]
 52 [ 4 108:113]
 92 [ 6 300:305]
112 [10 317:322]
 58 [ 9 322:327]
 25 [ 7 342:347]
 31 [ 6 350:355]
 -3 [ 6 383:383]

Vehicle: 302  Cost: 27.24
Route: 3 72 125 44 104 16 102 40 -3 
  3 [ 9  45: 60]
 72 [ 6  72: 77]
125 [ 7  77: 82]
 44 [ 3 300:305]
104 [ 7 305:310]
 16 [ 6 313:318]
102 [ 8 323:328]
 40 [ 7 328:333]
 -3 [ 7 337:337]

Vehicle: 303  Cost: 149.49
Route: 3 36 73 77 20 132 95 131 80 114 42 -3 
  3 [10  45: 60]
 36 [ 9  71: 76]
 73 [ 6  93: 98]
 77 [ 4 100:105]
 20 [ 3 127:132]
132 [ 5 146:151]
 95 [ 7 154:159]
131 [ 9 300:305]
 80 [ 8 305:310]
114 [10 345:350]
 42 [ 8 357:362]
 -3 [ 8 395:395]

Vehicle: 304  Cost: 19.96
Route: 3 88 14 11 86 -3 
  3 [ 7  45: 60]
 88 [10  70: 75]
 14 [ 6  75: 80]
 11 [ 3 180:185]
 86 [ 4 185:190]
 -3 [ 4 193:193]

Vehicle: 306  Cost: 106.74
Route: 3 54 13 12 107 91 59 84 117 -3 
  3 [10  45: 60]
 54 [ 7  72: 77]
 13 [ 4  88: 93]
 12 [ 3 180:185]
107 [ 7 300:305]
 91 [ 8 311:316]
 59 [ 5 337:342]
 84 [ 7 343:348]
117 [ 9 350:355]
 -3 [ 9 375:375]

Vehicle: 307  Cost: 83.78
Route: 3 81 126 133 82 49 108 10 65 -3 
  3 [ 9  45: 60]
 81 [ 7  69: 74]
126 [ 9  76: 81]
133 [10  99:104]
 82 [ 8 104:109]
 49 [ 7 180:185]
108 [10 185:190]
 10 [ 7 300:305]
 65 [ 6 318:323]
 -3 [ 6 357:357]

Vehicle: 401  Cost: 22.36
Route: 4 75 128 -4 
  4 [ 3 504:519]
 75 [ 0 530:535]
128 [ 4 535:540]
 -4 [ 4 551:551]

Vehicle: 502  Cost: 69.48
Route: 5 123 19 47 106 99 -5 
  5 [ 7  30: 45]
123 [ 9  55: 60]
 19 [ 5 300:305]
 47 [ 2 323:328]
106 [ 6 328:333]
 99 [10 349:354]
 -5 [10 371:371]

Vehicle: 504  Cost: 86.36
Route: 5 27 93 24 116 22 85 -5 
  5 [ 8  30:153]
 27 [ 5 180:185]
 93 [ 9 198:203]
 24 [ 8 203:208]
116 [10 300:305]
 22 [ 6 311:316]
 85 [ 9 336:341]
 -5 [ 9 352:352]

Vehicle: 505  Cost: 61.19
Route: 5 66 118 96 63 62 113 64 -5 
  5 [ 8  30: 45]
 66 [ 5  68: 73]
118 [ 8  73: 78]
 96 [10 300:305]
 63 [ 8 313:318]
 62 [ 7 324:329]
113 [10 329:334]
 64 [ 8 350:355]
 -5 [ 8 357:357]

Vehicle: 506  Cost: 88.82
Route: 5 134 83 18 30 67 119 121 70 -5 
  5 [ 6  30: 45]
134 [10  74: 79]
 83 [ 9  79: 84]
 18 [ 8  99:104]
 30 [ 6 300:305]
 67 [ 5 317:322]
119 [ 9 322:327]
121 [10 344:349]
 70 [ 9 349:354]
 -5 [ 9 366:366]

Vehicle: 507  Cost: 76.12
Route: 5 60 89 76 87 48 -5 
  5 [ 8  30: 45]
 60 [ 6  65: 70]
 89 [10  79: 84]
 76 [ 6  95:100]
 87 [10 109:114]
 48 [ 8 300:305]
 -5 [ 8 323:323]

Vehicle: 508  Cost: 74.90
Route: 5 39 43 127 74 115 38 100 -5 
  5 [ 9  30: 57]
 39 [ 6  60: 65]
 43 [ 3  90: 95]
127 [ 5 101:106]
 74 [ 4 106:111]
115 [ 7 121:126]
 38 [ 5 180:185]
100 [ 9 185:190]
 -5 [ 9 213:213]

Vehicle: 509  Cost: 189.22
Route: 5 55 41 103 21 110 61 101 -5 
  5 [10  30: 45]
 55 [ 9  68: 73]
 41 [ 5 118:123]
103 [ 9 123:128]
 21 [ 6 142:147]
110 [ 8 167:172]
 61 [ 6 300:305]
101 [10 327:332]
 -5 [10 371:371]

Vehicle: 510  Cost: 59.39
Route: 5 78 51 97 53 17 -5 
  5 [10  30:411]
 78 [ 7 420:425]
 51 [ 4 442:447]
 97 [ 7 454:459]
 53 [ 4 462:467]
 17 [ 3 483:488]
 -5 [ 3 496:496]

Vehicle: 601  Cost: 83.15
Route: 6 57 37 98 45 35 124 90 68 120 -6 
  6 [ 8 120:135]
 57 [ 7 141:146]
 37 [ 6 152:157]
 98 [ 7 157:162]
 45 [ 5 166:171]
 35 [ 4 180:185]
124 [ 6 203:208]
 90 [10 217:222]
 68 [ 7 420:425]
120 [ 9 425:430]
 -6 [ 9 449:449]

Vehicle: 602  Cost: 30.21
Route: 6 94 109 50 -6 
  6 [ 4 120:165]
 94 [ 5 180:185]
109 [ 6 300:305]
 50 [ 2 305:310]
 -6 [ 2 324:324]

Vehicle: 603  Cost: 96.49
Route: 6 56 26 111 69 -6 
  6 [ 8 120:135]
 56 [ 4 156:161]
 26 [ 1 300:305]
111 [ 5 328:333]
 69 [ 4 420:425]
 -6 [ 4 460:460]

Vehicle: 604  Cost: 72.80
Route: 6 29 71 122 34 130 79 129 -6 
  6 [10 120:155]
 29 [ 6 180:185]
 71 [ 4 196:201]
122 [ 7 201:206]
 34 [ 6 300:305]
130 [10 315:320]
 79 [ 7 320:325]
129 [ 8 333:338]
 -6 [ 8 345:345]

Vehicle: 801  Cost: 18.81
Route: 8 23 46 -8 
  8 [ 7  78: 93]
 23 [ 4  99:104]
 46 [ 0 300:305]
 -8 [ 0 313:313]

Vehicle: 802  Cost: 67.39
Route: 8 15 32 28 -8 
  8 [ 9  78:167]
 15 [ 5 180:185]
 32 [ 1 300:305]
 28 [ 0 321:326]
 -8 [ 0 352:352]

Vehicle: 901  Cost: 10.77
Route: 9 105 -9 
  9 [ 0   0:415]
105 [ 3 420:425]
 -9 [ 3 430:430]

Total Cost: 1951.64
 12:60.46, 66:75 [1, 5, -5, -1]
 13:89.55, 55:75 [1, 3, -3, -1]
 18:201.57, 49:75 [1, 8, 6, -6, 4, -4, -9, -5, -1]
301:105.41, 10:10 [3, 33, 52, 92, 112, 58, 25, 31, -3]
302:27.24, 9:10 [3, 72, 125, 44, 104, 16, 102, 40, -3]
303:149.49, 10:10 [3, 36, 73, 77, 20, 132, 95, 131, 80, 114, 42, -3]
304:19.96, 10:10 [3, 88, 14, 11, 86, -3]
306:106.74, 10:10 [3, 54, 13, 12, 107, 91, 59, 84, 117, -3]
307:83.78, 10:10 [3, 81, 126, 133, 82, 49, 108, 10, 65, -3]
401:22.36, 4:10 [4, 75, 128, -4]
502:69.48, 10:10 [5, 123, 19, 47, 106, 99, -5]
504:86.36, 10:10 [5, 27, 93, 24, 116, 22, 85, -5]
505:61.19, 10:10 [5, 66, 118, 96, 63, 62, 113, 64, -5]
506:88.82, 10:10 [5, 134, 83, 18, 30, 67, 119, 121, 70, -5]
507:76.12, 10:10 [5, 60, 89, 76, 87, 48, -5]
508:74.90, 9:10 [5, 39, 43, 127, 74, 115, 38, 100, -5]
509:189.22, 10:10 [5, 55, 41, 103, 21, 110, 61, 101, -5]
510:59.39, 10:10 [5, 78, 51, 97, 53, 17, -5]
601:83.15, 10:10 [6, 57, 37, 98, 45, 35, 124, 90, 68, 120, -6]
602:30.21, 6:10 [6, 94, 109, 50, -6]
603:96.49, 8:10 [6, 56, 26, 111, 69, -6]
604:72.80, 10:10 [6, 29, 71, 122, 34, 130, 79, 129, -6]
801:18.81, 7:10 [8, 23, 46, -8]
802:67.39, 9:10 [8, 15, 32, 28, -8]
901:10.77, 3:10 [9, 105, -9]
fe: 3, se: 22

!ALNS------------
100000,1951.643731959555,843.56,173.699,3,22,0.7555555555555555,0.8863636363636364,41.666666666666664,5.681818181818182
10 20 8 4 0 3 2 0 
10.361366364510197 23.63733316603995 11.211077864099892 16.35136724915542 50.59418740945912 27.067666386769602 16.08993286284521 42.22788602358153 
5 7 5 7 8 3 8 4 
17.614920568547884 14.875257799094873 19.20157819762146 17.08853179042732 17.58883326240936 15.910528397563377 16.488886174960427 18.88628594023186 

x[1409] = 1.0
Vehicle: 12  Cost: 60.46
Route: 1 5 -5 -1 
 1 [ 56   0:  0 [78, 48, 51, 50, 24, 43, 64, 47, 17, 63, 74, 62, 38, 18, 66, 60, 70, 53, 30, 59, 67, 19, 39, 76, 83]]
 5 [  0  30: 30 []]
-5 [ 64  30:389 [117, 96, 85, 115, 100, 97, 84, 113, 134, 106, 127, 116, 99, 121, 118, 93, 119, 109, 89, 122, 123, 87]]
-1 [ 64 419:419 [117, 96, 85, 115, 100, 97, 84, 113, 134, 106, 127, 116, 99, 121, 118, 93, 119, 109, 89, 122, 123, 87]]

x[2485] = 1.0
Vehicle: 18  Cost: 159.51
Route: 1 4 8 -8 -4 -5 -1 
 1 [ 45   0:  0 [75, 79, 37, 46, 57, 71, 28, 15, 68, 69, 32, 61, 23, 55, 29, 34, 22, 27]]
 4 [ 34  52: 67 [79, 37, 46, 57, 71, 28, 15, 68, 69, 32, 61, 23, 29, 34]]
 8 [  0  93: 93 []]
-8 [ 15  93:560 [98, 101, 129, 122, 130, 120]]
-4 [ 19 586:601 [128, 98, 101, 129, 122, 130, 120]]
-5 [ 26 626:641 [105, 98, 101, 128, 129, 122, 130, 120, 106]]
-1 [ 26 671:671 [128, 98, 101, 105, 129, 122, 130, 120, 106]]

x[3425] = 1.0
Vehicle: 11  Cost: 89.55
Route: 1 3 -3 -1 
 1 [ 69   0:  0 [40, 56, 58, 41, 42, 44, 12, 13, 81, 35, 77, 73, 45, 52, 14, 33, 31, 82, 26, 49, 21, 80, 20, 54, 36, 11, 16, 25, 72, 65, 10]]
 3 [  0  45: 45 []]
-3 [ 56  45:428 [88, 132, 131, 86, 124, 90, 103, 114, 111, 133, 126, 125, 96, 112, 92, 102, 91, 109, 107, 108, 110, 95, 94, 104]]
-1 [ 56 473:473 [88, 132, 131, 86, 124, 90, 103, 114, 111, 133, 126, 125, 96, 112, 92, 102, 91, 109, 107, 108, 110, 95, 94, 104]]

y[610] = 1.0
Vehicle: 802  Cost: 18.81
Route: 8 23 46 -8 
  8 [ 7 252:267]
 23 [ 4 273:278]
 46 [ 0 300:305]
 -8 [ 0 313:313]

y[962] = 0.9999999999996665
Vehicle: 305  Cost: 66.43
Route: 3 14 88 82 133 49 108 10 -3 
  3 [10  93:108]
 14 [ 6 118:123]
 88 [ 9 123:128]
 82 [ 7 148:153]
133 [ 8 153:158]
 49 [ 7 180:185]
108 [10 185:190]
 10 [ 7 300:305]
 -3 [ 7 334:334]

y[1542] = 1.0
Vehicle: 801  Cost: 73.74
Route: 8 29 122 71 101 61 -8 
  8 [ 8 250:265]
 29 [ 4 276:281]
122 [ 7 292:297]
 71 [ 5 297:302]
101 [ 9 307:312]
 61 [ 7 334:339]
 -8 [ 7 364:364]

y[1979] = 0.9999999999992406
Vehicle: 307  Cost: 5.66
Route: 3 86 11 -3 
  3 [ 3  71:177]
 86 [ 4 180:185]
 11 [ 1 185:190]
 -3 [ 1 193:193]

y[2530] = 1.0
Vehicle: 306  Cost: 181.32
Route: 3 21 110 41 103 35 45 124 94 -3 
  3 [10  77: 92]
 21 [ 7 154:159]
110 [ 9 179:184]
 41 [ 5 212:217]
103 [ 9 217:222]
 35 [ 8 233:238]
 45 [ 6 243:248]
124 [ 8 262:267]
 94 [ 9 285:290]
 -3 [ 9 314:314]

y[3363] = 1.0000000000001064
Vehicle: 803  Cost: 67.39
Route: 8 15 32 28 -8 
  8 [ 9 247:262]
 15 [ 5 275:280]
 32 [ 1 300:305]
 28 [ 0 321:326]
 -8 [ 0 352:352]

y[3829] = 0.9999999999998027
Vehicle: 308  Cost: 138.14
Route: 3 73 77 20 132 95 131 80 111 -3 
  3 [ 7  71: 86]
 73 [ 4 110:115]
 77 [ 2 117:122]
 20 [ 1 144:149]
132 [ 3 164:169]
 95 [ 5 172:177]
131 [ 7 300:305]
 80 [ 6 305:310]
111 [10 325:330]
 -3 [10 383:383]

y[5391] = 1.0
Vehicle: 302  Cost: 114.53
Route: 3 81 126 33 52 92 58 112 65 -3 
  3 [10  77: 92]
 81 [ 8 102:107]
126 [10 109:114]
 33 [ 8 145:150]
 52 [ 4 156:161]
 92 [ 6 300:305]
 58 [ 5 317:322]
112 [ 9 322:327]
 65 [ 8 343:348]
 -3 [ 8 382:382]

y[5971] = 1.0
Vehicle: 504  Cost: 76.34
Route: 5 60 76 87 89 70 121 -5 
  5 [ 7  66: 81]
 60 [ 5 101:106]
 76 [ 1 123:128]
 87 [ 5 137:142]
 89 [ 9 151:156]
 70 [ 8 300:305]
121 [ 9 305:310]
 -5 [ 9 322:322]

y[6153] = 1.0
Vehicle: 506  Cost: 100.32
Route: 5 24 93 109 50 116 85 -5 
  5 [ 5  30:145]
 24 [ 4 180:185]
 93 [ 8 185:190]
109 [ 9 300:305]
 50 [ 5 305:310]
116 [ 7 333:338]
 85 [10 353:358]
 -5 [10 370:370]

y[6400] = 1.0
Vehicle: 301  Cost: 111.40
Route: 3 54 13 12 107 91 25 31 -3 
  3 [10  77: 92]
 54 [ 7 105:110]
 13 [ 4 121:126]
 12 [ 3 180:185]
107 [ 7 300:305]
 91 [ 8 311:316]
 25 [ 6 333:338]
 31 [ 5 342:347]
 -3 [ 5 375:375]

y[6471] = 1.0
Vehicle: 505  Cost: 37.84
Route: 5 123 19 99 -5 
  5 [ 4  30: 45]
123 [ 6  55: 60]
 19 [ 2 300:305]
 99 [ 6 307:312]
 -5 [ 6 329:329]

y[6773] = 1.0
Vehicle: 503  Cost: 74.90
Route: 5 39 43 127 74 115 38 100 -5 
  5 [ 9  77: 92]
 39 [ 6  96:101]
 43 [ 3 126:131]
127 [ 5 137:142]
 74 [ 4 142:147]
115 [ 7 156:161]
 38 [ 5 180:185]
100 [ 9 185:190]
 -5 [ 9 213:213]

y[7536] = 1.0
Vehicle: 501  Cost: 88.07
Route: 5 83 134 18 30 67 119 48 -5 
  5 [ 7  87:102]
 83 [ 6 130:135]
134 [10 135:140]
 18 [ 9 155:160]
 30 [ 7 300:305]
 67 [ 6 317:322]
119 [10 322:327]
 48 [ 8 337:342]
 -5 [ 8 361:361]

y[7828] = 1.0
Vehicle: 502  Cost: 45.78
Route: 5 64 117 59 84 53 97 -5 
  5 [ 8  77:298]
 64 [ 6 300:305]
117 [ 8 323:328]
 59 [ 5 330:335]
 84 [ 7 336:341]
 53 [ 4 347:352]
 97 [ 7 355:360]
 -5 [ 7 374:374]

y[9169] = 1.0
Vehicle: 306  Cost: 27.24
Route: 3 72 125 44 104 16 102 40 -3 
  3 [ 9  45: 60]
 72 [ 6  72: 77]
125 [ 7  77: 82]
 44 [ 3 300:305]
104 [ 7 305:310]
 16 [ 6 313:318]
102 [ 8 323:328]
 40 [ 7 328:333]
 -3 [ 7 337:337]

y[9177] = 1.0
Vehicle: 401  Cost: 23.34
Route: 4 55 27 22 -4 
  4 [ 8 191:206]
 55 [ 7 209:214]
 27 [ 4 223:228]
 22 [ 0 300:305]
 -4 [ 0 315:315]

y[11515] = 1.0
Vehicle: 303  Cost: 101.65
Route: 3 36 56 90 26 114 42 -3 
  3 [10  71: 86]
 36 [ 9  97:102]
 56 [ 5 118:123]
 90 [ 9 137:142]
 26 [ 6 300:305]
114 [ 8 312:317]
 42 [ 6 323:328]
 -3 [ 6 362:362]

y[12478] = 1.0
Vehicle: 402  Cost: 22.36
Route: 4 75 128 -4 
  4 [ 3 403:418]
 75 [ 0 429:434]
128 [ 4 434:439]
 -4 [ 4 450:450]

y[13909] = 1.0
Vehicle: 508  Cost: 97.67
Route: 5 51 78 106 47 105 17 -5 
  5 [10  30:407]
 51 [ 7 420:425]
 78 [ 4 442:447]
106 [ 8 474:479]
 47 [ 5 479:484]
105 [ 8 498:503]
 17 [ 7 521:526]
 -5 [ 7 534:534]

y[13910] = 1.0
Vehicle: 507  Cost: 57.20
Route: 5 66 118 96 63 62 113 -5 
  5 [ 6 179:194]
 66 [ 3 218:223]
118 [ 6 223:228]
 96 [ 8 300:305]
 63 [ 6 313:318]
 62 [ 5 324:329]
113 [ 8 329:334]
 -5 [ 8 348:348]

y[14425] = 1.0
Vehicle: 805  Cost: 131.66
Route: 8 57 37 98 68 120 69 129 79 130 34 -8 
  8 [10 123:138]
 57 [ 9 164:169]
 37 [ 8 175:180]
 98 [ 9 180:185]
 68 [ 6 420:425]
120 [ 8 425:430]
 69 [ 7 452:457]
129 [ 8 499:504]
 79 [ 5 512:517]
130 [ 9 517:522]
 34 [ 8 532:537]
 -8 [ 8 545:545]

FE: 3
SE: 22
!MIP-----
1971.3114785970047,5400.342768192291,0.011582998174278077,3,22,8529,16112

Run: 4
Total Cost: 1949.72
Vehicle: 11  Cost: 89.55
Route: 1 3 -3 -1 
 1 [ 62   0:  0 [40, 59, 10, 49, 20, 12, 80, 81, 52, 14, 54, 42, 31, 25, 16, 44, 58, 65, 13, 33, 82, 72, 36, 73, 77, 56, 11, 26]]
 3 [  0  45: 45 []]
-3 [ 44  45:398 [92, 117, 88, 112, 108, 133, 95, 131, 107, 132, 126, 104, 111, 84, 114, 91, 125, 102, 86]]
-1 [ 44 443:443 [92, 117, 88, 112, 108, 133, 95, 131, 107, 132, 126, 104, 111, 84, 114, 91, 125, 102, 86]]

Vehicle: 15  Cost: 162.99
Route: 1 4 8 -8 2 -2 -7 -1 
 1 [ 47   0:  0 [27, 71, 74, 46, 41, 43, 75, 32, 21, 55, 23, 29, 15, 61, 34, 24, 22]]
 4 [ 38  52: 67 [27, 71, 74, 46, 41, 43, 32, 21, 23, 15, 61, 24, 22]]
 8 [  8  93: 93 [27, 24, 22]]
-8 [ 22  93:224 [27, 122, 103, 115, 127, 110, 24, 22]]
 2 [ 14 263:263 [122, 103, 115, 127, 110]]
-2 [ 20 263:334 [93, 122, 103, 115, 127, 110, 116]]
-7 [ 23 345:360 [85, 122, 103, 115, 127, 110, 93, 116]]
-1 [ 23 394:394 [122, 103, 115, 127, 110, 85, 93, 116]]

Vehicle: 16  Cost: 60.46
Route: 1 5 -5 -1 
 1 [ 44   0:  0 [47, 78, 30, 62, 70, 63, 67, 53, 39, 51, 76, 64, 48, 60, 66, 18, 19, 17, 83, 38]]
 5 [  0  30: 30 []]
-5 [ 35  30:376 [134, 106, 87, 96, 113, 118, 100, 89, 121, 123, 119]]
-1 [ 35 406:406 [134, 106, 87, 96, 113, 118, 100, 89, 121, 123, 119]]

Vehicle: 17  Cost: 156.94
Route: 1 6 -6 -4 -5 -1 
 1 [ 17   0:  0 [68, 35, 37, 69, 28, 79, 45, 57, 50]]
 6 [  0  73: 73 []]
-6 [ 16  73:491 [98, 130, 120, 90, 124, 94, 129, 109]]
-4 [ 24 519:534 [128, 98, 130, 101, 120, 90, 124, 94, 129, 109]]
-5 [ 34 559:574 [99, 105, 128, 97, 98, 130, 101, 120, 90, 124, 94, 129, 109]]
-1 [ 34 605:605 [99, 105, 128, 97, 98, 130, 101, 120, 90, 124, 94, 129, 109]]

Vehicle: 201  Cost: 17.85
Route: 2 27 22 116 -2 
  2 [ 7 263:278]
 27 [ 4 286:291]
 22 [ 0 300:305]
116 [ 2 311:316]
 -2 [ 2 319:319]

Vehicle: 202  Cost: 16.12
Route: 2 24 93 -2 
  2 [ 1 263:278]
 24 [ 0 286:291]
 93 [ 4 291:296]
 -2 [ 4 304:304]

Vehicle: 301  Cost: 19.96
Route: 3 14 88 86 11 -3 
  3 [ 7  45: 60]
 14 [ 3  70: 75]
 88 [ 6  75: 80]
 86 [ 7 180:185]
 11 [ 4 185:190]
 -3 [ 4 193:193]

Vehicle: 302  Cost: 139.99
Route: 3 36 56 20 132 95 80 131 111 -3 
  3 [ 7  45: 60]
 36 [ 6  71: 76]
 56 [ 2  91: 96]
 20 [ 1 120:125]
132 [ 3 139:144]
 95 [ 5 147:152]
 80 [ 4 300:305]
131 [ 6 305:310]
111 [10 325:330]
 -3 [10 383:383]

Vehicle: 303  Cost: 77.38
Route: 3 73 77 26 114 42 -3 
  3 [10  45: 60]
 73 [ 7  84: 89]
 77 [ 5  90: 95]
 26 [ 2 300:305]
114 [ 4 312:317]
 42 [ 2 323:328]
 -3 [ 2 362:362]

Vehicle: 304  Cost: 27.24
Route: 3 72 125 44 104 16 102 40 -3 
  3 [ 9  45: 60]
 72 [ 6  72: 77]
125 [ 7  77: 82]
 44 [ 3 300:305]
104 [ 7 305:310]
 16 [ 6 313:318]
102 [ 8 323:328]
 40 [ 7 328:333]
 -3 [ 7 337:337]

Vehicle: 305  Cost: 83.78
Route: 3 81 126 82 133 49 108 10 65 -3 
  3 [ 9  45: 60]
 81 [ 7  69: 74]
126 [ 9  76: 81]
 82 [ 7  99:104]
133 [ 8 104:109]
 49 [ 7 180:185]
108 [10 185:190]
 10 [ 7 300:305]
 65 [ 6 318:323]
 -3 [ 6 357:357]

Vehicle: 306  Cost: 105.41
Route: 3 33 52 92 58 112 25 31 -3 
  3 [10  45: 60]
 33 [ 8  97:102]
 52 [ 4 108:113]
 92 [ 6 300:305]
 58 [ 5 317:322]
112 [ 9 322:327]
 25 [ 7 342:347]
 31 [ 6 350:355]
 -3 [ 6 383:383]

Vehicle: 307  Cost: 106.74
Route: 3 54 13 12 107 91 59 84 117 -3 
  3 [10  45: 60]
 54 [ 7  72: 77]
 13 [ 4  88: 93]
 12 [ 3 180:185]
107 [ 7 300:305]
 91 [ 8 311:316]
 59 [ 5 337:342]
 84 [ 7 343:348]
117 [ 9 350:355]
 -3 [ 9 375:375]

Vehicle: 403  Cost: 62.59
Route: 4 55 29 34 101 75 128 -4 
  4 [ 9  52: 67]
 55 [ 8  69: 74]
 29 [ 4 180:185]
 34 [ 3 300:305]
101 [ 7 322:327]
 75 [ 4 420:425]
128 [ 8 425:430]
 -4 [ 8 441:441]

Vehicle: 501  Cost: 36.70
Route: 5 51 97 53 -5 
  5 [ 6  30:407]
 51 [ 3 420:425]
 97 [ 6 432:437]
 53 [ 3 440:445]
 -5 [ 3 458:458]

Vehicle: 502  Cost: 88.07
Route: 5 83 134 18 30 67 119 48 -5 
  5 [ 7  30: 45]
 83 [ 6  74: 79]
134 [10  79: 84]
 18 [ 9  99:104]
 30 [ 7 300:305]
 67 [ 6 317:322]
119 [10 322:327]
 48 [ 8 337:342]
 -5 [ 8 361:361]

Vehicle: 503  Cost: 76.34
Route: 5 60 76 87 89 121 70 -5 
  5 [ 7  30: 45]
 60 [ 5  65: 70]
 76 [ 1  87: 92]
 87 [ 5 101:106]
 89 [ 9 116:121]
121 [10 300:305]
 70 [ 9 305:310]
 -5 [ 9 322:322]

Vehicle: 504  Cost: 76.62
Route: 5 39 123 38 100 47 106 -5 
  5 [ 8  30: 57]
 39 [ 5  60: 65]
123 [ 7  73: 78]
 38 [ 5 180:185]
100 [ 9 185:190]
 47 [ 6 300:305]
106 [10 305:310]
 -5 [10 343:343]

Vehicle: 505  Cost: 54.90
Route: 5 78 19 99 105 17 64 -5 
  5 [10  30:411]
 78 [ 7 420:425]
 19 [ 3 435:440]
 99 [ 7 442:447]
105 [10 455:460]
 17 [ 9 478:483]
 64 [ 7 489:494]
 -5 [ 7 496:496]

Vehicle: 506  Cost: 57.20
Route: 5 66 118 96 63 113 62 -5 
  5 [ 6  30: 45]
 66 [ 3  68: 73]
118 [ 6  73: 78]
 96 [ 8 300:305]
 63 [ 6 313:318]
113 [ 9 324:329]
 62 [ 8 329:334]
 -5 [ 8 348:348]

Vehicle: 601  Cost: 30.21
Route: 6 94 109 50 -6 
  6 [ 4  73:165]
 94 [ 5 180:185]
109 [ 6 300:305]
 50 [ 2 305:310]
 -6 [ 2 324:324]

Vehicle: 602  Cost: 79.24
Route: 6 124 90 69 68 120 -6 
  6 [ 4  73: 88]
124 [ 6 103:108]
 90 [10 117:122]
 69 [ 9 420:425]
 68 [ 6 447:452]
120 [ 8 452:457]
 -6 [ 8 476:476]

Vehicle: 604  Cost: 78.67
Route: 6 57 98 37 45 35 28 79 130 129 -6 
  6 [ 9  73: 88]
 57 [ 8  93: 98]
 98 [ 9 105:110]
 37 [ 8 110:115]
 45 [ 6 119:124]
 35 [ 5 180:185]
 28 [ 4 300:305]
 79 [ 1 334:339]
130 [ 5 339:344]
129 [ 6 352:357]
 -6 [ 6 364:364]

Vehicle: 701  Cost: 10.77
Route: 7 85 -7 
  7 [ 0   0:295]
 85 [ 3 300:305]
 -7 [ 3 310:310]

Vehicle: 801  Cost: 18.81
Route: 8 23 46 -8 
  8 [ 7  93:108]
 23 [ 4 115:120]
 46 [ 0 300:305]
 -8 [ 0 313:313]

Vehicle: 803  Cost: 81.15
Route: 8 41 103 110 15 -8 
  8 [ 8  93:108]
 41 [ 4 131:136]
103 [ 8 136:141]
110 [10 169:174]
 15 [ 6 191:196]
 -8 [ 6 209:209]

Vehicle: 804  Cost: 82.19
Route: 8 21 32 61 -8 
  8 [ 9  93:108]
 21 [ 6 120:125]
 32 [ 2 300:305]
 61 [ 0 336:341]
 -8 [ 0 366:366]

Vehicle: 805  Cost: 51.84
Route: 8 127 74 43 115 122 71 -8 
  8 [ 6  93:108]
127 [ 8 124:129]
 74 [ 7 129:134]
 43 [ 4 140:145]
115 [ 7 150:155]
122 [10 180:185]
 71 [ 8 185:190]
 -8 [ 8 205:205]

Total Cost: 1949.72
 11:89.55, 62:75 [1, 3, -3, -1]
 15:162.99, 47:75 [1, 4, 8, -8, 2, -2, -7, -1]
 16:60.46, 44:75 [1, 5, -5, -1]
 17:156.94, 34:75 [1, 6, -6, -4, -5, -1]
201:17.85, 7:10 [2, 27, 22, 116, -2]
202:16.12, 4:10 [2, 24, 93, -2]
301:19.96, 7:10 [3, 14, 88, 86, 11, -3]
302:139.99, 10:10 [3, 36, 56, 20, 132, 95, 80, 131, 111, -3]
303:77.38, 10:10 [3, 73, 77, 26, 114, 42, -3]
304:27.24, 9:10 [3, 72, 125, 44, 104, 16, 102, 40, -3]
305:83.78, 10:10 [3, 81, 126, 82, 133, 49, 108, 10, 65, -3]
306:105.41, 10:10 [3, 33, 52, 92, 58, 112, 25, 31, -3]
307:106.74, 10:10 [3, 54, 13, 12, 107, 91, 59, 84, 117, -3]
403:62.59, 9:10 [4, 55, 29, 34, 101, 75, 128, -4]
501:36.70, 6:10 [5, 51, 97, 53, -5]
502:88.07, 10:10 [5, 83, 134, 18, 30, 67, 119, 48, -5]
503:76.34, 10:10 [5, 60, 76, 87, 89, 121, 70, -5]
504:76.62, 10:10 [5, 39, 123, 38, 100, 47, 106, -5]
505:54.90, 10:10 [5, 78, 19, 99, 105, 17, 64, -5]
506:57.20, 9:10 [5, 66, 118, 96, 63, 113, 62, -5]
601:30.21, 6:10 [6, 94, 109, 50, -6]
602:79.24, 10:10 [6, 124, 90, 69, 68, 120, -6]
604:78.67, 9:10 [6, 57, 98, 37, 45, 35, 28, 79, 130, 129, -6]
701:10.77, 3:10 [7, 85, -7]
801:18.81, 7:10 [8, 23, 46, -8]
803:81.15, 10:10 [8, 41, 103, 110, 15, -8]
804:82.19, 9:10 [8, 21, 32, 61, -8]
805:51.84, 10:10 [8, 127, 74, 43, 115, 122, 71, -8]
fe: 4, se: 24

!ALNS------------
100000,1949.723494216987,886.272,466.794,4,24,0.6233333333333333,0.8541666666666666,31.25,5.208333333333333
19 24 17 14 0 2 11 0 
8.708097076266874 19.768104734444936 9.033710761896664 11.038625497133756 NaN 20.053622516216375 13.863004647494167 21.483941923962067 
14 10 7 15 12 10 11 8 
13.933746635270218 12.471203221302531 14.106062186587174 14.313105890031059 13.772451655086572 12.302937531585902 14.630726260431242 13.217693923786165 

x[1559] = 1.0
Vehicle: 11  Cost: 89.55
Route: 1 3 -3 -1 
 1 [ 59   0:  0 [49, 81, 52, 42, 31, 44, 58, 65, 13, 82, 36, 73, 77, 11, 40, 14, 72, 54, 25, 26, 20, 80, 16, 10, 33, 12, 56]]
 3 [  0  45: 45 []]
-3 [ 44  45:434 [112, 133, 95, 132, 104, 111, 84, 91, 102, 126, 125, 114, 92, 131, 88, 117, 108, 86, 107]]
-1 [ 44 479:479 [112, 133, 95, 132, 104, 111, 84, 91, 102, 126, 125, 114, 92, 131, 88, 117, 108, 86, 107]]

x[4274] = 1.0
Vehicle: 15  Cost: 162.99
Route: 1 4 8 -8 2 -2 -7 -1 
 1 [ 47   0:  0 [15, 43, 29, 23, 41, 75, 71, 27, 24, 74, 46, 34, 22, 32, 21, 61, 55]]
 4 [ 38  52: 67 [15, 43, 23, 41, 71, 27, 24, 74, 46, 22, 32, 21, 61]]
 8 [  8  93: 93 [27, 24, 22]]
-8 [ 22  93:232 [103, 122, 27, 24, 127, 22, 115, 110]]
 2 [ 14 271:271 [103, 122, 127, 115, 110]]
-2 [ 20 271:334 [116, 103, 122, 93, 127, 115, 110]]
-7 [ 23 346:361 [85, 103, 122, 116, 93, 127, 115, 110]]
-1 [ 23 395:395 [103, 122, 116, 93, 85, 127, 115, 110]]

x[4556] = 1.0
Vehicle: 16  Cost: 60.46
Route: 1 5 -5 -1 
 1 [ 47   0:  0 [30, 19, 17, 63, 47, 60, 53, 83, 59, 67, 78, 18, 48, 62, 38, 39, 64, 76, 66, 70, 51]]
 5 [  0  30: 30 []]
-5 [ 49  30:386 [100, 121, 96, 97, 117, 85, 118, 89, 84, 113, 99, 119, 123, 106, 87, 134]]
-1 [ 49 416:416 [100, 121, 96, 97, 117, 85, 118, 89, 84, 113, 99, 119, 123, 106, 87, 134]]

x[7052] = 1.0
Vehicle: 17  Cost: 156.94
Route: 1 6 -6 -4 -5 -1 
 1 [ 17   0:  0 [45, 28, 37, 57, 79, 50, 35, 69, 68]]
 6 [  0  73: 73 []]
-6 [ 16  73:491 [98, 94, 90, 109, 120, 130, 129, 124]]
-4 [ 24 519:534 [98, 94, 90, 128, 109, 120, 130, 129, 124, 101]]
-5 [ 38 559:574 [99, 105, 98, 94, 97, 90, 84, 128, 109, 120, 130, 129, 124, 117, 101]]
-1 [ 38 605:605 [99, 105, 98, 94, 97, 90, 84, 128, 109, 120, 130, 129, 124, 117, 101]]

y[184] = 1.0
Vehicle: 604  Cost: 78.67
Route: 6 57 37 98 45 35 28 130 79 129 -6 
  6 [ 9  96:111]
 57 [ 8 116:121]
 37 [ 7 127:132]
 98 [ 8 132:137]
 45 [ 6 141:146]
 35 [ 5 180:185]
 28 [ 4 300:305]
130 [ 8 334:339]
 79 [ 5 339:344]
129 [ 6 352:357]
 -6 [ 6 364:364]

y[600] = 1.0
Vehicle: 302  Cost: 139.99
Route: 3 36 56 20 132 95 80 131 111 -3 
  3 [ 7 120:135]
 36 [ 6 146:151]
 56 [ 2 166:171]
 20 [ 1 195:200]
132 [ 3 214:219]
 95 [ 5 222:227]
 80 [ 4 300:305]
131 [ 6 305:310]
111 [10 325:330]
 -3 [10 383:383]

y[1909] = 1.0
Vehicle: 401  Cost: 62.59
Route: 4 55 29 34 101 75 128 -4 
  4 [ 9 246:261]
 55 [ 8 263:268]
 29 [ 4 286:291]
 34 [ 3 300:305]
101 [ 7 322:327]
 75 [ 4 420:425]
128 [ 8 425:430]
 -4 [ 8 441:441]

y[2079] = 1.0
Vehicle: 502  Cost: 88.07
Route: 5 83 134 18 30 67 119 48 -5 
  5 [ 7 111:126]
 83 [ 6 155:160]
134 [10 160:165]
 18 [ 9 180:185]
 30 [ 7 300:305]
 67 [ 6 317:322]
119 [10 322:327]
 48 [ 8 337:342]
 -5 [ 8 361:361]

y[2593] = 1.0
Vehicle: 504  Cost: 76.62
Route: 5 39 123 38 100 47 106 -5 
  5 [ 8 107:122]
 39 [ 5 125:130]
123 [ 7 137:142]
 38 [ 5 180:185]
100 [ 9 185:190]
 47 [ 6 300:305]
106 [10 305:310]
 -5 [10 343:343]

y[2728] = 1.0
Vehicle: 806  Cost: 82.19
Route: 8 21 32 61 -8 
  8 [ 9 123:138]
 21 [ 6 150:155]
 32 [ 2 300:305]
 61 [ 0 336:341]
 -8 [ 0 366:366]

y[3231] = 1.0
Vehicle: 702  Cost: 10.77
Route: 7 85 -7 
  7 [ 0   0:295]
 85 [ 3 300:305]
 -7 [ 3 310:310]

y[4221] = 1.0
Vehicle: 501  Cost: 54.90
Route: 5 78 19 99 105 17 64 -5 
  5 [10 246:411]
 78 [ 7 420:425]
 19 [ 3 435:440]
 99 [ 7 442:447]
105 [10 455:460]
 17 [ 9 478:483]
 64 [ 7 489:494]
 -5 [ 7 496:496]

y[4700] = 1.0
Vehicle: 201  Cost: 17.85
Route: 2 27 22 116 -2 
  2 [ 7 271:286]
 27 [ 4 294:299]
 22 [ 0 301:306]
116 [ 2 312:317]
 -2 [ 2 319:319]

y[5183] = 1.0
Vehicle: 501  Cost: 51.17
Route: 5 51 97 53 84 59 117 -5 
  5 [ 9  30:407]
 51 [ 6 420:425]
 97 [ 9 432:437]
 53 [ 6 440:445]
 84 [ 8 451:456]
 59 [ 5 457:462]
117 [ 7 464:469]
 -5 [ 7 488:488]

y[6018] = 1.0
Vehicle: 301  Cost: 5.66
Route: 3 86 11 -3 
  3 [ 3  45:177]
 86 [ 4 180:185]
 11 [ 1 185:190]
 -3 [ 1 193:193]

y[6232] = 1.0
Vehicle: 601  Cost: 30.21
Route: 6 94 109 50 -6 
  6 [ 4 162:177]
 94 [ 5 192:197]
109 [ 6 300:305]
 50 [ 2 305:310]
 -6 [ 2 324:324]

y[7101] = 1.0
Vehicle: 602  Cost: 79.24
Route: 6 124 90 69 68 120 -6 
  6 [ 4  96:111]
124 [ 6 126:131]
 90 [10 140:145]
 69 [ 9 420:425]
 68 [ 6 447:452]
120 [ 8 452:457]
 -6 [ 8 476:476]

y[7510] = 1.0
Vehicle: 201  Cost: 16.12
Route: 2 24 93 -2 
  2 [ 1 271:286]
 24 [ 0 294:299]
 93 [ 4 299:304]
 -2 [ 4 312:312]

y[8677] = 1.0
Vehicle: 304  Cost: 66.43
Route: 3 14 88 82 133 49 108 10 -3 
  3 [10  45: 60]
 14 [ 6  70: 75]
 88 [ 9  75: 80]
 82 [ 7 100:105]
133 [ 8 105:110]
 49 [ 7 180:185]
108 [10 185:190]
 10 [ 7 300:305]
 -3 [ 7 334:334]

y[8815] = 1.0
Vehicle: 301  Cost: 111.40
Route: 3 54 13 12 107 91 25 31 -3 
  3 [10  45: 60]
 54 [ 7  72: 77]
 13 [ 4  88: 93]
 12 [ 3 180:185]
107 [ 7 300:305]
 91 [ 8 311:316]
 25 [ 6 333:338]
 31 [ 5 342:347]
 -3 [ 5 375:375]

y[8974] = 1.0
Vehicle: 304  Cost: 114.53
Route: 3 81 126 33 52 92 112 58 65 -3 
  3 [10  45: 60]
 81 [ 8  69: 74]
126 [10  76: 81]
 33 [ 8 112:117]
 52 [ 4 123:128]
 92 [ 6 300:305]
112 [10 317:322]
 58 [ 9 322:327]
 65 [ 8 343:348]
 -3 [ 8 382:382]

y[9041] = 1.0
Vehicle: 506  Cost: 57.20
Route: 5 118 66 96 63 62 113 -5 
  5 [ 6 111:126]
118 [ 9 149:154]
 66 [ 6 154:159]
 96 [ 8 300:305]
 63 [ 6 313:318]
 62 [ 5 324:329]
113 [ 8 329:334]
 -5 [ 8 348:348]

y[10068] = 1.0
Vehicle: 503  Cost: 76.34
Route: 5 60 76 87 89 121 70 -5 
  5 [ 7 107:122]
 60 [ 5 142:147]
 76 [ 1 164:169]
 87 [ 5 178:183]
 89 [ 9 192:197]
121 [10 300:305]
 70 [ 9 305:310]
 -5 [ 9 322:322]

y[10571] = 1.0
Vehicle: 304  Cost: 27.24
Route: 3 125 72 44 104 16 102 40 -3 
  3 [ 9 120:135]
125 [10 147:152]
 72 [ 7 152:157]
 44 [ 3 300:305]
104 [ 7 305:310]
 16 [ 6 313:318]
102 [ 8 323:328]
 40 [ 7 328:333]
 -3 [ 7 337:337]

y[10877] = 1.0
Vehicle: 803  Cost: 51.84
Route: 8 74 127 43 115 122 71 -8 
  8 [ 6  93:108]
 74 [ 5 124:129]
127 [ 7 129:134]
 43 [ 4 140:145]
115 [ 7 150:155]
122 [10 180:185]
 71 [ 8 185:190]
 -8 [ 8 205:205]

y[10930] = 1.0
Vehicle: 303  Cost: 77.38
Route: 3 73 77 26 114 42 -3 
  3 [10 120:135]
 73 [ 7 159:164]
 77 [ 5 165:170]
 26 [ 2 300:305]
114 [ 4 312:317]
 42 [ 2 323:328]
 -3 [ 2 362:362]

y[11077] = 1.0
Vehicle: 802  Cost: 81.15
Route: 8 41 103 110 15 -8 
  8 [ 8  93:108]
 41 [ 4 131:136]
103 [ 8 136:141]
110 [10 169:174]
 15 [ 6 191:196]
 -8 [ 6 209:209]

y[12052] = 1.0
Vehicle: 802  Cost: 18.81
Route: 8 23 46 -8 
  8 [ 7 260:275]
 23 [ 4 281:286]
 46 [ 0 300:305]
 -8 [ 0 313:313]

FE: 4
SE: 24
!MIP-----
1946.3195189570192,2070.939772129059,9.946785210675427E-5,4,24,7053,12434

Run: 5
Total Cost: 1952.66
Vehicle: 11  Cost: 60.46
Route: 1 5 -5 -1 
 1 [ 47   0:  0 [19, 67, 48, 70, 83, 64, 59, 62, 51, 17, 30, 76, 66, 18, 60, 39, 38, 63, 53, 47, 78]]
 5 [  0  30: 30 []]
-5 [ 35  30:376 [113, 87, 119, 106, 134, 96, 89, 118, 123, 100, 121]]
-1 [ 35 406:406 [113, 87, 119, 106, 134, 96, 89, 118, 123, 100, 121]]

Vehicle: 12  Cost: 89.55
Route: 1 3 -3 -1 
 1 [ 52   0:  0 [11, 33, 80, 10, 25, 16, 54, 14, 81, 40, 20, 65, 36, 72, 31, 82, 49, 52, 58, 44, 12, 13, 42, 77, 73]]
 3 [  0  45: 45 []]
-3 [ 36  45:410 [92, 114, 108, 95, 125, 133, 104, 88, 86, 91, 112, 102, 107, 126, 132, 131]]
-1 [ 36 455:455 [92, 114, 108, 95, 125, 133, 104, 88, 86, 91, 112, 102, 107, 126, 132, 131]]

Vehicle: 13  Cost: 162.89
Route: 1 8 -8 2 -2 -7 -1 
 1 [ 38   0:  0 [23, 71, 74, 43, 46, 27, 22, 15, 24, 21, 61, 32, 41]]
 8 [  8  78: 78 [27, 22, 24]]
-8 [ 22  78:220 [127, 27, 22, 122, 24, 103, 110, 115]]
 2 [ 14 259:259 [127, 122, 103, 110, 115]]
-2 [ 20 259:334 [127, 93, 122, 103, 110, 115, 116]]
-7 [ 23 345:360 [85, 127, 122, 93, 103, 110, 115, 116]]
-1 [ 23 394:394 [127, 93, 122, 85, 103, 110, 115, 116]]

Vehicle: 17  Cost: 164.72
Route: 1 4 6 -6 -4 -5 -1 
 1 [ 33   0:  0 [45, 55, 79, 29, 75, 35, 56, 34, 69, 57, 37, 68, 28, 26, 50]]
 4 [ 24  52: 67 [45, 79, 35, 56, 69, 57, 37, 68, 28, 26, 50]]
 6 [  0  96: 96 []]
-6 [ 20  96:475 [124, 98, 120, 111, 129, 130, 109, 94, 90]]
-4 [ 28 504:519 [128, 124, 98, 120, 101, 111, 129, 130, 109, 94, 90]]
-5 [ 42 544:559 [105, 128, 124, 98, 120, 97, 101, 111, 129, 130, 109, 94, 90, 117, 99, 84]]
-1 [ 42 589:589 [105, 128, 124, 98, 120, 97, 101, 111, 129, 130, 109, 94, 90, 117, 99, 84]]

Vehicle: 201  Cost: 16.12
Route: 2 24 93 -2 
  2 [ 1 259:274]
 24 [ 0 282:287]
 93 [ 4 287:292]
 -2 [ 4 300:300]

Vehicle: 202  Cost: 17.85
Route: 2 27 22 116 -2 
  2 [ 7 259:274]
 27 [ 4 281:286]
 22 [ 0 300:305]
116 [ 2 311:316]
 -2 [ 2 319:319]

Vehicle: 301  Cost: 149.49
Route: 3 36 73 77 20 132 95 131 80 114 42 -3 
  3 [10  45: 60]
 36 [ 9  71: 76]
 73 [ 6  93: 98]
 77 [ 4 100:105]
 20 [ 3 127:132]
132 [ 5 146:151]
 95 [ 7 154:159]
131 [ 9 300:305]
 80 [ 8 305:310]
114 [10 345:350]
 42 [ 8 357:362]
 -3 [ 8 395:395]

Vehicle: 302  Cost: 66.43
Route: 3 14 88 82 133 49 108 10 -3 
  3 [10  45: 60]
 14 [ 6  70: 75]
 88 [ 9  75: 80]
 82 [ 7 100:105]
133 [ 8 105:110]
 49 [ 7 180:185]
108 [10 185:190]
 10 [ 7 300:305]
 -3 [ 7 334:334]

Vehicle: 303  Cost: 5.66
Route: 3 86 11 -3 
  3 [ 3  45:177]
 86 [ 4 180:185]
 11 [ 1 185:190]
 -3 [ 1 193:193]

Vehicle: 304  Cost: 114.53
Route: 3 81 126 33 52 92 112 58 65 -3 
  3 [10  45: 60]
 81 [ 8  69: 74]
126 [10  76: 81]
 33 [ 8 112:117]
 52 [ 4 123:128]
 92 [ 6 300:305]
112 [10 317:322]
 58 [ 9 322:327]
 65 [ 8 343:348]
 -3 [ 8 382:382]

Vehicle: 305  Cost: 111.40
Route: 3 54 13 12 107 91 25 31 -3 
  3 [10  45: 60]
 54 [ 7  72: 77]
 13 [ 4  88: 93]
 12 [ 3 180:185]
107 [ 7 300:305]
 91 [ 8 311:316]
 25 [ 6 333:338]
 31 [ 5 342:347]
 -3 [ 5 375:375]

Vehicle: 308  Cost: 27.24
Route: 3 72 125 44 104 16 102 40 -3 
  3 [ 9  45: 60]
 72 [ 6  72: 77]
125 [ 7  77: 82]
 44 [ 3 300:305]
104 [ 7 305:310]
 16 [ 6 313:318]
102 [ 8 323:328]
 40 [ 7 328:333]
 -3 [ 7 337:337]

Vehicle: 401  Cost: 62.59
Route: 4 55 29 34 101 75 128 -4 
  4 [ 9  52: 67]
 55 [ 8  69: 74]
 29 [ 4 180:185]
 34 [ 3 300:305]
101 [ 7 322:327]
 75 [ 4 420:425]
128 [ 8 425:430]
 -4 [ 8 441:441]

Vehicle: 501  Cost: 57.20
Route: 5 118 66 96 63 62 113 -5 
  5 [ 6  30: 45]
118 [ 9  68: 73]
 66 [ 6  73: 78]
 96 [ 8 300:305]
 63 [ 6 313:318]
 62 [ 5 324:329]
113 [ 8 329:334]
 -5 [ 8 348:348]

Vehicle: 502  Cost: 91.74
Route: 5 60 76 18 87 134 83 121 70 -5 
  5 [ 9  30: 45]
 60 [ 7  65: 70]
 76 [ 3  87: 92]
 18 [ 2  96:101]
 87 [ 6 108:113]
134 [10 123:128]
 83 [ 9 128:133]
121 [10 300:305]
 70 [ 9 305:310]
 -5 [ 9 322:322]

Vehicle: 503  Cost: 76.62
Route: 5 39 123 38 100 47 106 -5 
  5 [ 8  30: 57]
 39 [ 5  60: 65]
123 [ 7  73: 78]
 38 [ 5 180:185]
100 [ 9 185:190]
 47 [ 6 300:305]
106 [10 305:310]
 -5 [10 343:343]

Vehicle: 504  Cost: 51.17
Route: 5 51 97 53 84 59 117 -5 
  5 [ 9  30:407]
 51 [ 6 420:425]
 97 [ 9 432:437]
 53 [ 6 440:445]
 84 [ 8 451:456]
 59 [ 5 457:462]
117 [ 7 464:469]
 -5 [ 7 488:488]

Vehicle: 506  Cost: 55.63
Route: 5 64 17 105 19 99 78 -5 
  5 [10  30:298]
 64 [ 8 300:305]
 17 [ 7 420:425]
105 [10 443:448]
 19 [ 6 456:461]
 99 [10 463:468]
 78 [ 7 479:484]
 -5 [ 7 493:493]

Vehicle: 507  Cost: 74.65
Route: 5 89 30 67 119 48 -5 
  5 [ 5  30: 45]
 89 [ 9  66: 71]
 30 [ 7 300:305]
 67 [ 6 317:322]
119 [10 322:327]
 48 [ 8 337:342]
 -5 [ 8 361:361]

Vehicle: 601  Cost: 78.67
Route: 6 57 37 98 45 35 28 130 79 129 -6 
  6 [ 9  96:111]
 57 [ 8 116:121]
 37 [ 7 128:133]
 98 [ 8 133:138]
 45 [ 6 142:147]
 35 [ 5 180:185]
 28 [ 4 300:305]
130 [ 8 334:339]
 79 [ 5 339:344]
129 [ 6 352:357]
 -6 [ 6 364:364]

Vehicle: 602  Cost: 72.18
Route: 6 56 90 124 68 120 -6 
  6 [ 7  96:111]
 56 [ 3 132:137]
 90 [ 7 151:156]
124 [ 9 165:170]
 68 [ 6 420:425]
120 [ 8 425:430]
 -6 [ 8 449:449]

Vehicle: 603  Cost: 100.52
Route: 6 94 50 109 26 111 69 -6 
  6 [ 8  96:165]
 94 [ 9 180:185]
 50 [ 5 300:305]
109 [ 6 305:310]
 26 [ 3 328:333]
111 [ 7 356:361]
 69 [ 6 420:425]
 -6 [ 6 460:460]

Vehicle: 701  Cost: 10.77
Route: 7 85 -7 
  7 [ 0   0:295]
 85 [ 3 300:305]
 -7 [ 3 310:310]

Vehicle: 801  Cost: 16.97
Route: 8 46 -8 
  8 [ 4  78:292]
 46 [ 0 300:305]
 -8 [ 0 313:313]

Vehicle: 802  Cost: 84.21
Route: 8 21 110 41 103 23 -8 
  8 [10  78: 93]
 21 [ 7 105:110]
110 [ 9 130:135]
 41 [ 5 163:168]
103 [ 9 168:173]
 23 [ 6 191:196]
 -8 [ 6 202:202]

Vehicle: 804  Cost: 51.84
Route: 8 127 74 43 115 122 71 -8 
  8 [ 6  78: 93]
127 [ 8 109:114]
 74 [ 7 114:119]
 43 [ 4 125:130]
115 [ 7 135:140]
122 [10 180:185]
 71 [ 8 185:190]
 -8 [ 8 205:205]

Vehicle: 805  Cost: 81.54
Route: 8 15 32 61 -8 
  8 [10  78:167]
 15 [ 6 180:185]
 32 [ 2 300:305]
 61 [ 0 336:341]
 -8 [ 0 366:366]

Total Cost: 1952.66
 11:60.46, 47:75 [1, 5, -5, -1]
 12:89.55, 52:75 [1, 3, -3, -1]
 13:162.89, 38:75 [1, 8, -8, 2, -2, -7, -1]
 17:164.72, 42:75 [1, 4, 6, -6, -4, -5, -1]
201:16.12, 4:10 [2, 24, 93, -2]
202:17.85, 7:10 [2, 27, 22, 116, -2]
301:149.49, 10:10 [3, 36, 73, 77, 20, 132, 95, 131, 80, 114, 42, -3]
302:66.43, 10:10 [3, 14, 88, 82, 133, 49, 108, 10, -3]
303:5.66, 4:10 [3, 86, 11, -3]
304:114.53, 10:10 [3, 81, 126, 33, 52, 92, 112, 58, 65, -3]
305:111.40, 10:10 [3, 54, 13, 12, 107, 91, 25, 31, -3]
308:27.24, 9:10 [3, 72, 125, 44, 104, 16, 102, 40, -3]
401:62.59, 9:10 [4, 55, 29, 34, 101, 75, 128, -4]
501:57.20, 9:10 [5, 118, 66, 96, 63, 62, 113, -5]
502:91.74, 10:10 [5, 60, 76, 18, 87, 134, 83, 121, 70, -5]
503:76.62, 10:10 [5, 39, 123, 38, 100, 47, 106, -5]
504:51.17, 9:10 [5, 51, 97, 53, 84, 59, 117, -5]
506:55.63, 10:10 [5, 64, 17, 105, 19, 99, 78, -5]
507:74.65, 10:10 [5, 89, 30, 67, 119, 48, -5]
601:78.67, 9:10 [6, 57, 37, 98, 45, 35, 28, 130, 79, 129, -6]
602:72.18, 9:10 [6, 56, 90, 124, 68, 120, -6]
603:100.52, 9:10 [6, 94, 50, 109, 26, 111, 69, -6]
701:10.77, 3:10 [7, 85, -7]
801:16.97, 4:10 [8, 46, -8]
802:84.21, 10:10 [8, 21, 110, 41, 103, 23, -8]
804:51.84, 10:10 [8, 127, 74, 43, 115, 122, 71, -8]
805:81.54, 10:10 [8, 15, 32, 61, -8]
fe: 4, se: 23

!ALNS------------
100000,1952.6605412259432,571.309,541.041,4,23,0.5966666666666667,0.8478260869565217,31.25,5.434782608695652
22 23 13 6 0 8 9 0 
9.844565462676373 22.223428988729612 9.185583977171474 11.33013770655717 45.67107059907848 23.856507664782452 14.875082399716751 29.707146379702603 
8 18 7 7 7 7 18 9 
16.60572544091142 14.426926576104663 14.78228318937515 15.232866511555859 13.997344778417164 13.630049486060864 17.69169793152206 12.085612926794436 

x[4935] = 1.0
Vehicle: 13  Cost: 162.89
Route: 1 8 -8 2 -2 -7 -1 
 1 [ 38   0:  0 [71, 41, 43, 23, 21, 15, 27, 22, 24, 61, 46, 32, 74]]
 8 [  8  78: 78 [27, 22, 24]]
-8 [ 22  78:220 [103, 127, 122, 115, 27, 22, 24, 110]]
 2 [ 14 259:259 [103, 127, 122, 115, 110]]
-2 [ 25 259:359 [116, 103, 127, 122, 115, 93, 110, 130, 129]]
-7 [ 28 371:386 [85, 103, 127, 122, 115, 116, 93, 110, 130, 129]]
-1 [ 28 420:420 [103, 127, 122, 115, 116, 93, 85, 110, 130, 129]]

x[5695] = 1.0
Vehicle: 11  Cost: 60.46
Route: 1 5 -5 -1 
 1 [ 47   0:  0 [67, 53, 17, 48, 64, 39, 70, 59, 38, 19, 83, 78, 66, 76, 18, 47, 30, 60, 63, 62, 51]]
 5 [  0  30: 30 []]
-5 [ 49  30:390 [117, 134, 85, 121, 96, 118, 119, 100, 123, 97, 99, 84, 87, 106, 89, 113]]
-1 [ 49 420:420 [117, 134, 85, 121, 96, 118, 119, 100, 123, 97, 99, 84, 87, 106, 89, 113]]

x[6463] = 1.0
Vehicle: 17  Cost: 164.72
Route: 1 4 6 -6 -4 -5 -1 
 1 [ 33   0:  0 [29, 34, 35, 55, 68, 28, 75, 57, 37, 79, 50, 45, 56, 26, 69]]
 4 [ 24  52: 67 [35, 68, 28, 57, 37, 79, 50, 45, 56, 26, 69]]
 6 [  0  96: 96 []]
-6 [ 20  96:528 [109, 129, 98, 130, 94, 124, 120, 90, 111]]
-4 [ 28 556:571 [128, 101, 109, 129, 98, 130, 94, 124, 120, 90, 111]]
-5 [ 42 596:611 [105, 99, 128, 84, 97, 101, 117, 109, 129, 98, 130, 94, 124, 120, 90, 111]]
-1 [ 42 641:641 [105, 99, 128, 84, 97, 101, 117, 109, 129, 98, 130, 94, 124, 120, 90, 111]]

x[7940] = 1.0
Vehicle: 12  Cost: 89.55
Route: 1 3 -3 -1 
 1 [ 52   0:  0 [72, 54, 73, 44, 10, 49, 40, 33, 82, 14, 11, 58, 77, 65, 80, 13, 16, 20, 36, 31, 42, 25, 52, 81, 12]]
 3 [  0  45: 45 []]
-3 [ 40  45:435 [91, 86, 133, 104, 132, 114, 112, 126, 125, 95, 102, 108, 131, 88, 107, 111, 92]]
-1 [ 40 480:480 [91, 86, 133, 104, 132, 114, 112, 126, 125, 95, 102, 108, 131, 88, 107, 111, 92]]

y[469] = 1.0
Vehicle: 305  Cost: 111.40
Route: 3 54 13 12 107 91 25 31 -3 
  3 [10 124:139]
 54 [ 7 151:156]
 13 [ 4 167:172]
 12 [ 3 192:197]
107 [ 7 300:305]
 91 [ 8 311:316]
 25 [ 6 333:338]
 31 [ 5 342:347]
 -3 [ 5 375:375]

y[4418] = 1.0
Vehicle: 501  Cost: 57.20
Route: 5 118 66 96 63 113 62 -5 
  5 [ 6 111:126]
118 [ 9 149:154]
 66 [ 6 154:159]
 96 [ 8 300:305]
 63 [ 6 313:318]
113 [ 9 324:329]
 62 [ 8 329:334]
 -5 [ 8 348:348]

y[5406] = 1.0
Vehicle: 505  Cost: 76.34
Route: 5 60 76 87 89 70 121 -5 
  5 [ 7  30: 45]
 60 [ 5  65: 70]
 76 [ 1  87: 92]
 87 [ 5 101:106]
 89 [ 9 116:121]
 70 [ 8 300:305]
121 [ 9 305:310]
 -5 [ 9 322:322]

y[6028] = 1.0
Vehicle: 304  Cost: 114.53
Route: 3 81 126 33 52 92 58 112 65 -3 
  3 [10  93:108]
 81 [ 8 117:122]
126 [10 125:130]
 33 [ 8 161:166]
 52 [ 4 172:177]
 92 [ 6 300:305]
 58 [ 5 317:322]
112 [ 9 322:327]
 65 [ 8 343:348]
 -3 [ 8 382:382]

y[6393] = 1.0
Vehicle: 701  Cost: 10.77
Route: 7 85 -7 
  7 [ 0   0:295]
 85 [ 3 300:305]
 -7 [ 3 310:310]

y[7212] = 1.0
Vehicle: 803  Cost: 84.21
Route: 8 23 41 103 110 21 -8 
  8 [10  78: 93]
 23 [ 7  99:104]
 41 [ 3 122:127]
103 [ 7 127:132]
110 [ 9 160:165]
 21 [ 6 185:190]
 -8 [ 6 202:202]

y[9146] = 1.0
Vehicle: 201  Cost: 16.12
Route: 2 93 24 -2 
  2 [ 1 272:287]
 93 [ 5 295:300]
 24 [ 4 300:305]
 -2 [ 4 313:313]

y[9242] = 1.0
Vehicle: 504  Cost: 51.17
Route: 5 51 97 53 84 59 117 -5 
  5 [ 9 117:407]
 51 [ 6 420:425]
 97 [ 9 432:437]
 53 [ 6 440:445]
 84 [ 8 451:456]
 59 [ 5 457:462]
117 [ 7 464:469]
 -5 [ 7 488:488]

y[9563] = 1.0
Vehicle: 603  Cost: 100.52
Route: 6 94 50 109 26 111 69 -6 
  6 [ 8 263:278]
 94 [ 9 293:298]
 50 [ 5 300:305]
109 [ 6 305:310]
 26 [ 3 328:333]
111 [ 7 356:361]
 69 [ 6 420:425]
 -6 [ 6 460:460]

y[9704] = 1.0
Vehicle: 602  Cost: 72.18
Route: 6 56 90 124 68 120 -6 
  6 [ 7 141:156]
 56 [ 3 177:182]
 90 [ 7 196:201]
124 [ 9 210:215]
 68 [ 6 420:425]
120 [ 8 425:430]
 -6 [ 8 449:449]

y[9856] = 1.0
Vehicle: 804  Cost: 51.84
Route: 8 74 127 43 115 122 71 -8 
  8 [ 6 100:115]
 74 [ 5 131:136]
127 [ 7 136:141]
 43 [ 4 147:152]
115 [ 7 157:162]
122 [10 180:185]
 71 [ 8 185:190]
 -8 [ 8 205:205]

y[9931] = 1.0
Vehicle: 302  Cost: 66.43
Route: 3 14 88 82 133 49 108 10 -3 
  3 [10 112:127]
 14 [ 6 137:142]
 88 [ 9 142:147]
 82 [ 7 167:172]
133 [ 8 172:177]
 49 [ 7 180:185]
108 [10 185:190]
 10 [ 7 300:305]
 -3 [ 7 334:334]

y[10294] = 1.0
Vehicle: 301  Cost: 149.49
Route: 3 36 73 77 20 132 95 131 80 114 42 -3 
  3 [10 121:136]
 36 [ 9 147:152]
 73 [ 6 169:174]
 77 [ 4 175:180]
 20 [ 3 203:208]
132 [ 5 222:227]
 95 [ 7 230:235]
131 [ 9 300:305]
 80 [ 8 305:310]
114 [10 345:350]
 42 [ 8 357:362]
 -3 [ 8 395:395]

y[11371] = 1.0
Vehicle: 601  Cost: 78.67
Route: 6 57 37 98 45 35 28 79 130 129 -6 
  6 [ 9 139:154]
 57 [ 8 160:165]
 37 [ 7 171:176]
 98 [ 8 176:181]
 45 [ 6 185:190]
 35 [ 5 195:200]
 28 [ 4 300:305]
 79 [ 1 334:339]
130 [ 5 339:344]
129 [ 6 352:357]
 -6 [ 6 364:364]

y[12160] = 1.0
Vehicle: 506  Cost: 54.90
Route: 5 78 19 99 105 17 64 -5 
  5 [10  30:411]
 78 [ 7 420:425]
 19 [ 3 435:440]
 99 [ 7 442:447]
105 [10 455:460]
 17 [ 9 478:483]
 64 [ 7 489:494]
 -5 [ 7 496:496]

y[12360] = 1.0
Vehicle: 803  Cost: 16.97
Route: 8 46 -8 
  8 [ 4 325:340]
 46 [ 0 348:353]
 -8 [ 0 362:362]

y[12663] = 1.0
Vehicle: 301  Cost: 5.66
Route: 3 11 86 -3 
  3 [ 3 274:289]
 11 [ 0 292:297]
 86 [ 1 297:302]
 -3 [ 1 305:305]

y[13065] = 1.0
Vehicle: 401  Cost: 62.59
Route: 4 55 29 34 101 75 128 -4 
  4 [ 9 253:268]
 55 [ 8 270:275]
 29 [ 4 292:297]
 34 [ 3 300:305]
101 [ 7 322:327]
 75 [ 4 420:425]
128 [ 8 425:430]
 -4 [ 8 441:441]

y[13199] = 1.0
Vehicle: 802  Cost: 81.54
Route: 8 15 32 61 -8 
  8 [10 245:260]
 15 [ 6 273:278]
 32 [ 2 300:305]
 61 [ 0 336:341]
 -8 [ 0 366:366]

y[13339] = 1.0
Vehicle: 503  Cost: 76.62
Route: 5 39 123 38 100 47 106 -5 
  5 [ 8 162:177]
 39 [ 5 180:185]
123 [ 7 192:197]
 38 [ 5 210:215]
100 [ 9 215:220]
 47 [ 6 300:305]
106 [10 305:310]
 -5 [10 343:343]

y[13411] = 1.0
Vehicle: 202  Cost: 17.85
Route: 2 27 22 116 -2 
  2 [ 7 277:292]
 27 [ 4 299:304]
 22 [ 0 306:311]
116 [ 2 318:323]
 -2 [ 2 325:325]

y[13791] = 1.0
Vehicle: 308  Cost: 27.24
Route: 3 125 72 44 104 16 102 40 -3 
  3 [ 9 124:139]
125 [10 151:156]
 72 [ 7 156:161]
 44 [ 3 300:305]
104 [ 7 305:310]
 16 [ 6 313:318]
102 [ 8 323:328]
 40 [ 7 328:333]
 -3 [ 7 337:337]

y[13917] = 1.0
Vehicle: 507  Cost: 88.07
Route: 5 83 134 18 30 67 119 48 -5 
  5 [ 7  77: 92]
 83 [ 6 121:126]
134 [10 126:131]
 18 [ 9 146:151]
 30 [ 7 300:305]
 67 [ 6 317:322]
119 [10 322:327]
 48 [ 8 337:342]
 -5 [ 8 361:361]

FE: 4
SE: 23
!MIP-----
1949.940576833283,5404.681464910507,0.037914307842473634,4,23,8367,13984