--Parameters Information--
speed=1
run=5
iteration= 100000
batch=100
restartPeriod=10000
largeRemovalOccurrence=500
initialLNS=250
lowerBoundSmallRemoval=4
smallRemoval=0.2
lowerBoundLargeRemoval=0.55
largeRemoval=0.8
initialWeight=1.0
decayRate=0.1
gamma1=9.0
gamma2=5.0
gamma3=2.0
gamma4=0.0
coolingRate=0.9995
temperatureControlParameter=0.05
initialAcceptanceProbability=0.5
perturbation=0.5
perturbationFactor=0.01
split=20000

Setup: Split
Data: C_50_7_D

Run: 1
Total Cost: 1190.52
Vehicle: 14  Cost: 208.81
Route: 1 6 3 5 4 -4 -5 8 -6 -1 
 1 [ 62   0:  0 [33, 21, 35, 22, 32, 45, 36, 15, 37, 41, 24, 49, 18, 11, 34, 19, 29, 31, 23, 16, 20, 28, 47, 10]]
 6 [ 49  33: 48 [33, 21, 45, 36, 15, 37, 41, 24, 49, 18, 11, 19, 29, 23, 16, 20, 28, 47, 10]]
 3 [ 43  69: 84 [33, 21, 45, 36, 15, 37, 24, 49, 11, 19, 29, 23, 16, 20, 28, 47, 10]]
 5 [ 34  97:112 [21, 45, 36, 15, 37, 24, 49, 11, 19, 23, 20, 28, 10]]
 4 [  3 151:151 [36]]
-4 [ 24 151:487 [71, 50, 36, 55, 58, 56, 52, 61, 60]]
-5 [ 32 526:541 [69, 62, 71, 50, 53, 36, 55, 58, 56, 52, 61, 60]]
 8 [ 29 562:577 [71, 50, 69, 62, 53, 55, 58, 56, 52, 61, 60]]
-6 [ 34 587:602 [65, 64, 69, 62, 71, 50, 53, 55, 58, 56, 52, 61, 60]]
-1 [ 34 635:635 [65, 64, 69, 62, 71, 50, 53, 55, 58, 56, 52, 61, 60]]

Vehicle: 17  Cost: 69.31
Route: 1 9 -9 -1 
 1 [ 39   0:  0 [25, 42, 44, 38, 46, 48, 17, 39, 14, 30, 40, 26, 27, 13, 12, 43]]
 9 [  0  35: 35 []]
-9 [ 19  35:371 [63, 51, 67, 72, 57, 70, 59, 66, 54, 68]]
-1 [ 19 405:405 [63, 51, 67, 72, 57, 70, 59, 66, 54, 68]]

Vehicle: 301  Cost: 30.34
Route: 3 41 18 -3 
  3 [ 6  69: 84]
 41 [ 2  98:103]
 18 [ 0 300:305]
 -3 [ 0 319:319]

Vehicle: 401  Cost: 70.28
Route: 4 15 28 60 37 -4 
  4 [ 9 151:293]
 15 [ 5 300:305]
 28 [ 1 315:320]
 60 [ 5 353:358]
 37 [ 4 367:372]
 -4 [ 4 383:383]

Vehicle: 402  Cost: 52.50
Route: 4 58 24 45 49 71 61 -4 
  4 [ 7 151:291]
 58 [10 300:305]
 24 [ 7 305:310]
 45 [ 5 318:323]
 49 [ 3 332:337]
 71 [ 7 337:342]
 61 [10 345:350]
 -4 [10 374:374]

Vehicle: 403  Cost: 96.00
Route: 4 19 23 55 21 -4 
  4 [10 151:285]
 19 [ 7 300:305]
 23 [ 3 319:324]
 55 [ 4 420:425]
 21 [ 1 438:443]
 -4 [ 1 472:472]

Vehicle: 404  Cost: 99.84
Route: 4 52 10 56 11 50 20 -4 
  4 [ 5 151:166]
 52 [ 8 185:190]
 10 [ 7 217:222]
 56 [ 9 300:305]
 11 [ 6 316:321]
 50 [ 7 321:326]
 20 [ 6 345:350]
 -4 [ 6 357:357]

Vehicle: 501  Cost: 68.30
Route: 5 16 53 47 69 29 62 33 -5 
  5 [ 9  97:398]
 16 [ 7 420:425]
 53 [10 425:430]
 47 [ 6 444:449]
 69 [ 7 449:454]
 29 [ 6 462:467]
 62 [10 467:472]
 33 [ 8 494:499]
 -5 [ 8 502:502]

Vehicle: 601  Cost: 50.72
Route: 6 35 65 31 32 22 -6 
  6 [ 9  33: 48]
 35 [ 5  58: 63]
 65 [ 8  63: 68]
 31 [ 5 180:185]
 32 [ 4 300:305]
 22 [ 3 309:314]
 -6 [ 3 325:325]

Vehicle: 602  Cost: 13.42
Route: 6 34 64 -6 
  6 [ 4  33:293]
 34 [ 0 300:305]
 64 [ 2 305:310]
 -6 [ 2 317:317]

Vehicle: 801  Cost: 5.66
Route: 8 36 -8 
  8 [ 3 562:577]
 36 [ 0 580:585]
 -8 [ 0 588:588]

Vehicle: 901  Cost: 148.32
Route: 9 26 59 25 67 63 46 66 17 54 -9 
  9 [10  35:161]
 26 [ 7 180:185]
 59 [ 9 227:232]
 25 [ 6 232:237]
 67 [ 7 263:268]
 63 [10 274:279]
 46 [ 8 292:297]
 66 [ 9 301:306]
 17 [ 7 327:332]
 54 [ 9 332:337]
 -9 [ 9 355:355]

Vehicle: 902  Cost: 85.09
Route: 9 38 27 13 43 -9 
  9 [10  35: 50]
 38 [ 8  75: 80]
 27 [ 4 300:305]
 13 [ 3 420:425]
 43 [ 0 443:448]
 -9 [ 0 469:469]

Vehicle: 903  Cost: 79.70
Route: 9 14 12 70 48 -9 
  9 [ 5  35: 50]
 14 [ 4  74: 79]
 12 [ 3 300:305]
 70 [ 5 328:333]
 48 [ 2 333:338]
 -9 [ 2 356:356]

Vehicle: 904  Cost: 24.41
Route: 9 40 68 44 -9 
  9 [ 6  35:168]
 40 [ 3 180:185]
 68 [ 5 189:194]
 44 [ 2 194:199]
 -9 [ 2 207:207]

Vehicle: 906  Cost: 87.82
Route: 9 42 72 57 39 30 51 -9 
  9 [ 8  35: 50]
 42 [ 5  60: 65]
 72 [ 8  84: 89]
 57 [10 101:106]
 39 [ 6 300:305]
 30 [ 5 313:318]
 51 [ 6 324:329]
 -9 [ 6 347:347]

Total Cost: 1190.52
 14:208.81, 62:75 [1, 6, 3, 5, 4, -4, -5, 8, -6, -1]
 17:69.31, 39:75 [1, 9, -9, -1]
301:30.34, 6:10 [3, 41, 18, -3]
401:70.28, 9:10 [4, 15, 28, 60, 37, -4]
402:52.50, 10:10 [4, 58, 24, 45, 49, 71, 61, -4]
403:96.00, 10:10 [4, 19, 23, 55, 21, -4]
404:99.84, 9:10 [4, 52, 10, 56, 11, 50, 20, -4]
501:68.30, 10:10 [5, 16, 53, 47, 69, 29, 62, 33, -5]
601:50.72, 9:10 [6, 35, 65, 31, 32, 22, -6]
602:13.42, 4:10 [6, 34, 64, -6]
801:5.66, 3:10 [8, 36, -8]
901:148.32, 10:10 [9, 26, 59, 25, 67, 63, 46, 66, 17, 54, -9]
902:85.09, 10:10 [9, 38, 27, 13, 43, -9]
903:79.70, 5:10 [9, 14, 12, 70, 48, -9]
904:24.41, 6:10 [9, 40, 68, 44, -9]
906:87.82, 10:10 [9, 42, 72, 57, 39, 30, 51, -9]
fe: 2, se: 14

!ALNS------------
100000,1190.5215282650513,511.141,431.257,2,14,0.6733333333333333,0.7928571428571428,31.5,4.5
3 4 0 1 0 0 1 0 
8.094292380608186 13.815499323255466 9.48368410301498 11.49117368525593 14.997301121141634 11.913455107194226 12.656686096794909 26.9879372315514 
2 0 3 0 2 1 1 0 
12.215503580707848 12.002660428752781 11.049722086433361 11.718738257770553 11.286030581920716 11.210609845016018 12.878766049924284 12.257762797945704 

x[2818] = 1.0
Vehicle: 17  Cost: 69.31
Route: 1 9 -9 -1 
 1 [ 39   0:  0 [48, 17, 25, 12, 30, 42, 40, 14, 38, 46, 26, 44, 43, 27, 13, 39]]
 9 [  0  35: 35 []]
-9 [ 20  35:373 [54, 66, 59, 70, 67, 63, 68, 72, 57, 51, 50]]
-1 [ 20 407:407 [54, 66, 59, 70, 67, 63, 68, 72, 57, 51, 50]]

x[3147] = 1.0
Vehicle: 14  Cost: 208.81
Route: 1 6 3 5 4 -4 -5 8 -6 -1 
 1 [ 62   0:  0 [41, 35, 20, 15, 32, 10, 28, 31, 34, 22, 49, 37, 19, 21, 11, 18, 45, 24, 47, 29, 16, 23, 33, 36]]
 6 [ 49  33: 48 [41, 20, 15, 10, 28, 49, 37, 19, 21, 11, 18, 45, 24, 47, 29, 16, 23, 33, 36]]
 3 [ 39  69: 84 [20, 15, 10, 49, 37, 19, 21, 11, 45, 24, 47, 29, 16, 23, 33, 36]]
 5 [ 23  97:112 [20, 15, 10, 49, 37, 19, 11, 45, 24, 36]]
 4 [  3 151:151 [36]]
-4 [ 23 151:401 [58, 50, 52, 61, 71, 60, 56, 36]]
-5 [ 32 439:554 [55, 58, 50, 52, 61, 71, 60, 56, 69, 62, 53, 36]]
 8 [ 29 575:590 [58, 50, 52, 61, 71, 60, 56, 55, 69, 62, 53]]
-6 [ 34 601:616 [65, 58, 50, 52, 61, 71, 60, 64, 56, 55, 69, 62, 53]]
-1 [ 34 649:649 [65, 58, 50, 52, 61, 71, 60, 64, 56, 55, 69, 62, 53]]

y[2210] = 1.0
Vehicle: 301  Cost: 51.00
Route: 3 41 28 18 -3 
  3 [10 257:272]
 41 [ 6 286:291]
 28 [ 2 302:307]
 18 [ 0 319:324]
 -3 [ 0 338:338]

y[2965] = 1.0
Vehicle: 601  Cost: 13.42
Route: 6 64 34 -6 
  6 [ 4 487:502]
 64 [ 6 509:514]
 34 [ 2 514:519]
 -6 [ 2 525:525]

y[3674] = 1.0
Vehicle: 905  Cost: 79.70
Route: 9 14 12 70 48 -9 
  9 [ 5  35: 50]
 14 [ 4  74: 79]
 12 [ 3 300:305]
 70 [ 5 328:333]
 48 [ 2 333:338]
 -9 [ 2 356:356]

y[4275] = 1.0
Vehicle: 906  Cost: 87.82
Route: 9 42 72 57 39 30 51 -9 
  9 [ 8 143:158]
 42 [ 5 168:173]
 72 [ 8 192:197]
 57 [10 209:214]
 39 [ 6 300:305]
 30 [ 5 313:318]
 51 [ 6 324:329]
 -9 [ 6 347:347]

y[4308] = 1.0
Vehicle: 801  Cost: 5.66
Route: 8 36 -8 
  8 [ 3 582:597]
 36 [ 0 600:605]
 -8 [ 0 607:607]

y[4754] = 1.0
Vehicle: 402  Cost: 52.50
Route: 4 58 24 45 49 71 61 -4 
  4 [ 7 186:291]
 58 [10 300:305]
 24 [ 7 305:310]
 45 [ 5 318:323]
 49 [ 3 332:337]
 71 [ 7 337:342]
 61 [10 345:350]
 -4 [10 374:374]

y[4800] = 1.0
Vehicle: 902  Cost: 85.09
Route: 9 38 27 13 43 -9 
  9 [10 232:247]
 38 [ 8 272:277]
 27 [ 4 300:305]
 13 [ 3 420:425]
 43 [ 0 443:448]
 -9 [ 0 469:469]

y[5213] = 1.0
Vehicle: 401  Cost: 63.22
Route: 4 15 19 60 37 -4 
  4 [ 8  94:293]
 15 [ 4 300:305]
 19 [ 1 317:322]
 60 [ 5 346:351]
 37 [ 4 360:365]
 -4 [ 4 376:376]

y[5249] = 1.0
Vehicle: 904  Cost: 24.41
Route: 9 40 44 68 -9 
  9 [ 6 135:168]
 40 [ 3 180:185]
 44 [ 0 189:194]
 68 [ 2 194:199]
 -9 [ 2 207:207]

y[6062] = 1.0
Vehicle: 502  Cost: 35.49
Route: 5 33 23 -5 
  5 [ 6 380:395]
 33 [ 4 398:403]
 23 [ 0 418:423]
 -5 [ 0 440:440]

y[6686] = 1.0
Vehicle: 501  Cost: 113.07
Route: 5 21 55 47 69 29 62 16 53 -5 
  5 [10 264:385]
 21 [ 7 420:425]
 55 [ 8 438:443]
 47 [ 4 468:473]
 69 [ 5 473:478]
 29 [ 4 486:491]
 62 [ 8 491:496]
 16 [ 6 507:512]
 53 [ 9 512:517]
 -5 [ 9 539:539]

y[6987] = 1.0
Vehicle: 602  Cost: 50.72
Route: 6 35 65 31 32 22 -6 
  6 [ 9 122:137]
 35 [ 5 147:152]
 65 [ 8 152:157]
 31 [ 5 180:185]
 32 [ 4 300:305]
 22 [ 3 309:314]
 -6 [ 3 325:325]

y[7106] = 1.0
Vehicle: 404  Cost: 99.84
Route: 4 52 10 56 50 11 20 -4 
  4 [ 5 203:218]
 52 [ 8 238:243]
 10 [ 7 270:275]
 56 [ 9 300:305]
 50 [10 316:321]
 11 [ 7 321:326]
 20 [ 6 345:350]
 -4 [ 6 357:357]

y[7289] = 1.0
Vehicle: 901  Cost: 148.32
Route: 9 26 25 59 67 63 46 66 17 54 -9 
  9 [10 135:161]
 26 [ 7 180:185]
 25 [ 4 227:232]
 59 [ 6 232:237]
 67 [ 7 263:268]
 63 [10 274:279]
 46 [ 8 292:297]
 66 [ 9 301:306]
 17 [ 7 327:332]
 54 [ 9 332:337]
 -9 [ 9 355:355]

FE: 2
SE: 14
!MIP-----
1188.3926433831355,329.35715198516846,7.144659424880955E-5,2,14,3305,8040

Run: 2
Total Cost: 1184.85
Vehicle: 13  Cost: 105.91
Route: 1 2 -2 -1 
 1 [ 44   0:  0 [40, 18, 25, 39, 30, 28, 20, 41, 44, 43, 10, 15, 11, 26, 42, 46]]
 2 [  0  53: 53 []]
-2 [ 21  53:359 [51, 56, 72, 68, 57, 50, 59, 67, 52, 63, 66]]
-1 [ 21 412:412 [51, 56, 72, 68, 57, 50, 59, 67, 52, 63, 66]]

Vehicle: 14  Cost: 128.85
Route: 1 6 8 5 -5 -6 -1 
 1 [ 57   0:  0 [19, 33, 49, 36, 37, 24, 48, 13, 16, 32, 17, 23, 34, 31, 38, 47, 35, 45, 29, 22, 14, 27, 21, 12]]
 6 [ 30  33: 48 [19, 33, 49, 36, 37, 24, 16, 23, 47, 45, 29, 21]]
 8 [ 27  58: 73 [19, 33, 49, 37, 24, 16, 23, 47, 45, 29, 21]]
 5 [  0  94: 94 []]
-5 [ 23  94:504 [69, 60, 53, 62, 61, 71, 58, 55]]
-6 [ 32 535:550 [65, 64, 54, 69, 60, 53, 62, 61, 71, 58, 70, 55]]
-1 [ 32 583:583 [65, 64, 54, 69, 60, 53, 62, 61, 71, 58, 70, 55]]

Vehicle: 201  Cost: 124.58
Route: 2 42 44 68 40 72 10 56 -2 
  2 [10  53: 68]
 42 [ 7  89: 94]
 44 [ 4 180:185]
 68 [ 6 185:190]
 40 [ 3 194:199]
 72 [ 6 218:223]
 10 [ 5 251:256]
 56 [ 7 300:305]
 -2 [ 7 329:329]

Vehicle: 202  Cost: 53.69
Route: 2 46 66 51 39 -2 
  2 [ 6  53: 68]
 46 [ 4  88: 93]
 66 [ 5 300:305]
 51 [ 6 315:320]
 39 [ 2 328:333]
 -2 [ 2 344:344]

Vehicle: 203  Cost: 30.70
Route: 2 52 57 11 50 -2 
  2 [ 3  53: 68]
 52 [ 6  80: 85]
 57 [ 8  89: 94]
 11 [ 5 300:305]
 50 [ 6 305:310]
 -2 [ 6 323:323]

Vehicle: 204  Cost: 55.03
Route: 2 59 25 15 20 -2 
  2 [ 8  53:154]
 59 [10 180:185]
 25 [ 7 185:190]
 15 [ 3 300:305]
 20 [ 2 310:315]
 -2 [ 2 332:332]

Vehicle: 205  Cost: 57.34
Route: 2 41 67 63 18 28 -2 
  2 [10  53: 68]
 41 [ 6  87: 92]
 67 [ 7  92: 97]
 63 [10 103:108]
 18 [ 8 300:305]
 28 [ 4 317:322]
 -2 [ 4 338:338]

Vehicle: 206  Cost: 45.40
Route: 2 26 43 30 -2 
  2 [ 7  53:163]
 26 [ 4 180:185]
 43 [ 1 420:425]
 30 [ 0 438:443]
 -2 [ 0 452:452]

Vehicle: 501  Cost: 124.33
Route: 5 19 58 24 45 71 49 61 -5 
  5 [10  94:275]
 19 [ 7 300:305]
 58 [10 327:332]
 24 [ 7 332:337]
 45 [ 5 345:350]
 71 [ 9 359:364]
 49 [ 7 364:369]
 61 [10 373:378]
 -5 [10 435:435]

Vehicle: 503  Cost: 68.00
Route: 5 29 62 47 69 16 53 -5 
  5 [ 7  94:276]
 29 [ 6 300:305]
 62 [10 305:310]
 47 [ 6 420:425]
 69 [ 7 425:430]
 16 [ 5 444:449]
 53 [ 8 449:454]
 -5 [ 8 476:476]

Vehicle: 504  Cost: 128.64
Route: 5 23 37 60 21 55 33 -5 
  5 [10  94:283]
 23 [ 6 300:305]
 37 [ 5 335:340]
 60 [ 9 348:353]
 21 [ 6 420:425]
 55 [ 7 438:443]
 33 [ 5 481:486]
 -5 [ 5 489:489]

Vehicle: 601  Cost: 150.33
Route: 6 38 14 12 70 48 17 54 13 -6 
  6 [10  33: 48]
 38 [ 8  86: 91]
 14 [ 7 115:120]
 12 [ 6 300:305]
 70 [ 8 328:333]
 48 [ 5 333:338]
 17 [ 3 353:358]
 54 [ 5 358:363]
 13 [ 4 420:425]
 -6 [ 4 457:457]

Vehicle: 602  Cost: 74.21
Route: 6 31 27 32 22 -6 
  6 [ 9  33:157]
 31 [ 6 180:185]
 27 [ 2 300:305]
 32 [ 1 324:329]
 22 [ 0 333:338]
 -6 [ 0 349:349]

Vehicle: 603  Cost: 32.17
Route: 6 35 65 34 64 -6 
  6 [ 8  33: 48]
 35 [ 4  58: 63]
 65 [ 7  63: 68]
 34 [ 3 300:305]
 64 [ 5 305:310]
 -6 [ 5 317:317]

Vehicle: 801  Cost: 5.66
Route: 8 36 -8 
  8 [ 3  58:297]
 36 [ 0 300:305]
 -8 [ 0 308:308]

Total Cost: 1184.85
 13:105.91, 44:75 [1, 2, -2, -1]
 14:128.85, 57:75 [1, 6, 8, 5, -5, -6, -1]
201:124.58, 10:10 [2, 42, 44, 68, 40, 72, 10, 56, -2]
202:53.69, 6:10 [2, 46, 66, 51, 39, -2]
203:30.70, 8:10 [2, 52, 57, 11, 50, -2]
204:55.03, 10:10 [2, 59, 25, 15, 20, -2]
205:57.34, 10:10 [2, 41, 67, 63, 18, 28, -2]
206:45.40, 7:10 [2, 26, 43, 30, -2]
501:124.33, 10:10 [5, 19, 58, 24, 45, 71, 49, 61, -5]
503:68.00, 10:10 [5, 29, 62, 47, 69, 16, 53, -5]
504:128.64, 10:10 [5, 23, 37, 60, 21, 55, 33, -5]
601:150.33, 10:10 [6, 38, 14, 12, 70, 48, 17, 54, 13, -6]
602:74.21, 9:10 [6, 31, 27, 32, 22, -6]
603:32.17, 8:10 [6, 35, 65, 34, 64, -6]
801:5.66, 3:10 [8, 36, -8]
fe: 2, se: 13

!ALNS------------
100000,1184.8457515987177,600.791,241.42,2,13,0.6733333333333333,0.8538461538461538,31.5,4.846153846153846
1 21 9 4 0 1 2 0 
8.18972802973818 15.848556022497526 9.354529229853561 9.90638899163926 24.95682196164259 18.289316107917774 11.666599680544495 31.923919188675715 
5 2 2 6 4 6 7 6 
11.403375805517452 11.692790623998043 11.370823274747853 10.955687874728953 13.212778686206404 12.563925418389413 14.277578722002485 12.461128520926275 

x[2001] = 1.0
Vehicle: 14  Cost: 128.85
Route: 1 6 8 5 -5 -6 -1 
 1 [ 57   0:  0 [24, 35, 14, 34, 21, 22, 31, 12, 38, 17, 48, 32, 37, 13, 27, 36, 19, 49, 45, 47, 29, 16, 23, 33]]
 6 [ 30  33: 48 [24, 21, 37, 36, 19, 49, 45, 47, 29, 16, 23, 33]]
 8 [ 27  58: 73 [24, 21, 37, 19, 49, 45, 47, 29, 16, 23, 33]]
 5 [  0  94: 94 []]
-5 [ 23  94:601 [71, 58, 61, 55, 60, 69, 62, 53]]
-6 [ 32 632:647 [65, 71, 58, 61, 55, 70, 54, 64, 60, 69, 62, 53]]
-1 [ 32 681:681 [65, 71, 58, 61, 55, 70, 54, 64, 60, 69, 62, 53]]

x[3215] = 1.0
Vehicle: 13  Cost: 105.91
Route: 1 2 -2 -1 
 1 [ 44   0:  0 [42, 44, 40, 18, 15, 41, 30, 46, 25, 26, 10, 39, 28, 11, 20, 43]]
 2 [  0  53: 53 []]
-2 [ 21  53:367 [66, 59, 51, 50, 72, 56, 67, 68, 52, 57, 63]]
-1 [ 21 420:420 [66, 59, 51, 50, 72, 56, 67, 68, 52, 57, 63]]

y[460] = 1.0
Vehicle: 206  Cost: 45.40
Route: 2 26 43 30 -2 
  2 [ 7 158:173]
 26 [ 4 190:195]
 43 [ 1 420:425]
 30 [ 0 438:443]
 -2 [ 0 452:452]

y[552] = 1.0
Vehicle: 206  Cost: 53.69
Route: 2 46 66 51 39 -2 
  2 [ 6 245:260]
 46 [ 4 281:286]
 66 [ 5 300:305]
 51 [ 6 315:320]
 39 [ 2 328:333]
 -2 [ 2 344:344]

y[2741] = 1.0
Vehicle: 203  Cost: 30.70
Route: 2 52 57 11 50 -2 
  2 [ 3 245:260]
 52 [ 6 272:277]
 57 [ 8 282:287]
 11 [ 5 300:305]
 50 [ 6 305:310]
 -2 [ 6 323:323]

y[3259] = 1.0
Vehicle: 801  Cost: 5.66
Route: 8 36 -8 
  8 [ 3 581:596]
 36 [ 0 599:604]
 -8 [ 0 607:607]

y[3590] = 1.0
Vehicle: 601  Cost: 74.21
Route: 6 31 27 32 22 -6 
  6 [ 9  33:157]
 31 [ 6 180:185]
 27 [ 2 300:305]
 32 [ 1 324:329]
 22 [ 0 333:338]
 -6 [ 0 349:349]

y[4064] = 1.0
Vehicle: 504  Cost: 128.64
Route: 5 23 37 60 21 55 33 -5 
  5 [10 313:328]
 23 [ 6 346:351]
 37 [ 5 381:386]
 60 [ 9 394:399]
 21 [ 6 420:425]
 55 [ 7 438:443]
 33 [ 5 481:486]
 -5 [ 5 489:489]

y[4541] = 1.0
Vehicle: 502  Cost: 68.00
Route: 5 16 53 69 47 29 62 -5 
  5 [ 7 115:398]
 16 [ 5 420:425]
 53 [ 8 425:430]
 69 [ 9 444:449]
 47 [ 5 449:454]
 29 [ 4 462:467]
 62 [ 8 467:472]
 -5 [ 8 496:496]

y[4689] = 1.0
Vehicle: 603  Cost: 32.17
Route: 6 35 65 34 64 -6 
  6 [ 8  99:114]
 35 [ 4 124:129]
 65 [ 7 129:134]
 34 [ 3 300:305]
 64 [ 5 305:310]
 -6 [ 5 317:317]

y[4960] = 1.0
Vehicle: 205  Cost: 57.34
Route: 2 41 67 63 18 28 -2 
  2 [10 245:260]
 41 [ 6 279:284]
 67 [ 7 284:289]
 63 [10 296:301]
 18 [ 8 305:310]
 28 [ 4 322:327]
 -2 [ 4 343:343]

y[5715] = 1.0
Vehicle: 201  Cost: 124.58
Route: 2 42 68 44 40 72 10 56 -2 
  2 [10 133:148]
 42 [ 7 170:175]
 68 [ 9 187:192]
 44 [ 6 192:197]
 40 [ 3 200:205]
 72 [ 6 225:230]
 10 [ 5 258:263]
 56 [ 7 300:305]
 -2 [ 7 329:329]

y[6009] = 1.0
Vehicle: 204  Cost: 55.03
Route: 2 25 59 15 20 -2 
  2 [ 8 249:264]
 25 [ 5 290:295]
 59 [ 7 295:300]
 15 [ 3 307:312]
 20 [ 2 317:322]
 -2 [ 2 339:339]

y[6247] = 1.0
Vehicle: 601  Cost: 150.33
Route: 6 38 14 12 70 48 17 54 13 -6 
  6 [10  99:114]
 38 [ 8 152:157]
 14 [ 7 180:185]
 12 [ 6 300:305]
 70 [ 8 328:333]
 48 [ 5 333:338]
 17 [ 3 353:358]
 54 [ 5 358:363]
 13 [ 4 420:425]
 -6 [ 4 457:457]

y[6305] = 1.0
Vehicle: 501  Cost: 124.33
Route: 5 19 24 58 45 71 49 61 -5 
  5 [10 344:359]
 19 [ 7 384:389]
 24 [ 4 411:416]
 58 [ 7 416:421]
 45 [ 5 429:434]
 71 [ 9 443:448]
 49 [ 7 448:453]
 61 [10 456:461]
 -5 [10 518:518]

FE: 2
SE: 13
!MIP-----
1184.8457515987177,302.726233959198,9.64122422328884E-5,2,13,4164,6318

Run: 3
Total Cost: 1194.63
Vehicle: 11  Cost: 206.52
Route: 1 6 8 5 4 -4 -5 -6 -1 
 1 [ 61   0:  0 [49, 29, 47, 16, 22, 35, 31, 24, 20, 33, 25, 18, 37, 10, 28, 11, 34, 36, 45, 15, 19, 23, 32, 21]]
 6 [ 48  33: 48 [49, 29, 47, 16, 24, 20, 33, 25, 18, 37, 10, 28, 11, 36, 45, 15, 19, 23, 21]]
 8 [ 45  58: 73 [49, 29, 47, 16, 24, 20, 33, 25, 18, 37, 10, 28, 11, 45, 15, 19, 23, 21]]
 5 [ 29  94:109 [49, 24, 20, 25, 18, 37, 10, 28, 11, 45, 15, 19]]
 4 [  0 148:148 []]
-4 [ 17 148:417 [58, 56, 71, 60, 61, 50]]
-5 [ 26 456:504 [53, 62, 69, 58, 55, 56, 71, 60, 61, 50]]
-6 [ 31 535:550 [65, 53, 62, 69, 58, 55, 56, 71, 60, 64, 61, 50]]
-1 [ 31 583:583 [65, 53, 62, 69, 58, 55, 56, 71, 60, 64, 61, 50]]

Vehicle: 15  Cost: 69.31
Route: 1 9 -9 -1 
 1 [ 40   0:  0 [44, 39, 26, 30, 40, 41, 38, 43, 46, 14, 42, 27, 12, 48, 13, 17]]
 9 [  0  35: 35 []]
-9 [ 22  35:373 [54, 68, 51, 57, 63, 67, 70, 72, 52, 66, 59]]
-1 [ 22 408:408 [54, 68, 51, 57, 63, 67, 70, 72, 52, 66, 59]]

Vehicle: 401  Cost: 58.87
Route: 4 25 24 58 45 71 49 61 -4 
  4 [10 148:176]
 25 [ 7 180:185]
 24 [ 4 300:305]
 58 [ 7 305:310]
 45 [ 5 318:323]
 71 [ 9 332:337]
 49 [ 7 337:342]
 61 [10 345:350]
 -4 [10 374:374]

Vehicle: 403  Cost: 93.88
Route: 4 28 18 19 60 37 -4 
  4 [10 148:283]
 28 [ 6 300:305]
 18 [ 4 317:322]
 19 [ 1 343:348]
 60 [ 5 372:377]
 37 [ 4 385:390]
 -4 [ 4 402:402]

Vehicle: 405  Cost: 93.02
Route: 4 10 56 11 50 20 15 -4 
  4 [ 9 148:163]
 10 [ 8 198:203]
 56 [10 300:305]
 11 [ 7 316:321]
 50 [ 8 321:326]
 20 [ 7 345:350]
 15 [ 3 355:360]
 -4 [ 3 367:367]

Vehicle: 501  Cost: 68.00
Route: 5 29 62 47 69 16 53 -5 
  5 [ 7  94:276]
 29 [ 6 300:305]
 62 [10 305:310]
 47 [ 6 420:425]
 69 [ 7 425:430]
 16 [ 5 444:449]
 53 [ 8 449:454]
 -5 [ 8 476:476]

Vehicle: 502  Cost: 88.50
Route: 5 23 21 55 33 -5 
  5 [ 9  94:283]
 23 [ 5 300:305]
 21 [ 2 420:425]
 55 [ 3 438:443]
 33 [ 1 481:486]
 -5 [ 1 489:489]

Vehicle: 601  Cost: 50.72
Route: 6 35 65 31 32 22 -6 
  6 [ 9  33: 48]
 35 [ 5  58: 63]
 65 [ 8  63: 68]
 31 [ 5 180:185]
 32 [ 4 300:305]
 22 [ 3 309:314]
 -6 [ 3 325:325]

Vehicle: 602  Cost: 13.42
Route: 6 34 64 -6 
  6 [ 4  33:293]
 34 [ 0 300:305]
 64 [ 2 305:310]
 -6 [ 2 317:317]

Vehicle: 801  Cost: 5.66
Route: 8 36 -8 
  8 [ 3  58:297]
 36 [ 0 300:305]
 -8 [ 0 308:308]

Vehicle: 901  Cost: 85.09
Route: 9 38 27 13 43 -9 
  9 [10  35: 50]
 38 [ 8  75: 80]
 27 [ 4 300:305]
 13 [ 3 420:425]
 43 [ 0 443:448]
 -9 [ 0 469:469]

Vehicle: 903  Cost: 69.46
Route: 9 14 48 70 17 54 -9 
  9 [ 6  35: 50]
 14 [ 5  74: 79]
 48 [ 2 300:305]
 70 [ 4 305:310]
 17 [ 2 325:330]
 54 [ 4 330:335]
 -9 [ 4 353:353]

Vehicle: 904  Cost: 151.78
Route: 9 26 46 63 41 67 59 52 30 66 -9 
  9 [10  35:161]
 26 [ 7 180:185]
 46 [ 5 196:201]
 63 [ 8 214:219]
 41 [ 4 225:230]
 67 [ 5 230:235]
 59 [ 7 261:266]
 52 [10 289:294]
 30 [ 9 313:318]
 66 [10 328:333]
 -9 [10 358:358]

Vehicle: 905  Cost: 58.66
Route: 9 68 44 40 12 -9 
  9 [ 7  35:171]
 68 [ 9 180:185]
 44 [ 6 185:190]
 40 [ 3 194:199]
 12 [ 2 300:305]
 -9 [ 2 329:329]

Vehicle: 906  Cost: 81.74
Route: 9 42 72 57 39 51 -9 
  9 [ 7  35: 50]
 42 [ 4  60: 65]
 72 [ 7  84: 89]
 57 [ 9 101:106]
 39 [ 5 300:305]
 51 [ 6 313:318]
 -9 [ 6 336:336]

Total Cost: 1194.63
 11:206.52, 61:75 [1, 6, 8, 5, 4, -4, -5, -6, -1]
 15:69.31, 40:75 [1, 9, -9, -1]
401:58.87, 10:10 [4, 25, 24, 58, 45, 71, 49, 61, -4]
403:93.88, 10:10 [4, 28, 18, 19, 60, 37, -4]
405:93.02, 10:10 [4, 10, 56, 11, 50, 20, 15, -4]
501:68.00, 10:10 [5, 29, 62, 47, 69, 16, 53, -5]
502:88.50, 9:10 [5, 23, 21, 55, 33, -5]
601:50.72, 9:10 [6, 35, 65, 31, 32, 22, -6]
602:13.42, 4:10 [6, 34, 64, -6]
801:5.66, 3:10 [8, 36, -8]
901:85.09, 10:10 [9, 38, 27, 13, 43, -9]
903:69.46, 6:10 [9, 14, 48, 70, 17, 54, -9]
904:151.78, 10:10 [9, 26, 46, 63, 41, 67, 59, 52, 30, 66, -9]
905:58.66, 9:10 [9, 68, 44, 40, 12, -9]
906:81.74, 9:10 [9, 42, 72, 57, 39, 51, -9]
fe: 2, se: 13

!ALNS------------
100000,1194.6289803388304,378.548,293.012,2,13,0.6733333333333333,0.8384615384615385,31.5,4.846153846153846
7 10 5 6 0 2 1 0 
9.070473651030245 16.38116478078112 11.119959163344745 10.745168728920351 23.43794569337294 19.091586781072227 14.555714993268639 27.52589655804645 
3 2 3 4 5 3 7 4 
13.512706549579626 12.279258961884866 14.543736998999016 13.810754813180111 13.894422348905442 11.386913579618241 13.398218254893846 14.829152027588643 

x[1529] = 1.0
Vehicle: 11  Cost: 206.52
Route: 1 6 8 5 4 -4 -5 -6 -1 
 1 [ 61   0:  0 [18, 29, 25, 37, 24, 33, 45, 28, 31, 16, 35, 22, 23, 49, 15, 11, 20, 47, 32, 36, 34, 19, 10, 21]]
 6 [ 48  33: 48 [18, 29, 25, 37, 24, 33, 45, 28, 16, 23, 49, 15, 11, 20, 47, 36, 19, 10, 21]]
 8 [ 45  58: 73 [18, 29, 25, 37, 24, 33, 45, 28, 16, 23, 49, 15, 11, 20, 47, 19, 10, 21]]
 5 [ 26  94:109 [25, 37, 24, 45, 49, 15, 11, 20, 19, 10, 21]]
 4 [  0 148:148 []]
-4 [ 18 148:549 [58, 55, 71, 61, 60, 50, 56]]
-5 [ 26 588:603 [69, 58, 62, 55, 71, 61, 53, 60, 50, 56]]
-6 [ 31 634:649 [65, 69, 58, 64, 62, 55, 71, 61, 53, 60, 50, 56]]
-1 [ 31 682:682 [69, 65, 58, 64, 62, 55, 71, 61, 53, 60, 50, 56]]

x[3692] = 1.0
Vehicle: 15  Cost: 69.31
Route: 1 9 -9 -1 
 1 [ 40   0:  0 [40, 48, 46, 38, 26, 30, 39, 17, 42, 43, 41, 44, 27, 14, 13, 12]]
 9 [  0  35: 35 []]
-9 [ 22  35:385 [67, 72, 66, 63, 70, 57, 59, 51, 68, 54, 52]]
-1 [ 22 420:420 [67, 72, 66, 63, 70, 57, 59, 51, 68, 54, 52]]

y[78] = 1.0
Vehicle: 801  Cost: 5.66
Route: 8 36 -8 
  8 [ 3 582:597]
 36 [ 0 600:605]
 -8 [ 0 607:607]

y[198] = 1.0
Vehicle: 904  Cost: 151.78
Route: 9 26 46 63 67 41 59 52 30 66 -9 
  9 [10  35:161]
 26 [ 7 180:185]
 46 [ 5 196:201]
 63 [ 8 214:219]
 67 [ 9 225:230]
 41 [ 5 230:235]
 59 [ 7 261:266]
 52 [10 289:294]
 30 [ 9 313:318]
 66 [10 328:333]
 -9 [10 358:358]

y[799] = 0.9999999999999999
Vehicle: 501  Cost: 68.30
Route: 5 33 29 62 47 69 53 16 -5 
  5 [ 9 180:297]
 33 [ 7 300:305]
 29 [ 6 326:331]
 62 [10 331:336]
 47 [ 6 420:425]
 69 [ 7 425:430]
 53 [10 444:449]
 16 [ 8 449:454]
 -5 [ 8 476:476]

y[1034] = 1.0
Vehicle: 502  Cost: 71.32
Route: 5 23 28 18 -5 
  5 [10 379:394]
 23 [ 6 411:416]
 28 [ 2 438:443]
 18 [ 0 455:460]
 -5 [ 0 480:480]

y[1096] = 1.0
Vehicle: 405  Cost: 119.35
Route: 4 19 21 55 61 49 71 45 -4 
  4 [10 148:285]
 19 [ 7 300:305]
 21 [ 4 420:425]
 55 [ 5 438:443]
 61 [ 8 485:490]
 49 [ 6 493:498]
 71 [10 498:503]
 45 [ 8 512:517]
 -4 [ 8 534:534]

y[1827] = 1.0
Vehicle: 602  Cost: 13.42
Route: 6 34 64 -6 
  6 [ 4 573:588]
 34 [ 0 595:600]
 64 [ 2 600:605]
 -6 [ 2 611:611]

y[1985] = 1.0
Vehicle: 906  Cost: 81.74
Route: 9 42 72 57 39 51 -9 
  9 [ 7  97:112]
 42 [ 4 123:128]
 72 [ 7 146:151]
 57 [ 9 163:168]
 39 [ 5 300:305]
 51 [ 6 313:318]
 -9 [ 6 336:336]

y[3070] = 1.0
Vehicle: 905  Cost: 58.66
Route: 9 68 44 40 12 -9 
  9 [ 7 257:272]
 68 [ 9 281:286]
 44 [ 6 286:291]
 40 [ 3 295:300]
 12 [ 2 322:327]
 -9 [ 2 351:351]

y[5854] = 1.0
Vehicle: 903  Cost: 69.46
Route: 9 14 48 70 17 54 -9 
  9 [ 6 148:163]
 14 [ 5 187:192]
 48 [ 2 300:305]
 70 [ 4 305:310]
 17 [ 2 325:330]
 54 [ 4 330:335]
 -9 [ 4 353:353]

y[5974] = 1.0
Vehicle: 601  Cost: 50.72
Route: 6 35 65 31 32 22 -6 
  6 [ 9  83: 98]
 35 [ 5 108:113]
 65 [ 8 113:118]
 31 [ 5 180:185]
 32 [ 4 300:305]
 22 [ 3 309:314]
 -6 [ 3 325:325]

y[6272] = 1.0
Vehicle: 405  Cost: 93.02
Route: 4 10 56 11 50 20 15 -4 
  4 [ 9 212:227]
 10 [ 8 262:267]
 56 [10 300:305]
 11 [ 7 316:321]
 50 [ 8 321:326]
 20 [ 7 345:350]
 15 [ 3 355:360]
 -4 [ 3 367:367]

y[6599] = 1.0
Vehicle: 902  Cost: 85.09
Route: 9 38 27 13 43 -9 
  9 [10 257:272]
 38 [ 8 298:303]
 27 [ 4 311:316]
 13 [ 3 420:425]
 43 [ 0 443:448]
 -9 [ 0 469:469]

y[7047] = 1.0
Vehicle: 401  Cost: 47.60
Route: 4 25 60 37 24 58 -4 
  4 [ 7 177:192]
 25 [ 4 196:201]
 60 [ 8 300:305]
 37 [ 7 314:319]
 24 [ 4 326:331]
 58 [ 7 331:336]
 -4 [ 7 345:345]

FE: 2
SE: 13
!MIP-----
1191.9473729794033,235.92311120033264,9.343045599004388E-5,2,13,3746,8087

Run: 4
Total Cost: 1192.31
Vehicle: 11  Cost: 206.52
Route: 1 6 8 5 4 -4 -5 -6 -1 
 1 [ 56   0:  0 [34, 20, 36, 22, 49, 19, 24, 29, 33, 32, 16, 15, 21, 47, 10, 45, 31, 28, 11, 35, 23, 37]]
 6 [ 43  33: 48 [20, 36, 49, 19, 24, 29, 33, 16, 15, 21, 47, 10, 45, 28, 11, 23, 37]]
 8 [ 40  58: 73 [20, 49, 19, 24, 29, 33, 16, 15, 21, 47, 10, 45, 28, 11, 23, 37]]
 5 [ 24  94:109 [20, 49, 19, 24, 15, 10, 45, 28, 11, 37]]
 4 [  0 148:148 []]
-4 [ 17 148:390 [60, 58, 50, 56, 71, 61]]
-5 [ 26 429:511 [53, 69, 55, 62, 60, 58, 50, 56, 71, 61]]
-6 [ 31 543:558 [65, 53, 69, 64, 55, 62, 60, 58, 50, 56, 71, 61]]
-1 [ 31 591:591 [53, 65, 69, 64, 55, 62, 60, 58, 50, 56, 71, 61]]

Vehicle: 16  Cost: 69.31
Route: 1 9 -9 -1 
 1 [ 45   0:  0 [43, 17, 30, 46, 48, 38, 44, 18, 12, 42, 39, 40, 14, 13, 27, 26, 41, 25]]
 9 [  0  35: 35 []]
-9 [ 22  35:376 [51, 70, 54, 63, 67, 72, 68, 66, 59, 57, 52]]
-1 [ 22 411:411 [51, 70, 54, 63, 67, 72, 68, 66, 59, 57, 52]]

Vehicle: 401  Cost: 52.50
Route: 4 58 24 45 71 49 61 -4 
  4 [ 7 148:291]
 58 [10 300:305]
 24 [ 7 305:310]
 45 [ 5 318:323]
 71 [ 9 332:337]
 49 [ 7 337:342]
 61 [10 345:350]
 -4 [10 374:374]

Vehicle: 402  Cost: 72.44
Route: 4 28 19 60 37 -4 
  4 [ 8 148:283]
 28 [ 4 300:305]
 19 [ 1 317:322]
 60 [ 5 345:350]
 37 [ 4 359:364]
 -4 [ 4 375:375]

Vehicle: 403  Cost: 93.02
Route: 4 10 56 11 50 20 15 -4 
  4 [ 9 148:163]
 10 [ 8 198:203]
 56 [10 300:305]
 11 [ 7 316:321]
 50 [ 8 321:326]
 20 [ 7 345:350]
 15 [ 3 355:360]
 -4 [ 3 367:367]

Vehicle: 502  Cost: 68.00
Route: 5 16 53 47 69 29 62 -5 
  5 [ 7  94:398]
 16 [ 5 420:425]
 53 [ 8 425:430]
 47 [ 4 444:449]
 69 [ 5 449:454]
 29 [ 4 462:467]
 62 [ 8 467:472]
 -5 [ 8 496:496]

Vehicle: 503  Cost: 88.50
Route: 5 23 21 55 33 -5 
  5 [ 9  94:283]
 23 [ 5 300:305]
 21 [ 2 420:425]
 55 [ 3 438:443]
 33 [ 1 481:486]
 -5 [ 1 489:489]

Vehicle: 601  Cost: 50.72
Route: 6 35 65 31 32 22 -6 
  6 [ 9  33: 48]
 35 [ 5  58: 63]
 65 [ 8  63: 68]
 31 [ 5 180:185]
 32 [ 4 300:305]
 22 [ 3 309:314]
 -6 [ 3 325:325]

Vehicle: 602  Cost: 13.42
Route: 6 64 34 -6 
  6 [ 4  33:293]
 64 [ 6 300:305]
 34 [ 2 305:310]
 -6 [ 2 317:317]

Vehicle: 801  Cost: 5.66
Route: 8 36 -8 
  8 [ 3  58:297]
 36 [ 0 300:305]
 -8 [ 0 308:308]

Vehicle: 901  Cost: 75.71
Route: 9 44 68 40 12 48 70 -9 
  9 [10  35:171]
 44 [ 7 180:185]
 68 [ 9 185:190]
 40 [ 6 194:199]
 12 [ 5 300:305]
 48 [ 2 328:333]
 70 [ 4 333:338]
 -9 [ 4 356:356]

Vehicle: 902  Cost: 89.29
Route: 9 14 38 27 17 54 -9 
  9 [ 9  35: 50]
 14 [ 8  74: 79]
 38 [ 6 102:107]
 27 [ 2 300:305]
 17 [ 0 322:327]
 54 [ 2 327:332]
 -9 [ 2 349:349]

Vehicle: 903  Cost: 95.76
Route: 9 46 63 41 67 18 66 51 -9 
  9 [ 8  35: 50]
 46 [ 6  78: 83]
 63 [ 9  95:100]
 41 [ 5 107:112]
 67 [ 6 112:117]
 18 [ 4 300:305]
 66 [ 5 323:328]
 51 [ 6 338:343]
 -9 [ 6 361:361]

Vehicle: 904  Cost: 82.23
Route: 9 39 30 43 13 -9 
  9 [ 9  35:279]
 39 [ 5 300:305]
 30 [ 4 313:318]
 43 [ 1 420:425]
 13 [ 0 443:448]
 -9 [ 0 470:470]

Vehicle: 906  Cost: 129.22
Route: 9 42 26 25 59 52 57 72 -9 
  9 [ 9  35: 50]
 42 [ 6  60: 65]
 26 [ 3 180:185]
 25 [ 0 227:232]
 59 [ 2 232:237]
 52 [ 5 260:265]
 57 [ 7 269:274]
 72 [10 286:291]
 -9 [10 317:317]

Total Cost: 1192.31
 11:206.52, 56:75 [1, 6, 8, 5, 4, -4, -5, -6, -1]
 16:69.31, 45:75 [1, 9, -9, -1]
401:52.50, 10:10 [4, 58, 24, 45, 71, 49, 61, -4]
402:72.44, 8:10 [4, 28, 19, 60, 37, -4]
403:93.02, 10:10 [4, 10, 56, 11, 50, 20, 15, -4]
502:68.00, 8:10 [5, 16, 53, 47, 69, 29, 62, -5]
503:88.50, 9:10 [5, 23, 21, 55, 33, -5]
601:50.72, 9:10 [6, 35, 65, 31, 32, 22, -6]
602:13.42, 6:10 [6, 64, 34, -6]
801:5.66, 3:10 [8, 36, -8]
901:75.71, 10:10 [9, 44, 68, 40, 12, 48, 70, -9]
902:89.29, 9:10 [9, 14, 38, 27, 17, 54, -9]
903:95.76, 9:10 [9, 46, 63, 41, 67, 18, 66, 51, -9]
904:82.23, 9:10 [9, 39, 30, 43, 13, -9]
906:129.22, 10:10 [9, 42, 26, 25, 59, 52, 57, 72, -9]
fe: 2, se: 13

!ALNS------------
100000,1192.312325950572,438.898,420.751,2,13,0.6733333333333333,0.8461538461538461,31.5,4.846153846153846
6 6 1 4 0 2 1 0 
7.965403830902112 14.024369481708899 8.385529798335861 9.090149116239548 13.242797362253214 13.841474343959675 10.87225322356716 38.56170223091366 
3 2 3 1 0 0 6 5 
11.65923499090134 11.027535123906377 11.077748475791275 10.062583879824716 12.571420196661428 11.619711149455405 11.628640208929202 10.374795585805632 

x[701] = 1.0
Vehicle: 14  Cost: 128.85
Route: 1 6 8 5 -5 -6 -1 
 1 [ 62   0:  0 [33, 19, 23, 22, 45, 43, 47, 21, 24, 12, 34, 32, 29, 36, 37, 35, 46, 14, 16, 49, 48, 38, 27, 17, 13, 31]]
 6 [ 30  33: 48 [33, 19, 23, 45, 47, 21, 24, 29, 36, 37, 16, 49]]
 8 [ 27  58: 73 [33, 19, 23, 45, 47, 21, 24, 29, 37, 16, 49]]
 5 [  0  94: 94 []]
-5 [ 23  94:511 [53, 62, 55, 60, 61, 69, 71, 58]]
-6 [ 33 543:558 [65, 70, 53, 62, 55, 60, 61, 54, 69, 64, 71, 58, 66]]
-1 [ 33 591:591 [65, 70, 53, 62, 55, 60, 61, 54, 69, 64, 71, 58, 66]]

x[1387] = 1.0
Vehicle: 12  Cost: 105.91
Route: 1 2 -2 -1 
 1 [ 39   0:  0 [20, 18, 39, 30, 15, 10, 11, 28, 41, 44, 25, 40, 42, 26]]
 2 [  0  53: 53 []]
-2 [ 24  53:364 [52, 50, 56, 68, 57, 63, 51, 60, 59, 67, 72]]
-1 [ 24 417:417 [52, 50, 56, 68, 57, 63, 51, 60, 59, 67, 72]]

y[7] = 1.0
Vehicle: 801  Cost: 5.66
Route: 8 36 -8 
  8 [ 3 551:566]
 36 [ 0 569:574]
 -8 [ 0 577:577]

y[8] = 1.0
Vehicle: 202  Cost: 30.70
Route: 2 52 57 50 11 -2 
  2 [ 3 133:148]
 52 [ 6 160:165]
 57 [ 8 169:174]
 50 [ 9 300:305]
 11 [ 6 305:310]
 -2 [ 6 323:323]

y[162] = 1.0
Vehicle: 502  Cost: 68.00
Route: 5 29 62 47 69 16 53 -5 
  5 [ 7 284:299]
 29 [ 6 323:328]
 62 [10 328:333]
 47 [ 6 420:425]
 69 [ 7 425:430]
 16 [ 5 444:449]
 53 [ 8 449:454]
 -5 [ 8 476:476]

y[169] = 1.0
Vehicle: 201  Cost: 57.34
Route: 2 41 67 63 18 28 -2 
  2 [10 133:148]
 41 [ 6 167:172]
 67 [ 7 172:177]
 63 [10 184:189]
 18 [ 8 300:305]
 28 [ 4 317:322]
 -2 [ 4 338:338]

y[184] = 1.0
Vehicle: 503  Cost: 124.33
Route: 5 19 24 58 45 49 71 61 -5 
  5 [10 277:292]
 19 [ 7 317:322]
 24 [ 4 344:349]
 58 [ 7 349:354]
 45 [ 5 362:367]
 49 [ 3 376:381]
 71 [ 7 381:386]
 61 [10 389:394]
 -5 [10 451:451]

y[694] = 1.0
Vehicle: 202  Cost: 124.58
Route: 2 42 68 44 40 72 10 56 -2 
  2 [10  53: 68]
 42 [ 7  89: 94]
 68 [ 9 180:185]
 44 [ 6 185:190]
 40 [ 3 194:199]
 72 [ 6 218:223]
 10 [ 5 251:256]
 56 [ 7 300:305]
 -2 [ 7 329:329]

y[1364] = 1.0
Vehicle: 501  Cost: 128.64
Route: 5 23 37 60 21 55 33 -5 
  5 [10 293:308]
 23 [ 6 326:331]
 37 [ 5 360:365]
 60 [ 9 374:379]
 21 [ 6 420:425]
 55 [ 7 438:443]
 33 [ 5 481:486]
 -5 [ 5 489:489]

y[2893] = 1.0
Vehicle: 201  Cost: 46.12
Route: 2 26 51 39 30 -2 
  2 [ 8 246:261]
 26 [ 5 278:283]
 51 [ 6 300:305]
 39 [ 2 313:318]
 30 [ 1 326:331]
 -2 [ 1 340:340]

y[4553] = 1.0
Vehicle: 601  Cost: 74.21
Route: 6 31 27 32 22 -6 
  6 [ 9  33:157]
 31 [ 6 180:185]
 27 [ 2 300:305]
 32 [ 1 324:329]
 22 [ 0 333:338]
 -6 [ 0 349:349]

y[4652] = 1.0
Vehicle: 601  Cost: 20.40
Route: 6 35 65 -6 
  6 [ 4  33: 48]
 35 [ 0  58: 63]
 65 [ 3  63: 68]
 -6 [ 3  79: 79]

y[5448] = 1.0
Vehicle: 602  Cost: 150.33
Route: 6 38 14 12 48 70 17 54 13 -6 
  6 [10  33: 48]
 38 [ 8  86: 91]
 14 [ 7 115:120]
 12 [ 6 300:305]
 48 [ 3 328:333]
 70 [ 5 333:338]
 17 [ 3 353:358]
 54 [ 5 358:363]
 13 [ 4 420:425]
 -6 [ 4 457:457]

y[5893] = 1.0
Vehicle: 602  Cost: 65.70
Route: 6 46 66 43 64 34 -6 
  6 [ 9  33: 48]
 46 [ 7  74: 79]
 66 [ 8 300:305]
 43 [ 5 420:425]
 64 [ 7 449:454]
 34 [ 3 454:459]
 -6 [ 3 465:465]

y[6628] = 1.0
Vehicle: 204  Cost: 55.03
Route: 2 25 59 15 20 -2 
  2 [ 8 250:265]
 25 [ 5 290:295]
 59 [ 7 295:300]
 15 [ 3 307:312]
 20 [ 2 317:322]
 -2 [ 2 340:340]

FE: 2
SE: 13
!MIP-----
1185.7856359850875,161.51849699020386,9.685825886905308E-5,2,13,2735,7045

Run: 5
Total Cost: 1184.85
Vehicle: 11  Cost: 105.91
Route: 1 2 -2 -1 
 1 [ 44   0:  0 [40, 18, 15, 42, 26, 25, 41, 28, 30, 39, 46, 10, 44, 11, 20, 43]]
 2 [  0  53: 53 []]
-2 [ 21  53:359 [50, 72, 51, 52, 57, 56, 66, 68, 59, 67, 63]]
-1 [ 21 412:412 [50, 72, 51, 52, 57, 56, 66, 68, 59, 67, 63]]

Vehicle: 15  Cost: 128.85
Route: 1 6 8 5 -5 -6 -1 
 1 [ 57   0:  0 [35, 16, 29, 49, 33, 19, 22, 48, 17, 38, 34, 24, 37, 36, 47, 45, 21, 23, 14, 31, 32, 27, 12, 13]]
 6 [ 30  33: 48 [16, 29, 49, 33, 19, 24, 37, 36, 47, 45, 21, 23]]
 8 [ 27  58: 73 [16, 29, 49, 33, 19, 24, 37, 47, 45, 21, 23]]
 5 [  0  94: 94 []]
-5 [ 23  94:511 [69, 58, 53, 71, 60, 61, 62, 55]]
-6 [ 32 543:558 [65, 64, 69, 58, 53, 71, 60, 54, 70, 61, 62, 55]]
-1 [ 32 591:591 [65, 64, 69, 58, 53, 71, 60, 54, 70, 61, 62, 55]]

Vehicle: 201  Cost: 30.70
Route: 2 52 57 11 50 -2 
  2 [ 3  53: 68]
 52 [ 6  80: 85]
 57 [ 8  89: 94]
 11 [ 5 300:305]
 50 [ 6 305:310]
 -2 [ 6 323:323]

Vehicle: 202  Cost: 124.58
Route: 2 42 44 68 40 72 10 56 -2 
  2 [10  53: 68]
 42 [ 7  89: 94]
 44 [ 4 180:185]
 68 [ 6 185:190]
 40 [ 3 194:199]
 72 [ 6 218:223]
 10 [ 5 251:256]
 56 [ 7 300:305]
 -2 [ 7 329:329]

Vehicle: 203  Cost: 53.69
Route: 2 46 66 51 39 -2 
  2 [ 6  53: 68]
 46 [ 4  88: 93]
 66 [ 5 300:305]
 51 [ 6 315:320]
 39 [ 2 328:333]
 -2 [ 2 344:344]

Vehicle: 204  Cost: 55.03
Route: 2 59 25 15 20 -2 
  2 [ 8  53:154]
 59 [10 180:185]
 25 [ 7 185:190]
 15 [ 3 300:305]
 20 [ 2 310:315]
 -2 [ 2 332:332]

Vehicle: 205  Cost: 45.40
Route: 2 26 43 30 -2 
  2 [ 7  53:163]
 26 [ 4 180:185]
 43 [ 1 420:425]
 30 [ 0 438:443]
 -2 [ 0 452:452]

Vehicle: 206  Cost: 57.34
Route: 2 41 67 63 18 28 -2 
  2 [10  53: 68]
 41 [ 6  87: 92]
 67 [ 7  92: 97]
 63 [10 103:108]
 18 [ 8 300:305]
 28 [ 4 317:322]
 -2 [ 4 338:338]

Vehicle: 501  Cost: 68.00
Route: 5 53 16 47 69 62 29 -5 
  5 [ 7  94:398]
 53 [10 420:425]
 16 [ 8 425:430]
 47 [ 4 444:449]
 69 [ 5 449:454]
 62 [ 9 462:467]
 29 [ 8 467:472]
 -5 [ 8 496:496]

Vehicle: 502  Cost: 124.33
Route: 5 19 24 58 45 71 49 61 -5 
  5 [10  94:275]
 19 [ 7 300:305]
 24 [ 4 327:332]
 58 [ 7 332:337]
 45 [ 5 345:350]
 71 [ 9 359:364]
 49 [ 7 364:369]
 61 [10 373:378]
 -5 [10 435:435]

Vehicle: 503  Cost: 128.64
Route: 5 23 37 60 21 55 33 -5 
  5 [10  94:283]
 23 [ 6 300:305]
 37 [ 5 335:340]
 60 [ 9 348:353]
 21 [ 6 420:425]
 55 [ 7 438:443]
 33 [ 5 481:486]
 -5 [ 5 489:489]

Vehicle: 601  Cost: 32.17
Route: 6 35 65 34 64 -6 
  6 [ 8  33: 48]
 35 [ 4  58: 63]
 65 [ 7  63: 68]
 34 [ 3 300:305]
 64 [ 5 305:310]
 -6 [ 5 317:317]

Vehicle: 602  Cost: 74.21
Route: 6 31 27 32 22 -6 
  6 [ 9  33:157]
 31 [ 6 180:185]
 27 [ 2 300:305]
 32 [ 1 324:329]
 22 [ 0 333:338]
 -6 [ 0 349:349]

Vehicle: 603  Cost: 150.33
Route: 6 38 14 12 70 48 17 54 13 -6 
  6 [10  33: 48]
 38 [ 8  86: 91]
 14 [ 7 115:120]
 12 [ 6 300:305]
 70 [ 8 328:333]
 48 [ 5 333:338]
 17 [ 3 353:358]
 54 [ 5 358:363]
 13 [ 4 420:425]
 -6 [ 4 457:457]

Vehicle: 801  Cost: 5.66
Route: 8 36 -8 
  8 [ 3  58:297]
 36 [ 0 300:305]
 -8 [ 0 308:308]

Total Cost: 1184.85
 11:105.91, 44:75 [1, 2, -2, -1]
 15:128.85, 57:75 [1, 6, 8, 5, -5, -6, -1]
201:30.70, 8:10 [2, 52, 57, 11, 50, -2]
202:124.58, 10:10 [2, 42, 44, 68, 40, 72, 10, 56, -2]
203:53.69, 6:10 [2, 46, 66, 51, 39, -2]
204:55.03, 10:10 [2, 59, 25, 15, 20, -2]
205:45.40, 7:10 [2, 26, 43, 30, -2]
206:57.34, 10:10 [2, 41, 67, 63, 18, 28, -2]
501:68.00, 10:10 [5, 53, 16, 47, 69, 62, 29, -5]
502:124.33, 10:10 [5, 19, 24, 58, 45, 71, 49, 61, -5]
503:128.64, 10:10 [5, 23, 37, 60, 21, 55, 33, -5]
601:32.17, 8:10 [6, 35, 65, 34, 64, -6]
602:74.21, 9:10 [6, 31, 27, 32, 22, -6]
603:150.33, 10:10 [6, 38, 14, 12, 70, 48, 17, 54, 13, -6]
801:5.66, 3:10 [8, 36, -8]
fe: 2, se: 13

!ALNS------------
100000,1184.8457515987177,239.218,22.766,2,13,0.6733333333333333,0.8538461538461538,31.5,4.846153846153846
8 11 7 4 0 0 2 1 
10.755729626463587 15.966342562517639 10.46905964633789 11.669722733262867 33.71895557009329 21.801108469888284 13.45359921425401 25.49014377034526 
5 6 4 4 3 6 2 3 
13.494429769777286 14.162362920354521 13.309817443667812 14.599046151353484 13.878367998848507 12.02963554523511 14.793233345567616 12.866846915378819 

x[224] = 1.0
Vehicle: 11  Cost: 105.91
Route: 1 2 -2 -1 
 1 [ 44   0:  0 [40, 18, 42, 26, 25, 41, 46, 10, 44, 11, 20, 43, 15, 28, 39, 30]]
 2 [  0  53: 53 []]
-2 [ 21  53:367 [52, 66, 68, 67, 59, 56, 72, 63, 51, 50, 57]]
-1 [ 21 419:419 [52, 66, 68, 67, 59, 56, 72, 63, 51, 50, 57]]

x[627] = 1.0
Vehicle: 15  Cost: 128.85
Route: 1 6 8 5 -5 -6 -1 
 1 [ 57   0:  0 [35, 37, 14, 24, 27, 31, 32, 47, 23, 16, 48, 13, 19, 33, 45, 49, 17, 38, 36, 12, 22, 29, 34, 21]]
 6 [ 30  33: 48 [37, 24, 47, 23, 16, 19, 33, 45, 49, 36, 29, 21]]
 8 [ 27  58: 73 [37, 24, 47, 23, 16, 19, 33, 45, 49, 29, 21]]
 5 [  0  94: 94 []]
-5 [ 23  94:570 [61, 58, 69, 62, 55, 71, 53, 60]]
-6 [ 32 602:617 [65, 61, 64, 58, 70, 54, 69, 62, 55, 71, 53, 60]]
-1 [ 32 650:650 [65, 61, 64, 58, 70, 54, 69, 62, 55, 71, 53, 60]]

y[1128] = 1.0
Vehicle: 801  Cost: 5.66
Route: 8 36 -8 
  8 [ 3 582:597]
 36 [ 0 600:605]
 -8 [ 0 607:607]

y[1165] = 1.0
Vehicle: 602  Cost: 74.21
Route: 6 31 27 32 22 -6 
  6 [ 9 187:202]
 31 [ 6 224:229]
 27 [ 2 300:305]
 32 [ 1 324:329]
 22 [ 0 333:338]
 -6 [ 0 349:349]

y[1584] = 1.0
Vehicle: 202  Cost: 57.34
Route: 2 41 67 63 18 28 -2 
  2 [10 240:255]
 41 [ 6 274:279]
 67 [ 7 279:284]
 63 [10 291:296]
 18 [ 8 300:305]
 28 [ 4 317:322]
 -2 [ 4 338:338]

y[1915] = 1.0
Vehicle: 203  Cost: 53.69
Route: 2 46 66 51 39 -2 
  2 [ 6 133:148]
 46 [ 4 168:173]
 66 [ 5 300:305]
 51 [ 6 315:320]
 39 [ 2 328:333]
 -2 [ 2 344:344]

y[2045] = 1.0
Vehicle: 204  Cost: 55.03
Route: 2 25 59 15 20 -2 
  2 [ 8 162:177]
 25 [ 5 203:208]
 59 [ 7 208:213]
 15 [ 3 300:305]
 20 [ 2 310:315]
 -2 [ 2 332:332]

y[2738] = 1.0
Vehicle: 602  Cost: 32.17
Route: 6 35 65 34 64 -6 
  6 [ 8 244:259]
 35 [ 4 270:275]
 65 [ 7 275:280]
 34 [ 3 300:305]
 64 [ 5 305:310]
 -6 [ 5 317:317]

y[3360] = 1.0
Vehicle: 201  Cost: 30.70
Route: 2 52 57 11 50 -2 
  2 [ 3 245:260]
 52 [ 6 272:277]
 57 [ 8 282:287]
 11 [ 5 300:305]
 50 [ 6 305:310]
 -2 [ 6 323:323]

y[3894] = 1.0
Vehicle: 205  Cost: 45.40
Route: 2 26 43 30 -2 
  2 [ 7  81:163]
 26 [ 4 180:185]
 43 [ 1 420:425]
 30 [ 0 438:443]
 -2 [ 0 452:452]

y[3896] = 1.0
Vehicle: 202  Cost: 124.58
Route: 2 42 44 68 40 72 10 56 -2 
  2 [10 138:153]
 42 [ 7 174:179]
 44 [ 4 192:197]
 68 [ 6 197:202]
 40 [ 3 205:210]
 72 [ 6 230:235]
 10 [ 5 263:268]
 56 [ 7 300:305]
 -2 [ 7 329:329]

y[3917] = 1.0
Vehicle: 502  Cost: 68.00
Route: 5 29 62 47 69 16 53 -5 
  5 [ 7 365:380]
 29 [ 6 404:409]
 62 [10 409:414]
 47 [ 6 422:427]
 69 [ 7 427:432]
 16 [ 5 446:451]
 53 [ 8 451:456]
 -5 [ 8 478:478]

y[4100] = 1.0
Vehicle: 502  Cost: 124.33
Route: 5 19 24 58 45 49 71 61 -5 
  5 [10 344:359]
 19 [ 7 384:389]
 24 [ 4 411:416]
 58 [ 7 416:421]
 45 [ 5 429:434]
 49 [ 3 443:448]
 71 [ 7 448:453]
 61 [10 456:461]
 -5 [10 518:518]

y[4192] = 1.0
Vehicle: 503  Cost: 128.64
Route: 5 23 37 60 21 55 33 -5 
  5 [10 282:297]
 23 [ 6 314:319]
 37 [ 5 349:354]
 60 [ 9 363:368]
 21 [ 6 420:425]
 55 [ 7 438:443]
 33 [ 5 481:486]
 -5 [ 5 489:489]

y[4474] = 1.0
Vehicle: 603  Cost: 150.33
Route: 6 38 14 12 70 48 17 54 13 -6 
  6 [10 187:202]
 38 [ 8 240:245]
 14 [ 7 268:273]
 12 [ 6 300:305]
 70 [ 8 328:333]
 48 [ 5 333:338]
 17 [ 3 353:358]
 54 [ 5 358:363]
 13 [ 4 420:425]
 -6 [ 4 457:457]

FE: 2
SE: 13
!MIP-----
1184.845751598718,215.77576899528503,9.709803850187614E-5,2,13,4110,7660

