--Parameters Information--
speed=1
run=5
iteration= 100000
batch=100
restartPeriod=10000
largeRemovalOccurrence=500
initialLNS=250
lowerBoundSmallRemoval=4
smallRemoval=0.2
lowerBoundLargeRemoval=0.55
largeRemoval=0.8
initialWeight=1.0
decayRate=0.1
gamma1=9.0
gamma2=5.0
gamma3=2.0
gamma4=0.0
coolingRate=0.9995
temperatureControlParameter=0.05
initialAcceptanceProbability=0.5
perturbation=0.5
perturbationFactor=0.01
split=20000

Setup: Split
Data: C_50_9_D

Run: 1
Total Cost: 1325.79
Vehicle: 12  Cost: 82.37
Route: 1 7 -7 -1 
 1 [ 10   0:  0 [16, 29, 39, 19]]
 7 [  0  41: 41 []]
-7 [ 22  41:377 [66, 59, 45, 49, 48, 47, 58, 68, 71, 67]]
-1 [ 22 418:418 [66, 59, 45, 49, 48, 47, 58, 68, 71, 67]]

Vehicle: 13  Cost: 185.66
Route: 1 8 3 4 6 -6 -3 -8 -1 
 1 [ 45   0:  0 [15, 23, 35, 42, 17, 21, 25, 37, 41, 40, 12, 11, 10, 26, 34, 31, 38, 13, 24]]
 8 [ 36  32: 47 [15, 35, 42, 17, 25, 37, 41, 40, 12, 10, 26, 34, 31, 38, 13, 24]]
 3 [ 16  74: 89 [17, 25, 41, 40, 12, 26, 34]]
 4 [ 12 112:127 [41, 40, 26, 34]]
 6 [  0 142:142 []]
-6 [  7 142:362 [69, 70, 62]]
-3 [ 11 392:488 [46, 69, 70, 62]]
-8 [ 20 514:529 [61, 69, 51, 46, 43, 70, 54, 62]]
-1 [ 20 561:561 [61, 69, 51, 46, 43, 70, 54, 62]]

Vehicle: 14  Cost: 73.59
Route: 1 5 -5 -1 
 1 [ 29   0:  0 [33, 14, 36, 30, 32, 20, 28, 22, 27, 18]]
 5 [  0  37: 37 []]
-5 [ 30  37:356 [44, 64, 55, 65, 60, 52, 63, 53, 50, 57, 56]]
-1 [ 30 392:392 [44, 64, 55, 65, 60, 52, 63, 53, 50, 57, 56]]

Vehicle: 301  Cost: 76.17
Route: 3 35 24 38 42 37 -3 
  3 [10  74:289]
 35 [ 9 300:305]
 24 [ 7 313:318]
 38 [ 5 335:340]
 42 [ 2 420:425]
 37 [ 0 454:459]
 -3 [ 0 468:468]

Vehicle: 302  Cost: 120.26
Route: 3 13 15 46 31 10 -3 
  3 [10  74: 89]
 13 [ 7 111:116]
 15 [ 5 300:305]
 46 [ 9 305:310]
 31 [ 7 330:335]
 10 [ 4 420:425]
 -3 [ 4 473:473]

Vehicle: 401  Cost: 48.98
Route: 4 17 25 12 -4 
  4 [ 4 112:127]
 17 [ 2 142:147]
 25 [ 1 300:305]
 12 [ 0 314:319]
 -4 [ 0 327:327]

Vehicle: 501  Cost: 81.19
Route: 5 32 28 27 55 33 -5 
  5 [10  37:176]
 32 [ 8 180:185]
 28 [ 6 212:217]
 27 [ 4 300:305]
 55 [ 5 305:310]
 33 [ 1 331:336]
 -5 [ 1 341:341]

Vehicle: 502  Cost: 161.88
Route: 5 22 30 60 63 36 64 53 -5 
  5 [ 8  37: 52]
 22 [ 5  95:100]
 30 [ 1 117:122]
 60 [ 3 122:127]
 63 [ 7 141:146]
 36 [ 6 146:151]
 64 [ 7 180:185]
 53 [10 200:205]
 -5 [10 268:268]

Vehicle: 503  Cost: 78.84
Route: 5 20 52 44 14 57 -5 
  5 [ 7  37: 52]
 20 [ 4  73: 78]
 52 [ 6  78: 83]
 44 [ 9  89: 94]
 14 [ 5 108:113]
 57 [ 9 124:129]
 -5 [ 9 156:156]

Vehicle: 505  Cost: 21.15
Route: 5 65 18 50 56 -5 
  5 [ 4  37: 52]
 65 [ 8  58: 63]
 18 [ 4  67: 72]
 50 [ 7  72: 77]
 56 [10  80: 85]
 -5 [10  93: 93]

Vehicle: 601  Cost: 47.35
Route: 6 40 69 70 41 62 34 -6 
  6 [ 8 142:157]
 40 [ 4 175:180]
 69 [ 7 180:185]
 70 [10 300:305]
 41 [ 7 305:310]
 62 [ 8 318:323]
 34 [ 7 336:341]
 -6 [ 7 347:347]

Vehicle: 602  Cost: 12.00
Route: 6 26 -6 
  6 [ 4 142:157]
 26 [ 0 163:168]
 -6 [ 0 174:174]

Vehicle: 701  Cost: 97.98
Route: 7 59 67 39 48 19 71 -7 
  7 [ 5  41: 56]
 59 [ 7  71: 76]
 67 [ 9  85: 90]
 39 [ 5  90: 95]
 48 [ 7 122:127]
 19 [ 6 300:305]
 71 [ 8 316:321]
 -7 [ 8 348:348]

Vehicle: 702  Cost: 88.34
Route: 7 68 66 47 16 -7 
  7 [ 2  41: 56]
 68 [ 3  86: 91]
 66 [ 7 300:305]
 47 [ 8 319:324]
 16 [ 6 324:329]
 -7 [ 6 362:362]

Vehicle: 703  Cost: 74.57
Route: 7 49 45 29 58 -7 
  7 [ 3  41: 56]
 49 [ 4  86: 91]
 45 [ 8  96:101]
 29 [ 5 300:305]
 58 [ 8 305:310]
 -7 [ 8 326:326]

Vehicle: 801  Cost: 75.45
Route: 8 21 61 54 23 51 11 43 -8 
  8 [ 9  32: 51]
 21 [ 6  60: 65]
 61 [ 7  81: 86]
 54 [10 300:305]
 23 [ 7 305:310]
 51 [ 8 420:425]
 11 [ 5 443:448]
 43 [ 9 456:461]
 -8 [ 9 470:470]

Total Cost: 1325.79
 12:82.37, 22:75 [1, 7, -7, -1]
 13:185.66, 45:75 [1, 8, 3, 4, 6, -6, -3, -8, -1]
 14:73.59, 30:75 [1, 5, -5, -1]
301:76.17, 10:10 [3, 35, 24, 38, 42, 37, -3]
302:120.26, 10:10 [3, 13, 15, 46, 31, 10, -3]
401:48.98, 4:10 [4, 17, 25, 12, -4]
501:81.19, 10:10 [5, 32, 28, 27, 55, 33, -5]
502:161.88, 10:10 [5, 22, 30, 60, 63, 36, 64, 53, -5]
503:78.84, 9:10 [5, 20, 52, 44, 14, 57, -5]
505:21.15, 10:10 [5, 65, 18, 50, 56, -5]
601:47.35, 10:10 [6, 40, 69, 70, 41, 62, 34, -6]
602:12.00, 4:10 [6, 26, -6]
701:97.98, 9:10 [7, 59, 67, 39, 48, 19, 71, -7]
702:88.34, 8:10 [7, 68, 66, 47, 16, -7]
703:74.57, 8:10 [7, 49, 45, 29, 58, -7]
801:75.45, 10:10 [8, 21, 61, 54, 23, 51, 11, 43, -8]
fe: 3, se: 13

!ALNS------------
100000,1325.7873718404248,754.359,252.792,3,13,0.4311111111111111,0.8615384615384616,20.666666666666668,4.769230769230769
6 6 6 6 0 1 2 0 
10.958172389635681 19.66357634995714 11.134140789641714 14.236838219369988 28.132899275560884 25.643216595119938 16.131059705201924 24.64951444843811 
4 3 2 2 5 2 8 1 
15.905078308403603 15.930907429196969 14.67055354454555 13.603353404587944 15.835884882396265 15.453530341459226 15.917932871515475 15.804500840672576 

x[1437] = 1.0
Vehicle: 13  Cost: 185.66
Route: 1 8 3 4 6 -6 -3 -8 -1 
 1 [ 45   0:  0 [40, 31, 23, 41, 26, 10, 21, 34, 11, 25, 17, 12, 38, 37, 35, 24, 13, 42, 15]]
 8 [ 36  32: 47 [40, 31, 41, 26, 10, 34, 25, 17, 12, 38, 37, 35, 24, 13, 42, 15]]
 3 [ 16  74: 89 [40, 41, 26, 34, 25, 17, 12]]
 4 [ 12 112:127 [40, 41, 26, 34]]
 6 [  0 142:142 []]
-6 [  7 142:362 [62, 70, 69]]
-3 [ 11 392:506 [46, 62, 70, 69]]
-8 [ 20 532:547 [62, 70, 51, 61, 54, 69, 43, 46]]
-1 [ 20 580:580 [62, 70, 51, 61, 54, 69, 43, 46]]

x[1856] = 1.0
Vehicle: 14  Cost: 73.59
Route: 1 5 -5 -1 
 1 [ 29   0:  0 [14, 36, 30, 32, 20, 28, 22, 18, 33, 27]]
 5 [  0  37: 37 []]
-5 [ 38  37:377 [44, 64, 65, 52, 63, 57, 53, 50, 66, 56, 43, 55, 60]]
-1 [ 38 413:413 [44, 64, 65, 52, 63, 57, 53, 50, 66, 56, 43, 55, 60]]

x[2188] = 1.0
Vehicle: 12  Cost: 82.37
Route: 1 7 -7 -1 
 1 [ 10   0:  0 [16, 19, 29, 39]]
 7 [  0  41: 41 []]
-7 [ 23  41:377 [67, 58, 68, 66, 48, 47, 71, 61, 59, 45, 49]]
-1 [ 23 418:418 [67, 58, 68, 66, 48, 47, 71, 61, 59, 45, 49]]

y[20] = 1.0
Vehicle: 501  Cost: 81.19
Route: 5 32 28 55 27 33 -5 
  5 [10 240:255]
 32 [ 8 260:265]
 28 [ 6 292:297]
 55 [ 7 321:326]
 27 [ 5 326:331]
 33 [ 1 351:356]
 -5 [ 1 361:361]

y[655] = 1.0
Vehicle: 401  Cost: 48.98
Route: 4 17 25 12 -4 
  4 [ 4 217:232]
 17 [ 2 247:252]
 25 [ 1 300:305]
 12 [ 0 314:319]
 -4 [ 0 327:327]

y[824] = 1.0
Vehicle: 701  Cost: 97.98
Route: 7 59 39 67 48 19 71 -7 
  7 [ 5  73: 88]
 59 [ 7 103:108]
 39 [ 3 116:121]
 67 [ 5 121:126]
 48 [ 7 154:159]
 19 [ 6 300:305]
 71 [ 8 316:321]
 -7 [ 8 348:348]

y[1005] = 1.0
Vehicle: 703  Cost: 74.57
Route: 7 49 45 29 58 -7 
  7 [ 3  41: 56]
 49 [ 4  86: 91]
 45 [ 8  96:101]
 29 [ 5 300:305]
 58 [ 8 305:310]
 -7 [ 8 326:326]

y[1295] = 1.0
Vehicle: 601  Cost: 47.35
Route: 6 40 69 70 41 62 34 -6 
  6 [ 8 246:261]
 40 [ 4 280:285]
 69 [ 7 285:290]
 70 [10 300:305]
 41 [ 7 305:310]
 62 [ 8 318:323]
 34 [ 7 336:341]
 -6 [ 7 347:347]

y[2034] = 1.0
Vehicle: 801  Cost: 75.45
Route: 8 21 61 23 54 51 11 43 -8 
  8 [ 9 131:146]
 21 [ 6 155:160]
 61 [ 7 176:181]
 23 [ 4 300:305]
 54 [ 7 305:310]
 51 [ 8 420:425]
 11 [ 5 443:448]
 43 [ 9 456:461]
 -8 [ 9 470:470]

y[2242] = 1.0
Vehicle: 502  Cost: 21.15
Route: 5 65 18 50 56 -5 
  5 [ 4  37: 52]
 65 [ 8  58: 63]
 18 [ 4  67: 72]
 50 [ 7  72: 77]
 56 [10  80: 85]
 -5 [10  93: 93]

y[2467] = 1.0
Vehicle: 301  Cost: 76.17
Route: 3 35 24 38 42 37 -3 
  3 [10 392:407]
 35 [ 9 418:423]
 24 [ 7 431:436]
 38 [ 5 454:459]
 42 [ 2 461:466]
 37 [ 0 495:500]
 -3 [ 0 508:508]

y[2669] = 1.0
Vehicle: 602  Cost: 12.00
Route: 6 26 -6 
  6 [ 4 256:271]
 26 [ 0 277:282]
 -6 [ 0 288:288]

y[3566] = 1.0
Vehicle: 504  Cost: 78.84
Route: 5 52 20 44 14 57 -5 
  5 [ 7  37: 52]
 52 [ 9  73: 78]
 20 [ 6  78: 83]
 44 [ 9  89: 94]
 14 [ 5 108:113]
 57 [ 9 124:129]
 -5 [ 9 156:156]

y[3761] = 1.0
Vehicle: 702  Cost: 88.34
Route: 7 68 66 47 16 -7 
  7 [ 2 218:233]
 68 [ 3 263:268]
 66 [ 7 300:305]
 47 [ 8 319:324]
 16 [ 6 324:329]
 -7 [ 6 362:362]

y[4132] = 1.0
Vehicle: 302  Cost: 120.26
Route: 3 13 15 46 31 10 -3 
  3 [10 240:255]
 13 [ 7 278:283]
 15 [ 5 306:311]
 46 [ 9 311:316]
 31 [ 7 335:340]
 10 [ 4 420:425]
 -3 [ 4 473:473]

y[4592] = 1.0
Vehicle: 502  Cost: 161.88
Route: 5 22 30 60 63 36 64 53 -5 
  5 [ 8  70: 85]
 22 [ 5 129:134]
 30 [ 1 151:156]
 60 [ 3 156:161]
 63 [ 7 174:179]
 36 [ 6 179:184]
 64 [ 7 194:199]
 53 [10 214:219]
 -5 [10 282:282]

FE: 3
SE: 13
!MIP-----
1325.7873718404248,202.39029693603516,0.0,3,13,2768,4601

Run: 2
Total Cost: 1309.66
Vehicle: 13  Cost: 64.78
Route: 1 8 -8 -1 
 1 [ 38   0:  0 [16, 20, 39, 19, 37, 24, 30, 14, 21, 27, 36, 26, 28, 35, 11]]
 8 [  0  32: 32 []]
-8 [ 44  32:387 [45, 52, 61, 59, 55, 63, 57, 44, 53, 71, 68, 48, 64, 60, 49, 67, 47, 66, 43]]
-1 [ 44 419:419 [45, 52, 61, 59, 55, 63, 57, 44, 53, 71, 68, 48, 64, 60, 49, 67, 47, 66, 43]]

Vehicle: 16  Cost: 186.98
Route: 1 5 -5 4 -4 2 -2 -1 
 1 [ 46   0:  0 [12, 41, 38, 42, 29, 33, 34, 23, 32, 13, 15, 40, 18, 10, 31, 17, 25, 22]]
 5 [ 26  37: 37 [12, 41, 29, 34, 23, 13, 15, 40, 17, 25, 22]]
-5 [ 36  37:108 [12, 65, 41, 29, 50, 34, 23, 13, 15, 40, 56, 17, 25, 22]]
 4 [ 16 172:172 [65, 29, 50, 23, 56]]
-4 [ 27 172:385 [65, 29, 50, 69, 62, 46, 23, 70, 56]]
 2 [ 21 420:420 [65, 50, 69, 62, 46, 70, 56]]
-2 [ 28 420:490 [58, 65, 50, 54, 51, 69, 62, 46, 70, 56]]
-1 [ 28 541:541 [65, 58, 50, 54, 51, 69, 62, 46, 70, 56]]

Vehicle: 201  Cost: 15.08
Route: 2 51 23 54 29 58 -2 
  2 [ 6 420:435]
 51 [ 7 439:444]
 23 [ 4 447:452]
 54 [ 7 452:457]
 29 [ 4 461:466]
 58 [ 7 466:471]
 -2 [ 7 475:475]

Vehicle: 402  Cost: 108.27
Route: 4 13 22 15 46 25 12 -4 
  4 [10 172:187]
 13 [ 7 204:209]
 22 [ 4 231:236]
 15 [ 2 300:305]
 46 [ 6 305:310]
 25 [ 5 342:347]
 12 [ 4 356:361]
 -4 [ 4 370:370]

Vehicle: 403  Cost: 79.04
Route: 4 17 40 69 70 41 62 34 -4 
  4 [10 172:187]
 17 [ 8 202:207]
 40 [ 4 233:238]
 69 [ 7 238:243]
 70 [10 300:305]
 41 [ 7 305:310]
 62 [ 8 318:323]
 34 [ 7 336:341]
 -4 [ 7 356:356]

Vehicle: 501  Cost: 21.15
Route: 5 56 18 50 65 -5 
  5 [ 4  37: 52]
 56 [ 7  60: 65]
 18 [ 3  68: 73]
 50 [ 6  73: 78]
 65 [10  82: 87]
 -5 [10  93: 93]

Vehicle: 502  Cost: 10.47
Route: 5 32 33 -5 
  5 [ 6  37:176]
 32 [ 4 180:185]
 33 [ 0 300:305]
 -5 [ 0 310:310]

Vehicle: 503  Cost: 101.60
Route: 5 42 10 31 38 -5 
  5 [10  37:394]
 42 [ 7 420:425]
 10 [ 4 445:450]
 31 [ 2 458:463]
 38 [ 0 484:489]
 -5 [ 0 516:516]

Vehicle: 801  Cost: 145.87
Route: 8 44 20 52 28 27 55 -8 
  8 [ 7  32: 47]
 44 [10  91: 96]
 20 [ 7 102:107]
 52 [ 9 107:112]
 28 [ 7 150:155]
 27 [ 5 300:305]
 55 [ 6 305:310]
 -8 [ 6 344:344]

Vehicle: 802  Cost: 76.33
Route: 8 68 66 47 16 43 -8 
  8 [ 2  32: 47]
 68 [ 3  60: 65]
 66 [ 7 300:305]
 47 [ 8 319:324]
 16 [ 6 324:329]
 43 [10 359:364]
 -8 [10 372:372]

Vehicle: 803  Cost: 156.02
Route: 8 14 60 30 36 63 64 53 -8 
  8 [ 9  32: 47]
 14 [ 5  80: 85]
 60 [ 7 108:113]
 30 [ 3 113:118]
 36 [ 2 132:137]
 63 [ 6 137:142]
 64 [ 7 180:185]
 53 [10 200:205]
 -8 [10 267:267]

Vehicle: 804  Cost: 143.40
Route: 8 59 67 39 48 19 71 -8 
  8 [ 5  32: 47]
 59 [ 7  88: 93]
 67 [ 9 101:106]
 39 [ 5 106:111]
 48 [ 7 138:143]
 19 [ 6 300:305]
 71 [ 8 316:321]
 -8 [ 8 368:368]

Vehicle: 805  Cost: 69.93
Route: 8 21 57 24 35 37 -8 
  8 [ 8  32: 51]
 21 [ 5  60: 65]
 57 [ 9  84: 89]
 24 [ 7 300:305]
 35 [ 6 313:318]
 37 [ 4 324:329]
 -8 [ 4 349:349]

Vehicle: 806  Cost: 130.74
Route: 8 61 26 45 49 11 -8 
  8 [ 7  32: 47]
 61 [ 8  68: 73]
 26 [ 4 109:114]
 45 [ 8 133:138]
 49 [ 9 143:148]
 11 [ 6 300:305]
 -8 [ 6 316:316]

Total Cost: 1309.66
 13:64.78, 44:75 [1, 8, -8, -1]
 16:186.98, 46:75 [1, 5, -5, 4, -4, 2, -2, -1]
201:15.08, 7:10 [2, 51, 23, 54, 29, 58, -2]
402:108.27, 10:10 [4, 13, 22, 15, 46, 25, 12, -4]
403:79.04, 10:10 [4, 17, 40, 69, 70, 41, 62, 34, -4]
501:21.15, 10:10 [5, 56, 18, 50, 65, -5]
502:10.47, 6:10 [5, 32, 33, -5]
503:101.60, 10:10 [5, 42, 10, 31, 38, -5]
801:145.87, 10:10 [8, 44, 20, 52, 28, 27, 55, -8]
802:76.33, 10:10 [8, 68, 66, 47, 16, 43, -8]
803:156.02, 10:10 [8, 14, 60, 30, 36, 63, 64, 53, -8]
804:143.40, 9:10 [8, 59, 67, 39, 48, 19, 71, -8]
805:69.93, 9:10 [8, 21, 57, 24, 35, 37, -8]
806:130.74, 9:10 [8, 61, 26, 45, 49, 11, -8]
fe: 2, se: 12

!ALNS------------
100000,1309.6603988807751,274.656,42.542,2,12,0.6,0.9166666666666666,31.0,5.166666666666667
4 8 2 3 0 1 3 0 
11.715313203065525 21.445426655510055 12.081090231817042 15.011441157776384 20.398206190800675 20.346052066955405 18.37737440156107 44.743815936772435 
1 3 4 3 1 3 6 0 
17.227329140981528 17.464192279703468 16.374089943026995 17.77399861520034 17.696347810999747 16.926683417772992 16.68066523219182 18.16083079998808 

x[1007] = 1.0
Vehicle: 16  Cost: 186.98
Route: 1 5 -5 4 -4 2 -2 -1 
 1 [ 46   0:  0 [12, 10, 41, 31, 38, 42, 15, 18, 29, 17, 40, 33, 34, 23, 25, 32, 13, 22]]
 5 [ 26  37: 37 [12, 41, 15, 29, 17, 40, 34, 23, 25, 13, 22]]
-5 [ 36  37:108 [12, 65, 56, 41, 15, 29, 50, 17, 40, 34, 23, 25, 13, 22]]
 4 [ 16 172:172 [65, 56, 29, 50, 23]]
-4 [ 27 172:385 [65, 56, 70, 29, 50, 69, 62, 46, 23]]
 2 [ 21 420:420 [65, 56, 70, 50, 69, 62, 46]]
-2 [ 28 420:490 [58, 65, 56, 70, 50, 54, 51, 69, 62, 46]]
-1 [ 28 541:541 [65, 56, 70, 58, 50, 54, 51, 69, 62, 46]]

x[1112] = 1.0
Vehicle: 13  Cost: 64.78
Route: 1 8 -8 -1 
 1 [ 38   0:  0 [20, 19, 30, 35, 11, 36, 16, 21, 39, 14, 37, 26, 27, 24, 28]]
 8 [  0  32: 32 []]
-8 [ 48  32:387 [48, 49, 43, 55, 67, 61, 66, 59, 44, 60, 47, 52, 64, 68, 63, 65, 45, 57, 53, 71]]
-1 [ 48 419:419 [48, 49, 43, 55, 67, 61, 66, 59, 44, 60, 47, 52, 64, 68, 63, 65, 45, 57, 53, 71]]

y[171] = 1.0
Vehicle: 504  Cost: 10.47
Route: 5 32 33 -5 
  5 [ 6  70:176]
 32 [ 4 180:185]
 33 [ 0 300:305]
 -5 [ 0 310:310]

y[414] = 1.0
Vehicle: 804  Cost: 143.40
Route: 8 59 67 39 48 19 71 -8 
  8 [ 5 140:155]
 59 [ 7 195:200]
 67 [ 9 209:214]
 39 [ 5 214:219]
 48 [ 7 246:251]
 19 [ 6 300:305]
 71 [ 8 316:321]
 -8 [ 8 368:368]

y[703] = 1.0
Vehicle: 503  Cost: 101.60
Route: 5 42 10 31 38 -5 
  5 [10 401:416]
 42 [ 7 442:447]
 10 [ 4 467:472]
 31 [ 2 480:485]
 38 [ 0 507:512]
 -5 [ 0 538:538]

y[730] = 1.0
Vehicle: 803  Cost: 156.02
Route: 8 14 30 60 63 36 64 53 -8 
  8 [ 9  95:110]
 14 [ 5 143:148]
 30 [ 1 172:177]
 60 [ 3 177:182]
 63 [ 7 195:200]
 36 [ 6 200:205]
 64 [ 7 215:220]
 53 [10 235:240]
 -8 [10 301:301]

y[2075] = 1.0
Vehicle: 401  Cost: 79.04
Route: 4 17 40 69 41 70 62 34 -4 
  4 [10 225:240]
 17 [ 8 255:260]
 40 [ 4 286:291]
 69 [ 7 291:296]
 41 [ 4 300:305]
 70 [ 7 305:310]
 62 [ 8 318:323]
 34 [ 7 336:341]
 -4 [ 7 356:356]

y[2794] = 1.0
Vehicle: 402  Cost: 108.27
Route: 4 13 22 15 46 25 12 -4 
  4 [10 216:231]
 13 [ 7 248:253]
 22 [ 4 275:280]
 15 [ 2 300:305]
 46 [ 6 305:310]
 25 [ 5 342:347]
 12 [ 4 356:361]
 -4 [ 4 370:370]

y[3107] = 1.0
Vehicle: 806  Cost: 130.74
Route: 8 61 26 45 49 11 -8 
  8 [ 7  32: 47]
 61 [ 8  68: 73]
 26 [ 4 109:114]
 45 [ 8 133:138]
 49 [ 9 143:148]
 11 [ 6 300:305]
 -8 [ 6 316:316]

y[3121] = 1.0
Vehicle: 804  Cost: 76.33
Route: 8 68 66 47 16 43 -8 
  8 [ 2  82: 97]
 68 [ 3 110:115]
 66 [ 7 300:305]
 47 [ 8 319:324]
 16 [ 6 324:329]
 43 [10 359:364]
 -8 [10 372:372]

y[3441] = 1.0
Vehicle: 201  Cost: 15.08
Route: 2 51 23 54 29 58 -2 
  2 [ 6 420:435]
 51 [ 7 439:444]
 23 [ 4 447:452]
 54 [ 7 452:457]
 29 [ 4 461:466]
 58 [ 7 466:471]
 -2 [ 7 475:475]

y[3987] = 1.0
Vehicle: 805  Cost: 69.93
Route: 8 21 57 24 35 37 -8 
  8 [ 8  95:110]
 21 [ 5 119:124]
 57 [ 9 143:148]
 24 [ 7 300:305]
 35 [ 6 313:318]
 37 [ 4 324:329]
 -8 [ 4 349:349]

y[4112] = 1.0
Vehicle: 501  Cost: 21.15
Route: 5 56 18 50 65 -5 
  5 [ 4  37: 52]
 56 [ 7  60: 65]
 18 [ 3  68: 73]
 50 [ 6  73: 78]
 65 [10  82: 87]
 -5 [10  93: 93]

y[4967] = 1.0
Vehicle: 801  Cost: 145.87
Route: 8 44 20 52 28 27 55 -8 
  8 [ 7  90:105]
 44 [10 149:154]
 20 [ 7 160:165]
 52 [ 9 165:170]
 28 [ 7 208:213]
 27 [ 5 300:305]
 55 [ 6 305:310]
 -8 [ 6 344:344]

FE: 2
SE: 12
!MIP-----
1309.6603988807751,42.50563311576843,5.507311714707658E-5,2,12,3608,5338

Run: 3
Total Cost: 1309.66
Vehicle: 15  Cost: 186.98
Route: 1 5 -5 4 -4 2 -2 -1 
 1 [ 46   0:  0 [13, 18, 12, 31, 38, 40, 41, 34, 10, 29, 42, 33, 23, 17, 32, 22, 25, 15]]
 5 [ 26  37: 37 [13, 12, 40, 41, 34, 29, 23, 17, 22, 25, 15]]
-5 [ 36  37:108 [13, 65, 12, 40, 41, 34, 29, 56, 50, 23, 17, 22, 25, 15]]
 4 [ 16 172:172 [65, 29, 56, 50, 23]]
-4 [ 27 172:385 [46, 65, 69, 62, 29, 56, 50, 23, 70]]
 2 [ 21 420:420 [65, 46, 69, 62, 56, 50, 70]]
-2 [ 28 420:490 [58, 65, 46, 54, 51, 69, 62, 56, 50, 70]]
-1 [ 28 541:541 [46, 65, 58, 54, 51, 69, 62, 56, 50, 70]]

Vehicle: 16  Cost: 64.78
Route: 1 8 -8 -1 
 1 [ 38   0:  0 [11, 35, 24, 36, 39, 30, 37, 28, 20, 21, 19, 14, 27, 16, 26]]
 8 [  0  32: 32 []]
-8 [ 44  32:387 [47, 55, 66, 60, 61, 63, 59, 52, 68, 64, 71, 45, 57, 44, 49, 67, 48, 43, 53]]
-1 [ 44 419:419 [47, 55, 66, 60, 61, 63, 59, 52, 68, 64, 71, 45, 57, 44, 49, 67, 48, 43, 53]]

Vehicle: 201  Cost: 15.08
Route: 2 51 23 54 29 58 -2 
  2 [ 6 420:435]
 51 [ 7 439:444]
 23 [ 4 447:452]
 54 [ 7 452:457]
 29 [ 4 461:466]
 58 [ 7 466:471]
 -2 [ 7 475:475]

Vehicle: 401  Cost: 108.27
Route: 4 13 22 15 46 25 12 -4 
  4 [10 172:187]
 13 [ 7 204:209]
 22 [ 4 231:236]
 15 [ 2 300:305]
 46 [ 6 305:310]
 25 [ 5 342:347]
 12 [ 4 356:361]
 -4 [ 4 370:370]

Vehicle: 402  Cost: 79.04
Route: 4 17 40 69 70 41 62 34 -4 
  4 [10 172:187]
 17 [ 8 202:207]
 40 [ 4 233:238]
 69 [ 7 238:243]
 70 [10 300:305]
 41 [ 7 305:310]
 62 [ 8 318:323]
 34 [ 7 336:341]
 -4 [ 7 356:356]

Vehicle: 501  Cost: 21.15
Route: 5 56 50 18 65 -5 
  5 [ 4  37: 52]
 56 [ 7  60: 65]
 50 [10  68: 73]
 18 [ 6  73: 78]
 65 [10  82: 87]
 -5 [10  93: 93]

Vehicle: 502  Cost: 10.47
Route: 5 32 33 -5 
  5 [ 6  37:176]
 32 [ 4 180:185]
 33 [ 0 300:305]
 -5 [ 0 310:310]

Vehicle: 503  Cost: 101.60
Route: 5 38 31 10 42 -5 
  5 [10  37:274]
 38 [ 8 300:305]
 31 [ 6 327:332]
 10 [ 3 420:425]
 42 [ 0 445:450]
 -5 [ 0 476:476]

Vehicle: 801  Cost: 143.40
Route: 8 59 67 39 48 19 71 -8 
  8 [ 5  32: 47]
 59 [ 7  88: 93]
 67 [ 9 101:106]
 39 [ 5 106:111]
 48 [ 7 138:143]
 19 [ 6 300:305]
 71 [ 8 316:321]
 -8 [ 8 368:368]

Vehicle: 803  Cost: 130.74
Route: 8 61 26 45 49 11 -8 
  8 [ 7  32: 47]
 61 [ 8  68: 73]
 26 [ 4 109:114]
 45 [ 8 133:138]
 49 [ 9 143:148]
 11 [ 6 300:305]
 -8 [ 6 316:316]

Vehicle: 804  Cost: 69.93
Route: 8 21 57 24 35 37 -8 
  8 [ 8  32: 51]
 21 [ 5  60: 65]
 57 [ 9  84: 89]
 24 [ 7 300:305]
 35 [ 6 313:318]
 37 [ 4 324:329]
 -8 [ 4 349:349]

Vehicle: 805  Cost: 76.33
Route: 8 68 66 16 47 43 -8 
  8 [ 2  32: 47]
 68 [ 3  60: 65]
 66 [ 7 300:305]
 16 [ 5 319:324]
 47 [ 6 324:329]
 43 [10 359:364]
 -8 [10 372:372]

Vehicle: 806  Cost: 156.02
Route: 8 14 30 60 63 36 64 53 -8 
  8 [ 9  32: 47]
 14 [ 5  80: 85]
 30 [ 1 108:113]
 60 [ 3 113:118]
 63 [ 7 132:137]
 36 [ 6 137:142]
 64 [ 7 180:185]
 53 [10 200:205]
 -8 [10 267:267]

Vehicle: 807  Cost: 145.87
Route: 8 44 20 52 28 27 55 -8 
  8 [ 7  32: 47]
 44 [10  91: 96]
 20 [ 7 102:107]
 52 [ 9 107:112]
 28 [ 7 150:155]
 27 [ 5 300:305]
 55 [ 6 305:310]
 -8 [ 6 344:344]

Total Cost: 1309.66
 15:186.98, 46:75 [1, 5, -5, 4, -4, 2, -2, -1]
 16:64.78, 44:75 [1, 8, -8, -1]
201:15.08, 7:10 [2, 51, 23, 54, 29, 58, -2]
401:108.27, 10:10 [4, 13, 22, 15, 46, 25, 12, -4]
402:79.04, 10:10 [4, 17, 40, 69, 70, 41, 62, 34, -4]
501:21.15, 10:10 [5, 56, 50, 18, 65, -5]
502:10.47, 6:10 [5, 32, 33, -5]
503:101.60, 10:10 [5, 38, 31, 10, 42, -5]
801:143.40, 9:10 [8, 59, 67, 39, 48, 19, 71, -8]
803:130.74, 9:10 [8, 61, 26, 45, 49, 11, -8]
804:69.93, 9:10 [8, 21, 57, 24, 35, 37, -8]
805:76.33, 10:10 [8, 68, 66, 16, 47, 43, -8]
806:156.02, 10:10 [8, 14, 30, 60, 63, 36, 64, 53, -8]
807:145.87, 10:10 [8, 44, 20, 52, 28, 27, 55, -8]
fe: 2, se: 12

!ALNS------------
100000,1309.6603988807751,241.695,55.051,2,12,0.6,0.9166666666666666,31.0,5.166666666666667
6 13 4 5 1 6 7 0 
11.932334115563117 23.29186805373315 14.314507321318231 14.650288482662173 39.58555497094773 22.46765007659516 18.486766275684637 35.824916516136895 
6 8 4 4 2 5 7 6 
17.006480497221407 17.588726820156225 18.22972425905765 19.193484966879616 17.797991741614688 17.42873791624416 18.424943764780615 18.00654083376196 

x[1690] = 1.0
Vehicle: 16  Cost: 64.78
Route: 1 8 -8 -1 
 1 [ 38   0:  0 [14, 20, 24, 19, 28, 26, 16, 11, 35, 39, 21, 37, 36, 27, 30]]
 8 [  0  32: 32 []]
-8 [ 47  32:387 [47, 43, 59, 52, 67, 64, 49, 63, 55, 61, 68, 53, 71, 44, 57, 66, 48, 60, 54, 45]]
-1 [ 47 419:419 [47, 43, 59, 52, 67, 64, 49, 63, 55, 61, 68, 53, 71, 44, 57, 66, 48, 60, 54, 45]]

x[2428] = 1.0
Vehicle: 15  Cost: 186.98
Route: 1 5 -5 4 -4 2 -2 -1 
 1 [ 46   0:  0 [42, 40, 33, 29, 38, 18, 22, 34, 13, 12, 41, 10, 23, 25, 17, 15, 31, 32]]
 5 [ 26  37: 37 [40, 29, 22, 34, 13, 12, 41, 23, 25, 17, 15]]
-5 [ 38  37:126 [65, 40, 29, 22, 34, 13, 12, 41, 56, 50, 23, 25, 17, 15, 60]]
 4 [ 18 190:190 [29, 65, 56, 50, 23, 60]]
-4 [ 29 190:385 [29, 69, 62, 70, 46, 65, 56, 50, 23, 60]]
 2 [ 23 420:420 [69, 62, 70, 46, 65, 56, 50, 60]]
-2 [ 30 420:490 [54, 51, 69, 62, 70, 46, 65, 56, 50, 58, 60]]
-1 [ 30 541:541 [54, 51, 69, 62, 70, 46, 65, 56, 50, 58, 60]]

y[353] = 1.0
Vehicle: 505  Cost: 10.47
Route: 5 32 33 -5 
  5 [ 6 114:176]
 32 [ 4 180:185]
 33 [ 0 300:305]
 -5 [ 0 310:310]

y[775] = 1.0
Vehicle: 803  Cost: 130.74
Route: 8 61 26 45 49 11 -8 
  8 [ 7  75: 90]
 61 [ 8 110:115]
 26 [ 4 151:156]
 45 [ 8 175:180]
 49 [ 9 185:190]
 11 [ 6 300:305]
 -8 [ 6 316:316]

y[873] = 1.0
Vehicle: 804  Cost: 69.93
Route: 8 21 57 24 35 37 -8 
  8 [ 8 101:116]
 21 [ 5 124:129]
 57 [ 9 148:153]
 24 [ 7 300:305]
 35 [ 6 313:318]
 37 [ 4 324:329]
 -8 [ 4 349:349]

y[997] = 1.0
Vehicle: 805  Cost: 76.33
Route: 8 68 66 47 16 43 -8 
  8 [ 2  84: 99]
 68 [ 3 112:117]
 66 [ 7 300:305]
 47 [ 8 319:324]
 16 [ 6 324:329]
 43 [10 359:364]
 -8 [10 372:372]

y[1116] = 1.0
Vehicle: 401  Cost: 108.27
Route: 4 13 22 46 15 25 12 -4 
  4 [10 216:231]
 13 [ 7 249:254]
 22 [ 4 276:281]
 46 [ 8 300:305]
 15 [ 6 305:310]
 25 [ 5 342:347]
 12 [ 4 356:361]
 -4 [ 4 370:370]

y[1747] = 1.0
Vehicle: 402  Cost: 79.04
Route: 4 17 40 69 41 70 62 34 -4 
  4 [10 225:240]
 17 [ 8 255:260]
 40 [ 4 286:291]
 69 [ 7 291:296]
 41 [ 4 300:305]
 70 [ 7 305:310]
 62 [ 8 318:323]
 34 [ 7 336:341]
 -4 [ 7 356:356]

y[2358] = 1.0
Vehicle: 203  Cost: 15.08
Route: 2 29 58 54 23 51 -2 
  2 [ 6  93:435]
 29 [ 3 439:444]
 58 [ 6 444:449]
 54 [ 9 452:457]
 23 [ 6 457:462]
 51 [ 7 465:470]
 -2 [ 7 475:475]

y[2575] = 1.0
Vehicle: 801  Cost: 143.40
Route: 8 59 39 67 48 19 71 -8 
  8 [ 5 107:122]
 59 [ 7 162:167]
 39 [ 3 175:180]
 67 [ 5 180:185]
 48 [ 7 213:218]
 19 [ 6 300:305]
 71 [ 8 316:321]
 -8 [ 8 368:368]

y[2633] = 1.0
Vehicle: 503  Cost: 21.15
Route: 5 56 50 18 65 -5 
  5 [ 4  37: 52]
 56 [ 7  60: 65]
 50 [10  68: 73]
 18 [ 6  73: 78]
 65 [10  82: 87]
 -5 [10  93: 93]

y[2905] = 1.0
Vehicle: 806  Cost: 156.02
Route: 8 14 30 60 36 63 64 53 -8 
  8 [ 9  32: 47]
 14 [ 5  80: 85]
 30 [ 1 108:113]
 60 [ 3 113:118]
 36 [ 2 132:137]
 63 [ 6 137:142]
 64 [ 7 180:185]
 53 [10 200:205]
 -8 [10 267:267]

y[3212] = 1.0
Vehicle: 503  Cost: 101.60
Route: 5 38 31 10 42 -5 
  5 [10 417:432]
 38 [ 8 458:463]
 31 [ 6 484:489]
 10 [ 3 497:502]
 42 [ 0 522:527]
 -5 [ 0 553:553]

y[3489] = 1.0
Vehicle: 807  Cost: 145.87
Route: 8 44 20 52 28 27 55 -8 
  8 [ 7 131:146]
 44 [10 189:194]
 20 [ 7 200:205]
 52 [ 9 205:210]
 28 [ 7 248:253]
 27 [ 5 300:305]
 55 [ 6 305:310]
 -8 [ 6 344:344]

FE: 2
SE: 12
!MIP-----
1309.6603988807751,47.82034611701965,4.050380330006702E-5,2,12,2274,3579

Run: 4
Total Cost: 1325.79
Vehicle: 11  Cost: 82.37
Route: 1 7 -7 -1 
 1 [ 10   0:  0 [39, 16, 29, 19]]
 7 [  0  41: 41 []]
-7 [ 22  41:377 [49, 67, 59, 66, 71, 68, 47, 58, 48, 45]]
-1 [ 22 418:418 [49, 67, 59, 66, 71, 68, 47, 58, 48, 45]]

Vehicle: 14  Cost: 73.59
Route: 1 5 -5 -1 
 1 [ 29   0:  0 [30, 14, 18, 32, 27, 36, 22, 20, 28, 33]]
 5 [  0  37: 37 []]
-5 [ 30  37:356 [55, 52, 60, 65, 56, 53, 63, 64, 44, 50, 57]]
-1 [ 30 392:392 [55, 52, 60, 65, 56, 53, 63, 64, 44, 50, 57]]

Vehicle: 15  Cost: 185.66
Route: 1 8 3 4 6 -6 -3 -8 -1 
 1 [ 45   0:  0 [38, 24, 31, 41, 37, 42, 13, 35, 12, 26, 34, 17, 25, 23, 15, 40, 21, 11, 10]]
 8 [ 36  32: 47 [38, 24, 31, 41, 37, 42, 13, 35, 12, 26, 34, 17, 25, 15, 40, 10]]
 3 [ 16  74: 89 [41, 12, 26, 34, 17, 25, 40]]
 4 [ 12 112:127 [41, 26, 34, 40]]
 6 [  0 142:142 []]
-6 [  7 142:362 [62, 69, 70]]
-3 [ 11 392:488 [46, 62, 69, 70]]
-8 [ 20 514:529 [46, 54, 62, 61, 43, 51, 69, 70]]
-1 [ 20 561:561 [46, 54, 62, 61, 43, 51, 69, 70]]

Vehicle: 301  Cost: 120.26
Route: 3 13 15 46 31 10 -3 
  3 [10  74: 89]
 13 [ 7 111:116]
 15 [ 5 300:305]
 46 [ 9 305:310]
 31 [ 7 330:335]
 10 [ 4 420:425]
 -3 [ 4 473:473]

Vehicle: 302  Cost: 76.17
Route: 3 35 24 38 42 37 -3 
  3 [10  74:289]
 35 [ 9 300:305]
 24 [ 7 313:318]
 38 [ 5 335:340]
 42 [ 2 420:425]
 37 [ 0 454:459]
 -3 [ 0 468:468]

Vehicle: 401  Cost: 48.98
Route: 4 17 25 12 -4 
  4 [ 4 112:127]
 17 [ 2 142:147]
 25 [ 1 300:305]
 12 [ 0 314:319]
 -4 [ 0 327:327]

Vehicle: 501  Cost: 21.15
Route: 5 56 50 18 65 -5 
  5 [ 4  37: 52]
 56 [ 7  60: 65]
 50 [10  68: 73]
 18 [ 6  73: 78]
 65 [10  82: 87]
 -5 [10  93: 93]

Vehicle: 502  Cost: 161.88
Route: 5 22 60 30 63 36 64 53 -5 
  5 [ 8  37: 52]
 22 [ 5  95:100]
 60 [ 7 117:122]
 30 [ 3 122:127]
 63 [ 7 141:146]
 36 [ 6 146:151]
 64 [ 7 180:185]
 53 [10 200:205]
 -5 [10 268:268]

Vehicle: 503  Cost: 78.84
Route: 5 20 52 44 14 57 -5 
  5 [ 7  37: 52]
 20 [ 4  73: 78]
 52 [ 6  78: 83]
 44 [ 9  89: 94]
 14 [ 5 108:113]
 57 [ 9 124:129]
 -5 [ 9 156:156]

Vehicle: 504  Cost: 81.19
Route: 5 32 28 27 55 33 -5 
  5 [10  37:176]
 32 [ 8 180:185]
 28 [ 6 212:217]
 27 [ 4 300:305]
 55 [ 5 305:310]
 33 [ 1 331:336]
 -5 [ 1 341:341]

Vehicle: 601  Cost: 47.35
Route: 6 40 69 70 41 62 34 -6 
  6 [ 8 142:157]
 40 [ 4 175:180]
 69 [ 7 180:185]
 70 [10 300:305]
 41 [ 7 305:310]
 62 [ 8 318:323]
 34 [ 7 336:341]
 -6 [ 7 347:347]

Vehicle: 602  Cost: 12.00
Route: 6 26 -6 
  6 [ 4 142:157]
 26 [ 0 163:168]
 -6 [ 0 174:174]

Vehicle: 701  Cost: 97.98
Route: 7 59 39 67 48 19 71 -7 
  7 [ 5  41: 56]
 59 [ 7  71: 76]
 39 [ 3  85: 90]
 67 [ 5  90: 95]
 48 [ 7 122:127]
 19 [ 6 300:305]
 71 [ 8 316:321]
 -7 [ 8 348:348]

Vehicle: 702  Cost: 88.34
Route: 7 68 66 16 47 -7 
  7 [ 2  41: 56]
 68 [ 3  86: 91]
 66 [ 7 300:305]
 16 [ 5 319:324]
 47 [ 6 324:329]
 -7 [ 6 362:362]

Vehicle: 703  Cost: 74.57
Route: 7 49 45 29 58 -7 
  7 [ 3  41: 56]
 49 [ 4  86: 91]
 45 [ 8  96:101]
 29 [ 5 300:305]
 58 [ 8 305:310]
 -7 [ 8 326:326]

Vehicle: 801  Cost: 75.45
Route: 8 21 61 23 54 51 11 43 -8 
  8 [ 9  32: 51]
 21 [ 6  60: 65]
 61 [ 7  81: 86]
 23 [ 4 300:305]
 54 [ 7 305:310]
 51 [ 8 420:425]
 11 [ 5 443:448]
 43 [ 9 456:461]
 -8 [ 9 470:470]

Total Cost: 1325.79
 11:82.37, 22:75 [1, 7, -7, -1]
 14:73.59, 30:75 [1, 5, -5, -1]
 15:185.66, 45:75 [1, 8, 3, 4, 6, -6, -3, -8, -1]
301:120.26, 10:10 [3, 13, 15, 46, 31, 10, -3]
302:76.17, 10:10 [3, 35, 24, 38, 42, 37, -3]
401:48.98, 4:10 [4, 17, 25, 12, -4]
501:21.15, 10:10 [5, 56, 50, 18, 65, -5]
502:161.88, 10:10 [5, 22, 60, 30, 63, 36, 64, 53, -5]
503:78.84, 9:10 [5, 20, 52, 44, 14, 57, -5]
504:81.19, 10:10 [5, 32, 28, 27, 55, 33, -5]
601:47.35, 10:10 [6, 40, 69, 70, 41, 62, 34, -6]
602:12.00, 4:10 [6, 26, -6]
701:97.98, 8:10 [7, 59, 39, 67, 48, 19, 71, -7]
702:88.34, 7:10 [7, 68, 66, 16, 47, -7]
703:74.57, 8:10 [7, 49, 45, 29, 58, -7]
801:75.45, 9:10 [8, 21, 61, 23, 54, 51, 11, 43, -8]
fe: 3, se: 13

!ALNS------------
100000,1325.7873718404248,278.619,244.822,3,13,0.4311111111111111,0.8384615384615385,20.666666666666668,4.769230769230769
4 9 4 3 0 2 4 0 
10.447512923383918 19.920578798359244 11.18129082747302 15.345081153086841 26.79929178330034 19.40909000456277 16.28806835888659 26.418605761065997 
2 2 1 2 8 4 2 5 
15.143761393628749 16.88367470074527 15.849721505872592 15.001508032483697 15.508357045575094 16.708360411778898 14.228360641219536 16.111407552974956 

x[609] = 1.0
Vehicle: 11  Cost: 82.37
Route: 1 7 -7 -1 
 1 [ 10   0:  0 [16, 19, 39, 29]]
 7 [  0  41: 41 []]
-7 [ 22  41:377 [49, 71, 47, 48, 66, 59, 68, 67, 45, 58]]
-1 [ 22 418:418 [49, 71, 47, 48, 66, 59, 68, 67, 45, 58]]

x[670] = 1.0
Vehicle: 14  Cost: 73.59
Route: 1 5 -5 -1 
 1 [ 29   0:  0 [18, 14, 20, 22, 27, 32, 36, 33, 30, 28]]
 5 [  0  37: 37 []]
-5 [ 30  37:374 [55, 57, 60, 64, 56, 53, 52, 44, 63, 65, 50]]
-1 [ 30 411:411 [55, 57, 60, 64, 56, 53, 52, 44, 63, 65, 50]]

x[1519] = 1.0
Vehicle: 15  Cost: 185.66
Route: 1 8 3 4 6 -6 -3 -8 -1 
 1 [ 45   0:  0 [12, 40, 21, 41, 31, 17, 25, 34, 23, 26, 13, 37, 11, 24, 38, 42, 35, 15, 10]]
 8 [ 36  32: 47 [12, 40, 41, 31, 17, 25, 34, 26, 13, 37, 24, 38, 42, 35, 15, 10]]
 3 [ 16  74: 89 [12, 40, 41, 17, 25, 34, 26]]
 4 [ 12 112:127 [40, 41, 34, 26]]
 6 [  0 142:142 []]
-6 [  7 142:362 [62, 70, 69]]
-3 [ 11 392:496 [46, 62, 70, 69]]
-8 [ 20 523:538 [61, 62, 70, 43, 46, 69, 51, 54]]
-1 [ 20 570:570 [61, 62, 70, 43, 46, 69, 51, 54]]

y[141] = 1.0
Vehicle: 801  Cost: 75.45
Route: 8 21 61 23 54 51 11 43 -8 
  8 [ 9  32: 51]
 21 [ 6  60: 65]
 61 [ 7  81: 86]
 23 [ 4 300:305]
 54 [ 7 305:310]
 51 [ 8 420:425]
 11 [ 5 443:448]
 43 [ 9 456:461]
 -8 [ 9 470:470]

y[144] = 1.0
Vehicle: 602  Cost: 12.00
Route: 6 26 -6 
  6 [ 4 155:170]
 26 [ 0 176:181]
 -6 [ 0 187:187]

y[348] = 1.0
Vehicle: 506  Cost: 21.15
Route: 5 65 18 50 56 -5 
  5 [ 4  84: 99]
 65 [ 8 105:110]
 18 [ 4 114:119]
 50 [ 7 119:124]
 56 [10 127:132]
 -5 [10 140:140]

y[1473] = 1.0
Vehicle: 702  Cost: 88.34
Route: 7 68 66 16 47 -7 
  7 [ 2 192:207]
 68 [ 3 237:242]
 66 [ 7 300:305]
 16 [ 5 319:324]
 47 [ 6 324:329]
 -7 [ 6 362:362]

y[1602] = 1.0
Vehicle: 602  Cost: 47.35
Route: 6 40 69 70 41 62 34 -6 
  6 [ 8 142:157]
 40 [ 4 175:180]
 69 [ 7 180:185]
 70 [10 300:305]
 41 [ 7 305:310]
 62 [ 8 318:323]
 34 [ 7 336:341]
 -6 [ 7 347:347]

y[2315] = 1.0
Vehicle: 501  Cost: 78.84
Route: 5 52 20 44 14 57 -5 
  5 [ 7  37: 52]
 52 [ 9  73: 78]
 20 [ 6  78: 83]
 44 [ 9  89: 94]
 14 [ 5 108:113]
 57 [ 9 124:129]
 -5 [ 9 156:156]

y[2457] = 1.0
Vehicle: 505  Cost: 81.19
Route: 5 32 28 55 27 33 -5 
  5 [10  84:176]
 32 [ 8 180:185]
 28 [ 6 212:217]
 55 [ 7 300:305]
 27 [ 5 305:310]
 33 [ 1 331:336]
 -5 [ 1 341:341]

y[2517] = 1.0
Vehicle: 301  Cost: 120.26
Route: 3 13 15 46 31 10 -3 
  3 [10  74: 89]
 13 [ 7 111:116]
 15 [ 5 300:305]
 46 [ 9 305:310]
 31 [ 7 330:335]
 10 [ 4 420:425]
 -3 [ 4 473:473]

y[3181] = 1.0
Vehicle: 701  Cost: 74.57
Route: 7 49 45 29 58 -7 
  7 [ 3  73: 88]
 49 [ 4 117:122]
 45 [ 8 127:132]
 29 [ 5 300:305]
 58 [ 8 305:310]
 -7 [ 8 326:326]

y[3264] = 1.0
Vehicle: 401  Cost: 48.98
Route: 4 17 25 12 -4 
  4 [ 4 112:127]
 17 [ 2 142:147]
 25 [ 1 300:305]
 12 [ 0 314:319]
 -4 [ 0 327:327]

y[3723] = 1.0000000000000002
Vehicle: 503  Cost: 161.88
Route: 5 22 30 60 63 36 64 53 -5 
  5 [ 8  37: 52]
 22 [ 5  95:100]
 30 [ 1 117:122]
 60 [ 3 122:127]
 63 [ 7 141:146]
 36 [ 6 146:151]
 64 [ 7 180:185]
 53 [10 200:205]
 -5 [10 268:268]

y[5190] = 1.0
Vehicle: 701  Cost: 97.98
Route: 7 59 39 67 48 19 71 -7 
  7 [ 5 192:207]
 59 [ 7 222:227]
 39 [ 3 236:241]
 67 [ 5 241:246]
 48 [ 7 273:278]
 19 [ 6 300:305]
 71 [ 8 316:321]
 -7 [ 8 348:348]

y[5225] = 1.0
Vehicle: 304  Cost: 76.17
Route: 3 35 24 38 42 37 -3 
  3 [10 356:371]
 35 [ 9 382:387]
 24 [ 7 395:400]
 38 [ 5 417:422]
 42 [ 2 424:429]
 37 [ 0 458:463]
 -3 [ 0 472:472]

FE: 3
SE: 13
!MIP-----
1325.7873718404248,126.41511487960815,0.0,3,13,3381,5739

Run: 5
Total Cost: 1309.66
Vehicle: 11  Cost: 64.78
Route: 1 8 -8 -1 
 1 [ 38   0:  0 [30, 35, 36, 37, 16, 14, 19, 27, 24, 26, 20, 11, 39, 28, 21]]
 8 [  0  32: 32 []]
-8 [ 44  32:387 [52, 47, 66, 45, 60, 71, 63, 68, 53, 48, 57, 55, 61, 59, 49, 67, 44, 64, 43]]
-1 [ 44 419:419 [52, 47, 66, 45, 60, 71, 63, 68, 53, 48, 57, 55, 61, 59, 49, 67, 44, 64, 43]]

Vehicle: 17  Cost: 186.98
Route: 1 5 -5 4 -4 2 -2 -1 
 1 [ 46   0:  0 [40, 33, 12, 15, 41, 34, 42, 10, 29, 17, 23, 38, 13, 18, 22, 32, 31, 25]]
 5 [ 26  37: 37 [40, 12, 15, 41, 34, 29, 17, 23, 13, 22, 25]]
-5 [ 36  37:108 [40, 56, 12, 15, 41, 34, 29, 17, 23, 13, 50, 65, 22, 25]]
 4 [ 16 172:172 [56, 29, 23, 50, 65]]
-4 [ 27 172:385 [56, 70, 46, 29, 23, 62, 50, 69, 65]]
 2 [ 21 420:420 [56, 70, 46, 62, 50, 69, 65]]
-2 [ 28 420:490 [56, 70, 46, 54, 58, 51, 62, 50, 69, 65]]
-1 [ 28 541:541 [56, 70, 46, 54, 58, 51, 62, 50, 69, 65]]

Vehicle: 201  Cost: 15.08
Route: 2 58 29 54 23 51 -2 
  2 [ 6 420:435]
 58 [ 9 439:444]
 29 [ 6 444:449]
 54 [ 9 452:457]
 23 [ 6 457:462]
 51 [ 7 465:470]
 -2 [ 7 475:475]

Vehicle: 401  Cost: 79.04
Route: 4 17 40 69 41 70 62 34 -4 
  4 [10 172:187]
 17 [ 8 202:207]
 40 [ 4 233:238]
 69 [ 7 238:243]
 41 [ 4 300:305]
 70 [ 7 305:310]
 62 [ 8 318:323]
 34 [ 7 336:341]
 -4 [ 7 356:356]

Vehicle: 402  Cost: 108.27
Route: 4 13 22 46 15 25 12 -4 
  4 [10 172:187]
 13 [ 7 204:209]
 22 [ 4 231:236]
 46 [ 8 300:305]
 15 [ 6 305:310]
 25 [ 5 342:347]
 12 [ 4 356:361]
 -4 [ 4 370:370]

Vehicle: 501  Cost: 21.15
Route: 5 56 50 18 65 -5 
  5 [ 4  37: 52]
 56 [ 7  60: 65]
 50 [10  68: 73]
 18 [ 6  73: 78]
 65 [10  82: 87]
 -5 [10  93: 93]

Vehicle: 502  Cost: 10.47
Route: 5 32 33 -5 
  5 [ 6  37:176]
 32 [ 4 180:185]
 33 [ 0 300:305]
 -5 [ 0 310:310]

Vehicle: 503  Cost: 101.60
Route: 5 42 10 31 38 -5 
  5 [10  37:394]
 42 [ 7 420:425]
 10 [ 4 445:450]
 31 [ 2 458:463]
 38 [ 0 484:489]
 -5 [ 0 516:516]

Vehicle: 801  Cost: 76.33
Route: 8 68 66 16 47 43 -8 
  8 [ 2  32: 47]
 68 [ 3  60: 65]
 66 [ 7 300:305]
 16 [ 5 319:324]
 47 [ 6 324:329]
 43 [10 359:364]
 -8 [10 372:372]

Vehicle: 802  Cost: 143.40
Route: 8 59 67 39 48 19 71 -8 
  8 [ 5  32: 47]
 59 [ 7  88: 93]
 67 [ 9 101:106]
 39 [ 5 106:111]
 48 [ 7 138:143]
 19 [ 6 300:305]
 71 [ 8 316:321]
 -8 [ 8 368:368]

Vehicle: 803  Cost: 130.74
Route: 8 61 26 45 49 11 -8 
  8 [ 7  32: 47]
 61 [ 8  68: 73]
 26 [ 4 109:114]
 45 [ 8 133:138]
 49 [ 9 143:148]
 11 [ 6 300:305]
 -8 [ 6 316:316]

Vehicle: 804  Cost: 69.93
Route: 8 21 57 24 35 37 -8 
  8 [ 8  32: 51]
 21 [ 5  60: 65]
 57 [ 9  84: 89]
 24 [ 7 300:305]
 35 [ 6 313:318]
 37 [ 4 324:329]
 -8 [ 4 349:349]

Vehicle: 805  Cost: 145.87
Route: 8 44 20 52 28 55 27 -8 
  8 [ 7  32: 47]
 44 [10  91: 96]
 20 [ 7 102:107]
 52 [ 9 107:112]
 28 [ 7 150:155]
 55 [ 8 300:305]
 27 [ 6 305:310]
 -8 [ 6 344:344]

Vehicle: 807  Cost: 156.02
Route: 8 14 60 30 63 36 64 53 -8 
  8 [ 9  32: 47]
 14 [ 5  80: 85]
 60 [ 7 108:113]
 30 [ 3 113:118]
 63 [ 7 132:137]
 36 [ 6 137:142]
 64 [ 7 180:185]
 53 [10 200:205]
 -8 [10 267:267]

Total Cost: 1309.66
 11:64.78, 44:75 [1, 8, -8, -1]
 17:186.98, 46:75 [1, 5, -5, 4, -4, 2, -2, -1]
201:15.08, 9:10 [2, 58, 29, 54, 23, 51, -2]
401:79.04, 10:10 [4, 17, 40, 69, 41, 70, 62, 34, -4]
402:108.27, 10:10 [4, 13, 22, 46, 15, 25, 12, -4]
501:21.15, 10:10 [5, 56, 50, 18, 65, -5]
502:10.47, 6:10 [5, 32, 33, -5]
503:101.60, 10:10 [5, 42, 10, 31, 38, -5]
801:76.33, 10:10 [8, 68, 66, 16, 47, 43, -8]
802:143.40, 9:10 [8, 59, 67, 39, 48, 19, 71, -8]
803:130.74, 9:10 [8, 61, 26, 45, 49, 11, -8]
804:69.93, 9:10 [8, 21, 57, 24, 35, 37, -8]
805:145.87, 10:10 [8, 44, 20, 52, 28, 55, 27, -8]
807:156.02, 10:10 [8, 14, 60, 30, 63, 36, 64, 53, -8]
fe: 2, se: 12

!ALNS------------
100000,1309.6603988807751,714.908,148.482,2,12,0.6,0.9333333333333333,31.0,5.166666666666667
2 6 3 5 0 1 4 0 
12.170686677608403 22.2307187705194 13.885025954553367 15.324156430541747 70.61159917363082 24.257984150197498 21.527645357661346 46.24811070783525 
0 1 3 4 3 2 6 2 
18.743352294492436 18.63568409041612 18.16381887766772 17.314142688482978 19.001966996045134 19.382131849077705 18.452157366178998 18.386901886723432 

x[1072] = 1.0
Vehicle: 17  Cost: 186.98
Route: 1 5 -5 4 -4 2 -2 -1 
 1 [ 46   0:  0 [17, 34, 13, 42, 25, 10, 12, 15, 40, 41, 33, 29, 23, 18, 38, 22, 31, 32]]
 5 [ 26  37: 37 [17, 34, 13, 25, 12, 15, 40, 41, 29, 23, 22]]
-5 [ 38  37:126 [50, 65, 17, 34, 13, 25, 56, 12, 15, 40, 41, 29, 23, 22, 60]]
 4 [ 18 190:190 [50, 65, 56, 29, 23, 60]]
-4 [ 29 190:385 [50, 65, 62, 56, 70, 29, 23, 69, 46, 60]]
 2 [ 23 420:420 [50, 65, 56, 62, 70, 69, 46, 60]]
-2 [ 30 420:490 [58, 50, 65, 56, 62, 70, 54, 51, 69, 46, 60]]
-1 [ 30 541:541 [50, 65, 62, 56, 70, 58, 54, 51, 69, 46, 60]]

x[2832] = 1.0
Vehicle: 11  Cost: 64.78
Route: 1 8 -8 -1 
 1 [ 38   0:  0 [35, 19, 39, 14, 16, 30, 26, 27, 28, 37, 20, 24, 11, 36, 21]]
 8 [  0  32: 32 []]
-8 [ 51  32:387 [43, 45, 53, 44, 57, 68, 48, 71, 47, 66, 67, 55, 61, 52, 60, 59, 49, 63, 64, 65, 56]]
-1 [ 51 419:419 [43, 45, 53, 44, 57, 68, 48, 71, 47, 66, 67, 55, 61, 52, 60, 59, 49, 63, 64, 65, 56]]

y[539] = 1.0
Vehicle: 401  Cost: 79.04
Route: 4 17 40 69 70 41 62 34 -4 
  4 [10 226:241]
 17 [ 8 256:261]
 40 [ 4 287:292]
 69 [ 7 292:297]
 70 [10 300:305]
 41 [ 7 305:310]
 62 [ 8 318:323]
 34 [ 7 336:341]
 -4 [ 7 356:356]

y[881] = 1.0
Vehicle: 503  Cost: 101.60
Route: 5 38 31 10 42 -5 
  5 [10 359:374]
 38 [ 8 401:406]
 31 [ 6 427:432]
 10 [ 3 440:445]
 42 [ 0 465:470]
 -5 [ 0 496:496]

y[1400] = 1.0
Vehicle: 803  Cost: 130.74
Route: 8 61 26 45 49 11 -8 
  8 [ 7  32: 47]
 61 [ 8  68: 73]
 26 [ 4 109:114]
 45 [ 8 133:138]
 49 [ 9 143:148]
 11 [ 6 300:305]
 -8 [ 6 316:316]

y[1427] = 1.0
Vehicle: 805  Cost: 145.87
Route: 8 44 20 52 28 55 27 -8 
  8 [ 7  90:105]
 44 [10 149:154]
 20 [ 7 160:165]
 52 [ 9 165:170]
 28 [ 7 208:213]
 55 [ 8 300:305]
 27 [ 6 305:310]
 -8 [ 6 344:344]

y[1478] = 1.0
Vehicle: 801  Cost: 76.33
Route: 8 68 66 47 16 43 -8 
  8 [ 2 140:155]
 68 [ 3 168:173]
 66 [ 7 300:305]
 47 [ 8 319:324]
 16 [ 6 324:329]
 43 [10 359:364]
 -8 [10 372:372]

y[1516] = 1.0
Vehicle: 201  Cost: 15.08
Route: 2 29 58 23 54 51 -2 
  2 [ 6 420:435]
 29 [ 3 439:444]
 58 [ 6 444:449]
 23 [ 3 452:457]
 54 [ 6 457:462]
 51 [ 7 465:470]
 -2 [ 7 475:475]

y[1630] = 1.0
Vehicle: 402  Cost: 108.27
Route: 4 13 22 15 46 25 12 -4 
  4 [10 216:231]
 13 [ 7 248:253]
 22 [ 4 276:281]
 15 [ 2 300:305]
 46 [ 6 305:310]
 25 [ 5 342:347]
 12 [ 4 356:361]
 -4 [ 4 370:370]

y[2278] = 1.0
Vehicle: 503  Cost: 21.15
Route: 5 56 50 18 65 -5 
  5 [ 4  37: 52]
 56 [ 7  60: 65]
 50 [10  68: 73]
 18 [ 6  73: 78]
 65 [10  82: 87]
 -5 [10  93: 93]

y[2454] = 1.0
Vehicle: 803  Cost: 69.93
Route: 8 21 57 24 35 37 -8 
  8 [ 8  32: 51]
 21 [ 5  60: 65]
 57 [ 9  84: 89]
 24 [ 7 300:305]
 35 [ 6 313:318]
 37 [ 4 324:329]
 -8 [ 4 349:349]

y[2796] = 1.0
Vehicle: 806  Cost: 143.40
Route: 8 59 39 67 48 19 71 -8 
  8 [ 5  32: 47]
 59 [ 7  88: 93]
 39 [ 3 101:106]
 67 [ 5 106:111]
 48 [ 7 138:143]
 19 [ 6 300:305]
 71 [ 8 316:321]
 -8 [ 8 368:368]

y[3523] = 1.0
Vehicle: 502  Cost: 10.47
Route: 5 32 33 -5 
  5 [ 6 200:215]
 32 [ 4 220:225]
 33 [ 0 300:305]
 -5 [ 0 310:310]

y[3552] = 1.0
Vehicle: 803  Cost: 156.02
Route: 8 14 60 30 63 36 64 53 -8 
  8 [ 9  90:105]
 14 [ 5 138:143]
 60 [ 7 166:171]
 30 [ 3 171:176]
 63 [ 7 190:195]
 36 [ 6 195:200]
 64 [ 7 210:215]
 53 [10 230:235]
 -8 [10 296:296]

FE: 2
SE: 12
!MIP-----
1309.6603988807751,240.61970496177673,9.910515195791256E-5,2,12,3300,5780