--Parameters Information--
speed=1
run=5
iteration= 100000
batch=100
restartPeriod=10000
largeRemovalOccurrence=500
initialLNS=250
lowerBoundSmallRemoval=4
smallRemoval=0.2
lowerBoundLargeRemoval=0.55
largeRemoval=0.8
initialWeight=1.0
decayRate=0.1
gamma1=9.0
gamma2=5.0
gamma3=2.0
gamma4=0.0
coolingRate=0.9995
temperatureControlParameter=0.05
initialAcceptanceProbability=0.5
perturbation=0.5
perturbationFactor=0.01
split=20000

Setup: Split
Data: C_50_8_D

Run: 1
Total Cost: 1263.80
Vehicle: 11  Cost: 138.84
Route: 1 5 -5 8 2 -2 -1 
 1 [ 48   0:  0 [52, 46, 23, 35, 22, 17, 24, 28, 21, 18, 45, 30, 50, 38, 31, 20, 29, 27, 37, 39, 10]]
 5 [ 35  38: 38 [52, 46, 23, 35, 24, 28, 21, 18, 45, 30, 50, 31, 20, 29, 27, 37, 10]]
-5 [ 39  38:129 [59, 52, 46, 23, 35, 24, 28, 21, 18, 45, 30, 50, 31, 20, 29, 27, 37, 10]]
 8 [ 32 153:168 [52, 46, 23, 35, 24, 28, 21, 18, 45, 30, 50, 59, 29, 27, 37, 10]]
 2 [  4 183:183 [59]]
-2 [ 19 183:410 [74, 61, 62, 71, 56, 63, 65, 59]]
-1 [ 19 472:472 [74, 61, 62, 71, 56, 63, 65, 59]]

Vehicle: 15  Cost: 96.09
Route: 1 7 9 -9 -7 -1 
 1 [ 54   0:  0 [41, 51, 49, 33, 44, 48, 42, 43, 34, 25, 19, 36, 15, 32, 12, 13, 16, 11, 47, 40, 26, 14]]
 7 [ 36  20: 35 [41, 49, 33, 44, 42, 19, 15, 32, 12, 13, 47, 40, 14]]
 9 [  0  63: 63 []]
-9 [ 34  63:354 [53, 67, 57, 58, 68, 66, 70, 60, 54, 64, 73, 72]]
-7 [ 42 382:397 [69, 53, 67, 57, 58, 68, 66, 70, 60, 55, 54, 64, 73, 72]]
-1 [ 42 417:417 [69, 53, 67, 57, 58, 68, 66, 70, 60, 55, 54, 64, 73, 72]]

Vehicle: 201  Cost: 67.97
Route: 2 50 74 30 63 65 24 -2 
  2 [ 9 183:198]
 50 [ 5 226:231]
 74 [ 7 231:236]
 30 [ 3 300:305]
 63 [ 5 305:310]
 65 [ 7 317:322]
 24 [ 6 342:347]
 -2 [ 6 351:351]

Vehicle: 202  Cost: 143.05
Route: 2 52 28 10 18 56 61 23 27 -2 
  2 [ 9 183:198]
 52 [ 8 211:216]
 28 [ 7 220:225]
 10 [ 5 269:274]
 18 [ 2 300:305]
 56 [ 4 305:310]
 61 [ 6 325:330]
 23 [ 5 330:335]
 27 [ 4 348:353]
 -2 [ 4 395:395]

Vehicle: 203  Cost: 122.95
Route: 2 37 45 71 46 35 21 29 62 -2 
  2 [10 183:198]
 37 [ 7 227:232]
 45 [ 5 246:251]
 71 [ 8 256:261]
 46 [ 7 261:266]
 35 [ 5 300:305]
 21 [ 4 327:332]
 29 [ 3 358:363]
 62 [ 5 363:368]
 -2 [ 5 387:387]

Vehicle: 501  Cost: 45.95
Route: 5 17 59 22 -5 
  5 [ 5  38: 53]
 17 [ 2  69: 74]
 59 [ 6  89: 94]
 22 [ 4  94: 99]
 -5 [ 4 114:114]

Vehicle: 502  Cost: 51.05
Route: 5 39 38 -5 
  5 [ 8  38:277]
 39 [ 4 300:305]
 38 [ 0 313:318]
 -5 [ 0 338:338]

Vehicle: 701  Cost: 90.18
Route: 7 11 26 36 55 51 25 -7 
  7 [10  20: 35]
 11 [ 8  52: 57]
 26 [ 7  60: 65]
 36 [ 3 180:185]
 55 [ 7 191:196]
 51 [ 5 206:211]
 25 [ 4 231:236]
 -7 [ 4 256:256]

Vehicle: 702  Cost: 35.44
Route: 7 43 69 34 48 16 -7 
  7 [ 8  20: 47]
 43 [ 4  60: 65]
 69 [ 8  65: 70]
 34 [ 7  79: 84]
 48 [ 6 180:185]
 16 [ 4 193:198]
 -7 [ 4 200:200]

Vehicle: 801  Cost: 36.17
Route: 8 31 20 -8 
  8 [ 7 153:168]
 31 [ 3 176:181]
 20 [ 0 300:305]
 -8 [ 0 319:319]

Vehicle: 901  Cost: 58.39
Route: 9 72 47 66 -9 
  9 [ 4  63: 78]
 72 [ 8 104:109]
 47 [ 4 109:114]
 66 [ 8 300:305]
 -9 [ 8 321:321]

Vehicle: 902  Cost: 50.82
Route: 9 15 54 68 41 58 70 -9 
  9 [ 2  63:169]
 15 [ 1 180:185]
 54 [ 4 185:190]
 68 [ 5 192:197]
 41 [ 4 197:202]
 58 [ 7 300:305]
 70 [ 8 310:315]
 -9 [ 8 339:339]

Vehicle: 903  Cost: 86.03
Route: 9 32 14 44 -9 
  9 [ 8  63: 78]
 32 [ 7 107:112]
 14 [ 3 420:425]
 44 [ 0 427:432]
 -9 [ 0 471:471]

Vehicle: 904  Cost: 71.73
Route: 9 13 12 -9 
  9 [ 8  63: 78]
 13 [ 4 114:119]
 12 [ 0 420:425]
 -9 [ 0 444:444]

Vehicle: 905  Cost: 140.65
Route: 9 40 42 64 33 53 60 67 -9 
  9 [10  63: 78]
 40 [ 7 141:146]
 42 [ 4 146:151]
 64 [ 6 160:165]
 33 [ 2 165:170]
 53 [ 6 188:193]
 60 [ 8 220:225]
 67 [10 227:232]
 -9 [10 254:254]

Vehicle: 906  Cost: 28.49
Route: 9 73 49 19 57 -9 
  9 [ 4  63: 78]
 73 [ 8  88: 93]
 49 [ 7  93: 98]
 19 [ 4 300:305]
 57 [ 8 305:310]
 -9 [ 8 319:319]

Total Cost: 1263.80
 11:138.84, 48:75 [1, 5, -5, 8, 2, -2, -1]
 15:96.09, 54:75 [1, 7, 9, -9, -7, -1]
201:67.97, 9:10 [2, 50, 74, 30, 63, 65, 24, -2]
202:143.05, 9:10 [2, 52, 28, 10, 18, 56, 61, 23, 27, -2]
203:122.95, 10:10 [2, 37, 45, 71, 46, 35, 21, 29, 62, -2]
501:45.95, 6:10 [5, 17, 59, 22, -5]
502:51.05, 8:10 [5, 39, 38, -5]
701:90.18, 10:10 [7, 11, 26, 36, 55, 51, 25, -7]
702:35.44, 8:10 [7, 43, 69, 34, 48, 16, -7]
801:36.17, 7:10 [8, 31, 20, -8]
901:58.39, 8:10 [9, 72, 47, 66, -9]
902:50.82, 8:10 [9, 15, 54, 68, 41, 58, 70, -9]
903:86.03, 8:10 [9, 32, 14, 44, -9]
904:71.73, 8:10 [9, 13, 12, -9]
905:140.65, 10:10 [9, 40, 42, 64, 33, 53, 60, 67, -9]
906:28.49, 8:10 [9, 73, 49, 19, 57, -9]
fe: 2, se: 14

!ALNS------------
100000,1263.7996453852754,262.655,19.725,2,14,0.68,0.8357142857142857,32.5,4.642857142857143
5 5 4 1 0 0 1 1 
10.927888287404862 21.78573047723415 12.53439295465529 13.632306573077058 18.918086659603517 14.188774219757109 14.882855413011283 26.112181254741525 
2 3 1 1 2 4 0 4 
16.251580062457787 16.9382322725908 15.611033192425522 16.983599208067165 16.004893624002307 15.002993334890018 14.387604336381008 15.043715801941257 

x[1715] = 1.0
Vehicle: 11  Cost: 138.84
Route: 1 5 -5 8 2 -2 -1 
 1 [ 48   0:  0 [52, 46, 23, 35, 22, 17, 24, 28, 21, 45, 30, 50, 31, 20, 29, 37, 39, 10, 18, 38, 27]]
 5 [ 35  38: 38 [52, 46, 23, 35, 24, 28, 21, 45, 30, 50, 31, 20, 29, 37, 10, 18, 27]]
-5 [ 39  38:129 [59, 52, 46, 23, 35, 24, 28, 21, 45, 30, 50, 31, 20, 29, 37, 10, 18, 27]]
 8 [ 32 153:168 [52, 46, 23, 35, 24, 28, 21, 45, 30, 50, 59, 29, 37, 10, 18, 27]]
 2 [  4 183:183 [59]]
-2 [ 21 183:413 [74, 71, 56, 63, 65, 59, 64, 61, 62]]
-1 [ 21 475:475 [74, 71, 56, 63, 65, 59, 64, 61, 62]]

x[1804] = 1.0
Vehicle: 15  Cost: 96.09
Route: 1 7 9 -9 -7 -1 
 1 [ 54   0:  0 [41, 51, 49, 33, 44, 48, 42, 43, 34, 25, 19, 36, 15, 32, 12, 13, 16, 11, 47, 40, 26, 14]]
 7 [ 36  20: 35 [41, 49, 33, 44, 42, 19, 15, 32, 12, 13, 47, 40, 14]]
 9 [  0  63: 63 []]
-9 [ 34  63:354 [53, 67, 57, 58, 68, 66, 70, 60, 54, 64, 73, 72]]
-7 [ 42 382:397 [69, 53, 67, 57, 58, 68, 66, 70, 60, 55, 54, 64, 73, 72]]
-1 [ 42 417:417 [69, 53, 67, 57, 58, 68, 66, 70, 60, 55, 54, 64, 73, 72]]

y[42] = 0.9999931493103424
Vehicle: 903  Cost: 86.03
Route: 9 32 14 44 -9 
  9 [ 8 134:149]
 32 [ 7 179:184]
 14 [ 3 420:425]
 44 [ 0 427:432]
 -9 [ 0 471:471]

y[140] = 1.0
Vehicle: 801  Cost: 36.17
Route: 8 31 20 -8 
  8 [ 7 153:168]
 31 [ 3 176:181]
 20 [ 0 300:305]
 -8 [ 0 319:319]

y[212] = 1.0
Vehicle: 501  Cost: 45.95
Route: 5 17 59 22 -5 
  5 [ 5  38: 53]
 17 [ 2  69: 74]
 59 [ 6  89: 94]
 22 [ 4  94: 99]
 -5 [ 4 114:114]

y[340] = 1.0
Vehicle: 904  Cost: 71.73
Route: 9 13 12 -9 
  9 [ 8 121:136]
 13 [ 4 171:176]
 12 [ 0 420:425]
 -9 [ 0 444:444]

y[671] = 1.0
Vehicle: 201  Cost: 67.97
Route: 2 50 74 30 63 65 24 -2 
  2 [ 9 205:220]
 50 [ 5 248:253]
 74 [ 7 253:258]
 30 [ 3 300:305]
 63 [ 5 305:310]
 65 [ 7 317:322]
 24 [ 6 342:347]
 -2 [ 6 351:351]

y[878] = 1.0
Vehicle: 701  Cost: 90.18
Route: 7 11 26 36 55 51 25 -7 
  7 [10  86:101]
 11 [ 8 118:123]
 26 [ 7 126:131]
 36 [ 3 180:185]
 55 [ 7 191:196]
 51 [ 5 206:211]
 25 [ 4 231:236]
 -7 [ 4 256:256]

y[1166] = 1.0
Vehicle: 501  Cost: 51.05
Route: 5 38 39 -5 
  5 [ 8 336:351]
 38 [ 4 371:376]
 39 [ 0 384:389]
 -5 [ 0 412:412]

y[1225] = 1.0
Vehicle: 202  Cost: 143.05
Route: 2 52 28 10 56 18 23 61 27 -2 
  2 [ 9 196:211]
 52 [ 8 224:229]
 28 [ 7 233:238]
 10 [ 5 282:287]
 56 [ 7 300:305]
 18 [ 4 305:310]
 23 [ 3 325:330]
 61 [ 5 330:335]
 27 [ 4 348:353]
 -2 [ 4 395:395]

y[1450] = 1.0
Vehicle: 702  Cost: 35.44
Route: 7 43 69 34 48 16 -7 
  7 [ 8  86:101]
 43 [ 4 114:119]
 69 [ 8 119:124]
 34 [ 7 133:138]
 48 [ 6 180:185]
 16 [ 4 193:198]
 -7 [ 4 200:200]

y[1483] = 0.9999931493103424
Vehicle: 902  Cost: 50.82
Route: 9 15 54 41 68 58 70 -9 
  9 [ 2 134:169]
 15 [ 1 180:185]
 54 [ 4 185:190]
 41 [ 3 192:197]
 68 [ 4 197:202]
 58 [ 7 300:305]
 70 [ 8 310:315]
 -9 [ 8 339:339]

y[2634] = 1.0
Vehicle: 906  Cost: 28.49
Route: 9 49 73 19 57 -9 
  9 [ 4 209:224]
 49 [ 3 234:239]
 73 [ 7 239:244]
 19 [ 4 300:305]
 57 [ 8 305:310]
 -9 [ 8 319:319]

y[4318] = 1.0
Vehicle: 203  Cost: 122.95
Route: 2 37 45 46 71 35 21 62 29 -2 
  2 [10 197:212]
 37 [ 7 241:246]
 45 [ 5 260:265]
 46 [ 4 270:275]
 71 [ 7 275:280]
 35 [ 5 300:305]
 21 [ 4 327:332]
 62 [ 6 358:363]
 29 [ 5 363:368]
 -2 [ 5 387:387]

y[4365] = 1.0
Vehicle: 905  Cost: 140.65
Route: 9 40 42 64 33 53 60 67 -9 
  9 [10 120:135]
 40 [ 7 198:203]
 42 [ 4 203:208]
 64 [ 6 217:222]
 33 [ 2 222:227]
 53 [ 6 244:249]
 60 [ 8 277:282]
 67 [10 284:289]
 -9 [10 310:310]

y[4905] = 1.0
Vehicle: 901  Cost: 58.39
Route: 9 72 47 66 -9 
  9 [ 4 118:133]
 72 [ 8 159:164]
 47 [ 4 164:169]
 66 [ 8 300:305]
 -9 [ 8 321:321]

FE: 2
SE: 14
!MIP-----
1263.7996448351792,120.49580407142639,9.326291110906057E-5,2,14,2820,5233

Run: 2
Total Cost: 1263.80
Vehicle: 11  Cost: 138.84
Route: 1 5 -5 8 2 -2 -1 
 1 [ 48   0:  0 [52, 38, 21, 10, 24, 39, 23, 22, 18, 20, 45, 46, 17, 29, 31, 35, 50, 27, 30, 37, 28]]
 5 [ 35  38: 38 [52, 21, 10, 24, 23, 18, 20, 45, 46, 29, 31, 35, 50, 27, 30, 37, 28]]
-5 [ 39  38:129 [59, 52, 21, 10, 24, 23, 18, 20, 45, 46, 29, 31, 35, 50, 27, 30, 37, 28]]
 8 [ 32 153:168 [52, 59, 21, 10, 24, 23, 18, 45, 46, 29, 35, 50, 27, 30, 37, 28]]
 2 [  4 183:183 [59]]
-2 [ 19 183:410 [61, 62, 59, 56, 63, 71, 74, 65]]
-1 [ 19 472:472 [61, 62, 59, 56, 63, 71, 74, 65]]

Vehicle: 13  Cost: 96.09
Route: 1 7 9 -9 -7 -1 
 1 [ 54   0:  0 [34, 25, 47, 33, 41, 36, 51, 19, 14, 12, 32, 13, 44, 16, 42, 48, 40, 15, 49, 26, 11, 43]]
 7 [ 36  20: 35 [47, 33, 41, 19, 14, 12, 32, 13, 44, 42, 40, 15, 49]]
 9 [  0  63: 63 []]
-9 [ 34  63:354 [66, 70, 58, 68, 60, 53, 72, 57, 67, 73, 54, 64]]
-7 [ 42 382:397 [69, 66, 70, 58, 68, 60, 55, 53, 72, 57, 67, 73, 54, 64]]
-1 [ 42 417:417 [66, 70, 58, 68, 60, 69, 55, 53, 72, 57, 67, 73, 54, 64]]

Vehicle: 201  Cost: 67.97
Route: 2 50 74 30 63 65 24 -2 
  2 [ 9 183:198]
 50 [ 5 226:231]
 74 [ 7 231:236]
 30 [ 3 300:305]
 63 [ 5 305:310]
 65 [ 7 317:322]
 24 [ 6 342:347]
 -2 [ 6 351:351]

Vehicle: 202  Cost: 122.95
Route: 2 37 45 71 46 35 21 29 62 -2 
  2 [10 183:198]
 37 [ 7 227:232]
 45 [ 5 246:251]
 71 [ 8 256:261]
 46 [ 7 261:266]
 35 [ 5 300:305]
 21 [ 4 327:332]
 29 [ 3 358:363]
 62 [ 5 363:368]
 -2 [ 5 387:387]

Vehicle: 204  Cost: 143.05
Route: 2 52 28 10 18 56 23 61 27 -2 
  2 [ 9 183:198]
 52 [ 8 211:216]
 28 [ 7 220:225]
 10 [ 5 269:274]
 18 [ 2 300:305]
 56 [ 4 305:310]
 23 [ 3 325:330]
 61 [ 5 330:335]
 27 [ 4 348:353]
 -2 [ 4 395:395]

Vehicle: 501  Cost: 51.05
Route: 5 39 38 -5 
  5 [ 8  38:277]
 39 [ 4 300:305]
 38 [ 0 313:318]
 -5 [ 0 338:338]

Vehicle: 502  Cost: 45.95
Route: 5 17 22 59 -5 
  5 [ 5  38: 53]
 17 [ 2  69: 74]
 22 [ 0  89: 94]
 59 [ 4  94: 99]
 -5 [ 4 114:114]

Vehicle: 701  Cost: 35.44
Route: 7 43 69 34 48 16 -7 
  7 [ 8  20: 47]
 43 [ 4  60: 65]
 69 [ 8  65: 70]
 34 [ 7  79: 84]
 48 [ 6 180:185]
 16 [ 4 193:198]
 -7 [ 4 200:200]

Vehicle: 702  Cost: 90.18
Route: 7 11 26 36 55 51 25 -7 
  7 [10  20: 35]
 11 [ 8  52: 57]
 26 [ 7  60: 65]
 36 [ 3 180:185]
 55 [ 7 191:196]
 51 [ 5 206:211]
 25 [ 4 231:236]
 -7 [ 4 256:256]

Vehicle: 801  Cost: 36.17
Route: 8 31 20 -8 
  8 [ 7 153:168]
 31 [ 3 176:181]
 20 [ 0 300:305]
 -8 [ 0 319:319]

Vehicle: 901  Cost: 50.82
Route: 9 15 54 41 68 58 70 -9 
  9 [ 2  63:169]
 15 [ 1 180:185]
 54 [ 4 185:190]
 41 [ 3 192:197]
 68 [ 4 197:202]
 58 [ 7 300:305]
 70 [ 8 310:315]
 -9 [ 8 339:339]

Vehicle: 902  Cost: 140.65
Route: 9 40 42 64 33 53 60 67 -9 
  9 [10  63: 78]
 40 [ 7 141:146]
 42 [ 4 146:151]
 64 [ 6 160:165]
 33 [ 2 165:170]
 53 [ 6 188:193]
 60 [ 8 220:225]
 67 [10 227:232]
 -9 [10 254:254]

Vehicle: 903  Cost: 58.39
Route: 9 72 47 66 -9 
  9 [ 4  63: 78]
 72 [ 8 104:109]
 47 [ 4 109:114]
 66 [ 8 300:305]
 -9 [ 8 321:321]

Vehicle: 904  Cost: 86.03
Route: 9 32 14 44 -9 
  9 [ 8  63: 78]
 32 [ 7 107:112]
 14 [ 3 420:425]
 44 [ 0 427:432]
 -9 [ 0 471:471]

Vehicle: 905  Cost: 71.73
Route: 9 13 12 -9 
  9 [ 8  63: 78]
 13 [ 4 114:119]
 12 [ 0 420:425]
 -9 [ 0 444:444]

Vehicle: 906  Cost: 28.49
Route: 9 49 73 19 57 -9 
  9 [ 4  63: 78]
 49 [ 3  88: 93]
 73 [ 7  93: 98]
 19 [ 4 300:305]
 57 [ 8 305:310]
 -9 [ 8 319:319]

Total Cost: 1263.80
 11:138.84, 48:75 [1, 5, -5, 8, 2, -2, -1]
 13:96.09, 54:75 [1, 7, 9, -9, -7, -1]
201:67.97, 9:10 [2, 50, 74, 30, 63, 65, 24, -2]
202:122.95, 10:10 [2, 37, 45, 71, 46, 35, 21, 29, 62, -2]
204:143.05, 9:10 [2, 52, 28, 10, 18, 56, 23, 61, 27, -2]
501:51.05, 8:10 [5, 39, 38, -5]
502:45.95, 5:10 [5, 17, 22, 59, -5]
701:35.44, 8:10 [7, 43, 69, 34, 48, 16, -7]
702:90.18, 10:10 [7, 11, 26, 36, 55, 51, 25, -7]
801:36.17, 7:10 [8, 31, 20, -8]
901:50.82, 8:10 [9, 15, 54, 41, 68, 58, 70, -9]
902:140.65, 10:10 [9, 40, 42, 64, 33, 53, 60, 67, -9]
903:58.39, 8:10 [9, 72, 47, 66, -9]
904:86.03, 8:10 [9, 32, 14, 44, -9]
905:71.73, 8:10 [9, 13, 12, -9]
906:28.49, 8:10 [9, 49, 73, 19, 57, -9]
fe: 2, se: 14

!ALNS------------
100000,1263.7996453852752,231.189,133.952,2,14,0.68,0.8285714285714286,32.5,4.642857142857143
7 5 10 4 0 2 7 1 
11.019570948003786 22.179301165221524 12.284694595910736 14.503243080343251 47.68738949054112 21.519306734996874 16.36892319038819 31.129275752031187 
5 6 3 3 4 3 5 7 
16.662986081739746 16.053424054282402 17.84428498647935 16.70391108491496 16.769152185053876 15.41423283410836 15.816404351013578 15.823445485705243 

x[903] = 1.0
Vehicle: 13  Cost: 96.09
Route: 1 7 9 -9 -7 -1 
 1 [ 54   0:  0 [32, 41, 33, 25, 19, 42, 14, 43, 44, 26, 36, 16, 15, 48, 51, 40, 47, 34, 11, 12, 49, 13]]
 7 [ 36  20: 35 [32, 41, 33, 19, 42, 14, 44, 15, 40, 47, 12, 49, 13]]
 9 [  0  63: 63 []]
-9 [ 34  63:354 [58, 66, 54, 73, 67, 72, 68, 57, 64, 53, 60, 70]]
-7 [ 44 382:397 [69, 58, 66, 54, 73, 67, 72, 68, 57, 64, 53, 55, 60, 70, 61]]
-1 [ 44 417:417 [69, 58, 66, 54, 73, 67, 72, 68, 57, 64, 53, 55, 60, 70, 61]]

x[1180] = 1.0
Vehicle: 11  Cost: 138.84
Route: 1 5 -5 8 2 -2 -1 
 1 [ 48   0:  0 [18, 28, 30, 17, 22, 23, 39, 38, 27, 21, 20, 10, 31, 37, 24, 46, 35, 52, 29, 45, 50]]
 5 [ 35  38: 38 [18, 28, 30, 23, 27, 21, 20, 10, 31, 37, 24, 46, 35, 52, 29, 45, 50]]
-5 [ 39  38:129 [59, 18, 28, 30, 23, 27, 21, 20, 10, 31, 37, 24, 46, 35, 52, 29, 45, 50]]
 8 [ 32 153:168 [18, 28, 30, 23, 59, 27, 21, 10, 37, 24, 46, 35, 52, 29, 45, 50]]
 2 [  4 183:183 [59]]
-2 [ 19 183:418 [61, 56, 65, 63, 59, 62, 71, 74]]
-1 [ 19 479:479 [61, 56, 65, 63, 59, 62, 71, 74]]

y[40] = 1.0
Vehicle: 906  Cost: 86.03
Route: 9 32 14 44 -9 
  9 [ 8 134:149]
 32 [ 7 179:184]
 14 [ 3 420:425]
 44 [ 0 427:432]
 -9 [ 0 471:471]

y[1221] = 1.0
Vehicle: 903  Cost: 58.39
Route: 9 47 72 66 -9 
  9 [ 4 183:198]
 47 [ 0 224:229]
 72 [ 4 229:234]
 66 [ 8 300:305]
 -9 [ 8 321:321]

y[2347] = 1.0
Vehicle: 201  Cost: 67.97
Route: 2 50 74 30 63 65 24 -2 
  2 [ 9 205:220]
 50 [ 5 248:253]
 74 [ 7 253:258]
 30 [ 3 300:305]
 63 [ 5 305:310]
 65 [ 7 317:322]
 24 [ 6 342:347]
 -2 [ 6 351:351]

y[2962] = 1.0
Vehicle: 501  Cost: 45.95
Route: 5 17 22 59 -5 
  5 [ 5  38: 53]
 17 [ 2  69: 74]
 22 [ 0  89: 94]
 59 [ 4  94: 99]
 -5 [ 4 114:114]

y[3285] = 1.0
Vehicle: 905  Cost: 71.73
Route: 9 13 12 -9 
  9 [ 8 243:258]
 13 [ 4 294:299]
 12 [ 0 420:425]
 -9 [ 0 444:444]

y[3458] = 1.0
Vehicle: 703  Cost: 35.44
Route: 7 43 69 34 48 16 -7 
  7 [ 8 139:154]
 43 [ 4 167:172]
 69 [ 8 172:177]
 34 [ 7 185:190]
 48 [ 6 195:200]
 16 [ 4 208:213]
 -7 [ 4 215:215]

y[3495] = 1.0
Vehicle: 901  Cost: 50.82
Route: 9 15 54 41 68 58 70 -9 
  9 [ 2 183:198]
 15 [ 1 210:215]
 54 [ 4 215:220]
 41 [ 3 222:227]
 68 [ 4 227:232]
 58 [ 7 300:305]
 70 [ 8 310:315]
 -9 [ 8 339:339]

y[4399] = 1.0
Vehicle: 803  Cost: 36.17
Route: 8 31 20 -8 
  8 [ 7 187:202]
 31 [ 3 211:216]
 20 [ 0 300:305]
 -8 [ 0 319:319]

y[4596] = 1.0
Vehicle: 202  Cost: 143.05
Route: 2 52 28 10 18 56 23 61 27 -2 
  2 [ 9 203:218]
 52 [ 8 231:236]
 28 [ 7 240:245]
 10 [ 5 289:294]
 18 [ 2 306:311]
 56 [ 4 311:316]
 23 [ 3 331:336]
 61 [ 5 336:341]
 27 [ 4 354:359]
 -2 [ 4 401:401]

y[4624] = 1.0
Vehicle: 501  Cost: 51.05
Route: 5 38 39 -5 
  5 [ 8 123:280]
 38 [ 4 300:305]
 39 [ 0 313:318]
 -5 [ 0 341:341]

y[4773] = 1.0
Vehicle: 701  Cost: 90.18
Route: 7 11 26 36 55 51 25 -7 
  7 [10  20: 35]
 11 [ 8  52: 57]
 26 [ 7  60: 65]
 36 [ 3 180:185]
 55 [ 7 191:196]
 51 [ 5 206:211]
 25 [ 4 231:236]
 -7 [ 4 256:256]

y[4948] = 1.0
Vehicle: 902  Cost: 140.65
Route: 9 40 42 33 64 53 60 67 -9 
  9 [10 121:136]
 40 [ 7 199:204]
 42 [ 4 204:209]
 33 [ 0 218:223]
 64 [ 2 223:228]
 53 [ 6 245:250]
 60 [ 8 278:283]
 67 [10 285:290]
 -9 [10 311:311]

y[5141] = 1.0
Vehicle: 903  Cost: 28.49
Route: 9 73 49 19 57 -9 
  9 [ 4 243:258]
 73 [ 8 268:273]
 49 [ 7 273:278]
 19 [ 4 300:305]
 57 [ 8 305:310]
 -9 [ 8 319:319]

y[5124] = 1.0
Vehicle: 203  Cost: 122.95
Route: 2 37 45 71 46 35 21 29 62 -2 
  2 [10 208:223]
 37 [ 7 252:257]
 45 [ 5 271:276]
 71 [ 8 281:286]
 46 [ 7 286:291]
 35 [ 5 300:305]
 21 [ 4 327:332]
 29 [ 3 358:363]
 62 [ 5 363:368]
 -2 [ 5 387:387]

FE: 2
SE: 14
!MIP-----
1263.7996453852752,165.0526168346405,9.930028872203058E-5,2,14,2998,5192

Run: 3
Total Cost: 1287.52
Vehicle: 11  Cost: 138.84
Route: 1 5 -5 8 2 -2 -1 
 1 [ 53   0:  0 [18, 29, 28, 10, 31, 23, 46, 50, 30, 45, 36, 24, 52, 35, 21, 22, 26, 27, 39, 38, 37, 17, 20]]
 5 [ 32  38: 38 [18, 29, 28, 10, 31, 23, 46, 50, 30, 45, 24, 52, 35, 21, 27, 37]]
-5 [ 36  38:109 [59, 18, 29, 28, 10, 31, 23, 46, 50, 30, 45, 24, 52, 35, 21, 27, 37]]
 8 [ 32 133:148 [18, 29, 28, 10, 23, 46, 50, 30, 45, 59, 24, 52, 35, 21, 27, 37]]
 2 [  4 163:163 [59]]
-2 [ 19 163:410 [61, 63, 74, 71, 56, 65, 59, 62]]
-1 [ 19 472:472 [61, 63, 74, 71, 56, 65, 59, 62]]

Vehicle: 12  Cost: 151.00
Route: 1 7 9 4 -4 -9 -7 -1 
 1 [ 49   0:  0 [42, 33, 40, 48, 41, 19, 11, 44, 47, 32, 51, 43, 15, 34, 49, 13, 12, 14, 16, 25]]
 7 [ 37  20: 35 [42, 33, 40, 41, 19, 44, 47, 32, 15, 49, 13, 12, 14, 25]]
 9 [ 18  63: 78 [42, 33, 40, 13, 12]]
 4 [  0 106:106 []]
-4 [ 10 106:283 [53, 60, 67, 64]]
-9 [ 34 310:354 [68, 73, 54, 72, 53, 58, 60, 70, 67, 64, 57, 66]]
-7 [ 42 382:397 [69, 53, 60, 67, 64, 68, 73, 54, 72, 58, 70, 57, 66, 55]]
-1 [ 42 417:417 [68, 73, 54, 72, 53, 58, 60, 70, 67, 64, 69, 57, 66, 55]]

Vehicle: 201  Cost: 67.97
Route: 2 50 74 30 63 65 24 -2 
  2 [ 9 163:178]
 50 [ 5 205:210]
 74 [ 7 210:215]
 30 [ 3 300:305]
 63 [ 5 305:310]
 65 [ 7 317:322]
 24 [ 6 342:347]
 -2 [ 6 351:351]

Vehicle: 202  Cost: 122.95
Route: 2 37 45 71 46 35 21 62 29 -2 
  2 [10 163:178]
 37 [ 7 207:212]
 45 [ 5 226:231]
 71 [ 8 236:241]
 46 [ 7 241:246]
 35 [ 5 300:305]
 21 [ 4 327:332]
 62 [ 6 358:363]
 29 [ 5 363:368]
 -2 [ 5 387:387]

Vehicle: 204  Cost: 143.05
Route: 2 52 28 10 56 18 23 61 27 -2 
  2 [ 9 163:178]
 52 [ 8 191:196]
 28 [ 7 199:204]
 10 [ 5 249:254]
 56 [ 7 300:305]
 18 [ 4 305:310]
 23 [ 3 325:330]
 61 [ 5 330:335]
 27 [ 4 348:353]
 -2 [ 4 395:395]

Vehicle: 401  Cost: 41.25
Route: 4 13 12 -4 
  4 [ 8 106:121]
 13 [ 4 133:138]
 12 [ 0 420:425]
 -4 [ 0 437:437]

Vehicle: 402  Cost: 112.35
Route: 4 40 42 64 33 53 60 67 -4 
  4 [10 106:121]
 40 [ 7 157:162]
 42 [ 4 162:167]
 64 [ 6 176:181]
 33 [ 2 181:186]
 53 [ 6 204:209]
 60 [ 8 236:241]
 67 [10 243:248]
 -4 [10 268:268]

Vehicle: 501  Cost: 56.61
Route: 5 17 38 20 -5 
  5 [10  38: 53]
 17 [ 7  69: 74]
 38 [ 3 300:305]
 20 [ 0 325:330]
 -5 [ 0 344:344]

Vehicle: 502  Cost: 30.53
Route: 5 22 59 -5 
  5 [ 2  38: 53]
 22 [ 0  69: 74]
 59 [ 4  74: 79]
 -5 [ 4  94: 94]

Vehicle: 503  Cost: 71.83
Route: 5 26 36 39 -5 
  5 [ 9  38: 53]
 26 [ 8  67: 72]
 36 [ 4 180:185]
 39 [ 0 300:305]
 -5 [ 0 328:328]

Vehicle: 701  Cost: 76.71
Route: 7 43 69 48 34 11 55 51 -7 
  7 [10  20: 47]
 43 [ 6  60: 65]
 69 [10  65: 70]
 48 [ 9 180:185]
 34 [ 8 189:194]
 11 [ 6 206:211]
 55 [10 220:225]
 51 [ 8 235:240]
 -7 [ 8 262:262]

Vehicle: 702  Cost: 4.00
Route: 7 16 -7 
  7 [ 2  20:178]
 16 [ 0 180:185]
 -7 [ 0 187:187]

Vehicle: 801  Cost: 16.49
Route: 8 31 -8 
  8 [ 4 133:148]
 31 [ 0 156:161]
 -8 [ 0 169:169]

Vehicle: 901  Cost: 92.96
Route: 9 47 72 32 25 66 -9 
  9 [ 6  63: 78]
 47 [ 2 104:109]
 72 [ 6 109:114]
 32 [ 5 118:123]
 25 [ 4 180:185]
 66 [ 8 300:305]
 -9 [ 8 321:321]

Vehicle: 902  Cost: 50.82
Route: 9 15 54 41 68 58 70 -9 
  9 [ 2  63:169]
 15 [ 1 180:185]
 54 [ 4 185:190]
 41 [ 3 192:197]
 68 [ 4 197:202]
 58 [ 7 300:305]
 70 [ 8 310:315]
 -9 [ 8 339:339]

Vehicle: 903  Cost: 28.49
Route: 9 49 73 19 57 -9 
  9 [ 4  63: 78]
 49 [ 3  88: 93]
 73 [ 7  93: 98]
 19 [ 4 300:305]
 57 [ 8 305:310]
 -9 [ 8 319:319]

Vehicle: 904  Cost: 81.65
Route: 9 14 44 -9 
  9 [ 7  63:379]
 14 [ 3 420:425]
 44 [ 0 427:432]
 -9 [ 0 471:471]

Total Cost: 1287.52
 11:138.84, 53:75 [1, 5, -5, 8, 2, -2, -1]
 12:151.00, 49:75 [1, 7, 9, 4, -4, -9, -7, -1]
201:67.97, 9:10 [2, 50, 74, 30, 63, 65, 24, -2]
202:122.95, 10:10 [2, 37, 45, 71, 46, 35, 21, 62, 29, -2]
204:143.05, 9:10 [2, 52, 28, 10, 56, 18, 23, 61, 27, -2]
401:41.25, 8:10 [4, 13, 12, -4]
402:112.35, 10:10 [4, 40, 42, 64, 33, 53, 60, 67, -4]
501:56.61, 10:10 [5, 17, 38, 20, -5]
502:30.53, 4:10 [5, 22, 59, -5]
503:71.83, 9:10 [5, 26, 36, 39, -5]
701:76.71, 10:10 [7, 43, 69, 48, 34, 11, 55, 51, -7]
702:4.00, 2:10 [7, 16, -7]
801:16.49, 4:10 [8, 31, -8]
901:92.96, 8:10 [9, 47, 72, 32, 25, 66, -9]
902:50.82, 8:10 [9, 15, 54, 41, 68, 58, 70, -9]
903:28.49, 8:10 [9, 49, 73, 19, 57, -9]
904:81.65, 7:10 [9, 14, 44, -9]
fe: 2, se: 15

!ALNS------------
100000,1287.5211270081884,293.355,221.336,2,15,0.68,0.7733333333333333,32.5,4.333333333333333
8 9 6 4 0 3 9 0 
10.496942880015233 18.977703694884266 10.367749479961653 12.144088393590915 33.906243069045956 16.308185101062527 14.34627705869375 35.43875037797653 
3 4 3 8 2 3 9 7 
15.229417243860253 13.991168433608363 15.114788584633214 16.35645086677847 14.092203717382839 13.776074985117072 15.36096012022974 15.901248886206725 

x[1331] = 1.0
Vehicle: 12  Cost: 151.00
Route: 1 7 9 4 -4 -9 -7 -1 
 1 [ 54   0:  0 [42, 33, 40, 48, 32, 47, 13, 41, 34, 19, 49, 43, 15, 44, 14, 25, 12, 36, 26, 51, 11, 16]]
 7 [ 36  20: 35 [42, 33, 40, 32, 47, 13, 41, 19, 49, 15, 44, 14, 12]]
 9 [ 18  63: 78 [42, 33, 40, 13, 12]]
 4 [  0 106:106 []]
-4 [ 10 106:283 [53, 60, 67, 64]]
-9 [ 34 310:354 [68, 73, 54, 72, 53, 66, 58, 60, 70, 67, 64, 57]]
-7 [ 42 382:397 [69, 53, 60, 67, 64, 68, 73, 54, 72, 66, 58, 70, 57, 55]]
-1 [ 42 417:417 [68, 73, 54, 72, 53, 66, 58, 60, 70, 67, 64, 69, 57, 55]]

x[2350] = 1.0
Vehicle: 11  Cost: 138.84
Route: 1 5 -5 8 2 -2 -1 
 1 [ 48   0:  0 [17, 50, 29, 30, 37, 45, 24, 46, 52, 31, 22, 23, 35, 21, 39, 38, 18, 20, 10, 27, 28]]
 5 [ 35  38: 38 [50, 29, 30, 37, 45, 24, 46, 52, 31, 23, 35, 21, 18, 20, 10, 27, 28]]
-5 [ 39  38:129 [59, 50, 29, 30, 37, 45, 24, 46, 52, 31, 23, 35, 21, 18, 20, 10, 27, 28]]
 8 [ 32 153:168 [50, 59, 29, 30, 37, 45, 24, 46, 52, 23, 35, 21, 18, 10, 27, 28]]
 2 [  4 183:183 [59]]
-2 [ 24 183:417 [65, 59, 71, 61, 63, 62, 56, 74, 54, 64]]
-1 [ 24 479:479 [65, 59, 71, 61, 63, 62, 56, 74, 54, 64]]

y[882] = 1.0
Vehicle: 904  Cost: 86.03
Route: 9 32 14 44 -9 
  9 [ 8 126:141]
 32 [ 7 170:175]
 14 [ 3 420:425]
 44 [ 0 427:432]
 -9 [ 0 471:471]

y[1092] = 1.0
Vehicle: 204  Cost: 122.95
Route: 2 37 45 46 71 35 21 29 62 -2 
  2 [10 203:218]
 37 [ 7 247:252]
 45 [ 5 266:271]
 46 [ 4 276:281]
 71 [ 7 281:286]
 35 [ 5 300:305]
 21 [ 4 327:332]
 29 [ 3 358:363]
 62 [ 5 363:368]
 -2 [ 5 387:387]

y[1152] = 1.0
Vehicle: 503  Cost: 45.95
Route: 5 59 22 17 -5 
  5 [ 5  38: 53]
 59 [ 9  69: 74]
 22 [ 7  74: 79]
 17 [ 4  94: 99]
 -5 [ 4 114:114]

y[1949] = 1.0
Vehicle: 802  Cost: 36.17
Route: 8 31 20 -8 
  8 [ 7 239:254]
 31 [ 3 262:267]
 20 [ 0 300:305]
 -8 [ 0 319:319]

y[2512] = 1.0
Vehicle: 701  Cost: 90.18
Route: 7 11 26 36 55 51 25 -7 
  7 [10  96:111]
 11 [ 8 127:132]
 26 [ 7 136:141]
 36 [ 3 180:185]
 55 [ 7 191:196]
 51 [ 5 206:211]
 25 [ 4 231:236]
 -7 [ 4 256:256]

y[2705] = 1.0
Vehicle: 702  Cost: 35.44
Route: 7 43 69 34 48 16 -7 
  7 [ 8  96:111]
 43 [ 4 124:129]
 69 [ 8 129:134]
 34 [ 7 142:147]
 48 [ 6 180:185]
 16 [ 4 193:198]
 -7 [ 4 200:200]

y[3336] = 1.0
Vehicle: 201  Cost: 67.97
Route: 2 50 74 63 30 65 24 -2 
  2 [ 9 218:233]
 50 [ 5 261:266]
 74 [ 7 266:271]
 63 [ 9 300:305]
 30 [ 5 305:310]
 65 [ 7 317:322]
 24 [ 6 342:347]
 -2 [ 6 351:351]

y[3730] = 1.0
Vehicle: 204  Cost: 143.05
Route: 2 52 28 10 18 56 61 23 27 -2 
  2 [ 9 203:218]
 52 [ 8 231:236]
 28 [ 7 240:245]
 10 [ 5 289:294]
 18 [ 2 306:311]
 56 [ 4 311:316]
 61 [ 6 331:336]
 23 [ 5 336:341]
 27 [ 4 354:359]
 -2 [ 4 401:401]

y[3852] = 1.0
Vehicle: 402  Cost: 112.35
Route: 4 42 40 64 33 53 60 67 -4 
  4 [10 106:121]
 42 [ 7 157:162]
 40 [ 4 162:167]
 64 [ 6 176:181]
 33 [ 2 181:186]
 53 [ 6 204:209]
 60 [ 8 236:241]
 67 [10 243:248]
 -4 [10 268:268]

y[4002] = 1.0
Vehicle: 901  Cost: 58.39
Route: 9 47 72 66 -9 
  9 [ 4 222:237]
 47 [ 0 262:267]
 72 [ 4 267:272]
 66 [ 8 300:305]
 -9 [ 8 321:321]

y[4118] = 1.0
Vehicle: 902  Cost: 50.82
Route: 9 15 54 41 68 58 70 -9 
  9 [ 2 226:241]
 15 [ 1 252:257]
 54 [ 4 257:262]
 41 [ 3 264:269]
 68 [ 4 269:274]
 58 [ 7 300:305]
 70 [ 8 310:315]
 -9 [ 8 339:339]

y[4891] = 1.0
Vehicle: 501  Cost: 51.05
Route: 5 38 39 -5 
  5 [ 8 384:399]
 38 [ 4 419:424]
 39 [ 0 432:437]
 -5 [ 0 460:460]

y[5133] = 1.0
Vehicle: 903  Cost: 28.49
Route: 9 49 73 19 57 -9 
  9 [ 4 254:269]
 49 [ 3 279:284]
 73 [ 7 284:289]
 19 [ 4 300:305]
 57 [ 8 305:310]
 -9 [ 8 319:319]

y[5513] = 1.0
Vehicle: 401  Cost: 41.25
Route: 4 13 12 -4 
  4 [ 8 225:240]
 13 [ 4 252:257]
 12 [ 0 420:425]
 -4 [ 0 437:437]

FE: 2
SE: 14
!MIP-----
1259.9435730615296,166.96293091773987,9.921684108790736E-5,2,14,3495,5674

Run: 4
Total Cost: 1263.80
Vehicle: 12  Cost: 138.84
Route: 1 5 -5 8 2 -2 -1 
 1 [ 48   0:  0 [29, 28, 22, 52, 30, 21, 38, 39, 20, 24, 18, 23, 27, 46, 37, 17, 31, 45, 35, 50, 10]]
 5 [ 35  38: 38 [29, 28, 52, 30, 21, 20, 24, 18, 23, 27, 46, 37, 31, 45, 35, 50, 10]]
-5 [ 39  38:129 [59, 29, 28, 52, 30, 21, 20, 24, 18, 23, 27, 46, 37, 31, 45, 35, 50, 10]]
 8 [ 32 153:168 [59, 29, 28, 52, 30, 21, 24, 18, 23, 27, 46, 37, 45, 35, 50, 10]]
 2 [  4 183:183 [59]]
-2 [ 19 183:410 [59, 62, 56, 63, 71, 74, 61, 65]]
-1 [ 19 472:472 [59, 62, 56, 63, 71, 74, 61, 65]]

Vehicle: 13  Cost: 96.09
Route: 1 7 9 -9 -7 -1 
 1 [ 54   0:  0 [49, 48, 32, 25, 19, 36, 34, 11, 14, 43, 44, 26, 33, 13, 16, 15, 47, 42, 40, 41, 51, 12]]
 7 [ 36  20: 35 [49, 32, 19, 14, 44, 33, 13, 15, 47, 42, 40, 41, 12]]
 9 [  0  63: 63 []]
-9 [ 34  63:354 [70, 58, 72, 66, 73, 64, 67, 54, 57, 60, 53, 68]]
-7 [ 42 382:397 [69, 70, 58, 72, 66, 73, 64, 55, 67, 54, 57, 60, 53, 68]]
-1 [ 42 417:417 [69, 70, 58, 72, 66, 73, 64, 55, 67, 54, 57, 60, 53, 68]]

Vehicle: 201  Cost: 122.95
Route: 2 37 45 71 46 35 21 29 62 -2 
  2 [10 183:198]
 37 [ 7 227:232]
 45 [ 5 246:251]
 71 [ 8 256:261]
 46 [ 7 261:266]
 35 [ 5 300:305]
 21 [ 4 327:332]
 29 [ 3 358:363]
 62 [ 5 363:368]
 -2 [ 5 387:387]

Vehicle: 202  Cost: 143.05
Route: 2 52 28 10 56 18 61 23 27 -2 
  2 [ 9 183:198]
 52 [ 8 211:216]
 28 [ 7 220:225]
 10 [ 5 269:274]
 56 [ 7 300:305]
 18 [ 4 305:310]
 61 [ 6 325:330]
 23 [ 5 330:335]
 27 [ 4 348:353]
 -2 [ 4 395:395]

Vehicle: 203  Cost: 67.97
Route: 2 50 74 63 30 65 24 -2 
  2 [ 9 183:198]
 50 [ 5 226:231]
 74 [ 7 231:236]
 63 [ 9 300:305]
 30 [ 5 305:310]
 65 [ 7 317:322]
 24 [ 6 342:347]
 -2 [ 6 351:351]

Vehicle: 501  Cost: 45.95
Route: 5 17 22 59 -5 
  5 [ 5  38: 53]
 17 [ 2  69: 74]
 22 [ 0  89: 94]
 59 [ 4  94: 99]
 -5 [ 4 114:114]

Vehicle: 502  Cost: 51.05
Route: 5 39 38 -5 
  5 [ 8  38:277]
 39 [ 4 300:305]
 38 [ 0 313:318]
 -5 [ 0 338:338]

Vehicle: 701  Cost: 90.18
Route: 7 11 26 36 55 51 25 -7 
  7 [10  20: 35]
 11 [ 8  52: 57]
 26 [ 7  60: 65]
 36 [ 3 180:185]
 55 [ 7 191:196]
 51 [ 5 206:211]
 25 [ 4 231:236]
 -7 [ 4 256:256]

Vehicle: 703  Cost: 35.44
Route: 7 43 69 34 48 16 -7 
  7 [ 8  20: 47]
 43 [ 4  60: 65]
 69 [ 8  65: 70]
 34 [ 7  79: 84]
 48 [ 6 180:185]
 16 [ 4 193:198]
 -7 [ 4 200:200]

Vehicle: 801  Cost: 36.17
Route: 8 31 20 -8 
  8 [ 7 153:168]
 31 [ 3 176:181]
 20 [ 0 300:305]
 -8 [ 0 319:319]

Vehicle: 901  Cost: 140.65
Route: 9 40 42 33 64 53 60 67 -9 
  9 [10  63: 78]
 40 [ 7 141:146]
 42 [ 4 146:151]
 33 [ 0 160:165]
 64 [ 2 165:170]
 53 [ 6 188:193]
 60 [ 8 220:225]
 67 [10 227:232]
 -9 [10 254:254]

Vehicle: 902  Cost: 50.82
Route: 9 15 54 68 41 58 70 -9 
  9 [ 2  63:169]
 15 [ 1 180:185]
 54 [ 4 185:190]
 68 [ 5 192:197]
 41 [ 4 197:202]
 58 [ 7 300:305]
 70 [ 8 310:315]
 -9 [ 8 339:339]

Vehicle: 903  Cost: 28.49
Route: 9 73 49 19 57 -9 
  9 [ 4  63: 78]
 73 [ 8  88: 93]
 49 [ 7  93: 98]
 19 [ 4 300:305]
 57 [ 8 305:310]
 -9 [ 8 319:319]

Vehicle: 904  Cost: 86.03
Route: 9 32 14 44 -9 
  9 [ 8  63: 78]
 32 [ 7 107:112]
 14 [ 3 420:425]
 44 [ 0 427:432]
 -9 [ 0 471:471]

Vehicle: 905  Cost: 71.73
Route: 9 13 12 -9 
  9 [ 8  63: 78]
 13 [ 4 114:119]
 12 [ 0 420:425]
 -9 [ 0 444:444]

Vehicle: 906  Cost: 58.39
Route: 9 47 72 66 -9 
  9 [ 4  63: 78]
 47 [ 0 104:109]
 72 [ 4 109:114]
 66 [ 8 300:305]
 -9 [ 8 321:321]

Total Cost: 1263.80
 12:138.84, 48:75 [1, 5, -5, 8, 2, -2, -1]
 13:96.09, 54:75 [1, 7, 9, -9, -7, -1]
201:122.95, 10:10 [2, 37, 45, 71, 46, 35, 21, 29, 62, -2]
202:143.05, 9:10 [2, 52, 28, 10, 56, 18, 61, 23, 27, -2]
203:67.97, 9:10 [2, 50, 74, 63, 30, 65, 24, -2]
501:45.95, 5:10 [5, 17, 22, 59, -5]
502:51.05, 8:10 [5, 39, 38, -5]
701:90.18, 10:10 [7, 11, 26, 36, 55, 51, 25, -7]
703:35.44, 8:10 [7, 43, 69, 34, 48, 16, -7]
801:36.17, 7:10 [8, 31, 20, -8]
901:140.65, 10:10 [9, 40, 42, 33, 64, 53, 60, 67, -9]
902:50.82, 8:10 [9, 15, 54, 68, 41, 58, 70, -9]
903:28.49, 8:10 [9, 73, 49, 19, 57, -9]
904:86.03, 8:10 [9, 32, 14, 44, -9]
905:71.73, 8:10 [9, 13, 12, -9]
906:58.39, 8:10 [9, 47, 72, 66, -9]
fe: 2, se: 14

!ALNS------------
100000,1263.7996453852754,267.028,233.75,2,14,0.68,0.8285714285714286,32.5,4.642857142857143
2 6 6 6 0 6 6 3 
9.285120851651468 19.08259636338886 10.117492399232397 11.958846630629008 30.45871690996387 16.842254947689266 16.068934138132533 19.6503537925841 
2 3 7 4 3 5 5 6 
14.239981985191058 13.779702136203882 14.948689367445164 15.881957605201844 13.63305682958805 13.879114456728654 16.74189419901541 14.971457728559399 

x[384] = 0.9999975564444611
Vehicle: 12  Cost: 138.84
Route: 1 5 -5 8 2 -2 -1 
 1 [ 48   0:  0 [27, 30, 46, 29, 28, 45, 24, 50, 23, 35, 52, 39, 38, 21, 22, 18, 17, 37, 10, 31, 20]]
 5 [ 35  38: 38 [27, 30, 46, 29, 28, 45, 24, 50, 23, 35, 52, 21, 18, 37, 10, 31, 20]]
-5 [ 39  38:129 [59, 27, 30, 46, 29, 28, 45, 24, 50, 23, 35, 52, 21, 18, 37, 10, 31, 20]]
 8 [ 32 153:168 [27, 30, 46, 29, 28, 45, 24, 50, 23, 35, 52, 21, 18, 37, 10, 59]]
 2 [  4 183:183 [59]]
-2 [ 19 183:410 [71, 74, 63, 62, 61, 56, 65, 59]]
-1 [ 19 472:472 [71, 74, 63, 62, 61, 56, 65, 59]]

x[1937] = 0.9999975564444613
Vehicle: 13  Cost: 96.09
Route: 1 7 9 -9 -7 -1 
 1 [ 54   0:  0 [49, 48, 32, 25, 19, 36, 34, 11, 14, 43, 44, 26, 33, 13, 16, 15, 47, 42, 40, 41, 51, 12]]
 7 [ 36  20: 35 [49, 32, 19, 14, 44, 33, 13, 15, 47, 42, 40, 41, 12]]
 9 [  0  63: 63 []]
-9 [ 34  63:354 [70, 58, 72, 66, 73, 64, 67, 54, 57, 60, 53, 68]]
-7 [ 42 382:397 [69, 70, 58, 72, 66, 73, 64, 55, 67, 54, 57, 60, 53, 68]]
-1 [ 42 417:417 [69, 70, 58, 72, 66, 73, 64, 55, 67, 54, 57, 60, 53, 68]]

y[199] = 0.9999926358821141
Vehicle: 503  Cost: 45.95
Route: 5 17 22 59 -5 
  5 [ 5  38: 53]
 17 [ 2  69: 74]
 22 [ 0  89: 94]
 59 [ 4  94: 99]
 -5 [ 4 114:114]

y[404] = 1.0
Vehicle: 203  Cost: 67.97
Route: 2 50 74 63 30 65 24 -2 
  2 [ 9 193:208]
 50 [ 5 235:240]
 74 [ 7 240:245]
 63 [ 9 300:305]
 30 [ 5 305:310]
 65 [ 7 317:322]
 24 [ 6 342:347]
 -2 [ 6 351:351]

y[463] = 1.0
Vehicle: 906  Cost: 58.39
Route: 9 47 72 66 -9 
  9 [ 4  69: 84]
 47 [ 0 110:115]
 72 [ 4 115:120]
 66 [ 8 300:305]
 -9 [ 8 321:321]

y[959] = 0.9999988378412447
Vehicle: 801  Cost: 36.17
Route: 8 31 20 -8 
  8 [ 7 167:182]
 31 [ 3 190:195]
 20 [ 0 300:305]
 -8 [ 0 319:319]

y[1167] = 1.0
Vehicle: 702  Cost: 90.18
Route: 7 11 26 36 55 51 25 -7 
  7 [10 114:129]
 11 [ 8 145:150]
 26 [ 7 154:159]
 36 [ 3 180:185]
 55 [ 7 191:196]
 51 [ 5 206:211]
 25 [ 4 231:236]
 -7 [ 4 256:256]

y[1414] = 1.0
Vehicle: 903  Cost: 50.82
Route: 9 15 54 41 68 58 70 -9 
  9 [ 2 126:169]
 15 [ 1 180:185]
 54 [ 4 185:190]
 41 [ 3 192:197]
 68 [ 4 197:202]
 58 [ 7 300:305]
 70 [ 8 310:315]
 -9 [ 8 339:339]

y[1742] = 1.0
Vehicle: 903  Cost: 28.49
Route: 9 49 73 19 57 -9 
  9 [ 4 135:150]
 49 [ 3 159:164]
 73 [ 7 164:169]
 19 [ 4 300:305]
 57 [ 8 305:310]
 -9 [ 8 319:319]

y[1813] = 1.0
Vehicle: 904  Cost: 86.03
Route: 9 32 14 44 -9 
  9 [ 8  63: 78]
 32 [ 7 107:112]
 14 [ 3 420:425]
 44 [ 0 427:432]
 -9 [ 0 471:471]

y[2239] = 0.9999975564444613
Vehicle: 904  Cost: 71.73
Route: 9 13 12 -9 
  9 [ 8 148:163]
 13 [ 4 199:204]
 12 [ 0 420:425]
 -9 [ 0 444:444]

y[2356] = 1.0
Vehicle: 202  Cost: 143.05
Route: 2 52 28 10 56 18 61 23 27 -2 
  2 [ 9 184:199]
 52 [ 8 212:217]
 28 [ 7 221:226]
 10 [ 5 270:275]
 56 [ 7 300:305]
 18 [ 4 305:310]
 61 [ 6 325:330]
 23 [ 5 330:335]
 27 [ 4 348:353]
 -2 [ 4 395:395]

y[3018] = 1.0
Vehicle: 204  Cost: 122.95
Route: 2 37 45 71 46 35 21 29 62 -2 
  2 [10 197:212]
 37 [ 7 241:246]
 45 [ 5 260:265]
 71 [ 8 270:275]
 46 [ 7 275:280]
 35 [ 5 300:305]
 21 [ 4 327:332]
 29 [ 3 358:363]
 62 [ 5 363:368]
 -2 [ 5 387:387]

y[3161] = 1.0000000000000002
Vehicle: 701  Cost: 35.44
Route: 7 43 69 34 48 16 -7 
  7 [ 8  20: 47]
 43 [ 4  60: 65]
 69 [ 8  65: 70]
 34 [ 7  79: 84]
 48 [ 6 180:185]
 16 [ 4 193:198]
 -7 [ 4 200:200]

y[3856] = 1.0
Vehicle: 901  Cost: 140.65
Route: 9 40 42 33 64 53 60 67 -9 
  9 [10 129:144]
 40 [ 7 207:212]
 42 [ 4 212:217]
 33 [ 0 226:231]
 64 [ 2 231:236]
 53 [ 6 254:259]
 60 [ 8 286:291]
 67 [10 293:298]
 -9 [10 319:319]

y[4129] = 1.0000002380064137
Vehicle: 502  Cost: 51.05
Route: 5 39 38 -5 
  5 [ 8 290:305]
 39 [ 4 328:333]
 38 [ 0 341:346]
 -5 [ 0 366:366]

FE: 2
SE: 14
!MIP-----
1263.7995607259106,117.42486500740051,9.899776232546664E-5,2,14,3040,4369

Run: 5
Total Cost: 1259.94
Vehicle: 11  Cost: 138.84
Route: 1 5 -5 8 2 -2 -1 
 1 [ 48   0:  0 [45, 52, 35, 46, 30, 50, 31, 22, 17, 39, 28, 18, 21, 29, 24, 23, 10, 37, 38, 20, 27]]
 5 [ 35  38: 38 [45, 52, 35, 46, 30, 50, 31, 28, 18, 21, 29, 24, 23, 10, 37, 20, 27]]
-5 [ 39  38:129 [59, 45, 52, 35, 46, 30, 50, 31, 28, 18, 21, 29, 24, 23, 10, 37, 20, 27]]
 8 [ 32 153:168 [45, 52, 35, 46, 30, 50, 59, 28, 18, 21, 29, 24, 23, 10, 37, 27]]
 2 [  4 183:183 [59]]
-2 [ 19 183:410 [74, 56, 61, 59, 63, 62, 71, 65]]
-1 [ 19 472:472 [74, 56, 61, 59, 63, 62, 71, 65]]

Vehicle: 12  Cost: 151.00
Route: 1 7 9 4 -4 -9 -7 -1 
 1 [ 54   0:  0 [19, 41, 15, 49, 42, 40, 33, 47, 51, 14, 44, 34, 36, 12, 13, 32, 43, 26, 25, 11, 48, 16]]
 7 [ 36  20: 35 [19, 41, 15, 49, 42, 40, 33, 47, 14, 44, 12, 13, 32]]
 9 [ 18  63: 78 [42, 40, 33, 12, 13]]
 4 [  0 106:106 []]
-4 [ 10 106:283 [53, 60, 67, 64]]
-9 [ 34 310:354 [68, 73, 72, 54, 66, 70, 58, 53, 60, 67, 64, 57]]
-7 [ 42 382:397 [69, 53, 60, 67, 64, 68, 73, 72, 54, 66, 70, 58, 57, 55]]
-1 [ 42 417:417 [68, 73, 72, 54, 66, 70, 58, 53, 60, 67, 64, 69, 57, 55]]

Vehicle: 201  Cost: 67.97
Route: 2 50 74 63 30 65 24 -2 
  2 [ 9 183:198]
 50 [ 5 226:231]
 74 [ 7 231:236]
 63 [ 9 300:305]
 30 [ 5 305:310]
 65 [ 7 317:322]
 24 [ 6 342:347]
 -2 [ 6 351:351]

Vehicle: 202  Cost: 122.95
Route: 2 37 45 71 46 35 21 29 62 -2 
  2 [10 183:198]
 37 [ 7 227:232]
 45 [ 5 246:251]
 71 [ 8 256:261]
 46 [ 7 261:266]
 35 [ 5 300:305]
 21 [ 4 327:332]
 29 [ 3 358:363]
 62 [ 5 363:368]
 -2 [ 5 387:387]

Vehicle: 203  Cost: 143.05
Route: 2 52 28 10 18 56 23 61 27 -2 
  2 [ 9 183:198]
 52 [ 8 211:216]
 28 [ 7 220:225]
 10 [ 5 269:274]
 18 [ 2 300:305]
 56 [ 4 305:310]
 23 [ 3 325:330]
 61 [ 5 330:335]
 27 [ 4 348:353]
 -2 [ 4 395:395]

Vehicle: 401  Cost: 112.35
Route: 4 40 42 33 64 53 60 67 -4 
  4 [10 106:121]
 40 [ 7 157:162]
 42 [ 4 162:167]
 33 [ 0 176:181]
 64 [ 2 181:186]
 53 [ 6 204:209]
 60 [ 8 236:241]
 67 [10 243:248]
 -4 [10 268:268]

Vehicle: 402  Cost: 41.25
Route: 4 13 12 -4 
  4 [ 8 106:121]
 13 [ 4 133:138]
 12 [ 0 420:425]
 -4 [ 0 437:437]

Vehicle: 501  Cost: 45.95
Route: 5 17 22 59 -5 
  5 [ 5  38: 53]
 17 [ 2  69: 74]
 22 [ 0  89: 94]
 59 [ 4  94: 99]
 -5 [ 4 114:114]

Vehicle: 502  Cost: 51.05
Route: 5 38 39 -5 
  5 [ 8  38:280]
 38 [ 4 300:305]
 39 [ 0 313:318]
 -5 [ 0 341:341]

Vehicle: 701  Cost: 90.18
Route: 7 11 26 36 55 51 25 -7 
  7 [10  20: 35]
 11 [ 8  52: 57]
 26 [ 7  60: 65]
 36 [ 3 180:185]
 55 [ 7 191:196]
 51 [ 5 206:211]
 25 [ 4 231:236]
 -7 [ 4 256:256]

Vehicle: 702  Cost: 35.44
Route: 7 43 69 34 48 16 -7 
  7 [ 8  20: 47]
 43 [ 4  60: 65]
 69 [ 8  65: 70]
 34 [ 7  79: 84]
 48 [ 6 180:185]
 16 [ 4 193:198]
 -7 [ 4 200:200]

Vehicle: 801  Cost: 36.17
Route: 8 31 20 -8 
  8 [ 7 153:168]
 31 [ 3 176:181]
 20 [ 0 300:305]
 -8 [ 0 319:319]

Vehicle: 901  Cost: 86.03
Route: 9 32 14 44 -9 
  9 [ 8  63: 78]
 32 [ 7 107:112]
 14 [ 3 420:425]
 44 [ 0 427:432]
 -9 [ 0 471:471]

Vehicle: 902  Cost: 50.82
Route: 9 15 54 41 68 58 70 -9 
  9 [ 2  63:169]
 15 [ 1 180:185]
 54 [ 4 185:190]
 41 [ 3 192:197]
 68 [ 4 197:202]
 58 [ 7 300:305]
 70 [ 8 310:315]
 -9 [ 8 339:339]

Vehicle: 903  Cost: 28.49
Route: 9 49 73 19 57 -9 
  9 [ 4  63: 78]
 49 [ 3  88: 93]
 73 [ 7  93: 98]
 19 [ 4 300:305]
 57 [ 8 305:310]
 -9 [ 8 319:319]

Vehicle: 904  Cost: 58.39
Route: 9 47 72 66 -9 
  9 [ 4  63: 78]
 47 [ 0 104:109]
 72 [ 4 109:114]
 66 [ 8 300:305]
 -9 [ 8 321:321]

Total Cost: 1259.94
 11:138.84, 48:75 [1, 5, -5, 8, 2, -2, -1]
 12:151.00, 54:75 [1, 7, 9, 4, -4, -9, -7, -1]
201:67.97, 9:10 [2, 50, 74, 63, 30, 65, 24, -2]
202:122.95, 10:10 [2, 37, 45, 71, 46, 35, 21, 29, 62, -2]
203:143.05, 9:10 [2, 52, 28, 10, 18, 56, 23, 61, 27, -2]
401:112.35, 10:10 [4, 40, 42, 33, 64, 53, 60, 67, -4]
402:41.25, 8:10 [4, 13, 12, -4]
501:45.95, 5:10 [5, 17, 22, 59, -5]
502:51.05, 8:10 [5, 38, 39, -5]
701:90.18, 10:10 [7, 11, 26, 36, 55, 51, 25, -7]
702:35.44, 8:10 [7, 43, 69, 34, 48, 16, -7]
801:36.17, 7:10 [8, 31, 20, -8]
901:86.03, 8:10 [9, 32, 14, 44, -9]
902:50.82, 8:10 [9, 15, 54, 41, 68, 58, 70, -9]
903:28.49, 8:10 [9, 49, 73, 19, 57, -9]
904:58.39, 8:10 [9, 47, 72, 66, -9]
fe: 2, se: 14

!ALNS------------
100000,1259.9435730615298,239.142,137.164,2,14,0.68,0.8285714285714286,32.5,4.642857142857143
3 1 3 10 0 1 7 0 
11.157672714344356 20.43251873040722 11.757513727469393 13.79181235524546 23.44995470540213 16.324706239775853 13.948148216078813 41.814675020239804 
4 2 3 1 1 5 6 3 
15.0230139174845 14.855790916607999 17.010013416859493 15.565710709516026 17.878940415490593 16.60875179705034 14.809786147857203 19.1131254341286 

x[742] = 1.0
Vehicle: 12  Cost: 151.00
Route: 1 7 9 4 -4 -9 -7 -1 
 1 [ 54   0:  0 [19, 41, 44, 47, 15, 49, 42, 40, 33, 16, 14, 12, 51, 32, 34, 11, 26, 43, 48, 36, 25, 13]]
 7 [ 36  20: 35 [19, 41, 44, 47, 15, 49, 42, 40, 33, 14, 12, 32, 13]]
 9 [ 18  63: 78 [42, 40, 33, 12, 13]]
 4 [  0 106:106 []]
-4 [ 10 106:283 [53, 60, 67, 64]]
-9 [ 34 310:354 [68, 73, 72, 54, 66, 70, 58, 53, 60, 67, 64, 57]]
-7 [ 42 382:397 [69, 53, 60, 67, 64, 68, 73, 72, 54, 66, 70, 58, 55, 57]]
-1 [ 42 417:417 [68, 73, 72, 54, 66, 70, 58, 53, 60, 67, 64, 69, 55, 57]]

x[1517] = 1.0
Vehicle: 11  Cost: 138.84
Route: 1 5 -5 8 2 -2 -1 
 1 [ 48   0:  0 [46, 52, 28, 22, 21, 27, 50, 39, 30, 10, 31, 20, 18, 23, 29, 38, 35, 17, 24, 37, 45]]
 5 [ 35  38: 38 [46, 52, 28, 21, 27, 50, 30, 10, 31, 20, 18, 23, 29, 35, 24, 37, 45]]
-5 [ 39  38:129 [59, 46, 52, 28, 21, 27, 50, 30, 10, 31, 20, 18, 23, 29, 35, 24, 37, 45]]
 8 [ 32 153:168 [46, 52, 28, 21, 27, 59, 50, 30, 10, 18, 23, 29, 35, 24, 37, 45]]
 2 [  4 183:183 [59]]
-2 [ 19 183:411 [59, 63, 62, 71, 61, 65, 56, 74]]
-1 [ 19 472:472 [59, 63, 62, 71, 61, 65, 56, 74]]

y[243] = 0.9999951069184102
Vehicle: 501  Cost: 45.95
Route: 5 22 59 17 -5 
  5 [ 5  38: 53]
 22 [ 3  69: 74]
 59 [ 7  74: 79]
 17 [ 4  94: 99]
 -5 [ 4 114:114]

y[526] = 1.0
Vehicle: 401  Cost: 112.35
Route: 4 40 42 33 64 53 60 67 -4 
  4 [10 106:121]
 40 [ 7 157:162]
 42 [ 4 162:167]
 33 [ 0 176:181]
 64 [ 2 181:186]
 53 [ 6 204:209]
 60 [ 8 236:241]
 67 [10 243:248]
 -4 [10 268:268]

y[763] = 1.0
Vehicle: 403  Cost: 41.25
Route: 4 13 12 -4 
  4 [ 8 162:177]
 13 [ 4 189:194]
 12 [ 0 420:425]
 -4 [ 0 437:437]

y[2244] = 1.0
Vehicle: 902  Cost: 58.39
Route: 9 72 47 66 -9 
  9 [ 4  63: 78]
 72 [ 8 104:109]
 47 [ 4 109:114]
 66 [ 8 300:305]
 -9 [ 8 321:321]

y[2356] = 1.0
Vehicle: 201  Cost: 67.97
Route: 2 50 74 63 30 65 24 -2 
  2 [ 9 202:217]
 50 [ 5 245:250]
 74 [ 7 250:255]
 63 [ 9 300:305]
 30 [ 5 305:310]
 65 [ 7 317:322]
 24 [ 6 342:347]
 -2 [ 6 351:351]

y[2658] = 1.0
Vehicle: 901  Cost: 86.03
Route: 9 32 14 44 -9 
  9 [ 8  86:101]
 32 [ 7 130:135]
 14 [ 3 420:425]
 44 [ 0 427:432]
 -9 [ 0 471:471]

y[2666] = 1.0
Vehicle: 502  Cost: 51.05
Route: 5 39 38 -5 
  5 [ 8  65:277]
 39 [ 4 300:305]
 38 [ 0 313:318]
 -5 [ 0 338:338]

y[2915] = 1.0
Vehicle: 202  Cost: 122.95
Route: 2 37 45 71 46 35 21 29 62 -2 
  2 [10 203:218]
 37 [ 7 247:252]
 45 [ 5 266:271]
 71 [ 8 276:281]
 46 [ 7 281:286]
 35 [ 5 300:305]
 21 [ 4 327:332]
 29 [ 3 358:363]
 62 [ 5 363:368]
 -2 [ 5 387:387]

y[3105] = 0.9999951069184102
Vehicle: 802  Cost: 36.17
Route: 8 31 20 -8 
  8 [ 7 195:210]
 31 [ 3 218:223]
 20 [ 0 300:305]
 -8 [ 0 319:319]

y[3870] = 1.0
Vehicle: 901  Cost: 50.82
Route: 9 54 15 41 68 58 70 -9 
  9 [ 2  63:169]
 54 [ 5 180:185]
 15 [ 4 185:190]
 41 [ 3 192:197]
 68 [ 4 197:202]
 58 [ 7 300:305]
 70 [ 8 310:315]
 -9 [ 8 339:339]

y[3939] = 1.0
Vehicle: 703  Cost: 35.44
Route: 7 43 69 34 48 16 -7 
  7 [ 8  20: 47]
 43 [ 4  60: 65]
 69 [ 8  65: 70]
 34 [ 7  79: 84]
 48 [ 6 180:185]
 16 [ 4 193:198]
 -7 [ 4 200:200]

y[4606] = 1.0
Vehicle: 702  Cost: 90.18
Route: 7 11 26 36 55 51 25 -7 
  7 [10  20: 35]
 11 [ 8  52: 57]
 26 [ 7  60: 65]
 36 [ 3 180:185]
 55 [ 7 191:196]
 51 [ 5 206:211]
 25 [ 4 231:236]
 -7 [ 4 256:256]

y[4775] = 1.0
Vehicle: 203  Cost: 143.05
Route: 2 52 28 10 18 56 61 23 27 -2 
  2 [ 9 197:212]
 52 [ 8 225:230]
 28 [ 7 234:239]
 10 [ 5 283:288]
 18 [ 2 300:305]
 56 [ 4 305:310]
 61 [ 6 325:330]
 23 [ 5 330:335]
 27 [ 4 348:353]
 -2 [ 4 395:395]

y[5193] = 1.0
Vehicle: 903  Cost: 28.49
Route: 9 49 73 19 57 -9 
  9 [ 4 252:267]
 49 [ 3 277:282]
 73 [ 7 282:287]
 19 [ 4 300:305]
 57 [ 8 305:310]
 -9 [ 8 319:319]

FE: 2
SE: 14
!MIP-----
1259.9435053281056,106.76147794723511,0.0,2,14,3136,5478

