--Parameters Information--
speed=1
run=5
iteration= 100000
batch=100
restartPeriod=10000
largeRemovalOccurrence=500
initialLNS=250
lowerBoundSmallRemoval=4
smallRemoval=0.2
lowerBoundLargeRemoval=0.55
largeRemoval=0.8
initialWeight=1.0
decayRate=0.1
gamma1=9.0
gamma2=5.0
gamma3=2.0
gamma4=0.0
coolingRate=0.9995
temperatureControlParameter=0.05
initialAcceptanceProbability=0.5
perturbation=0.5
perturbationFactor=0.01
split=20000

Setup: Split
Data: A_100_2_TD

Run: 1
Total Cost: 2749.05
Vehicle: 11  Cost: 114.49
Route: 1 2 -2 -1 
 1 [ 75   0:  0 [48, 61, 21, 20, 47, 18, 9, 55, 5, 46, 71, 17, 44, 51, 14, 64, 59, 6, 41, 68, 31, 27, 66, 77, 37, 19, 65, 50, 25]]
 2 [  0  57: 57 []]
-2 [ 75  57:506 [121, 125, 119, 78, 126, 108, 90, 84, 87, 94, 89, 114, 110, 113, 115, 97, 99, 111, 79, 91, 105, 122, 117, 118, 124, 100, 92]]
-1 [ 75 563:563 [121, 125, 119, 78, 126, 108, 90, 84, 87, 94, 89, 114, 110, 113, 115, 97, 99, 111, 79, 91, 105, 122, 117, 118, 124, 100, 92]]

Vehicle: 12  Cost: 114.49
Route: 1 2 -2 -1 
 1 [ 75   0:  0 [53, 69, 23, 16, 60, 8, 58, 74, 15, 22, 76, 72, 11, 56, 30, 43, 45, 12, 33, 38, 35, 52, 10, 73, 70, 57, 54]]
 2 [  0  57: 57 []]
-2 [ 45  57:361 [98, 104, 109, 123, 112, 106, 88, 95, 120, 101, 86, 116, 96, 81, 107, 85, 82, 93, 80]]
-1 [ 45 418:418 [98, 104, 109, 123, 112, 106, 88, 95, 120, 101, 86, 116, 96, 81, 107, 85, 82, 93, 80]]

Vehicle: 13  Cost: 114.49
Route: 1 2 -2 -1 
 1 [ 49   0:  0 [63, 36, 67, 34, 62, 24, 29, 13, 32, 49, 42, 75, 26, 28, 4, 39, 40, 7]]
 2 [  0  57: 57 []]
-2 [  7  57:500 [102, 103, 83]]
-1 [  7 558:558 [102, 103, 83]]

Vehicle: 201  Cost: 87.97
Route: 2 43 56 23 84 113 -2 
  2 [ 9  57:265]
 43 [ 6 300:305]
 56 [ 3 420:425]
 23 [ 0 426:431]
 84 [ 4 447:452]
113 [ 6 454:459]
 -2 [ 6 483:483]

Vehicle: 202  Cost: 123.59
Route: 2 38 14 77 126 37 97 -2 
  2 [10  57:276]
 38 [ 9 300:305]
 14 [ 6 343:348]
 77 [ 3 354:359]
126 [ 7 359:364]
 37 [ 4 381:386]
 97 [ 8 386:391]
 -2 [ 8 430:430]

Vehicle: 203  Cost: 120.70
Route: 2 15 103 25 20 42 79 -2 
  2 [10  57:155]
 15 [ 6 180:185]
103 [ 9 300:305]
 25 [ 8 314:319]
 20 [ 4 321:326]
 42 [ 3 335:340]
 79 [ 5 420:425]
 -2 [ 5 460:460]

Vehicle: 204  Cost: 154.93
Route: 2 53 36 112 50 34 120 98 -2 
  2 [10  57:147]
 53 [ 9 180:185]
 36 [ 6 210:215]
112 [10 223:228]
 50 [ 6 238:243]
 34 [ 4 259:264]
120 [ 7 269:274]
 98 [ 9 308:313]
 -2 [ 9 337:337]

Vehicle: 205  Cost: 118.74
Route: 2 22 7 6 83 102 100 -2 
  2 [ 9  57: 72]
 22 [ 5 113:118]
  7 [ 1 132:137]
  6 [ 0 300:305]
 83 [ 2 420:425]
102 [ 4 429:434]
100 [ 7 459:464]
 -2 [ 7 485:485]

Vehicle: 206  Cost: 74.28
Route: 2 52 45 85 32 16 -2 
  2 [10  57: 72]
 52 [ 7  90: 95]
 45 [ 4 103:108]
 85 [ 5 118:123]
 32 [ 2 300:305]
 16 [ 1 325:330]
 -2 [ 1 338:338]

Vehicle: 207  Cost: 120.03
Route: 2 51 71 121 76 -2 
  2 [10  57:253]
 51 [ 7 300:305]
 71 [ 4 319:324]
121 [ 6 324:329]
 76 [ 2 420:425]
 -2 [ 2 478:478]

Vehicle: 208  Cost: 149.90
Route: 2 69 81 8 41 101 95 106 47 107 62 -2 
  2 [10  57: 72]
 69 [ 9  82: 87]
 81 [10  99:104]
  8 [ 7 104:109]
 41 [ 4 119:124]
101 [ 5 124:129]
 95 [ 8 156:161]
106 [10 168:173]
 47 [ 8 173:178]
107 [10 197:202]
 62 [ 9 233:238]
 -2 [ 9 272:272]

Vehicle: 209  Cost: 156.96
Route: 2 67 66 89 90 70 117 65 -2 
  2 [10  57:253]
 67 [ 7 300:305]
 66 [ 5 317:322]
 89 [ 8 340:345]
 90 [10 349:354]
 70 [ 6 365:370]
117 [10 392:397]
 65 [ 9 397:402]
 -2 [ 9 445:445]

Vehicle: 210  Cost: 63.35
Route: 2 30 114 58 49 108 -2 
  2 [ 9  57:273]
 30 [ 5 300:305]
114 [ 9 314:319]
 58 [ 6 319:324]
 49 [ 4 328:333]
108 [ 5 333:338]
 -2 [ 5 361:361]

Vehicle: 211  Cost: 85.07
Route: 2 39 99 94 10 125 72 -2 
  2 [10  57:284]
 39 [ 7 300:305]
 99 [ 9 305:310]
 94 [10 420:425]
 10 [ 6 435:440]
125 [10 443:448]
 72 [ 7 453:458]
 -2 [ 7 491:491]

Vehicle: 212  Cost: 145.61
Route: 2 12 82 74 123 26 109 5 -2 
  2 [10  57: 72]
 12 [ 8 108:113]
 82 [ 9 113:118]
 74 [ 7 139:144]
123 [10 144:149]
 26 [ 6 164:169]
109 [10 189:194]
  5 [ 8 300:305]
 -2 [ 8 346:346]

Vehicle: 213  Cost: 16.97
Route: 2 40 -2 
  2 [ 4  57:292]
 40 [ 0 300:305]
 -2 [ 0 313:313]

Vehicle: 214  Cost: 114.03
Route: 2 11 57 9 124 75 115 -2 
  2 [10  57: 72]
 11 [ 6 116:121]
 57 [ 3 300:305]
  9 [ 1 309:314]
124 [ 5 319:324]
 75 [ 4 324:329]
115 [ 5 420:425]
 -2 [ 5 450:450]

Vehicle: 215  Cost: 157.38
Route: 2 24 78 27 91 60 54 110 -2 
  2 [10  57:233]
 24 [ 6 300:305]
 78 [10 311:316]
 27 [ 9 328:333]
 91 [10 333:338]
 60 [ 6 371:376]
 54 [ 5 378:383]
110 [ 9 383:388]
 -2 [ 9 425:425]

Vehicle: 216  Cost: 161.47
Route: 2 59 64 48 -2 
  2 [10  57:226]
 59 [ 6 300:305]
 64 [ 3 311:316]
 48 [ 0 327:332]
 -2 [ 0 403:403]

Vehicle: 217  Cost: 50.15
Route: 2 31 28 17 -2 
  2 [10  57:283]
 31 [ 6 300:305]
 28 [ 2 420:425]
 17 [ 0 443:448]
 -2 [ 0 455:455]

Vehicle: 220  Cost: 170.08
Route: 2 44 118 68 87 19 105 -2 
  2 [10  57: 72]
 44 [ 6 128:133]
118 [ 8 300:305]
 68 [ 5 305:310]
 87 [ 9 323:328]
 19 [ 6 337:342]
105 [10 420:425]
 -2 [10 488:488]

Vehicle: 221  Cost: 144.81
Route: 2 4 33 86 13 93 29 80 -2 
  2 [10  57: 72]
  4 [ 7  99:104]
 33 [ 3 108:113]
 86 [ 5 159:164]
 13 [ 4 178:183]
 93 [ 8 197:202]
 29 [ 6 202:207]
 80 [10 229:234]
 -2 [10 252:252]

Vehicle: 223  Cost: 85.25
Route: 2 116 63 88 21 35 96 61 104 -2 
  2 [ 8  57: 72]
116 [ 9 108:113]
 63 [ 5 113:118]
 88 [ 9 128:133]
 21 [ 8 133:138]
 35 [ 6 155:160]
 96 [ 7 160:165]
 61 [ 6 300:305]
104 [ 8 314:319]
 -2 [ 8 331:331]

Vehicle: 225  Cost: 104.30
Route: 2 46 119 18 111 55 92 73 122 -2 
  2 [10  57: 72]
 46 [ 6 118:123]
119 [ 7 136:141]
 18 [ 5 142:147]
111 [ 8 300:305]
 55 [ 5 305:310]
 92 [ 6 329:334]
 73 [ 5 420:425]
122 [ 9 425:430]
 -2 [ 9 441:441]

Total Cost: 2749.05
 11:114.49, 75:75 [1, 2, -2, -1]
 12:114.49, 75:75 [1, 2, -2, -1]
 13:114.49, 49:75 [1, 2, -2, -1]
201:87.97, 9:10 [2, 43, 56, 23, 84, 113, -2]
202:123.59, 10:10 [2, 38, 14, 77, 126, 37, 97, -2]
203:120.70, 10:10 [2, 15, 103, 25, 20, 42, 79, -2]
204:154.93, 10:10 [2, 53, 36, 112, 50, 34, 120, 98, -2]
205:118.74, 9:10 [2, 22, 7, 6, 83, 102, 100, -2]
206:74.28, 10:10 [2, 52, 45, 85, 32, 16, -2]
207:120.03, 10:10 [2, 51, 71, 121, 76, -2]
208:149.90, 10:10 [2, 69, 81, 8, 41, 101, 95, 106, 47, 107, 62, -2]
209:156.96, 10:10 [2, 67, 66, 89, 90, 70, 117, 65, -2]
210:63.35, 9:10 [2, 30, 114, 58, 49, 108, -2]
211:85.07, 10:10 [2, 39, 99, 94, 10, 125, 72, -2]
212:145.61, 10:10 [2, 12, 82, 74, 123, 26, 109, 5, -2]
213:16.97, 4:10 [2, 40, -2]
214:114.03, 10:10 [2, 11, 57, 9, 124, 75, 115, -2]
215:157.38, 10:10 [2, 24, 78, 27, 91, 60, 54, 110, -2]
216:161.47, 10:10 [2, 59, 64, 48, -2]
217:50.15, 10:10 [2, 31, 28, 17, -2]
220:170.08, 10:10 [2, 44, 118, 68, 87, 19, 105, -2]
221:144.81, 10:10 [2, 4, 33, 86, 13, 93, 29, 80, -2]
223:85.25, 9:10 [2, 116, 63, 88, 21, 35, 96, 61, 104, -2]
225:104.30, 10:10 [2, 46, 119, 18, 111, 55, 92, 73, 122, -2]
fe: 3, se: 21

!ALNS------------
100000,2749.049883445909,383.619,274.714,3,21,0.8844444444444445,0.9523809523809523,41.0,5.857142857142857
13 12 18 7 0 0 18 3 
34.40527709260768 67.51988950060635 46.97042318119936 49.68531506529492 23.020012271919768 111.081174120944 36.74368277733343 29.101269199165877 
9 9 3 6 7 12 23 2 
48.35209150113206 37.83369673118916 49.19421769266659 54.00007976645862 60.26442655136559 44.063886089431364 34.3876747769303 48.43334960777814 

x[1085] = 1.0
Vehicle: 12  Cost: 114.49
Route: 1 2 -2 -1 
 1 [ 75   0:  0 [31, 8, 45, 76, 19, 59, 65, 15, 72, 21, 61, 60, 50, 56, 20, 26, 52, 24, 54, 68, 67, 23, 7, 77, 38]]
 2 [  0  57: 57 []]
-2 [ 33  57:361 [82, 116, 80, 120, 88, 106, 107, 86, 95, 101, 96, 85, 81, 112, 123]]
-1 [ 33 418:418 [82, 116, 80, 120, 88, 106, 107, 86, 95, 101, 96, 85, 81, 112, 123]]

x[30254] = 1.0
Vehicle: 11  Cost: 114.49
Route: 1 2 -2 -1 
 1 [ 75   0:  0 [48, 62, 5, 66, 22, 73, 18, 63, 25, 36, 47, 46, 71, 13, 17, 37, 40, 35, 44, 6, 33, 39, 55, 4, 51, 11, 10, 49]]
 2 [  0  57: 57 []]
-2 [ 75  57:536 [115, 91, 92, 111, 117, 104, 121, 79, 124, 94, 119, 84, 114, 99, 78, 93, 87, 98, 90, 110, 109, 113, 103, 83, 105, 89, 100, 102]]
-1 [ 75 594:594 [115, 91, 92, 111, 117, 104, 121, 79, 124, 94, 119, 84, 114, 99, 78, 93, 87, 98, 90, 110, 109, 113, 103, 83, 105, 89, 100, 102]]

x[32286] = 1.0
Vehicle: 14  Cost: 114.49
Route: 1 -2 -1 
 1 [  0   0:  0 []]
-2 [ 29  57:361 [81, 93, 85, 106, 88, 86, 116, 80, 107, 101, 123, 82, 95]]
-1 [ 29 418:418 [81, 93, 85, 106, 88, 86, 116, 80, 107, 101, 123, 82, 95]]

x[48018] = 1.0
Vehicle: 13  Cost: 114.49
Route: 1 2 -2 -1 
 1 [ 49   0:  0 [32, 42, 28, 53, 70, 43, 14, 12, 74, 29, 9, 57, 64, 58, 16, 27, 30, 34, 69, 41, 75]]
 2 [  0  57: 57 []]
-2 [ 19  57:536 [125, 126, 122, 118, 97, 108]]
-1 [ 19 594:594 [125, 126, 122, 118, 97, 108]]

y[224] = 1.0
Vehicle: 229  Cost: 122.99
Route: 2 14 77 126 60 110 -2 
  2 [10  57:240]
 14 [ 7 300:305]
 77 [ 4 311:316]
126 [ 8 316:321]
 60 [ 4 338:343]
110 [ 8 345:350]
 -2 [ 8 388:388]

y[480] = 1.0
Vehicle: 205  Cost: 123.72
Route: 2 22 7 6 83 102 100 104 -2 
  2 [ 9  57: 72]
 22 [ 5 113:118]
  7 [ 1 132:137]
  6 [ 0 300:305]
 83 [ 2 420:425]
102 [ 4 429:434]
100 [ 7 459:464]
104 [ 9 478:483]
 -2 [ 9 495:495]

y[842] = 1.0
Vehicle: 220  Cost: 104.30
Route: 2 46 119 18 111 55 92 122 73 -2 
  2 [10  57: 72]
 46 [ 6 118:123]
119 [ 7 136:141]
 18 [ 5 142:147]
111 [ 8 300:305]
 55 [ 5 305:310]
 92 [ 6 329:334]
122 [10 420:425]
 73 [ 9 425:430]
 -2 [ 9 441:441]

y[1167] = 1.0
Vehicle: 223  Cost: 60.48
Route: 2 33 4 32 -2 
  2 [10  57: 72]
 33 [ 6  99:104]
  4 [ 3 108:113]
 32 [ 0 300:305]
 -2 [ 0 332:332]

y[1650] = 1.0
Vehicle: 203  Cost: 50.15
Route: 2 31 28 17 -2 
  2 [10 113:283]
 31 [ 6 300:305]
 28 [ 2 420:425]
 17 [ 0 443:448]
 -2 [ 0 455:455]

y[2152] = 1.0
Vehicle: 209  Cost: 170.08
Route: 2 44 68 118 87 19 105 -2 
  2 [10 113:128]
 44 [ 6 184:189]
 68 [ 3 300:305]
118 [ 5 305:310]
 87 [ 9 323:328]
 19 [ 6 337:342]
105 [10 420:425]
 -2 [10 488:488]

y[5463] = 1.0
Vehicle: 212  Cost: 145.61
Route: 2 12 82 74 123 26 109 5 -2 
  2 [10  57: 72]
 12 [ 8 108:113]
 82 [ 9 113:118]
 74 [ 7 139:144]
123 [10 144:149]
 26 [ 6 164:169]
109 [10 189:194]
  5 [ 8 300:305]
 -2 [ 8 346:346]

y[6861] = 1.0
Vehicle: 210  Cost: 87.38
Route: 2 69 43 56 23 84 -2 
  2 [10  57: 72]
 69 [ 9  82: 87]
 43 [ 6 300:305]
 56 [ 3 420:425]
 23 [ 0 426:431]
 84 [ 4 447:452]
 -2 [ 4 477:477]

y[7283] = 1.0
Vehicle: 208  Cost: 98.50
Route: 2 30 97 37 72 125 94 -2 
  2 [10  57:273]
 30 [ 6 300:305]
 97 [10 318:323]
 37 [ 7 323:328]
 72 [ 4 420:425]
125 [ 8 430:435]
 94 [ 9 447:452]
 -2 [ 9 486:486]

y[11586] = 1.0
Vehicle: 215  Cost: 92.40
Route: 2 63 116 21 88 10 38 -2 
  2 [10  57: 72]
 63 [ 6 108:113]
116 [ 7 113:118]
 21 [ 6 128:133]
 88 [10 133:138]
 10 [ 6 300:305]
 38 [ 5 317:322]
 -2 [ 5 346:346]

y[13241] = 1.0
Vehicle: 202  Cost: 153.23
Route: 2 11 29 93 13 86 42 25 16 -2 
  2 [10  57: 72]
 11 [ 6 116:121]
 29 [ 4 132:137]
 93 [ 8 137:142]
 13 [ 7 155:160]
 86 [ 9 175:180]
 42 [ 8 300:305]
 25 [ 7 316:321]
 16 [ 6 361:366]
 -2 [ 6 374:374]

y[15320] = 1.0
Vehicle: 217  Cost: 164.94
Route: 2 54 91 27 24 70 78 90 89 -2 
  2 [10 113:262]
 54 [ 9 300:305]
 91 [10 339:344]
 27 [ 9 344:349]
 24 [ 5 357:362]
 70 [ 1 366:371]
 78 [ 5 378:383]
 90 [ 7 390:395]
 89 [10 399:404]
 -2 [10 467:467]

y[15694] = 1.0
Vehicle: 211  Cost: 130.43
Route: 2 49 108 67 66 117 58 114 -2 
  2 [10  57:277]
 49 [ 8 300:305]
108 [ 9 305:310]
 67 [ 6 338:343]
 66 [ 4 355:360]
117 [ 8 383:388]
 58 [ 5 405:410]
114 [ 9 410:415]
 -2 [ 9 442:442]

y[16606] = 1.0
Vehicle: 207  Cost: 89.04
Route: 2 52 45 85 15 80 -2 
  2 [10  57: 72]
 52 [ 7  90: 95]
 45 [ 4 103:108]
 85 [ 5 118:123]
 15 [ 1 180:185]
 80 [ 5 196:201]
 -2 [ 5 220:220]

y[18546] = 1.0
Vehicle: 201  Cost: 138.44
Route: 2 57 9 75 124 20 103 79 -2 
  2 [10  57:248]
 57 [ 7 300:305]
  9 [ 5 309:314]
 75 [ 4 319:324]
124 [ 8 324:329]
 20 [ 4 347:352]
103 [ 7 363:368]
 79 [ 9 420:425]
 -2 [ 9 460:460]

y[20631] = 1.0
Vehicle: 220  Cost: 122.64
Route: 2 51 71 121 76 115 -2 
  2 [10  57:253]
 51 [ 7 300:305]
 71 [ 4 319:324]
121 [ 6 324:329]
 76 [ 2 420:425]
115 [ 3 456:461]
 -2 [ 3 486:486]

y[22425] = 1.0
Vehicle: 215  Cost: 163.53
Route: 2 59 64 48 113 -2 
  2 [10  57:226]
 59 [ 6 300:305]
 64 [ 3 311:316]
 48 [ 0 327:332]
113 [ 2 381:386]
 -2 [ 2 410:410]

y[22791] = 1.0
Vehicle: 226  Cost: 154.93
Route: 2 53 36 112 50 34 120 98 -2 
  2 [10  57:147]
 53 [ 9 180:185]
 36 [ 6 210:215]
112 [10 223:228]
 50 [ 6 238:243]
 34 [ 4 259:264]
120 [ 7 269:274]
 98 [ 9 308:313]
 -2 [ 9 337:337]

y[23153] = 1.0
Vehicle: 208  Cost: 153.06
Route: 2 8 81 41 101 62 95 106 47 107 65 -2 
  2 [10  57: 72]
  8 [ 7  94: 99]
 81 [ 8  99:104]
 41 [ 5 114:119]
101 [ 6 119:124]
 62 [ 5 128:133]
 95 [ 8 156:161]
106 [10 169:174]
 47 [ 8 174:179]
107 [10 198:203]
 65 [ 9 300:305]
 -2 [ 9 347:347]

y[23251] = 1.0
Vehicle: 203  Cost: 47.69
Route: 2 35 96 61 39 99 40 -2 
  2 [10  57: 72]
 35 [ 8  94: 99]
 96 [ 9  99:104]
 61 [ 8 300:305]
 39 [ 5 310:315]
 99 [ 7 315:320]
 40 [ 3 331:336]
 -2 [ 3 344:344]

FE: 4
SE: 20
!MIP-----
2831.503101179056,5401.410813093185,0.08438386957968416,4,20,58033,24040

Run: 2
Total Cost: 2686.51
Vehicle: 11  Cost: 114.49
Route: 1 2 -2 -1 
 1 [ 75   0:  0 [34, 5, 16, 33, 4, 53, 52, 62, 20, 45, 27, 50, 12, 56, 13, 76, 26, 75, 74, 68, 19, 73, 30, 35, 65, 39, 44, 25, 41, 59]]
 2 [  0  57: 57 []]
-2 [ 45  57:361 [81, 86, 101, 80, 82, 116, 112, 93, 88, 120, 123, 107, 95, 106, 99, 109, 96, 104, 85]]
-1 [ 45 418:418 [81, 86, 101, 80, 82, 116, 112, 93, 88, 120, 123, 107, 95, 106, 99, 109, 96, 104, 85]]

Vehicle: 12  Cost: 114.49
Route: 1 2 -2 -1 
 1 [ 72   0:  0 [11, 43, 36, 48, 31, 40, 24, 42, 32, 64, 57, 8, 21, 71, 51, 23, 15, 47, 69, 9, 49, 58, 29, 66, 17, 63]]
 2 [  0  57: 57 []]
-2 [ 52  57:510 [92, 91, 78, 90, 117, 114, 115, 121, 122, 87, 103, 84, 108, 79, 118, 105, 124, 89, 113]]
-1 [ 52 568:568 [92, 91, 78, 90, 117, 114, 115, 121, 122, 87, 103, 84, 108, 79, 118, 105, 124, 89, 113]]

Vehicle: 14  Cost: 155.66
Route: 1 2 3 -3 -1 
 1 [ 52   0:  0 [14, 54, 67, 6, 46, 72, 70, 37, 22, 55, 38, 60, 28, 77, 7, 18, 61, 10]]
 2 [ 45  57: 72 [14, 54, 6, 46, 72, 70, 37, 22, 55, 38, 60, 77, 7, 18, 61, 10]]
 3 [  0  93: 93 []]
-3 [ 30  93:485 [110, 125, 100, 98, 111, 119, 126, 83, 102, 97, 94]]
-1 [ 30 562:562 [110, 125, 100, 98, 111, 119, 126, 83, 102, 97, 94]]

Vehicle: 201  Cost: 84.92
Route: 2 63 116 21 88 35 96 39 99 104 -2 
  2 [10  57: 72]
 63 [ 6 108:113]
116 [ 7 113:118]
 21 [ 6 128:133]
 88 [10 133:138]
 35 [ 8 155:160]
 96 [ 9 160:165]
 39 [ 6 300:305]
 99 [ 8 305:310]
104 [10 314:319]
 -2 [10 331:331]

Vehicle: 202  Cost: 50.15
Route: 2 31 28 17 -2 
  2 [10  57:283]
 31 [ 6 300:305]
 28 [ 2 420:425]
 17 [ 0 443:448]
 -2 [ 0 455:455]

Vehicle: 203  Cost: 152.78
Route: 2 53 36 112 50 34 120 -2 
  2 [10  57:147]
 53 [ 9 180:185]
 36 [ 6 210:215]
112 [10 223:228]
 50 [ 6 238:243]
 34 [ 4 259:264]
120 [ 7 269:274]
 -2 [ 7 329:329]

Vehicle: 204  Cost: 149.90
Route: 2 69 8 81 41 101 95 47 106 107 62 -2 
  2 [10  57: 72]
 69 [ 9  82: 87]
  8 [ 6  99:104]
 81 [ 7 104:109]
 41 [ 4 119:124]
101 [ 5 124:129]
 95 [ 8 156:161]
 47 [ 6 168:173]
106 [ 8 173:178]
107 [10 197:202]
 62 [ 9 233:238]
 -2 [ 9 272:272]

Vehicle: 205  Cost: 105.99
Route: 2 43 23 56 65 117 -2 
  2 [10  57:265]
 43 [ 7 300:305]
 23 [ 4 315:320]
 56 [ 1 420:425]
 65 [ 0 443:448]
117 [ 4 448:453]
 -2 [ 4 495:495]

Vehicle: 206  Cost: 163.73
Route: 2 59 64 48 84 113 -2 
  2 [10  57:226]
 59 [ 6 300:305]
 64 [ 3 311:316]
 48 [ 0 327:332]
 84 [ 4 379:384]
113 [ 6 387:392]
 -2 [ 6 415:415]

Vehicle: 207  Cost: 170.08
Route: 2 44 118 68 87 19 105 -2 
  2 [10  57: 72]
 44 [ 6 128:133]
118 [ 8 300:305]
 68 [ 5 305:310]
 87 [ 9 323:328]
 19 [ 6 337:342]
105 [10 420:425]
 -2 [10 488:488]

Vehicle: 208  Cost: 16.97
Route: 2 40 -2 
  2 [ 4  57:292]
 40 [ 0 300:305]
 -2 [ 0 313:313]

Vehicle: 209  Cost: 144.81
Route: 2 4 33 86 13 29 93 80 -2 
  2 [10  57: 72]
  4 [ 7  99:104]
 33 [ 3 108:113]
 86 [ 5 159:164]
 13 [ 4 178:183]
 29 [ 2 197:202]
 93 [ 6 202:207]
 80 [10 229:234]
 -2 [10 252:252]

Vehicle: 210  Cost: 145.61
Route: 2 12 82 74 123 26 109 5 -2 
  2 [10  57: 72]
 12 [ 8 108:113]
 82 [ 9 113:118]
 74 [ 7 139:144]
123 [10 144:149]
 26 [ 6 164:169]
109 [10 189:194]
  5 [ 8 300:305]
 -2 [ 8 346:346]

Vehicle: 211  Cost: 114.03
Route: 2 11 57 9 124 75 115 -2 
  2 [10  57: 72]
 11 [ 6 116:121]
 57 [ 3 300:305]
  9 [ 1 309:314]
124 [ 5 319:324]
 75 [ 4 324:329]
115 [ 5 420:425]
 -2 [ 5 450:450]

Vehicle: 212  Cost: 120.70
Route: 2 15 103 25 20 42 79 -2 
  2 [10  57:155]
 15 [ 6 180:185]
103 [ 9 300:305]
 25 [ 8 314:319]
 20 [ 4 321:326]
 42 [ 3 335:340]
 79 [ 5 420:425]
 -2 [ 5 460:460]

Vehicle: 213  Cost: 75.35
Route: 2 49 108 58 114 30 92 73 122 -2 
  2 [10  57:277]
 49 [ 8 300:305]
108 [ 9 305:310]
 58 [ 6 314:319]
114 [10 319:324]
 30 [ 6 333:338]
 92 [ 7 361:366]
 73 [ 6 420:425]
122 [10 425:430]
 -2 [10 441:441]

Vehicle: 214  Cost: 181.56
Route: 2 67 66 89 90 24 78 27 91 -2 
  2 [10  57:253]
 67 [ 7 300:305]
 66 [ 5 317:322]
 89 [ 8 340:345]
 90 [10 349:354]
 24 [ 6 365:370]
 78 [10 376:381]
 27 [ 9 394:399]
 91 [10 399:404]
 -2 [10 474:474]

Vehicle: 215  Cost: 74.28
Route: 2 52 45 85 32 16 -2 
  2 [10  57: 72]
 52 [ 7  90: 95]
 45 [ 4 103:108]
 85 [ 5 118:123]
 32 [ 2 300:305]
 16 [ 1 325:330]
 -2 [ 1 338:338]

Vehicle: 218  Cost: 120.03
Route: 2 51 71 121 76 -2 
  2 [10  57:253]
 51 [ 7 300:305]
 71 [ 4 319:324]
121 [ 6 324:329]
 76 [ 2 420:425]
 -2 [ 2 478:478]

Vehicle: 302  Cost: 143.26
Route: 3 70 77 126 14 94 -3 
  3 [10  93:237]
 70 [ 6 300:305]
 77 [ 3 326:331]
126 [ 7 331:336]
 14 [ 4 342:347]
 94 [ 5 420:425]
 -3 [ 5 443:443]

Vehicle: 303  Cost: 65.02
Route: 3 46 119 18 55 111 -3 
  3 [ 9  93:108]
 46 [ 5 135:140]
119 [ 6 153:158]
 18 [ 4 159:164]
 55 [ 1 300:305]
111 [ 4 305:310]
 -3 [ 4 324:324]

Vehicle: 304  Cost: 60.95
Route: 3 10 125 72 -3 
  3 [ 7  93:275]
 10 [ 3 300:305]
125 [ 7 308:313]
 72 [ 4 420:425]
 -3 [ 4 452:452]

Vehicle: 305  Cost: 73.05
Route: 3 61 37 97 60 54 110 38 98 -3 
  3 [10  93:293]
 61 [ 9 300:305]
 37 [ 6 333:338]
 97 [10 338:343]
 60 [ 6 345:350]
 54 [ 5 352:357]
110 [ 9 357:362]
 38 [ 8 380:385]
 98 [10 385:390]
 -3 [10 406:406]

Vehicle: 306  Cost: 88.69
Route: 3 22 7 6 83 102 100 -3 
  3 [ 9  93:108]
 22 [ 5 135:140]
  7 [ 1 154:159]
  6 [ 0 300:305]
 83 [ 2 420:425]
102 [ 4 429:434]
100 [ 7 459:464]
 -3 [ 7 470:470]

Total Cost: 2686.51
 11:114.49, 75:75 [1, 2, -2, -1]
 12:114.49, 72:75 [1, 2, -2, -1]
 14:155.66, 52:75 [1, 2, 3, -3, -1]
201:84.92, 10:10 [2, 63, 116, 21, 88, 35, 96, 39, 99, 104, -2]
202:50.15, 10:10 [2, 31, 28, 17, -2]
203:152.78, 10:10 [2, 53, 36, 112, 50, 34, 120, -2]
204:149.90, 10:10 [2, 69, 8, 81, 41, 101, 95, 47, 106, 107, 62, -2]
205:105.99, 10:10 [2, 43, 23, 56, 65, 117, -2]
206:163.73, 10:10 [2, 59, 64, 48, 84, 113, -2]
207:170.08, 10:10 [2, 44, 118, 68, 87, 19, 105, -2]
208:16.97, 4:10 [2, 40, -2]
209:144.81, 10:10 [2, 4, 33, 86, 13, 29, 93, 80, -2]
210:145.61, 10:10 [2, 12, 82, 74, 123, 26, 109, 5, -2]
211:114.03, 10:10 [2, 11, 57, 9, 124, 75, 115, -2]
212:120.70, 10:10 [2, 15, 103, 25, 20, 42, 79, -2]
213:75.35, 10:10 [2, 49, 108, 58, 114, 30, 92, 73, 122, -2]
214:181.56, 10:10 [2, 67, 66, 89, 90, 24, 78, 27, 91, -2]
215:74.28, 10:10 [2, 52, 45, 85, 32, 16, -2]
218:120.03, 10:10 [2, 51, 71, 121, 76, -2]
302:143.26, 10:10 [3, 70, 77, 126, 14, 94, -3]
303:65.02, 9:10 [3, 46, 119, 18, 55, 111, -3]
304:60.95, 7:10 [3, 10, 125, 72, -3]
305:73.05, 10:10 [3, 61, 37, 97, 60, 54, 110, 38, 98, -3]
306:88.69, 9:10 [3, 22, 7, 6, 83, 102, 100, -3]
fe: 3, se: 21

!ALNS------------
100000,2686.5114602357303,396.387,74.836,3,21,0.8844444444444445,0.9476190476190476,41.0,5.857142857142857
21 17 11 15 0 0 11 1 
19.73232871508525 51.524464469638644 31.340466280896415 24.294777355694215 NaN 279.96716000689065 26.537926079283277 25.694167044031254 
9 12 7 6 7 9 23 3 
31.43796689181016 25.02390428428696 36.31234092199644 32.84172169125894 36.228467945031205 27.50553766370005 25.71071447383683 36.98722655414109 

x[5987] = 1.0
Vehicle: 13  Cost: 114.49
Route: 1 2 -2 -1 
 1 [ 49   0:  0 [38, 8, 29, 52, 45, 37, 36, 63, 22, 46, 70, 7, 30, 4, 15]]
 2 [  0  57: 57 []]
-2 [  4  57:384 [114]]
-1 [  4 441:441 [114]]

x[25292] = 1.0
Vehicle: 12  Cost: 114.49
Route: 1 2 -2 -1 
 1 [ 75   0:  0 [11, 71, 76, 51, 49, 47, 55, 59, 67, 72, 53, 5, 10, 43, 28, 40, 77, 44, 18, 56, 12, 68, 61, 74, 60, 9]]
 2 [  0  57: 57 []]
-2 [ 74  57:553 [121, 100, 111, 79, 97, 78, 122, 124, 125, 89, 94, 92, 87, 117, 126, 91, 90, 118, 108, 83, 113, 102, 119, 103, 115, 105, 98, 110]]
-1 [ 74 610:610 [121, 100, 111, 79, 97, 78, 122, 124, 125, 89, 94, 92, 87, 117, 126, 91, 90, 118, 108, 83, 113, 102, 119, 103, 115, 105, 98, 110]]

x[29801] = 1.0
Vehicle: 17  Cost: 114.49
Route: 1 -2 -1 
 1 [  0   0:  0 []]
-2 [ 15  57:561 [79, 114, 84, 121, 103]]
-1 [ 15 618:618 [79, 114, 84, 121, 103]]

x[34329] = 1.0
Vehicle: 11  Cost: 114.49
Route: 1 2 -2 -1 
 1 [ 75   0:  0 [16, 39, 24, 26, 57, 48, 54, 69, 50, 20, 65, 27, 42, 35, 25, 32, 75, 23, 21, 31, 13, 17, 41, 34, 64, 6, 19, 66, 33, 73, 58, 14, 62]]
 2 [  0  57: 57 []]
-2 [ 49  57:361 [116, 95, 109, 112, 96, 88, 93, 81, 82, 86, 80, 99, 84, 106, 104, 107, 123, 120, 101, 85]]
-1 [ 49 418:418 [116, 95, 109, 112, 96, 88, 93, 81, 82, 86, 80, 99, 84, 106, 104, 107, 123, 120, 101, 85]]

y[1104] = 1.0
Vehicle: 203  Cost: 154.79
Route: 2 34 36 112 50 120 54 -2 
  2 [10  57: 72]
 34 [ 8 128:133]
 36 [ 5 138:143]
112 [ 9 152:157]
 50 [ 5 180:185]
120 [ 8 205:210]
 54 [ 7 300:305]
 -2 [ 7 343:343]

y[1921] = 1.0
Vehicle: 207  Cost: 170.08
Route: 2 44 68 118 87 19 105 -2 
  2 [10 113:128]
 44 [ 6 184:189]
 68 [ 3 300:305]
118 [ 5 305:310]
 87 [ 9 323:328]
 19 [ 6 337:342]
105 [10 420:425]
 -2 [10 488:488]

y[4796] = 1.0
Vehicle: 210  Cost: 145.61
Route: 2 12 82 74 123 26 109 5 -2 
  2 [10  57: 72]
 12 [ 8 108:113]
 82 [ 9 113:118]
 74 [ 7 139:144]
123 [10 144:149]
 26 [ 6 164:169]
109 [10 189:194]
  5 [ 8 300:305]
 -2 [ 8 346:346]

y[4930] = 1.0
Vehicle: 218  Cost: 105.79
Route: 2 20 42 25 28 -2 
  2 [10  57:256]
 20 [ 6 300:305]
 42 [ 5 314:319]
 25 [ 4 330:335]
 28 [ 0 420:425]
 -2 [ 0 449:449]

y[7895] = 1.0
Vehicle: 213  Cost: 163.73
Route: 2 59 64 48 84 113 -2 
  2 [10  57:226]
 59 [ 6 300:305]
 64 [ 3 311:316]
 48 [ 0 327:332]
 84 [ 4 379:384]
113 [ 6 387:392]
 -2 [ 6 415:415]

y[8842] = 1.0
Vehicle: 208  Cost: 118.74
Route: 2 22 7 6 83 102 100 -2 
  2 [ 9 113:128]
 22 [ 5 170:175]
  7 [ 1 189:194]
  6 [ 0 300:305]
 83 [ 2 420:425]
102 [ 4 429:434]
100 [ 7 459:464]
 -2 [ 7 485:485]

y[9707] = 1.0
Vehicle: 212  Cost: 35.38
Route: 2 31 17 -2 
  2 [ 6 113:283]
 31 [ 2 300:305]
 17 [ 0 317:322]
 -2 [ 0 328:328]

y[10407] = 1.0
Vehicle: 202  Cost: 120.28
Route: 2 15 86 13 29 93 80 -2 
  2 [ 7  57:155]
 15 [ 3 180:185]
 86 [ 5 212:217]
 13 [ 4 231:236]
 29 [ 2 250:255]
 93 [ 6 255:260]
 80 [10 282:287]
 -2 [10 305:305]

y[10781] = 1.0
Vehicle: 225  Cost: 164.22
Route: 2 24 77 126 14 94 -2 
  2 [10  57:233]
 24 [ 6 300:305]
 77 [ 3 327:332]
126 [ 7 332:337]
 14 [ 4 343:348]
 94 [ 5 420:425]
 -2 [ 5 459:459]

y[12156] = 1.0
Vehicle: 226  Cost: 109.36
Route: 2 46 119 18 111 55 61 92 -2 
  2 [10  57: 72]
 46 [ 6 118:123]
119 [ 7 136:141]
 18 [ 5 142:147]
111 [ 8 300:305]
 55 [ 5 305:310]
 61 [ 4 326:331]
 92 [ 5 339:344]
 -2 [ 5 360:360]

y[12967] = 1.0
Vehicle: 208  Cost: 135.63
Route: 2 11 57 9 124 75 103 79 -2 
  2 [10  57: 72]
 11 [ 6 116:121]
 57 [ 3 300:305]
  9 [ 1 309:314]
124 [ 5 319:324]
 75 [ 4 324:329]
103 [ 7 355:360]
 79 [ 9 420:425]
 -2 [ 9 460:460]

y[13558] = 1.0
Vehicle: 201  Cost: 84.92
Route: 2 63 116 21 88 35 96 39 99 104 -2 
  2 [10  57: 72]
 63 [ 6 108:113]
116 [ 7 113:118]
 21 [ 6 128:133]
 88 [10 133:138]
 35 [ 8 155:160]
 96 [ 9 160:165]
 39 [ 6 300:305]
 99 [ 8 305:310]
104 [10 314:319]
 -2 [10 331:331]

y[13913] = 1.0
Vehicle: 214  Cost: 182.60
Route: 2 67 66 89 90 70 78 27 91 -2 
  2 [10  57:253]
 67 [ 7 300:305]
 66 [ 5 317:322]
 89 [ 8 340:345]
 90 [10 349:354]
 70 [ 6 365:370]
 78 [10 377:382]
 27 [ 9 395:400]
 91 [10 400:405]
 -2 [10 475:475]

y[14795] = 1.0
Vehicle: 214  Cost: 82.95
Route: 2 53 60 37 97 110 49 108 -2 
  2 [10  57:147]
 53 [ 9 180:185]
 60 [ 5 300:305]
 37 [ 2 306:311]
 97 [ 6 311:316]
110 [10 318:323]
 49 [ 8 340:345]
108 [ 9 345:350]
 -2 [ 9 374:374]

y[15953] = 1.0
Vehicle: 203  Cost: 149.90
Route: 2 69 81 8 101 41 95 47 106 107 62 -2 
  2 [10  57: 72]
 69 [ 9  82: 87]
 81 [10  99:104]
  8 [ 7 104:109]
101 [ 8 119:124]
 41 [ 5 124:129]
 95 [ 8 156:161]
 47 [ 6 168:173]
106 [ 8 173:178]
107 [10 197:202]
 62 [ 9 233:238]
 -2 [ 9 272:272]

y[16832] = 1.0
Vehicle: 208  Cost: 63.72
Route: 2 40 30 98 38 73 122 -2 
  2 [10  57:292]
 40 [ 6 300:305]
 30 [ 2 323:328]
 98 [ 4 337:342]
 38 [ 3 342:347]
 73 [ 2 420:425]
122 [ 6 425:430]
 -2 [ 6 441:441]

y[18236] = 1.0
Vehicle: 218  Cost: 122.64
Route: 2 51 71 121 76 115 -2 
  2 [10  57:253]
 51 [ 7 300:305]
 71 [ 4 319:324]
121 [ 6 324:329]
 76 [ 2 420:425]
115 [ 3 456:461]
 -2 [ 3 486:486]

y[19325] = 1.0
Vehicle: 215  Cost: 53.41
Route: 2 52 45 85 16 -2 
  2 [ 7 113:128]
 52 [ 4 146:151]
 45 [ 1 159:164]
 85 [ 2 175:180]
 16 [ 1 300:305]
 -2 [ 1 313:313]

y[20027] = 1.0
Vehicle: 205  Cost: 105.99
Route: 2 43 23 56 65 117 -2 
  2 [10  57:265]
 43 [ 7 300:305]
 23 [ 4 315:320]
 56 [ 1 420:425]
 65 [ 0 443:448]
117 [ 4 448:453]
 -2 [ 4 495:495]

y[20061] = 1.0
Vehicle: 219  Cost: 83.01
Route: 2 10 125 72 58 114 -2 
  2 [10  57:264]
 10 [ 6 300:305]
125 [10 308:313]
 72 [ 7 420:425]
 58 [ 4 437:442]
114 [ 8 442:447]
 -2 [ 8 474:474]

y[21136] = 1.0
Vehicle: 209  Cost: 60.48
Route: 2 33 4 32 -2 
  2 [10 113:128]
 33 [ 6 155:160]
  4 [ 3 164:169]
 32 [ 0 300:305]
 -2 [ 0 332:332]

FE: 4
SE: 21
!MIP-----
2871.19632657603,5403.494980096817,0.0982932286121413,4,21,48461,21358

Run: 3
Total Cost: 2702.93
Vehicle: 11  Cost: 114.49
Route: 1 2 -2 -1 
 1 [ 75   0:  0 [40, 8, 62, 64, 48, 74, 33, 29, 20, 65, 16, 19, 75, 21, 63, 49, 31, 32, 76, 13, 15, 11, 57, 58, 35, 50, 26]]
 2 [  0  57: 57 []]
-2 [ 37  57:522 [84, 117, 124, 118, 121, 87, 105, 114, 113, 115, 103, 79, 108]]
-1 [ 37 579:579 [84, 117, 124, 118, 121, 87, 105, 114, 113, 115, 103, 79, 108]]

Vehicle: 12  Cost: 114.49
Route: 1 2 -2 -1 
 1 [ 66   0:  0 [59, 17, 71, 12, 67, 53, 9, 51, 42, 44, 43, 41, 23, 34, 69, 25, 68, 28, 52, 47, 56, 66, 5, 4, 36, 45]]
 2 [  0  57: 57 []]
-2 [ 43  57:361 [101, 96, 86, 116, 123, 80, 82, 95, 93, 104, 109, 88, 112, 81, 106, 85, 120, 107]]
-1 [ 43 418:418 [101, 96, 86, 116, 123, 80, 82, 95, 93, 104, 109, 88, 112, 81, 106, 85, 120, 107]]

Vehicle: 13  Cost: 155.59
Route: 1 3 -3 -1 
 1 [ 58   0:  0 [70, 61, 55, 60, 22, 39, 77, 18, 24, 10, 73, 72, 14, 7, 54, 6, 37, 27, 30, 38, 46]]
 3 [  0  78: 78 []]
-3 [ 47  78:513 [122, 90, 126, 102, 97, 125, 98, 110, 111, 99, 91, 100, 83, 92, 78, 89, 94, 119]]
-1 [ 47 591:591 [122, 90, 126, 102, 97, 125, 98, 110, 111, 99, 91, 100, 83, 92, 78, 89, 94, 119]]

Vehicle: 201  Cost: 50.15
Route: 2 31 28 17 -2 
  2 [10  57:283]
 31 [ 6 300:305]
 28 [ 2 420:425]
 17 [ 0 443:448]
 -2 [ 0 455:455]

Vehicle: 202  Cost: 151.73
Route: 2 45 33 86 13 93 29 80 -2 
  2 [10  57: 72]
 45 [ 7  96:101]
 33 [ 3 115:120]
 86 [ 5 166:171]
 13 [ 4 185:190]
 93 [ 8 204:209]
 29 [ 6 209:214]
 80 [10 236:241]
 -2 [10 259:259]

Vehicle: 203  Cost: 161.47
Route: 2 59 64 48 -2 
  2 [10  57:226]
 59 [ 6 300:305]
 64 [ 3 311:316]
 48 [ 0 327:332]
 -2 [ 0 403:403]

Vehicle: 204  Cost: 152.78
Route: 2 53 36 112 50 34 120 -2 
  2 [10  57:147]
 53 [ 9 180:185]
 36 [ 6 210:215]
112 [10 223:228]
 50 [ 6 238:243]
 34 [ 4 259:264]
120 [ 7 269:274]
 -2 [ 7 329:329]

Vehicle: 205  Cost: 145.61
Route: 2 12 82 74 123 26 109 5 -2 
  2 [10  57: 72]
 12 [ 8 108:113]
 82 [ 9 113:118]
 74 [ 7 139:144]
123 [10 144:149]
 26 [ 6 164:169]
109 [10 189:194]
  5 [ 8 300:305]
 -2 [ 8 346:346]

Vehicle: 207  Cost: 170.08
Route: 2 44 68 118 87 19 105 -2 
  2 [10  57: 72]
 44 [ 6 128:133]
 68 [ 3 300:305]
118 [ 5 305:310]
 87 [ 9 323:328]
 19 [ 6 337:342]
105 [10 420:425]
 -2 [10 488:488]

Vehicle: 208  Cost: 97.10
Route: 2 52 35 96 88 21 63 116 104 -2 
  2 [10  57: 72]
 52 [ 7  90: 95]
 35 [ 5 111:116]
 96 [ 6 116:121]
 88 [10 138:143]
 21 [ 9 143:148]
 63 [ 5 157:162]
116 [ 6 162:167]
104 [ 8 300:305]
 -2 [ 8 317:317]

Vehicle: 209  Cost: 56.81
Route: 2 85 4 32 16 -2 
  2 [ 7  57: 72]
 85 [ 8  89: 94]
  4 [ 5 104:109]
 32 [ 2 300:305]
 16 [ 1 325:330]
 -2 [ 1 338:338]

Vehicle: 210  Cost: 149.90
Route: 2 69 81 8 41 101 95 106 47 107 62 -2 
  2 [10  57: 72]
 69 [ 9  82: 87]
 81 [10  99:104]
  8 [ 7 104:109]
 41 [ 4 119:124]
101 [ 5 124:129]
 95 [ 8 156:161]
106 [10 168:173]
 47 [ 8 173:178]
107 [10 197:202]
 62 [ 9 233:238]
 -2 [ 9 272:272]

Vehicle: 211  Cost: 114.03
Route: 2 11 57 9 75 124 115 -2 
  2 [10  57: 72]
 11 [ 6 116:121]
 57 [ 3 300:305]
  9 [ 1 309:314]
 75 [ 0 319:324]
124 [ 4 324:329]
115 [ 5 420:425]
 -2 [ 5 450:450]

Vehicle: 212  Cost: 123.63
Route: 2 49 108 66 67 56 84 113 -2 
  2 [10  57:277]
 49 [ 8 300:305]
108 [ 9 305:310]
 66 [ 7 349:354]
 67 [ 4 366:371]
 56 [ 1 420:425]
 84 [ 5 442:447]
113 [ 7 449:454]
 -2 [ 7 478:478]

Vehicle: 213  Cost: 106.43
Route: 2 43 23 65 117 58 114 -2 
  2 [10  57:265]
 43 [ 7 300:305]
 23 [ 4 315:320]
 65 [ 3 338:343]
117 [ 7 343:348]
 58 [ 4 365:370]
114 [ 8 370:375]
 -2 [ 8 402:402]

Vehicle: 214  Cost: 120.03
Route: 2 76 121 71 51 -2 
  2 [10  57:367]
 76 [ 6 420:425]
121 [ 8 431:436]
 71 [ 5 436:441]
 51 [ 2 455:460]
 -2 [ 2 507:507]

Vehicle: 215  Cost: 16.97
Route: 2 40 -2 
  2 [ 4  57:292]
 40 [ 0 300:305]
 -2 [ 0 313:313]

Vehicle: 224  Cost: 120.70
Route: 2 15 103 25 20 42 79 -2 
  2 [10  57:155]
 15 [ 6 180:185]
103 [ 9 300:305]
 25 [ 8 314:319]
 20 [ 4 321:326]
 42 [ 3 335:340]
 79 [ 5 420:425]
 -2 [ 5 460:460]

Vehicle: 301  Cost: 84.73
Route: 3 38 37 97 54 30 92 73 122 -3 
  3 [10  78:284]
 38 [ 9 300:305]
 37 [ 6 324:329]
 97 [10 329:334]
 54 [ 9 336:341]
 30 [ 5 352:357]
 92 [ 6 380:385]
 73 [ 5 420:425]
122 [ 9 425:430]
 -3 [ 9 439:439]

Vehicle: 302  Cost: 164.78
Route: 3 61 27 91 24 70 78 90 89 -3 
  3 [10  78:293]
 61 [ 9 300:305]
 27 [ 8 366:371]
 91 [ 9 371:376]
 24 [ 5 384:389]
 70 [ 1 392:397]
 78 [ 5 405:410]
 90 [ 7 417:422]
 89 [10 425:430]
 -3 [10 498:498]

Vehicle: 303  Cost: 66.35
Route: 3 39 99 72 125 10 94 -3 
  3 [10  78:292]
 39 [ 7 300:305]
 99 [ 9 305:310]
 72 [ 6 420:425]
125 [10 430:435]
 10 [ 6 438:443]
 94 [ 7 453:458]
 -3 [ 7 477:477]

Vehicle: 304  Cost: 88.69
Route: 3 22 7 6 83 102 100 -3 
  3 [ 9  78: 93]
 22 [ 5 120:125]
  7 [ 1 139:144]
  6 [ 0 300:305]
 83 [ 2 420:425]
102 [ 4 429:434]
100 [ 7 459:464]
 -3 [ 7 470:470]

Vehicle: 305  Cost: 111.37
Route: 3 14 77 126 60 110 98 -3 
  3 [10  78:248]
 14 [ 7 300:305]
 77 [ 4 311:316]
126 [ 8 316:321]
 60 [ 4 338:343]
110 [ 8 345:350]
 98 [10 368:373]
 -3 [10 389:389]

Vehicle: 306  Cost: 65.02
Route: 3 46 119 18 111 55 -3 
  3 [ 9  78: 93]
 46 [ 5 120:125]
119 [ 6 137:142]
 18 [ 4 143:148]
111 [ 7 300:305]
 55 [ 4 305:310]
 -3 [ 4 324:324]

Total Cost: 2702.93
 11:114.49, 75:75 [1, 2, -2, -1]
 12:114.49, 66:75 [1, 2, -2, -1]
 13:155.59, 58:75 [1, 3, -3, -1]
201:50.15, 10:10 [2, 31, 28, 17, -2]
202:151.73, 10:10 [2, 45, 33, 86, 13, 93, 29, 80, -2]
203:161.47, 10:10 [2, 59, 64, 48, -2]
204:152.78, 10:10 [2, 53, 36, 112, 50, 34, 120, -2]
205:145.61, 10:10 [2, 12, 82, 74, 123, 26, 109, 5, -2]
207:170.08, 10:10 [2, 44, 68, 118, 87, 19, 105, -2]
208:97.10, 10:10 [2, 52, 35, 96, 88, 21, 63, 116, 104, -2]
209:56.81, 8:10 [2, 85, 4, 32, 16, -2]
210:149.90, 10:10 [2, 69, 81, 8, 41, 101, 95, 106, 47, 107, 62, -2]
211:114.03, 10:10 [2, 11, 57, 9, 75, 124, 115, -2]
212:123.63, 10:10 [2, 49, 108, 66, 67, 56, 84, 113, -2]
213:106.43, 10:10 [2, 43, 23, 65, 117, 58, 114, -2]
214:120.03, 10:10 [2, 76, 121, 71, 51, -2]
215:16.97, 4:10 [2, 40, -2]
224:120.70, 10:10 [2, 15, 103, 25, 20, 42, 79, -2]
301:84.73, 10:10 [3, 38, 37, 97, 54, 30, 92, 73, 122, -3]
302:164.78, 10:10 [3, 61, 27, 91, 24, 70, 78, 90, 89, -3]
303:66.35, 10:10 [3, 39, 99, 72, 125, 10, 94, -3]
304:88.69, 9:10 [3, 22, 7, 6, 83, 102, 100, -3]
305:111.37, 10:10 [3, 14, 77, 126, 60, 110, 98, -3]
306:65.02, 9:10 [3, 46, 119, 18, 111, 55, -3]
fe: 3, se: 21

!ALNS------------
100000,2702.931213650829,502.074,497.073,3,21,0.8844444444444445,0.9523809523809523,41.0,5.857142857142857
36 15 25 16 0 0 15 5 
24.500268994466467 58.96844905442979 40.53253356841067 30.10403207231596 56.78524409469219 147.05090199717716 31.0948986529704 29.179319046680654 
11 12 13 13 7 12 39 5 
38.59464090408763 37.03009386516361 36.408339224577 36.04057767750573 35.802492163634724 34.01943957946723 35.18118973332261 39.26946818024835 

x[759] = 1.0
Vehicle: 12  Cost: 114.49
Route: 1 2 -2 -1 
 1 [ 46   0:  0 [15, 70, 28, 9, 23, 40, 71, 60, 72, 49, 20, 43, 68, 51]]
 2 [  0  57: 57 []]
-2 [ 27  57:349 [106, 81, 109, 93, 80, 123, 95, 101, 86, 82, 107]]
-1 [ 27 406:406 [106, 81, 109, 93, 80, 123, 95, 101, 86, 82, 107]]

x[2401] = 1.0
Vehicle: 36  Cost: 114.49
Route: 1 2 -2 -1 
 1 [ 50   0:  0 [42, 63, 31, 22, 7, 14, 55, 77, 6, 18, 39, 40, 43, 52, 44, 10]]
 2 [  0  57: 57 []]
-2 [  8  57:587 [111, 83, 119, 102]]
-1 [  8 644:644 [111, 83, 119, 102]]

x[4768] = 1.0
Vehicle: 14  Cost: 114.49
Route: 1 -2 -1 
 1 [  0   0:  0 []]
-2 [ 13  57:575 [122, 99, 87, 118, 92]]
-1 [ 13 632:632 [122, 99, 87, 118, 92]]

x[18652] = 1.0
Vehicle: 11  Cost: 114.49
Route: 1 2 -2 -1 
 1 [ 74   0:  0 [75, 36, 34, 54, 49, 70, 48, 64, 41, 8, 4, 16, 62, 68, 27, 76, 74, 13, 30, 38, 35, 71, 29, 20, 59, 25, 21, 12, 24, 50, 61]]
 2 [  0  57: 57 []]
-2 [ 75  57:605 [115, 79, 91, 78, 114, 117, 89, 97, 90, 105, 125, 87, 124, 110, 84, 121, 126, 94, 103, 108, 98, 100, 104, 122, 113, 118]]
-1 [ 75 662:662 [115, 79, 91, 78, 114, 117, 89, 97, 90, 105, 125, 87, 124, 110, 84, 121, 126, 94, 103, 108, 98, 100, 104, 122, 113, 118]]

x[21376] = 1.0
Vehicle: 12  Cost: 114.49
Route: 1 2 -2 -1 
 1 [ 75   0:  0 [51, 15, 17, 11, 28, 58, 37, 23, 26, 69, 9, 5, 47, 56, 65, 60, 53, 33, 73, 19, 45, 66, 72, 32, 46, 67, 57]]
 2 [  0  57: 57 []]
-2 [ 47  57:361 [107, 106, 82, 101, 112, 88, 116, 80, 120, 93, 109, 123, 81, 86, 96, 99, 92, 85, 111, 95]]
-1 [ 47 418:418 [107, 106, 82, 101, 112, 88, 116, 80, 120, 93, 109, 123, 81, 86, 96, 99, 92, 85, 111, 95]]

y[863] = 1.0
Vehicle: 215  Cost: 104.30
Route: 2 46 119 18 55 111 92 73 122 -2 
  2 [10  57: 72]
 46 [ 6 118:123]
119 [ 7 136:141]
 18 [ 5 142:147]
 55 [ 2 300:305]
111 [ 5 305:310]
 92 [ 6 329:334]
 73 [ 5 420:425]
122 [ 9 425:430]
 -2 [ 9 441:441]

y[983] = 1.0
Vehicle: 201  Cost: 134.73
Route: 2 44 76 -2 
  2 [ 8  57: 72]
 44 [ 4 128:133]
 76 [ 0 420:425]
 -2 [ 0 478:478]

y[1160] = 1.0
Vehicle: 212  Cost: 60.48
Route: 2 33 4 32 -2 
  2 [10  57: 72]
 33 [ 6  99:104]
  4 [ 3 108:113]
 32 [ 0 300:305]
 -2 [ 0 332:332]

y[1362] = 1.0
Vehicle: 208  Cost: 161.90
Route: 2 70 27 91 24 78 90 89 -2 
  2 [ 9  57:236]
 70 [ 5 300:305]
 27 [ 4 315:320]
 91 [ 5 320:325]
 24 [ 1 333:338]
 78 [ 5 344:349]
 90 [ 7 356:361]
 89 [10 365:370]
 -2 [10 433:433]

y[1405] = 1.0
Vehicle: 216  Cost: 47.41
Route: 2 38 -2 
  2 [ 1  57:276]
 38 [ 0 300:305]
 -2 [ 0 329:329]

y[3257] = 1.0
Vehicle: 212  Cost: 148.00
Route: 2 69 113 67 66 19 105 117 -2 
  2 [ 9  57: 72]
 69 [ 8  82: 87]
113 [10 300:305]
 67 [ 7 329:334]
 66 [ 5 346:351]
 19 [ 2 362:367]
105 [ 6 420:425]
117 [10 449:454]
 -2 [10 496:496]

y[3496] = 1.0
Vehicle: 210  Cost: 38.94
Route: 2 80 31 -2 
  2 [ 4  57: 72]
 80 [ 8  90: 95]
 31 [ 4 300:305]
 -2 [ 4 322:322]

y[4924] = 1.0
Vehicle: 206  Cost: 145.61
Route: 2 12 82 74 123 26 109 5 -2 
  2 [10  57: 72]
 12 [ 8 108:113]
 82 [ 9 113:118]
 74 [ 7 139:144]
123 [10 144:149]
 26 [ 6 164:169]
109 [10 189:194]
  5 [ 8 300:305]
 -2 [ 8 346:346]

y[6436] = 1.0
Vehicle: 203  Cost: 135.90
Route: 2 57 9 124 75 20 79 -2 
  2 [10  57:248]
 57 [ 7 300:305]
  9 [ 5 309:314]
124 [ 9 319:324]
 75 [ 8 324:329]
 20 [ 4 347:352]
 79 [ 6 420:425]
 -2 [ 6 460:460]

y[8764] = 1.0
Vehicle: 213  Cost: 81.42
Route: 2 49 108 58 114 60 110 54 -2 
  2 [10  57:277]
 49 [ 8 300:305]
108 [ 9 305:310]
 58 [ 6 314:319]
114 [10 319:324]
 60 [ 6 338:343]
110 [10 345:350]
 54 [ 9 350:355]
 -2 [ 9 393:393]

y[10335] = 1.0
Vehicle: 208  Cost: 158.73
Route: 2 51 48 68 118 87 -2 
  2 [ 9  57:253]
 51 [ 6 300:305]
 48 [ 3 328:333]
 68 [ 0 344:349]
118 [ 2 349:354]
 87 [ 6 367:372]
 -2 [ 6 437:437]

y[11323] = 1.0
Vehicle: 207  Cost: 162.53
Route: 2 64 59 121 71 115 -2 
  2 [10  57:222]
 64 [ 7 300:305]
 59 [ 3 311:316]
121 [ 5 336:341]
 71 [ 2 341:346]
115 [ 3 420:425]
 -2 [ 3 450:450]

y[12260] = 1.0
Vehicle: 214  Cost: 122.25
Route: 2 30 14 77 126 97 -2 
  2 [10  57:273]
 30 [ 6 300:305]
 14 [ 3 338:343]
 77 [ 0 349:354]
126 [ 4 354:359]
 97 [ 8 376:381]
 -2 [ 8 420:420]

y[13059] = 1.0
Vehicle: 211  Cost: 148.27
Route: 2 11 29 93 13 86 42 25 103 -2 
  2 [ 9  57: 72]
 11 [ 5 116:121]
 29 [ 3 132:137]
 93 [ 7 137:142]
 13 [ 6 155:160]
 86 [ 8 175:180]
 42 [ 7 300:305]
 25 [ 6 316:321]
103 [ 9 330:335]
 -2 [ 9 369:369]

y[14354] = 1.0
Vehicle: 204  Cost: 53.41
Route: 2 52 45 85 16 -2 
  2 [ 7  57: 72]
 52 [ 4  90: 95]
 45 [ 1 103:108]
 85 [ 2 118:123]
 16 [ 1 300:305]
 -2 [ 1 313:313]

y[16201] = 1.0
Vehicle: 210  Cost: 61.16
Route: 2 15 28 17 -2 
  2 [10  57:155]
 15 [ 6 180:185]
 28 [ 2 420:425]
 17 [ 0 443:448]
 -2 [ 0 455:455]

y[17750] = 1.0
Vehicle: 228  Cost: 118.74
Route: 2 22 7 6 83 102 100 -2 
  2 [ 9  57: 72]
 22 [ 5 113:118]
  7 [ 1 132:137]
  6 [ 0 300:305]
 83 [ 2 420:425]
102 [ 4 429:434]
100 [ 7 459:464]
 -2 [ 7 485:485]

y[17960] = 1.0
Vehicle: 208  Cost: 35.38
Route: 2 39 99 40 -2 
  2 [ 7  57:284]
 39 [ 4 300:305]
 99 [ 6 305:310]
 40 [ 2 321:326]
 -2 [ 2 334:334]

y[19799] = 1.0
Vehicle: 213  Cost: 87.13
Route: 2 43 56 23 84 -2 
  2 [ 9  57:265]
 43 [ 6 300:305]
 56 [ 3 420:425]
 23 [ 0 426:431]
 84 [ 4 447:452]
 -2 [ 4 477:477]

y[20292] = 1.0
Vehicle: 208  Cost: 88.22
Route: 2 96 35 21 88 63 116 61 104 -2 
  2 [ 8  57: 72]
 96 [ 9  94: 99]
 35 [ 7  99:104]
 21 [ 6 121:126]
 88 [10 126:131]
 63 [ 6 141:146]
116 [ 7 146:151]
 61 [ 6 300:305]
104 [ 8 314:319]
 -2 [ 8 331:331]

y[20635] = 1.0
Vehicle: 243  Cost: 154.93
Route: 2 53 36 112 50 34 120 98 -2 
  2 [10  57:147]
 53 [ 9 180:185]
 36 [ 6 210:215]
112 [10 223:228]
 50 [ 6 238:243]
 34 [ 4 259:264]
120 [ 7 269:274]
 98 [ 9 308:313]
 -2 [ 9 337:337]

y[20661] = 1.0
Vehicle: 228  Cost: 99.43
Route: 2 37 72 125 10 94 -2 
  2 [10  57:261]
 37 [ 7 300:305]
 72 [ 4 420:425]
125 [ 8 430:435]
 10 [ 4 438:443]
 94 [ 5 453:458]
 -2 [ 5 492:492]

y[20946] = 1.0
Vehicle: 209  Cost: 153.06
Route: 2 8 81 41 101 62 95 106 47 107 65 -2 
  2 [10  57: 72]
  8 [ 7  94: 99]
 81 [ 8  99:104]
 41 [ 5 114:119]
101 [ 6 119:124]
 62 [ 5 128:133]
 95 [ 8 156:161]
106 [10 169:174]
 47 [ 8 174:179]
107 [10 198:203]
 65 [ 9 300:305]
 -2 [ 9 347:347]

FE: 5
SE: 23
!MIP-----
3074.364933024627,5405.335855007172,0.15851739666331405,5,23,41846,21723

Run: 4
Total Cost: 2686.92
Vehicle: 11  Cost: 114.49
Route: 1 2 -2 -1 
 1 [ 75   0:  0 [68, 27, 24, 47, 42, 15, 8, 19, 9, 75, 57, 40, 21, 56, 16, 43, 23, 11, 12, 74, 5, 44, 25, 29, 76, 30, 50, 36, 53]]
 2 [  0  57: 57 []]
-2 [ 47  57:522 [117, 84, 114, 103, 124, 108, 90, 105, 118, 113, 115, 91, 121, 78, 87, 79, 89]]
-1 [ 47 579:579 [117, 84, 114, 103, 124, 108, 90, 105, 118, 113, 115, 91, 121, 78, 87, 79, 89]]

Vehicle: 12  Cost: 114.49
Route: 1 2 -2 -1 
 1 [ 73   0:  0 [20, 41, 67, 66, 13, 32, 52, 62, 69, 48, 64, 59, 63, 28, 17, 26, 33, 31, 65, 51, 71, 58, 49, 34, 45, 4]]
 2 [  0  57: 57 []]
-2 [ 41  57:361 [96, 93, 123, 106, 109, 112, 116, 82, 81, 80, 85, 120, 107, 88, 95, 86, 101]]
-1 [ 41 418:418 [96, 93, 123, 106, 109, 112, 116, 82, 81, 80, 85, 120, 107, 88, 95, 86, 101]]

Vehicle: 13  Cost: 155.59
Route: 1 3 -3 -1 
 1 [ 51   0:  0 [60, 35, 39, 72, 73, 22, 70, 61, 55, 46, 37, 14, 77, 10, 38, 7, 54, 18, 6]]
 3 [  0  78: 78 []]
-3 [ 39  78:485 [104, 98, 119, 126, 125, 102, 111, 83, 92, 110, 122, 97, 99, 100, 94]]
-1 [ 39 562:562 [104, 98, 119, 126, 125, 102, 111, 83, 92, 110, 122, 97, 99, 100, 94]]

Vehicle: 201  Cost: 105.99
Route: 2 43 23 56 65 117 -2 
  2 [10  57:265]
 43 [ 7 300:305]
 23 [ 4 315:320]
 56 [ 1 420:425]
 65 [ 0 443:448]
117 [ 4 448:453]
 -2 [ 4 495:495]

Vehicle: 202  Cost: 74.28
Route: 2 52 45 85 32 16 -2 
  2 [10  57: 72]
 52 [ 7  90: 95]
 45 [ 4 103:108]
 85 [ 5 118:123]
 32 [ 2 300:305]
 16 [ 1 325:330]
 -2 [ 1 338:338]

Vehicle: 203  Cost: 144.81
Route: 2 4 33 86 13 29 93 80 -2 
  2 [10  57: 72]
  4 [ 7  99:104]
 33 [ 3 108:113]
 86 [ 5 159:164]
 13 [ 4 178:183]
 29 [ 2 197:202]
 93 [ 6 202:207]
 80 [10 229:234]
 -2 [10 252:252]

Vehicle: 204  Cost: 50.15
Route: 2 31 28 17 -2 
  2 [10  57:283]
 31 [ 6 300:305]
 28 [ 2 420:425]
 17 [ 0 443:448]
 -2 [ 0 455:455]

Vehicle: 205  Cost: 149.90
Route: 2 69 8 81 101 41 95 47 106 107 62 -2 
  2 [10  57: 72]
 69 [ 9  82: 87]
  8 [ 6  99:104]
 81 [ 7 104:109]
101 [ 8 119:124]
 41 [ 5 124:129]
 95 [ 8 156:161]
 47 [ 6 168:173]
106 [ 8 173:178]
107 [10 197:202]
 62 [ 9 233:238]
 -2 [ 9 272:272]

Vehicle: 206  Cost: 120.70
Route: 2 15 103 25 20 42 79 -2 
  2 [10  57:155]
 15 [ 6 180:185]
103 [ 9 300:305]
 25 [ 8 314:319]
 20 [ 4 321:326]
 42 [ 3 335:340]
 79 [ 5 420:425]
 -2 [ 5 460:460]

Vehicle: 207  Cost: 145.61
Route: 2 12 82 74 123 26 109 5 -2 
  2 [10  57: 72]
 12 [ 8 108:113]
 82 [ 9 113:118]
 74 [ 7 139:144]
123 [10 144:149]
 26 [ 6 164:169]
109 [10 189:194]
  5 [ 8 300:305]
 -2 [ 8 346:346]

Vehicle: 208  Cost: 152.78
Route: 2 53 36 112 50 34 120 -2 
  2 [10  57:147]
 53 [ 9 180:185]
 36 [ 6 210:215]
112 [10 223:228]
 50 [ 6 238:243]
 34 [ 4 259:264]
120 [ 7 269:274]
 -2 [ 7 329:329]

Vehicle: 209  Cost: 170.08
Route: 2 44 118 68 87 19 105 -2 
  2 [10  57: 72]
 44 [ 6 128:133]
118 [ 8 300:305]
 68 [ 5 305:310]
 87 [ 9 323:328]
 19 [ 6 337:342]
105 [10 420:425]
 -2 [10 488:488]

Vehicle: 210  Cost: 181.56
Route: 2 67 66 89 90 24 78 27 91 -2 
  2 [10  57:253]
 67 [ 7 300:305]
 66 [ 5 317:322]
 89 [ 8 340:345]
 90 [10 349:354]
 24 [ 6 365:370]
 78 [10 376:381]
 27 [ 9 394:399]
 91 [10 399:404]
 -2 [10 474:474]

Vehicle: 211  Cost: 163.73
Route: 2 59 64 48 84 113 -2 
  2 [10  57:226]
 59 [ 6 300:305]
 64 [ 3 311:316]
 48 [ 0 327:332]
 84 [ 4 379:384]
113 [ 6 387:392]
 -2 [ 6 415:415]

Vehicle: 212  Cost: 87.92
Route: 2 63 116 88 21 96 40 -2 
  2 [ 9  57: 72]
 63 [ 5 108:113]
116 [ 6 113:118]
 88 [10 128:133]
 21 [ 9 133:138]
 96 [10 155:160]
 40 [ 6 300:305]
 -2 [ 6 313:313]

Vehicle: 213  Cost: 120.03
Route: 2 76 71 121 51 -2 
  2 [10  57:367]
 76 [ 6 420:425]
 71 [ 3 431:436]
121 [ 5 436:441]
 51 [ 2 455:460]
 -2 [ 2 507:507]

Vehicle: 214  Cost: 114.03
Route: 2 11 57 9 75 124 115 -2 
  2 [10  57: 72]
 11 [ 6 116:121]
 57 [ 3 300:305]
  9 [ 1 309:314]
 75 [ 0 319:324]
124 [ 4 324:329]
115 [ 5 420:425]
 -2 [ 5 450:450]

Vehicle: 216  Cost: 63.35
Route: 2 49 108 58 114 30 -2 
  2 [ 9  57:277]
 49 [ 7 300:305]
108 [ 8 305:310]
 58 [ 5 314:319]
114 [ 9 319:324]
 30 [ 5 333:338]
 -2 [ 5 365:365]

Vehicle: 301  Cost: 88.69
Route: 3 22 7 6 83 102 100 -3 
  3 [ 9  78: 93]
 22 [ 5 120:125]
  7 [ 1 139:144]
  6 [ 0 300:305]
 83 [ 2 420:425]
102 [ 4 429:434]
100 [ 7 459:464]
 -3 [ 7 470:470]

Vehicle: 302  Cost: 143.26
Route: 3 70 77 126 14 94 -3 
  3 [10  78:237]
 70 [ 6 300:305]
 77 [ 3 326:331]
126 [ 7 331:336]
 14 [ 4 342:347]
 94 [ 5 420:425]
 -3 [ 5 443:443]

Vehicle: 303  Cost: 65.02
Route: 3 46 119 18 55 111 -3 
  3 [ 9  78: 93]
 46 [ 5 120:125]
119 [ 6 137:142]
 18 [ 4 143:148]
 55 [ 1 300:305]
111 [ 4 305:310]
 -3 [ 4 324:324]

Vehicle: 304  Cost: 73.05
Route: 3 61 37 97 60 54 110 38 98 -3 
  3 [10  78:293]
 61 [ 9 300:305]
 37 [ 6 333:338]
 97 [10 338:343]
 60 [ 6 345:350]
 54 [ 5 352:357]
110 [ 9 357:362]
 38 [ 8 380:385]
 98 [10 385:390]
 -3 [10 406:406]

Vehicle: 305  Cost: 26.38
Route: 3 92 122 73 104 39 99 -3 
  3 [ 4  78:295]
 92 [ 5 300:305]
122 [ 9 420:425]
 73 [ 8 425:430]
104 [10 435:440]
 39 [ 7 444:449]
 99 [ 9 449:454]
 -3 [ 9 462:462]

Vehicle: 306  Cost: 61.02
Route: 3 35 10 125 72 -3 
  3 [ 9  78: 93]
 35 [ 7  99:104]
 10 [ 3 300:305]
125 [ 7 308:313]
 72 [ 4 420:425]
 -3 [ 4 452:452]

Total Cost: 2686.92
 11:114.49, 75:75 [1, 2, -2, -1]
 12:114.49, 73:75 [1, 2, -2, -1]
 13:155.59, 51:75 [1, 3, -3, -1]
201:105.99, 10:10 [2, 43, 23, 56, 65, 117, -2]
202:74.28, 10:10 [2, 52, 45, 85, 32, 16, -2]
203:144.81, 10:10 [2, 4, 33, 86, 13, 29, 93, 80, -2]
204:50.15, 10:10 [2, 31, 28, 17, -2]
205:149.90, 10:10 [2, 69, 8, 81, 101, 41, 95, 47, 106, 107, 62, -2]
206:120.70, 10:10 [2, 15, 103, 25, 20, 42, 79, -2]
207:145.61, 10:10 [2, 12, 82, 74, 123, 26, 109, 5, -2]
208:152.78, 10:10 [2, 53, 36, 112, 50, 34, 120, -2]
209:170.08, 10:10 [2, 44, 118, 68, 87, 19, 105, -2]
210:181.56, 10:10 [2, 67, 66, 89, 90, 24, 78, 27, 91, -2]
211:163.73, 10:10 [2, 59, 64, 48, 84, 113, -2]
212:87.92, 10:10 [2, 63, 116, 88, 21, 96, 40, -2]
213:120.03, 10:10 [2, 76, 71, 121, 51, -2]
214:114.03, 10:10 [2, 11, 57, 9, 75, 124, 115, -2]
216:63.35, 9:10 [2, 49, 108, 58, 114, 30, -2]
301:88.69, 9:10 [3, 22, 7, 6, 83, 102, 100, -3]
302:143.26, 10:10 [3, 70, 77, 126, 14, 94, -3]
303:65.02, 9:10 [3, 46, 119, 18, 55, 111, -3]
304:73.05, 10:10 [3, 61, 37, 97, 60, 54, 110, 38, 98, -3]
305:26.38, 10:10 [3, 92, 122, 73, 104, 39, 99, -3]
306:61.02, 9:10 [3, 35, 10, 125, 72, -3]
fe: 3, se: 21

!ALNS------------
100000,2686.923138950177,464.362,242.175,3,21,0.8844444444444445,0.9809523809523809,41.0,5.857142857142857
27 15 15 13 0 0 9 5 
28.099328185139118 56.43186768723555 33.86760360852718 38.60387223147413 96.77289515806638 NaN 28.111424073217904 31.013979636760578 
13 13 5 10 5 11 24 3 
36.81378677366045 35.073129917920376 29.721672846303502 37.420147094159866 36.7602472159149 36.118613198749905 33.54133250517447 46.119104074866776 

x[7169] = 1.0
Vehicle: 15  Cost: 114.49
Route: 1 -2 -1 
 1 [  0   0:  0 []]
-2 [ 17  57:361 [85, 86, 80, 93, 82, 123, 106]]
-1 [ 17 418:418 [85, 86, 80, 93, 82, 123, 106]]

x[27463] = 1.0
Vehicle: 12  Cost: 114.49
Route: 1 2 -2 -1 
 1 [ 68   0:  0 [34, 13, 41, 39, 8, 63, 31, 50, 64, 43, 29, 28, 36, 35, 17, 74, 53, 33, 4, 44, 47, 21, 62, 59, 48]]
 2 [  0  57: 57 []]
-2 [ 44  57:360 [95, 96, 116, 101, 112, 86, 93, 81, 85, 120, 123, 106, 107, 104, 99, 88, 80, 84]]
-1 [ 44 418:418 [95, 96, 116, 101, 112, 86, 93, 81, 85, 120, 123, 106, 107, 104, 99, 88, 80, 84]]

x[33836] = 1.0
Vehicle: 13  Cost: 155.59
Route: 1 3 -3 -1 
 1 [ 58   0:  0 [77, 54, 18, 14, 37, 52, 38, 60, 22, 72, 55, 73, 58, 46, 32, 7, 45, 30, 6, 10, 61]]
 3 [  0  78: 78 []]
-3 [ 39  78:492 [97, 114, 92, 98, 100, 119, 102, 122, 83, 111, 94, 110, 126, 125]]
-1 [ 39 570:570 [97, 114, 92, 98, 100, 119, 102, 122, 83, 111, 94, 110, 126, 125]]

x[44270] = 1.0
Vehicle: 11  Cost: 114.49
Route: 1 2 -2 -1 
 1 [ 73   0:  0 [40, 51, 65, 24, 15, 68, 19, 66, 76, 67, 69, 27, 75, 56, 12, 16, 25, 42, 70, 71, 57, 20, 9, 49, 11, 26, 23, 5]]
 2 [  0  57: 57 []]
-2 [ 48  57:595 [103, 82, 90, 118, 105, 89, 84, 124, 78, 117, 121, 115, 79, 113, 108, 91, 109, 87]]
-1 [ 48 652:652 [103, 82, 90, 118, 105, 89, 84, 124, 78, 117, 121, 115, 79, 113, 108, 91, 109, 87]]

y[999] = 1.0
Vehicle: 203  Cost: 133.25
Route: 2 11 93 57 9 75 124 115 -2 
  2 [10  57: 72]
 11 [ 6 116:121]
 93 [10 132:137]
 57 [ 7 300:305]
  9 [ 5 309:314]
 75 [ 4 319:324]
124 [ 8 324:329]
115 [ 9 420:425]
 -2 [ 9 450:450]

y[1032] = 1.0
Vehicle: 304  Cost: 112.55
Route: 3 10 14 126 77 125 94 -3 
  3 [10  78:275]
 10 [ 6 300:305]
 14 [ 3 331:336]
126 [ 7 342:347]
 77 [ 4 347:352]
125 [ 8 377:382]
 94 [ 9 420:425]
 -3 [ 9 443:443]

y[1359] = 1.0
Vehicle: 211  Cost: 87.59
Route: 2 40 56 23 84 -2 
  2 [10  57:292]
 40 [ 6 300:305]
 56 [ 3 420:425]
 23 [ 0 426:431]
 84 [ 4 447:452]
 -2 [ 4 477:477]

y[3203] = 1.0
Vehicle: 225  Cost: 38.94
Route: 2 80 31 -2 
  2 [ 4 205:220]
 80 [ 8 238:243]
 31 [ 4 300:305]
 -2 [ 4 322:322]

y[3820] = 1.0
Vehicle: 210  Cost: 58.19
Route: 2 85 4 33 16 -2 
  2 [ 8  57: 72]
 85 [ 9  89: 94]
  4 [ 6 104:109]
 33 [ 2 113:118]
 16 [ 1 300:305]
 -2 [ 1 313:313]

y[4714] = 1.0
Vehicle: 207  Cost: 145.61
Route: 2 12 82 74 123 26 109 5 -2 
  2 [10  57: 72]
 12 [ 8 108:113]
 82 [ 9 113:118]
 74 [ 7 139:144]
123 [10 144:149]
 26 [ 6 164:169]
109 [10 189:194]
  5 [ 8 300:305]
 -2 [ 8 346:346]

y[4969] = 1.0
Vehicle: 302  Cost: 72.08
Route: 3 30 114 58 72 -3 
  3 [10  93:276]
 30 [ 6 300:305]
114 [10 314:319]
 58 [ 7 319:324]
 72 [ 4 420:425]
 -3 [ 4 452:452]

y[5273] = 1.0
Vehicle: 208  Cost: 152.78
Route: 2 53 36 112 50 34 120 -2 
  2 [10 113:147]
 53 [ 9 180:185]
 36 [ 6 210:215]
112 [10 223:228]
 50 [ 6 238:243]
 34 [ 4 259:264]
120 [ 7 269:274]
 -2 [ 7 329:329]

y[6604] = 1.0
Vehicle: 301  Cost: 65.02
Route: 3 46 119 18 111 55 -3 
  3 [ 9  93:108]
 46 [ 5 135:140]
119 [ 6 153:158]
 18 [ 4 159:164]
111 [ 7 300:305]
 55 [ 4 305:310]
 -3 [ 4 324:324]

y[6645] = 1.0
Vehicle: 301  Cost: 88.69
Route: 3 22 7 6 83 102 100 -3 
  3 [ 9  93:108]
 22 [ 5 135:140]
  7 [ 1 154:159]
  6 [ 0 300:305]
 83 [ 2 420:425]
102 [ 4 429:434]
100 [ 7 459:464]
 -3 [ 7 470:470]

y[6937] = 1.0
Vehicle: 301  Cost: 73.05
Route: 3 61 37 97 60 54 110 38 98 -3 
  3 [10  93:293]
 61 [ 9 300:305]
 37 [ 6 333:338]
 97 [10 338:343]
 60 [ 6 345:350]
 54 [ 5 352:357]
110 [ 9 357:362]
 38 [ 8 380:385]
 98 [10 385:390]
 -3 [10 406:406]

y[8351] = 1.0
Vehicle: 231  Cost: 120.03
Route: 2 76 121 71 51 -2 
  2 [10 113:367]
 76 [ 6 420:425]
121 [ 8 431:436]
 71 [ 5 436:441]
 51 [ 2 455:460]
 -2 [ 2 507:507]

y[10276] = 1.0
Vehicle: 305  Cost: 66.28
Route: 3 52 45 32 92 122 73 -3 
  3 [10  93:108]
 52 [ 7 118:123]
 45 [ 4 131:136]
 32 [ 1 300:305]
 92 [ 2 330:335]
122 [ 6 420:425]
 73 [ 5 425:430]
 -3 [ 5 439:439]

y[13219] = 1.0
Vehicle: 201  Cost: 151.79
Route: 2 49 108 67 66 19 105 117 -2 
  2 [10  57:277]
 49 [ 8 300:305]
108 [ 9 305:310]
 67 [ 6 338:343]
 66 [ 4 355:360]
 19 [ 1 371:376]
105 [ 5 420:425]
117 [ 9 449:454]
 -2 [ 9 496:496]

y[13385] = 1.0
Vehicle: 219  Cost: 84.92
Route: 2 63 116 21 88 35 96 39 99 104 -2 
  2 [10  57: 72]
 63 [ 6 108:113]
116 [ 7 113:118]
 21 [ 6 128:133]
 88 [10 133:138]
 35 [ 8 155:160]
 96 [ 9 160:165]
 39 [ 6 300:305]
 99 [ 8 305:310]
104 [10 314:319]
 -2 [10 331:331]

y[15623] = 1.0
Vehicle: 204  Cost: 83.49
Route: 2 15 79 28 17 -2 
  2 [10  57:155]
 15 [ 6 180:185]
 79 [ 8 420:425]
 28 [ 4 447:452]
 17 [ 2 470:475]
 -2 [ 2 482:482]

y[15787] = 1.0
Vehicle: 205  Cost: 149.90
Route: 2 69 8 81 101 41 95 106 47 107 62 -2 
  2 [10  57: 72]
 69 [ 9  82: 87]
  8 [ 6  99:104]
 81 [ 7 104:109]
101 [ 8 119:124]
 41 [ 5 124:129]
 95 [ 8 156:161]
106 [10 168:173]
 47 [ 8 173:178]
107 [10 197:202]
 62 [ 9 233:238]
 -2 [ 9 272:272]

y[16914] = 1.0
Vehicle: 206  Cost: 134.16
Route: 2 29 13 86 42 20 25 103 -2 
  2 [ 9  57: 72]
 29 [ 7 112:117]
 13 [ 6 131:136]
 86 [ 8 150:155]
 42 [ 7 300:305]
 20 [ 3 314:319]
 25 [ 2 322:327]
103 [ 5 335:340]
 -2 [ 5 375:375]

y[17792] = 1.0
Vehicle: 217  Cost: 151.77
Route: 2 44 118 68 87 43 -2 
  2 [10  57: 72]
 44 [ 6 128:133]
118 [ 8 300:305]
 68 [ 5 305:310]
 87 [ 9 323:328]
 43 [ 6 359:364]
 -2 [ 6 399:399]

y[19351] = 1.0
Vehicle: 210  Cost: 163.46
Route: 2 65 70 91 27 24 78 90 89 -2 
  2 [10  57:258]
 65 [ 9 300:305]
 70 [ 5 328:333]
 91 [ 6 343:348]
 27 [ 5 348:353]
 24 [ 1 361:366]
 78 [ 5 372:377]
 90 [ 7 384:389]
 89 [10 392:397]
 -2 [10 461:461]

y[19544] = 1.0
Vehicle: 209  Cost: 163.53
Route: 2 59 64 48 113 -2 
  2 [10  57:226]
 59 [ 6 300:305]
 64 [ 3 311:316]
 48 [ 0 327:332]
113 [ 2 381:386]
 -2 [ 2 410:410]

FE: 4
SE: 21
!MIP-----
2796.147613451431,5401.331942081451,0.06889160547601994,4,21,45699,20906

Run: 5
Total Cost: 2744.79
Vehicle: 11  Cost: 114.49
Route: 1 2 -2 -1 
 1 [ 75   0:  0 [24, 75, 21, 66, 57, 63, 74, 33, 40, 50, 26, 19, 41, 5, 23, 59, 27, 44, 43, 58, 16, 46, 54, 64, 68, 47, 62, 69]]
 2 [  0  57: 57 []]
-2 [ 50  57:503 [87, 89, 121, 115, 91, 105, 126, 103, 79, 84, 110, 118, 90, 78, 124, 117, 113]]
-1 [ 50 560:560 [87, 89, 121, 115, 91, 105, 126, 103, 79, 84, 110, 118, 90, 78, 124, 117, 113]]

Vehicle: 12  Cost: 114.49
Route: 1 2 -2 -1 
 1 [ 73   0:  0 [67, 34, 15, 56, 9, 17, 25, 29, 30, 32, 70, 42, 71, 51, 12, 49, 65, 4, 36, 48, 77, 11, 20, 10, 28, 8]]
 2 [  0  57: 57 []]
-2 [ 48  57:362 [104, 106, 108, 101, 116, 109, 112, 123, 95, 86, 93, 82, 114, 81, 80, 85, 120, 107, 96, 88]]
-1 [ 48 419:419 [104, 106, 108, 101, 116, 109, 112, 123, 95, 86, 93, 82, 114, 81, 80, 85, 120, 107, 96, 88]]

Vehicle: 13  Cost: 155.66
Route: 1 2 3 -3 -1 
 1 [ 51   0:  0 [39, 61, 60, 55, 38, 72, 73, 52, 35, 6, 7, 53, 13, 14, 76, 37, 18, 22, 45, 31]]
 2 [ 38  57: 72 [39, 61, 60, 55, 38, 72, 73, 52, 35, 6, 7, 37, 18, 22, 45]]
 3 [  0  93: 93 []]
-3 [ 29  93:492 [119, 125, 102, 92, 97, 94, 83, 111, 98, 100, 122, 99]]
-1 [ 29 570:570 [119, 125, 102, 92, 97, 94, 83, 111, 98, 100, 122, 99]]

Vehicle: 201  Cost: 140.66
Route: 2 33 86 13 93 29 80 -2 
  2 [ 7  57: 72]
 33 [ 3  99:104]
 86 [ 5 149:154]
 13 [ 4 169:174]
 93 [ 8 187:192]
 29 [ 6 192:197]
 80 [10 220:225]
 -2 [10 243:243]

Vehicle: 202  Cost: 184.88
Route: 2 63 116 120 34 50 112 107 -2 
  2 [10  57: 72]
 63 [ 6 108:113]
116 [ 7 113:118]
120 [10 142:147]
 34 [ 8 152:157]
 50 [ 4 180:185]
112 [ 8 195:200]
107 [10 228:233]
 -2 [10 298:298]

Vehicle: 203  Cost: 145.61
Route: 2 12 82 74 123 26 109 5 -2 
  2 [10  57: 72]
 12 [ 8 108:113]
 82 [ 9 113:118]
 74 [ 7 139:144]
123 [10 144:149]
 26 [ 6 164:169]
109 [10 189:194]
  5 [ 8 300:305]
 -2 [ 8 346:346]

Vehicle: 204  Cost: 59.25
Route: 2 69 8 81 49 108 40 -2 
  2 [10  57: 72]
 69 [ 9  82: 87]
  8 [ 6  99:104]
 81 [ 7 104:109]
 49 [ 5 300:305]
108 [ 6 305:310]
 40 [ 2 326:331]
 -2 [ 2 340:340]

Vehicle: 205  Cost: 133.66
Route: 2 36 14 77 126 54 110 -2 
  2 [10  57: 72]
 36 [ 7 130:135]
 14 [ 4 300:305]
 77 [ 1 311:316]
126 [ 5 316:321]
 54 [ 4 339:344]
110 [ 8 344:349]
 -2 [ 8 387:387]

Vehicle: 206  Cost: 120.70
Route: 2 15 103 25 20 42 79 -2 
  2 [10  57:155]
 15 [ 6 180:185]
103 [ 9 300:305]
 25 [ 8 314:319]
 20 [ 4 321:326]
 42 [ 3 335:340]
 79 [ 5 420:425]
 -2 [ 5 460:460]

Vehicle: 207  Cost: 170.08
Route: 2 44 68 118 87 19 105 -2 
  2 [10  57: 72]
 44 [ 6 128:133]
 68 [ 3 300:305]
118 [ 5 305:310]
 87 [ 9 323:328]
 19 [ 6 337:342]
105 [10 420:425]
 -2 [10 488:488]

Vehicle: 208  Cost: 164.14
Route: 2 53 70 27 91 24 78 90 89 -2 
  2 [10  57:147]
 53 [ 9 180:185]
 70 [ 5 300:305]
 27 [ 4 315:320]
 91 [ 5 320:325]
 24 [ 1 333:338]
 78 [ 5 344:349]
 90 [ 7 356:361]
 89 [10 365:370]
 -2 [10 433:433]

Vehicle: 209  Cost: 120.03
Route: 2 51 71 121 76 -2 
  2 [10  57:253]
 51 [ 7 300:305]
 71 [ 4 319:324]
121 [ 6 324:329]
 76 [ 2 420:425]
 -2 [ 2 478:478]

Vehicle: 210  Cost: 114.03
Route: 2 11 57 9 124 75 115 -2 
  2 [10  57: 72]
 11 [ 6 116:121]
 57 [ 3 300:305]
  9 [ 1 309:314]
124 [ 5 319:324]
 75 [ 4 324:329]
115 [ 5 420:425]
 -2 [ 5 450:450]

Vehicle: 211  Cost: 161.47
Route: 2 48 64 59 -2 
  2 [10  57:230]
 48 [ 7 300:305]
 64 [ 4 316:321]
 59 [ 0 327:332]
 -2 [ 0 406:406]

Vehicle: 212  Cost: 86.96
Route: 2 43 56 23 113 -2 
  2 [ 9  57:265]
 43 [ 6 300:305]
 56 [ 3 420:425]
 23 [ 0 426:431]
113 [ 2 448:453]
 -2 [ 2 477:477]

Vehicle: 213  Cost: 104.33
Route: 2 96 46 88 21 10 104 -2 
  2 [ 9  57: 72]
 96 [10  94: 99]
 46 [ 6 123:128]
 88 [10 139:144]
 21 [ 9 144:149]
 10 [ 5 300:305]
104 [ 7 330:335]
 -2 [ 7 347:347]

Vehicle: 214  Cost: 133.54
Route: 2 30 117 65 66 67 84 -2 
  2 [10  57:273]
 30 [ 6 300:305]
117 [10 328:333]
 65 [ 9 333:338]
 66 [ 7 362:367]
 67 [ 4 379:384]
 84 [ 8 407:412]
 -2 [ 8 437:437]

Vehicle: 215  Cost: 50.15
Route: 2 31 28 17 -2 
  2 [10  57:283]
 31 [ 6 300:305]
 28 [ 2 420:425]
 17 [ 0 443:448]
 -2 [ 0 455:455]

Vehicle: 216  Cost: 125.54
Route: 2 41 101 62 47 106 95 58 114 -2 
  2 [ 9  57: 72]
 41 [ 6 102:107]
101 [ 7 107:112]
 62 [ 6 116:121]
 47 [ 4 152:157]
106 [ 6 157:162]
 95 [ 9 169:174]
 58 [ 6 300:305]
114 [10 305:310]
 -2 [10 337:337]

Vehicle: 218  Cost: 56.81
Route: 2 85 4 32 16 -2 
  2 [ 7  57: 72]
 85 [ 8  89: 94]
  4 [ 5 104:109]
 32 [ 2 300:305]
 16 [ 1 325:330]
 -2 [ 1 338:338]

Vehicle: 301  Cost: 81.17
Route: 3 60 37 97 72 125 94 -3 
  3 [10  93:264]
 60 [ 6 300:305]
 37 [ 3 306:311]
 97 [ 7 311:316]
 72 [ 4 420:425]
125 [ 8 430:435]
 94 [ 9 447:452]
 -3 [ 9 470:470]

Vehicle: 302  Cost: 96.49
Route: 3 18 119 7 6 83 102 55 111 -3 
  3 [10  93:108]
 18 [ 8 132:137]
119 [ 9 138:143]
  7 [ 5 164:169]
  6 [ 4 300:305]
 83 [ 6 420:425]
102 [ 8 429:434]
 55 [ 5 453:458]
111 [ 8 458:463]
 -3 [ 8 477:477]

Vehicle: 303  Cost: 64.19
Route: 3 52 45 22 100 -3 
  3 [10  93:108]
 52 [ 7 118:123]
 45 [ 4 131:136]
 22 [ 0 154:159]
100 [ 3 300:305]
 -3 [ 3 311:311]

Vehicle: 304  Cost: 46.46
Route: 3 35 61 98 38 99 39 92 122 73 -3 
  3 [ 8  93:108]
 35 [ 6 114:119]
 61 [ 5 300:305]
 98 [ 7 314:319]
 38 [ 6 319:324]
 99 [ 8 334:339]
 39 [ 5 339:344]
 92 [ 6 350:355]
122 [10 420:425]
 73 [ 9 425:430]
 -3 [ 9 439:439]

Total Cost: 2744.79
 11:114.49, 75:75 [1, 2, -2, -1]
 12:114.49, 73:75 [1, 2, -2, -1]
 13:155.66, 51:75 [1, 2, 3, -3, -1]
201:140.66, 10:10 [2, 33, 86, 13, 93, 29, 80, -2]
202:184.88, 10:10 [2, 63, 116, 120, 34, 50, 112, 107, -2]
203:145.61, 10:10 [2, 12, 82, 74, 123, 26, 109, 5, -2]
204:59.25, 10:10 [2, 69, 8, 81, 49, 108, 40, -2]
205:133.66, 10:10 [2, 36, 14, 77, 126, 54, 110, -2]
206:120.70, 10:10 [2, 15, 103, 25, 20, 42, 79, -2]
207:170.08, 10:10 [2, 44, 68, 118, 87, 19, 105, -2]
208:164.14, 10:10 [2, 53, 70, 27, 91, 24, 78, 90, 89, -2]
209:120.03, 10:10 [2, 51, 71, 121, 76, -2]
210:114.03, 10:10 [2, 11, 57, 9, 124, 75, 115, -2]
211:161.47, 10:10 [2, 48, 64, 59, -2]
212:86.96, 9:10 [2, 43, 56, 23, 113, -2]
213:104.33, 10:10 [2, 96, 46, 88, 21, 10, 104, -2]
214:133.54, 10:10 [2, 30, 117, 65, 66, 67, 84, -2]
215:50.15, 10:10 [2, 31, 28, 17, -2]
216:125.54, 10:10 [2, 41, 101, 62, 47, 106, 95, 58, 114, -2]
218:56.81, 8:10 [2, 85, 4, 32, 16, -2]
301:81.17, 10:10 [3, 60, 37, 97, 72, 125, 94, -3]
302:96.49, 10:10 [3, 18, 119, 7, 6, 83, 102, 55, 111, -3]
303:64.19, 10:10 [3, 52, 45, 22, 100, -3]
304:46.46, 10:10 [3, 35, 61, 98, 38, 99, 39, 92, 122, 73, -3]
fe: 3, se: 21

!ALNS------------
100000,2744.7900134282622,442.617,345.649,3,21,0.8844444444444445,0.9857142857142858,41.0,5.857142857142857
22 10 13 5 0 0 12 2 
28.04545079186177 53.66227952687395 35.97780809595656 34.827115212672624 55.52135192587991 45.84846023070486 33.81566597063325 27.47324318666937 
6 12 4 3 9 6 22 2 
27.45751018558179 33.542173101517385 30.523972330419777 38.75250320197452 43.869302931087184 34.94974622532808 33.008643965593436 52.006275532387015 

x[5335] = 1.0
Vehicle: 14  Cost: 114.49
Route: 1 -2 -1 
 1 [  0   0:  0 []]
-2 [ 39  57:361 [85, 81, 120, 93, 112, 95, 123, 82, 107, 106, 80, 101, 109, 114, 86]]
-1 [ 39 418:418 [85, 81, 120, 93, 112, 95, 123, 82, 107, 106, 80, 101, 109, 114, 86]]

x[29679] = 1.0
Vehicle: 11  Cost: 114.49
Route: 1 2 -2 -1 
 1 [ 75   0:  0 [25, 24, 56, 27, 54, 34, 14, 65, 60, 17, 44, 71, 28, 19, 13, 73, 33, 31, 26, 66, 57, 70, 64, 30, 72, 50, 69, 42]]
 2 [  0  57: 57 []]
-2 [ 73  57:581 [103, 97, 105, 108, 113, 121, 118, 126, 91, 89, 84, 115, 79, 117, 122, 104, 78, 110, 90, 87, 125, 98, 94, 114, 92, 124]]
-1 [ 73 638:638 [103, 97, 105, 108, 113, 121, 118, 126, 91, 89, 84, 115, 79, 117, 122, 104, 78, 110, 90, 87, 125, 98, 94, 114, 92, 124]]

x[33415] = 1.0
Vehicle: 13  Cost: 155.66
Route: 1 2 3 -3 -1 
 1 [ 49   0:  0 [18, 68, 45, 29, 7, 58, 75, 35, 61, 55, 6, 46, 47, 39, 10, 63, 21, 38, 16, 22]]
 2 [ 23  57: 72 [18, 7, 35, 55, 6, 46, 39, 22]]
 3 [  0  93: 93 []]
-3 [ 11  93:485 [83, 100, 102, 119, 111]]
-1 [ 11 562:562 [83, 100, 102, 119, 111]]

x[44867] = 1.0
Vehicle: 12  Cost: 114.49
Route: 1 2 -2 -1 
 1 [ 75   0:  0 [51, 41, 5, 12, 15, 11, 67, 74, 9, 43, 62, 8, 23, 53, 36, 40, 52, 32, 77, 37, 76, 20, 49, 48, 4, 59]]
 2 [  0  57: 57 []]
-2 [ 43  57:361 [106, 109, 120, 86, 93, 101, 80, 81, 82, 116, 88, 99, 95, 107, 85, 96, 112, 123]]
-1 [ 43 418:418 [106, 109, 120, 86, 93, 101, 80, 81, 82, 116, 88, 99, 95, 107, 85, 96, 112, 123]]

y[1249] = 1.0
Vehicle: 207  Cost: 170.08
Route: 2 44 68 118 19 105 117 -2 
  2 [10  57: 72]
 44 [ 6 128:133]
 68 [ 3 300:305]
118 [ 5 305:310]
 19 [ 2 329:334]
105 [ 6 420:425]
117 [10 449:454]
 -2 [10 496:496]

y[1312] = 1.0
Vehicle: 221  Cost: 47.41
Route: 2 38 -2 
  2 [ 1  57:276]
 38 [ 0 300:305]
 -2 [ 0 329:329]

y[2009] = 1.0
Vehicle: 220  Cost: 71.70
Route: 2 30 72 58 114 -2 
  2 [10  57:273]
 30 [ 6 300:305]
 72 [ 3 420:425]
 58 [ 0 437:442]
114 [ 4 442:447]
 -2 [ 4 474:474]

y[3229] = 1.0
Vehicle: 225  Cost: 87.22
Route: 2 69 43 56 23 113 -2 
  2 [10  57: 72]
 69 [ 9  82: 87]
 43 [ 6 300:305]
 56 [ 3 420:425]
 23 [ 0 426:431]
113 [ 2 448:453]
 -2 [ 2 477:477]

y[4781] = 1.0
Vehicle: 203  Cost: 145.61
Route: 2 12 82 74 123 26 109 5 -2 
  2 [10  57: 72]
 12 [ 8 108:113]
 82 [ 9 113:118]
 74 [ 7 139:144]
123 [10 144:149]
 26 [ 6 164:169]
109 [10 189:194]
  5 [ 8 300:305]
 -2 [ 8 346:346]

y[5645] = 1.0
Vehicle: 204  Cost: 114.03
Route: 2 11 57 9 124 75 115 -2 
  2 [10  57: 72]
 11 [ 6 116:121]
 57 [ 3 300:305]
  9 [ 1 309:314]
124 [ 5 319:324]
 75 [ 4 324:329]
115 [ 5 420:425]
 -2 [ 5 450:450]

y[6778] = 1.0
Vehicle: 304  Cost: 65.02
Route: 3 46 119 18 111 55 -3 
  3 [ 9  93:108]
 46 [ 5 135:140]
119 [ 6 153:158]
 18 [ 4 159:164]
111 [ 7 300:305]
 55 [ 4 305:310]
 -3 [ 4 324:324]

y[6809] = 1.0
Vehicle: 303  Cost: 88.69
Route: 3 22 7 6 83 102 100 -3 
  3 [ 9  93:108]
 22 [ 5 135:140]
  7 [ 1 154:159]
  6 [ 0 300:305]
 83 [ 2 420:425]
102 [ 4 429:434]
100 [ 7 459:464]
 -3 [ 7 470:470]

y[9969] = 1.0
Vehicle: 202  Cost: 144.81
Route: 2 4 33 86 13 93 29 80 -2 
  2 [10 113:128]
  4 [ 7 156:161]
 33 [ 3 165:170]
 86 [ 5 215:220]
 13 [ 4 234:239]
 93 [ 8 253:258]
 29 [ 6 258:263]
 80 [10 285:290]
 -2 [10 308:308]

y[12092] = 1.0
Vehicle: 217  Cost: 120.70
Route: 2 15 103 25 20 42 79 -2 
  2 [10  57:155]
 15 [ 6 180:185]
103 [ 9 300:305]
 25 [ 8 314:319]
 20 [ 4 321:326]
 42 [ 3 335:340]
 79 [ 5 420:425]
 -2 [ 5 460:460]

y[14387] = 1.0
Vehicle: 211  Cost: 176.00
Route: 2 59 64 48 87 84 -2 
  2 [10  57:226]
 59 [ 6 300:305]
 64 [ 3 311:316]
 48 [ 0 327:332]
 87 [ 4 352:357]
 84 [ 8 397:402]
 -2 [ 8 427:427]

y[16938] = 1.0
Vehicle: 213  Cost: 85.18
Route: 2 63 116 88 21 96 61 -2 
  2 [ 6  57: 72]
 63 [ 2 108:113]
116 [ 3 113:118]
 88 [ 7 128:133]
 21 [ 6 133:138]
 96 [ 7 155:160]
 61 [ 6 300:305]
 -2 [ 6 326:326]

y[16997] = 1.0
Vehicle: 201  Cost: 50.15
Route: 2 17 28 31 -2 
  2 [10 495:510]
 17 [ 8 516:521]
 28 [ 4 540:545]
 31 [ 0 553:558]
 -2 [ 0 575:575]

y[17251] = 1.0
Vehicle: 209  Cost: 71.69
Route: 2 10 -2 
  2 [ 4  57:264]
 10 [ 0 300:305]
 -2 [ 0 341:341]

y[17436] = 1.0
Vehicle: 209  Cost: 37.93
Route: 2 40 104 92 122 73 -2 
  2 [ 5  57:292]
 40 [ 1 300:305]
104 [ 3 312:317]
 92 [ 4 324:329]
122 [ 8 420:425]
 73 [ 7 425:430]
 -2 [ 7 441:441]

y[17853] = 1.0
Vehicle: 209  Cost: 120.03
Route: 2 51 71 121 76 -2 
  2 [10  57:253]
 51 [ 7 300:305]
 71 [ 4 319:324]
121 [ 6 324:329]
 76 [ 2 420:425]
 -2 [ 2 478:478]

y[17855] = 1.0
Vehicle: 301  Cost: 20.47
Route: 3 35 39 -3 
  3 [ 5  93:108]
 35 [ 3 114:119]
 39 [ 0 300:305]
 -3 [ 0 313:313]

y[18290] = 1.0
Vehicle: 217  Cost: 32.25
Route: 2 99 -2 
  2 [ 0   0:284]
 99 [ 2 300:305]
 -2 [ 2 321:321]

y[18320] = 1.0
Vehicle: 208  Cost: 181.56
Route: 2 67 66 89 90 24 78 27 91 -2 
  2 [10  57:253]
 67 [ 7 300:305]
 66 [ 5 317:322]
 89 [ 8 340:345]
 90 [10 349:354]
 24 [ 6 365:370]
 78 [10 376:381]
 27 [ 9 394:399]
 91 [10 399:404]
 -2 [10 474:474]

y[18821] = 1.0
Vehicle: 202  Cost: 74.28
Route: 2 52 45 85 32 16 -2 
  2 [10  57: 72]
 52 [ 7  90: 95]
 45 [ 4 103:108]
 85 [ 5 118:123]
 32 [ 2 300:305]
 16 [ 1 325:330]
 -2 [ 1 338:338]

y[19684] = 1.0
Vehicle: 205  Cost: 163.61
Route: 2 70 77 126 14 125 94 -2 
  2 [10  57:236]
 70 [ 6 300:305]
 77 [ 3 326:331]
126 [ 7 331:336]
 14 [ 4 342:347]
125 [ 8 374:379]
 94 [ 9 420:425]
 -2 [ 9 459:459]

y[20503] = 1.0
Vehicle: 212  Cost: 154.93
Route: 2 53 36 112 50 34 120 98 -2 
  2 [10  57:147]
 53 [ 9 180:185]
 36 [ 6 210:215]
112 [10 223:228]
 50 [ 6 238:243]
 34 [ 4 259:264]
120 [ 7 269:274]
 98 [ 9 308:313]
 -2 [ 9 337:337]

y[20812] = 1.0
Vehicle: 232  Cost: 153.06
Route: 2 8 81 41 101 62 95 47 106 107 65 -2 
  2 [10  57: 72]
  8 [ 7  94: 99]
 81 [ 8  99:104]
 41 [ 5 114:119]
101 [ 6 119:124]
 62 [ 5 128:133]
 95 [ 8 156:161]
 47 [ 6 169:174]
106 [ 8 174:179]
107 [10 198:203]
 65 [ 9 300:305]
 -2 [ 9 347:347]

y[21031] = 1.0
Vehicle: 215  Cost: 82.24
Route: 2 49 108 60 37 97 54 110 -2 
  2 [10  57:277]
 49 [ 8 300:305]
108 [ 9 305:310]
 60 [ 5 328:333]
 37 [ 2 335:340]
 97 [ 6 340:345]
 54 [ 5 346:351]
110 [ 9 351:356]
 -2 [ 9 394:394]

FE: 4
SE: 24
!MIP-----
2957.774557454317,5402.6497139930725,0.11908391267621735,4,24,45240,21621

