--Parameters Information--
speed=1
run=5
iteration= 100000
batch=100
restartPeriod=10000
largeRemovalOccurrence=500
initialLNS=250
lowerBoundSmallRemoval=4
smallRemoval=0.2
lowerBoundLargeRemoval=0.55
largeRemoval=0.8
initialWeight=1.0
decayRate=0.1
gamma1=9.0
gamma2=5.0
gamma3=2.0
gamma4=0.0
coolingRate=0.9995
temperatureControlParameter=0.05
initialAcceptanceProbability=0.5
perturbation=0.5
perturbationFactor=0.01
split=20000

Setup: Split
Data: A_100_10_TD

Run: 1
Total Cost: 2201.05
Vehicle: 11  Cost: 54.92
Route: 1 2 -2 -1 
 1 [ 73   0:  0 [48, 47, 53, 42, 41, 46, 55, 11, 72, 60, 71, 50, 57, 20, 25, 45, 14, 62, 40, 32, 30, 37, 64, 13, 38, 29, 36, 61, 34, 52, 63, 24, 66]]
 2 [  0  27: 27 []]
-2 [ 30  27:542 [107, 115, 94, 123, 78, 88, 100, 79, 110, 120, 124, 91, 82]]
-1 [ 30 570:570 [107, 115, 94, 123, 78, 88, 100, 79, 110, 120, 124, 91, 82]]

Vehicle: 12  Cost: 54.92
Route: 1 2 -2 -1 
 1 [  7   0:  0 [16, 7]]
 2 [  0  27: 27 []]
-2 [ 40  27:365 [105, 122, 97, 101, 87, 114, 96, 90, 74, 92, 80, 95, 81]]
-1 [ 40 392:392 [105, 122, 97, 101, 87, 114, 96, 90, 74, 92, 80, 95, 81]]

Vehicle: 14  Cost: 120.00
Route: 1 3 -3 -1 
 1 [ 74   0:  0 [18, 39, 73, 56, 4, 54, 17, 51, 43, 23, 28, 68, 12, 49, 69, 5, 6, 21, 10, 58, 33, 31, 8, 19, 70, 15, 27, 44, 22, 9, 67, 59, 26]]
 3 [  0  60: 60 []]
-3 [ 29  60:514 [76, 117, 103, 116, 108, 118, 98, 89, 84, 112, 99, 75, 83]]
-1 [ 29 574:574 [76, 117, 103, 116, 108, 118, 98, 89, 84, 112, 99, 75, 83]]

Vehicle: 19  Cost: 120.00
Route: 1 3 -3 -1 
 1 [  8   0:  0 [35, 65]]
 3 [  0  60: 60 []]
-3 [ 27  60:359 [102, 106, 113, 77, 111, 86, 85, 109, 93, 119, 121, 104]]
-1 [ 27 419:419 [102, 106, 113, 77, 111, 86, 85, 109, 93, 119, 121, 104]]

Vehicle: 201  Cost: 134.51
Route: 2 29 37 24 110 64 124 82 115 -2 
  2 [ 9  27: 42]
 29 [ 8  90: 95]
 37 [ 4 300:305]
 24 [ 1 420:425]
110 [ 5 433:438]
 64 [ 4 438:443]
124 [ 6 453:458]
 82 [ 7 477:482]
115 [10 487:492]
 -2 [10 524:524]

Vehicle: 202  Cost: 29.00
Route: 2 94 41 36 55 60 -2 
  2 [ 7  27:168]
 94 [ 9 180:185]
 41 [ 8 185:190]
 36 [ 7 194:199]
 55 [ 5 300:305]
 60 [ 2 306:311]
 -2 [ 2 324:324]

Vehicle: 203  Cost: 75.41
Route: 2 123 72 79 45 100 25 78 11 -2 
  2 [ 8  27:412]
123 [10 420:425]
 72 [ 9 425:430]
 79 [10 436:441]
 45 [ 6 450:455]
100 [ 7 455:460]
 25 [ 5 491:496]
 78 [ 8 505:510]
 11 [ 7 510:515]
 -2 [ 7 527:527]

Vehicle: 205  Cost: 108.79
Route: 2 47 66 71 122 97 7 34 87 -2 
  2 [10  27: 42]
 47 [ 9  63: 68]
 66 [ 5  79: 84]
 71 [ 4 100:105]
122 [ 8 118:123]
 97 [10 128:133]
  7 [ 7 148:153]
 34 [ 6 180:185]
 87 [10 201:206]
 -2 [10 212:212]

Vehicle: 206  Cost: 79.16
Route: 2 80 53 105 38 63 -2 
  2 [ 6  27:152]
 80 [10 180:185]
 53 [ 9 197:202]
105 [10 202:207]
 38 [ 7 300:305]
 63 [ 5 309:314]
 -2 [ 5 338:338]

Vehicle: 207  Cost: 140.40
Route: 2 32 46 50 88 120 -2 
  2 [10  27: 42]
 32 [ 7  96:101]
 46 [ 3 180:185]
 50 [ 0 420:425]
 88 [ 2 440:445]
120 [ 4 462:467]
 -2 [ 4 503:503]

Vehicle: 208  Cost: 90.50
Route: 2 62 96 52 14 81 48 101 -2 
  2 [10  27: 42]
 62 [ 7  70: 75]
 96 [10  81: 86]
 52 [ 6  96:101]
 14 [ 4 108:113]
 81 [ 8 113:118]
 48 [ 7 300:305]
101 [10 316:321]
 -2 [10 341:341]

Vehicle: 209  Cost: 107.11
Route: 2 40 57 20 91 107 61 -2 
  2 [10  27:269]
 40 [ 7 300:305]
 57 [ 5 324:329]
 20 [ 3 420:425]
 91 [ 6 445:450]
107 [10 458:463]
 61 [ 7 472:477]
 -2 [ 7 493:493]

Vehicle: 210  Cost: 85.69
Route: 2 92 114 16 30 90 -2 
  2 [ 5  27:155]
 92 [ 9 180:185]
114 [10 204:209]
 16 [ 6 300:305]
 30 [ 5 318:323]
 90 [ 8 323:328]
 -2 [ 8 350:350]

Vehicle: 211  Cost: 52.72
Route: 2 95 42 74 13 -2 
  2 [ 5  27: 42]
 95 [ 8  60: 65]
 42 [ 5  65: 70]
 74 [ 9  76: 81]
 13 [ 7  86: 91]
 -2 [ 7 115:115]

Vehicle: 301  Cost: 125.64
Route: 3 65 8 77 109 102 31 106 -3 
  3 [10  60: 75]
 65 [ 6  93: 98]
  8 [ 3 133:138]
 77 [ 5 138:143]
109 [ 8 180:185]
102 [10 197:202]
 31 [ 7 209:214]
106 [ 9 224:229]
 -3 [ 9 260:260]

Vehicle: 302  Cost: 81.12
Route: 3 4 22 85 23 111 26 113 -3 
  3 [10  60: 75]
  4 [ 9  79: 84]
 22 [ 5  92: 97]
 85 [ 9  97:102]
 23 [ 8 124:129]
111 [ 9 140:145]
 26 [ 5 300:305]
113 [ 6 307:312]
 -3 [ 6 339:339]

Vehicle: 303  Cost: 189.10
Route: 3 21 18 59 108 76 56 27 58 12 117 67 112 -3 
  3 [10  60: 75]
 21 [ 9 137:142]
 18 [ 8 300:305]
 59 [ 6 311:316]
108 [ 8 316:321]
 76 [10 331:336]
 56 [ 9 343:348]
 27 [ 8 350:355]
 58 [ 6 367:372]
 12 [ 5 392:397]
117 [ 7 420:425]
 67 [ 6 464:469]
112 [ 9 469:474]
 -3 [ 9 484:484]

Vehicle: 304  Cost: 10.00
Route: 3 54 -3 
  3 [ 4  60:295]
 54 [ 0 300:305]
 -3 [ 0 310:310]

Vehicle: 306  Cost: 96.13
Route: 3 86 69 119 39 6 -3 
  3 [ 8  60: 75]
 86 [10  92: 97]
 69 [ 7 117:122]
119 [ 9 122:127]
 39 [ 8 133:138]
  6 [ 4 300:305]
 -3 [ 4 344:344]

Vehicle: 308  Cost: 88.04
Route: 3 33 10 44 99 75 28 89 5 118 -3 
  3 [10  60: 75]
 33 [ 9  93: 98]
 10 [ 7 300:305]
 44 [ 4 420:425]
 99 [ 6 425:430]
 75 [10 434:439]
 28 [ 8 447:452]
 89 [ 9 452:457]
  5 [ 7 463:468]
118 [ 8 472:477]
 -3 [ 8 499:499]

Vehicle: 309  Cost: 134.86
Route: 3 49 103 9 73 84 98 116 -3 
  3 [10  60: 75]
 49 [ 8 119:124]
103 [10 124:129]
  9 [ 6 300:305]
 73 [ 2 322:327]
 84 [ 4 420:425]
 98 [ 6 451:456]
116 [10 467:472]
 -3 [10 489:489]

Vehicle: 310  Cost: 125.09
Route: 3 43 17 68 104 51 93 121 -3 
  3 [10  60: 75]
 43 [ 9 117:122]
 17 [ 6 180:185]
 68 [ 4 189:194]
104 [ 7 206:211]
 51 [ 3 211:216]
 93 [ 4 230:235]
121 [ 8 241:246]
 -3 [ 8 285:285]

Vehicle: 311  Cost: 97.94
Route: 3 70 35 15 83 19 -3 
  3 [10  60: 75]
 70 [ 8 113:118]
 35 [ 4 126:131]
 15 [ 3 300:305]
 83 [ 5 318:323]
 19 [ 2 323:328]
 -3 [ 2 363:363]

Total Cost: 2201.05
 11:54.92, 73:75 [1, 2, -2, -1]
 12:54.92, 40:75 [1, 2, -2, -1]
 14:120.00, 74:75 [1, 3, -3, -1]
 19:120.00, 27:75 [1, 3, -3, -1]
201:134.51, 10:10 [2, 29, 37, 24, 110, 64, 124, 82, 115, -2]
202:29.00, 9:10 [2, 94, 41, 36, 55, 60, -2]
203:75.41, 10:10 [2, 123, 72, 79, 45, 100, 25, 78, 11, -2]
205:108.79, 10:10 [2, 47, 66, 71, 122, 97, 7, 34, 87, -2]
206:79.16, 10:10 [2, 80, 53, 105, 38, 63, -2]
207:140.40, 10:10 [2, 32, 46, 50, 88, 120, -2]
208:90.50, 10:10 [2, 62, 96, 52, 14, 81, 48, 101, -2]
209:107.11, 10:10 [2, 40, 57, 20, 91, 107, 61, -2]
210:85.69, 10:10 [2, 92, 114, 16, 30, 90, -2]
211:52.72, 9:10 [2, 95, 42, 74, 13, -2]
301:125.64, 10:10 [3, 65, 8, 77, 109, 102, 31, 106, -3]
302:81.12, 10:10 [3, 4, 22, 85, 23, 111, 26, 113, -3]
303:189.10, 10:10 [3, 21, 18, 59, 108, 76, 56, 27, 58, 12, 117, 67, 112, -3]
304:10.00, 4:10 [3, 54, -3]
306:96.13, 10:10 [3, 86, 69, 119, 39, 6, -3]
308:88.04, 10:10 [3, 33, 10, 44, 99, 75, 28, 89, 5, 118, -3]
309:134.86, 10:10 [3, 49, 103, 9, 73, 84, 98, 116, -3]
310:125.09, 10:10 [3, 43, 17, 68, 104, 51, 93, 121, -3]
311:97.94, 10:10 [3, 70, 35, 15, 83, 19, -3]
fe: 4, se: 19

!ALNS------------
100000,2201.0510250693487,407.511,205.345,4,19,0.7133333333333334,0.9578947368421052,30.25,6.368421052631579
21 32 12 9 0 0 13 1 
25.581164388167018 53.56765477951352 30.105060497617835 43.24471915479554 82.83888676234983 13.353917627737246 31.365852979628134 35.118234569575236 
11 12 9 12 7 8 23 6 
35.86011689538628 37.684435622971144 40.04503106598946 35.13876294800023 32.46447179544491 38.06086271613581 33.66651602857028 44.61059261697014 

x[11810] = 1.0
Vehicle: 12  Cost: 54.92
Route: 1 2 -2 -1 
 1 [ 41   0:  0 [46, 50, 53, 41, 57, 62, 14, 52, 45, 63, 36, 25, 55, 20, 40, 7, 34, 48]]
 2 [  0  27: 27 []]
-2 [ 42  27:365 [101, 80, 122, 87, 97, 92, 81, 105, 96, 90, 74, 95, 94, 114]]
-1 [ 42 392:392 [101, 80, 122, 87, 97, 92, 81, 105, 96, 90, 74, 95, 94, 114]]

x[13396] = 1.0
Vehicle: 11  Cost: 54.92
Route: 1 2 -2 -1 
 1 [ 73   0:  0 [62, 55, 30, 40, 60, 47, 64, 52, 61, 42, 57, 38, 36, 16, 72, 41, 13, 48, 66, 14, 20, 71, 24, 7, 11, 53, 29, 32, 34, 45, 37, 63, 25]]
 2 [  0  27: 27 []]
-2 [ 38  27:574 [88, 79, 107, 110, 124, 82, 120, 84, 94, 100, 98, 78, 115, 116, 91, 123]]
-1 [ 38 602:602 [88, 79, 107, 110, 124, 82, 120, 84, 94, 100, 98, 78, 115, 116, 91, 123]]

x[28318] = 1.0
Vehicle: 19  Cost: 120.00
Route: 1 3 -3 -1 
 1 [  7   0:  0 [39, 12, 18, 22]]
 3 [  0  60: 60 []]
-3 [ 27  60:359 [113, 86, 104, 102, 106, 119, 85, 77, 111, 121, 93, 109]]
-1 [ 27 419:419 [113, 86, 104, 102, 106, 119, 85, 77, 111, 121, 93, 109]]

x[32815] = 1.0
Vehicle: 14  Cost: 120.00
Route: 1 3 -3 -1 
 1 [ 75   0:  0 [49, 28, 5, 4, 73, 8, 35, 26, 70, 54, 10, 65, 44, 31, 69, 51, 17, 68, 43, 19, 59, 58, 67, 56, 27, 21, 15, 9, 6, 23, 33]]
 3 [  0  60: 60 []]
-3 [ 29  60:514 [98, 99, 89, 108, 103, 118, 112, 83, 116, 75, 76, 117, 84]]
-1 [ 29 574:574 [98, 99, 89, 108, 103, 118, 112, 83, 116, 75, 76, 117, 84]]

y[201] = 1.0
Vehicle: 204  Cost: 29.00
Route: 2 94 41 36 55 60 -2 
  2 [ 7  27:168]
 94 [ 9 180:185]
 41 [ 8 185:190]
 36 [ 7 194:199]
 55 [ 5 300:305]
 60 [ 2 306:311]
 -2 [ 2 324:324]

y[883] = 1.0
Vehicle: 208  Cost: 90.50
Route: 2 62 96 52 14 81 48 101 -2 
  2 [10 108:123]
 62 [ 7 151:156]
 96 [10 162:167]
 52 [ 6 177:182]
 14 [ 4 189:194]
 81 [ 8 194:199]
 48 [ 7 300:305]
101 [10 316:321]
 -2 [10 341:341]

y[4121] = 1.0
Vehicle: 203  Cost: 52.72
Route: 2 13 74 42 95 -2 
  2 [ 5  27: 42]
 13 [ 3  67: 72]
 74 [ 7  77: 82]
 42 [ 4  87: 92]
 95 [ 7  92: 97]
 -2 [ 7 115:115]

y[4328] = 1.0
Vehicle: 304  Cost: 107.65
Route: 3 65 86 69 119 77 8 106 -3 
  3 [10  60: 75]
 65 [ 6  93: 98]
 86 [ 8 103:108]
 69 [ 5 127:132]
119 [ 7 132:137]
 77 [ 9 160:165]
  8 [ 6 165:170]
106 [ 8 182:187]
 -3 [ 8 218:218]

y[4341] = 1.0
Vehicle: 207  Cost: 85.69
Route: 2 92 114 16 30 90 -2 
  2 [ 5  27:155]
 92 [ 9 180:185]
114 [10 204:209]
 16 [ 6 300:305]
 30 [ 5 318:323]
 90 [ 8 323:328]
 -2 [ 8 350:350]

y[4680] = 1.0
Vehicle: 302  Cost: 10.00
Route: 3 54 -3 
  3 [ 4 439:454]
 54 [ 0 459:464]
 -3 [ 0 469:469]

y[4930] = 1.0
Vehicle: 307  Cost: 134.86
Route: 3 49 103 9 73 84 98 116 -3 
  3 [10  76: 91]
 49 [ 8 135:140]
103 [10 140:145]
  9 [ 6 300:305]
 73 [ 2 322:327]
 84 [ 4 420:425]
 98 [ 6 451:456]
116 [10 467:472]
 -3 [10 489:489]

y[5181] = 1.0
Vehicle: 311  Cost: 97.94
Route: 3 70 35 15 83 19 -3 
  3 [10 154:169]
 70 [ 8 207:212]
 35 [ 4 220:225]
 15 [ 3 300:305]
 83 [ 5 318:323]
 19 [ 2 323:328]
 -3 [ 2 363:363]

y[5462] = 1.0
Vehicle: 303  Cost: 159.26
Route: 3 39 59 108 18 76 56 27 58 12 117 67 112 -3 
  3 [10  60: 75]
 39 [ 9 107:112]
 59 [ 7 300:305]
108 [ 9 305:310]
 18 [ 8 316:321]
 76 [10 335:340]
 56 [ 9 347:352]
 27 [ 8 354:359]
 58 [ 6 371:376]
 12 [ 5 397:402]
117 [ 7 420:425]
 67 [ 6 464:469]
112 [ 9 469:474]
 -3 [ 9 484:484]

y[6719] = 1.0
Vehicle: 209  Cost: 107.11
Route: 2 40 57 20 91 107 61 -2 
  2 [10 108:269]
 40 [ 7 300:305]
 57 [ 5 324:329]
 20 [ 3 420:425]
 91 [ 6 445:450]
107 [10 458:463]
 61 [ 7 472:477]
 -2 [ 7 493:493]

y[8153] = 1.0
Vehicle: 308  Cost: 88.04
Route: 3 33 10 44 99 75 28 89 5 118 -3 
  3 [10 104:119]
 33 [ 9 137:142]
 10 [ 7 300:305]
 44 [ 4 420:425]
 99 [ 6 425:430]
 75 [10 434:439]
 28 [ 8 447:452]
 89 [ 9 452:457]
  5 [ 7 463:468]
118 [ 8 472:477]
 -3 [ 8 499:499]

y[8550] = 1.0
Vehicle: 207  Cost: 140.40
Route: 2 32 46 50 88 120 -2 
  2 [10  27: 42]
 32 [ 7  96:101]
 46 [ 3 180:185]
 50 [ 0 420:425]
 88 [ 2 440:445]
120 [ 4 462:467]
 -2 [ 4 503:503]

y[10040] = 1.0
Vehicle: 302  Cost: 81.12
Route: 3 4 22 85 23 111 26 113 -3 
  3 [10  76: 91]
  4 [ 9  95:100]
 22 [ 5 108:113]
 85 [ 9 113:118]
 23 [ 8 140:145]
111 [ 9 155:160]
 26 [ 5 300:305]
113 [ 6 307:312]
 -3 [ 6 339:339]

y[12071] = 1.0
Vehicle: 203  Cost: 75.41
Route: 2 11 78 25 45 100 79 72 123 -2 
  2 [ 8  27:288]
 11 [ 7 300:305]
 78 [10 305:310]
 25 [ 8 420:425]
 45 [ 4 457:462]
100 [ 5 462:467]
 79 [ 6 475:480]
 72 [ 5 486:491]
123 [ 7 491:496]
 -2 [ 7 505:505]

y[13591] = 1.0
Vehicle: 206  Cost: 79.16
Route: 2 80 53 105 38 63 -2 
  2 [ 6 108:152]
 80 [10 180:185]
 53 [ 9 197:202]
105 [10 202:207]
 38 [ 7 300:305]
 63 [ 5 309:314]
 -2 [ 5 338:338]

y[14542] = 1.0
Vehicle: 310  Cost: 125.09
Route: 3 43 17 68 51 104 93 121 -3 
  3 [10 116:131]
 43 [ 9 173:178]
 17 [ 6 186:191]
 68 [ 4 195:200]
 51 [ 0 212:217]
104 [ 3 217:222]
 93 [ 4 237:242]
121 [ 8 247:252]
 -3 [ 8 291:291]

y[14877] = 1.0
Vehicle: 201  Cost: 134.51
Route: 2 29 37 24 110 64 124 82 115 -2 
  2 [ 9  27: 42]
 29 [ 8  90: 95]
 37 [ 4 300:305]
 24 [ 1 420:425]
110 [ 5 433:438]
 64 [ 4 438:443]
124 [ 6 453:458]
 82 [ 7 477:482]
115 [10 487:492]
 -2 [10 524:524]

y[16706] = 1.0
Vehicle: 301  Cost: 142.61
Route: 3 31 102 109 21 6 -3 
  3 [ 8  60: 75]
 31 [ 5 114:119]
102 [ 7 126:131]
109 [10 180:185]
 21 [ 9 207:212]
  6 [ 5 300:305]
 -3 [ 5 344:344]

y[16886] = 1.0
Vehicle: 205  Cost: 108.79
Route: 2 47 66 71 122 97 7 34 87 -2 
  2 [10 108:123]
 47 [ 9 144:149]
 66 [ 5 160:165]
 71 [ 4 181:186]
122 [ 8 199:204]
 97 [10 208:213]
  7 [ 7 229:234]
 34 [ 6 240:245]
 87 [10 261:266]
 -2 [10 272:272]

FE: 4
SE: 19
!MIP-----
2199.689587850463,5401.544615983963,0.041280265998303554,4,19,38776,16989

Run: 2
Total Cost: 2178.87
Vehicle: 11  Cost: 54.92
Route: 1 2 -2 -1 
 1 [ 71   0:  0 [30, 41, 38, 72, 40, 32, 25, 63, 62, 14, 50, 48, 16, 45, 36, 7, 71, 20, 60, 34, 55, 47, 13, 66, 52, 42, 57, 46, 53, 11, 61]]
 2 [  0  27: 27 []]
-2 [ 42  27:365 [81, 90, 94, 105, 74, 97, 87, 96, 122, 80, 114, 92, 95, 101]]
-1 [ 42 392:392 [81, 90, 94, 105, 74, 97, 87, 96, 122, 80, 114, 92, 95, 101]]

Vehicle: 14  Cost: 120.00
Route: 1 3 -3 -1 
 1 [ 75   0:  0 [5, 59, 73, 49, 4, 17, 67, 37, 54, 29, 24, 21, 6, 56, 18, 68, 12, 27, 33, 64, 8, 51, 44, 69, 58, 28, 70, 19, 9, 23, 22, 15, 43, 10]]
 3 [  0  60: 60 []]
-3 [ 24  60:354 [104, 93, 106, 113, 111, 119, 85, 77, 102, 121, 86]]
-1 [ 24 414:414 [104, 93, 106, 113, 111, 119, 85, 77, 102, 121, 86]]

Vehicle: 15  Cost: 120.84
Route: 1 3 -3 -2 -1 
 1 [ 16   0:  0 [39, 31, 35, 65, 26]]
 3 [  0  60: 60 []]
-3 [ 36  60:514 [118, 99, 109, 112, 89, 103, 84, 76, 75, 108, 98, 116, 110, 83, 117]]
-2 [ 60 548:563 [107, 91, 123, 118, 99, 109, 112, 89, 103, 82, 79, 84, 100, 76, 78, 115, 75, 108, 98, 120, 88, 116, 110, 83, 124, 117]]
-1 [ 60 590:590 [107, 91, 123, 118, 99, 109, 112, 89, 103, 82, 79, 84, 100, 76, 78, 115, 75, 108, 98, 120, 88, 116, 110, 83, 124, 117]]

Vehicle: 201  Cost: 47.24
Route: 2 74 95 42 -2 
  2 [ 3  27: 42]
 74 [ 7  66: 71]
 95 [10  77: 82]
 42 [ 7  82: 87]
 -2 [ 7 105:105]

Vehicle: 202  Cost: 35.70
Route: 2 87 36 55 60 -2 
  2 [ 6  27: 42]
 87 [10  49: 54]
 36 [ 9 180:185]
 55 [ 7 300:305]
 60 [ 4 306:311]
 -2 [ 4 324:324]

Vehicle: 203  Cost: 94.48
Route: 2 47 92 114 16 90 30 -2 
  2 [ 6  27: 42]
 47 [ 5  63: 68]
 92 [ 9 180:185]
114 [10 204:209]
 16 [ 6 300:305]
 90 [ 9 318:323]
 30 [ 8 323:328]
 -2 [ 8 350:350]

Vehicle: 204  Cost: 109.76
Route: 2 13 120 25 11 78 45 100 79 72 123 -2 
  2 [10  27: 42]
 13 [ 8  67: 72]
120 [10 420:425]
 25 [ 8 443:448]
 11 [ 7 456:461]
 78 [10 461:466]
 45 [ 6 491:496]
100 [ 7 496:501]
 79 [ 8 509:514]
 72 [ 7 520:525]
123 [ 9 525:530]
 -2 [ 9 539:539]

Vehicle: 205  Cost: 79.16
Route: 2 80 53 105 38 63 -2 
  2 [ 6  27:152]
 80 [10 180:185]
 53 [ 9 197:202]
105 [10 202:207]
 38 [ 7 300:305]
 63 [ 5 309:314]
 -2 [ 5 338:338]

Vehicle: 207  Cost: 107.11
Route: 2 40 57 20 91 107 61 -2 
  2 [10  27:269]
 40 [ 7 300:305]
 57 [ 5 324:329]
 20 [ 3 420:425]
 91 [ 6 445:450]
107 [10 458:463]
 61 [ 7 472:477]
 -2 [ 7 493:493]

Vehicle: 208  Cost: 97.20
Route: 2 34 7 66 71 122 97 94 41 -2 
  2 [10  27:167]
 34 [ 9 180:185]
  7 [ 6 191:196]
 66 [ 2 206:211]
 71 [ 1 227:232]
122 [ 5 246:251]
 97 [ 7 255:260]
 94 [ 9 282:287]
 41 [ 8 287:292]
 -2 [ 8 304:304]

Vehicle: 210  Cost: 90.50
Route: 2 62 96 52 14 81 48 101 -2 
  2 [10  27: 42]
 62 [ 7  70: 75]
 96 [10  81: 86]
 52 [ 6  96:101]
 14 [ 4 108:113]
 81 [ 8 113:118]
 48 [ 7 300:305]
101 [10 316:321]
 -2 [10 341:341]

Vehicle: 215  Cost: 160.27
Route: 2 32 46 50 124 88 82 115 -2 
  2 [10  27: 42]
 32 [ 7  96:101]
 46 [ 3 180:185]
 50 [ 0 420:425]
124 [ 2 442:447]
 88 [ 4 468:473]
 82 [ 5 485:490]
115 [ 8 495:500]
 -2 [ 8 533:533]

Vehicle: 301  Cost: 97.94
Route: 3 70 35 15 83 19 -3 
  3 [10  60: 75]
 70 [ 8 113:118]
 35 [ 4 126:131]
 15 [ 3 300:305]
 83 [ 5 318:323]
 19 [ 2 323:328]
 -3 [ 2 363:363]

Vehicle: 302  Cost: 82.73
Route: 3 65 23 111 26 113 -3 
  3 [ 9  60: 75]
 65 [ 5  93: 98]
 23 [ 4 116:121]
111 [ 5 131:136]
 26 [ 1 300:305]
113 [ 2 307:312]
 -3 [ 2 339:339]

Vehicle: 304  Cost: 177.96
Route: 3 8 21 109 58 27 56 12 117 67 112 -3 
  3 [10  60: 75]
  8 [ 7 113:118]
 21 [ 6 144:149]
109 [ 9 180:185]
 58 [ 7 300:305]
 27 [ 6 317:322]
 56 [ 5 324:329]
 12 [ 4 347:352]
117 [ 6 420:425]
 67 [ 5 464:469]
112 [ 8 469:474]
 -3 [ 8 484:484]

Vehicle: 305  Cost: 102.83
Route: 3 39 108 59 18 76 6 -3 
  3 [ 8  60: 75]
 39 [ 7 107:112]
108 [ 9 300:305]
 59 [ 7 305:310]
 18 [ 6 316:321]
 76 [ 8 335:340]
  6 [ 4 340:345]
 -3 [ 4 385:385]

Vehicle: 306  Cost: 124.43
Route: 3 49 103 9 73 84 -3 
  3 [10  60: 75]
 49 [ 8 119:124]
103 [10 124:129]
  9 [ 6 300:305]
 73 [ 2 322:327]
 84 [ 4 420:425]
 -3 [ 4 468:468]

Vehicle: 307  Cost: 27.80
Route: 3 4 22 85 54 -3 
  3 [ 9  60: 75]
  4 [ 8  79: 84]
 22 [ 4  92: 97]
 85 [ 8  97:102]
 54 [ 4 300:305]
 -3 [ 4 310:310]

Vehicle: 308  Cost: 88.04
Route: 3 33 10 44 99 75 28 89 5 118 -3 
  3 [10  60: 75]
 33 [ 9  93: 98]
 10 [ 7 300:305]
 44 [ 4 420:425]
 99 [ 6 425:430]
 75 [10 434:439]
 28 [ 8 447:452]
 89 [ 9 452:457]
  5 [ 7 463:468]
118 [ 8 472:477]
 -3 [ 8 499:499]

Vehicle: 309  Cost: 124.02
Route: 3 106 31 102 77 69 119 86 -3 
  3 [ 6  60: 75]
106 [ 8 106:111]
 31 [ 5 120:125]
102 [ 7 133:138]
 77 [ 9 155:160]
 69 [ 6 182:187]
119 [ 8 187:192]
 86 [10 212:217]
 -3 [10 234:234]

Vehicle: 310  Cost: 125.09
Route: 3 43 17 68 51 104 93 121 -3 
  3 [10  60: 75]
 43 [ 9 117:122]
 17 [ 6 180:185]
 68 [ 4 189:194]
 51 [ 0 206:211]
104 [ 3 211:216]
 93 [ 4 230:235]
121 [ 8 241:246]
 -3 [ 8 285:285]

Vehicle: 311  Cost: 110.85
Route: 3 29 37 110 64 24 98 116 -3 
  3 [ 9  60: 75]
 29 [ 8 117:122]
 37 [ 4 300:305]
110 [ 8 315:320]
 64 [ 7 320:325]
 24 [ 4 420:425]
 98 [ 6 443:448]
116 [10 459:464]
 -3 [10 481:481]

Total Cost: 2178.87
 11:54.92, 71:75 [1, 2, -2, -1]
 14:120.00, 75:75 [1, 3, -3, -1]
 15:120.84, 60:75 [1, 3, -3, -2, -1]
201:47.24, 10:10 [2, 74, 95, 42, -2]
202:35.70, 10:10 [2, 87, 36, 55, 60, -2]
203:94.48, 10:10 [2, 47, 92, 114, 16, 90, 30, -2]
204:109.76, 10:10 [2, 13, 120, 25, 11, 78, 45, 100, 79, 72, 123, -2]
205:79.16, 10:10 [2, 80, 53, 105, 38, 63, -2]
207:107.11, 10:10 [2, 40, 57, 20, 91, 107, 61, -2]
208:97.20, 10:10 [2, 34, 7, 66, 71, 122, 97, 94, 41, -2]
210:90.50, 10:10 [2, 62, 96, 52, 14, 81, 48, 101, -2]
215:160.27, 10:10 [2, 32, 46, 50, 124, 88, 82, 115, -2]
301:97.94, 10:10 [3, 70, 35, 15, 83, 19, -3]
302:82.73, 9:10 [3, 65, 23, 111, 26, 113, -3]
304:177.96, 10:10 [3, 8, 21, 109, 58, 27, 56, 12, 117, 67, 112, -3]
305:102.83, 9:10 [3, 39, 108, 59, 18, 76, 6, -3]
306:124.43, 10:10 [3, 49, 103, 9, 73, 84, -3]
307:27.80, 9:10 [3, 4, 22, 85, 54, -3]
308:88.04, 10:10 [3, 33, 10, 44, 99, 75, 28, 89, 5, 118, -3]
309:124.02, 10:10 [3, 106, 31, 102, 77, 69, 119, 86, -3]
310:125.09, 10:10 [3, 43, 17, 68, 51, 104, 93, 121, -3]
311:110.85, 10:10 [3, 29, 37, 110, 64, 24, 98, 116, -3]
fe: 3, se: 19

!ALNS------------
100000,2178.8710933633706,400.793,396.63,3,19,0.9155555555555556,0.9842105263157894,40.333333333333336,6.368421052631579
21 18 17 11 0 0 11 1 
19.891011799399312 44.69542425948215 28.485338632205234 24.018558629881163 NaN 13.774919076772676 24.127795226376048 32.65169790320523 
11 4 7 9 11 7 19 11 
32.9725859141958 25.893694178273428 28.971957829397233 37.59975660010061 27.328854895535095 32.21674451488014 23.882866329561182 30.4060781433478 

x[15883] = 1.0
Vehicle: 14  Cost: 120.00
Route: 1 3 -3 -1 
 1 [ 75   0:  0 [15, 31, 45, 54, 6, 12, 9, 37, 58, 43, 65, 17, 49, 68, 56, 21, 51, 73, 69, 33, 22, 19, 67, 5, 28, 10, 29, 59, 24, 18, 64]]
 3 [  0  60: 60 []]
-3 [ 29  60:360 [109, 121, 104, 83, 77, 100, 102, 85, 119, 86, 93, 106, 111]]
-1 [ 29 420:420 [109, 121, 104, 83, 77, 100, 102, 85, 119, 86, 93, 106, 111]]

x[19429] = 1.0
Vehicle: 15  Cost: 120.84
Route: 1 3 -3 -2 -1 
 1 [ 23   0:  0 [27, 35, 23, 39, 44, 8, 26, 70, 4, 32]]
 3 [  0  60: 60 []]
-3 [ 38  60:517 [76, 116, 108, 103, 115, 124, 117, 112, 110, 75, 98, 82, 84, 89, 99, 118, 113]]
-2 [ 55 550:565 [91, 123, 107, 79, 76, 116, 108, 103, 115, 78, 124, 117, 112, 88, 110, 75, 98, 82, 84, 89, 99, 118, 113, 120]]
-1 [ 55 593:593 [91, 123, 107, 79, 76, 116, 108, 103, 115, 78, 124, 117, 112, 88, 110, 75, 98, 82, 84, 89, 99, 118, 113, 120]]

x[34073] = 1.0
Vehicle: 11  Cost: 54.92
Route: 1 2 -2 -1 
 1 [ 64   0:  0 [53, 60, 55, 52, 30, 14, 20, 13, 47, 46, 42, 66, 11, 38, 61, 36, 41, 40, 63, 50, 71, 7, 48, 62, 72, 25, 57, 16, 34]]
 2 [  0  27: 27 []]
-2 [ 42  27:391 [122, 97, 101, 81, 94, 95, 105, 92, 90, 80, 114, 74, 96, 87]]
-1 [ 42 419:419 [122, 97, 101, 81, 94, 95, 105, 92, 90, 80, 114, 74, 96, 87]]

y[913] = 1.0
Vehicle: 210  Cost: 90.50
Route: 2 62 96 52 14 81 48 101 -2 
  2 [10 108:123]
 62 [ 7 151:156]
 96 [10 162:167]
 52 [ 6 177:182]
 14 [ 4 189:194]
 81 [ 8 194:199]
 48 [ 7 300:305]
101 [10 316:321]
 -2 [10 341:341]

y[2618] = 1.0
Vehicle: 303  Cost: 112.25
Route: 3 35 15 9 -3 
  3 [ 9  60: 75]
 35 [ 5 121:126]
 15 [ 4 300:305]
  9 [ 0 322:327]
 -3 [ 0 373:373]

y[3924] = 1.0
Vehicle: 303  Cost: 29.53
Route: 3 54 100 45 -3 
  3 [ 8  76:295]
 54 [ 4 300:305]
100 [ 5 317:322]
 45 [ 1 322:327]
 -3 [ 1 340:340]

y[4290] = 1.0
Vehicle: 203  Cost: 85.69
Route: 2 92 114 16 90 30 -2 
  2 [ 5  27:155]
 92 [ 9 180:185]
114 [10 204:209]
 16 [ 6 300:305]
 90 [ 9 318:323]
 30 [ 8 323:328]
 -2 [ 8 350:350]

y[6594] = 1.0
Vehicle: 311  Cost: 141.22
Route: 3 29 32 124 64 110 24 82 115 -3 
  3 [ 8  60: 75]
 29 [ 7 117:122]
 32 [ 4 144:149]
124 [ 6 300:305]
 64 [ 5 315:320]
110 [ 9 320:325]
 24 [ 6 420:425]
 82 [ 7 439:444]
115 [10 449:454]
 -3 [10 492:492]

y[7018] = 1.0
Vehicle: 304  Cost: 135.24
Route: 3 6 76 56 27 58 12 117 67 112 -3 
  3 [10  60:261]
  6 [ 6 300:305]
 76 [ 8 305:310]
 56 [ 7 316:321]
 27 [ 6 324:329]
 58 [ 4 340:345]
 12 [ 3 366:371]
117 [ 5 420:425]
 67 [ 4 464:469]
112 [ 7 469:474]
 -3 [ 7 484:484]

y[7470] = 1.0
Vehicle: 301  Cost: 136.36
Route: 3 21 18 108 59 10 26 113 -3 
  3 [10  60: 75]
 21 [ 9 137:142]
 18 [ 8 300:305]
108 [10 311:316]
 59 [ 8 316:321]
 10 [ 6 339:344]
 26 [ 2 351:356]
113 [ 3 358:363]
 -3 [ 3 389:389]

y[7526] = 1.0
Vehicle: 301  Cost: 41.93
Route: 3 4 22 85 65 86 -3 
  3 [ 9  60: 75]
  4 [ 8  79: 84]
 22 [ 4  92: 97]
 85 [ 8  97:102]
 65 [ 4 109:114]
 86 [ 6 119:124]
 -3 [ 6 142:142]

y[9232] = 1.0
Vehicle: 201  Cost: 29.00
Route: 2 41 94 36 55 60 -2 
  2 [ 7 108:168]
 41 [ 6 180:185]
 94 [ 8 185:190]
 36 [ 7 194:199]
 55 [ 5 300:305]
 60 [ 2 306:311]
 -2 [ 2 324:324]

y[10544] = 1.0
Vehicle: 301  Cost: 124.30
Route: 3 39 69 119 111 23 70 121 19 83 -3 
  3 [10  60: 75]
 39 [ 9 107:112]
 69 [ 6 119:124]
119 [ 8 124:129]
111 [ 9 149:154]
 23 [ 8 164:169]
 70 [ 6 182:187]
121 [10 187:192]
 19 [ 7 300:305]
 83 [ 9 305:310]
 -3 [ 9 345:345]

y[10574] = 1.0
Vehicle: 306  Cost: 128.64
Route: 3 49 103 73 84 37 98 116 -3 
  3 [10  60: 75]
 49 [ 8 119:124]
103 [10 124:129]
 73 [ 6 300:305]
 84 [ 8 420:425]
 37 [ 4 436:441]
 98 [ 6 464:469]
116 [10 480:485]
 -3 [10 502:502]

y[11549] = 1.0
Vehicle: 215  Cost: 147.25
Route: 2 46 50 88 120 25 79 72 123 -2 
  2 [10  27:127]
 46 [ 6 180:185]
 50 [ 3 420:425]
 88 [ 5 440:445]
120 [ 7 462:467]
 25 [ 5 485:490]
 79 [ 6 517:522]
 72 [ 5 528:533]
123 [ 7 533:538]
 -2 [ 7 546:546]

y[12389] = 1.0
Vehicle: 207  Cost: 107.11
Route: 2 40 57 20 91 107 61 -2 
  2 [10  27:269]
 40 [ 7 300:305]
 57 [ 5 324:329]
 20 [ 3 420:425]
 91 [ 6 445:450]
107 [10 458:463]
 61 [ 7 472:477]
 -2 [ 7 493:493]

y[12522] = 1.0
Vehicle: 204  Cost: 55.32
Route: 2 95 42 74 13 11 78 -2 
  2 [ 6  27: 42]
 95 [ 9  60: 65]
 42 [ 6  65: 70]
 74 [10  76: 81]
 13 [ 8  86: 91]
 11 [ 7 300:305]
 78 [10 305:310]
 -2 [10 322:322]

y[12708] = 1.0
Vehicle: 202  Cost: 79.16
Route: 2 80 53 105 38 63 -2 
  2 [ 6  27:152]
 80 [10 180:185]
 53 [ 9 197:202]
105 [10 202:207]
 38 [ 7 300:305]
 63 [ 5 309:314]
 -2 [ 5 338:338]

y[13483] = 1.0
Vehicle: 309  Cost: 111.09
Route: 3 106 31 102 109 8 77 -3 
  3 [ 6  60: 75]
106 [ 8 106:111]
 31 [ 5 120:125]
102 [ 7 133:138]
109 [10 180:185]
  8 [ 7 198:203]
 77 [ 9 203:208]
 -3 [ 9 246:246]

y[13913] = 1.0
Vehicle: 310  Cost: 120.67
Route: 3 43 17 68 104 51 93 -3 
  3 [10  76: 91]
 43 [ 9 133:138]
 17 [ 6 180:185]
 68 [ 4 189:194]
104 [ 7 206:211]
 51 [ 3 211:216]
 93 [ 4 230:235]
 -3 [ 4 275:275]

y[14682] = 1.0
Vehicle: 201  Cost: 108.79
Route: 2 47 66 71 122 97 7 34 87 -2 
  2 [10  27: 42]
 47 [ 9  63: 68]
 66 [ 5  79: 84]
 71 [ 4 100:105]
122 [ 8 118:123]
 97 [10 128:133]
  7 [ 7 148:153]
 34 [ 6 180:185]
 87 [10 201:206]
 -2 [10 212:212]

y[16082] = 1.0
Vehicle: 308  Cost: 83.39
Route: 3 33 99 44 75 28 89 5 118 -3 
  3 [ 8  60: 75]
 33 [ 7  93: 98]
 99 [ 9 420:425]
 44 [ 6 425:430]
 75 [10 434:439]
 28 [ 8 447:452]
 89 [ 9 452:457]
  5 [ 7 463:468]
118 [ 8 472:477]
 -3 [ 8 499:499]

FE: 3
SE: 19
!MIP-----
2163.213423667484,5401.906790971756,0.023725058527120643,3,19,41080,16637

Run: 3
Total Cost: 2229.39
Vehicle: 11  Cost: 54.92
Route: 1 2 -2 -1 
 1 [ 67   0:  0 [20, 41, 7, 52, 46, 62, 61, 14, 53, 60, 34, 63, 11, 40, 57, 36, 16, 13, 42, 55, 72, 38, 32, 30, 71, 66, 48, 50, 25, 47]]
 2 [  0  27: 27 []]
-2 [ 32  27:370 [95, 94, 80, 90, 74, 97, 122, 114, 81, 87, 105]]
-1 [ 32 398:398 [95, 94, 80, 90, 74, 97, 122, 114, 81, 87, 105]]

Vehicle: 13  Cost: 54.92
Route: 1 -2 -1 
 1 [  0   0:  0 []]
-2 [ 29  27:535 [101, 123, 88, 115, 82, 96, 120, 124, 107, 91, 78, 79]]
-1 [ 29 563:563 [101, 123, 88, 115, 82, 96, 120, 124, 107, 91, 78, 79]]

Vehicle: 14  Cost: 120.00
Route: 1 3 -3 -1 
 1 [ 72   0:  0 [15, 51, 44, 35, 19, 39, 56, 33, 68, 58, 12, 24, 31, 18, 27, 37, 5, 21, 17, 43, 28, 59, 65, 70, 49, 9, 73, 45, 23, 29, 8, 4]]
 3 [  0  60: 60 []]
-3 [ 39  60:528 [112, 108, 98, 89, 86, 116, 110, 75, 117, 103, 113, 99, 100, 76, 109, 84, 83]]
-1 [ 39 588:588 [112, 108, 98, 89, 86, 116, 110, 75, 117, 103, 113, 99, 100, 76, 109, 84, 83]]

Vehicle: 15  Cost: 120.00
Route: 1 3 -3 -1 
 1 [ 23   0:  0 [64, 6, 67, 10, 69, 26, 22, 54]]
 3 [  0  60: 60 []]
-3 [ 26  60:360 [77, 102, 92, 119, 85, 104, 93, 121, 118, 111, 106]]
-1 [ 26 420:420 [77, 102, 92, 119, 85, 104, 93, 121, 118, 111, 106]]

Vehicle: 201  Cost: 69.64
Route: 2 41 94 105 53 80 42 95 -2 
  2 [ 5  27:168]
 41 [ 4 180:185]
 94 [ 6 185:190]
105 [ 7 207:212]
 53 [ 6 212:217]
 80 [10 229:234]
 42 [ 7 245:250]
 95 [10 250:255]
 -2 [10 273:273]

Vehicle: 202  Cost: 80.02
Route: 2 47 114 16 30 90 61 -2 
  2 [ 9  27: 42]
 47 [ 8  63: 68]
114 [ 9 180:185]
 16 [ 5 300:305]
 30 [ 4 318:323]
 90 [ 7 323:328]
 61 [ 4 334:339]
 -2 [ 4 355:355]

Vehicle: 203  Cost: 126.79
Route: 2 66 71 57 20 91 107 79 72 123 -2 
  2 [10  27: 42]
 66 [ 6  69: 74]
 71 [ 5  90: 95]
 57 [ 3 300:305]
 20 [ 1 420:425]
 91 [ 4 445:450]
107 [ 8 458:463]
 79 [ 9 491:496]
 72 [ 8 502:507]
123 [10 507:512]
 -2 [10 520:520]

Vehicle: 204  Cost: 130.36
Route: 2 96 32 124 120 25 11 78 -2 
  2 [ 6  27: 42]
 96 [ 9  69: 74]
 32 [ 6 102:107]
124 [ 8 300:305]
120 [10 420:425]
 25 [ 8 443:448]
 11 [ 7 456:461]
 78 [10 461:466]
 -2 [10 479:479]

Vehicle: 205  Cost: 50.71
Route: 2 38 63 60 55 -2 
  2 [10  27:278]
 38 [ 7 300:305]
 63 [ 5 309:314]
 60 [ 2 325:330]
 55 [ 0 331:336]
 -2 [ 0 348:348]

Vehicle: 206  Cost: 95.74
Route: 2 62 81 14 52 74 -2 
  2 [ 9  27: 42]
 62 [ 6  70: 75]
 81 [10  87: 92]
 14 [ 8  92: 97]
 52 [ 4 104:109]
 74 [ 8 135:140]
 -2 [ 8 163:163]

Vehicle: 207  Cost: 126.75
Route: 2 13 46 50 88 48 82 115 101 -2 
  2 [10  27: 42]
 13 [ 8  67: 72]
 46 [ 4 180:185]
 50 [ 1 420:425]
 88 [ 3 440:445]
 48 [ 2 453:458]
 82 [ 3 465:470]
115 [ 6 475:480]
101 [ 9 493:498]
 -2 [ 9 518:518]

Vehicle: 208  Cost: 78.63
Route: 2 36 34 7 122 97 40 -2 
  2 [ 8  27:168]
 36 [ 7 180:185]
 34 [ 6 187:192]
  7 [ 3 199:204]
122 [ 7 221:226]
 97 [ 9 230:235]
 40 [ 6 300:305]
 -2 [ 6 336:336]

Vehicle: 209  Cost: 12.65
Route: 2 87 -2 
  2 [ 0   0: 15]
 87 [ 4  21: 26]
 -2 [ 4  33: 33]

Vehicle: 301  Cost: 174.45
Route: 3 65 33 86 21 109 58 12 117 67 112 -3 
  3 [10  60: 75]
 65 [ 6  93: 98]
 33 [ 5 100:105]
 86 [ 7 108:113]
 21 [ 6 162:167]
109 [ 9 189:194]
 58 [ 7 300:305]
 12 [ 6 326:331]
117 [ 8 420:425]
 67 [ 7 464:469]
112 [10 469:474]
 -3 [10 484:484]

Vehicle: 302  Cost: 124.43
Route: 3 49 103 9 73 84 -3 
  3 [10  60: 75]
 49 [ 8 119:124]
103 [10 124:129]
  9 [ 6 300:305]
 73 [ 2 322:327]
 84 [ 4 420:425]
 -3 [ 4 468:468]

Vehicle: 303  Cost: 110.85
Route: 3 29 37 64 110 24 98 116 -3 
  3 [ 9  60: 75]
 29 [ 8 117:122]
 37 [ 4 300:305]
 64 [ 3 315:320]
110 [ 7 320:325]
 24 [ 4 420:425]
 98 [ 6 443:448]
116 [10 459:464]
 -3 [10 481:481]

Vehicle: 304  Cost: 136.36
Route: 3 43 17 68 104 51 93 121 111 118 -3 
  3 [10  60: 75]
 43 [ 9 117:122]
 17 [ 6 180:185]
 68 [ 4 189:194]
104 [ 7 206:211]
 51 [ 3 211:216]
 93 [ 4 230:235]
121 [ 8 241:246]
111 [ 9 268:273]
118 [10 300:305]
 -3 [10 327:327]

Vehicle: 305  Cost: 120.39
Route: 3 106 8 77 102 31 92 -3 
  3 [ 6  60: 75]
106 [ 8 106:111]
  8 [ 5 123:128]
 77 [ 7 128:133]
102 [ 9 149:154]
 31 [ 6 162:167]
 92 [10 192:197]
 -3 [10 225:225]

Vehicle: 306  Cost: 99.73
Route: 3 4 23 28 89 75 44 99 113 5 -3 
  3 [ 9  60: 75]
  4 [ 8  79: 84]
 23 [ 7 114:119]
 28 [ 5 420:425]
 89 [ 6 425:430]
 75 [10 438:443]
 44 [ 7 447:452]
 99 [ 9 452:457]
113 [10 470:475]
  5 [ 8 482:487]
 -3 [ 8 513:513]

Vehicle: 307  Cost: 76.62
Route: 3 69 119 10 26 -3 
  3 [ 9  60: 75]
 69 [ 6 111:116]
119 [ 8 116:121]
 10 [ 6 300:305]
 26 [ 2 311:316]
 -3 [ 2 345:345]

Vehicle: 308  Cost: 24.74
Route: 3 45 100 -3 
  3 [ 4  60:288]
 45 [ 0 300:305]
100 [ 1 305:310]
 -3 [ 1 322:322]

Vehicle: 309  Cost: 27.75
Route: 3 22 85 54 -3 
  3 [ 8  60: 75]
 22 [ 4  87: 92]
 85 [ 8  92: 97]
 54 [ 4 300:305]
 -3 [ 4 310:310]

Vehicle: 310  Cost: 97.94
Route: 3 70 35 15 83 19 -3 
  3 [10  60: 75]
 70 [ 8 113:118]
 35 [ 4 126:131]
 15 [ 3 300:305]
 83 [ 5 318:323]
 19 [ 2 323:328]
 -3 [ 2 363:363]

Vehicle: 312  Cost: 115.01
Route: 3 39 59 108 18 76 6 56 27 -3 
  3 [10  60: 75]
 39 [ 9 107:112]
 59 [ 7 300:305]
108 [ 9 305:310]
 18 [ 8 316:321]
 76 [10 335:340]
  6 [ 6 340:345]
 56 [ 5 352:357]
 27 [ 4 359:364]
 -3 [ 4 407:407]

Total Cost: 2229.39
 11:54.92, 67:75 [1, 2, -2, -1]
 13:54.92, 29:75 [1, -2, -1]
 14:120.00, 72:75 [1, 3, -3, -1]
 15:120.00, 26:75 [1, 3, -3, -1]
201:69.64, 10:10 [2, 41, 94, 105, 53, 80, 42, 95, -2]
202:80.02, 9:10 [2, 47, 114, 16, 30, 90, 61, -2]
203:126.79, 10:10 [2, 66, 71, 57, 20, 91, 107, 79, 72, 123, -2]
204:130.36, 10:10 [2, 96, 32, 124, 120, 25, 11, 78, -2]
205:50.71, 10:10 [2, 38, 63, 60, 55, -2]
206:95.74, 10:10 [2, 62, 81, 14, 52, 74, -2]
207:126.75, 10:10 [2, 13, 46, 50, 88, 48, 82, 115, 101, -2]
208:78.63, 9:10 [2, 36, 34, 7, 122, 97, 40, -2]
209:12.65, 4:10 [2, 87, -2]
301:174.45, 10:10 [3, 65, 33, 86, 21, 109, 58, 12, 117, 67, 112, -3]
302:124.43, 10:10 [3, 49, 103, 9, 73, 84, -3]
303:110.85, 10:10 [3, 29, 37, 64, 110, 24, 98, 116, -3]
304:136.36, 10:10 [3, 43, 17, 68, 104, 51, 93, 121, 111, 118, -3]
305:120.39, 10:10 [3, 106, 8, 77, 102, 31, 92, -3]
306:99.73, 10:10 [3, 4, 23, 28, 89, 75, 44, 99, 113, 5, -3]
307:76.62, 9:10 [3, 69, 119, 10, 26, -3]
308:24.74, 4:10 [3, 45, 100, -3]
309:27.75, 8:10 [3, 22, 85, 54, -3]
310:97.94, 10:10 [3, 70, 35, 15, 83, 19, -3]
312:115.01, 10:10 [3, 39, 59, 108, 18, 76, 6, 56, 27, -3]
fe: 4, se: 20

!ALNS------------
100000,2229.3879657532034,830.232,358.41,4,20,0.6466666666666666,0.915,30.25,6.05
13 11 5 10 0 0 11 1 
19.867750804803357 48.79406104638202 26.128633319433526 32.359494292512316 25.65262039416757 NaN 28.53434323051419 28.325350655107865 
3 3 5 7 8 10 10 5 
31.362437709658824 28.660459066364158 31.6896047435139 34.652447410667506 38.933281274220086 31.952030324865532 24.512790225545643 32.51933776162082 

x[21862] = 1.0
Vehicle: 14  Cost: 120.84
Route: 1 3 -3 -2 -1 
 1 [ 74   0:  0 [6, 29, 59, 4, 64, 26, 73, 49, 65, 45, 18, 56, 19, 22, 54, 58, 10, 9, 37, 68, 24, 21, 51, 27, 23, 70, 15, 44, 31, 33]]
 3 [  0  60: 60 []]
-3 [ 43  60:518 [115, 103, 110, 108, 76, 83, 89, 99, 98, 86, 100, 117, 112, 75, 82, 84, 109, 113, 116]]
-2 [ 62 552:567 [115, 103, 110, 108, 76, 83, 89, 99, 98, 107, 86, 100, 117, 112, 75, 91, 123, 78, 82, 124, 84, 88, 79, 120, 109, 113, 116]]
-1 [ 62 594:594 [115, 103, 110, 108, 76, 83, 89, 99, 98, 107, 86, 100, 117, 112, 75, 91, 123, 78, 82, 124, 84, 88, 79, 120, 109, 113, 116]]

x[38975] = 1.0
Vehicle: 11  Cost: 54.92
Route: 1 2 -2 -1 
 1 [ 67   0:  0 [30, 34, 61, 13, 7, 72, 46, 71, 40, 20, 47, 38, 53, 55, 63, 42, 32, 50, 57, 14, 52, 48, 62, 66, 25, 60, 11, 36, 41, 16]]
 2 [  0  27: 27 []]
-2 [ 46  27:386 [90, 95, 92, 81, 97, 80, 96, 105, 74, 101, 94, 87, 122, 114, 107]]
-1 [ 46 414:414 [90, 95, 92, 81, 97, 80, 96, 105, 74, 101, 94, 87, 122, 114, 107]]

x[39960] = 1.0
Vehicle: 15  Cost: 120.00
Route: 1 3 -3 -1 
 1 [ 21   0:  0 [35, 67, 17, 43, 12, 39, 28, 5, 8, 69]]
 3 [  0  60: 60 []]
-3 [ 22  60:342 [119, 104, 93, 102, 121, 106, 77, 85, 111, 118]]
-1 [ 22 402:402 [119, 104, 93, 102, 121, 106, 77, 85, 111, 118]]

y[224] = 1.0
Vehicle: 203  Cost: 29.00
Route: 2 41 94 36 55 60 -2 
  2 [ 7  27:168]
 41 [ 6 180:185]
 94 [ 8 185:190]
 36 [ 7 194:199]
 55 [ 5 300:305]
 60 [ 2 306:311]
 -2 [ 2 324:324]

y[1610] = 1.0
Vehicle: 309  Cost: 41.99
Route: 3 4 22 85 65 33 86 -3 
  3 [10  76: 91]
  4 [ 9  95:100]
 22 [ 5 108:113]
 85 [ 9 113:118]
 65 [ 5 125:130]
 33 [ 4 132:137]
 86 [ 6 140:145]
 -3 [ 6 163:163]

y[1865] = 1.0
Vehicle: 310  Cost: 97.94
Route: 3 70 35 15 19 83 -3 
  3 [10  76: 91]
 70 [ 8 129:134]
 35 [ 4 142:147]
 15 [ 3 300:305]
 19 [ 0 318:323]
 83 [ 2 323:328]
 -3 [ 2 363:363]

y[2385] = 1.0
Vehicle: 302  Cost: 130.84
Route: 3 49 103 9 73 84 116 -3 
  3 [10  60: 75]
 49 [ 8 119:124]
103 [10 124:129]
  9 [ 6 300:305]
 73 [ 2 322:327]
 84 [ 4 420:425]
116 [ 8 458:463]
 -3 [ 8 480:480]

y[2668] = 1.0
Vehicle: 319  Cost: 124.03
Route: 3 69 119 39 77 8 102 31 106 -3 
  3 [10  76: 91]
 69 [ 7 127:132]
119 [ 9 132:137]
 39 [ 8 143:148]
 77 [10 165:170]
  8 [ 7 170:175]
102 [ 9 192:197]
 31 [ 6 205:210]
106 [ 8 219:224]
 -3 [ 8 255:255]

y[2820] = 1.0
Vehicle: 312  Cost: 132.38
Route: 3 59 108 6 76 56 27 12 117 112 67 -3 
  3 [10  60:257]
 59 [ 8 300:305]
108 [10 305:310]
  6 [ 6 320:325]
 76 [ 8 325:330]
 56 [ 7 336:341]
 27 [ 6 343:348]
 12 [ 5 365:370]
117 [ 7 420:425]
112 [10 464:469]
 67 [ 9 469:474]
 -3 [ 9 484:484]

y[3250] = 1.0
Vehicle: 312  Cost: 29.53
Route: 3 100 45 54 -3 
  3 [ 8  60:288]
100 [ 9 300:305]
 45 [ 5 305:310]
 54 [ 1 322:327]
 -3 [ 1 332:332]

y[4699] = 1.0
Vehicle: 203  Cost: 85.69
Route: 2 92 114 16 90 30 -2 
  2 [ 5  27:155]
 92 [ 9 180:185]
114 [10 204:209]
 16 [ 6 300:305]
 90 [ 9 318:323]
 30 [ 8 323:328]
 -2 [ 8 350:350]

y[5368] = 1.0
Vehicle: 301  Cost: 169.15
Route: 3 21 109 58 18 26 113 -3 
  3 [ 8  60: 75]
 21 [ 7 137:142]
109 [10 180:185]
 58 [ 8 300:305]
 18 [ 7 328:333]
 26 [ 3 362:367]
113 [ 4 369:374]
 -3 [ 4 400:400]

y[5885] = 1.0
Vehicle: 304  Cost: 136.36
Route: 3 43 17 68 51 104 93 121 111 118 -3 
  3 [10  76: 91]
 43 [ 9 133:138]
 17 [ 6 180:185]
 68 [ 4 189:194]
 51 [ 0 206:211]
104 [ 3 211:216]
 93 [ 4 230:235]
121 [ 8 241:246]
111 [ 9 268:273]
118 [10 300:305]
 -3 [10 327:327]

y[10445] = 1.0
Vehicle: 303  Cost: 123.04
Route: 3 29 37 64 110 24 82 115 98 -3 
  3 [ 9  60: 75]
 29 [ 8 117:122]
 37 [ 4 300:305]
 64 [ 3 315:320]
110 [ 7 320:325]
 24 [ 4 420:425]
 82 [ 5 439:444]
115 [ 8 449:454]
 98 [10 466:471]
 -3 [10 498:498]

y[11137] = 1.0
Vehicle: 306  Cost: 109.24
Route: 3 23 10 99 44 75 28 89 5 -3 
  3 [10  60: 75]
 23 [ 9 109:114]
 10 [ 7 300:305]
 99 [ 9 420:425]
 44 [ 6 425:430]
 75 [10 434:439]
 28 [ 8 447:452]
 89 [ 9 452:457]
  5 [ 7 463:468]
 -3 [ 7 494:494]

y[13585] = 1.0
Vehicle: 203  Cost: 107.11
Route: 2 40 57 20 91 107 61 -2 
  2 [10  27:269]
 40 [ 7 300:305]
 57 [ 5 324:329]
 20 [ 3 420:425]
 91 [ 6 445:450]
107 [10 458:463]
 61 [ 7 472:477]
 -2 [ 7 493:493]

y[13937] = 1.0
Vehicle: 205  Cost: 79.16
Route: 2 80 53 105 38 63 -2 
  2 [ 6  27:152]
 80 [10 180:185]
 53 [ 9 197:202]
105 [10 202:207]
 38 [ 7 300:305]
 63 [ 5 309:314]
 -2 [ 5 338:338]

y[14490] = 1.0
Vehicle: 204  Cost: 114.73
Route: 2 52 14 81 32 124 48 101 -2 
  2 [10  27: 42]
 52 [ 6  79: 84]
 14 [ 4  90: 95]
 81 [ 8  95:100]
 32 [ 5 116:121]
124 [ 7 300:305]
 48 [ 6 328:333]
101 [ 9 344:349]
 -2 [ 9 369:369]

y[14638] = 1.0
Vehicle: 206  Cost: 28.65
Route: 2 79 123 72 -2 
  2 [ 1  27:286]
 79 [ 2 300:305]
123 [ 4 420:425]
 72 [ 3 425:430]
 -2 [ 3 438:438]

y[15346] = 1.0
Vehicle: 201  Cost: 80.65
Route: 2 62 96 13 74 42 95 -2 
  2 [ 8  27: 42]
 62 [ 5  70: 75]
 96 [ 8  81: 86]
 13 [ 6 104:109]
 74 [10 114:119]
 42 [ 7 125:130]
 95 [10 130:135]
 -2 [10 153:153]

y[15985] = 1.0
Vehicle: 210  Cost: 108.79
Route: 2 47 66 71 122 97 7 34 87 -2 
  2 [10  27: 42]
 47 [ 9  63: 68]
 66 [ 5  79: 84]
 71 [ 4 100:105]
122 [ 8 118:123]
 97 [10 128:133]
  7 [ 7 148:153]
 34 [ 6 180:185]
 87 [10 201:206]
 -2 [10 212:212]

y[17668] = 1.0
Vehicle: 207  Cost: 126.32
Route: 2 46 50 88 120 25 11 78 -2 
  2 [10  27:127]
 46 [ 6 180:185]
 50 [ 3 420:425]
 88 [ 5 440:445]
120 [ 7 462:467]
 25 [ 5 485:490]
 11 [ 4 498:503]
 78 [ 7 503:508]
 -2 [ 7 521:521]

FE: 3
SE: 19
!MIP-----
2150.3441729407687,5404.981204032898,0.01758038106210997,3,19,40629,18131

Run: 4
Total Cost: 2176.59
Vehicle: 11  Cost: 121.67
Route: 1 2 3 -3 -2 -1 
 1 [ 75   0:  0 [56, 54, 14, 46, 67, 51, 17, 55, 47, 34, 30, 71, 10, 16, 50, 9, 49, 53, 70, 15, 44, 20, 6, 68, 35, 69, 7, 43, 63, 26, 62]]
 2 [ 45  27: 42 [56, 54, 67, 51, 17, 10, 9, 49, 70, 15, 44, 6, 68, 35, 69, 43, 26]]
 3 [  0  76: 76 []]
-3 [ 39  76:507 [112, 110, 115, 84, 103, 76, 75, 83, 116, 89, 100, 98, 108, 99, 82, 124, 117]]
-2 [ 55 541:556 [78, 112, 110, 79, 91, 115, 84, 103, 76, 75, 83, 116, 89, 123, 90, 100, 98, 120, 108, 99, 82, 124, 88, 117]]
-1 [ 55 583:583 [78, 112, 110, 79, 91, 115, 84, 103, 76, 75, 83, 116, 89, 123, 90, 100, 98, 120, 108, 99, 82, 124, 88, 117]]

Vehicle: 12  Cost: 54.92
Route: 1 2 -2 -1 
 1 [ 37   0:  0 [61, 72, 66, 48, 11, 36, 52, 32, 38, 42, 41, 60, 57, 40, 25, 13]]
 2 [  0  27: 27 []]
-2 [ 43  27:363 [96, 97, 80, 114, 87, 122, 74, 105, 94, 95, 92, 81, 107, 101]]
-1 [ 43 390:390 [96, 97, 80, 114, 87, 122, 74, 105, 94, 95, 92, 81, 107, 101]]

Vehicle: 13  Cost: 120.00
Route: 1 3 -3 -1 
 1 [ 50   0:  0 [4, 31, 29, 45, 12, 22, 65, 8, 28, 5, 39, 18, 37, 33, 19, 64, 73, 24, 59, 58, 23, 21, 27]]
 3 [  0  60: 60 []]
-3 [ 28  60:354 [102, 86, 121, 106, 113, 119, 85, 77, 93, 104, 109, 111, 118]]
-1 [ 28 414:414 [102, 86, 121, 106, 113, 119, 85, 77, 93, 104, 109, 111, 118]]

Vehicle: 201  Cost: 86.42
Route: 2 7 66 122 97 40 -2 
  2 [10  27: 42]
  7 [ 7  62: 67]
 66 [ 3  77: 82]
122 [ 7  98:103]
 97 [ 9 107:112]
 40 [ 6 300:305]
 -2 [ 6 336:336]

Vehicle: 202  Cost: 40.98
Route: 2 25 11 78 -2 
  2 [ 3  27:400]
 25 [ 1 420:425]
 11 [ 0 433:438]
 78 [ 3 438:443]
 -2 [ 3 456:456]

Vehicle: 203  Cost: 79.16
Route: 2 80 53 105 38 63 -2 
  2 [ 6  27:152]
 80 [10 180:185]
 53 [ 9 197:202]
105 [10 202:207]
 38 [ 7 300:305]
 63 [ 5 309:314]
 -2 [ 5 338:338]

Vehicle: 204  Cost: 90.50
Route: 2 62 96 52 81 14 48 101 -2 
  2 [10  27: 42]
 62 [ 7  70: 75]
 96 [10  81: 86]
 52 [ 6  96:101]
 81 [10 108:113]
 14 [ 8 113:118]
 48 [ 7 300:305]
101 [10 316:321]
 -2 [10 341:341]

Vehicle: 205  Cost: 33.37
Route: 2 41 94 36 34 60 55 -2 
  2 [ 8  27:168]
 41 [ 7 180:185]
 94 [ 9 185:190]
 36 [ 8 194:199]
 34 [ 7 201:206]
 60 [ 4 300:305]
 55 [ 2 306:311]
 -2 [ 2 323:323]

Vehicle: 206  Cost: 12.65
Route: 2 87 -2 
  2 [ 0   0: 15]
 87 [ 4  21: 26]
 -2 [ 4  33: 33]

Vehicle: 208  Cost: 140.40
Route: 2 32 46 50 88 120 -2 
  2 [10  27: 42]
 32 [ 7  96:101]
 46 [ 3 180:185]
 50 [ 0 420:425]
 88 [ 2 440:445]
120 [ 4 462:467]
 -2 [ 4 503:503]

Vehicle: 212  Cost: 97.15
Route: 2 47 92 114 16 107 -2 
  2 [ 5  27: 42]
 47 [ 4  63: 68]
 92 [ 8 180:185]
114 [ 9 204:209]
 16 [ 5 300:305]
107 [ 9 318:323]
 -2 [ 9 348:348]

Vehicle: 213  Cost: 52.72
Route: 2 13 74 95 42 -2 
  2 [ 5  27: 42]
 13 [ 3  67: 72]
 74 [ 7  77: 82]
 95 [10  87: 92]
 42 [ 7  92: 97]
 -2 [ 7 115:115]

Vehicle: 215  Cost: 130.04
Route: 2 71 57 20 91 30 90 61 79 123 72 -2 
  2 [10  27: 42]
 71 [ 9  85: 90]
 57 [ 7 300:305]
 20 [ 5 420:425]
 91 [ 8 445:450]
 30 [ 7 464:469]
 90 [10 469:474]
 61 [ 7 480:485]
 79 [ 8 505:510]
123 [10 516:521]
 72 [ 9 521:526]
 -2 [ 9 534:534]

Vehicle: 301  Cost: 134.86
Route: 3 49 103 9 73 84 98 116 -3 
  3 [10  76: 91]
 49 [ 8 135:140]
103 [10 140:145]
  9 [ 6 300:305]
 73 [ 2 322:327]
 84 [ 4 420:425]
 98 [ 6 451:456]
116 [10 467:472]
 -3 [10 489:489]

Vehicle: 302  Cost: 27.80
Route: 3 4 22 85 54 -3 
  3 [ 9  76: 91]
  4 [ 8  95:100]
 22 [ 4 108:113]
 85 [ 8 113:118]
 54 [ 4 300:305]
 -3 [ 4 310:310]

Vehicle: 303  Cost: 24.74
Route: 3 100 45 -3 
  3 [ 4  60:288]
100 [ 5 300:305]
 45 [ 1 305:310]
 -3 [ 1 322:322]

Vehicle: 309  Cost: 141.32
Route: 3 29 37 64 110 124 24 82 115 -3 
  3 [ 9  76: 91]
 29 [ 8 133:138]
 37 [ 4 300:305]
 64 [ 3 315:320]
110 [ 7 320:325]
124 [ 9 335:340]
 24 [ 6 420:425]
 82 [ 7 439:444]
115 [10 449:454]
 -3 [10 492:492]

Vehicle: 310  Cost: 153.90
Route: 3 39 21 18 59 108 10 99 44 75 -3 
  3 [10  76: 91]
 39 [ 9 123:128]
 21 [ 8 159:164]
 18 [ 7 300:305]
 59 [ 5 311:316]
108 [ 7 316:321]
 10 [ 5 339:344]
 99 [ 7 420:425]
 44 [ 4 425:430]
 75 [ 8 434:439]
 -3 [ 8 476:476]

Vehicle: 316  Cost: 97.94
Route: 3 70 35 15 19 83 -3 
  3 [10  76: 91]
 70 [ 8 129:134]
 35 [ 4 142:147]
 15 [ 3 300:305]
 19 [ 0 318:323]
 83 [ 2 323:328]
 -3 [ 2 363:363]

Vehicle: 318  Cost: 76.46
Route: 3 33 65 23 89 28 5 -3 
  3 [10  76: 91]
 33 [ 9 109:114]
 65 [ 5 116:121]
 23 [ 4 139:144]
 89 [ 5 420:425]
 28 [ 3 425:430]
  5 [ 1 435:440]
 -3 [ 1 467:467]

Vehicle: 321  Cost: 111.09
Route: 3 106 31 102 109 8 77 -3 
  3 [ 6  76: 91]
106 [ 8 122:127]
 31 [ 5 136:141]
102 [ 7 148:153]
109 [10 180:185]
  8 [ 7 198:203]
 77 [ 9 203:208]
 -3 [ 9 246:246]

Vehicle: 322  Cost: 76.92
Route: 3 86 69 119 26 113 -3 
  3 [ 7  76: 91]
 86 [ 9 108:113]
 69 [ 6 133:138]
119 [ 8 138:143]
 26 [ 4 300:305]
113 [ 5 307:312]
 -3 [ 5 339:339]

Vehicle: 324  Cost: 136.36
Route: 3 43 17 68 104 51 93 121 111 118 -3 
  3 [10  76: 91]
 43 [ 9 133:138]
 17 [ 6 180:185]
 68 [ 4 189:194]
104 [ 7 206:211]
 51 [ 3 211:216]
 93 [ 4 230:235]
121 [ 8 241:246]
111 [ 9 268:273]
118 [10 300:305]
 -3 [10 327:327]

Vehicle: 325  Cost: 135.24
Route: 3 6 76 56 27 58 12 117 67 112 -3 
  3 [10  76:261]
  6 [ 6 300:305]
 76 [ 8 305:310]
 56 [ 7 316:321]
 27 [ 6 324:329]
 58 [ 4 340:345]
 12 [ 3 366:371]
117 [ 5 420:425]
 67 [ 4 464:469]
112 [ 7 469:474]
 -3 [ 7 484:484]

Total Cost: 2176.59
 11:121.67, 75:75 [1, 2, 3, -3, -2, -1]
 12:54.92, 43:75 [1, 2, -2, -1]
 13:120.00, 50:75 [1, 3, -3, -1]
201:86.42, 10:10 [2, 7, 66, 122, 97, 40, -2]
202:40.98, 3:10 [2, 25, 11, 78, -2]
203:79.16, 10:10 [2, 80, 53, 105, 38, 63, -2]
204:90.50, 10:10 [2, 62, 96, 52, 81, 14, 48, 101, -2]
205:33.37, 9:10 [2, 41, 94, 36, 34, 60, 55, -2]
206:12.65, 4:10 [2, 87, -2]
208:140.40, 10:10 [2, 32, 46, 50, 88, 120, -2]
212:97.15, 9:10 [2, 47, 92, 114, 16, 107, -2]
213:52.72, 10:10 [2, 13, 74, 95, 42, -2]
215:130.04, 10:10 [2, 71, 57, 20, 91, 30, 90, 61, 79, 123, 72, -2]
301:134.86, 10:10 [3, 49, 103, 9, 73, 84, 98, 116, -3]
302:27.80, 9:10 [3, 4, 22, 85, 54, -3]
303:24.74, 5:10 [3, 100, 45, -3]
309:141.32, 10:10 [3, 29, 37, 64, 110, 124, 24, 82, 115, -3]
310:153.90, 10:10 [3, 39, 21, 18, 59, 108, 10, 99, 44, 75, -3]
316:97.94, 10:10 [3, 70, 35, 15, 19, 83, -3]
318:76.46, 10:10 [3, 33, 65, 23, 89, 28, 5, -3]
321:111.09, 10:10 [3, 106, 31, 102, 109, 8, 77, -3]
322:76.92, 9:10 [3, 86, 69, 119, 26, 113, -3]
324:136.36, 10:10 [3, 43, 17, 68, 104, 51, 93, 121, 111, 118, -3]
325:135.24, 10:10 [3, 6, 76, 56, 27, 58, 12, 117, 67, 112, -3]
fe: 3, se: 21

!ALNS------------
100000,2176.593876934729,700.597,629.119,3,21,0.7466666666666667,0.8952380952380953,40.333333333333336,5.761904761904762
18 28 22 15 0 1 9 6 
18.685832692561693 37.36967232935024 29.204121768415952 36.66880638751392 72.46442038561918 138.65891904828223 26.65957671744598 24.675545158659663 
12 15 8 8 9 16 24 7 
27.53386793115968 30.153665612113276 33.71264618916881 31.491891692169848 23.885212928784448 27.082300552242135 26.71223549239585 28.662741564360108 

x[21169] = 1.0
Vehicle: 13  Cost: 120.00
Route: 1 3 -3 -1 
 1 [ 20   0:  0 [45, 4, 22, 73, 69, 28, 67, 23]]
 3 [  0  60: 60 []]
-3 [ 26  60:360 [121, 77, 106, 119, 111, 93, 102, 86, 109, 85, 104]]
-1 [ 26 420:420 [121, 77, 106, 119, 111, 93, 102, 86, 109, 85, 104]]

x[23321] = 1.0
Vehicle: 11  Cost: 54.92
Route: 1 2 -2 -1 
 1 [ 33   0:  0 [36, 7, 50, 25, 55, 34, 11, 40, 60, 57, 16, 72, 20, 63, 41, 71, 30]]
 2 [  0  27: 27 []]
-2 [ 28  27:598 [123, 78, 90, 94, 91, 107, 124, 120, 88, 115, 79, 82]]
-1 [ 28 626:626 [123, 78, 90, 94, 91, 107, 124, 120, 88, 115, 79, 82]]

x[45328] = 1.0
Vehicle: 11  Cost: 120.84
Route: 1 3 -3 -2 -1 
 1 [ 75   0:  0 [6, 56, 27, 31, 65, 12, 64, 37, 29, 15, 44, 21, 68, 9, 8, 35, 19, 5, 58, 33, 18, 17, 24, 43, 70, 39, 26, 10, 54, 51, 59, 49]]
 3 [  0  60: 60 []]
-3 [ 39  60:513 [103, 99, 82, 75, 100, 89, 84, 113, 117, 76, 110, 108, 118, 115, 83, 116, 112, 98]]
-2 [ 57 546:561 [91, 103, 99, 82, 75, 100, 78, 123, 89, 84, 120, 79, 113, 117, 76, 88, 110, 124, 90, 108, 118, 115, 83, 116, 112, 98]]
-1 [ 57 589:589 [91, 103, 99, 82, 75, 100, 78, 123, 89, 84, 120, 79, 113, 117, 76, 88, 110, 124, 90, 108, 118, 115, 83, 116, 112, 98]]

x[57492] = 1.0
Vehicle: 12  Cost: 54.92
Route: 1 2 -2 -1 
 1 [ 43   0:  0 [63, 38, 53, 11, 42, 32, 61, 48, 52, 71, 46, 25, 34, 20, 13, 62, 47, 66, 14]]
 2 [  0  27: 27 []]
-2 [ 46  27:391 [87, 101, 91, 105, 97, 122, 96, 107, 94, 92, 74, 114, 81, 95, 80]]
-1 [ 46 419:419 [87, 101, 91, 105, 97, 122, 96, 107, 94, 92, 74, 114, 81, 95, 80]]

y[1822] = 1.0
Vehicle: 316  Cost: 97.94
Route: 3 70 35 15 19 83 -3 
  3 [10  76: 91]
 70 [ 8 129:134]
 35 [ 4 142:147]
 15 [ 3 300:305]
 19 [ 0 318:323]
 83 [ 2 323:328]
 -3 [ 2 363:363]

y[3187] = 1.0
Vehicle: 307  Cost: 29.53
Route: 3 100 45 54 -3 
  3 [ 8  60:288]
100 [ 9 300:305]
 45 [ 5 305:310]
 54 [ 1 322:327]
 -3 [ 1 332:332]

y[4281] = 1.0
Vehicle: 202  Cost: 97.20
Route: 2 34 7 66 71 122 97 41 94 -2 
  2 [10  27:167]
 34 [ 9 180:185]
  7 [ 6 191:196]
 66 [ 2 206:211]
 71 [ 1 227:232]
122 [ 5 246:251]
 97 [ 7 255:260]
 41 [ 6 282:287]
 94 [ 8 287:292]
 -2 [ 8 304:304]

y[6606] = 1.0
Vehicle: 212  Cost: 94.48
Route: 2 47 92 114 16 90 30 -2 
  2 [ 6 108:123]
 47 [ 5 144:149]
 92 [ 9 180:185]
114 [10 204:209]
 16 [ 6 300:305]
 90 [ 9 318:323]
 30 [ 8 323:328]
 -2 [ 8 350:350]

y[7518] = 1.0
Vehicle: 305  Cost: 125.09
Route: 3 43 17 68 51 104 93 121 -3 
  3 [10  60: 75]
 43 [ 9 117:122]
 17 [ 6 180:185]
 68 [ 4 189:194]
 51 [ 0 206:211]
104 [ 3 211:216]
 93 [ 4 230:235]
121 [ 8 241:246]
 -3 [ 8 285:285]

y[7802] = 1.0
Vehicle: 210  Cost: 73.80
Route: 2 80 105 53 38 -2 
  2 [ 4  27:152]
 80 [ 8 180:185]
105 [ 9 197:202]
 53 [ 8 202:207]
 38 [ 5 300:305]
 -2 [ 5 327:327]

y[8583] = 1.0
Vehicle: 215  Cost: 124.75
Route: 2 63 40 57 20 91 107 79 72 123 -2 
  2 [10  27:276]
 63 [ 8 300:305]
 40 [ 5 312:317]
 57 [ 3 336:341]
 20 [ 1 420:425]
 91 [ 4 445:450]
107 [ 8 458:463]
 79 [ 9 491:496]
 72 [ 8 502:507]
123 [10 507:512]
 -2 [10 520:520]

y[8989] = 1.0
Vehicle: 325  Cost: 135.24
Route: 3 6 76 56 27 58 12 117 67 112 -3 
  3 [10 116:261]
  6 [ 6 300:305]
 76 [ 8 305:310]
 56 [ 7 316:321]
 27 [ 6 324:329]
 58 [ 4 340:345]
 12 [ 3 366:371]
117 [ 5 420:425]
 67 [ 4 464:469]
112 [ 7 469:474]
 -3 [ 7 484:484]

y[9317] = 1.0
Vehicle: 341  Cost: 90.44
Route: 3 65 33 111 69 119 86 85 -3 
  3 [ 8  60: 75]
 65 [ 4  93: 98]
 33 [ 3 100:105]
111 [ 4 115:120]
 69 [ 1 140:145]
119 [ 3 145:150]
 86 [ 5 169:174]
 85 [ 9 184:189]
 -3 [ 9 200:200]

y[9621] = 1.0
Vehicle: 301  Cost: 83.45
Route: 3 4 23 28 89 5 26 113 -3 
  3 [10  76: 91]
  4 [ 9  95:100]
 23 [ 8 130:135]
 28 [ 6 420:425]
 89 [ 7 425:430]
  5 [ 5 435:440]
 26 [ 1 449:454]
113 [ 2 456:461]
 -3 [ 2 487:487]

y[10088] = 1.0
Vehicle: 210  Cost: 45.35
Route: 2 36 55 60 61 -2 
  2 [ 9  27:168]
 36 [ 8 180:185]
 55 [ 6 300:305]
 60 [ 3 306:311]
 61 [ 0 327:332]
 -2 [ 0 348:348]

y[10824] = 1.0
Vehicle: 321  Cost: 126.22
Route: 3 22 106 31 102 109 8 77 -3 
  3 [10  76: 91]
 22 [ 6 103:108]
106 [ 8 142:147]
 31 [ 5 156:161]
102 [ 7 169:174]
109 [10 186:191]
  8 [ 7 204:209]
 77 [ 9 209:214]
 -3 [ 9 252:252]

y[13717] = 1.0
Vehicle: 310  Cost: 154.78
Route: 3 39 21 18 59 108 10 44 99 75 118 -3 
  3 [10  60: 75]
 39 [ 9 107:112]
 21 [ 8 144:149]
 18 [ 7 300:305]
 59 [ 5 311:316]
108 [ 7 316:321]
 10 [ 5 339:344]
 44 [ 2 420:425]
 99 [ 4 425:430]
 75 [ 8 434:439]
118 [ 9 455:460]
 -3 [ 9 482:482]

y[13963] = 1.0
Vehicle: 302  Cost: 130.84
Route: 3 49 103 9 73 84 116 -3 
  3 [10  76: 91]
 49 [ 8 135:140]
103 [10 140:145]
  9 [ 6 300:305]
 73 [ 2 322:327]
 84 [ 4 420:425]
116 [ 8 458:463]
 -3 [ 8 480:480]

y[14306] = 1.0
Vehicle: 310  Cost: 123.04
Route: 3 29 37 64 110 24 82 115 98 -3 
  3 [ 9  76: 91]
 29 [ 8 133:138]
 37 [ 4 300:305]
 64 [ 3 315:320]
110 [ 7 320:325]
 24 [ 4 420:425]
 82 [ 5 439:444]
115 [ 8 449:454]
 98 [10 466:471]
 -3 [10 498:498]

y[14780] = 1.0
Vehicle: 208  Cost: 114.73
Route: 2 52 81 14 32 124 48 101 -2 
  2 [10  27: 42]
 52 [ 6  79: 84]
 81 [10  90: 95]
 14 [ 8  95:100]
 32 [ 5 116:121]
124 [ 7 300:305]
 48 [ 6 328:333]
101 [ 9 344:349]
 -2 [ 9 369:369]

y[15739] = 1.0
Vehicle: 213  Cost: 80.65
Route: 2 62 96 13 74 42 95 -2 
  2 [ 8  27: 42]
 62 [ 5  70: 75]
 96 [ 8  81: 86]
 13 [ 6 104:109]
 74 [10 114:119]
 42 [ 7 125:130]
 95 [10 130:135]
 -2 [10 153:153]

y[17967] = 1.0
Vehicle: 210  Cost: 12.65
Route: 2 87 -2 
  2 [ 0   0: 15]
 87 [ 4  21: 26]
 -2 [ 4  33: 33]

y[18051] = 1.0
Vehicle: 205  Cost: 126.32
Route: 2 46 50 88 120 25 11 78 -2 
  2 [10  27:127]
 46 [ 6 180:185]
 50 [ 3 420:425]
 88 [ 5 440:445]
120 [ 7 462:467]
 25 [ 5 485:490]
 11 [ 4 498:503]
 78 [ 7 503:508]
 -2 [ 7 521:521]

FE: 4
SE: 19
!MIP-----
2217.175823753262,5406.1832411289215,0.05437870664267829,4,19,62476,18533

Run: 5
Total Cost: 2165.65
Vehicle: 11  Cost: 121.67
Route: 1 2 3 -3 -2 -1 
 1 [ 75   0:  0 [41, 39, 12, 46, 42, 63, 50, 62, 53, 33, 35, 7, 32, 19, 4, 9, 25, 66, 70, 14, 15, 27, 18, 21, 71, 31, 57, 43, 34, 23, 67, 52, 36, 10, 65, 28]]
 2 [ 35  27: 42 [39, 12, 33, 35, 19, 4, 9, 70, 15, 27, 18, 21, 31, 43, 23, 67, 10, 65, 28]]
 3 [  0  76: 76 []]
-3 [ 42  76:524 [112, 110, 89, 115, 76, 116, 108, 124, 83, 117, 109, 103, 82, 84, 98, 75, 99, 118]]
-2 [ 57 557:572 [100, 79, 123, 112, 110, 89, 115, 120, 76, 116, 108, 88, 124, 107, 83, 117, 109, 103, 82, 84, 98, 91, 75, 99, 118]]
-1 [ 57 599:599 [100, 79, 123, 112, 110, 89, 115, 120, 76, 116, 108, 88, 124, 107, 83, 117, 109, 103, 82, 84, 98, 91, 75, 99, 118]]

Vehicle: 12  Cost: 54.92
Route: 1 2 -2 -1 
 1 [ 31   0:  0 [60, 11, 72, 48, 13, 30, 40, 61, 47, 55, 20, 45, 16, 38]]
 2 [  0  27: 27 []]
-2 [ 45  27:365 [94, 95, 81, 97, 122, 74, 105, 80, 87, 92, 90, 96, 101, 114, 78]]
-1 [ 45 392:392 [94, 95, 81, 97, 122, 74, 105, 80, 87, 92, 90, 96, 101, 114, 78]]

Vehicle: 13  Cost: 120.00
Route: 1 3 -3 -1 
 1 [ 56   0:  0 [24, 29, 68, 8, 54, 56, 64, 5, 73, 49, 58, 6, 26, 17, 22, 59, 37, 69, 44, 51]]
 3 [  0  60: 60 []]
-3 [ 24  60:354 [93, 111, 85, 121, 104, 86, 77, 102, 119, 106, 113]]
-1 [ 24 414:414 [93, 111, 85, 121, 104, 86, 77, 102, 119, 106, 113]]

Vehicle: 201  Cost: 33.37
Route: 2 41 94 36 34 60 55 -2 
  2 [ 8  27:168]
 41 [ 7 180:185]
 94 [ 9 185:190]
 36 [ 8 194:199]
 34 [ 7 201:206]
 60 [ 4 300:305]
 55 [ 2 306:311]
 -2 [ 2 323:323]

Vehicle: 202  Cost: 85.69
Route: 2 92 114 16 30 90 -2 
  2 [ 5  27:155]
 92 [ 9 180:185]
114 [10 204:209]
 16 [ 6 300:305]
 30 [ 5 318:323]
 90 [ 8 323:328]
 -2 [ 8 350:350]

Vehicle: 203  Cost: 12.65
Route: 2 87 -2 
  2 [ 0   0: 15]
 87 [ 4  21: 26]
 -2 [ 4  33: 33]

Vehicle: 205  Cost: 113.26
Route: 2 47 71 57 20 91 107 61 -2 
  2 [ 9  27: 42]
 47 [ 8  63: 68]
 71 [ 7  94: 99]
 57 [ 5 300:305]
 20 [ 3 420:425]
 91 [ 6 445:450]
107 [10 458:463]
 61 [ 7 472:477]
 -2 [ 7 493:493]

Vehicle: 206  Cost: 86.42
Route: 2 7 66 122 97 40 -2 
  2 [10  27: 42]
  7 [ 7  62: 67]
 66 [ 3  77: 82]
122 [ 7  98:103]
 97 [ 9 107:112]
 40 [ 6 300:305]
 -2 [ 6 336:336]

Vehicle: 207  Cost: 90.50
Route: 2 62 96 52 14 81 48 101 -2 
  2 [10  27: 42]
 62 [ 7  70: 75]
 96 [10  81: 86]
 52 [ 6  96:101]
 14 [ 4 108:113]
 81 [ 8 113:118]
 48 [ 7 300:305]
101 [10 316:321]
 -2 [10 341:341]

Vehicle: 208  Cost: 140.40
Route: 2 32 46 50 88 120 -2 
  2 [10  27: 42]
 32 [ 7  96:101]
 46 [ 3 180:185]
 50 [ 0 420:425]
 88 [ 2 440:445]
120 [ 4 462:467]
 -2 [ 4 503:503]

Vehicle: 209  Cost: 55.32
Route: 2 42 95 74 13 11 78 -2 
  2 [ 6  27: 42]
 42 [ 3  60: 65]
 95 [ 6  65: 70]
 74 [10  76: 81]
 13 [ 8  86: 91]
 11 [ 7 300:305]
 78 [10 305:310]
 -2 [10 322:322]

Vehicle: 210  Cost: 74.68
Route: 2 25 45 100 79 72 123 -2 
  2 [ 7  27:400]
 25 [ 5 420:425]
 45 [ 1 457:462]
100 [ 2 462:467]
 79 [ 3 475:480]
 72 [ 2 486:491]
123 [ 4 491:496]
 -2 [ 4 505:505]

Vehicle: 211  Cost: 79.16
Route: 2 80 53 105 38 63 -2 
  2 [ 6  27:152]
 80 [10 180:185]
 53 [ 9 197:202]
105 [10 202:207]
 38 [ 7 300:305]
 63 [ 5 309:314]
 -2 [ 5 338:338]

Vehicle: 301  Cost: 94.81
Route: 3 4 23 28 89 75 44 99 5 118 -3 
  3 [ 9  76: 91]
  4 [ 8  95:100]
 23 [ 7 130:135]
 28 [ 5 420:425]
 89 [ 6 425:430]
 75 [10 438:443]
 44 [ 7 447:452]
 99 [ 9 452:457]
  5 [ 7 472:477]
118 [ 8 481:486]
 -3 [ 8 509:509]

Vehicle: 302  Cost: 141.32
Route: 3 29 37 64 110 124 24 82 115 -3 
  3 [ 9  76: 91]
 29 [ 8 133:138]
 37 [ 4 300:305]
 64 [ 3 315:320]
110 [ 7 320:325]
124 [ 9 335:340]
 24 [ 6 420:425]
 82 [ 7 439:444]
115 [10 449:454]
 -3 [10 492:492]

Vehicle: 303  Cost: 125.09
Route: 3 43 17 68 51 104 93 121 -3 
  3 [10  76: 91]
 43 [ 9 133:138]
 17 [ 6 180:185]
 68 [ 4 189:194]
 51 [ 0 206:211]
104 [ 3 211:216]
 93 [ 4 230:235]
121 [ 8 241:246]
 -3 [ 8 285:285]

Vehicle: 304  Cost: 134.86
Route: 3 49 103 9 73 84 98 116 -3 
  3 [10  76: 91]
 49 [ 8 135:140]
103 [10 140:145]
  9 [ 6 300:305]
 73 [ 2 322:327]
 84 [ 4 420:425]
 98 [ 6 451:456]
116 [10 467:472]
 -3 [10 489:489]

Vehicle: 305  Cost: 27.75
Route: 3 22 85 54 -3 
  3 [ 8  76: 91]
 22 [ 4 103:108]
 85 [ 8 108:113]
 54 [ 4 300:305]
 -3 [ 4 310:310]

Vehicle: 306  Cost: 135.24
Route: 3 6 76 56 27 58 12 117 67 112 -3 
  3 [10  76:261]
  6 [ 6 300:305]
 76 [ 8 305:310]
 56 [ 7 316:321]
 27 [ 6 324:329]
 58 [ 4 340:345]
 12 [ 3 366:371]
117 [ 5 420:425]
 67 [ 4 464:469]
112 [ 7 469:474]
 -3 [ 7 484:484]

Vehicle: 307  Cost: 97.94
Route: 3 70 35 15 83 19 -3 
  3 [10  76: 91]
 70 [ 8 129:134]
 35 [ 4 142:147]
 15 [ 3 300:305]
 83 [ 5 318:323]
 19 [ 2 323:328]
 -3 [ 2 363:363]

Vehicle: 309  Cost: 150.56
Route: 3 31 109 21 18 59 108 10 -3 
  3 [ 9  76: 91]
 31 [ 6 130:135]
109 [ 9 180:185]
 21 [ 8 207:212]
 18 [ 7 300:305]
 59 [ 5 311:316]
108 [ 7 316:321]
 10 [ 5 339:344]
 -3 [ 5 378:378]

Vehicle: 310  Cost: 65.85
Route: 3 33 65 111 26 113 -3 
  3 [ 9  76: 91]
 33 [ 8 109:114]
 65 [ 4 116:121]
111 [ 5 130:135]
 26 [ 1 300:305]
113 [ 2 307:312]
 -3 [ 2 339:339]

Vehicle: 311  Cost: 124.19
Route: 3 86 69 119 39 77 8 102 106 -3 
  3 [ 7  76: 91]
 86 [ 9 108:113]
 69 [ 6 133:138]
119 [ 8 138:143]
 39 [ 7 149:154]
 77 [ 9 171:176]
  8 [ 6 176:181]
102 [ 8 198:203]
106 [10 219:224]
 -3 [10 255:255]

Total Cost: 2165.65
 11:121.67, 75:75 [1, 2, 3, -3, -2, -1]
 12:54.92, 45:75 [1, 2, -2, -1]
 13:120.00, 56:75 [1, 3, -3, -1]
201:33.37, 9:10 [2, 41, 94, 36, 34, 60, 55, -2]
202:85.69, 10:10 [2, 92, 114, 16, 30, 90, -2]
203:12.65, 4:10 [2, 87, -2]
205:113.26, 10:10 [2, 47, 71, 57, 20, 91, 107, 61, -2]
206:86.42, 10:10 [2, 7, 66, 122, 97, 40, -2]
207:90.50, 10:10 [2, 62, 96, 52, 14, 81, 48, 101, -2]
208:140.40, 10:10 [2, 32, 46, 50, 88, 120, -2]
209:55.32, 10:10 [2, 42, 95, 74, 13, 11, 78, -2]
210:74.68, 7:10 [2, 25, 45, 100, 79, 72, 123, -2]
211:79.16, 10:10 [2, 80, 53, 105, 38, 63, -2]
301:94.81, 10:10 [3, 4, 23, 28, 89, 75, 44, 99, 5, 118, -3]
302:141.32, 10:10 [3, 29, 37, 64, 110, 124, 24, 82, 115, -3]
303:125.09, 10:10 [3, 43, 17, 68, 51, 104, 93, 121, -3]
304:134.86, 10:10 [3, 49, 103, 9, 73, 84, 98, 116, -3]
305:27.75, 8:10 [3, 22, 85, 54, -3]
306:135.24, 10:10 [3, 6, 76, 56, 27, 58, 12, 117, 67, 112, -3]
307:97.94, 10:10 [3, 70, 35, 15, 83, 19, -3]
309:150.56, 9:10 [3, 31, 109, 21, 18, 59, 108, 10, -3]
310:65.85, 9:10 [3, 33, 65, 111, 26, 113, -3]
311:124.19, 10:10 [3, 86, 69, 119, 39, 77, 8, 102, 106, -3]
fe: 3, se: 20

!ALNS------------
100000,2165.6488777361674,604.096,494.1,3,20,0.7822222222222223,0.93,40.333333333333336,6.05
21 24 15 16 0 0 11 10 
20.25803616375786 45.96463744075277 23.472353667904066 24.871381490955955 97.73832991155889 40.78423840327347 26.054093561347074 23.76026057607656 
10 13 5 15 6 16 23 9 
28.40068672360857 27.093403141874518 29.91347710130926 33.64187299389666 30.214522218074165 23.409351944055786 23.8504262622796 35.545931394629825 

x[18970] = 1.0
Vehicle: 12  Cost: 54.92
Route: 1 2 -2 -1 
 1 [ 47   0:  0 [60, 36, 30, 55, 14, 48, 53, 7, 66, 34, 62, 46, 50, 13, 41, 52, 32, 38, 20, 25, 72]]
 2 [  0  27: 27 []]
-2 [ 45  27:365 [101, 122, 87, 90, 81, 97, 78, 96, 95, 92, 114, 80, 74, 94, 105]]
-1 [ 45 392:392 [101, 122, 87, 90, 81, 97, 78, 96, 95, 92, 114, 80, 74, 94, 105]]

x[54082] = 1.0
Vehicle: 13  Cost: 120.00
Route: 1 3 -3 -1 
 1 [ 43   0:  0 [44, 5, 28, 4, 49, 23, 24, 29, 65, 31, 21, 33, 12, 27, 6, 43, 67, 22, 39, 69, 8]]
 3 [  0  60: 60 []]
-3 [ 24  60:354 [104, 113, 119, 111, 106, 93, 77, 85, 121, 86, 102]]
-1 [ 24 414:414 [104, 113, 119, 111, 106, 93, 77, 85, 121, 86, 102]]

x[56364] = 1.0
Vehicle: 11  Cost: 121.67
Route: 1 2 3 -3 -2 -1 
 1 [ 75   0:  0 [11, 15, 73, 68, 51, 17, 42, 19, 70, 40, 63, 64, 16, 26, 59, 18, 10, 71, 57, 58, 56, 61, 35, 9, 37, 47, 72, 25, 45, 54]]
 2 [ 48  27: 42 [15, 73, 68, 51, 17, 19, 70, 64, 26, 59, 18, 10, 58, 56, 35, 9, 37, 54]]
 3 [  0  76: 76 []]
-3 [ 42  76:524 [83, 98, 108, 103, 109, 75, 76, 84, 89, 115, 82, 116, 110, 112, 118, 117, 99, 124]]
-2 [ 57 557:572 [100, 79, 123, 83, 98, 108, 103, 109, 75, 76, 84, 89, 115, 82, 116, 107, 110, 112, 120, 118, 117, 91, 99, 124, 88]]
-1 [ 57 599:599 [100, 79, 123, 83, 98, 108, 103, 109, 75, 76, 84, 89, 115, 82, 116, 107, 110, 112, 120, 118, 117, 91, 99, 124, 88]]

y[67] = 1.0
Vehicle: 210  Cost: 74.68
Route: 2 25 45 100 79 123 72 -2 
  2 [ 7  27:400]
 25 [ 5 420:425]
 45 [ 1 457:462]
100 [ 2 462:467]
 79 [ 3 475:480]
123 [ 5 486:491]
 72 [ 4 491:496]
 -2 [ 4 505:505]

y[219] = 1.0
Vehicle: 206  Cost: 29.00
Route: 2 41 94 36 55 60 -2 
  2 [ 7  27:168]
 41 [ 6 180:185]
 94 [ 8 185:190]
 36 [ 7 194:199]
 55 [ 5 300:305]
 60 [ 2 306:311]
 -2 [ 2 324:324]

y[942] = 1.0
Vehicle: 207  Cost: 90.50
Route: 2 62 96 52 14 81 48 101 -2 
  2 [10 108:123]
 62 [ 7 151:156]
 96 [10 162:167]
 52 [ 6 177:182]
 14 [ 4 189:194]
 81 [ 8 194:199]
 48 [ 7 300:305]
101 [10 316:321]
 -2 [10 341:341]

y[2124] = 1.0
Vehicle: 303  Cost: 137.89
Route: 3 17 68 104 51 93 121 23 111 118 -3 
  3 [10  76:129]
 17 [ 7 180:185]
 68 [ 5 189:194]
104 [ 8 206:211]
 51 [ 4 211:216]
 93 [ 5 230:235]
121 [ 9 241:246]
 23 [ 8 260:265]
111 [ 9 275:280]
118 [10 300:305]
 -3 [10 327:327]

y[2499] = 1.0
Vehicle: 307  Cost: 10.00
Route: 3 54 -3 
  3 [ 4 542:557]
 54 [ 0 562:567]
 -3 [ 0 572:572]

y[2782] = 1.0
Vehicle: 301  Cost: 145.64
Route: 3 8 77 21 109 102 31 106 -3 
  3 [ 7  60: 75]
  8 [ 4 113:118]
 77 [ 6 118:123]
 21 [ 5 149:154]
109 [ 8 180:185]
102 [10 197:202]
 31 [ 7 209:214]
106 [ 9 224:229]
 -3 [ 9 260:260]

y[3448] = 1.0
Vehicle: 309  Cost: 97.84
Route: 3 18 108 59 -3 
  3 [ 3  76:251]
 18 [ 2 300:305]
108 [ 4 311:316]
 59 [ 2 316:321]
 -3 [ 2 364:364]

y[4089] = 1.0
Vehicle: 304  Cost: 134.86
Route: 3 49 103 9 73 84 98 116 -3 
  3 [10  81: 96]
 49 [ 8 140:145]
103 [10 145:150]
  9 [ 6 300:305]
 73 [ 2 322:327]
 84 [ 4 420:425]
 98 [ 6 451:456]
116 [10 467:472]
 -3 [10 489:489]

y[4380] = 1.0
Vehicle: 206  Cost: 85.69
Route: 2 92 114 16 30 90 -2 
  2 [ 5  27:155]
 92 [ 9 180:185]
114 [10 204:209]
 16 [ 6 300:305]
 30 [ 5 318:323]
 90 [ 8 323:328]
 -2 [ 8 350:350]

y[4528] = 1.0
Vehicle: 308  Cost: 81.91
Route: 3 86 39 69 119 26 113 -3 
  3 [ 8  76: 91]
 86 [10 108:113]
 39 [ 9 131:136]
 69 [ 6 143:148]
119 [ 8 148:153]
 26 [ 4 300:305]
113 [ 5 307:312]
 -3 [ 5 339:339]

y[7268] = 1.0
Vehicle: 306  Cost: 135.24
Route: 3 6 76 56 27 58 12 117 67 112 -3 
  3 [10  60:261]
  6 [ 6 300:305]
 76 [ 8 305:310]
 56 [ 7 316:321]
 27 [ 6 324:329]
 58 [ 4 340:345]
 12 [ 3 366:371]
117 [ 5 420:425]
 67 [ 4 464:469]
112 [ 7 469:474]
 -3 [ 7 484:484]

y[8707] = 1.0
Vehicle: 209  Cost: 140.40
Route: 2 32 46 50 88 120 -2 
  2 [10  27: 42]
 32 [ 7  96:101]
 46 [ 3 180:185]
 50 [ 0 420:425]
 88 [ 2 440:445]
120 [ 4 462:467]
 -2 [ 4 503:503]

y[10006] = 1.0
Vehicle: 302  Cost: 176.03
Route: 3 43 29 37 64 110 124 24 82 115 -3 
  3 [10  76: 91]
 43 [ 9 133:138]
 29 [ 8 172:177]
 37 [ 4 300:305]
 64 [ 3 315:320]
110 [ 7 320:325]
124 [ 9 335:340]
 24 [ 6 420:425]
 82 [ 7 439:444]
115 [10 449:454]
 -3 [10 492:492]

y[10493] = 1.0
Vehicle: 308  Cost: 37.40
Route: 3 4 22 85 65 -3 
  3 [ 9  76: 91]
  4 [ 8  95:100]
 22 [ 4 108:113]
 85 [ 8 113:118]
 65 [ 4 125:130]
 -3 [ 4 148:148]

y[10876] = 1.0
Vehicle: 305  Cost: 87.73
Route: 3 33 10 44 99 75 28 89 5 -3 
  3 [10  76: 91]
 33 [ 9 109:114]
 10 [ 7 300:305]
 44 [ 4 420:425]
 99 [ 6 425:430]
 75 [10 434:439]
 28 [ 8 447:452]
 89 [ 9 452:457]
  5 [ 7 463:468]
 -3 [ 7 494:494]

y[11690] = 1.0
Vehicle: 307  Cost: 97.94
Route: 3 70 35 15 83 19 -3 
  3 [10  81: 96]
 70 [ 8 134:139]
 35 [ 4 147:152]
 15 [ 3 300:305]
 83 [ 5 318:323]
 19 [ 2 323:328]
 -3 [ 2 363:363]

y[12885] = 1.0
Vehicle: 201  Cost: 107.11
Route: 2 40 57 20 91 107 61 -2 
  2 [10  27:269]
 40 [ 7 300:305]
 57 [ 5 324:329]
 20 [ 3 420:425]
 91 [ 6 445:450]
107 [10 458:463]
 61 [ 7 472:477]
 -2 [ 7 493:493]

y[13024] = 1.0
Vehicle: 218  Cost: 55.32
Route: 2 42 95 74 13 11 78 -2 
  2 [ 6  27: 42]
 42 [ 3  60: 65]
 95 [ 6  65: 70]
 74 [10  76: 81]
 13 [ 8  86: 91]
 11 [ 7 300:305]
 78 [10 305:310]
 -2 [10 322:322]

y[13205] = 1.0
Vehicle: 204  Cost: 79.16
Route: 2 80 53 105 38 63 -2 
  2 [ 6  27:152]
 80 [10 180:185]
 53 [ 9 197:202]
105 [10 202:207]
 38 [ 7 300:305]
 63 [ 5 309:314]
 -2 [ 5 338:338]

y[15192] = 1.0
Vehicle: 204  Cost: 108.79
Route: 2 47 66 71 122 97 7 34 87 -2 
  2 [10  27: 42]
 47 [ 9  63: 68]
 66 [ 5  79: 84]
 71 [ 4 100:105]
122 [ 8 118:123]
 97 [10 128:133]
  7 [ 7 148:153]
 34 [ 6 180:185]
 87 [10 201:206]
 -2 [10 212:212]

FE: 3
SE: 20
!MIP-----
2209.7177583295397,5404.066434144974,0.04781293859886907,3,20,57129,17262

