--Parameters Information--
speed=1
run=5
iteration= 100000
batch=100
restartPeriod=10000
largeRemovalOccurrence=500
initialLNS=250
lowerBoundSmallRemoval=4
smallRemoval=0.2
lowerBoundLargeRemoval=0.55
largeRemoval=0.8
initialWeight=1.0
decayRate=0.1
gamma1=9.0
gamma2=5.0
gamma3=2.0
gamma4=0.0
coolingRate=0.9995
temperatureControlParameter=0.05
initialAcceptanceProbability=0.5
perturbation=0.5
perturbationFactor=0.01
split=20000

Setup: Split
Data: A_50_4_TD

Run: 1
Total Cost: 1560.33
Vehicle: 11  Cost: 106.30
Route: 1 3 -3 -1 
 1 [ 75   0:  0 [30, 36, 39, 29, 18, 40, 23, 24, 20, 22, 11, 37, 31, 21, 15, 35, 7, 34, 25, 6, 28, 16, 38, 32, 26, 8, 9, 27]]
 3 [  0  53: 53 []]
-3 [ 54  53:591 [65, 64, 48, 42, 62, 66, 57, 45, 58, 61, 47, 55, 41, 51, 43, 53, 50, 54]]
-1 [ 54 645:645 [65, 64, 48, 42, 62, 66, 57, 45, 58, 61, 47, 55, 41, 51, 43, 53, 50, 54]]

Vehicle: 12  Cost: 106.30
Route: 1 3 -3 -1 
 1 [ 25   0:  0 [12, 13, 4, 19, 10, 17, 33, 5, 14]]
 3 [  0  53: 53 []]
-3 [ 20  53:349 [63, 46, 52, 49, 60, 59, 56, 44]]
-1 [ 20 402:402 [63, 46, 52, 49, 60, 59, 56, 44]]

Vehicle: 301  Cost: 147.42
Route: 3 55 37 18 36 64 43 -3 
  3 [ 8  53:399]
 55 [ 9 420:425]
 37 [ 5 456:461]
 18 [ 2 485:490]
 36 [ 1 499:504]
 64 [ 5 504:509]
 43 [ 8 535:540]
 -3 [ 8 576:576]

Vehicle: 302  Cost: 128.67
Route: 3 5 35 63 49 4 -3 
  3 [ 9  53: 68]
  5 [ 5 116:121]
 35 [ 3 142:147]
 63 [ 6 147:152]
 49 [10 158:163]
  4 [ 7 300:305]
 -3 [ 7 331:331]

Vehicle: 303  Cost: 117.61
Route: 3 30 23 39 47 42 27 28 53 -3 
  3 [10  53: 68]
 30 [ 9  70: 75]
 23 [ 8  99:104]
 39 [ 5 127:132]
 47 [ 7 180:185]
 42 [10 420:425]
 27 [ 8 430:435]
 28 [ 5 447:452]
 53 [ 7 476:481]
 -3 [ 7 496:496]

Vehicle: 304  Cost: 151.91
Route: 3 8 46 11 52 60 14 -3 
  3 [ 7  53: 68]
  8 [ 5 122:127]
 46 [ 7 127:132]
 11 [ 3 180:185]
 52 [ 7 195:200]
 60 [10 218:223]
 14 [ 9 245:250]
 -3 [ 9 279:279]

Vehicle: 306  Cost: 143.66
Route: 3 32 61 20 25 -3 
  3 [10  53:253]
 32 [ 7 300:305]
 61 [ 9 305:310]
 20 [ 5 330:335]
 25 [ 2 341:346]
 -3 [ 2 416:416]

Vehicle: 307  Cost: 161.74
Route: 3 12 9 58 29 45 26 57 -3 
  3 [10  53:261]
 12 [ 7 300:305]
  9 [ 4 328:333]
 58 [ 6 344:349]
 29 [ 3 349:354]
 45 [ 7 420:425]
 26 [ 6 449:454]
 57 [10 454:459]
 -3 [10 494:494]

Vehicle: 308  Cost: 115.75
Route: 3 56 24 7 59 22 44 -3 
  3 [ 9  53: 68]
 56 [10 103:108]
 24 [ 6 108:113]
  7 [ 2 132:137]
 59 [ 3 150:155]
 22 [ 2 300:305]
 44 [ 4 314:319]
 -3 [ 4 334:334]

Vehicle: 309  Cost: 144.13
Route: 3 17 41 31 38 66 -3 
  3 [10  53:387]
 17 [ 7 420:425]
 41 [10 459:464]
 31 [ 6 468:473]
 38 [ 3 494:499]
 66 [ 7 499:504]
 -3 [ 7 556:556]

Vehicle: 310  Cost: 65.62
Route: 3 6 13 34 62 -3 
  3 [ 7  53: 68]
  6 [ 4  99:104]
 13 [ 1 113:118]
 34 [ 0 420:425]
 62 [ 4 425:430]
 -3 [ 4 447:447]

Vehicle: 311  Cost: 70.99
Route: 3 10 48 19 54 21 50 15 -3 
  3 [10  53:283]
 10 [ 8 300:305]
 48 [ 9 305:310]
 19 [ 6 314:319]
 54 [10 319:324]
 21 [ 6 338:343]
 50 [10 345:350]
 15 [ 9 350:355]
 -3 [ 9 389:389]

Vehicle: 312  Cost: 100.22
Route: 3 40 16 51 65 33 -3 
  3 [10  53:280]
 40 [ 6 300:305]
 16 [ 3 324:329]
 51 [ 6 329:334]
 65 [10 361:366]
 33 [ 7 420:425]
 -3 [ 7 455:455]

Total Cost: 1560.33
 11:106.30, 75:75 [1, 3, -3, -1]
 12:106.30, 25:75 [1, 3, -3, -1]
301:147.42, 9:10 [3, 55, 37, 18, 36, 64, 43, -3]
302:128.67, 10:10 [3, 5, 35, 63, 49, 4, -3]
303:117.61, 10:10 [3, 30, 23, 39, 47, 42, 27, 28, 53, -3]
304:151.91, 10:10 [3, 8, 46, 11, 52, 60, 14, -3]
306:143.66, 10:10 [3, 32, 61, 20, 25, -3]
307:161.74, 10:10 [3, 12, 9, 58, 29, 45, 26, 57, -3]
308:115.75, 10:10 [3, 56, 24, 7, 59, 22, 44, -3]
309:144.13, 10:10 [3, 17, 41, 31, 38, 66, -3]
310:65.62, 7:10 [3, 6, 13, 34, 62, -3]
311:70.99, 10:10 [3, 10, 48, 19, 54, 21, 50, 15, -3]
312:100.22, 10:10 [3, 40, 16, 51, 65, 33, -3]
fe: 2, se: 11

!ALNS------------
100000,1560.3317355717513,194.589,140.17,2,11,0.6666666666666666,0.9636363636363636,31.5,5.7272727272727275
4 11 4 6 0 0 8 0 
23.300259552889 42.87394944137198 23.749794241509854 26.19403690612978 114.49140230415479 126.99185227613714 23.611021173314363 33.43170799933045 
3 7 2 4 4 5 7 1 
34.821619502045614 28.870664798199346 27.93240723195003 31.095849065563392 29.84482371948068 28.256474659461905 24.574269212717397 32.32772543326923 

x[16725] = 0.9999999999999994
Vehicle: 11  Cost: 106.30
Route: 1 3 -3 -1 
 1 [ 74   0:  0 [38, 9, 28, 21, 8, 20, 10, 25, 16, 13, 29, 17, 18, 32, 36, 15, 26, 19, 37, 4, 27, 12, 31, 33, 34, 39, 6]]
 3 [  0  53: 53 []]
-3 [ 58  53:544 [62, 45, 46, 51, 64, 55, 43, 58, 53, 54, 66, 44, 48, 41, 50, 61, 65, 42, 57, 47]]
-1 [ 58 597:597 [62, 45, 46, 51, 64, 55, 43, 58, 53, 54, 66, 44, 48, 41, 50, 61, 65, 42, 57, 47]]

x[32087] = 1.0
Vehicle: 12  Cost: 148.68
Route: 1 3 2 -2 -3 -1 
 1 [ 26   0:  0 [23, 5, 7, 11, 35, 22, 24, 40, 14, 30]]
 3 [ 13  53: 68 [7, 22, 24, 40]]
 2 [  0  89: 89 []]
-2 [  2  89:323 [56, 59]]
-3 [ 16 344:359 [63, 52, 60, 49, 56, 59]]
-1 [ 16 413:413 [63, 52, 60, 49, 56, 59]]

y[1291] = 1.0
Vehicle: 301  Cost: 177.62
Route: 3 20 25 27 42 45 53 -3 
  3 [ 9  53:233]
 20 [ 5 300:305]
 25 [ 2 311:316]
 27 [ 0 358:363]
 42 [ 3 420:425]
 45 [ 7 427:432]
 53 [ 9 473:478]
 -3 [ 9 493:493]

y[2873] = 1.0
Vehicle: 301  Cost: 94.53
Route: 3 17 28 26 57 19 54 -3 
  3 [10  53:387]
 17 [ 7 420:425]
 28 [ 4 432:437]
 26 [ 3 453:458]
 57 [ 7 458:463]
 19 [ 4 480:485]
 54 [ 8 485:490]
 -3 [ 8 511:511]

y[3017] = 1.0
Vehicle: 203  Cost: 4.47
Route: 2 40 -2 
  2 [ 4 307:322]
 40 [ 0 324:329]
 -2 [ 0 331:331]

y[3102] = 1.0
Vehicle: 312  Cost: 135.23
Route: 3 8 46 31 41 38 66 -3 
  3 [ 9  53: 68]
  8 [ 7 122:127]
 46 [ 9 127:132]
 31 [ 5 300:305]
 41 [ 8 309:314]
 38 [ 5 334:339]
 66 [ 9 339:344]
 -3 [ 9 395:395]

y[3571] = 1.0
Vehicle: 310  Cost: 102.29
Route: 3 13 6 51 16 34 62 44 -3 
  3 [10  53: 68]
 13 [ 7  93: 98]
  6 [ 4 106:111]
 51 [ 7 300:305]
 16 [ 4 305:310]
 34 [ 3 420:425]
 62 [ 7 425:430]
 44 [ 9 435:440]
 -3 [ 9 455:455]

y[6038] = 1.0
Vehicle: 206  Cost: 80.55
Route: 2 59 7 56 24 22 -2 
  2 [ 9  89:104]
 59 [10 132:137]
  7 [ 6 149:154]
 56 [ 7 173:178]
 24 [ 3 178:183]
 22 [ 2 300:305]
 -2 [ 2 308:308]

y[6433] = 1.0
Vehicle: 302  Cost: 128.67
Route: 3 5 63 35 49 4 -3 
  3 [ 9 129:144]
  5 [ 5 192:197]
 63 [ 8 218:223]
 35 [ 6 223:228]
 49 [10 234:239]
  4 [ 7 300:305]
 -3 [ 7 331:331]

y[8683] = 1.0
Vehicle: 304  Cost: 172.54
Route: 3 30 23 39 47 11 52 60 14 -3 
  3 [10  53: 68]
 30 [ 9  70: 75]
 23 [ 8  99:104]
 39 [ 5 127:132]
 47 [ 7 180:185]
 11 [ 3 221:226]
 52 [ 7 236:241]
 60 [10 259:264]
 14 [ 9 286:291]
 -3 [ 9 320:320]

y[8773] = 1.0
Vehicle: 302  Cost: 111.07
Route: 3 12 61 32 37 55 -3 
  3 [10  53:261]
 12 [ 7 300:305]
 61 [ 9 319:324]
 32 [ 6 324:329]
 37 [ 2 420:425]
 55 [ 3 456:461]
 -3 [ 3 482:482]

y[9646] = 1.0
Vehicle: 310  Cost: 197.09
Route: 3 29 58 9 18 64 36 43 -3 
  3 [10  53:235]
 29 [ 7 300:305]
 58 [ 9 305:310]
  9 [ 6 321:326]
 18 [ 3 376:381]
 64 [ 7 390:395]
 36 [ 6 395:400]
 43 [ 9 425:430]
 -3 [ 9 467:467]

y[9855] = 1.0
Vehicle: 304  Cost: 81.52
Route: 3 10 48 21 15 50 33 65 -3 
  3 [10 110:283]
 10 [ 8 300:305]
 48 [ 9 305:310]
 21 [ 5 328:333]
 15 [ 4 335:340]
 50 [ 8 340:345]
 33 [ 5 420:425]
 65 [ 9 430:435]
 -3 [ 9 467:467]

FE: 2
SE: 11
!MIP-----
1540.5593111663093,5265.7398250103,9.737482698357348E-5,2,11,51699,9861

Run: 2
Total Cost: 1560.33
Vehicle: 12  Cost: 106.30
Route: 1 3 -3 -1 
 1 [ 75   0:  0 [23, 30, 27, 21, 19, 13, 16, 37, 18, 32, 39, 20, 33, 38, 40, 12, 36, 34, 10, 31, 6, 9, 25, 29, 26, 28, 15, 17]]
 3 [  0  53: 53 []]
-3 [ 54  53:591 [61, 51, 62, 41, 42, 64, 57, 53, 55, 54, 48, 58, 45, 66, 50, 47, 43, 65]]
-1 [ 54 645:645 [61, 51, 62, 41, 42, 64, 57, 53, 55, 54, 48, 58, 45, 66, 50, 47, 43, 65]]

Vehicle: 14  Cost: 106.30
Route: 1 3 -3 -1 
 1 [ 25   0:  0 [24, 14, 11, 22, 7, 8, 4, 5, 35]]
 3 [  0  53: 53 []]
-3 [ 20  53:349 [49, 52, 63, 44, 46, 56, 60, 59]]
-1 [ 20 402:402 [49, 52, 63, 44, 46, 56, 60, 59]]

Vehicle: 301  Cost: 128.67
Route: 3 5 35 63 49 4 -3 
  3 [ 9  53: 68]
  5 [ 5 116:121]
 35 [ 3 142:147]
 63 [ 6 147:152]
 49 [10 158:163]
  4 [ 7 300:305]
 -3 [ 7 331:331]

Vehicle: 302  Cost: 144.13
Route: 3 17 41 31 66 38 -3 
  3 [10  53:387]
 17 [ 7 420:425]
 41 [10 459:464]
 31 [ 6 468:473]
 66 [10 494:499]
 38 [ 7 499:504]
 -3 [ 7 556:556]

Vehicle: 303  Cost: 65.62
Route: 3 6 13 34 62 -3 
  3 [ 7  53: 68]
  6 [ 4  99:104]
 13 [ 1 113:118]
 34 [ 0 420:425]
 62 [ 4 425:430]
 -3 [ 4 447:447]

Vehicle: 304  Cost: 100.22
Route: 3 40 16 51 65 33 -3 
  3 [10  53:280]
 40 [ 6 300:305]
 16 [ 3 324:329]
 51 [ 6 329:334]
 65 [10 361:366]
 33 [ 7 420:425]
 -3 [ 7 455:455]

Vehicle: 306  Cost: 151.91
Route: 3 46 8 11 52 60 14 -3 
  3 [ 7  53: 68]
 46 [ 9 122:127]
  8 [ 7 127:132]
 11 [ 3 180:185]
 52 [ 7 195:200]
 60 [10 218:223]
 14 [ 9 245:250]
 -3 [ 9 279:279]

Vehicle: 307  Cost: 143.66
Route: 3 25 20 32 61 -3 
  3 [10  53:230]
 25 [ 7 300:305]
 20 [ 3 311:316]
 32 [ 0 336:341]
 61 [ 2 341:346]
 -3 [ 2 393:393]

Vehicle: 308  Cost: 147.42
Route: 3 55 37 18 36 64 43 -3 
  3 [ 8  53:399]
 55 [ 9 420:425]
 37 [ 5 456:461]
 18 [ 2 485:490]
 36 [ 1 499:504]
 64 [ 5 504:509]
 43 [ 8 535:540]
 -3 [ 8 576:576]

Vehicle: 309  Cost: 115.75
Route: 3 56 24 7 59 22 44 -3 
  3 [ 9  53: 68]
 56 [10 103:108]
 24 [ 6 108:113]
  7 [ 2 132:137]
 59 [ 3 150:155]
 22 [ 2 300:305]
 44 [ 4 314:319]
 -3 [ 4 334:334]

Vehicle: 310  Cost: 70.99
Route: 3 10 48 19 54 21 15 50 -3 
  3 [10  53:283]
 10 [ 8 300:305]
 48 [ 9 305:310]
 19 [ 6 314:319]
 54 [10 319:324]
 21 [ 6 338:343]
 15 [ 5 345:350]
 50 [ 9 350:355]
 -3 [ 9 389:389]

Vehicle: 311  Cost: 117.61
Route: 3 30 23 39 47 42 27 28 53 -3 
  3 [10  53: 68]
 30 [ 9  70: 75]
 23 [ 8  99:104]
 39 [ 5 127:132]
 47 [ 7 180:185]
 42 [10 420:425]
 27 [ 8 430:435]
 28 [ 5 447:452]
 53 [ 7 476:481]
 -3 [ 7 496:496]

Vehicle: 312  Cost: 161.74
Route: 3 12 9 29 58 45 26 57 -3 
  3 [10  53:261]
 12 [ 7 300:305]
  9 [ 4 328:333]
 29 [ 1 344:349]
 58 [ 3 349:354]
 45 [ 7 420:425]
 26 [ 6 449:454]
 57 [10 454:459]
 -3 [10 494:494]

Total Cost: 1560.33
 12:106.30, 75:75 [1, 3, -3, -1]
 14:106.30, 25:75 [1, 3, -3, -1]
301:128.67, 10:10 [3, 5, 35, 63, 49, 4, -3]
302:144.13, 10:10 [3, 17, 41, 31, 66, 38, -3]
303:65.62, 7:10 [3, 6, 13, 34, 62, -3]
304:100.22, 10:10 [3, 40, 16, 51, 65, 33, -3]
306:151.91, 10:10 [3, 46, 8, 11, 52, 60, 14, -3]
307:143.66, 10:10 [3, 25, 20, 32, 61, -3]
308:147.42, 9:10 [3, 55, 37, 18, 36, 64, 43, -3]
309:115.75, 10:10 [3, 56, 24, 7, 59, 22, 44, -3]
310:70.99, 10:10 [3, 10, 48, 19, 54, 21, 15, 50, -3]
311:117.61, 10:10 [3, 30, 23, 39, 47, 42, 27, 28, 53, -3]
312:161.74, 10:10 [3, 12, 9, 29, 58, 45, 26, 57, -3]
fe: 2, se: 11

!ALNS------------
100000,1560.3317355717513,178.439,28.347,2,11,0.6666666666666666,0.9636363636363636,31.5,5.7272727272727275
3 5 2 4 1 0 3 0 
23.19682701807141 45.00337313559024 34.76290509037155 30.573437140275246 54.06239014498169 51.768092342180594 28.60199488359245 31.750426571206877 
3 3 3 0 1 3 5 0 
26.226096699972526 27.912819885365984 37.76683214376528 34.64523712459506 34.31612349136561 34.89773719514733 31.491511842689697 36.68864300809554 

x[3098] = 1.0
Vehicle: 12  Cost: 148.68
Route: 1 3 2 -2 -3 -1 
 1 [ 75   0:  0 [31, 24, 40, 38, 11, 8, 22, 36, 15, 33, 16, 19, 20, 14, 29, 9, 10, 18, 25, 37, 30, 27, 34, 21, 6, 35, 4, 13]]
 3 [ 33  53: 68 [24, 40, 22, 15, 33, 16, 19, 14, 10, 34, 21, 6, 13]]
 2 [  0  89: 89 []]
-2 [ 22  89:471 [54, 51, 65, 50, 48, 62, 44]]
-3 [ 56 492:571 [61, 41, 64, 66, 43, 58, 54, 51, 65, 45, 50, 53, 47, 42, 48, 62, 57, 55, 44]]
-1 [ 56 624:624 [61, 41, 64, 66, 43, 58, 54, 51, 65, 45, 50, 53, 47, 42, 48, 62, 57, 55, 44]]

x[37264] = 1.0
Vehicle: 14  Cost: 148.68
Route: 1 3 2 -2 -3 -1 
 1 [ 25   0:  0 [32, 12, 26, 17, 23, 28, 39, 7, 5]]
 3 [  4  53: 68 [7]]
 2 [  0  89: 89 []]
-2 [  2  89:323 [59, 56]]
-3 [ 18 344:359 [49, 63, 46, 59, 52, 60, 56]]
-1 [ 18 413:413 [49, 63, 46, 59, 52, 60, 56]]

y[205] = 1.0
Vehicle: 204  Cost: 65.43
Route: 2 13 6 16 51 -2 
  2 [ 9  89:104]
 13 [ 6 118:123]
  6 [ 3 131:136]
 16 [ 0 300:305]
 51 [ 3 305:310]
 -2 [ 3 328:328]

y[916] = 1.0
Vehicle: 305  Cost: 117.61
Route: 3 30 23 39 47 42 27 28 53 -3 
  3 [10  53: 68]
 30 [ 9  70: 75]
 23 [ 8  99:104]
 39 [ 5 127:132]
 47 [ 7 180:185]
 42 [10 420:425]
 27 [ 8 430:435]
 28 [ 5 447:452]
 53 [ 7 476:481]
 -3 [ 7 496:496]

y[2981] = 1.0
Vehicle: 308  Cost: 144.86
Route: 3 46 8 52 11 60 -3 
  3 [ 6  53: 68]
 46 [ 8 122:127]
  8 [ 6 127:132]
 52 [10 142:147]
 11 [ 6 180:185]
 60 [ 9 205:210]
 -3 [ 9 261:261]

y[3375] = 1.0
Vehicle: 312  Cost: 161.74
Route: 3 12 9 58 29 45 26 57 -3 
  3 [10  53:261]
 12 [ 7 300:305]
  9 [ 4 328:333]
 58 [ 6 344:349]
 29 [ 3 349:354]
 45 [ 7 420:425]
 26 [ 6 449:454]
 57 [10 454:459]
 -3 [10 494:494]

y[4250] = 1.0
Vehicle: 304  Cost: 144.13
Route: 3 17 41 31 38 66 -3 
  3 [10  53:387]
 17 [ 7 420:425]
 41 [10 459:464]
 31 [ 6 468:473]
 38 [ 3 494:499]
 66 [ 7 499:504]
 -3 [ 7 556:556]

y[4298] = 1.0
Vehicle: 307  Cost: 128.67
Route: 3 5 35 63 49 4 -3 
  3 [ 9  53: 68]
  5 [ 5 116:121]
 35 [ 3 142:147]
 63 [ 6 147:152]
 49 [10 158:163]
  4 [ 7 300:305]
 -3 [ 7 331:331]

y[4810] = 1.0
Vehicle: 201  Cost: 65.60
Route: 2 14 21 15 50 33 65 -2 
  2 [ 9  89:155]
 14 [ 8 180:185]
 21 [ 4 300:305]
 15 [ 3 307:312]
 50 [ 7 312:317]
 33 [ 4 420:425]
 65 [ 8 430:435]
 -2 [ 8 456:456]

y[5033] = 1.0
Vehicle: 201  Cost: 80.55
Route: 2 59 7 24 56 22 -2 
  2 [ 9  89:104]
 59 [10 132:137]
  7 [ 6 149:154]
 24 [ 2 173:178]
 56 [ 3 178:183]
 22 [ 2 300:305]
 -2 [ 2 308:308]

y[6559] = 1.0
Vehicle: 309  Cost: 151.28
Route: 3 25 20 32 61 55 -3 
  3 [10  53:230]
 25 [ 7 300:305]
 20 [ 3 311:316]
 32 [ 0 336:341]
 61 [ 2 341:346]
 55 [ 3 420:425]
 -3 [ 3 446:446]

y[7202] = 1.0
Vehicle: 308  Cost: 141.95
Route: 3 37 18 64 36 43 -3 
  3 [ 8 347:373]
 37 [ 4 420:425]
 18 [ 1 449:454]
 64 [ 5 463:468]
 36 [ 4 468:473]
 43 [ 7 499:504]
 -3 [ 7 540:540]

y[7900] = 1.0
Vehicle: 203  Cost: 51.50
Route: 2 54 19 48 10 -2 
  2 [ 5  74:276]
 54 [ 9 300:305]
 19 [ 6 305:310]
 48 [ 7 314:319]
 10 [ 5 319:324]
 -2 [ 5 348:348]

y[8174] = 1.0
Vehicle: 203  Cost: 19.25
Route: 2 44 34 62 40 -2 
  2 [ 5  89:294]
 44 [ 7 300:305]
 34 [ 6 420:425]
 62 [10 425:430]
 40 [ 6 436:441]
 -2 [ 6 443:443]

FE: 2
SE: 12
!MIP-----
1569.9277761536518,5400.60492682457,0.03599674246392342,2,12,56339,8283

Run: 3
Total Cost: 1545.26
Vehicle: 12  Cost: 106.30
Route: 1 3 -3 -1 
 1 [ 70   0:  0 [30, 38, 29, 15, 27, 40, 28, 18, 31, 37, 34, 17, 33, 12, 4, 22, 32, 9, 19, 10, 21, 13, 8, 36, 25, 20]]
 3 [  0  53: 53 []]
-3 [ 52  53:514 [45, 46, 61, 62, 43, 57, 50, 55, 66, 64, 42, 65, 54, 58, 44, 41, 53]]
-1 [ 52 568:568 [45, 46, 61, 62, 43, 57, 50, 55, 66, 64, 42, 65, 54, 58, 44, 41, 53]]

Vehicle: 13  Cost: 106.30
Route: 1 3 -3 -1 
 1 [ 30   0:  0 [35, 5, 11, 6, 14, 39, 23, 16, 26, 24, 7]]
 3 [  0  53: 53 []]
-3 [ 22  53:364 [51, 48, 59, 49, 52, 60, 56, 63, 47]]
-1 [ 22 417:417 [51, 48, 59, 49, 52, 60, 56, 63, 47]]

Vehicle: 301  Cost: 141.45
Route: 3 9 32 61 37 55 -3 
  3 [10  53:238]
  9 [ 7 300:305]
 32 [ 4 326:331]
 61 [ 6 331:336]
 37 [ 2 420:425]
 55 [ 3 456:461]
 -3 [ 3 482:482]

Vehicle: 302  Cost: 73.29
Route: 3 30 13 34 62 40 22 44 -3 
  3 [10  53: 68]
 30 [ 9  70: 75]
 13 [ 6 102:107]
 34 [ 5 420:425]
 62 [ 9 425:430]
 40 [ 5 436:441]
 22 [ 4 446:451]
 44 [ 6 460:465]
 -3 [ 6 480:480]

Vehicle: 303  Cost: 121.32
Route: 3 10 28 27 42 45 17 53 -3 
  3 [10  53:283]
 10 [ 8 300:305]
 28 [ 5 333:338]
 27 [ 3 350:355]
 42 [ 6 420:425]
 45 [10 427:432]
 17 [ 7 456:461]
 53 [ 9 479:484]
 -3 [ 9 499:499]

Vehicle: 304  Cost: 158.31
Route: 3 23 39 47 5 63 35 49 -3 
  3 [10  53: 68]
 23 [ 9  94: 99]
 39 [ 6 122:127]
 47 [ 8 180:185]
  5 [ 4 212:217]
 63 [ 7 238:243]
 35 [ 5 243:248]
 49 [ 9 254:259]
 -3 [ 9 306:306]

Vehicle: 305  Cost: 81.11
Route: 3 19 21 50 33 65 -3 
  3 [10  53:279]
 19 [ 7 300:305]
 21 [ 3 319:324]
 50 [ 7 326:331]
 33 [ 4 420:425]
 65 [ 8 430:435]
 -3 [ 8 467:467]

Vehicle: 306  Cost: 135.23
Route: 3 8 46 31 41 38 66 15 -3 
  3 [10  53: 68]
  8 [ 8 122:127]
 46 [10 127:132]
 31 [ 6 300:305]
 41 [ 9 309:314]
 38 [ 6 334:339]
 66 [10 339:344]
 15 [ 9 362:367]
 -3 [ 9 400:400]

Vehicle: 307  Cost: 132.93
Route: 3 6 59 7 16 51 -3 
  3 [10  53: 68]
  6 [ 7  99:104]
 59 [ 8 139:144]
  7 [ 4 156:161]
 16 [ 1 300:305]
 51 [ 4 305:310]
 -3 [ 4 349:349]

Vehicle: 309  Cost: 177.16
Route: 3 20 25 58 29 57 54 -3 
  3 [10  53:233]
 20 [ 6 300:305]
 25 [ 3 311:316]
 58 [ 5 336:341]
 29 [ 2 341:346]
 57 [ 6 392:397]
 54 [10 414:419]
 -3 [10 441:441]

Vehicle: 312  Cost: 161.93
Route: 3 24 56 14 60 11 52 26 48 -3 
  3 [10  53: 68]
 24 [ 6 103:108]
 56 [ 7 108:113]
 14 [ 6 180:185]
 60 [ 9 207:212]
 11 [ 5 232:237]
 52 [ 9 247:252]
 26 [ 8 300:305]
 48 [ 9 324:329]
 -3 [ 9 346:346]

Vehicle: 314  Cost: 149.92
Route: 3 4 12 18 36 64 43 -3 
  3 [10  53:274]
  4 [ 7 300:305]
 12 [ 4 318:323]
 18 [ 1 362:367]
 36 [ 0 376:381]
 64 [ 4 381:386]
 43 [ 7 412:417]
 -3 [ 7 454:454]

Total Cost: 1545.26
 12:106.30, 70:75 [1, 3, -3, -1]
 13:106.30, 30:75 [1, 3, -3, -1]
301:141.45, 10:10 [3, 9, 32, 61, 37, 55, -3]
302:73.29, 10:10 [3, 30, 13, 34, 62, 40, 22, 44, -3]
303:121.32, 10:10 [3, 10, 28, 27, 42, 45, 17, 53, -3]
304:158.31, 10:10 [3, 23, 39, 47, 5, 63, 35, 49, -3]
305:81.11, 10:10 [3, 19, 21, 50, 33, 65, -3]
306:135.23, 10:10 [3, 8, 46, 31, 41, 38, 66, 15, -3]
307:132.93, 10:10 [3, 6, 59, 7, 16, 51, -3]
309:177.16, 10:10 [3, 20, 25, 58, 29, 57, 54, -3]
312:161.93, 10:10 [3, 24, 56, 14, 60, 11, 52, 26, 48, -3]
314:149.92, 10:10 [3, 4, 12, 18, 36, 64, 43, -3]
fe: 2, se: 10

!ALNS------------
100000,1545.2578229055205,155.723,9.43,2,10,0.6666666666666666,1.0,31.5,6.3
7 7 2 8 0 0 6 0 
33.834747690825296 55.44481185267668 37.11602821185844 36.4137086277015 NaN 69.2649452630443 38.435751168082895 38.40572691555833 
5 3 3 4 1 6 5 3 
38.65641226466098 41.4692578240215 49.60017174040696 42.71337673498097 47.72354927885194 43.73112384945603 25.437703260729894 47.9406713797088 

x[20210] = 1.0
Vehicle: 13  Cost: 148.68
Route: 1 3 2 -2 -3 -1 
 1 [ 25   0:  0 [24, 22, 7, 6, 28, 12, 13, 40]]
 3 [ 13  53: 68 [24, 22, 7, 40]]
 2 [  0  89: 89 []]
-2 [  2  89:323 [56, 59]]
-3 [ 18 344:359 [52, 60, 56, 49, 63, 47, 59]]
-1 [ 18 413:413 [52, 60, 56, 49, 63, 47, 59]]

x[36218] = 1.0
Vehicle: 12  Cost: 106.30
Route: 1 3 -3 -1 
 1 [ 75   0:  0 [11, 39, 37, 14, 18, 32, 5, 19, 9, 34, 10, 15, 21, 26, 16, 38, 33, 23, 17, 27, 25, 20, 29, 8, 35, 36, 31, 4, 30]]
 3 [  0  53: 53 []]
-3 [ 56  53:547 [66, 45, 53, 46, 50, 43, 62, 65, 42, 44, 64, 61, 48, 58, 41, 51, 57, 54, 55]]
-1 [ 56 600:600 [66, 45, 53, 46, 50, 43, 62, 65, 42, 44, 64, 61, 48, 58, 41, 51, 57, 54, 55]]

y[851] = 1.0
Vehicle: 304  Cost: 130.13
Route: 3 5 35 63 49 4 53 -3 
  3 [ 9 110:125]
  5 [ 5 173:178]
 35 [ 3 199:204]
 63 [ 6 204:209]
 49 [10 216:221]
  4 [ 7 300:305]
 53 [ 9 318:323]
 -3 [ 9 338:338]

y[866] = 1.0
Vehicle: 201  Cost: 4.47
Route: 2 40 -2 
  2 [ 4 572:587]
 40 [ 0 589:594]
 -2 [ 0 596:596]

y[2555] = 1.0
Vehicle: 309  Cost: 94.53
Route: 3 17 28 26 57 19 54 -3 
  3 [10  53:387]
 17 [ 7 420:425]
 28 [ 4 432:437]
 26 [ 3 453:458]
 57 [ 7 458:463]
 19 [ 4 480:485]
 54 [ 8 485:490]
 -3 [ 8 511:511]

y[2732] = 1.0
Vehicle: 306  Cost: 135.23
Route: 3 8 46 31 41 38 66 -3 
  3 [ 9  53: 68]
  8 [ 7 122:127]
 46 [ 9 127:132]
 31 [ 5 300:305]
 41 [ 8 309:314]
 38 [ 5 334:339]
 66 [ 9 339:344]
 -3 [ 9 395:395]

y[3105] = 1.0
Vehicle: 310  Cost: 102.29
Route: 3 13 6 16 51 34 62 44 -3 
  3 [10  53: 68]
 13 [ 7  93: 98]
  6 [ 4 106:111]
 16 [ 1 300:305]
 51 [ 4 305:310]
 34 [ 3 420:425]
 62 [ 7 425:430]
 44 [ 9 435:440]
 -3 [ 9 455:455]

y[4028] = 1.0
Vehicle: 309  Cost: 81.52
Route: 3 10 48 21 15 50 33 65 -3 
  3 [10  53:283]
 10 [ 8 300:305]
 48 [ 9 305:310]
 21 [ 5 328:333]
 15 [ 4 335:340]
 50 [ 8 340:345]
 33 [ 5 420:425]
 65 [ 9 430:435]
 -3 [ 9 467:467]

y[4456] = 1.0
Vehicle: 303  Cost: 194.94
Route: 3 9 25 18 64 36 43 -3 
  3 [10  53:238]
  9 [ 7 300:305]
 25 [ 4 316:321]
 18 [ 1 371:376]
 64 [ 5 385:390]
 36 [ 4 390:395]
 43 [ 7 421:426]
 -3 [ 7 463:463]

y[5370] = 1.0
Vehicle: 202  Cost: 80.55
Route: 2 59 7 24 56 22 -2 
  2 [ 9  89:104]
 59 [10 132:137]
  7 [ 6 149:154]
 24 [ 2 173:178]
 56 [ 3 178:183]
 22 [ 2 300:305]
 -2 [ 2 308:308]

y[7648] = 1.0
Vehicle: 309  Cost: 176.43
Route: 3 20 58 29 27 42 45 -3 
  3 [ 9  53:233]
 20 [ 5 300:305]
 58 [ 7 328:333]
 29 [ 4 333:338]
 27 [ 2 363:368]
 42 [ 5 420:425]
 45 [ 9 427:432]
 -3 [ 9 487:487]

y[7756] = 1.0
Vehicle: 304  Cost: 172.54
Route: 3 30 23 39 47 11 52 60 14 -3 
  3 [10  53: 68]
 30 [ 9  70: 75]
 23 [ 8  99:104]
 39 [ 5 127:132]
 47 [ 7 180:185]
 11 [ 3 221:226]
 52 [ 7 236:241]
 60 [10 259:264]
 14 [ 9 286:291]
 -3 [ 9 320:320]

y[7862] = 1.0
Vehicle: 308  Cost: 111.07
Route: 3 12 32 61 37 55 -3 
  3 [10  53:261]
 12 [ 7 300:305]
 32 [ 4 319:324]
 61 [ 6 324:329]
 37 [ 2 420:425]
 55 [ 3 456:461]
 -3 [ 3 482:482]

FE: 2
SE: 11
!MIP-----
1538.6897754511751,3603.5107858181,9.442920961546337E-5,2,11,46294,8810

Run: 4
Total Cost: 1565.41
Vehicle: 11  Cost: 106.30
Route: 1 3 -3 -1 
 1 [ 75   0:  0 [28, 14, 7, 21, 15, 25, 20, 18, 8, 34, 23, 24, 38, 35, 13, 17, 27, 31, 40, 5, 32, 33, 30, 22, 11, 9, 12, 26]]
 3 [  0  53: 53 []]
-3 [ 23  53:362 [49, 48, 46, 65, 56, 63, 52, 59, 60]]
-1 [ 23 416:416 [49, 48, 46, 65, 56, 63, 52, 59, 60]]

Vehicle: 13  Cost: 106.30
Route: 1 3 -3 -1 
 1 [ 25   0:  0 [4, 37, 36, 19, 39, 16, 29, 6, 10]]
 3 [  0  53: 53 []]
-3 [ 51  53:591 [50, 41, 64, 42, 45, 53, 62, 55, 51, 61, 58, 66, 47, 54, 43, 57, 44]]
-1 [ 51 644:644 [50, 41, 64, 42, 45, 53, 62, 55, 51, 61, 58, 66, 47, 54, 43, 57, 44]]

Vehicle: 301  Cost: 42.56
Route: 3 44 40 62 34 -3 
  3 [ 5  53:285]
 44 [ 7 300:305]
 40 [ 3 309:314]
 62 [ 7 420:425]
 34 [ 6 425:430]
 -3 [ 6 447:447]

Vehicle: 302  Cost: 141.45
Route: 3 9 32 61 37 55 -3 
  3 [10  53:238]
  9 [ 7 300:305]
 32 [ 4 326:331]
 61 [ 6 331:336]
 37 [ 2 420:425]
 55 [ 3 456:461]
 -3 [ 3 482:482]

Vehicle: 303  Cost: 117.61
Route: 3 30 23 39 47 42 27 28 53 -3 
  3 [10  53: 68]
 30 [ 9  70: 75]
 23 [ 8  99:104]
 39 [ 5 127:132]
 47 [ 7 180:185]
 42 [10 420:425]
 27 [ 8 430:435]
 28 [ 5 447:452]
 53 [ 7 476:481]
 -3 [ 7 496:496]

Vehicle: 304  Cost: 131.02
Route: 3 14 15 38 66 31 41 26 -3 
  3 [10  53:151]
 14 [ 9 180:185]
 15 [ 8 300:305]
 38 [ 5 323:328]
 66 [ 9 328:333]
 31 [ 5 354:359]
 41 [ 8 364:369]
 26 [ 7 387:392]
 -3 [ 7 428:428]

Vehicle: 305  Cost: 77.14
Route: 3 21 50 33 19 54 -3 
  3 [10  53:265]
 21 [ 6 300:305]
 50 [10 307:312]
 33 [ 7 420:425]
 19 [ 4 437:442]
 54 [ 8 442:447]
 -3 [ 8 468:468]

Vehicle: 306  Cost: 159.44
Route: 3 17 12 18 36 64 43 -3 
  3 [10  53:387]
 17 [ 7 420:425]
 12 [ 4 441:446]
 18 [ 1 485:490]
 36 [ 0 499:504]
 64 [ 4 504:509]
 43 [ 7 534:539]
 -3 [ 7 576:576]

Vehicle: 307  Cost: 98.20
Route: 3 13 6 16 51 22 -3 
  3 [10  53: 68]
 13 [ 7  93: 98]
  6 [ 4 106:111]
 16 [ 1 300:305]
 51 [ 4 305:310]
 22 [ 3 326:331]
 -3 [ 3 355:355]

Vehicle: 308  Cost: 180.92
Route: 3 20 25 29 58 45 57 -3 
  3 [10  53:233]
 20 [ 6 300:305]
 25 [ 3 311:316]
 29 [ 0 336:341]
 58 [ 2 341:346]
 45 [ 6 420:425]
 57 [10 449:454]
 -3 [10 489:489]

Vehicle: 309  Cost: 128.67
Route: 3 5 35 63 49 4 -3 
  3 [ 9  53: 68]
  5 [ 5 116:121]
 35 [ 3 142:147]
 63 [ 6 147:152]
 49 [10 158:163]
  4 [ 7 300:305]
 -3 [ 7 331:331]

Vehicle: 310  Cost: 129.96
Route: 3 7 59 24 56 65 10 -3 
  3 [10  53: 68]
  7 [ 6 116:121]
 59 [ 7 133:138]
 24 [ 3 166:171]
 56 [ 4 171:176]
 65 [ 8 300:305]
 10 [ 6 325:330]
 -3 [ 6 347:347]

Vehicle: 314  Cost: 145.83
Route: 3 46 8 52 11 60 48 -3 
  3 [ 6  53: 68]
 46 [ 8 122:127]
  8 [ 6 127:132]
 52 [10 142:147]
 11 [ 6 180:185]
 60 [ 9 205:210]
 48 [10 300:305]
 -3 [10 322:322]

Total Cost: 1565.41
 11:106.30, 75:75 [1, 3, -3, -1]
 13:106.30, 51:75 [1, 3, -3, -1]
301:42.56, 7:10 [3, 44, 40, 62, 34, -3]
302:141.45, 10:10 [3, 9, 32, 61, 37, 55, -3]
303:117.61, 10:10 [3, 30, 23, 39, 47, 42, 27, 28, 53, -3]
304:131.02, 10:10 [3, 14, 15, 38, 66, 31, 41, 26, -3]
305:77.14, 10:10 [3, 21, 50, 33, 19, 54, -3]
306:159.44, 10:10 [3, 17, 12, 18, 36, 64, 43, -3]
307:98.20, 10:10 [3, 13, 6, 16, 51, 22, -3]
308:180.92, 10:10 [3, 20, 25, 29, 58, 45, 57, -3]
309:128.67, 10:10 [3, 5, 35, 63, 49, 4, -3]
310:129.96, 10:10 [3, 7, 59, 24, 56, 65, 10, -3]
314:145.83, 10:10 [3, 46, 8, 52, 11, 60, 48, -3]
fe: 2, se: 11

!ALNS------------
100000,1565.4097831554056,259.044,128.17,2,11,0.84,0.9727272727272728,31.5,5.7272727272727275
12 10 5 6 0 0 7 1 
21.758584708188334 41.1315122515731 27.117429810420028 28.517647086315964 30.712633056528766 89.06779253316509 24.27988505408543 26.50138577145306 
6 4 6 9 4 4 7 1 
37.076509767872125 30.754309899979223 26.656272395123555 25.44097559464975 24.04833686248568 30.640925900332206 25.02352025254815 39.15516930273302 

x[23885] = 1.0
Vehicle: 13  Cost: 106.30
Route: 1 3 -3 -1 
 1 [ 67   0:  0 [39, 5, 4, 37, 36, 31, 32, 29, 16, 26, 23, 9, 20, 6, 28, 34, 33, 25, 17, 18, 27, 10, 19, 13, 30]]
 3 [  0  53: 53 []]
-3 [ 56  53:601 [62, 45, 47, 65, 48, 43, 64, 53, 66, 61, 57, 41, 50, 58, 54, 44, 51, 42, 55]]
-1 [ 56 654:654 [62, 45, 47, 65, 48, 43, 64, 53, 66, 61, 57, 41, 50, 58, 54, 44, 51, 42, 55]]

x[38883] = 1.0
Vehicle: 11  Cost: 148.68
Route: 1 3 2 -2 -3 -1 
 1 [ 33   0:  0 [8, 22, 35, 38, 24, 11, 12, 7, 40, 15, 14, 21]]
 3 [ 19  53: 68 [8, 22, 24, 11, 7, 40]]
 2 [  0  89: 89 []]
-2 [ 11  89:323 [46, 52, 60, 59, 56]]
-3 [ 18 344:359 [49, 63, 46, 52, 60, 59, 56]]
-1 [ 18 413:413 [49, 63, 46, 52, 60, 59, 56]]

y[928] = 1.0
Vehicle: 204  Cost: 4.47
Route: 2 40 -2 
  2 [ 4  74:298]
 40 [ 0 300:305]
 -2 [ 0 307:307]

y[1920] = 1.0
Vehicle: 309  Cost: 158.31
Route: 3 23 39 47 5 63 35 49 -3 
  3 [10 110:125]
 23 [ 9 151:156]
 39 [ 6 180:185]
 47 [ 8 193:198]
  5 [ 4 225:230]
 63 [ 7 251:256]
 35 [ 5 256:261]
 49 [ 9 267:272]
 -3 [ 9 319:319]

y[2511] = 1.0
Vehicle: 202  Cost: 139.79
Route: 2 8 46 52 11 60 -2 
  2 [ 6  89:104]
  8 [ 4 160:165]
 46 [ 6 165:170]
 52 [10 180:185]
 11 [ 6 195:200]
 60 [ 9 220:225]
 -2 [ 9 269:269]

y[2684] = 1.0
Vehicle: 303  Cost: 94.53
Route: 3 17 28 26 57 19 54 -3 
  3 [10  53:387]
 17 [ 7 420:425]
 28 [ 4 432:437]
 26 [ 3 453:458]
 57 [ 7 458:463]
 19 [ 4 480:485]
 54 [ 8 485:490]
 -3 [ 8 511:511]

y[2899] = 1.0
Vehicle: 304  Cost: 177.30
Route: 3 20 25 58 29 42 45 -3 
  3 [10  53:233]
 20 [ 6 300:305]
 25 [ 3 311:316]
 58 [ 5 336:341]
 29 [ 2 341:346]
 42 [ 5 420:425]
 45 [ 9 427:432]
 -3 [ 9 487:487]

y[3127] = 1.0
Vehicle: 301  Cost: 4.00
Route: 3 30 -3 
  3 [ 1  53: 68]
 30 [ 0  70: 75]
 -3 [ 0  77: 77]

y[4347] = 1.0
Vehicle: 301  Cost: 81.52
Route: 3 10 48 21 15 50 33 65 -3 
  3 [10  53:283]
 10 [ 8 300:305]
 48 [ 9 305:310]
 21 [ 5 328:333]
 15 [ 4 335:340]
 50 [ 8 340:345]
 33 [ 5 420:425]
 65 [ 9 430:435]
 -3 [ 9 467:467]

y[5757] = 1.0
Vehicle: 202  Cost: 80.55
Route: 2 59 7 24 56 22 -2 
  2 [ 9  89:104]
 59 [10 132:137]
  7 [ 6 149:154]
 24 [ 2 173:178]
 56 [ 3 178:183]
 22 [ 2 300:305]
 -2 [ 2 308:308]

y[6434] = 1.0
Vehicle: 304  Cost: 156.73
Route: 3 14 38 66 31 41 27 53 -3 
  3 [10  53:151]
 14 [ 9 180:185]
 38 [ 6 300:305]
 66 [10 305:310]
 31 [ 6 331:336]
 41 [ 9 340:345]
 27 [ 7 374:379]
 53 [ 9 415:420]
 -3 [ 9 435:435]

y[8155] = 1.0
Vehicle: 301  Cost: 102.29
Route: 3 13 6 51 16 34 62 44 -3 
  3 [10 110:125]
 13 [ 7 150:155]
  6 [ 4 163:168]
 51 [ 7 300:305]
 16 [ 4 305:310]
 34 [ 3 420:425]
 62 [ 7 425:430]
 44 [ 9 435:440]
 -3 [ 9 455:455]

y[9109] = 1.0
Vehicle: 313  Cost: 141.45
Route: 3 9 32 61 37 55 -3 
  3 [10 110:238]
  9 [ 7 300:305]
 32 [ 4 326:331]
 61 [ 6 331:336]
 37 [ 2 420:425]
 55 [ 3 456:461]
 -3 [ 3 482:482]

y[9239] = 1.0
Vehicle: 304  Cost: 149.92
Route: 3 4 12 18 64 36 43 -3 
  3 [10  53:274]
  4 [ 7 300:305]
 12 [ 4 318:323]
 18 [ 1 362:367]
 64 [ 5 376:381]
 36 [ 4 381:386]
 43 [ 7 412:417]
 -3 [ 7 454:454]

FE: 2
SE: 12
!MIP-----
1545.8434392701229,3654.6813929080963,9.907600997192641E-5,2,12,49775,9365

Run: 5
Total Cost: 1540.37
Vehicle: 11  Cost: 148.68
Route: 1 3 2 -2 -3 -1 
 1 [ 75   0:  0 [32, 9, 29, 34, 33, 40, 15, 22, 24, 21, 20, 13, 12, 14, 6, 25, 37, 36, 35, 19, 10, 5, 16, 26, 28, 38, 39, 27]]
 3 [ 24  53: 68 [34, 33, 40, 15, 22, 21, 13, 14, 6, 16]]
 2 [  0  89: 89 []]
-2 [ 17  89:477 [62, 51, 65, 50, 44]]
-3 [ 51 498:591 [55, 64, 43, 61, 41, 66, 62, 42, 57, 53, 51, 65, 45, 47, 50, 58, 44]]
-1 [ 51 645:645 [55, 64, 43, 61, 41, 66, 62, 42, 57, 53, 51, 65, 45, 47, 50, 58, 44]]

Vehicle: 12  Cost: 106.30
Route: 1 3 -3 -1 
 1 [ 25   0:  0 [8, 11, 18, 4, 7, 17, 30, 23, 31]]
 3 [  0  53: 53 []]
-3 [ 23  53:357 [54, 46, 48, 49, 52, 63, 56, 59, 60]]
-1 [ 23 410:410 [54, 46, 48, 49, 52, 63, 56, 59, 60]]

Vehicle: 201  Cost: 66.56
Route: 2 14 21 50 15 33 65 22 -2 
  2 [10  89:155]
 14 [ 9 180:185]
 21 [ 5 300:305]
 50 [ 9 307:312]
 15 [ 8 312:317]
 33 [ 5 420:425]
 65 [ 9 430:435]
 22 [ 8 453:458]
 -2 [ 8 462:462]

Vehicle: 202  Cost: 19.25
Route: 2 44 34 62 40 -2 
  2 [ 5  89:294]
 44 [ 7 300:305]
 34 [ 6 420:425]
 62 [10 425:430]
 40 [ 6 436:441]
 -2 [ 6 443:443]

Vehicle: 203  Cost: 65.43
Route: 2 13 6 16 51 -2 
  2 [ 9  89:104]
 13 [ 6 118:123]
  6 [ 3 131:136]
 16 [ 0 300:305]
 51 [ 3 305:310]
 -2 [ 3 328:328]

Vehicle: 302  Cost: 161.74
Route: 3 12 9 58 29 45 26 57 -3 
  3 [10  53:261]
 12 [ 7 300:305]
  9 [ 4 328:333]
 58 [ 6 344:349]
 29 [ 3 349:354]
 45 [ 7 420:425]
 26 [ 6 449:454]
 57 [10 454:459]
 -3 [10 494:494]

Vehicle: 303  Cost: 144.13
Route: 3 17 41 31 38 66 -3 
  3 [10  53:387]
 17 [ 7 420:425]
 41 [10 459:464]
 31 [ 6 468:473]
 38 [ 3 494:499]
 66 [ 7 499:504]
 -3 [ 7 556:556]

Vehicle: 305  Cost: 122.84
Route: 3 59 7 56 19 54 10 48 -3 
  3 [ 9  53: 68]
 59 [10 117:122]
  7 [ 6 134:139]
 56 [ 7 158:163]
 19 [ 4 300:305]
 54 [ 8 305:310]
 10 [ 6 314:319]
 48 [ 7 319:324]
 -3 [ 7 342:342]

Vehicle: 306  Cost: 168.08
Route: 3 24 8 46 52 11 60 -3 
  3 [10  53: 68]
 24 [ 6 103:108]
  8 [ 4 150:155]
 46 [ 6 155:160]
 52 [10 170:175]
 11 [ 6 185:190]
 60 [ 9 210:215]
 -3 [ 9 266:266]

Vehicle: 307  Cost: 143.66
Route: 3 25 20 32 61 -3 
  3 [10  53:230]
 25 [ 7 300:305]
 20 [ 3 311:316]
 32 [ 0 336:341]
 61 [ 2 341:346]
 -3 [ 2 393:393]

Vehicle: 308  Cost: 147.42
Route: 3 55 37 18 36 64 43 -3 
  3 [ 8  53:399]
 55 [ 9 420:425]
 37 [ 5 456:461]
 18 [ 2 485:490]
 36 [ 1 499:504]
 64 [ 5 504:509]
 43 [ 8 535:540]
 -3 [ 8 576:576]

Vehicle: 309  Cost: 117.61
Route: 3 30 23 39 47 42 27 28 53 -3 
  3 [10  53: 68]
 30 [ 9  70: 75]
 23 [ 8  99:104]
 39 [ 5 127:132]
 47 [ 7 180:185]
 42 [10 420:425]
 27 [ 8 430:435]
 28 [ 5 447:452]
 53 [ 7 476:481]
 -3 [ 7 496:496]

Vehicle: 311  Cost: 128.67
Route: 3 5 35 63 49 4 -3 
  3 [ 9  53: 68]
  5 [ 5 116:121]
 35 [ 3 142:147]
 63 [ 6 147:152]
 49 [10 158:163]
  4 [ 7 300:305]
 -3 [ 7 331:331]

Total Cost: 1540.37
 11:148.68, 75:75 [1, 3, 2, -2, -3, -1]
 12:106.30, 25:75 [1, 3, -3, -1]
201:66.56, 10:10 [2, 14, 21, 50, 15, 33, 65, 22, -2]
202:19.25, 10:10 [2, 44, 34, 62, 40, -2]
203:65.43, 9:10 [2, 13, 6, 16, 51, -2]
302:161.74, 10:10 [3, 12, 9, 58, 29, 45, 26, 57, -3]
303:144.13, 10:10 [3, 17, 41, 31, 38, 66, -3]
305:122.84, 10:10 [3, 59, 7, 56, 19, 54, 10, 48, -3]
306:168.08, 10:10 [3, 24, 8, 46, 52, 11, 60, -3]
307:143.66, 10:10 [3, 25, 20, 32, 61, -3]
308:147.42, 9:10 [3, 55, 37, 18, 36, 64, 43, -3]
309:117.61, 10:10 [3, 30, 23, 39, 47, 42, 27, 28, 53, -3]
311:128.67, 10:10 [3, 5, 35, 63, 49, 4, -3]
fe: 2, se: 11

!ALNS------------
100000,1540.3736236650873,182.347,171.995,2,11,0.6666666666666666,0.9818181818181818,31.5,5.7272727272727275
11 13 8 7 0 0 3 1 
21.820348364003653 39.9298977634702 27.306608954837323 22.166939449013956 93.2737128349919 64.36543343389333 20.073438286478165 25.17382531944315 
4 5 2 4 6 9 11 2 
23.717625414987605 21.998219186632358 29.184225216105627 27.42654556269156 29.76057122924113 23.222837968088925 26.60088570347422 36.56741836710414 

x[86] = 1.0
Vehicle: 12  Cost: 148.68
Route: 1 3 2 -2 -3 -1 
 1 [ 29   0:  0 [30, 5, 11, 40, 10, 14, 35, 7, 24, 22, 8]]
 3 [ 13  53: 68 [40, 7, 24, 22]]
 2 [  0  89: 89 []]
-2 [  2  89:323 [56, 59]]
-3 [ 18 344:359 [46, 60, 52, 49, 63, 56, 59]]
-1 [ 18 413:413 [46, 60, 52, 49, 63, 56, 59]]

x[10693] = 1.0
Vehicle: 11  Cost: 106.30
Route: 1 3 -3 -1 
 1 [ 73   0:  0 [10, 37, 18, 4, 13, 27, 39, 25, 32, 31, 6, 38, 29, 34, 33, 12, 36, 20, 16, 9, 28, 26, 21, 17, 15, 23, 19]]
 3 [  0  53: 53 []]
-3 [ 56  53:597 [42, 58, 47, 64, 51, 53, 62, 55, 41, 45, 44, 61, 65, 66, 48, 43, 57, 50, 54]]
-1 [ 56 650:650 [42, 58, 47, 64, 51, 53, 62, 55, 41, 45, 44, 61, 65, 66, 48, 43, 57, 50, 54]]

y[920] = 1.0
Vehicle: 310  Cost: 169.16
Route: 3 37 58 29 27 42 45 -3 
  3 [ 9  53:373]
 37 [ 5 420:425]
 58 [ 7 460:465]
 29 [ 4 465:470]
 27 [ 2 495:500]
 42 [ 5 505:510]
 45 [ 9 512:517]
 -3 [ 9 573:573]

y[1800] = 1.0
Vehicle: 303  Cost: 130.13
Route: 3 5 35 63 49 4 53 -3 
  3 [ 9  53: 68]
  5 [ 5 116:121]
 35 [ 3 142:147]
 63 [ 6 147:152]
 49 [10 158:163]
  4 [ 7 300:305]
 53 [ 9 318:323]
 -3 [ 9 338:338]

y[2312] = 1.0
Vehicle: 306  Cost: 156.70
Route: 3 39 47 31 41 38 66 -3 
  3 [10  53: 68]
 39 [ 7 117:122]
 47 [ 9 180:185]
 31 [ 5 300:305]
 41 [ 8 309:314]
 38 [ 5 334:339]
 66 [ 9 339:344]
 -3 [ 9 395:395]

y[2703] = 1.0
Vehicle: 302  Cost: 94.53
Route: 3 17 28 26 57 19 54 -3 
  3 [10  53:387]
 17 [ 7 420:425]
 28 [ 4 432:437]
 26 [ 3 453:458]
 57 [ 7 458:463]
 19 [ 4 480:485]
 54 [ 8 485:490]
 -3 [ 8 511:511]

y[3088] = 1.0
Vehicle: 314  Cost: 154.76
Route: 3 30 23 46 8 11 52 60 14 -3 
  3 [ 9  53: 68]
 30 [ 8  70: 75]
 23 [ 7  99:104]
 46 [ 9 135:140]
  8 [ 7 140:145]
 11 [ 3 180:185]
 52 [ 7 195:200]
 60 [10 218:223]
 14 [ 9 245:250]
 -3 [ 9 279:279]

y[3817] = 1.0
Vehicle: 304  Cost: 102.29
Route: 3 13 6 51 16 34 62 44 -3 
  3 [10 225:240]
 13 [ 7 265:270]
  6 [ 4 279:284]
 51 [ 7 309:314]
 16 [ 4 314:319]
 34 [ 3 420:425]
 62 [ 7 425:430]
 44 [ 9 435:440]
 -3 [ 9 455:455]

y[4350] = 1.0
Vehicle: 301  Cost: 81.52
Route: 3 10 48 21 15 50 33 65 -3 
  3 [10  53:283]
 10 [ 8 300:305]
 48 [ 9 305:310]
 21 [ 5 328:333]
 15 [ 4 335:340]
 50 [ 8 340:345]
 33 [ 5 420:425]
 65 [ 9 430:435]
 -3 [ 9 467:467]

y[5766] = 1.0
Vehicle: 201  Cost: 80.55
Route: 2 59 7 24 56 22 -2 
  2 [ 9  89:104]
 59 [10 132:137]
  7 [ 6 149:154]
 24 [ 2 173:178]
 56 [ 3 178:183]
 22 [ 2 300:305]
 -2 [ 2 308:308]

y[6171] = 1.0
Vehicle: 201  Cost: 4.47
Route: 2 40 -2 
  2 [ 4 580:595]
 40 [ 0 597:602]
 -2 [ 0 604:604]

y[7766] = 1.0
Vehicle: 306  Cost: 154.29
Route: 3 12 32 61 18 64 36 43 -3 
  3 [10  53:261]
 12 [ 7 300:305]
 32 [ 4 319:324]
 61 [ 6 324:329]
 18 [ 3 359:364]
 64 [ 7 373:378]
 36 [ 6 378:383]
 43 [ 9 409:414]
 -3 [ 9 450:450]

y[9219] = 1.0
Vehicle: 302  Cost: 154.39
Route: 3 9 25 20 55 -3 
  3 [10 110:238]
  9 [ 7 300:305]
 25 [ 4 316:321]
 20 [ 0 327:332]
 55 [ 1 420:425]
 -3 [ 1 446:446]

FE: 2
SE: 11
!MIP-----
1537.771996727541,1942.9123458862305,8.111624080618593E-5,2,11,44381,9374

