--Parameters Information--
speed=1
run=5
iteration= 100000
batch=100
restartPeriod=10000
largeRemovalOccurrence=500
initialLNS=250
lowerBoundSmallRemoval=4
smallRemoval=0.2
lowerBoundLargeRemoval=0.55
largeRemoval=0.8
initialWeight=1.0
decayRate=0.1
gamma1=9.0
gamma2=5.0
gamma3=2.0
gamma4=0.0
coolingRate=0.9995
temperatureControlParameter=0.05
initialAcceptanceProbability=0.5
perturbation=0.5
perturbationFactor=0.01
split=20000

Setup: Split
Data: A_50_3_TD

Run: 1
Total Cost: 1504.04
Vehicle: 11  Cost: 120.02
Route: 1 2 -2 -1 
 1 [ 26   0:  0 [25, 28, 35, 38, 37, 15, 27, 24, 20]]
 2 [  0  60: 60 []]
-2 [ 17  60:413 [55, 51, 54, 61, 53, 59]]
-1 [ 17 473:473 [55, 51, 54, 61, 53, 59]]

Vehicle: 12  Cost: 64.00
Route: 1 3 -3 -1 
 1 [ 74   0:  0 [21, 12, 23, 39, 34, 18, 19, 22, 8, 29, 17, 14, 7, 11, 10, 6, 41, 32, 31, 13, 5, 30, 33, 36, 40, 26, 16, 4]]
 3 [  0  32: 32 []]
-3 [ 15  32:519 [63, 57, 62, 64, 58, 47, 56]]
-1 [ 15 551:551 [63, 57, 62, 64, 58, 47, 56]]

Vehicle: 13  Cost: 64.00
Route: 1 3 -3 -1 
 1 [  3   0:  0 [9]]
 3 [  0  32: 32 []]
-3 [ 24  32:387 [43, 49, 48, 52, 46, 50, 42, 60, 44, 45]]
-1 [ 24 419:419 [43, 49, 48, 52, 46, 50, 42, 60, 44, 45]]

Vehicle: 201  Cost: 123.44
Route: 2 27 51 20 24 -2 
  2 [10  60: 75]
 27 [ 6 122:127]
 51 [10 300:305]
 20 [ 7 314:319]
 24 [ 4 348:353]
 -2 [ 4 362:362]

Vehicle: 202  Cost: 79.20
Route: 2 59 37 38 61 -2 
  2 [ 6  60: 75]
 59 [ 9  92: 97]
 37 [ 6 113:118]
 38 [ 3 300:305]
 61 [ 7 305:310]
 -2 [ 7 337:337]

Vehicle: 203  Cost: 111.07
Route: 2 35 15 28 55 25 54 53 -2 
  2 [10  60: 75]
 35 [ 8 109:114]
 15 [ 5 300:305]
 28 [ 4 327:332]
 55 [ 5 332:337]
 25 [ 1 345:350]
 54 [ 3 361:366]
 53 [ 6 370:375]
 -2 [ 6 398:398]

Vehicle: 301  Cost: 73.73
Route: 3 16 44 32 -3 
  3 [ 8  32:147]
 16 [ 4 180:185]
 44 [ 8 196:201]
 32 [ 4 300:305]
 -3 [ 4 331:331]

Vehicle: 302  Cost: 116.60
Route: 3 49 34 33 5 42 -3 
  3 [ 9  32: 47]
 49 [10  90: 95]
 34 [ 6 106:111]
 33 [ 3 300:305]
  5 [ 1 323:328]
 42 [ 3 328:333]
 -3 [ 3 372:372]

Vehicle: 303  Cost: 71.66
Route: 3 12 30 57 29 -3 
  3 [10  32: 47]
 12 [ 6  70: 75]
 30 [ 4  85: 90]
 57 [ 8  90: 95]
 29 [ 4 420:425]
 -3 [ 4 447:447]

Vehicle: 304  Cost: 125.75
Route: 3 31 62 39 58 40 63 18 -3 
  3 [10  32:259]
 31 [ 6 300:305]
 62 [ 8 313:318]
 39 [ 7 318:323]
 58 [ 8 420:425]
 40 [ 5 443:448]
 63 [ 7 448:453]
 18 [ 5 475:480]
 -3 [ 5 504:504]

Vehicle: 305  Cost: 168.93
Route: 3 36 60 19 22 52 4 11 48 -3 
  3 [10  32: 47]
 36 [ 8  95:100]
 60 [ 9 100:105]
 19 [ 7 129:134]
 22 [ 6 153:158]
 52 [10 158:163]
  4 [ 9 174:179]
 11 [ 5 300:305]
 48 [ 9 342:347]
 -3 [ 9 364:364]

Vehicle: 306  Cost: 180.32
Route: 3 23 8 7 47 64 56 17 -3 
  3 [10  32: 47]
 23 [ 6 117:122]
  8 [ 2 136:141]
  7 [ 1 180:185]
 47 [ 3 300:305]
 64 [ 6 320:325]
 56 [ 7 333:338]
 17 [ 6 353:358]
 -3 [ 6 393:393]

Vehicle: 308  Cost: 76.30
Route: 3 9 45 41 6 43 -3 
  3 [10  32: 47]
  9 [ 7  64: 69]
 45 [ 8  69: 74]
 41 [ 4 300:305]
  6 [ 1 314:319]
 43 [ 5 319:324]
 -3 [ 5 356:356]

Vehicle: 311  Cost: 129.02
Route: 3 13 46 14 50 21 26 10 -3 
  3 [10  32: 47]
 13 [ 8  54: 59]
 46 [ 9  59: 64]
 14 [ 8 104:109]
 50 [10 124:129]
 21 [ 6 300:305]
 26 [ 5 308:313]
 10 [ 3 335:340]
 -3 [ 3 370:370]

Total Cost: 1504.04
 11:120.02, 26:75 [1, 2, -2, -1]
 12:64.00, 74:75 [1, 3, -3, -1]
 13:64.00, 24:75 [1, 3, -3, -1]
201:123.44, 10:10 [2, 27, 51, 20, 24, -2]
202:79.20, 9:10 [2, 59, 37, 38, 61, -2]
203:111.07, 10:10 [2, 35, 15, 28, 55, 25, 54, 53, -2]
301:73.73, 8:10 [3, 16, 44, 32, -3]
302:116.60, 10:10 [3, 49, 34, 33, 5, 42, -3]
303:71.66, 10:10 [3, 12, 30, 57, 29, -3]
304:125.75, 10:10 [3, 31, 62, 39, 58, 40, 63, 18, -3]
305:168.93, 10:10 [3, 36, 60, 19, 22, 52, 4, 11, 48, -3]
306:180.32, 10:10 [3, 23, 8, 7, 47, 64, 56, 17, -3]
308:76.30, 10:10 [3, 9, 45, 41, 6, 43, -3]
311:129.02, 10:10 [3, 13, 46, 14, 50, 21, 26, 10, -3]
fe: 3, se: 11

!ALNS------------
100000,1504.040560332847,109.735,62.239,3,11,0.5511111111111111,0.9727272727272728,20.333333333333332,5.545454545454546
3 5 5 1 0 1 5 0 
22.822675925400038 40.730037962885554 27.574927988521402 22.15456179272292 55.38073473449952 76.40116469991442 20.197160067607037 44.80924711931348 
1 4 2 1 3 3 6 0 
28.104117843219907 28.760922108662648 30.86121872370411 23.594282852120365 34.44120470832256 27.317705974976448 31.348904787555533 28.82501211593527 

x[3373] = 1.0
Vehicle: 12  Cost: 64.00
Route: 1 3 -3 -1 
 1 [ 75   0:  0 [40, 12, 36, 34, 11, 19, 41, 32, 4, 18, 8, 17, 30, 5, 16, 6, 7, 29, 33, 31, 14, 26, 22, 21, 39, 23, 10, 9]]
 3 [  0  32: 32 []]
-3 [ 24  32:561 [56, 58, 42, 57, 64, 63, 60, 50, 47, 62, 43]]
-1 [ 24 593:593 [56, 58, 42, 57, 64, 63, 60, 50, 47, 62, 43]]

x[4297] = 1.0
Vehicle: 11  Cost: 120.02
Route: 1 2 -2 -1 
 1 [ 26   0:  0 [38, 20, 28, 35, 27, 24, 25, 15, 37]]
 2 [  0  60: 60 []]
-2 [ 17  60:420 [53, 61, 54, 55, 59, 51]]
-1 [ 17 480:480 [53, 61, 54, 55, 59, 51]]

x[12389] = 1.0
Vehicle: 13  Cost: 64.00
Route: 1 3 -3 -1 
 1 [ 36   0:  0 [7, 6, 19, 40, 34, 17, 33, 13, 36, 8, 9, 18, 4, 31, 22]]
 3 [  0  32: 32 []]
-3 [ 30  32:387 [56, 42, 48, 50, 49, 44, 45, 59, 57, 46, 52, 60, 63]]
-1 [ 30 419:419 [56, 42, 48, 50, 49, 44, 45, 59, 57, 46, 52, 60, 63]]

y[1126] = 1.0
Vehicle: 306  Cost: 180.32
Route: 3 23 8 7 47 64 56 17 -3 
  3 [10 108:123]
 23 [ 6 193:198]
  8 [ 2 212:217]
  7 [ 1 222:227]
 47 [ 3 300:305]
 64 [ 6 320:325]
 56 [ 7 333:338]
 17 [ 6 353:358]
 -3 [ 6 393:393]

y[1209] = 1.0
Vehicle: 308  Cost: 76.30
Route: 3 9 45 41 6 43 -3 
  3 [10 197:212]
  9 [ 7 229:234]
 45 [ 8 234:239]
 41 [ 4 300:305]
  6 [ 1 314:319]
 43 [ 5 319:324]
 -3 [ 5 356:356]

y[1298] = 1.0
Vehicle: 203  Cost: 79.20
Route: 2 59 37 38 61 -2 
  2 [ 6  60: 75]
 59 [ 9  92: 97]
 37 [ 6 113:118]
 38 [ 3 300:305]
 61 [ 7 305:310]
 -2 [ 7 337:337]

y[1436] = 1.0
Vehicle: 308  Cost: 56.34
Route: 3 29 32 -3 
  3 [ 8 479:494]
 29 [ 4 516:521]
 32 [ 0 529:534]
 -3 [ 0 560:560]

y[1655] = 1.0
Vehicle: 304  Cost: 125.75
Route: 3 31 62 39 58 40 63 18 -3 
  3 [10 197:259]
 31 [ 6 300:305]
 62 [ 8 313:318]
 39 [ 7 318:323]
 58 [ 8 420:425]
 40 [ 5 443:448]
 63 [ 7 448:453]
 18 [ 5 475:480]
 -3 [ 5 504:504]

y[1796] = 1.0
Vehicle: 202  Cost: 123.44
Route: 2 27 51 20 24 -2 
  2 [10  60: 75]
 27 [ 6 122:127]
 51 [10 300:305]
 20 [ 7 314:319]
 24 [ 4 348:353]
 -2 [ 4 362:362]

y[2643] = 1.0
Vehicle: 309  Cost: 121.35
Route: 3 30 14 50 21 26 10 -3 
  3 [10  32: 47]
 30 [ 8  73: 78]
 14 [ 7  92: 97]
 50 [ 9 111:116]
 21 [ 5 300:305]
 26 [ 4 308:313]
 10 [ 2 335:340]
 -3 [ 2 370:370]

y[2757] = 1.0
Vehicle: 305  Cost: 168.93
Route: 3 36 60 19 22 52 4 11 48 -3 
  3 [10 108:123]
 36 [ 8 171:176]
 60 [ 9 176:181]
 19 [ 7 205:210]
 22 [ 6 229:234]
 52 [10 234:239]
  4 [ 9 250:255]
 11 [ 5 300:305]
 48 [ 9 342:347]
 -3 [ 9 364:364]

y[5071] = 1.0
Vehicle: 302  Cost: 116.60
Route: 3 49 34 33 42 5 -3 
  3 [ 9 108:123]
 49 [10 167:172]
 34 [ 6 182:187]
 33 [ 3 300:305]
 42 [ 5 323:328]
  5 [ 3 328:333]
 -3 [ 3 372:372]

y[6691] = 1.0
Vehicle: 203  Cost: 111.07
Route: 2 35 15 28 55 25 54 53 -2 
  2 [10  82: 97]
 35 [ 8 131:136]
 15 [ 5 300:305]
 28 [ 4 327:332]
 55 [ 5 332:337]
 25 [ 1 345:350]
 54 [ 3 361:366]
 53 [ 6 370:375]
 -2 [ 6 398:398]

y[6945] = 1.0
Vehicle: 303  Cost: 96.13
Route: 3 13 46 12 57 16 44 -3 
  3 [10  32: 47]
 13 [ 8  54: 59]
 46 [ 9  59: 64]
 12 [ 5  85: 90]
 57 [ 9 101:106]
 16 [ 5 180:185]
 44 [ 9 196:201]
 -3 [ 9 224:224]

FE: 3
SE: 11
!MIP-----
1503.4613016748908,442.17944598197937,9.147896584312169E-5,3,11,13806,7650

Run: 2
Total Cost: 1486.79
Vehicle: 11  Cost: 130.48
Route: 1 3 2 -2 -3 -1 
 1 [ 75   0:  0 [25, 13, 24, 33, 28, 29, 23, 22, 36, 19, 9, 27, 7, 17, 41, 21, 16, 40, 20, 26, 4, 37, 31, 35, 11, 15, 39, 38]]
 3 [ 38  32: 47 [25, 24, 28, 27, 40, 20, 37, 31, 35, 11, 15, 39, 38]]
 2 [  0  80: 80 []]
-2 [ 23  80:524 [53, 54, 51, 55, 58, 48, 63, 61, 62]]
-3 [ 31 558:573 [53, 54, 51, 55, 58, 48, 63, 56, 47, 64, 42, 61, 62]]
-1 [ 31 605:605 [53, 54, 51, 55, 58, 48, 63, 56, 47, 64, 42, 61, 62]]

Vehicle: 13  Cost: 64.00
Route: 1 3 -3 -1 
 1 [ 28   0:  0 [34, 5, 12, 8, 32, 18, 14, 6, 10, 30]]
 3 [  0  32: 32 []]
-3 [ 25  32:387 [52, 44, 46, 43, 57, 60, 50, 45, 49, 59]]
-1 [ 25 419:419 [52, 44, 46, 43, 57, 60, 50, 45, 49, 59]]

Vehicle: 201  Cost: 120.00
Route: 2 31 62 39 58 40 63 48 -2 
  2 [ 8  80:270]
 31 [ 4 300:305]
 62 [ 6 313:318]
 39 [ 5 318:323]
 58 [ 6 420:425]
 40 [ 3 443:448]
 63 [ 5 448:453]
 48 [ 9 484:489]
 -2 [ 9 509:509]

Vehicle: 202  Cost: 110.18
Route: 2 15 11 61 38 -2 
  2 [10  80:257]
 15 [ 7 300:305]
 11 [ 3 331:336]
 61 [ 7 350:355]
 38 [ 4 355:360]
 -2 [ 4 387:387]

Vehicle: 203  Cost: 98.65
Route: 2 35 37 28 55 25 54 53 -2 
  2 [10  80: 95]
 35 [ 8 129:134]
 37 [ 5 139:144]
 28 [ 4 300:305]
 55 [ 5 305:310]
 25 [ 1 318:323]
 54 [ 3 334:339]
 53 [ 6 343:348]
 -2 [ 6 371:371]

Vehicle: 204  Cost: 123.44
Route: 2 27 51 20 24 -2 
  2 [10  80: 95]
 27 [ 6 142:147]
 51 [10 300:305]
 20 [ 7 314:319]
 24 [ 4 348:353]
 -2 [ 4 362:362]

Vehicle: 301  Cost: 116.60
Route: 3 49 34 33 42 5 -3 
  3 [ 9  32: 47]
 49 [10  90: 95]
 34 [ 6 106:111]
 33 [ 3 300:305]
 42 [ 5 323:328]
  5 [ 3 328:333]
 -3 [ 3 372:372]

Vehicle: 302  Cost: 121.35
Route: 3 30 14 50 21 26 10 -3 
  3 [10  32: 47]
 30 [ 8  73: 78]
 14 [ 7  92: 97]
 50 [ 9 111:116]
 21 [ 5 300:305]
 26 [ 4 308:313]
 10 [ 2 335:340]
 -3 [ 2 370:370]

Vehicle: 303  Cost: 56.34
Route: 3 32 29 -3 
  3 [ 8  32:274]
 32 [ 4 300:305]
 29 [ 0 420:425]
 -3 [ 0 447:447]

Vehicle: 304  Cost: 180.32
Route: 3 23 8 7 47 64 56 17 -3 
  3 [10  32: 47]
 23 [ 6 117:122]
  8 [ 2 136:141]
  7 [ 1 180:185]
 47 [ 3 300:305]
 64 [ 6 320:325]
 56 [ 7 333:338]
 17 [ 6 353:358]
 -3 [ 6 393:393]

Vehicle: 305  Cost: 72.00
Route: 3 41 6 43 18 -3 
  3 [ 9  32:269]
 41 [ 5 300:305]
  6 [ 2 314:319]
 43 [ 6 319:324]
 18 [ 4 332:337]
 -3 [ 4 361:361]

Vehicle: 310  Cost: 197.28
Route: 3 45 9 60 36 19 22 52 4 59 -3 
  3 [ 9  32: 47]
 45 [10  64: 69]
  9 [ 7  69: 74]
 60 [ 8 108:113]
 36 [ 6 113:118]
 19 [ 4 142:147]
 22 [ 3 166:171]
 52 [ 7 171:176]
  4 [ 6 187:192]
 59 [ 9 234:239]
 -3 [ 9 289:289]

Vehicle: 312  Cost: 96.13
Route: 3 13 46 12 57 16 44 -3 
  3 [10  32: 47]
 13 [ 8  54: 59]
 46 [ 9  59: 64]
 12 [ 5  85: 90]
 57 [ 9 101:106]
 16 [ 5 180:185]
 44 [ 9 196:201]
 -3 [ 9 224:224]

Total Cost: 1486.79
 11:130.48, 75:75 [1, 3, 2, -2, -3, -1]
 13:64.00, 28:75 [1, 3, -3, -1]
201:120.00, 9:10 [2, 31, 62, 39, 58, 40, 63, 48, -2]
202:110.18, 10:10 [2, 15, 11, 61, 38, -2]
203:98.65, 10:10 [2, 35, 37, 28, 55, 25, 54, 53, -2]
204:123.44, 10:10 [2, 27, 51, 20, 24, -2]
301:116.60, 10:10 [3, 49, 34, 33, 42, 5, -3]
302:121.35, 10:10 [3, 30, 14, 50, 21, 26, 10, -3]
303:56.34, 8:10 [3, 32, 29, -3]
304:180.32, 10:10 [3, 23, 8, 7, 47, 64, 56, 17, -3]
305:72.00, 9:10 [3, 41, 6, 43, 18, -3]
310:197.28, 10:10 [3, 45, 9, 60, 36, 19, 22, 52, 4, 59, -3]
312:96.13, 10:10 [3, 13, 46, 12, 57, 16, 44, -3]
fe: 2, se: 11

!ALNS------------
100000,1486.7871233743583,169.982,166.855,2,11,0.6866666666666666,0.9636363636363636,30.5,5.545454545454546
6 6 1 10 0 0 9 0 
22.91488884258918 41.37876667040692 30.430026464131174 19.958181598031704 30.920152470646485 63.607947285951155 23.145421307512716 49.649459099843796 
8 2 6 2 4 3 4 3 
29.330535513297917 28.577204527794475 31.424261562367278 32.17806062454645 32.949570164825 27.55370514783136 22.931537781874976 37.69186074527477 

x[6999] = 0.999999999999999
Vehicle: 11  Cost: 130.48
Route: 1 3 2 -2 -3 -1 
 1 [ 74   0:  0 [35, 38, 39, 36, 24, 11, 20, 8, 31, 25, 28, 27, 16, 17, 40, 6, 19, 22, 18, 4, 5, 21, 26, 33, 13, 14, 15, 37, 30, 7]]
 3 [ 37  32: 47 [35, 38, 39, 36, 24, 11, 20, 31, 25, 28, 27, 40, 15]]
 2 [  0  80: 80 []]
-2 [ 19  80:494 [62, 51, 53, 63, 55, 54, 61, 58]]
-3 [ 33 527:542 [62, 51, 47, 53, 64, 56, 63, 55, 43, 48, 54, 61, 58]]
-1 [ 33 574:574 [62, 51, 47, 53, 64, 56, 63, 55, 43, 48, 54, 61, 58]]

x[8434] = 1.0
Vehicle: 13  Cost: 64.00
Route: 1 3 -3 -1 
 1 [ 31   0:  0 [29, 9, 41, 10, 34, 30, 23, 12, 32]]
 3 [  0  32: 32 []]
-3 [ 27  32:387 [49, 46, 59, 42, 52, 43, 50, 45, 60, 44, 57]]
-1 [ 27 419:419 [49, 46, 59, 42, 52, 43, 50, 45, 60, 44, 57]]

y[613] = 1.0
Vehicle: 205  Cost: 98.33
Route: 2 38 61 11 58 -2 
  2 [ 7  60:273]
 38 [ 4 300:305]
 61 [ 8 305:310]
 11 [ 4 323:328]
 58 [ 5 420:425]
 -2 [ 5 472:472]

y[670] = 1.0
Vehicle: 306  Cost: 56.34
Route: 3 29 32 -3 
  3 [ 8 502:517]
 29 [ 4 539:544]
 32 [ 0 552:557]
 -3 [ 0 583:583]

y[868] = 1.0
Vehicle: 312  Cost: 121.35
Route: 3 30 14 50 21 26 10 -3 
  3 [10 108:123]
 30 [ 8 149:154]
 14 [ 7 168:173]
 50 [ 9 187:192]
 21 [ 5 300:305]
 26 [ 4 308:313]
 10 [ 2 335:340]
 -3 [ 2 370:370]

y[2928] = 1.0
Vehicle: 320  Cost: 180.32
Route: 3 23 8 7 47 64 56 17 -3 
  3 [10  32: 47]
 23 [ 6 117:122]
  8 [ 2 136:141]
  7 [ 1 180:185]
 47 [ 3 300:305]
 64 [ 6 320:325]
 56 [ 7 333:338]
 17 [ 6 353:358]
 -3 [ 6 393:393]

y[4645] = 1.0
Vehicle: 305  Cost: 79.53
Route: 3 18 6 43 41 48 -3 
  3 [ 9  32:276]
 18 [ 7 300:305]
  6 [ 4 313:318]
 43 [ 8 318:323]
 41 [ 4 332:337]
 48 [ 8 359:364]
 -3 [ 8 380:380]

y[5131] = 1.0
Vehicle: 301  Cost: 116.60
Route: 3 49 34 33 42 5 -3 
  3 [ 9 108:123]
 49 [10 167:172]
 34 [ 6 182:187]
 33 [ 3 300:305]
 42 [ 5 323:328]
  5 [ 3 328:333]
 -3 [ 3 372:372]

y[6148] = 1.0
Vehicle: 310  Cost: 203.02
Route: 3 9 45 60 19 22 52 4 37 59 -3 
  3 [10  32: 47]
  9 [ 7  64: 69]
 45 [ 8  69: 74]
 60 [ 9 108:113]
 19 [ 7 137:142]
 22 [ 6 161:166]
 52 [10 166:171]
  4 [ 9 182:187]
 37 [ 6 220:225]
 59 [ 9 240:245]
 -3 [ 9 295:295]

y[6207] = 1.0
Vehicle: 201  Cost: 101.58
Route: 2 36 63 40 39 62 31 -2 
  2 [10  80: 95]
 36 [ 8 142:147]
 63 [10 300:305]
 40 [ 7 305:310]
 39 [ 6 320:325]
 62 [ 8 325:330]
 31 [ 4 339:344]
 -2 [ 4 374:374]

y[6419] = 1.0
Vehicle: 302  Cost: 96.13
Route: 3 13 46 12 57 16 44 -3 
  3 [10 108:123]
 13 [ 8 130:135]
 46 [ 9 135:140]
 12 [ 5 162:167]
 57 [ 9 177:182]
 16 [ 5 206:211]
 44 [ 9 222:227]
 -3 [ 9 249:249]

y[6564] = 1.0
Vehicle: 201  Cost: 111.07
Route: 2 35 15 28 55 25 54 53 -2 
  2 [10  80: 95]
 35 [ 8 129:134]
 15 [ 5 300:305]
 28 [ 4 327:332]
 55 [ 5 332:337]
 25 [ 1 345:350]
 54 [ 3 361:366]
 53 [ 6 370:375]
 -2 [ 6 398:398]

y[6790] = 1.0
Vehicle: 204  Cost: 123.44
Route: 2 27 51 20 24 -2 
  2 [10  82: 97]
 27 [ 6 144:149]
 51 [10 300:305]
 20 [ 7 314:319]
 24 [ 4 348:353]
 -2 [ 4 362:362]

FE: 2
SE: 11
!MIP-----
1482.2081618242573,264.5643320083618,9.811698746424402E-5,2,11,10141,7830

Run: 3
Total Cost: 1506.45
Vehicle: 12  Cost: 64.00
Route: 1 3 -3 -1 
 1 [ 74   0:  0 [23, 39, 17, 28, 35, 5, 37, 9, 25, 14, 8, 22, 33, 34, 36, 32, 38, 40, 26, 10, 15, 20, 24, 21, 7, 19, 27, 4, 41]]
 3 [  0  32: 32 []]
-3 [ 31  32:387 [43, 61, 42, 52, 49, 46, 48, 45, 59, 60, 50, 44]]
-1 [ 31 419:419 [43, 61, 42, 52, 49, 46, 48, 45, 59, 60, 50, 44]]

Vehicle: 13  Cost: 64.00
Route: 1 3 -3 -1 
 1 [ 29   0:  0 [18, 6, 29, 13, 11, 16, 31, 30, 12]]
 3 [  0  32: 32 []]
-3 [ 25  32:510 [54, 57, 53, 56, 62, 63, 64, 51, 58, 47, 55]]
-1 [ 25 542:542 [54, 57, 53, 56, 62, 63, 64, 51, 58, 47, 55]]

Vehicle: 301  Cost: 116.60
Route: 3 49 34 33 5 42 -3 
  3 [ 9  32: 47]
 49 [10  90: 95]
 34 [ 6 106:111]
 33 [ 3 300:305]
  5 [ 1 323:328]
 42 [ 3 328:333]
 -3 [ 3 372:372]

Vehicle: 302  Cost: 129.02
Route: 3 13 46 14 50 21 26 10 -3 
  3 [10  32: 47]
 13 [ 8  54: 59]
 46 [ 9  59: 64]
 14 [ 8 104:109]
 50 [10 124:129]
 21 [ 6 300:305]
 26 [ 5 308:313]
 10 [ 3 335:340]
 -3 [ 3 370:370]

Vehicle: 303  Cost: 180.32
Route: 3 23 8 7 47 64 56 17 -3 
  3 [10  32: 47]
 23 [ 6 117:122]
  8 [ 2 136:141]
  7 [ 1 180:185]
 47 [ 3 300:305]
 64 [ 6 320:325]
 56 [ 7 333:338]
 17 [ 6 353:358]
 -3 [ 6 393:393]

Vehicle: 304  Cost: 73.73
Route: 3 16 44 32 -3 
  3 [ 8  32:147]
 16 [ 4 180:185]
 44 [ 8 196:201]
 32 [ 4 300:305]
 -3 [ 4 331:331]

Vehicle: 305  Cost: 136.23
Route: 3 45 9 59 37 38 61 -3 
  3 [ 9  32: 47]
 45 [10  64: 69]
  9 [ 7  69: 74]
 59 [10 111:116]
 37 [ 7 131:136]
 38 [ 4 300:305]
 61 [ 8 305:310]
 -3 [ 8 358:358]

Vehicle: 306  Cost: 71.66
Route: 3 12 30 57 29 -3 
  3 [10  32: 47]
 12 [ 6  70: 75]
 30 [ 4  85: 90]
 57 [ 8  90: 95]
 29 [ 4 420:425]
 -3 [ 4 447:447]

Vehicle: 307  Cost: 168.93
Route: 3 36 60 19 22 52 4 11 48 -3 
  3 [10  32: 47]
 36 [ 8  95:100]
 60 [ 9 100:105]
 19 [ 7 129:134]
 22 [ 6 153:158]
 52 [10 158:163]
  4 [ 9 174:179]
 11 [ 5 300:305]
 48 [ 9 342:347]
 -3 [ 9 364:364]

Vehicle: 308  Cost: 136.32
Route: 3 27 51 20 24 -3 
  3 [10  32: 47]
 27 [ 6  89: 94]
 51 [10 300:305]
 20 [ 7 314:319]
 24 [ 4 348:353]
 -3 [ 4 379:379]

Vehicle: 309  Cost: 172.36
Route: 3 35 15 55 28 25 54 53 -3 
  3 [10  32: 47]
 35 [ 8 109:114]
 15 [ 5 300:305]
 55 [ 6 327:332]
 28 [ 5 332:337]
 25 [ 1 345:350]
 54 [ 3 361:366]
 53 [ 6 370:375]
 -3 [ 6 431:431]

Vehicle: 310  Cost: 72.00
Route: 3 41 6 43 18 -3 
  3 [ 9  32:269]
 41 [ 5 300:305]
  6 [ 2 314:319]
 43 [ 6 319:324]
 18 [ 4 332:337]
 -3 [ 4 361:361]

Vehicle: 312  Cost: 121.27
Route: 3 31 62 39 58 63 40 -3 
  3 [ 8  32:259]
 31 [ 4 300:305]
 62 [ 6 313:318]
 39 [ 5 318:323]
 58 [ 6 420:425]
 63 [ 8 443:448]
 40 [ 5 448:453]
 -3 [ 5 495:495]

Total Cost: 1506.45
 12:64.00, 74:75 [1, 3, -3, -1]
 13:64.00, 29:75 [1, 3, -3, -1]
301:116.60, 10:10 [3, 49, 34, 33, 5, 42, -3]
302:129.02, 10:10 [3, 13, 46, 14, 50, 21, 26, 10, -3]
303:180.32, 10:10 [3, 23, 8, 7, 47, 64, 56, 17, -3]
304:73.73, 8:10 [3, 16, 44, 32, -3]
305:136.23, 10:10 [3, 45, 9, 59, 37, 38, 61, -3]
306:71.66, 10:10 [3, 12, 30, 57, 29, -3]
307:168.93, 10:10 [3, 36, 60, 19, 22, 52, 4, 11, 48, -3]
308:136.32, 10:10 [3, 27, 51, 20, 24, -3]
309:172.36, 10:10 [3, 35, 15, 55, 28, 25, 54, 53, -3]
310:72.00, 9:10 [3, 41, 6, 43, 18, -3]
312:121.27, 8:10 [3, 31, 62, 39, 58, 63, 40, -3]
fe: 2, se: 11

!ALNS------------
100000,1506.4485819478593,228.237,83.815,2,11,0.6866666666666666,0.9545454545454546,30.5,5.545454545454546
6 3 4 0 0 0 5 0 
18.653989883575868 41.091766991849326 21.137439818226138 21.808548911998866 54.21283694193183 30.52676565943534 25.522743838280455 30.474293790232203 
1 2 2 2 2 3 4 2 
26.55668036495758 20.43635166278835 23.153651044838654 25.053939304342816 28.409034278405805 31.384707092331432 25.011203820463958 33.54526556239429 

x[31666] = 1.0
Vehicle: 12  Cost: 64.00
Route: 1 3 -3 -1 
 1 [ 75   0:  0 [25, 33, 20, 30, 40, 24, 4, 22, 11, 36, 26, 9, 13, 16, 27, 39, 10, 41, 35, 29, 18, 17, 7, 6, 23, 14, 31, 19, 37, 28]]
 3 [  0  32: 32 []]
-3 [ 33  32:387 [48, 46, 63, 42, 59, 52, 60, 43, 49, 50, 44, 45, 61]]
-1 [ 33 419:419 [48, 46, 63, 42, 59, 52, 60, 43, 49, 50, 44, 45, 61]]

x[40125] = 1.0
Vehicle: 11  Cost: 64.00
Route: 1 3 -3 -1 
 1 [ 75   0:  0 [7, 8, 14, 13, 34, 38, 23, 26, 32, 25, 21, 20, 10, 16, 6, 5, 9, 41, 24, 28, 15, 37, 30, 12, 17, 31, 22]]
 3 [  0  32: 32 []]
-3 [ 36  32:512 [55, 57, 51, 62, 43, 64, 60, 56, 53, 42, 48, 54, 63, 58, 47]]
-1 [ 36 544:544 [55, 57, 51, 62, 43, 64, 60, 56, 53, 42, 48, 54, 63, 58, 47]]

y[1057] = 1.0
Vehicle: 304  Cost: 121.35
Route: 3 30 14 50 21 26 10 -3 
  3 [10 108:123]
 30 [ 8 149:154]
 14 [ 7 168:173]
 50 [ 9 187:192]
 21 [ 5 300:305]
 26 [ 4 308:313]
 10 [ 2 335:340]
 -3 [ 2 370:370]

y[1328] = 1.0
Vehicle: 305  Cost: 136.23
Route: 3 45 9 59 37 38 61 -3 
  3 [ 9 108:123]
 45 [10 140:145]
  9 [ 7 145:150]
 59 [10 187:192]
 37 [ 7 207:212]
 38 [ 4 300:305]
 61 [ 8 305:310]
 -3 [ 8 358:358]

y[1454] = 1.0
Vehicle: 303  Cost: 180.32
Route: 3 23 8 7 47 64 56 17 -3 
  3 [10 108:123]
 23 [ 6 193:198]
  8 [ 2 212:217]
  7 [ 1 222:227]
 47 [ 3 300:305]
 64 [ 6 320:325]
 56 [ 7 333:338]
 17 [ 6 353:358]
 -3 [ 6 393:393]

y[3575] = 1.0
Vehicle: 307  Cost: 168.93
Route: 3 36 60 19 22 52 4 11 48 -3 
  3 [10 108:123]
 36 [ 8 171:176]
 60 [ 9 176:181]
 19 [ 7 205:210]
 22 [ 6 229:234]
 52 [10 234:239]
  4 [ 9 250:255]
 11 [ 5 300:305]
 48 [ 9 342:347]
 -3 [ 9 364:364]

y[3911] = 1.0
Vehicle: 304  Cost: 56.34
Route: 3 32 29 -3 
  3 [ 8 470:485]
 32 [ 4 510:515]
 29 [ 0 524:529]
 -3 [ 0 551:551]

y[4748] = 1.0
Vehicle: 301  Cost: 72.00
Route: 3 41 43 6 18 -3 
  3 [ 9 454:469]
 41 [ 5 500:505]
 43 [ 9 514:519]
  6 [ 6 519:524]
 18 [ 4 532:537]
 -3 [ 4 561:561]

y[5891] = 1.0
Vehicle: 312  Cost: 121.27
Route: 3 31 39 62 58 40 63 -3 
  3 [ 8 108:259]
 31 [ 4 300:305]
 39 [ 3 313:318]
 62 [ 5 318:323]
 58 [ 6 420:425]
 40 [ 3 443:448]
 63 [ 5 448:453]
 -3 [ 5 495:495]

y[6549] = 1.0
Vehicle: 301  Cost: 116.60
Route: 3 49 34 33 5 42 -3 
  3 [ 9 108:123]
 49 [10 167:172]
 34 [ 6 182:187]
 33 [ 3 300:305]
  5 [ 1 323:328]
 42 [ 3 328:333]
 -3 [ 3 372:372]

y[8029] = 1.0
Vehicle: 309  Cost: 172.36
Route: 3 35 15 55 28 25 54 53 -3 
  3 [10 108:123]
 35 [ 8 185:190]
 15 [ 5 300:305]
 55 [ 6 327:332]
 28 [ 5 332:337]
 25 [ 1 345:350]
 54 [ 3 361:366]
 53 [ 6 370:375]
 -3 [ 6 431:431]

y[8280] = 1.0
Vehicle: 302  Cost: 96.13
Route: 3 13 46 12 57 16 44 -3 
  3 [10 108:123]
 13 [ 8 130:135]
 46 [ 9 135:140]
 12 [ 5 162:167]
 57 [ 9 177:182]
 16 [ 5 206:211]
 44 [ 9 222:227]
 -3 [ 9 249:249]

y[9377] = 1.0
Vehicle: 308  Cost: 136.32
Route: 3 27 51 20 24 -3 
  3 [10 108:123]
 27 [ 6 165:170]
 51 [10 300:305]
 20 [ 7 314:319]
 24 [ 4 348:353]
 -3 [ 4 379:379]

FE: 2
SE: 11
!MIP-----
1505.8693232899031,3405.3571588993073,9.93616806757821E-5,2,11,49681,10068

Run: 4
Total Cost: 1511.87
Vehicle: 11  Cost: 125.25
Route: 1 2 -2 3 -3 -1 
 1 [ 56   0:  0 [21, 23, 28, 20, 24, 7, 8, 35, 31, 40, 26, 29, 38, 15, 27, 39, 25, 37, 11]]
 2 [ 16  60: 60 [21, 40, 26, 29, 11]]
-2 [ 38  60:417 [64, 21, 51, 62, 55, 54, 61, 47, 40, 26, 29, 56, 53, 11]]
 3 [ 22 450:450 [64, 51, 62, 55, 54, 61, 47, 56, 53]]
-3 [ 33 450:629 [64, 51, 43, 62, 63, 55, 54, 61, 47, 48, 56, 53, 58]]
-1 [ 33 661:661 [64, 51, 43, 62, 63, 55, 54, 61, 47, 48, 56, 53, 58]]

Vehicle: 12  Cost: 64.00
Route: 1 3 -3 -1 
 1 [ 47   0:  0 [33, 9, 13, 30, 41, 34, 6, 14, 36, 5, 10, 19, 12, 17, 16, 32, 18, 22, 4]]
 3 [  0  32: 32 []]
-3 [ 23  32:387 [49, 57, 50, 46, 42, 45, 60, 59, 44, 52]]
-1 [ 23 419:419 [49, 57, 50, 46, 42, 45, 60, 59, 44, 52]]

Vehicle: 201  Cost: 93.24
Route: 2 37 38 61 31 -2 
  2 [10  60: 75]
 37 [ 7 106:111]
 38 [ 4 300:305]
 61 [ 8 305:310]
 31 [ 4 323:328]
 -2 [ 4 358:358]

Vehicle: 202  Cost: 123.44
Route: 2 27 51 20 24 -2 
  2 [10  60: 75]
 27 [ 6 122:127]
 51 [10 300:305]
 20 [ 7 314:319]
 24 [ 4 348:353]
 -2 [ 4 362:362]

Vehicle: 203  Cost: 191.31
Route: 2 7 8 23 47 64 56 39 62 -2 
  2 [10  60: 95]
  7 [ 9 180:185]
  8 [ 5 190:195]
 23 [ 1 209:214]
 47 [ 3 300:305]
 64 [ 6 320:325]
 56 [ 7 333:338]
 39 [ 6 354:359]
 62 [ 8 359:364]
 -2 [ 8 402:402]

Vehicle: 204  Cost: 111.07
Route: 2 35 15 55 28 25 54 53 -2 
  2 [10  60: 75]
 35 [ 8 109:114]
 15 [ 5 300:305]
 55 [ 6 327:332]
 28 [ 5 332:337]
 25 [ 1 345:350]
 54 [ 3 361:366]
 53 [ 6 370:375]
 -2 [ 6 398:398]

Vehicle: 302  Cost: 121.45
Route: 3 14 50 16 44 32 -3 
  3 [ 9  32: 47]
 14 [ 8  87: 92]
 50 [10 106:111]
 16 [ 6 180:185]
 44 [10 196:201]
 32 [ 6 300:305]
 -3 [ 6 331:331]

Vehicle: 303  Cost: 124.10
Route: 3 40 63 58 11 48 -3 
  3 [ 7 450:465]
 40 [ 4 507:512]
 63 [ 6 512:517]
 58 [ 7 535:540]
 11 [ 3 550:555]
 48 [ 7 592:597]
 -3 [ 7 614:614]

Vehicle: 304  Cost: 79.18
Route: 3 26 21 29 -3 
  3 [ 9 450:465]
 26 [ 8 499:504]
 21 [ 4 507:512]
 29 [ 0 532:537]
 -3 [ 0 559:559]

Vehicle: 305  Cost: 81.29
Route: 3 18 17 6 43 41 -3 
  3 [10  32:276]
 18 [ 8 300:305]
 17 [ 7 316:321]
  6 [ 4 327:332]
 43 [ 8 332:337]
 41 [ 4 346:351]
 -3 [ 4 382:382]

Vehicle: 306  Cost: 83.66
Route: 3 13 46 12 30 57 10 -3 
  3 [10  32: 47]
 13 [ 8  54: 59]
 46 [ 9  59: 64]
 12 [ 5  85: 90]
 30 [ 3 101:106]
 57 [ 7 106:111]
 10 [ 5 300:305]
 -3 [ 5 336:336]

Vehicle: 307  Cost: 116.60
Route: 3 49 34 33 5 42 -3 
  3 [ 9  32: 47]
 49 [10  90: 95]
 34 [ 6 106:111]
 33 [ 3 300:305]
  5 [ 1 323:328]
 42 [ 3 328:333]
 -3 [ 3 372:372]

Vehicle: 308  Cost: 197.28
Route: 3 45 9 36 60 19 22 52 4 59 -3 
  3 [ 9  32: 47]
 45 [10  64: 69]
  9 [ 7  69: 74]
 36 [ 5 108:113]
 60 [ 6 113:118]
 19 [ 4 142:147]
 22 [ 3 166:171]
 52 [ 7 171:176]
  4 [ 6 187:192]
 59 [ 9 234:239]
 -3 [ 9 289:289]

Total Cost: 1511.87
 11:125.25, 56:75 [1, 2, -2, 3, -3, -1]
 12:64.00, 47:75 [1, 3, -3, -1]
201:93.24, 10:10 [2, 37, 38, 61, 31, -2]
202:123.44, 10:10 [2, 27, 51, 20, 24, -2]
203:191.31, 10:10 [2, 7, 8, 23, 47, 64, 56, 39, 62, -2]
204:111.07, 10:10 [2, 35, 15, 55, 28, 25, 54, 53, -2]
302:121.45, 10:10 [3, 14, 50, 16, 44, 32, -3]
303:124.10, 7:10 [3, 40, 63, 58, 11, 48, -3]
304:79.18, 9:10 [3, 26, 21, 29, -3]
305:81.29, 10:10 [3, 18, 17, 6, 43, 41, -3]
306:83.66, 10:10 [3, 13, 46, 12, 30, 57, 10, -3]
307:116.60, 10:10 [3, 49, 34, 33, 5, 42, -3]
308:197.28, 10:10 [3, 45, 9, 36, 60, 19, 22, 52, 4, 59, -3]
fe: 2, se: 11

!ALNS------------
100000,1511.8694314439388,102.31,60.663,2,11,0.6866666666666666,0.9636363636363636,30.5,5.545454545454546
9 6 8 7 0 0 2 0 
15.536902665719884 39.99287462978945 32.055427686839394 23.50978684796142 87.53686757080906 59.52449994290893 20.678221070360852 41.93907070878838 
2 2 6 4 4 6 6 2 
24.692544314618953 28.741217561819774 24.84091824119912 34.60279733284503 22.9552677825247 28.43759769814019 26.81676641581806 35.44126017708627 

x[5409] = 1.0
Vehicle: 12  Cost: 64.00
Route: 1 3 -3 -1 
 1 [ 42   0:  0 [26, 19, 11, 39, 18, 41, 17, 7, 36, 6, 8, 32, 21, 23, 40, 30]]
 3 [  0  32: 32 []]
-3 [ 22  32:514 [62, 57, 48, 42, 56, 63, 47, 64, 60, 58]]
-1 [ 22 546:546 [62, 57, 48, 42, 56, 63, 47, 64, 60, 58]]

x[6085] = 1.0
Vehicle: 11  Cost: 120.02
Route: 1 2 -2 -1 
 1 [ 26   0:  0 [28, 20, 27, 25, 24, 15, 38, 37, 35]]
 2 [  0  60: 60 []]
-2 [ 17  60:420 [61, 59, 51, 54, 53, 55]]
-1 [ 17 480:480 [61, 59, 51, 54, 53, 55]]

x[10739] = 1.0
Vehicle: 13  Cost: 64.00
Route: 1 3 -3 -1 
 1 [ 35   0:  0 [13, 29, 16, 34, 31, 9, 10, 4, 14, 33, 22, 12, 5]]
 3 [  0  32: 32 []]
-3 [ 17  32:387 [52, 46, 50, 44, 43, 45, 49]]
-1 [ 17 419:419 [52, 46, 50, 44, 43, 45, 49]]

y[195] = 1.0
Vehicle: 304  Cost: 121.27
Route: 3 31 39 62 58 40 63 -3 
  3 [ 8  32:259]
 31 [ 4 300:305]
 39 [ 3 313:318]
 62 [ 5 318:323]
 58 [ 6 420:425]
 40 [ 3 443:448]
 63 [ 5 448:453]
 -3 [ 5 495:495]

y[342] = 1.0
Vehicle: 205  Cost: 123.44
Route: 2 27 51 20 24 -2 
  2 [10 113:128]
 27 [ 6 175:180]
 51 [10 300:305]
 20 [ 7 314:319]
 24 [ 4 348:353]
 -2 [ 4 362:362]

y[751] = 1.0
Vehicle: 309  Cost: 76.30
Route: 3 9 45 41 43 6 -3 
  3 [10  32: 47]
  9 [ 7  64: 69]
 45 [ 8  69: 74]
 41 [ 4 300:305]
 43 [ 8 314:319]
  6 [ 5 319:324]
 -3 [ 5 356:356]

y[979] = 1.0
Vehicle: 306  Cost: 121.35
Route: 3 30 14 50 21 26 10 -3 
  3 [10 108:123]
 30 [ 8 149:154]
 14 [ 7 168:173]
 50 [ 9 187:192]
 21 [ 5 300:305]
 26 [ 4 308:313]
 10 [ 2 335:340]
 -3 [ 2 370:370]

y[1357] = 1.0
Vehicle: 310  Cost: 180.32
Route: 3 23 8 7 47 64 56 17 -3 
  3 [10 108:123]
 23 [ 6 193:198]
  8 [ 2 212:217]
  7 [ 1 222:227]
 47 [ 3 300:305]
 64 [ 6 320:325]
 56 [ 7 333:338]
 17 [ 6 353:358]
 -3 [ 6 393:393]

y[2073] = 1.0
Vehicle: 202  Cost: 79.20
Route: 2 59 37 38 61 -2 
  2 [ 6  80: 95]
 59 [ 9 113:118]
 37 [ 6 133:138]
 38 [ 3 300:305]
 61 [ 7 305:310]
 -2 [ 7 337:337]

y[5528] = 1.0
Vehicle: 308  Cost: 168.93
Route: 3 36 60 19 22 52 4 11 48 -3 
  3 [10  32: 47]
 36 [ 8  95:100]
 60 [ 9 100:105]
 19 [ 7 129:134]
 22 [ 6 153:158]
 52 [10 158:163]
  4 [ 9 174:179]
 11 [ 5 300:305]
 48 [ 9 342:347]
 -3 [ 9 364:364]

y[6310] = 1.0
Vehicle: 307  Cost: 116.60
Route: 3 49 34 33 5 42 -3 
  3 [ 9 108:123]
 49 [10 167:172]
 34 [ 6 182:187]
 33 [ 3 300:305]
  5 [ 1 323:328]
 42 [ 3 328:333]
 -3 [ 3 372:372]

y[7896] = 1.0
Vehicle: 307  Cost: 96.13
Route: 3 13 46 12 57 16 44 -3 
  3 [10 108:123]
 13 [ 8 130:135]
 46 [ 9 135:140]
 12 [ 5 162:167]
 57 [ 9 177:182]
 16 [ 5 206:211]
 44 [ 9 222:227]
 -3 [ 9 249:249]

y[8354] = 1.0
Vehicle: 204  Cost: 111.07
Route: 2 35 15 55 28 25 54 53 -2 
  2 [10  82: 97]
 35 [ 8 131:136]
 15 [ 5 300:305]
 55 [ 6 327:332]
 28 [ 5 332:337]
 25 [ 1 345:350]
 54 [ 3 361:366]
 53 [ 6 370:375]
 -2 [ 6 398:398]

y[8446] = 1.0
Vehicle: 302  Cost: 66.92
Route: 3 18 32 29 -3 
  3 [10 462:477]
 18 [ 8 501:506]
 32 [ 4 518:523]
 29 [ 0 532:537]
 -3 [ 0 559:559]

FE: 3
SE: 11
!MIP-----
1509.5645380737114,432.03867197036743,9.998746103889161E-5,3,11,12325,9553

Run: 5
Total Cost: 1501.12
Vehicle: 11  Cost: 125.25
Route: 1 2 -2 3 -3 -1 
 1 [ 55   0:  0 [29, 31, 32, 8, 27, 20, 28, 36, 25, 6, 35, 15, 38, 11, 40, 19, 7, 24, 39]]
 2 [ 18  60: 60 [29, 32, 6, 11, 40]]
-2 [ 41  60:417 [29, 61, 32, 55, 62, 56, 53, 60, 6, 47, 11, 40, 64, 51, 54]]
 3 [ 23 450:450 [61, 55, 62, 56, 53, 60, 47, 64, 51, 54]]
-3 [ 36 450:638 [61, 55, 62, 56, 53, 60, 47, 58, 64, 42, 63, 51, 48, 54, 43]]
-1 [ 36 670:670 [61, 55, 62, 56, 53, 60, 47, 58, 64, 42, 63, 51, 48, 54, 43]]

Vehicle: 12  Cost: 64.00
Route: 1 3 -3 -1 
 1 [ 48   0:  0 [34, 33, 21, 12, 5, 37, 23, 18, 4, 17, 16, 41, 30, 14, 22, 10, 26, 9, 13]]
 3 [  0  32: 32 []]
-3 [ 20  32:385 [49, 57, 52, 44, 59, 50, 46, 45]]
-1 [ 20 417:417 [49, 57, 52, 44, 59, 50, 46, 45]]

Vehicle: 201  Cost: 111.07
Route: 2 35 15 55 28 25 54 53 -2 
  2 [10  60: 75]
 35 [ 8 109:114]
 15 [ 5 300:305]
 55 [ 6 327:332]
 28 [ 5 332:337]
 25 [ 1 345:350]
 54 [ 3 361:366]
 53 [ 6 370:375]
 -2 [ 6 398:398]

Vehicle: 202  Cost: 186.64
Route: 2 36 60 19 7 8 47 64 56 39 62 -2 
  2 [10  60: 75]
 36 [ 8 122:127]
 60 [ 9 127:132]
 19 [ 7 156:161]
  7 [ 6 181:186]
  8 [ 2 191:196]
 47 [ 4 300:305]
 64 [ 7 320:325]
 56 [ 8 333:338]
 39 [ 7 354:359]
 62 [ 9 359:364]
 -2 [ 9 402:402]

Vehicle: 203  Cost: 123.44
Route: 2 27 51 20 24 -2 
  2 [10  60: 75]
 27 [ 6 122:127]
 51 [10 300:305]
 20 [ 7 314:319]
 24 [ 4 348:353]
 -2 [ 4 362:362]

Vehicle: 204  Cost: 69.82
Route: 2 38 61 31 -2 
  2 [ 7  60:273]
 38 [ 4 300:305]
 61 [ 8 305:310]
 31 [ 4 323:328]
 -2 [ 4 358:358]

Vehicle: 301  Cost: 56.34
Route: 3 32 29 -3 
  3 [ 8 450:465]
 32 [ 4 491:496]
 29 [ 0 504:509]
 -3 [ 0 531:531]

Vehicle: 302  Cost: 114.49
Route: 3 34 33 42 5 17 -3 
  3 [10  32: 47]
 34 [ 6  98:103]
 33 [ 3 300:305]
 42 [ 5 323:328]
  5 [ 3 328:333]
 17 [ 2 338:343]
 -3 [ 2 378:378]

Vehicle: 303  Cost: 79.00
Route: 3 9 48 41 18 -3 
  3 [ 9  32: 47]
  9 [ 6  64: 69]
 48 [10 300:305]
 41 [ 6 327:332]
 18 [ 4 345:350]
 -3 [ 4 374:374]

Vehicle: 304  Cost: 96.13
Route: 3 13 46 12 57 16 44 -3 
  3 [10  32: 47]
 13 [ 8  54: 59]
 46 [ 9  59: 64]
 12 [ 5  85: 90]
 57 [ 9 101:106]
 16 [ 5 180:185]
 44 [ 9 196:201]
 -3 [ 9 224:224]

Vehicle: 305  Cost: 121.35
Route: 3 30 14 50 21 26 10 -3 
  3 [10  32: 47]
 30 [ 8  73: 78]
 14 [ 7  92: 97]
 50 [ 9 111:116]
 21 [ 5 300:305]
 26 [ 4 308:313]
 10 [ 2 335:340]
 -3 [ 2 370:370]

Vehicle: 306  Cost: 127.90
Route: 3 11 58 63 40 43 6 -3 
  3 [10 450:465]
 11 [ 6 518:523]
 58 [ 7 533:538]
 63 [ 9 556:561]
 40 [ 6 561:566]
 43 [10 582:587]
  6 [ 7 587:592]
 -3 [ 7 623:623]

Vehicle: 307  Cost: 225.67
Route: 3 49 23 22 52 4 37 59 45 -3 
  3 [ 9  32: 47]
 49 [10  90: 95]
 23 [ 6 124:129]
 22 [ 5 170:175]
 52 [ 9 175:180]
  4 [ 8 191:196]
 37 [ 5 229:234]
 59 [ 8 249:254]
 45 [ 9 291:296]
 -3 [ 9 313:313]

Total Cost: 1501.12
 11:125.25, 55:75 [1, 2, -2, 3, -3, -1]
 12:64.00, 48:75 [1, 3, -3, -1]
201:111.07, 10:10 [2, 35, 15, 55, 28, 25, 54, 53, -2]
202:186.64, 10:10 [2, 36, 60, 19, 7, 8, 47, 64, 56, 39, 62, -2]
203:123.44, 10:10 [2, 27, 51, 20, 24, -2]
204:69.82, 8:10 [2, 38, 61, 31, -2]
301:56.34, 8:10 [3, 32, 29, -3]
302:114.49, 10:10 [3, 34, 33, 42, 5, 17, -3]
303:79.00, 10:10 [3, 9, 48, 41, 18, -3]
304:96.13, 10:10 [3, 13, 46, 12, 57, 16, 44, -3]
305:121.35, 10:10 [3, 30, 14, 50, 21, 26, 10, -3]
306:127.90, 10:10 [3, 11, 58, 63, 40, 43, 6, -3]
307:225.67, 10:10 [3, 49, 23, 22, 52, 4, 37, 59, 45, -3]
fe: 2, se: 11

!ALNS------------
100000,1501.1232517761566,100.067,49.448,2,11,0.6866666666666666,0.9636363636363636,30.5,5.545454545454546
3 7 7 7 0 0 3 0 
20.471468579757065 36.575867010554234 28.43725598658792 20.41315373582626 13.285280349989762 49.9705895816621 21.40806677576071 55.40862624879374 
4 0 4 2 3 7 6 1 
26.497160991809867 26.41902627986597 27.474909767086945 27.368488447716416 25.6555860423457 29.429321878372956 27.735682311431304 29.873083255533512 

x[3277] = 1.0
Vehicle: 11  Cost: 125.25
Route: 1 2 -2 3 -3 -1 
 1 [ 51   0:  0 [29, 8, 6, 35, 15, 38, 19, 7, 40, 25, 24, 39, 20, 27, 36, 28, 31, 11]]
 2 [ 14  60: 60 [29, 6, 40, 11]]
-2 [ 37  60:417 [29, 61, 53, 60, 6, 64, 40, 56, 54, 62, 47, 55, 51, 11]]
 3 [ 23 450:450 [61, 53, 60, 64, 56, 54, 62, 47, 55, 51]]
-3 [ 36 450:638 [61, 53, 60, 58, 48, 43, 64, 56, 54, 62, 63, 42, 47, 55, 51]]
-1 [ 36 670:670 [61, 53, 60, 58, 48, 43, 64, 56, 54, 62, 63, 42, 47, 55, 51]]

x[9400] = 0.9999999999999996
Vehicle: 12  Cost: 64.00
Route: 1 3 -3 -1 
 1 [ 52   0:  0 [21, 5, 4, 16, 41, 22, 26, 13, 37, 18, 10, 14, 12, 32, 23, 33, 17, 9, 34, 30]]
 3 [  0  32: 32 []]
-3 [ 20  32:385 [44, 45, 49, 52, 50, 57, 59, 46]]
-1 [ 20 417:417 [44, 45, 49, 52, 50, 57, 59, 46]]

y[118] = 1.0
Vehicle: 301  Cost: 56.34
Route: 3 29 32 -3 
  3 [ 8 503:518]
 29 [ 4 540:545]
 32 [ 0 553:558]
 -3 [ 0 584:584]

y[169] = 1.0
Vehicle: 202  Cost: 69.82
Route: 2 31 38 61 -2 
  2 [ 7  60:270]
 31 [ 3 300:305]
 38 [ 0 318:323]
 61 [ 4 323:328]
 -2 [ 4 355:355]

y[301] = 1.0
Vehicle: 203  Cost: 123.44
Route: 2 27 51 20 24 -2 
  2 [10 113:128]
 27 [ 6 175:180]
 51 [10 300:305]
 20 [ 7 314:319]
 24 [ 4 348:353]
 -2 [ 4 362:362]

y[884] = 1.0
Vehicle: 305  Cost: 121.35
Route: 3 30 14 50 21 26 10 -3 
  3 [10 108:123]
 30 [ 8 149:154]
 14 [ 7 168:173]
 50 [ 9 187:192]
 21 [ 5 300:305]
 26 [ 4 308:313]
 10 [ 2 335:340]
 -3 [ 2 370:370]

y[974] = 1.0
Vehicle: 201  Cost: 111.07
Route: 2 35 15 28 55 25 54 53 -2 
  2 [10 119:134]
 35 [ 8 168:173]
 15 [ 5 300:305]
 28 [ 4 327:332]
 55 [ 5 332:337]
 25 [ 1 345:350]
 54 [ 3 361:366]
 53 [ 6 370:375]
 -2 [ 6 398:398]

y[1183] = 1.0
Vehicle: 202  Cost: 186.64
Route: 2 36 60 19 7 8 47 64 56 62 39 -2 
  2 [10 119:134]
 36 [ 8 181:186]
 60 [ 9 186:191]
 19 [ 7 216:221]
  7 [ 6 241:246]
  8 [ 2 251:256]
 47 [ 4 300:305]
 64 [ 7 320:325]
 56 [ 8 333:338]
 62 [10 354:359]
 39 [ 9 359:364]
 -2 [ 9 402:402]

y[4357] = 1.0
Vehicle: 307  Cost: 225.67
Route: 3 49 23 52 22 4 37 59 45 -3 
  3 [ 9  32: 47]
 49 [10  90: 95]
 23 [ 6 124:129]
 52 [10 170:175]
 22 [ 9 175:180]
  4 [ 8 191:196]
 37 [ 5 229:234]
 59 [ 8 249:254]
 45 [ 9 291:296]
 -3 [ 9 313:313]

y[5650] = 1.0
Vehicle: 303  Cost: 79.00
Route: 3 9 48 41 18 -3 
  3 [ 9 108:123]
  9 [ 6 140:145]
 48 [10 300:305]
 41 [ 6 327:332]
 18 [ 4 345:350]
 -3 [ 4 374:374]

y[7158] = 1.0
Vehicle: 304  Cost: 96.13
Route: 3 13 46 12 57 16 44 -3 
  3 [10 108:123]
 13 [ 8 130:135]
 46 [ 9 135:140]
 12 [ 5 162:167]
 57 [ 9 177:182]
 16 [ 5 206:211]
 44 [ 9 222:227]
 -3 [ 9 249:249]

y[8086] = 1.0
Vehicle: 302  Cost: 114.49
Route: 3 34 33 42 5 17 -3 
  3 [10 108:123]
 34 [ 6 174:179]
 33 [ 3 300:305]
 42 [ 5 323:328]
  5 [ 3 328:333]
 17 [ 2 338:343]
 -3 [ 2 378:378]

y[8092] = 1.0
Vehicle: 306  Cost: 127.90
Route: 3 11 58 40 63 43 6 -3 
  3 [10 450:465]
 11 [ 6 518:523]
 58 [ 7 533:538]
 40 [ 4 556:561]
 63 [ 6 561:566]
 43 [10 582:587]
  6 [ 7 587:592]
 -3 [ 7 623:623]

FE: 2
SE: 11
!MIP-----
1501.1232517761564,265.7095880508423,9.896621346938263E-5,2,11,10100,8611

