--Parameters Information--
speed=1
run=5
iteration= 100000
batch=100
restartPeriod=10000
largeRemovalOccurrence=500
initialLNS=250
lowerBoundSmallRemoval=4
smallRemoval=0.2
lowerBoundLargeRemoval=0.55
largeRemoval=0.8
initialWeight=1.0
decayRate=0.1
gamma1=9.0
gamma2=5.0
gamma3=2.0
gamma4=0.0
coolingRate=0.9995
temperatureControlParameter=0.05
initialAcceptanceProbability=0.5
perturbation=0.5
perturbationFactor=0.01
split=20000

Setup: Split
Data: A_50_2_TD

Run: 1
Total Cost: 1464.47
Vehicle: 11  Cost: 128.16
Route: 1 2 -2 -1 
 1 [ 52   0:  0 [17, 32, 11, 31, 10, 4, 27, 24, 34, 25, 19, 6, 8, 22, 39, 21, 16, 38, 36, 9, 23, 13]]
 2 [  0  64: 64 []]
-2 [ 31  64:494 [49, 58, 60, 67, 44, 42, 56, 51, 61, 45, 68, 55, 47]]
-1 [ 31 558:558 [49, 58, 60, 67, 44, 42, 56, 51, 61, 45, 68, 55, 47]]

Vehicle: 12  Cost: 128.16
Route: 1 -2 -1 
 1 [  0   0:  0 []]
-2 [ 16  64:330 [59, 54, 46, 57, 50, 69]]
-1 [ 16 394:394 [59, 54, 46, 57, 50, 69]]

Vehicle: 13  Cost: 72.14
Route: 1 3 -3 -1 
 1 [ 35   0:  0 [40, 30, 14, 15, 7, 18, 29, 28, 12, 33, 5, 26, 20, 35, 37]]
 3 [  0  36: 36 []]
-3 [ 29  36:372 [48, 62, 64, 70, 52, 65, 71, 43, 66, 63, 41, 53]]
-1 [ 29 408:408 [48, 62, 64, 70, 52, 65, 71, 43, 66, 63, 41, 53]]

Vehicle: 201  Cost: 151.33
Route: 2 17 34 11 50 46 10 57 24 59 -2 
  2 [10  64: 79]
 17 [ 8 110:115]
 34 [ 7 120:125]
 11 [ 3 180:185]
 50 [ 7 210:215]
 46 [ 9 226:231]
 10 [ 8 231:236]
 57 [ 9 262:267]
 24 [ 7 277:282]
 59 [10 282:287]
 -2 [10 315:315]

Vehicle: 202  Cost: 132.07
Route: 2 31 44 6 68 21 55 39 -2 
  2 [ 8  64: 79]
 31 [ 5 112:117]
 44 [ 9 300:305]
  6 [ 7 305:310]
 68 [10 350:355]
 21 [ 8 378:383]
 55 [ 9 383:388]
 39 [ 8 399:404]
 -2 [ 8 406:406]

Vehicle: 203  Cost: 119.07
Route: 2 27 38 69 32 36 54 -2 
  2 [10  64: 79]
 27 [ 8 111:116]
 38 [ 4 134:139]
 69 [ 7 139:144]
 32 [ 5 152:157]
 36 [ 3 167:172]
 54 [ 6 210:215]
 -2 [ 6 228:228]

Vehicle: 204  Cost: 131.33
Route: 2 13 23 58 51 19 47 4 42 -2 
  2 [10  64:284]
 13 [ 6 300:305]
 23 [ 4 328:333]
 58 [ 5 333:338]
 51 [ 7 368:373]
 19 [ 4 373:378]
 47 [ 7 381:386]
  4 [ 6 420:425]
 42 [10 425:430]
 -2 [10 479:479]

Vehicle: 206  Cost: 102.24
Route: 2 25 8 22 61 -2 
  2 [ 9  64:283]
 25 [ 8 300:305]
  8 [ 4 311:316]
 22 [ 0 342:347]
 61 [ 3 379:384]
 -2 [ 3 405:405]

Vehicle: 208  Cost: 147.11
Route: 2 16 49 67 45 9 56 60 -2 
  2 [ 5  64: 79]
 16 [ 4 141:146]
 49 [ 5 146:151]
 67 [ 7 300:305]
 45 [10 315:320]
  9 [ 6 320:325]
 56 [ 8 338:343]
 60 [10 358:363]
 -2 [10 393:393]

Vehicle: 301  Cost: 68.10
Route: 3 37 71 40 30 15 52 -3 
  3 [ 7  36: 51]
 37 [ 5  75: 80]
 71 [ 7 180:185]
 40 [ 6 185:190]
 30 [ 3 300:305]
 15 [ 2 308:313]
 52 [ 3 331:336]
 -3 [ 3 348:348]

Vehicle: 302  Cost: 62.60
Route: 3 29 64 53 33 66 -3 
  3 [ 6  36: 51]
 29 [ 4  73: 78]
 64 [ 8  78: 83]
 53 [ 9  91: 96]
 33 [ 5 300:305]
 66 [ 6 305:310]
 -3 [ 6 327:327]

Vehicle: 303  Cost: 16.12
Route: 3 63 28 -3 
  3 [ 4  36:292]
 63 [ 6 300:305]
 28 [ 2 305:310]
 -3 [ 2 318:318]

Vehicle: 304  Cost: 71.39
Route: 3 41 26 62 18 14 48 -3 
  3 [ 8  36: 51]
 41 [ 9  66: 71]
 26 [ 6  79: 84]
 62 [10  84: 89]
 18 [ 6 300:305]
 14 [ 5 318:323]
 48 [ 9 323:328]
 -3 [ 9 357:357]

Vehicle: 305  Cost: 36.06
Route: 3 35 -3 
  3 [ 2  36:402]
 35 [ 0 420:425]
 -3 [ 0 443:443]

Vehicle: 307  Cost: 98.60
Route: 3 20 12 7 65 70 5 43 -3 
  3 [ 8  36: 51]
 20 [ 5  79: 84]
 12 [ 4  89: 94]
  7 [ 3 106:111]
 65 [ 7 129:134]
 70 [10 141:146]
  5 [ 7 300:305]
 43 [ 9 305:310]
 -3 [ 9 338:338]

Total Cost: 1464.47
 11:128.16, 52:75 [1, 2, -2, -1]
 12:128.16, 16:75 [1, -2, -1]
 13:72.14, 35:75 [1, 3, -3, -1]
201:151.33, 10:10 [2, 17, 34, 11, 50, 46, 10, 57, 24, 59, -2]
202:132.07, 10:10 [2, 31, 44, 6, 68, 21, 55, 39, -2]
203:119.07, 10:10 [2, 27, 38, 69, 32, 36, 54, -2]
204:131.33, 10:10 [2, 13, 23, 58, 51, 19, 47, 4, 42, -2]
206:102.24, 9:10 [2, 25, 8, 22, 61, -2]
208:147.11, 10:10 [2, 16, 49, 67, 45, 9, 56, 60, -2]
301:68.10, 7:10 [3, 37, 71, 40, 30, 15, 52, -3]
302:62.60, 9:10 [3, 29, 64, 53, 33, 66, -3]
303:16.12, 6:10 [3, 63, 28, -3]
304:71.39, 10:10 [3, 41, 26, 62, 18, 14, 48, -3]
305:36.06, 2:10 [3, 35, -3]
307:98.60, 10:10 [3, 20, 12, 7, 65, 70, 5, 43, -3]
fe: 3, se: 12

!ALNS------------
100000,1464.4707495654245,125.804,73.271,3,12,0.4577777777777778,0.8583333333333333,22.666666666666668,5.666666666666667
9 12 5 3 0 0 5 0 
16.00717107517898 39.63597778433168 21.792225891658788 27.03713583433478 21.42621680536998 38.75499311734322 21.008706404221694 65.86821718256473 
4 9 4 4 3 1 7 2 
34.12138183321905 23.825535763221808 29.63036034460098 34.17183246942824 27.322382391502696 27.5734447236767 24.529792599445607 26.946940324650317 

x[1062] = 1.0
Vehicle: 12  Cost: 128.16
Route: 1 -2 -1 
 1 [  0   0:  0 []]
-2 [ 19  64:356 [60, 69, 54, 50, 57, 46, 49, 59]]
-1 [ 19 420:420 [60, 69, 54, 50, 57, 46, 49, 59]]

x[4481] = 1.0
Vehicle: 11  Cost: 128.16
Route: 1 2 -2 -1 
 1 [ 52   0:  0 [17, 31, 39, 38, 25, 9, 13, 34, 16, 8, 6, 19, 10, 23, 36, 27, 22, 24, 32, 21, 4, 11]]
 2 [  0  64: 64 []]
-2 [ 33  64:533 [49, 58, 55, 51, 43, 47, 61, 44, 42, 60, 68, 67, 45, 56]]
-1 [ 33 597:597 [49, 58, 55, 51, 43, 47, 61, 44, 42, 60, 68, 67, 45, 56]]

x[5142] = 1.0
Vehicle: 13  Cost: 72.14
Route: 1 3 -3 -1 
 1 [ 35   0:  0 [29, 26, 28, 30, 5, 14, 40, 15, 18, 33, 7, 12, 20, 35, 37]]
 3 [  0  36: 36 []]
-3 [ 32  36:383 [53, 52, 63, 66, 48, 70, 41, 45, 65, 64, 62, 71, 43]]
-1 [ 32 419:419 [53, 52, 63, 66, 48, 70, 41, 45, 65, 64, 62, 71, 43]]

y[140] = 1.0
Vehicle: 208  Cost: 147.11
Route: 2 16 49 67 9 45 56 60 -2 
  2 [ 5  64: 79]
 16 [ 4 141:146]
 49 [ 5 146:151]
 67 [ 7 300:305]
  9 [ 3 315:320]
 45 [ 6 320:325]
 56 [ 8 338:343]
 60 [10 358:363]
 -2 [10 393:393]

y[878] = 1.0
Vehicle: 306  Cost: 62.60
Route: 3 29 64 53 33 66 -3 
  3 [ 6 139:154]
 29 [ 4 176:181]
 64 [ 8 181:186]
 53 [ 9 194:199]
 33 [ 5 300:305]
 66 [ 6 305:310]
 -3 [ 6 327:327]

y[973] = 1.0
Vehicle: 202  Cost: 102.24
Route: 2 25 8 22 61 -2 
  2 [ 9  64:283]
 25 [ 8 300:305]
  8 [ 4 311:316]
 22 [ 0 342:347]
 61 [ 3 379:384]
 -2 [ 3 405:405]

y[1054] = 1.0
Vehicle: 302  Cost: 36.06
Route: 3 35 -3 
  3 [ 2  36:402]
 35 [ 0 420:425]
 -3 [ 0 443:443]

y[1574] = 1.0
Vehicle: 202  Cost: 119.07
Route: 2 27 38 69 32 36 54 -2 
  2 [10  64: 79]
 27 [ 8 111:116]
 38 [ 4 134:139]
 69 [ 7 139:144]
 32 [ 5 152:157]
 36 [ 3 167:172]
 54 [ 6 210:215]
 -2 [ 6 228:228]

y[1845] = 1.0
Vehicle: 304  Cost: 71.39
Route: 3 41 26 62 18 48 14 -3 
  3 [ 8 139:154]
 41 [ 9 169:174]
 26 [ 6 182:187]
 62 [10 187:192]
 18 [ 6 300:305]
 48 [10 318:323]
 14 [ 9 323:328]
 -3 [ 9 357:357]

y[2132] = 1.0
Vehicle: 304  Cost: 98.60
Route: 3 20 12 7 65 70 5 43 -3 
  3 [ 8  36: 51]
 20 [ 5  79: 84]
 12 [ 4  89: 94]
  7 [ 3 106:111]
 65 [ 7 129:134]
 70 [10 141:146]
  5 [ 7 300:305]
 43 [ 9 305:310]
 -3 [ 9 338:338]

y[2492] = 1.0
Vehicle: 302  Cost: 16.12
Route: 3 28 63 -3 
  3 [ 4 139:292]
 28 [ 0 300:305]
 63 [ 2 305:310]
 -3 [ 2 318:318]

y[2744] = 1.0
Vehicle: 201  Cost: 151.33
Route: 2 17 34 11 50 10 46 57 24 59 -2 
  2 [10  64: 79]
 17 [ 8 110:115]
 34 [ 7 120:125]
 11 [ 3 180:185]
 50 [ 7 210:215]
 10 [ 6 226:231]
 46 [ 8 231:236]
 57 [ 9 262:267]
 24 [ 7 277:282]
 59 [10 282:287]
 -2 [10 315:315]

y[2753] = 1.0
Vehicle: 301  Cost: 68.10
Route: 3 37 40 71 30 15 52 -3 
  3 [ 7 139:154]
 37 [ 5 178:183]
 40 [ 4 191:196]
 71 [ 6 196:201]
 30 [ 3 300:305]
 15 [ 2 308:313]
 52 [ 3 331:336]
 -3 [ 3 348:348]

y[4430] = 1.0
Vehicle: 202  Cost: 132.07
Route: 2 31 6 44 68 21 55 39 -2 
  2 [ 8 125:140]
 31 [ 5 174:179]
  6 [ 3 300:305]
 44 [ 7 305:310]
 68 [10 350:355]
 21 [ 8 378:383]
 55 [ 9 383:388]
 39 [ 8 399:404]
 -2 [ 8 406:406]

y[5078] = 1.0
Vehicle: 202  Cost: 131.33
Route: 2 13 58 23 19 51 47 4 42 -2 
  2 [10  64:284]
 13 [ 6 300:305]
 58 [ 7 328:333]
 23 [ 5 333:338]
 19 [ 2 368:373]
 51 [ 4 373:378]
 47 [ 7 381:386]
  4 [ 6 420:425]
 42 [10 425:430]
 -2 [10 479:479]

FE: 3
SE: 12
!MIP-----
1464.4707495654247,349.5033531188965,7.274714323135944E-5,3,12,6999,5748

Run: 2
Total Cost: 1413.62
Vehicle: 11  Cost: 128.16
Route: 1 2 -2 -1 
 1 [ 40   0:  0 [25, 39, 27, 19, 31, 4, 6, 9, 11, 8, 13, 22, 17, 21, 23, 34]]
 2 [  0  64: 64 []]
-2 [ 28  64:494 [56, 44, 55, 60, 47, 61, 68, 51, 45, 58, 42]]
-1 [ 28 558:558 [56, 44, 55, 60, 47, 61, 68, 51, 45, 58, 42]]

Vehicle: 12  Cost: 72.14
Route: 1 3 -3 -1 
 1 [ 47   0:  0 [14, 33, 32, 37, 30, 18, 12, 40, 28, 38, 7, 20, 5, 29, 35, 10, 24, 15, 26, 36, 16]]
 3 [  0  36: 36 []]
-3 [ 48  36:372 [59, 71, 46, 70, 63, 66, 41, 52, 54, 69, 53, 64, 49, 67, 48, 65, 43, 62, 50, 57]]
-1 [ 48 408:408 [59, 71, 46, 70, 63, 66, 41, 52, 54, 69, 53, 64, 49, 67, 48, 65, 43, 62, 50, 57]]

Vehicle: 201  Cost: 153.23
Route: 2 17 11 58 51 19 47 4 42 -2 
  2 [10  64: 79]
 17 [ 8 110:115]
 11 [ 4 180:185]
 58 [ 5 300:305]
 51 [ 7 335:340]
 19 [ 4 340:345]
 47 [ 7 349:354]
  4 [ 6 420:425]
 42 [10 425:430]
 -2 [10 479:479]

Vehicle: 202  Cost: 93.28
Route: 2 34 22 8 25 -2 
  2 [10  64: 79]
 34 [ 9 114:119]
 22 [ 5 300:305]
  8 [ 1 331:336]
 25 [ 0 342:347]
 -2 [ 0 364:364]

Vehicle: 204  Cost: 127.50
Route: 2 13 61 23 56 9 45 60 -2 
  2 [10  64:284]
 13 [ 6 300:305]
 61 [ 9 315:320]
 23 [ 7 334:339]
 56 [ 9 364:369]
  9 [ 5 382:387]
 45 [ 8 387:392]
 60 [10 412:417]
 -2 [10 447:447]

Vehicle: 205  Cost: 136.28
Route: 2 27 31 6 44 68 21 55 39 -2 
  2 [10  64: 79]
 27 [ 8 111:116]
 31 [ 5 122:127]
  6 [ 3 300:305]
 44 [ 7 305:310]
 68 [10 350:355]
 21 [ 8 378:383]
 55 [ 9 383:388]
 39 [ 8 399:404]
 -2 [ 8 406:406]

Vehicle: 301  Cost: 71.39
Route: 3 41 26 62 18 48 14 -3 
  3 [ 8  36: 51]
 41 [ 9  66: 71]
 26 [ 6  79: 84]
 62 [10  84: 89]
 18 [ 6 300:305]
 48 [10 318:323]
 14 [ 9 323:328]
 -3 [ 9 357:357]

Vehicle: 302  Cost: 201.84
Route: 3 38 69 32 36 54 57 24 59 -3 
  3 [10  36: 51]
 38 [ 6 124:129]
 69 [ 9 129:134]
 32 [ 7 141:146]
 36 [ 5 157:162]
 54 [ 8 200:205]
 57 [ 9 224:229]
 24 [ 7 239:244]
 59 [10 244:249]
 -3 [10 293:293]

Vehicle: 303  Cost: 64.42
Route: 3 65 70 5 43 -3 
  3 [ 3  36: 51]
 65 [ 7  79: 84]
 70 [10  92: 97]
  5 [ 7 300:305]
 43 [ 9 305:310]
 -3 [ 9 338:338]

Vehicle: 304  Cost: 68.10
Route: 3 37 40 71 30 15 52 -3 
  3 [ 7  36: 51]
 37 [ 5  75: 80]
 40 [ 4 180:185]
 71 [ 6 185:190]
 30 [ 3 300:305]
 15 [ 2 308:313]
 52 [ 3 331:336]
 -3 [ 3 348:348]

Vehicle: 305  Cost: 36.06
Route: 3 35 -3 
  3 [ 2  36:402]
 35 [ 0 420:425]
 -3 [ 0 443:443]

Vehicle: 306  Cost: 192.68
Route: 3 20 53 12 7 50 10 46 16 49 67 -3 
  3 [ 7  36: 51]
 20 [ 4  79: 84]
 53 [ 5  84: 89]
 12 [ 4  94: 99]
  7 [ 3 111:116]
 50 [ 7 166:171]
 10 [ 6 183:188]
 46 [ 8 188:193]
 16 [ 7 211:216]
 49 [ 8 216:221]
 67 [10 300:305]
 -3 [10 355:355]

Vehicle: 307  Cost: 16.12
Route: 3 28 63 -3 
  3 [ 4  36:292]
 28 [ 0 300:305]
 63 [ 2 305:310]
 -3 [ 2 318:318]

Vehicle: 309  Cost: 52.43
Route: 3 29 64 66 33 -3 
  3 [ 6  36: 51]
 29 [ 4  73: 78]
 64 [ 8  78: 83]
 66 [ 9 300:305]
 33 [ 5 305:310]
 -3 [ 5 327:327]

Total Cost: 1413.62
 11:128.16, 40:75 [1, 2, -2, -1]
 12:72.14, 48:75 [1, 3, -3, -1]
201:153.23, 10:10 [2, 17, 11, 58, 51, 19, 47, 4, 42, -2]
202:93.28, 10:10 [2, 34, 22, 8, 25, -2]
204:127.50, 10:10 [2, 13, 61, 23, 56, 9, 45, 60, -2]
205:136.28, 10:10 [2, 27, 31, 6, 44, 68, 21, 55, 39, -2]
301:71.39, 10:10 [3, 41, 26, 62, 18, 48, 14, -3]
302:201.84, 10:10 [3, 38, 69, 32, 36, 54, 57, 24, 59, -3]
303:64.42, 10:10 [3, 65, 70, 5, 43, -3]
304:68.10, 7:10 [3, 37, 40, 71, 30, 15, 52, -3]
305:36.06, 2:10 [3, 35, -3]
306:192.68, 10:10 [3, 20, 53, 12, 7, 50, 10, 46, 16, 49, 67, -3]
307:16.12, 4:10 [3, 28, 63, -3]
309:52.43, 9:10 [3, 29, 64, 66, 33, -3]
fe: 2, se: 12

!ALNS------------
100000,1413.6244677253892,162.213,157.631,2,12,0.5866666666666667,0.85,34.0,5.666666666666667
5 3 7 9 0 0 3 0 
14.94398503177514 38.988286687411325 29.734349613736974 22.115540471969485 NaN 81.92693502355984 23.245695135270687 60.82043968915757 
3 1 2 2 8 1 6 4 
27.490861351790354 21.145996176015757 30.072636865708787 38.07313546230255 31.332192338076304 28.759830551187004 28.215493918217994 25.111986118062724 

x[1960] = 1.0
Vehicle: 11  Cost: 128.16
Route: 1 2 -2 -1 
 1 [ 40   0:  0 [9, 25, 8, 27, 4, 21, 31, 13, 39, 22, 19, 17, 23, 6, 34, 11]]
 2 [  0  64: 64 []]
-2 [ 30  64:562 [55, 42, 67, 61, 51, 47, 45, 56, 68, 60, 44, 58]]
-1 [ 30 626:626 [55, 42, 67, 61, 51, 47, 45, 56, 68, 60, 44, 58]]

x[2040] = 1.0
Vehicle: 12  Cost: 72.14
Route: 1 3 -3 -1 
 1 [ 47   0:  0 [10, 16, 29, 40, 5, 14, 7, 30, 33, 28, 20, 37, 12, 36, 24, 18, 32, 35, 26, 38, 15]]
 3 [  0  36: 36 []]
-3 [ 48  36:383 [41, 46, 59, 43, 66, 48, 71, 49, 54, 53, 64, 65, 50, 57, 67, 70, 62, 69, 63, 52]]
-1 [ 48 419:419 [41, 46, 59, 43, 66, 48, 71, 49, 54, 53, 64, 65, 50, 57, 67, 70, 62, 69, 63, 52]]

y[348] = 1.0
Vehicle: 301  Cost: 16.12
Route: 3 63 28 -3 
  3 [ 4  36:292]
 63 [ 6 300:305]
 28 [ 2 305:310]
 -3 [ 2 318:318]

y[475] = 1.0
Vehicle: 207  Cost: 153.23
Route: 2 17 11 58 51 19 47 4 42 -2 
  2 [10  64: 79]
 17 [ 8 110:115]
 11 [ 4 180:185]
 58 [ 5 300:305]
 51 [ 7 335:340]
 19 [ 4 340:345]
 47 [ 7 349:354]
  4 [ 6 420:425]
 42 [10 425:430]
 -2 [10 479:479]

y[551] = 1.0
Vehicle: 302  Cost: 201.84
Route: 3 38 69 32 36 54 57 24 59 -3 
  3 [10  36: 51]
 38 [ 6 124:129]
 69 [ 9 129:134]
 32 [ 7 141:146]
 36 [ 5 157:162]
 54 [ 8 200:205]
 57 [ 9 224:229]
 24 [ 7 239:244]
 59 [10 244:249]
 -3 [10 293:293]

y[649] = 1.0
Vehicle: 202  Cost: 93.28
Route: 2 34 22 8 25 -2 
  2 [10 111:126]
 34 [ 9 161:166]
 22 [ 5 300:305]
  8 [ 1 331:336]
 25 [ 0 342:347]
 -2 [ 0 364:364]

y[1022] = 1.0
Vehicle: 305  Cost: 52.43
Route: 3 64 29 33 66 -3 
  3 [ 6  36: 51]
 64 [10  73: 78]
 29 [ 8  78: 83]
 33 [ 4 300:305]
 66 [ 5 305:310]
 -3 [ 5 327:327]

y[1264] = 1.0
Vehicle: 301  Cost: 64.42
Route: 3 65 70 5 43 -3 
  3 [ 3  36: 51]
 65 [ 7  79: 84]
 70 [10  92: 97]
  5 [ 7 300:305]
 43 [ 9 305:310]
 -3 [ 9 338:338]

y[1276] = 1.0
Vehicle: 204  Cost: 127.50
Route: 2 13 61 23 56 9 45 60 -2 
  2 [10  64:284]
 13 [ 6 300:305]
 61 [ 9 315:320]
 23 [ 7 334:339]
 56 [ 9 364:369]
  9 [ 5 382:387]
 45 [ 8 387:392]
 60 [10 412:417]
 -2 [10 447:447]

y[1512] = 1.0
Vehicle: 301  Cost: 71.39
Route: 3 41 26 62 18 48 14 -3 
  3 [ 8 139:154]
 41 [ 9 169:174]
 26 [ 6 182:187]
 62 [10 187:192]
 18 [ 6 300:305]
 48 [10 318:323]
 14 [ 9 323:328]
 -3 [ 9 357:357]

y[1946] = 1.0
Vehicle: 202  Cost: 136.28
Route: 2 27 31 44 6 68 21 55 39 -2 
  2 [10 111:126]
 27 [ 8 158:163]
 31 [ 5 169:174]
 44 [ 9 300:305]
  6 [ 7 305:310]
 68 [10 350:355]
 21 [ 8 378:383]
 55 [ 9 383:388]
 39 [ 8 399:404]
 -2 [ 8 406:406]

y[2200] = 1.0
Vehicle: 304  Cost: 68.10
Route: 3 37 71 40 30 15 52 -3 
  3 [ 7 139:154]
 37 [ 5 178:183]
 71 [ 7 191:196]
 40 [ 6 196:201]
 30 [ 3 300:305]
 15 [ 2 308:313]
 52 [ 3 331:336]
 -3 [ 3 348:348]

y[2354] = 1.0
Vehicle: 306  Cost: 192.68
Route: 3 53 20 12 7 50 46 10 49 16 67 -3 
  3 [ 7  36: 51]
 53 [ 8  79: 84]
 20 [ 5  84: 89]
 12 [ 4  94: 99]
  7 [ 3 111:116]
 50 [ 7 166:171]
 46 [ 9 183:188]
 10 [ 8 188:193]
 49 [ 9 211:216]
 16 [ 8 216:221]
 67 [10 300:305]
 -3 [10 355:355]

y[4341] = 1.0
Vehicle: 307  Cost: 36.06
Route: 3 35 -3 
  3 [ 2 139:402]
 35 [ 0 420:425]
 -3 [ 0 443:443]

FE: 2
SE: 12
!MIP-----
1413.6244677253894,155.57543516159058,0.0,2,12,4676,4693

Run: 3
Total Cost: 1413.62
Vehicle: 11  Cost: 128.16
Route: 1 2 -2 -1 
 1 [ 40   0:  0 [6, 25, 34, 4, 27, 11, 17, 23, 9, 31, 21, 39, 22, 13, 8, 19]]
 2 [  0  64: 64 []]
-2 [ 28  64:494 [42, 44, 45, 47, 58, 68, 51, 56, 55, 61, 60]]
-1 [ 28 558:558 [42, 44, 45, 47, 58, 68, 51, 56, 55, 61, 60]]

Vehicle: 12  Cost: 72.14
Route: 1 3 -3 -1 
 1 [ 47   0:  0 [12, 32, 33, 40, 5, 18, 30, 38, 7, 15, 28, 14, 36, 24, 26, 20, 29, 16, 10, 37, 35]]
 3 [  0  36: 36 []]
-3 [ 48  36:372 [59, 46, 70, 64, 71, 49, 66, 48, 41, 65, 52, 50, 54, 57, 69, 67, 43, 63, 53, 62]]
-1 [ 48 408:408 [59, 46, 70, 64, 71, 49, 66, 48, 41, 65, 52, 50, 54, 57, 69, 67, 43, 63, 53, 62]]

Vehicle: 201  Cost: 153.23
Route: 2 17 11 58 19 51 47 4 42 -2 
  2 [10  64: 79]
 17 [ 8 110:115]
 11 [ 4 180:185]
 58 [ 5 300:305]
 19 [ 2 335:340]
 51 [ 4 340:345]
 47 [ 7 349:354]
  4 [ 6 420:425]
 42 [10 425:430]
 -2 [10 479:479]

Vehicle: 202  Cost: 93.28
Route: 2 34 22 8 25 -2 
  2 [10  64: 79]
 34 [ 9 114:119]
 22 [ 5 300:305]
  8 [ 1 331:336]
 25 [ 0 342:347]
 -2 [ 0 364:364]

Vehicle: 204  Cost: 136.28
Route: 2 27 31 44 6 68 21 55 39 -2 
  2 [10  64: 79]
 27 [ 8 111:116]
 31 [ 5 122:127]
 44 [ 9 300:305]
  6 [ 7 305:310]
 68 [10 350:355]
 21 [ 8 378:383]
 55 [ 9 383:388]
 39 [ 8 399:404]
 -2 [ 8 406:406]

Vehicle: 207  Cost: 127.50
Route: 2 13 61 23 56 9 45 60 -2 
  2 [10  64:284]
 13 [ 6 300:305]
 61 [ 9 315:320]
 23 [ 7 334:339]
 56 [ 9 364:369]
  9 [ 5 382:387]
 45 [ 8 387:392]
 60 [10 412:417]
 -2 [10 447:447]

Vehicle: 301  Cost: 201.84
Route: 3 38 69 32 36 54 57 24 59 -3 
  3 [10  36: 51]
 38 [ 6 124:129]
 69 [ 9 129:134]
 32 [ 7 141:146]
 36 [ 5 157:162]
 54 [ 8 200:205]
 57 [ 9 224:229]
 24 [ 7 239:244]
 59 [10 244:249]
 -3 [10 293:293]

Vehicle: 302  Cost: 71.39
Route: 3 41 26 62 18 14 48 -3 
  3 [ 8  36: 51]
 41 [ 9  66: 71]
 26 [ 6  79: 84]
 62 [10  84: 89]
 18 [ 6 300:305]
 14 [ 5 318:323]
 48 [ 9 323:328]
 -3 [ 9 357:357]

Vehicle: 303  Cost: 192.68
Route: 3 53 20 12 7 50 10 46 16 49 67 -3 
  3 [ 7  36: 51]
 53 [ 8  79: 84]
 20 [ 5  84: 89]
 12 [ 4  94: 99]
  7 [ 3 111:116]
 50 [ 7 166:171]
 10 [ 6 183:188]
 46 [ 8 188:193]
 16 [ 7 211:216]
 49 [ 8 216:221]
 67 [10 300:305]
 -3 [10 355:355]

Vehicle: 304  Cost: 16.12
Route: 3 63 28 -3 
  3 [ 4  36:292]
 63 [ 6 300:305]
 28 [ 2 305:310]
 -3 [ 2 318:318]

Vehicle: 305  Cost: 52.43
Route: 3 29 64 66 33 -3 
  3 [ 6  36: 51]
 29 [ 4  73: 78]
 64 [ 8  78: 83]
 66 [ 9 300:305]
 33 [ 5 305:310]
 -3 [ 5 327:327]

Vehicle: 306  Cost: 64.42
Route: 3 65 70 5 43 -3 
  3 [ 3  36: 51]
 65 [ 7  79: 84]
 70 [10  92: 97]
  5 [ 7 300:305]
 43 [ 9 305:310]
 -3 [ 9 338:338]

Vehicle: 307  Cost: 36.06
Route: 3 35 -3 
  3 [ 2  36:402]
 35 [ 0 420:425]
 -3 [ 0 443:443]

Vehicle: 308  Cost: 68.10
Route: 3 37 71 40 30 15 52 -3 
  3 [ 7  36: 51]
 37 [ 5  75: 80]
 71 [ 7 180:185]
 40 [ 6 185:190]
 30 [ 3 300:305]
 15 [ 2 308:313]
 52 [ 3 331:336]
 -3 [ 3 348:348]

Total Cost: 1413.62
 11:128.16, 40:75 [1, 2, -2, -1]
 12:72.14, 48:75 [1, 3, -3, -1]
201:153.23, 10:10 [2, 17, 11, 58, 19, 51, 47, 4, 42, -2]
202:93.28, 10:10 [2, 34, 22, 8, 25, -2]
204:136.28, 10:10 [2, 27, 31, 44, 6, 68, 21, 55, 39, -2]
207:127.50, 10:10 [2, 13, 61, 23, 56, 9, 45, 60, -2]
301:201.84, 10:10 [3, 38, 69, 32, 36, 54, 57, 24, 59, -3]
302:71.39, 10:10 [3, 41, 26, 62, 18, 14, 48, -3]
303:192.68, 10:10 [3, 53, 20, 12, 7, 50, 10, 46, 16, 49, 67, -3]
304:16.12, 6:10 [3, 63, 28, -3]
305:52.43, 9:10 [3, 29, 64, 66, 33, -3]
306:64.42, 10:10 [3, 65, 70, 5, 43, -3]
307:36.06, 2:10 [3, 35, -3]
308:68.10, 7:10 [3, 37, 71, 40, 30, 15, 52, -3]
fe: 2, se: 12

!ALNS------------
100000,1413.6244677253894,181.31,24.542,2,12,0.5866666666666667,0.8666666666666667,34.0,5.666666666666667
4 5 4 3 0 2 6 0 
18.9675037654097 50.79878025197542 34.99508468572135 26.29112561110017 111.84452985375538 70.26575435960964 22.230654224321697 72.85534991079021 
6 5 0 2 2 4 3 2 
32.36195532560586 33.59325868813145 30.21138809371441 37.711462747017016 25.39820377478752 44.434912703728955 35.35915184291578 37.15597476105255 

x[1391] = 1.0
Vehicle: 12  Cost: 72.14
Route: 1 3 -3 -1 
 1 [ 47   0:  0 [28, 33, 32, 37, 20, 10, 15, 36, 7, 30, 24, 14, 12, 18, 35, 29, 16, 5, 26, 40, 38]]
 3 [  0  36: 36 []]
-3 [ 48  36:383 [69, 53, 71, 62, 59, 67, 64, 54, 41, 46, 49, 63, 48, 50, 43, 52, 66, 57, 65, 70]]
-1 [ 48 419:419 [69, 53, 71, 62, 59, 67, 64, 54, 41, 46, 49, 63, 48, 50, 43, 52, 66, 57, 65, 70]]

x[3050] = 1.0000000000000002
Vehicle: 11  Cost: 128.16
Route: 1 2 -2 -1 
 1 [ 40   0:  0 [19, 17, 25, 27, 6, 8, 11, 4, 13, 9, 34, 31, 22, 21, 23, 39]]
 2 [  0  64: 64 []]
-2 [ 30  64:525 [47, 60, 44, 51, 68, 43, 42, 58, 55, 56, 61, 45]]
-1 [ 30 589:589 [47, 60, 44, 51, 68, 43, 42, 58, 55, 56, 61, 45]]

y[393] = 1.0
Vehicle: 301  Cost: 16.12
Route: 3 28 63 -3 
  3 [ 4  36:292]
 28 [ 0 300:305]
 63 [ 2 305:310]
 -3 [ 2 318:318]

y[529] = 1.0
Vehicle: 201  Cost: 153.23
Route: 2 17 11 58 19 51 47 4 42 -2 
  2 [10  64: 79]
 17 [ 8 110:115]
 11 [ 4 180:185]
 58 [ 5 300:305]
 19 [ 2 335:340]
 51 [ 4 340:345]
 47 [ 7 349:354]
  4 [ 6 420:425]
 42 [10 425:430]
 -2 [10 479:479]

y[597] = 1.0
Vehicle: 301  Cost: 201.84
Route: 3 38 69 32 36 54 57 24 59 -3 
  3 [10  36: 51]
 38 [ 6 124:129]
 69 [ 9 129:134]
 32 [ 7 141:146]
 36 [ 5 157:162]
 54 [ 8 200:205]
 57 [ 9 224:229]
 24 [ 7 239:244]
 59 [10 244:249]
 -3 [10 293:293]

y[699] = 1.0
Vehicle: 202  Cost: 93.28
Route: 2 34 22 8 25 -2 
  2 [10 111:126]
 34 [ 9 161:166]
 22 [ 5 300:305]
  8 [ 1 331:336]
 25 [ 0 342:347]
 -2 [ 0 364:364]

y[938] = 1.0
Vehicle: 307  Cost: 36.06
Route: 3 35 -3 
  3 [ 2  36:402]
 35 [ 0 420:425]
 -3 [ 0 443:443]

y[1124] = 1.0
Vehicle: 305  Cost: 52.43
Route: 3 29 64 33 66 -3 
  3 [ 6  36: 51]
 29 [ 4  73: 78]
 64 [ 8  78: 83]
 33 [ 4 300:305]
 66 [ 5 305:310]
 -3 [ 5 327:327]

y[1399] = 1.0
Vehicle: 306  Cost: 64.42
Route: 3 65 70 5 43 -3 
  3 [ 3  36: 51]
 65 [ 7  79: 84]
 70 [10  92: 97]
  5 [ 7 300:305]
 43 [ 9 305:310]
 -3 [ 9 338:338]

y[1414] = 0.9999999999999999
Vehicle: 207  Cost: 127.50
Route: 2 13 61 23 56 9 45 60 -2 
  2 [10  64:284]
 13 [ 6 300:305]
 61 [ 9 315:320]
 23 [ 7 334:339]
 56 [ 9 364:369]
  9 [ 5 382:387]
 45 [ 8 387:392]
 60 [10 412:417]
 -2 [10 447:447]

y[1689] = 1.0
Vehicle: 302  Cost: 71.39
Route: 3 41 26 62 18 48 14 -3 
  3 [ 8 139:154]
 41 [ 9 169:174]
 26 [ 6 182:187]
 62 [10 187:192]
 18 [ 6 300:305]
 48 [10 318:323]
 14 [ 9 323:328]
 -3 [ 9 357:357]

y[2182] = 1.0
Vehicle: 202  Cost: 136.28
Route: 2 27 31 44 6 68 21 55 39 -2 
  2 [10 111:126]
 27 [ 8 158:163]
 31 [ 5 169:174]
 44 [ 9 300:305]
  6 [ 7 305:310]
 68 [10 350:355]
 21 [ 8 378:383]
 55 [ 9 383:388]
 39 [ 8 399:404]
 -2 [ 8 406:406]

y[2626] = 0.9999999999999999
Vehicle: 303  Cost: 192.68
Route: 3 20 53 12 7 50 10 46 49 16 67 -3 
  3 [ 7  36: 51]
 20 [ 4  79: 84]
 53 [ 5  84: 89]
 12 [ 4  94: 99]
  7 [ 3 111:116]
 50 [ 7 166:171]
 10 [ 6 183:188]
 46 [ 8 188:193]
 49 [ 9 211:216]
 16 [ 8 216:221]
 67 [10 300:305]
 -3 [10 355:355]

y[4230] = 1.0
Vehicle: 303  Cost: 68.10
Route: 3 37 40 71 30 15 52 -3 
  3 [ 7  36: 51]
 37 [ 5  75: 80]
 40 [ 4 180:185]
 71 [ 6 185:190]
 30 [ 3 300:305]
 15 [ 2 308:313]
 52 [ 3 331:336]
 -3 [ 3 348:348]

FE: 2
SE: 12
!MIP-----
1413.6244677253894,51.537230014801025,0.0,2,12,6585,5162

Run: 4
Total Cost: 1413.62
Vehicle: 11  Cost: 128.16
Route: 1 2 -2 -1 
 1 [ 40   0:  0 [34, 8, 39, 11, 6, 23, 22, 31, 9, 17, 13, 27, 21, 25, 19, 4]]
 2 [  0  64: 64 []]
-2 [ 28  64:494 [44, 58, 56, 60, 47, 68, 61, 45, 55, 51, 42]]
-1 [ 28 558:558 [44, 58, 56, 60, 47, 68, 61, 45, 55, 51, 42]]

Vehicle: 13  Cost: 72.14
Route: 1 3 -3 -1 
 1 [ 47   0:  0 [5, 15, 12, 16, 7, 40, 35, 28, 26, 37, 24, 36, 18, 29, 30, 14, 33, 20, 32, 38, 10]]
 3 [  0  36: 36 []]
-3 [ 48  36:372 [70, 57, 63, 48, 53, 71, 65, 64, 54, 59, 66, 67, 52, 41, 49, 62, 43, 69, 50, 46]]
-1 [ 48 408:408 [70, 57, 63, 48, 53, 71, 65, 64, 54, 59, 66, 67, 52, 41, 49, 62, 43, 69, 50, 46]]

Vehicle: 201  Cost: 93.28
Route: 2 34 22 8 25 -2 
  2 [10  64: 79]
 34 [ 9 114:119]
 22 [ 5 300:305]
  8 [ 1 331:336]
 25 [ 0 342:347]
 -2 [ 0 364:364]

Vehicle: 202  Cost: 127.50
Route: 2 13 61 23 56 9 45 60 -2 
  2 [10  64:284]
 13 [ 6 300:305]
 61 [ 9 315:320]
 23 [ 7 334:339]
 56 [ 9 364:369]
  9 [ 5 382:387]
 45 [ 8 387:392]
 60 [10 412:417]
 -2 [10 447:447]

Vehicle: 203  Cost: 153.23
Route: 2 17 11 58 19 51 47 4 42 -2 
  2 [10  64: 79]
 17 [ 8 110:115]
 11 [ 4 180:185]
 58 [ 5 300:305]
 19 [ 2 335:340]
 51 [ 4 340:345]
 47 [ 7 349:354]
  4 [ 6 420:425]
 42 [10 425:430]
 -2 [10 479:479]

Vehicle: 204  Cost: 136.28
Route: 2 27 31 6 44 68 21 55 39 -2 
  2 [10  64: 79]
 27 [ 8 111:116]
 31 [ 5 122:127]
  6 [ 3 300:305]
 44 [ 7 305:310]
 68 [10 350:355]
 21 [ 8 378:383]
 55 [ 9 383:388]
 39 [ 8 399:404]
 -2 [ 8 406:406]

Vehicle: 301  Cost: 71.39
Route: 3 41 26 62 18 14 48 -3 
  3 [ 8  36: 51]
 41 [ 9  66: 71]
 26 [ 6  79: 84]
 62 [10  84: 89]
 18 [ 6 300:305]
 14 [ 5 318:323]
 48 [ 9 323:328]
 -3 [ 9 357:357]

Vehicle: 302  Cost: 64.42
Route: 3 65 70 5 43 -3 
  3 [ 3  36: 51]
 65 [ 7  79: 84]
 70 [10  92: 97]
  5 [ 7 300:305]
 43 [ 9 305:310]
 -3 [ 9 338:338]

Vehicle: 303  Cost: 16.12
Route: 3 28 63 -3 
  3 [ 4  36:292]
 28 [ 0 300:305]
 63 [ 2 305:310]
 -3 [ 2 318:318]

Vehicle: 304  Cost: 192.68
Route: 3 20 53 12 7 50 46 10 49 16 67 -3 
  3 [ 7  36: 51]
 20 [ 4  79: 84]
 53 [ 5  84: 89]
 12 [ 4  94: 99]
  7 [ 3 111:116]
 50 [ 7 166:171]
 46 [ 9 183:188]
 10 [ 8 188:193]
 49 [ 9 211:216]
 16 [ 8 216:221]
 67 [10 300:305]
 -3 [10 355:355]

Vehicle: 305  Cost: 36.06
Route: 3 35 -3 
  3 [ 2  36:402]
 35 [ 0 420:425]
 -3 [ 0 443:443]

Vehicle: 306  Cost: 52.43
Route: 3 29 64 33 66 -3 
  3 [ 6  36: 51]
 29 [ 4  73: 78]
 64 [ 8  78: 83]
 33 [ 4 300:305]
 66 [ 5 305:310]
 -3 [ 5 327:327]

Vehicle: 307  Cost: 68.10
Route: 3 37 40 71 30 15 52 -3 
  3 [ 7  36: 51]
 37 [ 5  75: 80]
 40 [ 4 180:185]
 71 [ 6 185:190]
 30 [ 3 300:305]
 15 [ 2 308:313]
 52 [ 3 331:336]
 -3 [ 3 348:348]

Vehicle: 308  Cost: 201.84
Route: 3 38 69 32 36 54 57 24 59 -3 
  3 [10  36: 51]
 38 [ 6 124:129]
 69 [ 9 129:134]
 32 [ 7 141:146]
 36 [ 5 157:162]
 54 [ 8 200:205]
 57 [ 9 224:229]
 24 [ 7 239:244]
 59 [10 244:249]
 -3 [10 293:293]

Total Cost: 1413.62
 11:128.16, 40:75 [1, 2, -2, -1]
 13:72.14, 48:75 [1, 3, -3, -1]
201:93.28, 10:10 [2, 34, 22, 8, 25, -2]
202:127.50, 10:10 [2, 13, 61, 23, 56, 9, 45, 60, -2]
203:153.23, 10:10 [2, 17, 11, 58, 19, 51, 47, 4, 42, -2]
204:136.28, 10:10 [2, 27, 31, 6, 44, 68, 21, 55, 39, -2]
301:71.39, 10:10 [3, 41, 26, 62, 18, 14, 48, -3]
302:64.42, 10:10 [3, 65, 70, 5, 43, -3]
303:16.12, 4:10 [3, 28, 63, -3]
304:192.68, 10:10 [3, 20, 53, 12, 7, 50, 46, 10, 49, 16, 67, -3]
305:36.06, 2:10 [3, 35, -3]
306:52.43, 8:10 [3, 29, 64, 33, 66, -3]
307:68.10, 7:10 [3, 37, 40, 71, 30, 15, 52, -3]
308:201.84, 10:10 [3, 38, 69, 32, 36, 54, 57, 24, 59, -3]
fe: 2, se: 12

!ALNS------------
100000,1413.6244677253894,134.103,129.36,2,12,0.5866666666666667,0.8416666666666667,34.0,5.666666666666667
6 13 7 6 0 0 7 1 
31.098845739801277 51.234153619362615 35.927656776708126 36.383866125879585 NaN NaN 27.087737997368077 76.4665395420645 
8 3 5 7 2 5 8 2 
40.523952679918075 36.22785400416011 45.55679206199805 37.31265449191451 40.350047224968186 31.727238127765354 46.39077899211892 31.80536808194584 

x[97] = 1.0
Vehicle: 13  Cost: 72.14
Route: 1 3 -3 -1 
 1 [ 47   0:  0 [15, 33, 14, 36, 32, 16, 28, 29, 18, 37, 20, 38, 7, 10, 30, 12, 40, 5, 26, 24, 35]]
 3 [  0  36: 36 []]
-3 [ 52  36:384 [53, 67, 49, 43, 56, 66, 71, 62, 48, 69, 70, 52, 50, 46, 54, 63, 41, 57, 59, 64, 60, 65]]
-1 [ 52 420:420 [53, 67, 49, 43, 56, 66, 71, 62, 48, 69, 70, 52, 50, 46, 54, 63, 41, 57, 59, 64, 60, 65]]

x[3649] = 1.0
Vehicle: 11  Cost: 128.16
Route: 1 2 -2 -1 
 1 [ 40   0:  0 [27, 8, 34, 9, 13, 23, 6, 4, 11, 31, 21, 25, 22, 19, 39, 17]]
 2 [  0  64: 64 []]
-2 [ 28  64:519 [61, 55, 44, 47, 60, 45, 58, 51, 42, 56, 68]]
-1 [ 28 584:584 [61, 55, 44, 47, 60, 45, 58, 51, 42, 56, 68]]

y[351] = 1.0
Vehicle: 306  Cost: 16.12
Route: 3 63 28 -3 
  3 [ 4  36:292]
 63 [ 6 300:305]
 28 [ 2 305:310]
 -3 [ 2 318:318]

y[561] = 1.0
Vehicle: 307  Cost: 201.84
Route: 3 38 69 32 36 54 57 24 59 -3 
  3 [10  36: 51]
 38 [ 6 124:129]
 69 [ 9 129:134]
 32 [ 7 141:146]
 36 [ 5 157:162]
 54 [ 8 200:205]
 57 [ 9 224:229]
 24 [ 7 239:244]
 59 [10 244:249]
 -3 [10 293:293]

y[663] = 1.0
Vehicle: 203  Cost: 93.28
Route: 2 34 22 8 25 -2 
  2 [10 111:126]
 34 [ 9 161:166]
 22 [ 5 300:305]
  8 [ 1 331:336]
 25 [ 0 342:347]
 -2 [ 0 364:364]

y[1033] = 1.0
Vehicle: 305  Cost: 52.43
Route: 3 29 64 33 66 -3 
  3 [ 6  36: 51]
 29 [ 4  73: 78]
 64 [ 8  78: 83]
 33 [ 4 300:305]
 66 [ 5 305:310]
 -3 [ 5 327:327]

y[1299] = 1.0
Vehicle: 202  Cost: 127.50
Route: 2 13 61 23 56 9 45 60 -2 
  2 [10  64:284]
 13 [ 6 300:305]
 61 [ 9 315:320]
 23 [ 7 334:339]
 56 [ 9 364:369]
  9 [ 5 382:387]
 45 [ 8 387:392]
 60 [10 412:417]
 -2 [10 447:447]

y[1548] = 1.0
Vehicle: 301  Cost: 71.39
Route: 3 41 26 62 18 48 14 -3 
  3 [ 8 139:154]
 41 [ 9 169:174]
 26 [ 6 182:187]
 62 [10 187:192]
 18 [ 6 300:305]
 48 [10 318:323]
 14 [ 9 323:328]
 -3 [ 9 357:357]

y[1971] = 1.0
Vehicle: 204  Cost: 136.28
Route: 2 27 31 6 44 68 21 55 39 -2 
  2 [10 111:126]
 27 [ 8 158:163]
 31 [ 5 169:174]
  6 [ 3 300:305]
 44 [ 7 305:310]
 68 [10 350:355]
 21 [ 8 378:383]
 55 [ 9 383:388]
 39 [ 8 399:404]
 -2 [ 8 406:406]

y[2386] = 1.0
Vehicle: 304  Cost: 192.68
Route: 3 53 20 12 7 50 10 46 16 49 67 -3 
  3 [ 7  36: 51]
 53 [ 8  79: 84]
 20 [ 5  84: 89]
 12 [ 4  94: 99]
  7 [ 3 111:116]
 50 [ 7 166:171]
 10 [ 6 183:188]
 46 [ 8 188:193]
 16 [ 7 211:216]
 49 [ 8 216:221]
 67 [10 300:305]
 -3 [10 355:355]

y[2593] = 1.0
Vehicle: 203  Cost: 153.23
Route: 2 17 11 58 19 51 47 4 42 -2 
  2 [10 111:126]
 17 [ 8 156:161]
 11 [ 4 180:185]
 58 [ 5 300:305]
 19 [ 2 335:340]
 51 [ 4 340:345]
 47 [ 7 349:354]
  4 [ 6 420:425]
 42 [10 425:430]
 -2 [10 479:479]

y[3871] = 1.0
Vehicle: 302  Cost: 68.10
Route: 3 37 40 71 30 15 52 -3 
  3 [ 7  36: 51]
 37 [ 5  75: 80]
 40 [ 4 180:185]
 71 [ 6 185:190]
 30 [ 3 300:305]
 15 [ 2 308:313]
 52 [ 3 331:336]
 -3 [ 3 348:348]

y[4220] = 1.0
Vehicle: 302  Cost: 64.42
Route: 3 65 70 5 43 -3 
  3 [ 3 139:154]
 65 [ 7 182:187]
 70 [10 195:200]
  5 [ 7 300:305]
 43 [ 9 305:310]
 -3 [ 9 338:338]

y[4373] = 1.0
Vehicle: 309  Cost: 36.06
Route: 3 35 -3 
  3 [ 2 139:402]
 35 [ 0 420:425]
 -3 [ 0 443:443]

FE: 2
SE: 12
!MIP-----
1413.6244677253894,58.18962001800537,8.718628236877048E-5,2,12,6419,4716

Run: 5
Total Cost: 1440.43
Vehicle: 11  Cost: 128.16
Route: 1 2 -2 -1 
 1 [ 42   0:  0 [34, 17, 35, 27, 6, 39, 31, 25, 19, 13, 9, 22, 23, 4, 11, 8, 21]]
 2 [  0  64: 64 []]
-2 [ 30  64:571 [47, 60, 55, 42, 44, 58, 45, 56, 51, 67, 61, 68]]
-1 [ 30 635:635 [47, 60, 55, 42, 44, 58, 45, 56, 51, 67, 61, 68]]

Vehicle: 13  Cost: 72.14
Route: 1 3 -3 -1 
 1 [ 45   0:  0 [7, 40, 20, 18, 30, 36, 28, 33, 15, 26, 37, 14, 38, 10, 32, 5, 29, 12, 16, 24]]
 3 [  0  36: 36 []]
-3 [ 46  36:372 [48, 71, 54, 41, 70, 46, 57, 66, 65, 49, 59, 62, 64, 63, 43, 52, 53, 50, 69]]
-1 [ 46 408:408 [48, 71, 54, 41, 70, 46, 57, 66, 65, 49, 59, 62, 64, 63, 43, 52, 53, 50, 69]]

Vehicle: 201  Cost: 136.28
Route: 2 27 31 6 44 68 21 55 39 -2 
  2 [10  64: 79]
 27 [ 8 111:116]
 31 [ 5 122:127]
  6 [ 3 300:305]
 44 [ 7 305:310]
 68 [10 350:355]
 21 [ 8 378:383]
 55 [ 9 383:388]
 39 [ 8 399:404]
 -2 [ 8 406:406]

Vehicle: 202  Cost: 146.95
Route: 2 11 23 58 51 19 47 4 42 -2 
  2 [10  64:141]
 11 [ 6 180:185]
 23 [ 4 300:305]
 58 [ 5 305:310]
 51 [ 7 340:345]
 19 [ 4 345:350]
 47 [ 7 354:359]
  4 [ 6 420:425]
 42 [10 425:430]
 -2 [10 479:479]

Vehicle: 203  Cost: 149.86
Route: 2 35 67 9 45 56 60 -2 
  2 [ 6  64:376]
 35 [ 4 420:425]
 67 [ 6 463:468]
  9 [ 2 478:483]
 45 [ 5 483:488]
 56 [ 7 502:507]
 60 [ 9 521:526]
 -2 [ 9 556:556]

Vehicle: 204  Cost: 97.75
Route: 2 17 34 22 61 -2 
  2 [ 7  64: 79]
 17 [ 5 110:115]
 34 [ 4 120:125]
 22 [ 0 300:305]
 61 [ 3 337:342]
 -2 [ 3 363:363]

Vehicle: 205  Cost: 51.15
Route: 2 25 8 13 -2 
  2 [ 9  64:283]
 25 [ 8 300:305]
  8 [ 4 311:316]
 13 [ 0 328:333]
 -2 [ 0 349:349]

Vehicle: 301  Cost: 68.10
Route: 3 37 71 40 30 15 52 -3 
  3 [ 7  36: 51]
 37 [ 5  75: 80]
 71 [ 7 180:185]
 40 [ 6 185:190]
 30 [ 3 300:305]
 15 [ 2 308:313]
 52 [ 3 331:336]
 -3 [ 3 348:348]

Vehicle: 302  Cost: 16.12
Route: 3 63 28 -3 
  3 [ 4  36:292]
 63 [ 6 300:305]
 28 [ 2 305:310]
 -3 [ 2 318:318]

Vehicle: 303  Cost: 183.41
Route: 3 57 50 10 46 16 49 7 12 -3 
  3 [ 4  36: 51]
 57 [ 5 105:110]
 50 [ 9 135:140]
 10 [ 8 151:156]
 46 [10 156:161]
 16 [ 9 180:185]
 49 [10 185:190]
  7 [ 9 220:225]
 12 [ 8 237:242]
 -3 [ 8 274:274]

Vehicle: 304  Cost: 71.39
Route: 3 41 26 62 18 14 48 -3 
  3 [ 8  36: 51]
 41 [ 9  66: 71]
 26 [ 6  79: 84]
 62 [10  84: 89]
 18 [ 6 300:305]
 14 [ 5 318:323]
 48 [ 9 323:328]
 -3 [ 9 357:357]

Vehicle: 306  Cost: 64.42
Route: 3 65 70 5 43 -3 
  3 [ 3  36: 51]
 65 [ 7  79: 84]
 70 [10  92: 97]
  5 [ 7 300:305]
 43 [ 9 305:310]
 -3 [ 9 338:338]

Vehicle: 307  Cost: 187.43
Route: 3 38 69 32 36 54 24 59 -3 
  3 [10  36: 51]
 38 [ 6 124:129]
 69 [ 9 129:134]
 32 [ 7 141:146]
 36 [ 5 157:162]
 54 [ 8 200:205]
 24 [ 6 220:225]
 59 [ 9 225:230]
 -3 [ 9 274:274]

Vehicle: 308  Cost: 67.26
Route: 3 53 20 29 64 33 66 -3 
  3 [ 9  36: 51]
 53 [10  79: 84]
 20 [ 7  84: 89]
 29 [ 5  97:102]
 64 [ 9 102:107]
 33 [ 5 300:305]
 66 [ 6 305:310]
 -3 [ 6 327:327]

Total Cost: 1440.43
 11:128.16, 42:75 [1, 2, -2, -1]
 13:72.14, 46:75 [1, 3, -3, -1]
201:136.28, 10:10 [2, 27, 31, 6, 44, 68, 21, 55, 39, -2]
202:146.95, 10:10 [2, 11, 23, 58, 51, 19, 47, 4, 42, -2]
203:149.86, 9:10 [2, 35, 67, 9, 45, 56, 60, -2]
204:97.75, 7:10 [2, 17, 34, 22, 61, -2]
205:51.15, 9:10 [2, 25, 8, 13, -2]
301:68.10, 7:10 [3, 37, 71, 40, 30, 15, 52, -3]
302:16.12, 6:10 [3, 63, 28, -3]
303:183.41, 10:10 [3, 57, 50, 10, 46, 16, 49, 7, 12, -3]
304:71.39, 10:10 [3, 41, 26, 62, 18, 14, 48, -3]
306:64.42, 10:10 [3, 65, 70, 5, 43, -3]
307:187.43, 10:10 [3, 38, 69, 32, 36, 54, 24, 59, -3]
308:67.26, 10:10 [3, 53, 20, 29, 64, 33, 66, -3]
fe: 2, se: 12

!ALNS------------
100000,1440.430697857837,154.329,133.54,2,12,0.5866666666666667,0.9,34.0,5.666666666666667
2 7 3 5 0 0 4 0 
20.541031908492627 45.076253260331356 31.218151613698787 22.36339803821706 65.12284433463121 84.70486217874594 19.71488261329271 51.333311452734215 
5 3 2 2 3 2 3 1 
29.250209465894077 36.64220150921918 32.57444381420766 35.31393284407201 33.055897663547825 29.812121627706336 24.738577234976685 29.84503416417378 

x[122] = 1.0
Vehicle: 11  Cost: 128.16
Route: 1 2 -2 -1 
 1 [ 40   0:  0 [27, 8, 22, 13, 31, 4, 11, 34, 25, 39, 21, 9, 23, 6, 19, 17]]
 2 [  0  64: 64 []]
-2 [ 28  64:501 [58, 68, 42, 47, 51, 44, 56, 61, 67, 45, 55]]
-1 [ 28 565:565 [58, 68, 42, 47, 51, 44, 56, 61, 67, 45, 55]]

x[2059] = 1.0
Vehicle: 13  Cost: 72.14
Route: 1 3 -3 -1 
 1 [ 47   0:  0 [33, 15, 40, 32, 38, 36, 18, 30, 35, 14, 29, 16, 24, 12, 26, 10, 28, 37, 5, 20, 7]]
 3 [  0  36: 36 []]
-3 [ 48  36:375 [53, 48, 71, 59, 52, 41, 65, 70, 50, 57, 64, 63, 62, 60, 49, 69, 43, 66, 54, 46]]
-1 [ 48 411:411 [53, 48, 71, 59, 52, 41, 65, 70, 50, 57, 64, 63, 62, 60, 49, 69, 43, 66, 54, 46]]

y[58] = 1.0
Vehicle: 202  Cost: 146.16
Route: 2 13 61 23 56 9 45 67 -2 
  2 [10  64:284]
 13 [ 6 300:305]
 61 [ 9 315:320]
 23 [ 7 334:339]
 56 [ 9 364:369]
  9 [ 5 382:387]
 45 [ 8 387:392]
 67 [10 402:407]
 -2 [10 466:466]

y[596] = 1.0
Vehicle: 203  Cost: 153.23
Route: 2 17 11 58 19 51 47 4 42 -2 
  2 [10  64: 79]
 17 [ 8 110:115]
 11 [ 4 180:185]
 58 [ 5 300:305]
 19 [ 2 335:340]
 51 [ 4 340:345]
 47 [ 7 349:354]
  4 [ 6 420:425]
 42 [10 425:430]
 -2 [10 479:479]

y[791] = 1.0
Vehicle: 204  Cost: 93.28
Route: 2 34 22 8 25 -2 
  2 [10 111:126]
 34 [ 9 161:166]
 22 [ 5 300:305]
  8 [ 1 331:336]
 25 [ 0 342:347]
 -2 [ 0 364:364]

y[861] = 1.0
Vehicle: 303  Cost: 62.60
Route: 3 29 64 53 66 33 -3 
  3 [ 6 139:154]
 29 [ 4 176:181]
 64 [ 8 181:186]
 53 [ 9 194:199]
 66 [10 300:305]
 33 [ 6 305:310]
 -3 [ 6 327:327]

y[1032] = 1.0
Vehicle: 302  Cost: 36.06
Route: 3 35 -3 
  3 [ 2  36:402]
 35 [ 0 420:425]
 -3 [ 0 443:443]

y[1833] = 1.0
Vehicle: 304  Cost: 71.39
Route: 3 41 26 62 18 48 14 -3 
  3 [ 8 139:154]
 41 [ 9 169:174]
 26 [ 6 182:187]
 62 [10 187:192]
 18 [ 6 300:305]
 48 [10 318:323]
 14 [ 9 323:328]
 -3 [ 9 357:357]

y[2367] = 1.0
Vehicle: 202  Cost: 136.28
Route: 2 27 31 6 44 68 21 55 39 -2 
  2 [10 111:126]
 27 [ 8 158:163]
 31 [ 5 169:174]
  6 [ 3 300:305]
 44 [ 7 305:310]
 68 [10 350:355]
 21 [ 8 378:383]
 55 [ 9 383:388]
 39 [ 8 399:404]
 -2 [ 8 406:406]

y[2452] = 1.0
Vehicle: 302  Cost: 16.12
Route: 3 28 63 -3 
  3 [ 4 139:292]
 28 [ 0 300:305]
 63 [ 2 305:310]
 -3 [ 2 318:318]

y[2692] = 1.0
Vehicle: 301  Cost: 68.10
Route: 3 37 40 71 30 15 52 -3 
  3 [ 7 139:154]
 37 [ 5 178:183]
 40 [ 4 191:196]
 71 [ 6 196:201]
 30 [ 3 300:305]
 15 [ 2 308:313]
 52 [ 3 331:336]
 -3 [ 3 348:348]

y[5098] = 1.0
Vehicle: 306  Cost: 64.42
Route: 3 65 70 5 43 -3 
  3 [ 3 139:154]
 65 [ 7 182:187]
 70 [10 195:200]
  5 [ 7 300:305]
 43 [ 9 305:310]
 -3 [ 9 338:338]

y[5184] = 1.0
Vehicle: 301  Cost: 183.52
Route: 3 20 12 7 49 16 10 46 50 57 60 -3 
  3 [ 7  36: 51]
 20 [ 4  79: 84]
 12 [ 3  89: 94]
  7 [ 2 106:111]
 49 [ 3 141:146]
 16 [ 2 146:151]
 10 [ 1 169:174]
 46 [ 3 174:179]
 50 [ 7 190:195]
 57 [ 8 220:225]
 60 [10 300:305]
 -3 [10 349:349]

y[5289] = 0.9999999999999999
Vehicle: 307  Cost: 187.43
Route: 3 38 69 32 36 54 24 59 -3 
  3 [10  36: 51]
 38 [ 6 124:129]
 69 [ 9 129:134]
 32 [ 7 141:146]
 36 [ 5 157:162]
 54 [ 8 200:205]
 24 [ 6 220:225]
 59 [ 9 225:230]
 -3 [ 9 274:274]

FE: 2
SE: 12
!MIP-----
1418.8941573514644,194.93924808502197,6.651281974543766E-8,2,12,7400,5704

