--Parameters Information--
speed=1
run=5
iteration= 100000
batch=100
restartPeriod=10000
largeRemovalOccurrence=500
initialLNS=250
lowerBoundSmallRemoval=4
smallRemoval=0.2
lowerBoundLargeRemoval=0.55
largeRemoval=0.8
initialWeight=1.0
decayRate=0.1
gamma1=9.0
gamma2=5.0
gamma3=2.0
gamma4=0.0
coolingRate=0.9995
temperatureControlParameter=0.05
initialAcceptanceProbability=0.5
perturbation=0.5
perturbationFactor=0.01
split=20000

Setup: Split
Data: A_50_5_TD

Run: 1
Total Cost: 1588.59
Vehicle: 11  Cost: 136.72
Route: 1 2 -2 -1 
 1 [ 74   0:  0 [31, 29, 6, 27, 26, 25, 19, 15, 5, 23, 35, 36, 10, 14, 13, 30, 4, 20, 24, 16, 18, 28, 34, 32, 8, 11, 17, 22, 7, 9, 21]]
 2 [  0  68: 68 []]
-2 [ 31  68:588 [47, 49, 58, 50, 61, 38, 45, 64, 65, 56, 43, 37, 51]]
-1 [ 31 656:656 [47, 49, 58, 50, 61, 38, 45, 64, 65, 56, 43, 37, 51]]

Vehicle: 12  Cost: 136.72
Route: 1 2 -2 -1 
 1 [  6   0:  0 [12, 33]]
 2 [  0  68: 68 []]
-2 [ 39  68:345 [54, 46, 44, 63, 59, 53, 40, 52, 48, 57, 66, 55, 60, 39, 41, 42, 62]]
-1 [ 39 414:414 [54, 46, 44, 63, 59, 53, 40, 52, 48, 57, 66, 55, 60, 39, 41, 42, 62]]

Vehicle: 201  Cost: 71.71
Route: 2 27 45 32 20 -2 
  2 [10  68: 83]
 27 [ 7 110:115]
 45 [ 9 180:185]
 32 [ 6 193:198]
 20 [ 2 300:305]
 -2 [ 2 335:335]

Vehicle: 202  Cost: 24.81
Route: 2 35 38 6 -2 
  2 [ 8  68:288]
 35 [ 4 300:305]
 38 [ 6 311:316]
  6 [ 2 316:321]
 -2 [ 2 328:328]

Vehicle: 203  Cost: 146.90
Route: 2 41 39 53 18 -2 
  2 [ 1  68: 83]
 41 [ 5 151:156]
 39 [ 8 175:180]
 53 [10 196:201]
 18 [ 9 208:213]
 -2 [ 9 250:250]

Vehicle: 204  Cost: 168.73
Route: 2 26 62 29 15 54 48 7 57 52 -2 
  2 [ 9  68: 83]
 26 [ 5 115:120]
 62 [ 8 120:125]
 29 [ 7 133:138]
 15 [ 5 168:173]
 54 [ 7 173:178]
 48 [ 9 183:188]
  7 [ 7 210:215]
 57 [ 9 247:252]
 52 [10 300:305]
 -2 [10 324:324]

Vehicle: 205  Cost: 146.05
Route: 2 9 42 16 55 4 36 66 22 -2 
  2 [10  68: 83]
  9 [ 6 124:129]
 42 [ 7 129:134]
 16 [ 5 160:165]
 55 [ 9 165:170]
  4 [ 7 184:189]
 36 [ 6 206:211]
 66 [ 9 211:216]
 22 [ 8 254:259]
 -2 [ 8 269:269]

Vehicle: 206  Cost: 164.90
Route: 2 14 10 44 17 59 63 46 40 21 -2 
  2 [ 9  68: 83]
 14 [ 8 131:136]
 10 [ 5 159:164]
 44 [ 6 164:169]
 17 [ 3 180:185]
 59 [ 5 207:212]
 63 [ 8 231:236]
 46 [ 9 261:266]
 40 [10 300:305]
 21 [ 8 308:313]
 -2 [ 8 330:330]

Vehicle: 207  Cost: 220.95
Route: 2 30 12 49 51 13 43 56 34 50 -2 
  2 [ 8  68: 83]
 30 [ 5 124:129]
 12 [ 3 300:305]
 49 [ 4 305:310]
 51 [ 5 350:355]
 13 [ 3 355:360]
 43 [ 5 420:425]
 56 [ 8 454:459]
 34 [ 7 474:479]
 50 [10 514:519]
 -2 [10 557:557]

Vehicle: 209  Cost: 108.82
Route: 2 5 23 60 8 25 -2 
  2 [ 9  68:145]
  5 [ 8 180:185]
 23 [ 4 211:216]
 60 [ 8 216:221]
  8 [ 6 230:235]
 25 [ 4 300:305]
 -2 [ 4 313:313]

Vehicle: 210  Cost: 141.08
Route: 2 31 58 19 64 28 65 -2 
  2 [ 6  68:402]
 31 [ 4 420:425]
 58 [ 6 454:459]
 19 [ 5 459:464]
 64 [ 9 478:483]
 28 [ 6 483:488]
 65 [10 510:515]
 -2 [10 573:573]

Vehicle: 212  Cost: 121.21
Route: 2 11 33 47 37 24 61 -2 
  2 [10  68: 83]
 11 [ 8 134:139]
 33 [ 4 300:305]
 47 [ 6 318:323]
 37 [10 339:344]
 24 [ 6 360:365]
 61 [ 7 365:370]
 -2 [ 7 391:391]

Total Cost: 1588.59
 11:136.72, 74:75 [1, 2, -2, -1]
 12:136.72, 39:75 [1, 2, -2, -1]
201:71.71, 10:10 [2, 27, 45, 32, 20, -2]
202:24.81, 8:10 [2, 35, 38, 6, -2]
203:146.90, 10:10 [2, 41, 39, 53, 18, -2]
204:168.73, 10:10 [2, 26, 62, 29, 15, 54, 48, 7, 57, 52, -2]
205:146.05, 10:10 [2, 9, 42, 16, 55, 4, 36, 66, 22, -2]
206:164.90, 10:10 [2, 14, 10, 44, 17, 59, 63, 46, 40, 21, -2]
207:220.95, 10:10 [2, 30, 12, 49, 51, 13, 43, 56, 34, 50, -2]
209:108.82, 9:10 [2, 5, 23, 60, 8, 25, -2]
210:141.08, 10:10 [2, 31, 58, 19, 64, 28, 65, -2]
212:121.21, 10:10 [2, 11, 33, 47, 37, 24, 61, -2]
fe: 2, se: 10

!ALNS------------
100000,1588.5856632083921,88.966,88.521,2,10,0.7533333333333333,0.97,31.5,6.3
4 8 8 9 0 0 5 0 
30.314391327057017 53.73440187909556 34.94676032058267 40.22257120325072 106.7965394258049 219.69360643528393 41.67157834705761 57.09672794393105 
5 3 9 5 4 1 5 2 
47.614302539222 43.50188725469343 54.59323087040559 35.83311101062943 41.623598719196224 45.100410942468734 31.978406436255923 34.369111887701095 

x[7558] = 1.0
Vehicle: 12  Cost: 178.36
Route: 1 3 -3 -2 -1 
 1 [ 14   0:  0 [32, 5, 31, 23, 20]]
 3 [  0  85: 85 []]
-3 [  4  85:139 [60]]
-2 [ 39 165:350 [42, 39, 44, 63, 53, 40, 54, 61, 55, 62, 60, 59, 41, 57, 48, 66, 46]]
-1 [ 39 418:418 [42, 39, 44, 63, 53, 40, 54, 61, 55, 62, 60, 59, 41, 57, 48, 66, 46]]

x[14822] = 1.0
Vehicle: 11  Cost: 136.72
Route: 1 2 -2 -1 
 1 [ 66   0:  0 [27, 15, 34, 30, 4, 28, 36, 25, 26, 13, 19, 7, 9, 6, 10, 12, 24, 16, 17, 33, 11, 14, 18, 29, 8, 21, 35, 22]]
 2 [  0  68: 68 []]
-2 [ 36  68:572 [47, 49, 51, 41, 56, 65, 52, 45, 43, 37, 61, 64, 58, 50, 38]]
-1 [ 36 640:640 [47, 49, 51, 41, 56, 65, 52, 45, 43, 37, 61, 64, 58, 50, 38]]

y[478] = 1.0
Vehicle: 209  Cost: 146.05
Route: 2 9 42 16 55 4 36 66 22 -2 
  2 [10  68: 83]
  9 [ 6 124:129]
 42 [ 7 129:134]
 16 [ 5 160:165]
 55 [ 9 165:170]
  4 [ 7 184:189]
 36 [ 6 206:211]
 66 [ 9 211:216]
 22 [ 8 254:259]
 -2 [ 8 269:269]

y[651] = 1.0
Vehicle: 208  Cost: 14.14
Route: 2 38 6 -2 
  2 [ 4 390:405]
 38 [ 6 412:417]
  6 [ 2 417:422]
 -2 [ 2 429:429]

y[1848] = 1.0
Vehicle: 202  Cost: 151.38
Route: 2 26 62 29 54 15 48 57 52 -2 
  2 [ 7  68: 83]
 26 [ 3 115:120]
 62 [ 6 120:125]
 29 [ 5 133:138]
 54 [ 7 168:173]
 15 [ 5 173:178]
 48 [ 7 183:188]
 57 [ 9 225:230]
 52 [10 300:305]
 -2 [10 324:324]

y[3874] = 1.0
Vehicle: 207  Cost: 146.90
Route: 2 41 39 53 18 -2 
  2 [ 1  68: 83]
 41 [ 5 151:156]
 39 [ 8 175:180]
 53 [10 196:201]
 18 [ 9 208:213]
 -2 [ 9 250:250]

y[3890] = 1.0
Vehicle: 210  Cost: 137.83
Route: 2 8 19 58 28 64 65 -2 
  2 [ 6 165:180]
  8 [ 4 213:218]
 19 [ 3 300:305]
 58 [ 5 305:310]
 28 [ 2 324:329]
 64 [ 6 329:334]
 65 [10 356:361]
 -2 [10 419:419]

y[3902] = 1.0
Vehicle: 303  Cost: 67.27
Route: 3 5 32 20 31 -3 
  3 [10 202:217]
  5 [ 9 238:243]
 32 [ 6 256:261]
 20 [ 2 300:305]
 31 [ 0 420:425]
 -3 [ 0 432:432]

y[4230] = 1.0
Vehicle: 334  Cost: 14.56
Route: 3 23 60 -3 
  3 [ 4  85:100]
 23 [ 0 107:112]
 60 [ 4 112:117]
 -3 [ 4 124:124]

y[4475] = 1.0
Vehicle: 212  Cost: 86.32
Route: 2 35 61 24 37 50 25 -2 
  2 [10  68:288]
 35 [ 6 300:305]
 61 [ 7 315:320]
 24 [ 3 320:325]
 37 [ 7 341:346]
 50 [10 353:358]
 25 [ 8 392:397]
 -2 [ 8 404:404]

y[5094] = 1.0
Vehicle: 206  Cost: 177.15
Route: 2 7 10 44 17 59 63 46 40 21 -2 
  2 [10  68: 83]
  7 [ 8 155:160]
 10 [ 5 171:176]
 44 [ 6 176:181]
 17 [ 3 186:191]
 59 [ 5 213:218]
 63 [ 8 237:242]
 46 [ 9 267:272]
 40 [10 300:305]
 21 [ 8 308:313]
 -2 [ 8 330:330]

y[5248] = 1.0
Vehicle: 207  Cost: 213.56
Route: 2 14 11 33 47 34 56 43 13 51 -2 
  2 [10  68: 83]
 14 [ 9 131:136]
 11 [ 7 143:148]
 33 [ 3 300:305]
 47 [ 5 318:323]
 34 [ 4 345:350]
 56 [ 7 365:370]
 43 [ 9 420:425]
 13 [ 7 442:447]
 51 [ 8 447:452]
 -2 [ 8 510:510]

y[7467] = 1.0
Vehicle: 205  Cost: 107.81
Route: 2 45 27 30 12 49 -2 
  2 [ 8  68:154]
 45 [10 180:185]
 27 [ 7 191:196]
 30 [ 4 224:229]
 12 [ 2 300:305]
 49 [ 3 305:310]
 -2 [ 3 352:352]

FE: 2
SE: 11
!MIP-----
1578.0480912741475,270.7027280330658,8.332659962903133E-5,2,11,21291,7633

Run: 2
Total Cost: 1586.26
Vehicle: 11  Cost: 136.72
Route: 1 2 -2 -1 
 1 [ 73   0:  0 [15, 24, 6, 28, 11, 25, 27, 32, 18, 23, 16, 22, 36, 9, 5, 31, 17, 10, 26, 34, 13, 12, 35, 4, 30, 19, 29, 8, 33, 7]]
 2 [  0  68: 68 []]
-2 [ 43  68:350 [39, 55, 59, 62, 46, 48, 44, 54, 52, 53, 45, 38, 40, 57, 66, 63, 60, 42, 41]]
-1 [ 43 418:418 [39, 55, 59, 62, 46, 48, 44, 54, 52, 53, 45, 38, 40, 57, 66, 63, 60, 42, 41]]

Vehicle: 12  Cost: 136.72
Route: 1 2 -2 -1 
 1 [  7   0:  0 [21, 14, 20]]
 2 [  0  68: 68 []]
-2 [ 27  68:588 [47, 64, 65, 58, 56, 51, 50, 37, 61, 49, 43]]
-1 [ 27 656:656 [47, 64, 65, 58, 56, 51, 50, 37, 61, 49, 43]]

Vehicle: 201  Cost: 121.21
Route: 2 11 33 47 37 24 61 -2 
  2 [10  68: 83]
 11 [ 8 134:139]
 33 [ 4 300:305]
 47 [ 6 318:323]
 37 [10 339:344]
 24 [ 6 360:365]
 61 [ 7 365:370]
 -2 [ 7 391:391]

Vehicle: 202  Cost: 170.92
Route: 2 23 8 18 53 39 41 -2 
  2 [ 7  68: 83]
 23 [ 3 115:120]
  8 [ 1 180:185]
 18 [ 0 205:210]
 53 [ 2 217:222]
 39 [ 5 238:243]
 41 [ 9 262:267]
 -2 [ 9 335:335]

Vehicle: 203  Cost: 146.05
Route: 2 9 42 16 55 4 66 36 22 -2 
  2 [10  68: 83]
  9 [ 6 124:129]
 42 [ 7 129:134]
 16 [ 5 160:165]
 55 [ 9 165:170]
  4 [ 7 184:189]
 66 [10 206:211]
 36 [ 9 211:216]
 22 [ 8 254:259]
 -2 [ 8 269:269]

Vehicle: 204  Cost: 164.90
Route: 2 14 10 44 17 59 63 46 40 21 -2 
  2 [ 9  68: 83]
 14 [ 8 131:136]
 10 [ 5 159:164]
 44 [ 6 164:169]
 17 [ 3 180:185]
 59 [ 5 207:212]
 63 [ 8 231:236]
 46 [ 9 261:266]
 40 [10 300:305]
 21 [ 8 308:313]
 -2 [ 8 330:330]

Vehicle: 205  Cost: 117.70
Route: 2 27 45 32 5 60 25 -2 
  2 [ 9  68: 83]
 27 [ 6 110:115]
 45 [ 8 180:185]
 32 [ 5 193:198]
  5 [ 4 211:216]
 60 [ 8 241:246]
 25 [ 6 300:305]
 -2 [ 6 313:313]

Vehicle: 206  Cost: 168.73
Route: 2 26 62 29 54 15 48 7 57 52 -2 
  2 [ 9  68: 83]
 26 [ 5 115:120]
 62 [ 8 120:125]
 29 [ 7 133:138]
 54 [ 9 168:173]
 15 [ 7 173:178]
 48 [ 9 183:188]
  7 [ 7 210:215]
 57 [ 9 247:252]
 52 [10 300:305]
 -2 [10 324:324]

Vehicle: 207  Cost: 220.95
Route: 2 30 49 12 13 51 43 56 34 50 -2 
  2 [ 8  68: 83]
 30 [ 5 124:129]
 49 [ 6 300:305]
 12 [ 4 305:310]
 13 [ 2 350:355]
 51 [ 3 355:360]
 43 [ 5 420:425]
 56 [ 8 454:459]
 34 [ 7 474:479]
 50 [10 514:519]
 -2 [10 557:557]

Vehicle: 208  Cost: 24.81
Route: 2 35 38 6 -2 
  2 [ 8  68:288]
 35 [ 4 300:305]
 38 [ 6 311:316]
  6 [ 2 316:321]
 -2 [ 2 328:328]

Vehicle: 209  Cost: 177.57
Route: 2 20 31 19 58 64 28 65 -2 
  2 [10  68:270]
 20 [ 6 300:305]
 31 [ 4 420:425]
 19 [ 3 454:459]
 58 [ 5 459:464]
 64 [ 9 478:483]
 28 [ 6 483:488]
 65 [10 510:515]
 -2 [10 573:573]

Total Cost: 1586.26
 11:136.72, 73:75 [1, 2, -2, -1]
 12:136.72, 27:75 [1, 2, -2, -1]
201:121.21, 10:10 [2, 11, 33, 47, 37, 24, 61, -2]
202:170.92, 9:10 [2, 23, 8, 18, 53, 39, 41, -2]
203:146.05, 10:10 [2, 9, 42, 16, 55, 4, 66, 36, 22, -2]
204:164.90, 10:10 [2, 14, 10, 44, 17, 59, 63, 46, 40, 21, -2]
205:117.70, 9:10 [2, 27, 45, 32, 5, 60, 25, -2]
206:168.73, 10:10 [2, 26, 62, 29, 54, 15, 48, 7, 57, 52, -2]
207:220.95, 10:10 [2, 30, 49, 12, 13, 51, 43, 56, 34, 50, -2]
208:24.81, 8:10 [2, 35, 38, 6, -2]
209:177.57, 10:10 [2, 20, 31, 19, 58, 64, 28, 65, -2]
fe: 2, se: 9

!ALNS------------
100000,1586.2645322354942,98.504,84.593,2,9,0.6666666666666666,0.9555555555555556,31.5,7.0
8 14 4 3 0 0 2 0 
40.92621460742538 69.30587923427173 52.54722874393827 53.28237772481175 896.715329927179 163.87096582393738 47.726926619718256 61.44729328463667 
4 4 9 3 2 2 4 3 
50.792814187735964 55.034803417911434 43.99301262989146 57.41770585483553 53.73217324065642 61.00798666721521 59.034121263669185 60.64466621011485 

x[3842] = 1.0
Vehicle: 12  Cost: 136.72
Route: 1 2 -2 -1 
 1 [  5   0:  0 [11, 13, 5]]
 2 [  0  68: 68 []]
-2 [ 27  68:588 [49, 61, 58, 37, 47, 51, 56, 43, 65, 50, 64]]
-1 [ 27 656:656 [49, 61, 58, 37, 47, 51, 56, 43, 65, 50, 64]]

x[18263] = 1.0
Vehicle: 11  Cost: 136.72
Route: 1 2 -2 -1 
 1 [ 75   0:  0 [22, 19, 28, 12, 27, 30, 26, 20, 24, 34, 7, 6, 32, 9, 31, 15, 18, 33, 4, 16, 36, 29, 23, 35, 25, 21, 14, 17, 8, 10]]
 2 [  0  68: 68 []]
-2 [ 43  68:350 [38, 39, 66, 55, 62, 48, 45, 44, 42, 57, 59, 53, 46, 52, 40, 63, 54, 41, 60]]
-1 [ 43 419:419 [38, 39, 66, 55, 62, 48, 45, 44, 42, 57, 59, 53, 46, 52, 40, 63, 54, 41, 60]]

y[503] = 1.0
Vehicle: 204  Cost: 146.05
Route: 2 9 42 16 55 4 36 66 22 -2 
  2 [10  68: 83]
  9 [ 6 124:129]
 42 [ 7 129:134]
 16 [ 5 160:165]
 55 [ 9 165:170]
  4 [ 7 184:189]
 36 [ 6 206:211]
 66 [ 9 211:216]
 22 [ 8 254:259]
 -2 [ 8 269:269]

y[559] = 1.0
Vehicle: 207  Cost: 220.95
Route: 2 30 49 12 13 51 43 56 34 50 -2 
  2 [ 8 125:140]
 30 [ 5 180:185]
 49 [ 6 300:305]
 12 [ 4 305:310]
 13 [ 2 350:355]
 51 [ 3 355:360]
 43 [ 5 420:425]
 56 [ 8 454:459]
 34 [ 7 474:479]
 50 [10 514:519]
 -2 [10 557:557]

y[1903] = 1.0
Vehicle: 201  Cost: 121.21
Route: 2 11 33 47 37 24 61 -2 
  2 [10  68: 83]
 11 [ 8 134:139]
 33 [ 4 300:305]
 47 [ 6 318:323]
 37 [10 339:344]
 24 [ 6 360:365]
 61 [ 7 365:370]
 -2 [ 7 391:391]

y[2350] = 1.0
Vehicle: 203  Cost: 170.92
Route: 2 23 8 18 53 39 41 -2 
  2 [ 7  68: 83]
 23 [ 3 115:120]
  8 [ 1 180:185]
 18 [ 0 205:210]
 53 [ 2 217:222]
 39 [ 5 238:243]
 41 [ 9 262:267]
 -2 [ 9 335:335]

y[3882] = 1.0
Vehicle: 206  Cost: 168.73
Route: 2 26 62 29 54 15 48 7 57 52 -2 
  2 [ 9  68: 83]
 26 [ 5 115:120]
 62 [ 8 120:125]
 29 [ 7 133:138]
 54 [ 9 168:173]
 15 [ 7 173:178]
 48 [ 9 183:188]
  7 [ 7 210:215]
 57 [ 9 247:252]
 52 [10 300:305]
 -2 [10 324:324]

y[5776] = 1.0
Vehicle: 209  Cost: 24.81
Route: 2 35 38 6 -2 
  2 [ 8 165:288]
 35 [ 4 300:305]
 38 [ 6 311:316]
  6 [ 2 316:321]
 -2 [ 2 328:328]

y[7002] = 1.0
Vehicle: 212  Cost: 117.70
Route: 2 27 45 32 5 60 25 -2 
  2 [ 9  68: 83]
 27 [ 6 110:115]
 45 [ 8 180:185]
 32 [ 5 193:198]
  5 [ 4 211:216]
 60 [ 8 241:246]
 25 [ 6 300:305]
 -2 [ 6 313:313]

y[7025] = 1.0
Vehicle: 204  Cost: 164.90
Route: 2 14 44 10 17 59 63 46 40 21 -2 
  2 [ 9  68: 83]
 14 [ 8 131:136]
 44 [ 9 159:164]
 10 [ 6 164:169]
 17 [ 3 180:185]
 59 [ 5 207:212]
 63 [ 8 231:236]
 46 [ 9 261:266]
 40 [10 300:305]
 21 [ 8 308:313]
 -2 [ 8 330:330]

y[7507] = 1.0
Vehicle: 201  Cost: 177.57
Route: 2 20 31 58 19 28 64 65 -2 
  2 [10 125:270]
 20 [ 6 300:305]
 31 [ 4 420:425]
 58 [ 6 454:459]
 19 [ 5 459:464]
 28 [ 2 478:483]
 64 [ 6 483:488]
 65 [10 510:515]
 -2 [10 573:573]

FE: 2
SE: 9
!MIP-----
1586.2645322354942,1040.330412864685,0.0,2,9,19600,7623

Run: 3
Total Cost: 1578.05
Vehicle: 11  Cost: 136.72
Route: 1 2 -2 -1 
 1 [ 66   0:  0 [36, 26, 7, 10, 13, 12, 15, 29, 34, 27, 25, 19, 17, 30, 6, 18, 16, 9, 21, 8, 14, 33, 4, 11, 28, 24, 22, 35]]
 2 [  0  68: 68 []]
-2 [ 31  68:525 [47, 38, 49, 56, 43, 65, 61, 51, 58, 37, 64, 50, 45]]
-1 [ 31 593:593 [47, 38, 49, 56, 43, 65, 61, 51, 58, 37, 64, 50, 45]]

Vehicle: 12  Cost: 178.36
Route: 1 3 -3 -2 -1 
 1 [ 14   0:  0 [5, 20, 31, 23, 32]]
 3 [  0  85: 85 []]
-3 [  4  85:139 [60]]
-2 [ 39 165:345 [44, 54, 62, 42, 66, 55, 39, 41, 52, 59, 40, 63, 48, 46, 57, 60, 53]]
-1 [ 39 414:414 [44, 54, 62, 42, 66, 55, 39, 41, 52, 59, 40, 63, 48, 46, 57, 60, 53]]

Vehicle: 201  Cost: 151.38
Route: 2 26 62 29 15 54 48 57 52 -2 
  2 [ 7  68: 83]
 26 [ 3 115:120]
 62 [ 6 120:125]
 29 [ 5 133:138]
 15 [ 3 168:173]
 54 [ 5 173:178]
 48 [ 7 183:188]
 57 [ 9 225:230]
 52 [10 300:305]
 -2 [10 324:324]

Vehicle: 202  Cost: 146.05
Route: 2 9 42 16 55 4 36 66 22 -2 
  2 [10  68: 83]
  9 [ 6 124:129]
 42 [ 7 129:134]
 16 [ 5 160:165]
 55 [ 9 165:170]
  4 [ 7 184:189]
 36 [ 6 206:211]
 66 [ 9 211:216]
 22 [ 8 254:259]
 -2 [ 8 269:269]

Vehicle: 203  Cost: 177.15
Route: 2 7 10 44 17 59 63 46 40 21 -2 
  2 [10  68: 83]
  7 [ 8 155:160]
 10 [ 5 171:176]
 44 [ 6 176:181]
 17 [ 3 186:191]
 59 [ 5 213:218]
 63 [ 8 237:242]
 46 [ 9 267:272]
 40 [10 300:305]
 21 [ 8 308:313]
 -2 [ 8 330:330]

Vehicle: 204  Cost: 107.81
Route: 2 45 27 30 49 12 -2 
  2 [ 8  68:154]
 45 [10 180:185]
 27 [ 7 191:196]
 30 [ 4 224:229]
 49 [ 5 300:305]
 12 [ 3 305:310]
 -2 [ 3 352:352]

Vehicle: 205  Cost: 213.56
Route: 2 14 11 33 47 34 56 43 51 13 -2 
  2 [10  68: 83]
 14 [ 9 131:136]
 11 [ 7 143:148]
 33 [ 3 300:305]
 47 [ 5 318:323]
 34 [ 4 345:350]
 56 [ 7 365:370]
 43 [ 9 420:425]
 51 [10 442:447]
 13 [ 8 447:452]
 -2 [ 8 510:510]

Vehicle: 206  Cost: 86.32
Route: 2 35 61 24 37 50 25 -2 
  2 [10  68:288]
 35 [ 6 300:305]
 61 [ 7 315:320]
 24 [ 3 320:325]
 37 [ 7 341:346]
 50 [10 353:358]
 25 [ 8 392:397]
 -2 [ 8 404:404]

Vehicle: 207  Cost: 137.83
Route: 2 8 58 19 64 28 65 -2 
  2 [ 6  68:147]
  8 [ 4 180:185]
 58 [ 6 300:305]
 19 [ 5 305:310]
 64 [ 9 324:329]
 28 [ 6 329:334]
 65 [10 356:361]
 -2 [10 419:419]

Vehicle: 209  Cost: 14.14
Route: 2 6 38 -2 
  2 [ 4  68:293]
  6 [ 0 300:305]
 38 [ 2 305:310]
 -2 [ 2 317:317]

Vehicle: 211  Cost: 146.90
Route: 2 41 39 53 18 -2 
  2 [ 1  68: 83]
 41 [ 5 151:156]
 39 [ 8 175:180]
 53 [10 196:201]
 18 [ 9 208:213]
 -2 [ 9 250:250]

Vehicle: 301  Cost: 14.56
Route: 3 23 60 -3 
  3 [ 4  85:100]
 23 [ 0 107:112]
 60 [ 4 112:117]
 -3 [ 4 124:124]

Vehicle: 302  Cost: 67.27
Route: 3 5 32 20 31 -3 
  3 [10  85:159]
  5 [ 9 180:185]
 32 [ 6 198:203]
 20 [ 2 300:305]
 31 [ 0 420:425]
 -3 [ 0 432:432]

Total Cost: 1578.05
 11:136.72, 66:75 [1, 2, -2, -1]
 12:178.36, 39:75 [1, 3, -3, -2, -1]
201:151.38, 10:10 [2, 26, 62, 29, 15, 54, 48, 57, 52, -2]
202:146.05, 10:10 [2, 9, 42, 16, 55, 4, 36, 66, 22, -2]
203:177.15, 10:10 [2, 7, 10, 44, 17, 59, 63, 46, 40, 21, -2]
204:107.81, 10:10 [2, 45, 27, 30, 49, 12, -2]
205:213.56, 10:10 [2, 14, 11, 33, 47, 34, 56, 43, 51, 13, -2]
206:86.32, 10:10 [2, 35, 61, 24, 37, 50, 25, -2]
207:137.83, 10:10 [2, 8, 58, 19, 64, 28, 65, -2]
209:14.14, 4:10 [2, 6, 38, -2]
211:146.90, 10:10 [2, 41, 39, 53, 18, -2]
301:14.56, 4:10 [3, 23, 60, -3]
302:67.27, 10:10 [3, 5, 32, 20, 31, -3]
fe: 2, se: 11

!ALNS------------
100000,1578.0480912741475,84.408,30.024,2,11,0.7,0.8909090909090909,31.5,5.7272727272727275
2 6 4 5 0 0 4 0 
18.888740600488628 44.335522895264255 28.68003541487319 33.76746623727346 77.02629225562578 2.563149516426165 30.26130267645903 53.2948261359951 
1 6 2 1 2 0 5 4 
30.1056504442807 37.41692712058283 30.002333467107153 32.32774574134459 23.057419092982855 42.27980014332108 34.65655388784385 33.114534473772906 

x[8032] = 0.9999999999999964
Vehicle: 13  Cost: 178.36
Route: 1 3 -3 -2 -1 
 1 [ 14   0:  0 [20, 31, 32, 5, 23]]
 3 [  0  85: 85 []]
-3 [  4  85:139 [60]]
-2 [ 37 165:351 [66, 55, 46, 44, 54, 57, 62, 48, 60, 63, 41, 39, 59, 40, 52, 42]]
-1 [ 37 419:419 [66, 55, 46, 44, 54, 57, 62, 48, 60, 63, 41, 39, 59, 40, 52, 42]]

x[9030] = 0.9999999999999982
Vehicle: 11  Cost: 136.72
Route: 1 2 -2 -1 
 1 [ 66   0:  0 [26, 4, 30, 15, 25, 14, 11, 16, 29, 24, 12, 35, 21, 28, 18, 9, 17, 10, 34, 7, 6, 19, 36, 22, 8, 13, 33, 27]]
 2 [  0  68: 68 []]
-2 [ 35  68:544 [56, 52, 50, 38, 43, 45, 40, 47, 51, 64, 37, 65, 53, 58, 49, 61]]
-1 [ 35 612:612 [56, 52, 50, 38, 43, 45, 40, 47, 51, 64, 37, 65, 53, 58, 49, 61]]

y[405] = 1.0
Vehicle: 202  Cost: 146.05
Route: 2 9 42 16 55 4 66 36 22 -2 
  2 [10  68: 83]
  9 [ 6 124:129]
 42 [ 7 129:134]
 16 [ 5 160:165]
 55 [ 9 165:170]
  4 [ 7 184:189]
 66 [10 206:211]
 36 [ 9 211:216]
 22 [ 8 254:259]
 -2 [ 8 269:269]

y[1259] = 1.0
Vehicle: 206  Cost: 86.32
Route: 2 35 24 61 37 50 25 -2 
  2 [10 165:288]
 35 [ 6 300:305]
 24 [ 2 315:320]
 61 [ 3 320:325]
 37 [ 7 341:346]
 50 [10 353:358]
 25 [ 8 392:397]
 -2 [ 8 404:404]

y[1596] = 1.0
Vehicle: 212  Cost: 151.38
Route: 2 62 26 29 54 15 48 57 52 -2 
  2 [ 7  68: 83]
 62 [10 115:120]
 26 [ 6 120:125]
 29 [ 5 133:138]
 54 [ 7 168:173]
 15 [ 5 173:178]
 48 [ 7 183:188]
 57 [ 9 225:230]
 52 [10 300:305]
 -2 [10 324:324]

y[3234] = 1.0
Vehicle: 203  Cost: 146.90
Route: 2 18 53 39 41 -2 
  2 [ 1  68: 83]
 18 [ 0 120:125]
 53 [ 2 132:137]
 39 [ 5 154:159]
 41 [ 9 177:182]
 -2 [ 9 250:250]

y[3244] = 1.0
Vehicle: 207  Cost: 137.83
Route: 2 8 19 58 28 64 65 -2 
  2 [ 6 165:180]
  8 [ 4 213:218]
 19 [ 3 300:305]
 58 [ 5 305:310]
 28 [ 2 324:329]
 64 [ 6 329:334]
 65 [10 356:361]
 -2 [10 419:419]

y[3487] = 1.0
Vehicle: 303  Cost: 14.56
Route: 3 60 23 -3 
  3 [ 4  85:100]
 60 [ 8 107:112]
 23 [ 4 112:117]
 -3 [ 4 124:124]

y[4200] = 1.0
Vehicle: 213  Cost: 177.15
Route: 2 7 44 10 17 59 63 46 40 21 -2 
  2 [10  68: 83]
  7 [ 8 155:160]
 44 [ 9 171:176]
 10 [ 6 176:181]
 17 [ 3 186:191]
 59 [ 5 213:218]
 63 [ 8 237:242]
 46 [ 9 267:272]
 40 [10 300:305]
 21 [ 8 308:313]
 -2 [ 8 330:330]

y[4331] = 1.0
Vehicle: 205  Cost: 213.56
Route: 2 14 11 33 47 34 56 43 51 13 -2 
  2 [10  68: 83]
 14 [ 9 131:136]
 11 [ 7 143:148]
 33 [ 3 300:305]
 47 [ 5 318:323]
 34 [ 4 345:350]
 56 [ 7 365:370]
 43 [ 9 420:425]
 51 [10 442:447]
 13 [ 8 447:452]
 -2 [ 8 510:510]

y[5838] = 1.0
Vehicle: 302  Cost: 67.27
Route: 3 5 32 20 31 -3 
  3 [10 109:159]
  5 [ 9 180:185]
 32 [ 6 198:203]
 20 [ 2 300:305]
 31 [ 0 420:425]
 -3 [ 0 432:432]

y[6073] = 1.0
Vehicle: 209  Cost: 14.14
Route: 2 6 38 -2 
  2 [ 4 125:293]
  6 [ 0 300:305]
 38 [ 2 305:310]
 -2 [ 2 317:317]

y[6135] = 1.0
Vehicle: 210  Cost: 107.81
Route: 2 45 27 30 49 12 -2 
  2 [ 8  68:154]
 45 [10 180:185]
 27 [ 7 191:196]
 30 [ 4 224:229]
 49 [ 5 300:305]
 12 [ 3 305:310]
 -2 [ 3 352:352]

FE: 2
SE: 11
!MIP-----
1578.0480912741466,86.88747692108154,0.0,2,11,13683,6261

Run: 4
Total Cost: 1588.59
Vehicle: 11  Cost: 136.72
Route: 1 2 -2 -1 
 1 [ 73   0:  0 [15, 21, 17, 10, 24, 14, 29, 11, 34, 31, 33, 13, 30, 5, 16, 9, 22, 36, 20, 18, 12, 19, 4, 35, 28, 7, 23, 8, 26, 25, 27]]
 2 [  0  68: 68 []]
-2 [ 43  68:350 [52, 38, 63, 40, 59, 46, 55, 48, 66, 42, 44, 60, 62, 39, 54, 57, 53, 41, 45]]
-1 [ 43 419:419 [52, 38, 63, 40, 59, 46, 55, 48, 66, 42, 44, 60, 62, 39, 54, 57, 53, 41, 45]]

Vehicle: 12  Cost: 136.72
Route: 1 2 -2 -1 
 1 [  7   0:  0 [32, 6]]
 2 [  0  68: 68 []]
-2 [ 27  68:588 [58, 64, 47, 49, 56, 43, 65, 50, 37, 51, 61]]
-1 [ 27 656:656 [58, 64, 47, 49, 56, 43, 65, 50, 37, 51, 61]]

Vehicle: 201  Cost: 141.08
Route: 2 31 19 58 28 64 65 -2 
  2 [ 6  68:402]
 31 [ 4 420:425]
 19 [ 3 454:459]
 58 [ 5 459:464]
 28 [ 2 478:483]
 64 [ 6 483:488]
 65 [10 510:515]
 -2 [10 573:573]

Vehicle: 202  Cost: 24.81
Route: 2 35 6 38 -2 
  2 [ 8  68:288]
 35 [ 4 300:305]
  6 [ 0 311:316]
 38 [ 2 316:321]
 -2 [ 2 328:328]

Vehicle: 205  Cost: 220.95
Route: 2 30 12 49 51 13 43 56 34 50 -2 
  2 [ 8  68: 83]
 30 [ 5 124:129]
 12 [ 3 300:305]
 49 [ 4 305:310]
 51 [ 5 350:355]
 13 [ 3 355:360]
 43 [ 5 420:425]
 56 [ 8 454:459]
 34 [ 7 474:479]
 50 [10 514:519]
 -2 [10 557:557]

Vehicle: 206  Cost: 108.82
Route: 2 5 23 60 8 25 -2 
  2 [ 9  68:145]
  5 [ 8 180:185]
 23 [ 4 211:216]
 60 [ 8 216:221]
  8 [ 6 230:235]
 25 [ 4 300:305]
 -2 [ 4 313:313]

Vehicle: 207  Cost: 121.21
Route: 2 11 33 47 37 24 61 -2 
  2 [10  68: 83]
 11 [ 8 134:139]
 33 [ 4 300:305]
 47 [ 6 318:323]
 37 [10 339:344]
 24 [ 6 360:365]
 61 [ 7 365:370]
 -2 [ 7 391:391]

Vehicle: 209  Cost: 71.71
Route: 2 27 45 32 20 -2 
  2 [10  68: 83]
 27 [ 7 110:115]
 45 [ 9 180:185]
 32 [ 6 193:198]
 20 [ 2 300:305]
 -2 [ 2 335:335]

Vehicle: 210  Cost: 168.73
Route: 2 26 62 29 54 15 48 7 57 52 -2 
  2 [ 9  68: 83]
 26 [ 5 115:120]
 62 [ 8 120:125]
 29 [ 7 133:138]
 54 [ 9 168:173]
 15 [ 7 173:178]
 48 [ 9 183:188]
  7 [ 7 210:215]
 57 [ 9 247:252]
 52 [10 300:305]
 -2 [10 324:324]

Vehicle: 211  Cost: 146.05
Route: 2 9 42 16 55 4 36 66 22 -2 
  2 [10  68: 83]
  9 [ 6 124:129]
 42 [ 7 129:134]
 16 [ 5 160:165]
 55 [ 9 165:170]
  4 [ 7 184:189]
 36 [ 6 206:211]
 66 [ 9 211:216]
 22 [ 8 254:259]
 -2 [ 8 269:269]

Vehicle: 212  Cost: 146.90
Route: 2 41 39 53 18 -2 
  2 [ 1  68: 83]
 41 [ 5 151:156]
 39 [ 8 175:180]
 53 [10 196:201]
 18 [ 9 208:213]
 -2 [ 9 250:250]

Vehicle: 213  Cost: 164.90
Route: 2 14 44 10 17 59 63 46 40 21 -2 
  2 [ 9  68: 83]
 14 [ 8 131:136]
 44 [ 9 159:164]
 10 [ 6 164:169]
 17 [ 3 180:185]
 59 [ 5 207:212]
 63 [ 8 231:236]
 46 [ 9 261:266]
 40 [10 300:305]
 21 [ 8 308:313]
 -2 [ 8 330:330]

Total Cost: 1588.59
 11:136.72, 73:75 [1, 2, -2, -1]
 12:136.72, 27:75 [1, 2, -2, -1]
201:141.08, 10:10 [2, 31, 19, 58, 28, 64, 65, -2]
202:24.81, 8:10 [2, 35, 6, 38, -2]
205:220.95, 10:10 [2, 30, 12, 49, 51, 13, 43, 56, 34, 50, -2]
206:108.82, 9:10 [2, 5, 23, 60, 8, 25, -2]
207:121.21, 10:10 [2, 11, 33, 47, 37, 24, 61, -2]
209:71.71, 10:10 [2, 27, 45, 32, 20, -2]
210:168.73, 10:10 [2, 26, 62, 29, 54, 15, 48, 7, 57, 52, -2]
211:146.05, 10:10 [2, 9, 42, 16, 55, 4, 36, 66, 22, -2]
212:146.90, 10:10 [2, 41, 39, 53, 18, -2]
213:164.90, 10:10 [2, 14, 44, 10, 17, 59, 63, 46, 40, 21, -2]
fe: 2, se: 10

!ALNS------------
100000,1588.585663208392,106.263,87.028,2,10,0.6666666666666666,0.97,31.5,6.3
3 9 3 3 0 1 7 0 
33.74832675890018 54.408201003783574 35.56127662029948 37.331259840789755 47.40291768199186 96.57002842177388 38.93868918431271 58.20629535023147 
5 4 5 0 5 1 5 1 
39.42169928244895 38.38035014760991 45.16065964293358 45.28480689909391 35.919956033093754 40.1725864295196 42.22387858077675 63.69121760944288 

x[10298] = 1.0
Vehicle: 11  Cost: 136.72
Route: 1 2 -2 -1 
 1 [ 74   0:  0 [28, 7, 33, 11, 19, 21, 20, 6, 34, 13, 31, 12, 18, 26, 27, 36, 14, 9, 15, 32, 30, 10, 35, 17, 23, 16, 4, 29, 8, 5, 22]]
 2 [  0  68: 68 []]
-2 [ 34  68:588 [57, 56, 52, 61, 43, 58, 38, 45, 51, 64, 50, 37, 49, 47, 65]]
-1 [ 34 656:656 [57, 56, 52, 61, 43, 58, 38, 45, 51, 64, 50, 37, 49, 47, 65]]

x[19852] = 1.0
Vehicle: 12  Cost: 136.72
Route: 1 2 -2 -1 
 1 [  6   0:  0 [25, 24]]
 2 [  0  68: 68 []]
-2 [ 39  68:350 [60, 44, 66, 62, 46, 53, 54, 39, 40, 61, 63, 42, 48, 55, 59, 57, 41]]
-1 [ 39 418:418 [60, 44, 66, 62, 46, 53, 54, 39, 40, 61, 63, 42, 48, 55, 59, 57, 41]]

y[538] = 1.0
Vehicle: 204  Cost: 146.05
Route: 2 9 42 16 55 4 66 36 22 -2 
  2 [10  68: 83]
  9 [ 6 124:129]
 42 [ 7 129:134]
 16 [ 5 160:165]
 55 [ 9 165:170]
  4 [ 7 184:189]
 66 [10 206:211]
 36 [ 9 211:216]
 22 [ 8 254:259]
 -2 [ 8 269:269]

y[1185] = 1.0
Vehicle: 206  Cost: 220.95
Route: 2 30 49 12 13 51 43 56 34 50 -2 
  2 [ 8  68: 83]
 30 [ 5 124:129]
 49 [ 6 300:305]
 12 [ 4 305:310]
 13 [ 2 350:355]
 51 [ 3 355:360]
 43 [ 5 420:425]
 56 [ 8 454:459]
 34 [ 7 474:479]
 50 [10 514:519]
 -2 [10 557:557]

y[2203] = 1.0
Vehicle: 207  Cost: 121.21
Route: 2 11 33 47 37 24 61 -2 
  2 [10  68: 83]
 11 [ 8 134:139]
 33 [ 4 300:305]
 47 [ 6 318:323]
 37 [10 339:344]
 24 [ 6 360:365]
 61 [ 7 365:370]
 -2 [ 7 391:391]

y[2694] = 1.0
Vehicle: 201  Cost: 170.92
Route: 2 23 8 18 53 39 41 -2 
  2 [ 7  68: 83]
 23 [ 3 115:120]
  8 [ 1 180:185]
 18 [ 0 205:210]
 53 [ 2 217:222]
 39 [ 5 238:243]
 41 [ 9 262:267]
 -2 [ 9 335:335]

y[3386] = 1.0
Vehicle: 211  Cost: 24.81
Route: 2 35 6 38 -2 
  2 [ 8 125:288]
 35 [ 4 300:305]
  6 [ 0 311:316]
 38 [ 2 316:321]
 -2 [ 2 328:328]

y[4457] = 1.0
Vehicle: 210  Cost: 168.73
Route: 2 26 62 29 15 54 48 7 57 52 -2 
  2 [ 9  68: 83]
 26 [ 5 115:120]
 62 [ 8 120:125]
 29 [ 7 133:138]
 15 [ 5 168:173]
 54 [ 7 173:178]
 48 [ 9 183:188]
  7 [ 7 210:215]
 57 [ 9 247:252]
 52 [10 300:305]
 -2 [10 324:324]

y[5526] = 1.0
Vehicle: 209  Cost: 177.57
Route: 2 20 31 58 19 64 28 65 -2 
  2 [10  68:270]
 20 [ 6 300:305]
 31 [ 4 420:425]
 58 [ 6 454:459]
 19 [ 5 459:464]
 64 [ 9 478:483]
 28 [ 6 483:488]
 65 [10 510:515]
 -2 [10 573:573]

y[8123] = 1.0
Vehicle: 208  Cost: 117.70
Route: 2 27 45 32 5 60 25 -2 
  2 [ 9  68: 83]
 27 [ 6 110:115]
 45 [ 8 180:185]
 32 [ 5 193:198]
  5 [ 4 211:216]
 60 [ 8 241:246]
 25 [ 6 300:305]
 -2 [ 6 313:313]

y[8147] = 1.0
Vehicle: 203  Cost: 164.90
Route: 2 14 44 10 17 59 63 46 40 21 -2 
  2 [ 9  68: 83]
 14 [ 8 131:136]
 44 [ 9 159:164]
 10 [ 6 164:169]
 17 [ 3 180:185]
 59 [ 5 207:212]
 63 [ 8 231:236]
 46 [ 9 261:266]
 40 [10 300:305]
 21 [ 8 308:313]
 -2 [ 8 330:330]

FE: 2
SE: 9
!MIP-----
1586.2645322354942,908.8119328022003,6.492758257817407E-5,2,9,21112,8839

Run: 5
Total Cost: 1597.92
Vehicle: 11  Cost: 136.72
Route: 1 2 -2 -1 
 1 [ 74   0:  0 [10, 14, 21, 29, 7, 18, 16, 25, 13, 33, 22, 35, 24, 34, 23, 11, 17, 8, 5, 31, 12, 36, 9, 30, 15, 26, 27, 6, 20, 4, 19]]
 2 [  0  68: 68 []]
-2 [ 34  68:531 [51, 49, 43, 64, 61, 58, 56, 37, 52, 47, 50, 65, 38, 55]]
-1 [ 34 599:599 [51, 49, 43, 64, 61, 58, 56, 37, 52, 47, 50, 65, 38, 55]]

Vehicle: 12  Cost: 136.72
Route: 1 2 -2 -1 
 1 [  6   0:  0 [28, 32]]
 2 [  0  68: 68 []]
-2 [ 36  68:345 [54, 59, 39, 66, 57, 44, 62, 40, 46, 48, 53, 41, 60, 42, 63, 45]]
-1 [ 36 414:414 [54, 59, 39, 66, 57, 44, 62, 40, 46, 48, 53, 41, 60, 42, 63, 45]]

Vehicle: 201  Cost: 127.12
Route: 2 9 55 16 4 12 49 -2 
  2 [10  68: 83]
  9 [ 6 124:129]
 55 [10 155:160]
 16 [ 8 160:165]
  4 [ 6 180:185]
 12 [ 4 300:305]
 49 [ 5 305:310]
 -2 [ 5 352:352]

Vehicle: 202  Cost: 14.14
Route: 2 6 38 -2 
  2 [ 4  68:293]
  6 [ 0 300:305]
 38 [ 2 305:310]
 -2 [ 2 317:317]

Vehicle: 203  Cost: 87.63
Route: 2 35 24 37 50 52 25 -2 
  2 [10  68:288]
 35 [ 6 300:305]
 24 [ 2 315:320]
 37 [ 6 336:341]
 50 [ 9 348:353]
 52 [10 372:377]
 25 [ 8 393:398]
 -2 [ 8 406:406]

Vehicle: 204  Cost: 75.73
Route: 2 32 20 31 -2 
  2 [ 9  68:149]
 32 [ 6 180:185]
 20 [ 2 300:305]
 31 [ 0 420:425]
 -2 [ 0 443:443]

Vehicle: 205  Cost: 164.59
Route: 2 22 30 36 66 27 45 5 60 -2 
  2 [ 9  68: 83]
 22 [ 8  93: 98]
 30 [ 5 129:134]
 36 [ 4 143:148]
 66 [ 7 148:153]
 27 [ 4 185:190]
 45 [ 6 196:201]
  5 [ 5 221:226]
 60 [ 9 252:257]
 -2 [ 9 288:288]

Vehicle: 206  Cost: 177.15
Route: 2 7 44 10 17 59 63 46 40 21 -2 
  2 [10  68: 83]
  7 [ 8 155:160]
 44 [ 9 171:176]
 10 [ 6 176:181]
 17 [ 3 186:191]
 59 [ 5 213:218]
 63 [ 8 237:242]
 46 [ 9 267:272]
 40 [10 300:305]
 21 [ 8 308:313]
 -2 [ 8 330:330]

Vehicle: 208  Cost: 214.68
Route: 2 14 11 33 47 34 56 43 13 51 61 -2 
  2 [10  68: 83]
 14 [ 9 131:136]
 11 [ 7 143:148]
 33 [ 3 300:305]
 47 [ 5 318:323]
 34 [ 4 345:350]
 56 [ 7 365:370]
 43 [ 9 420:425]
 13 [ 7 442:447]
 51 [ 8 447:452]
 61 [ 9 490:495]
 -2 [ 9 516:516]

Vehicle: 209  Cost: 146.90
Route: 2 18 53 39 41 -2 
  2 [ 1  68: 83]
 18 [ 0 120:125]
 53 [ 2 132:137]
 39 [ 5 154:159]
 41 [ 9 177:182]
 -2 [ 9 250:250]

Vehicle: 210  Cost: 145.64
Route: 2 23 8 19 58 28 64 65 -2 
  2 [10  68: 83]
 23 [ 6 115:120]
  8 [ 4 180:185]
 19 [ 3 300:305]
 58 [ 5 305:310]
 28 [ 2 324:329]
 64 [ 6 329:334]
 65 [10 356:361]
 -2 [10 419:419]

Vehicle: 212  Cost: 170.90
Route: 2 26 62 57 15 54 48 29 42 -2 
  2 [ 7  68: 83]
 26 [ 3 115:120]
 62 [ 6 120:125]
 57 [ 8 135:140]
 15 [ 6 174:179]
 54 [ 8 179:184]
 48 [10 189:194]
 29 [ 9 228:233]
 42 [10 249:254]
 -2 [10 294:294]

Total Cost: 1597.92
 11:136.72, 74:75 [1, 2, -2, -1]
 12:136.72, 36:75 [1, 2, -2, -1]
201:127.12, 10:10 [2, 9, 55, 16, 4, 12, 49, -2]
202:14.14, 4:10 [2, 6, 38, -2]
203:87.63, 10:10 [2, 35, 24, 37, 50, 52, 25, -2]
204:75.73, 9:10 [2, 32, 20, 31, -2]
205:164.59, 9:10 [2, 22, 30, 36, 66, 27, 45, 5, 60, -2]
206:177.15, 10:10 [2, 7, 44, 10, 17, 59, 63, 46, 40, 21, -2]
208:214.68, 10:10 [2, 14, 11, 33, 47, 34, 56, 43, 13, 51, 61, -2]
209:146.90, 9:10 [2, 18, 53, 39, 41, -2]
210:145.64, 10:10 [2, 23, 8, 19, 58, 28, 64, 65, -2]
212:170.90, 10:10 [2, 26, 62, 57, 15, 54, 48, 29, 42, -2]
fe: 2, se: 10

!ALNS------------
100000,1597.9181046148415,176.946,37.517,2,10,0.7333333333333333,0.91,31.5,6.3
7 1 6 5 0 0 4 1 
26.031793942519695 47.896533129547805 29.143092319035745 29.674080701887736 NaN 56.851953850013246 32.32284501033869 51.7628535539404 
4 2 5 0 6 4 3 0 
32.63374376164916 29.993676039367447 33.06623151527477 40.71470268763825 38.11900365976142 34.705014912284845 33.63028521763613 35.92110815893725 

x[3516] = 1.0
Vehicle: 14  Cost: 178.36
Route: 1 3 -3 -2 -1 
 1 [ 14   0:  0 [20, 23, 32, 31, 5]]
 3 [  0  85: 85 []]
-3 [  4  85:139 [60]]
-2 [ 43 165:351 [55, 59, 44, 48, 62, 42, 63, 66, 57, 38, 54, 45, 41, 53, 39, 61, 40, 46, 60]]
-1 [ 43 419:419 [55, 59, 44, 48, 62, 42, 63, 66, 57, 38, 54, 45, 41, 53, 39, 61, 40, 46, 60]]

x[9643] = 1.0
Vehicle: 11  Cost: 136.72
Route: 1 2 -2 -1 
 1 [ 66   0:  0 [30, 15, 35, 13, 10, 18, 26, 14, 16, 6, 33, 36, 12, 27, 8, 29, 24, 25, 21, 9, 17, 7, 19, 11, 34, 28, 22, 4]]
 2 [  0  68: 68 []]
-2 [ 41  68:525 [51, 45, 47, 38, 49, 56, 65, 43, 55, 52, 57, 50, 41, 58, 37, 64]]
-1 [ 41 593:593 [51, 45, 47, 38, 49, 56, 65, 43, 55, 52, 57, 50, 41, 58, 37, 64]]

y[411] = 1.0
Vehicle: 203  Cost: 87.63
Route: 2 35 24 37 50 52 25 -2 
  2 [10 165:288]
 35 [ 6 300:305]
 24 [ 2 315:320]
 37 [ 6 336:341]
 50 [ 9 348:353]
 52 [10 372:377]
 25 [ 8 393:398]
 -2 [ 8 406:406]

y[478] = 1.0
Vehicle: 201  Cost: 146.05
Route: 2 9 42 16 55 4 36 66 22 -2 
  2 [10  68: 83]
  9 [ 6 124:129]
 42 [ 7 129:134]
 16 [ 5 160:165]
 55 [ 9 165:170]
  4 [ 7 184:189]
 36 [ 6 206:211]
 66 [ 9 211:216]
 22 [ 8 254:259]
 -2 [ 8 269:269]

y[1928] = 1.0
Vehicle: 212  Cost: 150.44
Route: 2 26 62 57 15 54 48 29 61 -2 
  2 [ 7  68: 83]
 26 [ 3 115:120]
 62 [ 6 120:125]
 57 [ 8 135:140]
 15 [ 6 174:179]
 54 [ 8 179:184]
 48 [10 189:194]
 29 [ 9 228:233]
 61 [10 300:305]
 -2 [10 326:326]

y[2652] = 1.0
Vehicle: 228  Cost: 14.14
Route: 2 6 38 -2 
  2 [ 4 306:321]
  6 [ 0 328:333]
 38 [ 2 333:338]
 -2 [ 2 346:346]

y[3620] = 1.0
Vehicle: 302  Cost: 67.27
Route: 3 5 32 20 31 -3 
  3 [10 137:159]
  5 [ 9 180:185]
 32 [ 6 198:203]
 20 [ 2 300:305]
 31 [ 0 420:425]
 -3 [ 0 432:432]

y[4042] = 1.0
Vehicle: 208  Cost: 146.90
Route: 2 18 53 39 41 -2 
  2 [ 1  68: 83]
 18 [ 0 120:125]
 53 [ 2 132:137]
 39 [ 5 154:159]
 41 [ 9 177:182]
 -2 [ 9 250:250]

y[4056] = 1.0
Vehicle: 210  Cost: 137.83
Route: 2 8 19 58 64 28 65 -2 
  2 [ 6 165:180]
  8 [ 4 213:218]
 19 [ 3 300:305]
 58 [ 5 305:310]
 64 [ 9 324:329]
 28 [ 6 329:334]
 65 [10 356:361]
 -2 [10 419:419]

y[4389] = 1.0
Vehicle: 305  Cost: 14.56
Route: 3 23 60 -3 
  3 [ 4  85:100]
 23 [ 0 107:112]
 60 [ 4 112:117]
 -3 [ 4 124:124]

y[5338] = 1.0
Vehicle: 207  Cost: 177.15
Route: 2 7 10 44 17 59 63 46 40 21 -2 
  2 [10  68: 83]
  7 [ 8 155:160]
 10 [ 5 171:176]
 44 [ 6 176:181]
 17 [ 3 186:191]
 59 [ 5 213:218]
 63 [ 8 237:242]
 46 [ 9 267:272]
 40 [10 300:305]
 21 [ 8 308:313]
 -2 [ 8 330:330]

y[5499] = 1.0
Vehicle: 202  Cost: 213.56
Route: 2 14 11 33 47 34 56 43 51 13 -2 
  2 [10  68: 83]
 14 [ 9 131:136]
 11 [ 7 143:148]
 33 [ 3 300:305]
 47 [ 5 318:323]
 34 [ 4 345:350]
 56 [ 7 365:370]
 43 [ 9 420:425]
 51 [10 442:447]
 13 [ 8 447:452]
 -2 [ 8 510:510]

y[7847] = 1.0
Vehicle: 201  Cost: 107.81
Route: 2 45 27 30 49 12 -2 
  2 [ 8  68:154]
 45 [10 180:185]
 27 [ 7 191:196]
 30 [ 4 224:229]
 49 [ 5 300:305]
 12 [ 3 305:310]
 -2 [ 3 352:352]

FE: 2
SE: 11
!MIP-----
1578.412431582708,1105.2805151939392,9.422657977456556E-5,2,11,22285,8003

