--Parameters Information--
speed=1
run=5
iteration= 100000
batch=100
restartPeriod=10000
largeRemovalOccurrence=500
initialLNS=250
lowerBoundSmallRemoval=4
smallRemoval=0.2
lowerBoundLargeRemoval=0.55
largeRemoval=0.8
initialWeight=1.0
decayRate=0.1
gamma1=9.0
gamma2=5.0
gamma3=2.0
gamma4=0.0
coolingRate=0.9995
temperatureControlParameter=0.05
initialAcceptanceProbability=0.5
perturbation=0.5
perturbationFactor=0.01
split=20000

Setup: Split
Data: A_50_10_TD

Run: 1
Total Cost: 1406.50
Vehicle: 11  Cost: 40.79
Route: 1 3 -3 -1 
 1 [ 21   0:  0 [16, 39, 35, 28, 19, 37, 15]]
 3 [  0  20: 20 []]
-3 [  9  20:494 [58, 54, 61]]
-1 [  9 514:514 [58, 54, 61]]

Vehicle: 12  Cost: 108.46
Route: 1 2 -2 -1 
 1 [ 53   0:  0 [14, 23, 41, 11, 7, 24, 6, 20, 21, 26, 13, 34, 17, 9, 29, 22, 40, 10, 30, 38, 12, 33, 43]]
 2 [  0  54: 54 []]
-2 [ 22  54:419 [55, 51, 59, 64, 63, 60, 62, 50, 47, 65, 44, 49, 57, 68, 48]]
-1 [ 22 473:473 [55, 51, 59, 64, 63, 60, 62, 50, 47, 65, 44, 49, 57, 68, 48]]

Vehicle: 13  Cost: 40.79
Route: 1 3 -3 -1 
 1 [ 24   0:  0 [31, 5, 18, 32, 36, 4, 42, 8, 27, 25]]
 3 [  0  20: 20 []]
-3 [ 17  20:359 [53, 45, 66, 67, 46, 56, 69, 52]]
-1 [ 17 379:379 [53, 45, 66, 67, 46, 56, 69, 52]]

Vehicle: 201  Cost: 207.23
Route: 2 12 55 23 30 59 68 43 44 47 6 -2 
  2 [10  54: 69]
 12 [ 8 127:132]
 55 [ 9 149:154]
 23 [ 8 154:159]
 30 [ 4 180:185]
 59 [ 6 185:190]
 68 [ 7 198:203]
 43 [ 6 203:208]
 44 [ 8 300:305]
 47 [ 9 339:344]
  6 [ 7 344:349]
 -2 [ 7 404:404]

Vehicle: 202  Cost: 52.08
Route: 2 17 33 -2 
  2 [ 7  54: 69]
 17 [ 3  89: 94]
 33 [ 0 300:305]
 -2 [ 0 329:329]

Vehicle: 203  Cost: 123.52
Route: 2 13 63 51 14 20 38 62 -2 
  2 [ 9  54: 69]
 13 [ 8  91: 96]
 63 [ 9 125:130]
 51 [10 300:305]
 14 [ 6 305:310]
 20 [ 4 318:323]
 38 [ 2 344:349]
 62 [ 3 349:354]
 -2 [ 3 376:376]

Vehicle: 204  Cost: 103.61
Route: 2 10 49 29 57 26 40 65 -2 
  2 [10  54: 69]
 10 [ 7 100:105]
 49 [ 8 105:110]
 29 [ 6 127:132]
 57 [ 8 300:305]
 26 [ 5 305:310]
 40 [ 3 319:324]
 65 [ 6 324:329]
 -2 [ 6 356:356]

Vehicle: 205  Cost: 56.75
Route: 2 34 22 9 24 -2 
  2 [10  54: 69]
 34 [ 6  82: 87]
 22 [ 4  96:101]
  9 [ 1 300:305]
 24 [ 0 310:315]
 -2 [ 0 333:333]

Vehicle: 207  Cost: 98.88
Route: 2 64 41 50 11 21 60 48 7 -2 
  2 [ 7  54: 69]
 64 [10  86: 91]
 41 [ 9  99:104]
 50 [10 124:129]
 11 [ 8 129:134]
 21 [ 7 300:305]
 60 [ 8 306:311]
 48 [ 9 329:334]
  7 [ 6 334:339]
 -2 [ 6 360:360]

Vehicle: 301  Cost: 150.84
Route: 3 19 61 35 28 54 58 -3 
  3 [ 9  20: 35]
 19 [ 5  63: 68]
 61 [ 7 300:305]
 35 [ 5 305:310]
 28 [ 2 331:336]
 54 [ 5 339:344]
 58 [ 9 420:425]
 -3 [ 9 479:479]

Vehicle: 302  Cost: 165.64
Route: 3 31 27 69 52 46 5 53 32 -3 
  3 [10  20: 35]
 31 [ 9  55: 60]
 27 [ 5  88: 93]
 69 [ 8 121:126]
 52 [ 9 137:142]
 46 [10 147:152]
  5 [ 6 152:157]
 53 [ 7 165:170]
 32 [ 6 300:305]
 -3 [ 6 344:344]

Vehicle: 303  Cost: 87.43
Route: 3 8 4 45 18 36 -3 
  3 [10  20: 35]
  8 [ 7  77: 82]
  4 [ 5 180:185]
 45 [ 6 185:190]
 18 [ 2 300:305]
 36 [ 1 316:321]
 -3 [ 1 341:341]

Vehicle: 304  Cost: 64.28
Route: 3 16 37 15 -3 
  3 [ 9  20: 35]
 16 [ 7  66: 71]
 37 [ 4 300:305]
 15 [ 0 311:316]
 -3 [ 0 340:340]

Vehicle: 305  Cost: 41.23
Route: 3 39 -3 
  3 [ 3  20:399]
 39 [ 0 420:425]
 -3 [ 0 446:446]

Vehicle: 306  Cost: 64.96
Route: 3 42 67 25 56 66 -3 
  3 [ 4  20: 35]
 42 [ 3  53: 58]
 67 [ 6  58: 63]
 25 [ 3  85: 90]
 56 [ 7  90: 95]
 66 [10 111:116]
 -3 [10 125:125]

Total Cost: 1406.50
 11:40.79, 21:75 [1, 3, -3, -1]
 12:108.46, 53:75 [1, 2, -2, -1]
 13:40.79, 24:75 [1, 3, -3, -1]
201:207.23, 10:10 [2, 12, 55, 23, 30, 59, 68, 43, 44, 47, 6, -2]
202:52.08, 7:10 [2, 17, 33, -2]
203:123.52, 10:10 [2, 13, 63, 51, 14, 20, 38, 62, -2]
204:103.61, 10:10 [2, 10, 49, 29, 57, 26, 40, 65, -2]
205:56.75, 10:10 [2, 34, 22, 9, 24, -2]
207:98.88, 10:10 [2, 64, 41, 50, 11, 21, 60, 48, 7, -2]
301:150.84, 9:10 [3, 19, 61, 35, 28, 54, 58, -3]
302:165.64, 10:10 [3, 31, 27, 69, 52, 46, 5, 53, 32, -3]
303:87.43, 10:10 [3, 8, 4, 45, 18, 36, -3]
304:64.28, 9:10 [3, 16, 37, 15, -3]
305:41.23, 3:10 [3, 39, -3]
306:64.96, 10:10 [3, 42, 67, 25, 56, 66, -3]
fe: 3, se: 12

!ALNS------------
100000,1406.4993051933802,137.362,13.752,3,12,0.43555555555555553,0.9,22.0,5.5
2 4 1 3 0 0 4 0 
17.041332164854047 35.73897290088283 24.56298179190725 21.061199173575712 103.90326931177485 43.68342744615141 21.510781698332163 40.258730420354674 
2 1 2 1 2 4 1 1 
23.278852953971505 30.878846253358795 27.49130120916394 31.051047833687264 25.68117540684733 24.41684733543247 20.14443058346382 27.238062327334813 

x[1417] = 1.0
Vehicle: 11  Cost: 40.79
Route: 1 3 -3 -1 
 1 [ 37   0:  0 [16, 27, 36, 11, 42, 31, 25, 15, 5, 4, 8, 39, 37, 18]]
 3 [  0  20: 20 []]
-3 [ 21  20:361 [56, 46, 66, 52, 69, 45, 53, 67, 64, 50]]
-1 [ 21 381:381 [56, 46, 66, 52, 69, 45, 53, 67, 64, 50]]

x[7866] = 1.0
Vehicle: 12  Cost: 108.46
Route: 1 2 -2 -1 
 1 [ 48   0:  0 [6, 34, 40, 33, 32, 10, 9, 14, 17, 20, 21, 29, 23, 43, 26, 24, 13, 38, 22, 12, 30]]
 2 [  0  54: 54 []]
-2 [ 17  54:419 [57, 49, 47, 68, 51, 44, 59, 55, 63, 62, 60, 65]]
-1 [ 17 473:473 [57, 49, 47, 68, 51, 44, 59, 55, 63, 62, 60, 65]]

x[10894] = 1.0
Vehicle: 14  Cost: 40.79
Route: 1 3 -3 -1 
 1 [ 18   0:  0 [41, 7, 19, 4, 28, 35, 39]]
 3 [  0  20: 20 []]
-3 [ 13  20:494 [48, 64, 61, 58, 54]]
-1 [ 13 514:514 [48, 64, 61, 58, 54]]

y[707] = 1.0
Vehicle: 308  Cost: 64.28
Route: 3 16 37 15 -3 
  3 [ 9 104:119]
 16 [ 7 150:155]
 37 [ 4 300:305]
 15 [ 0 311:316]
 -3 [ 0 340:340]

y[711] = 1.0
Vehicle: 203  Cost: 123.52
Route: 2 13 63 14 51 20 38 62 -2 
  2 [ 9  88:103]
 13 [ 8 125:130]
 63 [ 9 159:164]
 14 [ 5 300:305]
 51 [ 6 305:310]
 20 [ 4 318:323]
 38 [ 2 344:349]
 62 [ 3 349:354]
 -2 [ 3 376:376]

y[743] = 1.0
Vehicle: 302  Cost: 150.84
Route: 3 19 35 61 28 54 58 -3 
  3 [ 9 239:254]
 19 [ 5 282:287]
 35 [ 3 301:306]
 61 [ 5 306:311]
 28 [ 2 331:336]
 54 [ 5 340:345]
 58 [ 9 420:425]
 -3 [ 9 479:479]

y[1877] = 1.0
Vehicle: 301  Cost: 62.26
Route: 3 39 18 36 -3 
  3 [ 8 455:470]
 39 [ 5 491:496]
 18 [ 1 506:511]
 36 [ 0 522:527]
 -3 [ 0 548:548]

y[2489] = 1.0
Vehicle: 201  Cost: 207.23
Route: 2 12 23 55 59 30 43 68 44 47 6 -2 
  2 [10  88:103]
 12 [ 8 161:166]
 23 [ 7 183:188]
 55 [ 8 188:193]
 59 [10 207:212]
 30 [ 6 212:217]
 43 [ 5 226:231]
 68 [ 6 231:236]
 44 [ 8 300:305]
 47 [ 9 339:344]
  6 [ 7 344:349]
 -2 [ 7 404:404]

y[2926] = 1.0
Vehicle: 204  Cost: 103.61
Route: 2 10 49 29 57 26 65 40 -2 
  2 [10  88:103]
 10 [ 7 134:139]
 49 [ 8 139:144]
 29 [ 6 161:166]
 57 [ 8 300:305]
 26 [ 5 305:310]
 65 [ 8 319:324]
 40 [ 6 324:329]
 -2 [ 6 356:356]

y[3907] = 1.0
Vehicle: 302  Cost: 171.65
Route: 3 31 27 69 52 5 46 53 41 64 -3 
  3 [10  20: 35]
 31 [ 9  55: 60]
 27 [ 5  88: 93]
 69 [ 8 121:126]
 52 [ 9 137:142]
  5 [ 5 147:152]
 46 [ 6 152:157]
 53 [ 7 165:170]
 41 [ 6 209:214]
 64 [ 9 222:227]
 -3 [ 9 252:252]

y[4068] = 1.0
Vehicle: 201  Cost: 26.02
Route: 2 34 32 -2 
  2 [ 5  70: 85]
 34 [ 1  97:102]
 32 [ 0 300:305]
 -2 [ 0 318:318]

y[4500] = 1.0
Vehicle: 204  Cost: 73.06
Route: 2 22 21 60 9 24 -2 
  2 [ 7  70: 85]
 22 [ 5 107:112]
 21 [ 4 300:305]
 60 [ 5 306:311]
  9 [ 2 329:334]
 24 [ 1 339:344]
 -2 [ 1 362:362]

y[5246] = 1.0
Vehicle: 306  Cost: 64.96
Route: 3 42 67 25 56 66 -3 
  3 [ 4 104:119]
 42 [ 3 136:141]
 67 [ 6 141:146]
 25 [ 3 168:173]
 56 [ 7 173:178]
 66 [10 194:199]
 -3 [10 209:209]

y[6313] = 1.0
Vehicle: 202  Cost: 52.08
Route: 2 17 33 -2 
  2 [ 7  88:103]
 17 [ 3 124:129]
 33 [ 0 300:305]
 -2 [ 0 329:329]

y[6506] = 1.0
Vehicle: 303  Cost: 108.55
Route: 3 4 45 8 50 11 48 7 -3 
  3 [10  20:138]
  4 [ 8 180:185]
 45 [ 9 185:190]
  8 [ 6 194:199]
 50 [ 7 214:219]
 11 [ 5 219:224]
 48 [ 6 300:305]
  7 [ 3 305:310]
 -3 [ 3 336:336]

FE: 3
SE: 12
!MIP-----
1398.1053432355448,638.2840759754181,9.92067981872327E-5,3,12,11577,6583

Run: 2
Total Cost: 1378.83
Vehicle: 11  Cost: 108.46
Route: 1 2 -2 -1 
 1 [ 47   0:  0 [10, 32, 40, 34, 14, 24, 30, 22, 27, 20, 38, 7, 17, 43, 21, 33, 13, 6, 9]]
 2 [  0  54: 54 []]
-2 [ 16  54:419 [49, 47, 51, 46, 44, 60, 52, 65, 68, 59, 62, 48]]
-1 [ 16 473:473 [49, 47, 51, 46, 44, 60, 52, 65, 68, 59, 62, 48]]

Vehicle: 12  Cost: 40.79
Route: 1 3 -3 -1 
 1 [ 51   0:  0 [5, 31, 25, 19, 26, 15, 8, 4, 41, 12, 37, 28, 11, 35, 16, 29, 36, 18, 23, 39, 42]]
 3 [  0  20: 20 []]
-3 [ 23  20:363 [45, 50, 67, 64, 63, 56, 66, 57, 55, 69, 53]]
-1 [ 23 383:383 [45, 50, 67, 64, 63, 56, 66, 57, 55, 69, 53]]

Vehicle: 13  Cost: 40.79
Route: 1 -3 -1 
 1 [  0   0:  0 []]
-3 [  9  20:494 [54, 61, 58]]
-1 [  9 514:514 [54, 61, 58]]

Vehicle: 201  Cost: 69.74
Route: 2 34 22 60 21 48 7 -2 
  2 [10  54: 69]
 34 [ 6  82: 87]
 22 [ 4  96:101]
 60 [ 5 300:305]
 21 [ 4 306:311]
 48 [ 5 329:334]
  7 [ 2 334:339]
 -2 [ 2 360:360]

Vehicle: 202  Cost: 182.81
Route: 2 10 49 59 30 68 43 44 6 47 -2 
  2 [10  54: 69]
 10 [ 7 100:105]
 49 [ 8 105:110]
 59 [10 180:185]
 30 [ 6 185:190]
 68 [ 7 198:203]
 43 [ 6 203:208]
 44 [ 8 300:305]
  6 [ 6 339:344]
 47 [ 7 344:349]
 -2 [ 7 404:404]

Vehicle: 203  Cost: 103.80
Route: 2 13 46 52 20 14 51 62 38 -2 
  2 [ 9  54: 69]
 13 [ 8  91: 96]
 46 [ 9 118:123]
 52 [10 128:133]
 20 [ 8 300:305]
 14 [ 4 313:318]
 51 [ 5 318:323]
 62 [ 6 342:347]
 38 [ 4 347:352]
 -2 [ 4 374:374]

Vehicle: 204  Cost: 54.18
Route: 2 27 9 24 32 -2 
  2 [ 9  54: 69]
 27 [ 5  83: 88]
  9 [ 2 300:305]
 24 [ 1 310:315]
 32 [ 0 324:329]
 -2 [ 0 342:342]

Vehicle: 205  Cost: 59.80
Route: 2 17 65 40 33 -2 
  2 [ 9  54: 69]
 17 [ 5  89: 94]
 65 [ 8 300:305]
 40 [ 6 305:310]
 33 [ 3 318:323]
 -2 [ 3 347:347]

Vehicle: 301  Cost: 71.63
Route: 3 42 67 37 15 -3 
  3 [ 8  20: 35]
 42 [ 7  53: 58]
 67 [10  58: 63]
 37 [ 7 300:305]
 15 [ 3 311:316]
 -3 [ 3 340:340]

Vehicle: 302  Cost: 201.21
Route: 3 31 53 5 69 63 29 57 26 -3 
  3 [10  20: 35]
 31 [ 9  55: 60]
 53 [10 104:109]
  5 [ 6 117:122]
 69 [ 9 134:139]
 63 [10 162:167]
 29 [ 8 204:209]
 57 [10 300:305]
 26 [ 7 305:310]
 -3 [ 7 348:348]

Vehicle: 303  Cost: 150.84
Route: 3 19 35 61 28 54 58 -3 
  3 [ 9  20: 35]
 19 [ 5  63: 68]
 35 [ 3 300:305]
 61 [ 5 305:310]
 28 [ 2 331:336]
 54 [ 5 339:344]
 58 [ 9 420:425]
 -3 [ 9 479:479]

Vehicle: 304  Cost: 62.26
Route: 3 36 18 39 -3 
  3 [ 8  20:280]
 36 [ 7 300:305]
 18 [ 3 316:321]
 39 [ 0 420:425]
 -3 [ 0 446:446]

Vehicle: 305  Cost: 118.81
Route: 3 25 56 16 12 23 55 66 -3 
  3 [ 8  20: 35]
 25 [ 5  59: 64]
 56 [ 9  64: 69]
 16 [ 7  76: 81]
 12 [ 5 102:107]
 23 [ 4 123:128]
 55 [ 5 128:133]
 66 [ 8 175:180]
 -3 [ 8 189:189]

Vehicle: 307  Cost: 113.71
Route: 3 4 45 8 11 50 41 64 -3 
  3 [ 8  20:138]
  4 [ 6 180:185]
 45 [ 7 185:190]
  8 [ 4 194:199]
 11 [ 2 214:219]
 50 [ 3 219:224]
 41 [ 2 244:249]
 64 [ 5 257:262]
 -3 [ 5 287:287]

Total Cost: 1378.83
 11:108.46, 47:75 [1, 2, -2, -1]
 12:40.79, 51:75 [1, 3, -3, -1]
 13:40.79, 9:75 [1, -3, -1]
201:69.74, 10:10 [2, 34, 22, 60, 21, 48, 7, -2]
202:182.81, 10:10 [2, 10, 49, 59, 30, 68, 43, 44, 6, 47, -2]
203:103.80, 10:10 [2, 13, 46, 52, 20, 14, 51, 62, 38, -2]
204:54.18, 9:10 [2, 27, 9, 24, 32, -2]
205:59.80, 9:10 [2, 17, 65, 40, 33, -2]
301:71.63, 10:10 [3, 42, 67, 37, 15, -3]
302:201.21, 10:10 [3, 31, 53, 5, 69, 63, 29, 57, 26, -3]
303:150.84, 9:10 [3, 19, 35, 61, 28, 54, 58, -3]
304:62.26, 8:10 [3, 36, 18, 39, -3]
305:118.81, 9:10 [3, 25, 56, 16, 12, 23, 55, 66, -3]
307:113.71, 8:10 [3, 4, 45, 8, 11, 50, 41, 64, -3]
fe: 3, se: 11

!ALNS------------
100000,1378.8329957498083,153.203,56.11,3,11,0.47555555555555556,0.9272727272727272,22.0,6.0
3 9 3 1 0 0 3 0 
16.26913187586047 37.2711392649211 26.203456959530396 24.041208240583625 NaN NaN 19.499925451908325 40.59536628746011 
0 5 2 4 1 5 2 0 
27.323903102303536 24.94702725694994 28.924132867474935 24.774396623075898 26.471572713520537 24.639630211939473 25.919379751937186 29.935703277584977 

x[2113] = 1.0
Vehicle: 12  Cost: 40.79
Route: 1 3 -3 -1 
 1 [ 51   0:  0 [5, 31, 25, 19, 26, 15, 8, 4, 41, 12, 37, 28, 11, 35, 16, 29, 36, 18, 23, 39, 42]]
 3 [  0  20: 20 []]
-3 [ 23  20:363 [45, 50, 67, 64, 63, 56, 66, 57, 55, 69, 53]]
-1 [ 23 383:383 [45, 50, 67, 64, 63, 56, 66, 57, 55, 69, 53]]

x[5816] = 1.0
Vehicle: 13  Cost: 40.79
Route: 1 -3 -1 
 1 [  0   0:  0 []]
-3 [ 13  20:639 [54, 61, 60, 47, 44, 58]]
-1 [ 13 660:660 [54, 61, 60, 47, 44, 58]]

x[6449] = 1.0
Vehicle: 11  Cost: 108.46
Route: 1 2 -2 -1 
 1 [ 47   0:  0 [10, 32, 40, 34, 14, 24, 30, 22, 27, 20, 38, 7, 17, 43, 21, 33, 13, 6, 9]]
 2 [  0  54: 54 []]
-2 [ 16  54:419 [49, 47, 51, 46, 44, 60, 52, 65, 68, 59, 62, 48]]
-1 [ 16 473:473 [49, 47, 51, 46, 44, 60, 52, 65, 68, 59, 62, 48]]

y[805] = 1.0
Vehicle: 308  Cost: 62.26
Route: 3 39 18 36 -3 
  3 [ 8 493:508]
 39 [ 5 529:534]
 18 [ 1 545:550]
 36 [ 0 560:565]
 -3 [ 0 586:586]

y[1157] = 1.0
Vehicle: 201  Cost: 69.74
Route: 2 34 22 60 21 7 48 -2 
  2 [10 211:226]
 34 [ 6 239:244]
 22 [ 4 254:259]
 60 [ 5 300:305]
 21 [ 4 306:311]
  7 [ 1 329:334]
 48 [ 2 334:339]
 -2 [ 2 360:360]

y[1433] = 1.0
Vehicle: 302  Cost: 201.21
Route: 3 31 53 5 69 63 29 57 26 -3 
  3 [10  20: 35]
 31 [ 9  55: 60]
 53 [10 104:109]
  5 [ 6 117:122]
 69 [ 9 134:139]
 63 [10 162:167]
 29 [ 8 204:209]
 57 [10 300:305]
 26 [ 7 305:310]
 -3 [ 7 348:348]

y[1677] = 1.0
Vehicle: 205  Cost: 59.80
Route: 2 17 65 40 33 -2 
  2 [ 9  88:103]
 17 [ 5 124:129]
 65 [ 8 300:305]
 40 [ 6 305:310]
 33 [ 3 318:323]
 -2 [ 3 347:347]

y[2615] = 1.0
Vehicle: 303  Cost: 159.23
Route: 3 16 37 58 28 54 35 61 -3 
  3 [10  20: 35]
 16 [ 8  66: 71]
 37 [ 5 300:305]
 58 [ 9 420:425]
 28 [ 6 459:464]
 54 [ 9 467:472]
 35 [ 7 491:496]
 61 [ 9 496:501]
 -3 [ 9 542:542]

y[2781] = 1.0000000000000007
Vehicle: 203  Cost: 103.80
Route: 2 13 46 52 20 14 51 62 38 -2 
  2 [ 9  88:103]
 13 [ 8 125:130]
 46 [ 9 153:158]
 52 [10 163:168]
 20 [ 8 300:305]
 14 [ 4 313:318]
 51 [ 5 318:323]
 62 [ 6 342:347]
 38 [ 4 347:352]
 -2 [ 4 374:374]

y[2896] = 1.0
Vehicle: 307  Cost: 113.71
Route: 3 45 4 8 50 11 41 64 -3 
  3 [ 8  20:138]
 45 [ 9 180:185]
  4 [ 7 185:190]
  8 [ 4 194:199]
 50 [ 5 214:219]
 11 [ 3 219:224]
 41 [ 2 244:249]
 64 [ 5 257:262]
 -3 [ 5 287:287]

y[3592] = 1.0
Vehicle: 304  Cost: 62.35
Route: 3 42 67 15 -3 
  3 [ 5  20: 35]
 42 [ 4  53: 58]
 67 [ 7  58: 63]
 15 [ 3 300:305]
 -3 [ 3 329:329]

y[3626] = 1.0
Vehicle: 304  Cost: 116.13
Route: 3 19 23 55 12 25 56 66 -3 
  3 [10  20: 35]
 19 [ 6  63: 68]
 23 [ 5  92: 97]
 55 [ 6  97:102]
 12 [ 4 118:123]
 25 [ 1 146:151]
 56 [ 5 151:156]
 66 [ 8 172:177]
 -3 [ 8 187:187]

y[3919] = 1.0
Vehicle: 204  Cost: 54.18
Route: 2 27 9 24 32 -2 
  2 [ 9  88:103]
 27 [ 5 118:123]
  9 [ 2 300:305]
 24 [ 1 310:315]
 32 [ 0 324:329]
 -2 [ 0 342:342]

y[4255] = 1.0
Vehicle: 202  Cost: 182.81
Route: 2 10 49 30 59 43 68 44 47 6 -2 
  2 [10  88:103]
 10 [ 7 134:139]
 49 [ 8 139:144]
 30 [ 4 180:185]
 59 [ 6 185:190]
 43 [ 5 198:203]
 68 [ 6 203:208]
 44 [ 8 300:305]
 47 [ 9 339:344]
  6 [ 7 344:349]
 -2 [ 7 404:404]

FE: 3
SE: 11
!MIP-----
1375.2625548332194,308.0853581428528,8.641621011051919E-5,3,11,9657,5279

Run: 3
Total Cost: 1368.86
Vehicle: 11  Cost: 109.11
Route: 1 2 -2 3 -3 -1 
 1 [ 55   0:  0 [6, 13, 29, 26, 33, 40, 43, 36, 30, 24, 14, 7, 21, 39, 18, 22, 20, 5, 9, 27, 34, 32]]
 2 [  8  54: 54 [36, 39, 18]]
-2 [ 24  54:419 [48, 65, 36, 57, 59, 60, 51, 63, 39, 18, 44, 68, 47, 46]]
 3 [ 16 453:453 [48, 65, 57, 59, 60, 51, 63, 44, 68, 47, 46]]
-3 [ 25 453:557 [48, 65, 57, 59, 60, 51, 63, 61, 44, 58, 54, 68, 47, 46]]
-1 [ 25 578:578 [48, 65, 57, 59, 60, 51, 63, 61, 44, 58, 54, 68, 47, 46]]

Vehicle: 12  Cost: 40.79
Route: 1 3 -3 -1 
 1 [ 43   0:  0 [11, 12, 35, 38, 25, 23, 15, 8, 37, 4, 28, 42, 41, 10, 16, 17, 31, 19]]
 3 [  0  20: 20 []]
-3 [ 23  20:382 [50, 49, 64, 62, 52, 53, 56, 55, 45, 66, 69, 67]]
-1 [ 23 402:402 [50, 49, 64, 62, 52, 53, 56, 55, 45, 66, 69, 67]]

Vehicle: 201  Cost: 54.18
Route: 2 27 9 24 32 -2 
  2 [ 9  54: 69]
 27 [ 5  83: 88]
  9 [ 2 300:305]
 24 [ 1 310:315]
 32 [ 0 324:329]
 -2 [ 0 342:342]

Vehicle: 202  Cost: 69.62
Route: 2 40 65 26 57 33 -2 
  2 [ 8  54:272]
 40 [ 6 300:305]
 65 [ 9 305:310]
 26 [ 6 319:324]
 57 [ 8 324:329]
 33 [ 5 338:343]
 -2 [ 5 367:367]

Vehicle: 203  Cost: 69.74
Route: 2 34 22 60 21 7 48 -2 
  2 [10  54: 69]
 34 [ 6  82: 87]
 22 [ 4  96:101]
 60 [ 5 300:305]
 21 [ 4 306:311]
  7 [ 1 329:334]
 48 [ 2 334:339]
 -2 [ 2 360:360]

Vehicle: 204  Cost: 232.69
Route: 2 13 63 29 30 59 68 43 44 47 6 -2 
  2 [10  54: 69]
 13 [ 9  91: 96]
 63 [10 125:130]
 29 [ 8 167:172]
 30 [ 4 199:204]
 59 [ 6 204:209]
 68 [ 7 217:222]
 43 [ 6 222:227]
 44 [ 8 300:305]
 47 [ 9 339:344]
  6 [ 7 344:349]
 -2 [ 7 404:404]

Vehicle: 205  Cost: 93.32
Route: 2 5 46 20 51 14 -2 
  2 [10  54: 69]
  5 [ 6 104:109]
 46 [ 7 109:114]
 20 [ 5 300:305]
 51 [ 6 313:318]
 14 [ 2 318:323]
 -2 [ 2 364:364]

Vehicle: 302  Cost: 181.33
Route: 3 10 49 17 69 52 53 38 62 -3 
  3 [ 9  20: 35]
 10 [ 6  76: 81]
 49 [ 7  81: 86]
 17 [ 3  96:101]
 69 [ 6 140:145]
 52 [ 7 156:161]
 53 [ 8 174:179]
 38 [ 6 300:305]
 62 [ 7 305:310]
 -3 [ 7 367:367]

Vehicle: 303  Cost: 62.35
Route: 3 67 42 15 -3 
  3 [ 5  20: 35]
 67 [ 8  53: 58]
 42 [ 7  58: 63]
 15 [ 3 300:305]
 -3 [ 3 329:329]

Vehicle: 304  Cost: 116.13
Route: 3 19 55 23 12 56 25 66 -3 
  3 [10  20: 35]
 19 [ 6  63: 68]
 55 [ 7  92: 97]
 23 [ 6  97:102]
 12 [ 4 118:123]
 56 [ 8 146:151]
 25 [ 5 151:156]
 66 [ 8 172:177]
 -3 [ 8 187:187]

Vehicle: 305  Cost: 62.26
Route: 3 36 18 39 -3 
  3 [ 8 453:468]
 36 [ 7 488:493]
 18 [ 3 504:509]
 39 [ 0 520:525]
 -3 [ 0 545:545]

Vehicle: 306  Cost: 159.23
Route: 3 16 37 58 28 54 35 61 -3 
  3 [10  20: 35]
 16 [ 8  66: 71]
 37 [ 5 300:305]
 58 [ 9 420:425]
 28 [ 6 459:464]
 54 [ 9 467:472]
 35 [ 7 491:496]
 61 [ 9 496:501]
 -3 [ 9 542:542]

Vehicle: 311  Cost: 118.08
Route: 3 45 4 8 50 11 41 64 31 -3 
  3 [ 9  20:138]
 45 [10 180:185]
  4 [ 8 185:190]
  8 [ 5 194:199]
 50 [ 6 214:219]
 11 [ 4 219:224]
 41 [ 3 244:249]
 64 [ 6 257:262]
 31 [ 5 272:277]
 -3 [ 5 296:296]

Total Cost: 1368.86
 11:109.11, 55:75 [1, 2, -2, 3, -3, -1]
 12:40.79, 43:75 [1, 3, -3, -1]
201:54.18, 9:10 [2, 27, 9, 24, 32, -2]
202:69.62, 9:10 [2, 40, 65, 26, 57, 33, -2]
203:69.74, 10:10 [2, 34, 22, 60, 21, 7, 48, -2]
204:232.69, 10:10 [2, 13, 63, 29, 30, 59, 68, 43, 44, 47, 6, -2]
205:93.32, 10:10 [2, 5, 46, 20, 51, 14, -2]
302:181.33, 9:10 [3, 10, 49, 17, 69, 52, 53, 38, 62, -3]
303:62.35, 8:10 [3, 67, 42, 15, -3]
304:116.13, 10:10 [3, 19, 55, 23, 12, 56, 25, 66, -3]
305:62.26, 8:10 [3, 36, 18, 39, -3]
306:159.23, 10:10 [3, 16, 37, 58, 28, 54, 35, 61, -3]
311:118.08, 10:10 [3, 45, 4, 8, 50, 11, 41, 64, 31, -3]
fe: 2, se: 11

!ALNS------------
100000,1368.856522914733,140.199,95.173,2,11,0.6533333333333333,0.9363636363636364,33.0,6.0
5 5 6 3 0 0 8 0 
21.333441715535066 40.23023481056971 23.489037038823298 26.950444090276644 NaN 3.2964732474820266 19.78711996557642 44.15131877219265 
3 6 2 1 4 5 3 3 
29.38413855212354 27.08682463632571 33.29368485448185 25.454835231261065 27.055059596806146 28.550726597066475 27.736386713002595 26.22090909623884 

x[568] = 1.0
Vehicle: 12  Cost: 40.79
Route: 1 3 -3 -1 
 1 [ 48   0:  0 [31, 10, 16, 41, 28, 25, 42, 8, 7, 23, 4, 12, 11, 17, 37, 19, 5, 35, 15]]
 3 [  0  20: 20 []]
-3 [ 24  20:355 [55, 66, 50, 67, 64, 52, 69, 56, 53, 49, 45, 46, 48]]
-1 [ 24 375:375 [55, 66, 50, 67, 64, 52, 69, 56, 53, 49, 45, 46, 48]]

x[6116] = 1.0
Vehicle: 11  Cost: 109.11
Route: 1 2 -2 3 -3 -1 
 1 [ 50   0:  0 [40, 14, 13, 36, 43, 38, 27, 30, 9, 32, 33, 22, 24, 26, 6, 18, 21, 39, 29, 20, 34]]
 2 [  8  54: 54 [36, 18, 39]]
-2 [ 23  54:431 [68, 36, 51, 47, 18, 65, 44, 63, 57, 39, 59, 60, 62]]
 3 [ 15 465:465 [68, 51, 47, 65, 44, 63, 57, 59, 60, 62]]
-3 [ 24 465:557 [61, 68, 51, 54, 47, 65, 44, 63, 57, 59, 60, 62, 58]]
-1 [ 24 578:578 [61, 68, 51, 54, 47, 65, 44, 63, 57, 59, 60, 62, 58]]

y[626] = 1.0
Vehicle: 201  Cost: 50.56
Route: 2 27 9 24 -2 
  2 [ 8 149:164]
 27 [ 4 178:183]
  9 [ 1 300:305]
 24 [ 0 310:315]
 -2 [ 0 333:333]

y[726] = 1.0
Vehicle: 205  Cost: 123.52
Route: 2 13 63 51 14 20 38 62 -2 
  2 [ 9  88:103]
 13 [ 8 125:130]
 63 [ 9 159:164]
 51 [10 300:305]
 14 [ 6 305:310]
 20 [ 4 318:323]
 38 [ 2 344:349]
 62 [ 3 349:354]
 -2 [ 3 376:376]

y[1300] = 1.0
Vehicle: 201  Cost: 59.76
Route: 2 34 22 60 21 32 -2 
  2 [ 8  54: 69]
 34 [ 4  82: 87]
 22 [ 2  96:101]
 60 [ 3 300:305]
 21 [ 2 306:311]
 32 [ 1 327:332]
 -2 [ 1 345:345]

y[1330] = 1.0
Vehicle: 311  Cost: 175.89
Route: 3 17 69 52 5 46 53 41 64 31 -3 
  3 [10  20: 35]
 17 [ 6  72: 77]
 69 [ 9 116:121]
 52 [10 132:137]
  5 [ 6 142:147]
 46 [ 7 147:152]
 53 [ 8 160:165]
 41 [ 7 204:209]
 64 [10 217:222]
 31 [ 9 232:237]
 -3 [ 9 256:256]

y[2383] = 1.0
Vehicle: 304  Cost: 145.86
Route: 3 19 10 49 23 55 12 56 66 -3 
  3 [10  20: 35]
 19 [ 6  63: 68]
 10 [ 3  90: 95]
 49 [ 4  95:100]
 23 [ 3 131:136]
 55 [ 4 136:141]
 12 [ 2 158:163]
 56 [ 6 186:191]
 66 [ 9 207:212]
 -3 [ 9 221:221]

y[4185] = 1.0
Vehicle: 305  Cost: 62.26
Route: 3 39 18 36 -3 
  3 [ 8 484:499]
 39 [ 5 520:525]
 18 [ 1 536:541]
 36 [ 0 551:556]
 -3 [ 0 577:577]

y[4662] = 1.0
Vehicle: 202  Cost: 69.62
Route: 2 40 65 26 57 33 -2 
  2 [ 8  54:272]
 40 [ 6 300:305]
 65 [ 9 305:310]
 26 [ 6 319:324]
 57 [ 8 324:329]
 33 [ 5 338:343]
 -2 [ 5 367:367]

y[5491] = 1.0
Vehicle: 306  Cost: 152.86
Route: 3 25 16 58 28 54 35 61 -3 
  3 [10  20: 35]
 25 [ 7  59: 64]
 16 [ 5  71: 76]
 58 [ 9 420:425]
 28 [ 6 459:464]
 54 [ 9 467:472]
 35 [ 7 491:496]
 61 [ 9 496:501]
 -3 [ 9 542:542]

y[6074] = 1.0
Vehicle: 304  Cost: 71.63
Route: 3 42 67 37 15 -3 
  3 [ 8  20: 35]
 42 [ 7  53: 58]
 67 [10  58: 63]
 37 [ 7 300:305]
 15 [ 3 311:316]
 -3 [ 3 340:340]

y[6211] = 1.0
Vehicle: 204  Cost: 189.99
Route: 2 29 59 30 68 43 44 6 47 -2 
  2 [ 9  88:103]
 29 [ 7 149:154]
 59 [ 9 180:185]
 30 [ 5 185:190]
 68 [ 6 198:203]
 43 [ 5 203:208]
 44 [ 7 300:305]
  6 [ 5 339:344]
 47 [ 6 344:349]
 -2 [ 6 404:404]

y[6248] = 1.0
Vehicle: 311  Cost: 108.55
Route: 3 4 45 8 11 50 48 7 -3 
  3 [10  20:138]
  4 [ 8 180:185]
 45 [ 9 185:190]
  8 [ 6 194:199]
 11 [ 4 214:219]
 50 [ 5 219:224]
 48 [ 6 300:305]
  7 [ 3 305:310]
 -3 [ 3 336:336]

FE: 2
SE: 11
!MIP-----
1360.4030332736834,113.9003529548645,3.296144166379663E-5,2,11,10420,6324

Run: 4
Total Cost: 1411.63
Vehicle: 12  Cost: 40.79
Route: 1 3 -3 -1 
 1 [ 45   0:  0 [40, 39, 28, 13, 12, 14, 6, 20, 35, 36, 18, 31, 23, 37, 42, 15, 16, 25, 19]]
 3 [  0  20: 20 []]
-3 [ 19  20:561 [51, 57, 65, 47, 61, 63, 54, 44, 58]]
-1 [ 19 581:581 [51, 57, 65, 47, 61, 63, 54, 44, 58]]

Vehicle: 13  Cost: 109.11
Route: 1 2 -2 -3 -1 
 1 [ 53   0:  0 [24, 33, 41, 38, 7, 27, 9, 10, 8, 4, 30, 5, 34, 11, 43, 17, 26, 22, 32, 29, 21]]
 2 [  0  54: 54 []]
-2 [ 19  54:348 [60, 64, 68, 49, 59, 50, 55, 62, 46, 48, 52, 53, 69, 45]]
-3 [ 29 382:397 [67, 56, 66, 60, 64, 68, 49, 59, 50, 55, 62, 46, 48, 52, 53, 69, 45]]
-1 [ 29 418:418 [67, 56, 66, 60, 64, 68, 49, 59, 50, 55, 62, 46, 48, 52, 53, 69, 45]]

Vehicle: 201  Cost: 129.22
Route: 2 22 41 45 4 8 11 50 60 -2 
  2 [10  54: 69]
 22 [ 8  91: 96]
 41 [ 7 109:114]
 45 [ 8 180:185]
  4 [ 6 185:190]
  8 [ 3 194:199]
 11 [ 1 214:219]
 50 [ 2 219:224]
 60 [ 3 300:305]
 -2 [ 3 333:333]

Vehicle: 202  Cost: 72.02
Route: 2 34 32 21 9 24 -2 
  2 [10  54: 69]
 34 [ 6  82: 87]
 32 [ 5 300:305]
 21 [ 4 321:326]
  9 [ 1 345:350]
 24 [ 0 355:360]
 -2 [ 0 379:379]

Vehicle: 203  Cost: 42.68
Route: 2 64 48 7 -2 
  2 [ 3  54: 69]
 64 [ 6  86: 91]
 48 [ 7 300:305]
  7 [ 4 305:310]
 -2 [ 4 331:331]

Vehicle: 204  Cost: 155.58
Route: 2 10 49 29 43 68 30 59 55 -2 
  2 [10  54: 69]
 10 [ 7 100:105]
 49 [ 8 105:110]
 29 [ 6 127:132]
 43 [ 5 180:185]
 68 [ 6 185:190]
 30 [ 2 198:203]
 59 [ 4 203:208]
 55 [ 5 223:228]
 -2 [ 5 287:287]

Vehicle: 205  Cost: 68.07
Route: 2 17 26 33 -2 
  2 [10  54: 69]
 17 [ 6  89: 94]
 26 [ 3 300:305]
 33 [ 0 314:319]
 -2 [ 0 344:344]

Vehicle: 206  Cost: 91.37
Route: 2 27 53 5 46 52 69 62 38 -2 
  2 [10  54: 69]
 27 [ 6  83: 88]
 53 [ 7 104:109]
  5 [ 3 117:122]
 46 [ 4 122:127]
 52 [ 5 132:137]
 69 [ 8 148:153]
 62 [ 9 300:305]
 38 [ 7 305:310]
 -2 [ 7 332:332]

Vehicle: 301  Cost: 71.63
Route: 3 42 67 37 15 -3 
  3 [ 8  20: 35]
 42 [ 7  53: 58]
 67 [10  58: 63]
 37 [ 7 300:305]
 15 [ 3 311:316]
 -3 [ 3 340:340]

Vehicle: 302  Cost: 87.58
Route: 3 25 56 16 19 66 -3 
  3 [ 9  20: 35]
 25 [ 6  59: 64]
 56 [10  64: 69]
 16 [ 8  76: 81]
 19 [ 4 109:114]
 66 [ 7 133:138]
 -3 [ 7 148:148]

Vehicle: 303  Cost: 324.10
Route: 3 31 13 63 20 14 51 47 6 44 58 -3 
  3 [10  20: 35]
 31 [ 9  55: 60]
 13 [ 8  95:100]
 63 [ 9 129:134]
 20 [ 7 300:305]
 14 [ 3 313:318]
 51 [ 4 318:323]
 47 [ 5 366:371]
  6 [ 3 371:376]
 44 [ 5 410:415]
 58 [ 9 487:492]
 -3 [ 9 546:546]

Vehicle: 304  Cost: 157.20
Route: 3 12 23 54 28 35 61 57 40 65 -3 
  3 [10  20: 35]
 12 [ 8  75: 80]
 23 [ 7  97:102]
 54 [10 300:305]
 28 [ 7 308:313]
 35 [ 5 334:339]
 61 [ 7 339:344]
 57 [ 9 363:368]
 40 [ 7 377:382]
 65 [10 382:387]
 -3 [10 427:427]

Vehicle: 306  Cost: 62.26
Route: 3 36 18 39 -3 
  3 [ 8  20:280]
 36 [ 7 300:305]
 18 [ 3 316:321]
 39 [ 0 420:425]
 -3 [ 0 446:446]

Total Cost: 1411.63
 12:40.79, 45:75 [1, 3, -3, -1]
 13:109.11, 53:75 [1, 2, -2, -3, -1]
201:129.22, 10:10 [2, 22, 41, 45, 4, 8, 11, 50, 60, -2]
202:72.02, 10:10 [2, 34, 32, 21, 9, 24, -2]
203:42.68, 7:10 [2, 64, 48, 7, -2]
204:155.58, 10:10 [2, 10, 49, 29, 43, 68, 30, 59, 55, -2]
205:68.07, 10:10 [2, 17, 26, 33, -2]
206:91.37, 10:10 [2, 27, 53, 5, 46, 52, 69, 62, 38, -2]
301:71.63, 10:10 [3, 42, 67, 37, 15, -3]
302:87.58, 10:10 [3, 25, 56, 16, 19, 66, -3]
303:324.10, 10:10 [3, 31, 13, 63, 20, 14, 51, 47, 6, 44, 58, -3]
304:157.20, 10:10 [3, 12, 23, 54, 28, 35, 61, 57, 40, 65, -3]
306:62.26, 8:10 [3, 36, 18, 39, -3]
fe: 2, se: 11

!ALNS------------
100000,1411.6307393859436,263.347,46.323,2,11,0.6533333333333333,0.9545454545454546,33.0,6.0
5 12 6 2 0 0 3 1 
19.300509455760388 32.384228162853894 21.43779521666191 18.688551315620987 48.98056201902 196.7642007602953 19.973077552680433 41.403205276566545 
8 3 1 6 3 5 1 2 
20.962821029091668 20.39181911387835 26.794175265507825 22.36017763878258 26.1770652885762 34.814861119919264 23.43607030764096 28.602964938645226 

x[3822] = 1.0
Vehicle: 12  Cost: 40.79
Route: 1 3 -3 -1 
 1 [ 72   0:  0 [15, 6, 37, 39, 26, 12, 41, 40, 35, 8, 42, 30, 23, 36, 43, 31, 11, 19, 18, 29, 21, 16, 14, 20, 13, 25, 28, 7, 33, 4, 22]]
 3 [  0  20: 20 []]
-3 [ 27  20:518 [54, 68, 57, 65, 48, 47, 61, 60, 44, 64, 63, 51, 59, 58]]
-1 [ 27 538:538 [54, 68, 57, 65, 48, 47, 61, 60, 44, 64, 63, 51, 59, 58]]

x[8474] = 1.0
Vehicle: 13  Cost: 109.11
Route: 1 2 -2 -3 -1 
 1 [ 26   0:  0 [38, 27, 32, 24, 9, 10, 5, 17, 34]]
 2 [  0  54: 54 []]
-2 [  8  54:347 [62, 53, 69, 46, 52, 49]]
-3 [ 21 382:397 [67, 45, 50, 66, 62, 53, 55, 69, 56, 46, 52, 49]]
-1 [ 21 417:417 [67, 45, 50, 66, 62, 53, 55, 69, 56, 46, 52, 49]]

y[70] = 1.0
Vehicle: 304  Cost: 109.26
Route: 3 35 61 26 57 40 65 33 -3 
  3 [10  20:259]
 35 [ 8 300:305]
 61 [10 305:310]
 26 [ 7 329:334]
 57 [ 9 334:339]
 40 [ 7 348:353]
 65 [10 353:358]
 33 [ 7 366:371]
 -3 [ 7 403:403]

y[477] = 1.0
Vehicle: 206  Cost: 91.37
Route: 2 27 53 46 5 52 69 62 38 -2 
  2 [10  70: 85]
 27 [ 6  99:104]
 53 [ 7 119:124]
 46 [ 8 133:138]
  5 [ 4 138:143]
 52 [ 5 148:153]
 69 [ 8 164:169]
 62 [ 9 300:305]
 38 [ 7 305:310]
 -2 [ 7 332:332]

y[1057] = 1.0
Vehicle: 201  Cost: 50.32
Route: 2 34 32 9 24 -2 
  2 [ 9  54: 69]
 34 [ 5  82: 87]
 32 [ 4 300:305]
  9 [ 1 319:324]
 24 [ 0 329:334]
 -2 [ 0 352:352]

y[1375] = 1.0
Vehicle: 303  Cost: 286.07
Route: 3 31 13 63 20 51 14 47 6 44 -3 
  3 [10  20: 35]
 31 [ 9  55: 60]
 13 [ 8  95:100]
 63 [ 9 129:134]
 20 [ 7 300:305]
 51 [ 8 313:318]
 14 [ 4 318:323]
 47 [ 5 366:371]
  6 [ 3 371:376]
 44 [ 5 410:415]
 -3 [ 5 503:503]

y[1689] = 1.0
Vehicle: 306  Cost: 190.94
Route: 3 29 43 68 59 30 28 54 58 -3 
  3 [10  20: 35]
 29 [ 8  93: 98]
 43 [ 7 180:185]
 68 [ 8 185:190]
 59 [10 198:203]
 30 [ 6 203:208]
 28 [ 3 300:305]
 54 [ 6 308:313]
 58 [10 420:425]
 -3 [10 479:479]

y[1996] = 1.0
Vehicle: 202  Cost: 60.81
Route: 2 49 10 17 -2 
  2 [ 7  54: 69]
 49 [ 8 100:105]
 10 [ 5 105:110]
 17 [ 1 120:125]
 -2 [ 1 145:145]

y[2290] = 1.0
Vehicle: 306  Cost: 62.26
Route: 3 39 18 36 -3 
  3 [ 8 504:519]
 39 [ 5 540:545]
 18 [ 1 555:560]
 36 [ 0 571:576]
 -3 [ 0 596:596]

y[3520] = 1.0
Vehicle: 301  Cost: 64.28
Route: 3 16 37 15 -3 
  3 [ 9  20: 35]
 16 [ 7  66: 71]
 37 [ 4 300:305]
 15 [ 0 311:316]
 -3 [ 0 340:340]

y[3598] = 1.0
Vehicle: 303  Cost: 123.72
Route: 3 11 50 8 4 45 42 67 -3 
  3 [ 8  20: 35]
 11 [ 6  79: 84]
 50 [ 7  84: 89]
  8 [ 4 104:109]
  4 [ 2 180:185]
 45 [ 3 185:190]
 42 [ 2 233:238]
 67 [ 5 238:243]
 -3 [ 5 261:261]

y[3847] = 1.0
Vehicle: 302  Cost: 116.13
Route: 3 19 55 23 12 25 56 66 -3 
  3 [10  20: 35]
 19 [ 6  63: 68]
 55 [ 7  92: 97]
 23 [ 6  97:102]
 12 [ 4 118:123]
 25 [ 1 146:151]
 56 [ 5 151:156]
 66 [ 8 172:177]
 -3 [ 8 187:187]

y[3958] = 1.0
Vehicle: 305  Cost: 98.30
Route: 3 64 41 22 60 21 7 48 -3 
  3 [ 7  20: 35]
 64 [10  61: 66]
 41 [ 9  74: 79]
 22 [ 7  91: 96]
 60 [ 8 300:305]
 21 [ 7 306:311]
  7 [ 4 329:334]
 48 [ 5 334:339]
 -3 [ 5 365:365]

FE: 2
SE: 11
!MIP-----
1403.379663485478,3184.1791450977325,8.926422066386816E-5,2,11,8808,5586

Run: 5
Total Cost: 1354.21
Vehicle: 11  Cost: 109.11
Route: 1 2 -2 3 -3 -1 
 1 [ 41   0:  0 [36, 39, 9, 32, 34, 24, 26, 14, 13, 18, 20, 17, 27, 38, 33, 21]]
 2 [  8  54: 54 [36, 39, 18]]
-2 [ 16  54:399 [36, 51, 39, 62, 18, 60, 65, 57]]
 3 [  8 433:433 [51, 62, 60, 65, 57]]
-3 [ 18 433:505 [51, 62, 47, 58, 54, 44, 60, 65, 57]]
-1 [ 18 526:526 [51, 62, 47, 58, 54, 44, 60, 65, 57]]

Vehicle: 12  Cost: 40.79
Route: 1 3 -3 -1 
 1 [ 57   0:  0 [30, 35, 7, 43, 5, 10, 28, 15, 6, 29, 8, 23, 22, 11, 4, 12, 41, 40, 37, 31, 19, 42, 25, 16]]
 3 [  0  20: 20 []]
-3 [ 30  20:366 [67, 56, 61, 49, 63, 69, 68, 55, 46, 48, 53, 59, 50, 45, 66, 64, 52]]
-1 [ 30 387:387 [67, 56, 61, 49, 63, 69, 68, 55, 46, 48, 53, 59, 50, 45, 66, 64, 52]]

Vehicle: 201  Cost: 69.64
Route: 2 17 65 26 57 33 -2 
  2 [10  54: 69]
 17 [ 6  89: 94]
 65 [ 9 300:305]
 26 [ 6 314:319]
 57 [ 8 319:324]
 33 [ 5 333:338]
 -2 [ 5 362:362]

Vehicle: 202  Cost: 72.02
Route: 2 34 32 21 60 9 24 -2 
  2 [10  54: 69]
 34 [ 6  82: 87]
 32 [ 5 300:305]
 21 [ 4 321:326]
 60 [ 5 327:332]
  9 [ 2 350:355]
 24 [ 1 360:365]
 -2 [ 1 384:384]

Vehicle: 203  Cost: 28.43
Route: 2 27 -2 
  2 [ 4  54: 69]
 27 [ 0  83: 88]
 -2 [ 0 103:103]

Vehicle: 204  Cost: 94.94
Route: 2 13 14 51 20 38 62 -2 
  2 [ 9  54: 69]
 13 [ 8  91: 96]
 14 [ 4 300:305]
 51 [ 5 305:310]
 20 [ 3 318:323]
 38 [ 1 344:349]
 62 [ 2 349:354]
 -2 [ 2 376:376]

Vehicle: 301  Cost: 87.58
Route: 3 25 56 16 19 66 -3 
  3 [ 9  20: 35]
 25 [ 6  59: 64]
 56 [10  64: 69]
 16 [ 8  76: 81]
 19 [ 4 109:114]
 66 [ 7 133:138]
 -3 [ 7 148:148]

Vehicle: 302  Cost: 212.31
Route: 3 31 41 22 53 46 5 52 69 63 49 40 -3 
  3 [10  20: 35]
 31 [ 9  55: 60]
 41 [ 8  78: 83]
 22 [ 6  96:101]
 53 [ 7 130:135]
 46 [ 8 143:148]
  5 [ 4 148:153]
 52 [ 5 158:163]
 69 [ 8 174:179]
 63 [ 9 201:206]
 49 [10 250:255]
 40 [ 8 300:305]
 -3 [ 8 345:345]

Vehicle: 303  Cost: 149.70
Route: 3 12 23 55 59 30 68 43 35 61 -3 
  3 [10  20: 35]
 12 [ 8  75: 80]
 23 [ 7  97:102]
 55 [ 8 102:107]
 59 [10 180:185]
 30 [ 6 185:190]
 68 [ 7 198:203]
 43 [ 6 203:208]
 35 [ 4 300:305]
 61 [ 6 305:310]
 -3 [ 6 351:351]

Vehicle: 304  Cost: 62.26
Route: 3 36 18 39 -3 
  3 [ 8 433:448]
 36 [ 7 468:473]
 18 [ 3 484:489]
 39 [ 0 500:505]
 -3 [ 0 525:525]

Vehicle: 305  Cost: 71.63
Route: 3 42 67 37 15 -3 
  3 [ 8  20: 35]
 42 [ 7  53: 58]
 67 [10  58: 63]
 37 [ 7 300:305]
 15 [ 3 311:316]
 -3 [ 3 340:340]

Vehicle: 306  Cost: 237.76
Route: 3 10 29 47 6 44 28 54 58 -3 
  3 [10  20: 35]
 10 [ 7  76: 81]
 29 [ 5  98:103]
 47 [ 6 300:305]
  6 [ 4 305:310]
 44 [ 6 344:349]
 28 [ 3 387:392]
 54 [ 6 395:400]
 58 [10 431:436]
 -3 [10 490:490]

Vehicle: 307  Cost: 118.04
Route: 3 4 45 8 50 11 64 48 7 -3 
  3 [10  20:138]
  4 [ 8 180:185]
 45 [ 9 185:190]
  8 [ 6 194:199]
 50 [ 7 214:219]
 11 [ 5 219:224]
 64 [ 8 250:255]
 48 [ 9 300:305]
  7 [ 6 305:310]
 -3 [ 6 336:336]

Total Cost: 1354.21
 11:109.11, 41:75 [1, 2, -2, 3, -3, -1]
 12:40.79, 57:75 [1, 3, -3, -1]
201:69.64, 10:10 [2, 17, 65, 26, 57, 33, -2]
202:72.02, 10:10 [2, 34, 32, 21, 60, 9, 24, -2]
203:28.43, 4:10 [2, 27, -2]
204:94.94, 9:10 [2, 13, 14, 51, 20, 38, 62, -2]
301:87.58, 10:10 [3, 25, 56, 16, 19, 66, -3]
302:212.31, 10:10 [3, 31, 41, 22, 53, 46, 5, 52, 69, 63, 49, 40, -3]
303:149.70, 10:10 [3, 12, 23, 55, 59, 30, 68, 43, 35, 61, -3]
304:62.26, 8:10 [3, 36, 18, 39, -3]
305:71.63, 10:10 [3, 42, 67, 37, 15, -3]
306:237.76, 10:10 [3, 10, 29, 47, 6, 44, 28, 54, 58, -3]
307:118.04, 10:10 [3, 4, 45, 8, 50, 11, 64, 48, 7, -3]
fe: 2, se: 11

!ALNS------------
100000,1354.2072841020022,123.36,43.763,2,11,0.6533333333333333,0.9181818181818182,33.0,6.0
6 4 4 8 0 1 5 0 
24.59363086212043 36.14632103459622 29.031519715377808 20.90731390740308 NaN 38.30286882365789 22.274318456843503 49.68527920835133 
5 2 2 3 3 4 7 2 
24.90842718939636 30.417322884840384 32.42415720135766 34.21470253330068 22.698313134563108 32.01654334042086 27.848114255411478 27.966191491860524 

x[521] = 1.0
Vehicle: 11  Cost: 109.11
Route: 1 2 -2 3 -3 -1 
 1 [ 41   0:  0 [36, 9, 32, 34, 14, 13, 18, 17, 27, 20, 24, 21, 26, 33, 39, 38]]
 2 [  8  54: 54 [36, 18, 39]]
-2 [ 16  54:399 [36, 51, 62, 18, 60, 65, 39, 57]]
 3 [  8 433:433 [51, 62, 60, 65, 57]]
-3 [ 23 433:505 [51, 62, 47, 60, 58, 65, 44, 57, 54, 59, 61, 68]]
-1 [ 23 526:526 [51, 62, 47, 60, 58, 65, 44, 57, 54, 59, 61, 68]]

x[10000] = 1.0
Vehicle: 12  Cost: 40.79
Route: 1 3 -3 -1 
 1 [ 60   0:  0 [4, 5, 43, 6, 39, 30, 31, 42, 19, 28, 11, 25, 23, 37, 40, 22, 29, 12, 8, 35, 10, 41, 16, 7, 15]]
 3 [  0  20: 20 []]
-3 [ 33  20:366 [50, 69, 59, 67, 61, 65, 52, 66, 63, 56, 53, 45, 68, 48, 46, 55, 49, 64]]
-1 [ 33 387:387 [50, 69, 59, 67, 61, 65, 52, 66, 63, 56, 53, 45, 68, 48, 46, 55, 49, 64]]

y[81] = 1.0
Vehicle: 304  Cost: 62.26
Route: 3 39 18 36 -3 
  3 [ 8 501:516]
 39 [ 5 537:542]
 18 [ 1 552:557]
 36 [ 0 568:573]
 -3 [ 0 593:593]

y[257] = 1.0
Vehicle: 302  Cost: 212.31
Route: 3 31 41 22 53 46 5 52 69 63 49 40 -3 
  3 [10  20: 35]
 31 [ 9  55: 60]
 41 [ 8  78: 83]
 22 [ 6  96:101]
 53 [ 7 130:135]
 46 [ 8 143:148]
  5 [ 4 148:153]
 52 [ 5 158:163]
 69 [ 8 174:179]
 63 [ 9 201:206]
 49 [10 250:255]
 40 [ 8 300:305]
 -3 [ 8 345:345]

y[426] = 1.0
Vehicle: 308  Cost: 71.63
Route: 3 42 67 37 15 -3 
  3 [ 8 104:119]
 42 [ 7 136:141]
 67 [10 141:146]
 37 [ 7 300:305]
 15 [ 3 311:316]
 -3 [ 3 340:340]

y[516] = 1.0
Vehicle: 204  Cost: 94.94
Route: 2 13 14 51 20 38 62 -2 
  2 [ 9  88:103]
 13 [ 8 125:130]
 14 [ 4 300:305]
 51 [ 5 305:310]
 20 [ 3 318:323]
 38 [ 1 344:349]
 62 [ 2 349:354]
 -2 [ 2 376:376]

y[1988] = 1.0
Vehicle: 303  Cost: 149.70
Route: 3 12 23 55 30 59 43 68 35 61 -3 
  3 [10 104:119]
 12 [ 8 159:164]
 23 [ 7 180:185]
 55 [ 8 185:190]
 30 [ 4 205:210]
 59 [ 6 210:215]
 43 [ 5 223:228]
 68 [ 6 228:233]
 35 [ 4 300:305]
 61 [ 6 305:310]
 -3 [ 6 351:351]

y[2161] = 1.0
Vehicle: 202  Cost: 72.02
Route: 2 34 32 21 60 9 24 -2 
  2 [10  88:103]
 34 [ 6 116:121]
 32 [ 5 300:305]
 21 [ 4 321:326]
 60 [ 5 327:332]
  9 [ 2 350:355]
 24 [ 1 360:365]
 -2 [ 1 384:384]

y[3353] = 1.0
Vehicle: 205  Cost: 28.43
Route: 2 27 -2 
  2 [ 4  88:103]
 27 [ 0 118:123]
 -2 [ 0 137:137]

y[4627] = 1.0
Vehicle: 306  Cost: 237.76
Route: 3 10 29 6 47 44 28 54 58 -3 
  3 [10 104:119]
 10 [ 7 160:165]
 29 [ 5 182:187]
  6 [ 3 300:305]
 47 [ 4 305:310]
 44 [ 6 344:349]
 28 [ 3 387:392]
 54 [ 6 395:400]
 58 [10 431:436]
 -3 [10 490:490]

y[4655] = 1.0
Vehicle: 201  Cost: 69.64
Route: 2 17 65 26 57 33 -2 
  2 [10  70: 85]
 17 [ 6 105:110]
 65 [ 9 300:305]
 26 [ 6 314:319]
 57 [ 8 319:324]
 33 [ 5 333:338]
 -2 [ 5 362:362]

y[5524] = 1.0
Vehicle: 301  Cost: 87.58
Route: 3 25 56 16 19 66 -3 
  3 [ 9 104:119]
 25 [ 6 142:147]
 56 [10 147:152]
 16 [ 8 160:165]
 19 [ 4 192:197]
 66 [ 7 217:222]
 -3 [ 7 231:231]

y[6076] = 1.0
Vehicle: 307  Cost: 118.04
Route: 3 4 45 8 11 50 64 48 7 -3 
  3 [10 104:138]
  4 [ 8 180:185]
 45 [ 9 185:190]
  8 [ 6 194:199]
 11 [ 4 214:219]
 50 [ 5 219:224]
 64 [ 8 250:255]
 48 [ 9 300:305]
  7 [ 6 305:310]
 -3 [ 6 336:336]

FE: 2
SE: 11
!MIP-----
1354.2072841020022,69.44237089157104,7.5262477634687326E-6,2,11,12409,7027

