--Parameters Information--
speed=1
run=5
iteration= 100000
batch=100
restartPeriod=10000
largeRemovalOccurrence=500
initialLNS=250
lowerBoundSmallRemoval=4
smallRemoval=0.2
lowerBoundLargeRemoval=0.55
largeRemoval=0.8
initialWeight=1.0
decayRate=0.1
gamma1=9.0
gamma2=5.0
gamma3=2.0
gamma4=0.0
coolingRate=0.9995
temperatureControlParameter=0.05
initialAcceptanceProbability=0.5
perturbation=0.5
perturbationFactor=0.01
split=20000

Setup: Split
Data: B_100_6_TD

Run: 1
Total Cost: 2142.44
Vehicle: 11  Cost: 95.64
Route: 1 5 3 -3 -1 
 1 [ 73   0:  0 [22, 34, 13, 46, 56, 55, 43, 25, 58, 77, 24, 37, 69, 67, 31, 61, 29, 27, 6, 12, 76, 62, 70, 59, 64, 49, 57, 21, 45, 72]]
 5 [ 57  28: 43 [22, 34, 13, 46, 56, 55, 43, 25, 58, 77, 24, 37, 69, 67, 31, 61, 29, 27, 6, 12, 76, 62]]
 3 [  0  67: 67 []]
-3 [ 45  67:376 [86, 104, 90, 109, 88, 79, 93, 91, 113, 102, 106, 111, 96, 82, 97, 112, 105, 127, 108]]
-1 [ 45 419:419 [86, 104, 90, 109, 88, 79, 93, 91, 113, 102, 106, 111, 96, 82, 97, 112, 105, 127, 108]]

Vehicle: 15  Cost: 125.94
Route: 1 4 -4 2 -2 -1 
 1 [ 74   0:  0 [38, 68, 40, 9, 23, 10, 39, 51, 36, 17, 30, 35, 50, 52, 28, 78, 8, 16, 11, 15, 26, 18, 71, 73, 42, 33, 66, 47, 75, 44, 48, 53, 19, 20]]
 4 [ 13  60: 60 [30, 35, 50, 71]]
-4 [ 28  60:207 [126, 124, 117, 98, 30, 35, 50, 115, 101, 71]]
 2 [ 15 232:232 [126, 124, 117, 98, 115, 101]]
-2 [ 33 232:355 [126, 124, 117, 98, 125, 95, 99, 115, 101, 121, 100]]
-1 [ 33 396:396 [126, 124, 117, 98, 125, 95, 99, 115, 101, 121, 100]]

Vehicle: 16  Cost: 128.51
Route: 1 5 4 -4 -5 -1 
 1 [ 31   0:  0 [65, 74, 63, 60, 32, 54, 41, 14, 7]]
 5 [ 16  28: 43 [65, 74, 63, 60, 32]]
 4 [  0  79: 79 []]
-4 [ 31  79:508 [89, 103, 92, 81, 110, 94, 85, 107, 80, 122, 123, 87, 83, 118]]
-5 [ 43 544:559 [120, 116, 84, 89, 103, 92, 81, 110, 94, 85, 114, 119, 107, 80, 122, 123, 87, 83, 118]]
-1 [ 43 587:587 [120, 116, 84, 89, 103, 92, 81, 110, 94, 85, 114, 119, 107, 80, 122, 123, 87, 83, 118]]

Vehicle: 201  Cost: 73.48
Route: 2 71 121 30 99 -2 
  2 [ 6 232:247]
 71 [ 4 265:270]
121 [ 8 295:300]
 30 [ 4 306:311]
 99 [ 8 323:328]
 -2 [ 8 340:340]

Vehicle: 202  Cost: 41.06
Route: 2 50 125 100 35 95 -2 
  2 [ 7 232:247]
 50 [ 3 261:266]
125 [ 6 270:275]
100 [10 280:285]
 35 [ 7 300:305]
 95 [10 305:310]
 -2 [10 324:324]

Vehicle: 301  Cost: 78.31
Route: 3 113 55 109 67 86 22 102 -3 
  3 [ 8  67: 82]
113 [10 107:112]
 55 [ 7 123:128]
109 [ 8 128:133]
 67 [ 7 144:149]
 86 [ 9 300:305]
 22 [ 5 305:310]
102 [ 8 320:325]
 -3 [ 8 338:338]

Vehicle: 302  Cost: 149.83
Route: 3 56 27 12 112 82 31 127 -3 
  3 [10  67: 82]
 56 [ 7 141:146]
 27 [ 3 152:157]
 12 [ 1 163:168]
112 [ 5 180:185]
 82 [ 6 207:212]
 31 [ 5 226:231]
127 [ 8 300:305]
 -3 [ 8 319:319]

Vehicle: 303  Cost: 106.47
Route: 3 69 61 93 34 105 96 108 -3 
  3 [10  67: 82]
 69 [ 6 130:135]
 61 [ 2 148:153]
 93 [ 6 160:165]
 34 [ 4 165:170]
105 [ 6 172:177]
 96 [ 7 194:199]
108 [10 300:305]
 -3 [10 321:321]

Vehicle: 304  Cost: 100.85
Route: 3 88 6 76 97 37 -3 
  3 [ 9  67: 82]
 88 [10 108:113]
  6 [ 8 180:185]
 76 [ 5 300:305]
 97 [ 7 335:340]
 37 [ 3 340:345]
 -3 [ 3 361:361]

Vehicle: 305  Cost: 79.71
Route: 3 43 24 106 62 29 91 77 -3 
  3 [10  67: 82]
 43 [ 6  88: 93]
 24 [ 4 108:113]
106 [ 6 136:141]
 62 [ 5 151:156]
 29 [ 3 180:185]
 91 [ 7 185:190]
 77 [ 6 300:305]
 -3 [ 6 313:313]

Vehicle: 306  Cost: 147.44
Route: 3 25 111 58 46 79 90 13 104 -3 
  3 [10  67: 82]
 25 [ 6 108:113]
111 [10 150:155]
 58 [ 7 155:160]
 46 [ 5 165:170]
 79 [ 6 197:202]
 90 [ 7 208:213]
 13 [ 6 225:230]
104 [10 252:257]
 -3 [10 270:270]

Vehicle: 401  Cost: 119.19
Route: 4 8 78 10 51 122 83 80 17 42 -4 
  4 [10  60: 75]
  8 [ 9  98:103]
 78 [ 6 111:116]
 10 [ 4 300:305]
 51 [ 2 309:314]
122 [ 4 320:325]
 83 [ 8 339:344]
 80 [ 9 420:425]
 17 [ 8 440:445]
 42 [ 7 472:477]
 -4 [ 7 488:488]

Vehicle: 402  Cost: 123.19
Route: 4 75 18 118 26 11 81 110 15 -4 
  4 [10  60: 75]
 75 [ 8 112:117]
 18 [ 5 126:131]
118 [ 6 180:185]
 26 [ 3 200:205]
 11 [ 2 300:305]
 81 [ 6 305:310]
110 [ 7 326:331]
 15 [ 6 336:341]
 -4 [ 6 366:366]

Vehicle: 404  Cost: 46.30
Route: 4 65 63 117 74 101 -4 
  4 [10  79: 94]
 65 [ 7 104:109]
 63 [ 3 122:127]
117 [ 5 127:132]
 74 [ 2 135:140]
101 [ 6 159:164]
 -4 [ 6 166:166]

Vehicle: 405  Cost: 66.20
Route: 4 60 66 123 33 47 103 87 -4 
  4 [ 8  79: 94]
 60 [ 6 103:108]
 66 [ 4 115:120]
123 [ 8 134:139]
 33 [ 7 300:305]
 47 [ 4 319:324]
103 [ 8 324:329]
 87 [ 9 335:340]
 -4 [ 9 344:344]

Vehicle: 406  Cost: 67.02
Route: 4 52 107 9 20 85 36 -4 
  4 [10  60:274]
 52 [ 6 300:305]
107 [ 9 305:310]
  9 [ 5 314:319]
 20 [ 4 323:328]
 85 [ 7 328:333]
 36 [ 6 420:425]
 -4 [ 6 454:454]

Vehicle: 407  Cost: 53.22
Route: 4 32 92 19 53 -4 
  4 [ 9  79: 94]
 32 [ 5 109:114]
 92 [ 6 114:119]
 19 [ 4 128:133]
 53 [ 1 300:305]
 -4 [ 1 325:325]

Vehicle: 408  Cost: 76.53
Route: 4 40 73 126 115 39 98 68 124 -4 
  4 [10  60: 75]
 40 [ 9  77: 82]
 73 [ 6 111:116]
126 [ 9 116:121]
115 [10 136:141]
 39 [ 7 151:156]
 98 [10 156:161]
 68 [ 7 164:169]
124 [ 9 169:174]
 -4 [ 9 192:192]

Vehicle: 409  Cost: 131.47
Route: 4 16 28 89 23 38 48 44 94 -4 
  4 [10  79: 94]
 16 [ 9 120:125]
 28 [ 7 300:305]
 89 [ 8 305:310]
 23 [ 7 314:319]
 38 [ 6 324:329]
 48 [ 2 420:425]
 44 [ 1 430:435]
 94 [ 2 457:462]
 -4 [ 2 493:493]

Vehicle: 501  Cost: 85.03
Route: 5 72 116 119 70 -5 
  5 [ 7  28:148]
 72 [ 4 180:185]
116 [ 8 198:203]
119 [10 300:305]
 70 [ 6 319:324]
 -5 [ 6 341:341]

Vehicle: 502  Cost: 168.92
Route: 5 49 57 84 7 21 64 120 -5 
  5 [10  28:257]
 49 [ 9 300:305]
 57 [ 6 332:337]
 84 [ 9 353:358]
  7 [ 5 363:368]
 21 [ 4 371:376]
 64 [ 3 420:425]
120 [ 5 425:430]
 -5 [ 5 461:461]

Vehicle: 503  Cost: 21.07
Route: 5 45 14 -5 
  5 [ 5  28:290]
 45 [ 3 300:305]
 14 [ 0 308:313]
 -5 [ 0 321:321]

Vehicle: 504  Cost: 57.05
Route: 5 54 59 114 41 -5 
  5 [ 9  28: 43]
 54 [ 5  69: 74]
 59 [ 4 300:305]
114 [ 5 305:310]
 41 [ 1 420:425]
 -5 [ 1 439:439]

Total Cost: 2142.44
 11:95.64, 73:75 [1, 5, 3, -3, -1]
 15:125.94, 74:75 [1, 4, -4, 2, -2, -1]
 16:128.51, 43:75 [1, 5, 4, -4, -5, -1]
201:73.48, 8:10 [2, 71, 121, 30, 99, -2]
202:41.06, 10:10 [2, 50, 125, 100, 35, 95, -2]
301:78.31, 10:10 [3, 113, 55, 109, 67, 86, 22, 102, -3]
302:149.83, 10:10 [3, 56, 27, 12, 112, 82, 31, 127, -3]
303:106.47, 10:10 [3, 69, 61, 93, 34, 105, 96, 108, -3]
304:100.85, 10:10 [3, 88, 6, 76, 97, 37, -3]
305:79.71, 10:10 [3, 43, 24, 106, 62, 29, 91, 77, -3]
306:147.44, 10:10 [3, 25, 111, 58, 46, 79, 90, 13, 104, -3]
401:119.19, 10:10 [4, 8, 78, 10, 51, 122, 83, 80, 17, 42, -4]
402:123.19, 10:10 [4, 75, 18, 118, 26, 11, 81, 110, 15, -4]
404:46.30, 10:10 [4, 65, 63, 117, 74, 101, -4]
405:66.20, 9:10 [4, 60, 66, 123, 33, 47, 103, 87, -4]
406:67.02, 10:10 [4, 52, 107, 9, 20, 85, 36, -4]
407:53.22, 9:10 [4, 32, 92, 19, 53, -4]
408:76.53, 10:10 [4, 40, 73, 126, 115, 39, 98, 68, 124, -4]
409:131.47, 10:10 [4, 16, 28, 89, 23, 38, 48, 44, 94, -4]
501:85.03, 10:10 [5, 72, 116, 119, 70, -5]
502:168.92, 10:10 [5, 49, 57, 84, 7, 21, 64, 120, -5]
503:21.07, 5:10 [5, 45, 14, -5]
504:57.05, 9:10 [5, 54, 59, 114, 41, -5]
fe: 3, se: 20

!ALNS------------
100000,2142.437830631168,431.509,192.61,3,20,0.8444444444444444,0.95,40.666666666666664,6.1
32 21 21 12 0 2 12 0 
12.115326882988894 32.96455401550815 14.799165347447264 15.665229532308883 47.158017472525216 34.06466293602363 19.62134426711714 22.69887769791127 
8 16 9 7 12 24 14 10 
20.842402418580818 19.3860500921638 18.634018791716844 20.12415965860442 19.465433703114996 16.468181485010916 21.707635406451406 18.812458391752344 

x[16128] = 1.0
Vehicle: 16  Cost: 144.76
Route: 1 5 2 -2 4 -4 -5 -1 
 1 [ 32   0:  0 [40, 36, 70, 50, 35, 54, 71, 30, 57, 9, 28]]
 5 [ 24  28: 43 [40, 36, 50, 35, 71, 30, 57, 9, 28]]
 2 [ 11  70: 70 [40, 36, 57, 9, 28]]
-2 [ 15  70: 90 [123, 40, 36, 57, 9, 28]]
 4 [  4 116:116 [123]]
-4 [ 31 116:508 [118, 89, 94, 107, 85, 103, 122, 123, 83, 92, 80, 110, 81, 87]]
-5 [ 46 544:596 [84, 118, 127, 89, 94, 114, 107, 85, 103, 122, 123, 116, 119, 83, 92, 80, 110, 81, 120, 87]]
-1 [ 46 624:624 [84, 118, 127, 89, 94, 114, 107, 85, 103, 122, 123, 116, 119, 83, 92, 80, 110, 81, 120, 87]]

x[19075] = 1.0
Vehicle: 11  Cost: 86.53
Route: 1 3 -3 -1 
 1 [ 63   0:  0 [22, 13, 58, 56, 46, 27, 34, 77, 37, 67, 24, 25, 69, 29, 61, 43, 62, 49, 16, 12, 55, 76, 6, 7, 21]]
 3 [  0  43: 43 []]
-3 [ 45  43:370 [97, 111, 112, 91, 108, 88, 127, 105, 96, 82, 86, 93, 79, 109, 90, 104, 106, 113, 102]]
-1 [ 45 413:413 [97, 111, 112, 91, 108, 88, 127, 105, 96, 82, 86, 93, 79, 109, 90, 104, 106, 113, 102]]

x[27839] = 1.0
Vehicle: 13  Cost: 86.53
Route: 1 3 -3 -1 
 1 [ 17   0:  0 [21, 76, 7, 64, 43, 37]]
 3 [  0  43: 43 []]
-3 [ 10  43:608 [120, 84, 108, 97]]
-1 [ 10 651:651 [120, 84, 108, 97]]

x[29856] = 1.0
Vehicle: 18  Cost: 56.04
Route: 1 5 -5 -1 
 1 [ 21   0:  0 [45, 41, 54, 14, 59, 72, 70]]
 5 [  0  28: 28 []]
-5 [  7  28:378 [119, 114, 116]]
-1 [  7 406:406 [119, 114, 116]]

x[30244] = 1.0
Vehicle: 15  Cost: 125.94
Route: 1 4 -4 -2 -1 
 1 [ 75   0:  0 [65, 74, 11, 31, 15, 51, 33, 26, 60, 23, 44, 48, 19, 66, 20, 28, 39, 63, 42, 47, 18, 75, 17, 10, 78, 73, 8, 52, 38, 9, 68, 53, 32]]
 4 [  0  60: 60 []]
-4 [ 15  60:202 [124, 101, 98, 117, 126, 115]]
-2 [ 33 227:349 [124, 121, 100, 101, 98, 99, 117, 125, 95, 126, 115]]
-1 [ 33 390:390 [124, 121, 100, 101, 98, 99, 117, 125, 95, 126, 115]]

y[22] = 1.0
Vehicle: 406  Cost: 67.02
Route: 4 52 107 9 20 85 36 -4 
  4 [10 308:323]
 52 [ 6 349:354]
107 [ 9 354:359]
  9 [ 5 363:368]
 20 [ 4 372:377]
 85 [ 7 377:382]
 36 [ 6 420:425]
 -4 [ 6 454:454]

y[29] = 1.0
Vehicle: 201  Cost: 41.06
Route: 2 50 125 100 35 95 -2 
  2 [ 7 234:249]
 50 [ 3 263:268]
125 [ 6 272:277]
100 [10 282:287]
 35 [ 7 300:305]
 95 [10 305:310]
 -2 [10 324:324]

y[338] = 1.0
Vehicle: 501  Cost: 21.07
Route: 5 45 14 -5 
  5 [ 5 566:581]
 45 [ 3 591:596]
 14 [ 0 599:604]
 -5 [ 0 613:613]

y[898] = 1.0
Vehicle: 304  Cost: 34.68
Route: 3 43 97 37 120 64 -3 
  3 [ 9 276:291]
 43 [ 5 297:302]
 97 [ 7 313:318]
 37 [ 3 318:323]
120 [ 5 420:425]
 64 [ 4 425:430]
 -3 [ 4 439:439]

y[1173] = 1.0
Vehicle: 407  Cost: 63.24
Route: 4 32 92 19 31 -4 
  4 [ 7  79: 94]
 32 [ 3 109:114]
 92 [ 4 114:119]
 19 [ 2 128:133]
 31 [ 1 180:185]
 -4 [ 1 205:205]

y[1471] = 1.0
Vehicle: 411  Cost: 39.95
Route: 4 40 53 -4 
  4 [ 4 116:131]
 40 [ 3 133:138]
 53 [ 0 300:305]
 -4 [ 0 325:325]

y[1598] = 1.0
Vehicle: 203  Cost: 20.40
Route: 2 123 -2 
  2 [ 0   0: 50]
123 [ 4  60: 65]
 -2 [ 4  75: 75]

y[1667] = 1.0
Vehicle: 405  Cost: 42.06
Route: 4 60 66 33 103 47 87 -4 
  4 [ 8  79: 94]
 60 [ 6 103:108]
 66 [ 4 115:120]
 33 [ 3 300:305]
103 [ 7 319:324]
 47 [ 4 324:329]
 87 [ 5 335:340]
 -4 [ 5 344:344]

y[2318] = 1.0
Vehicle: 202  Cost: 73.48
Route: 2 71 121 30 99 -2 
  2 [ 6 225:240]
 71 [ 4 259:264]
121 [ 8 289:294]
 30 [ 4 300:305]
 99 [ 8 316:321]
 -2 [ 8 334:334]

y[4050] = 1.0
Vehicle: 306  Cost: 145.55
Route: 3 25 88 58 111 46 79 90 49 127 -3 
  3 [10  67: 82]
 25 [ 6 108:113]
 88 [ 7 113:118]
 58 [ 4 155:160]
111 [ 8 160:165]
 46 [ 6 170:175]
 79 [ 7 202:207]
 90 [ 8 213:218]
 49 [ 7 300:305]
127 [10 330:335]
 -3 [10 350:350]

y[4371] = 1.0
Vehicle: 410  Cost: 114.63
Route: 4 94 48 -4 
  4 [ 4  60:269]
 94 [ 5 300:305]
 48 [ 1 420:425]
 -4 [ 1 482:482]

y[7221] = 1.0
Vehicle: 401  Cost: 107.77
Route: 4 8 78 10 51 83 80 17 42 -4 
  4 [10 142:157]
  8 [ 9 180:185]
 78 [ 6 193:198]
 10 [ 4 300:305]
 51 [ 2 309:314]
 83 [ 6 323:328]
 80 [ 7 420:425]
 17 [ 6 440:445]
 42 [ 5 472:477]
 -4 [ 5 488:488]

y[8568] = 1.0
Vehicle: 409  Cost: 135.91
Route: 4 28 89 57 23 38 44 122 -4 
  4 [ 8  60:243]
 28 [ 6 300:305]
 89 [ 7 305:310]
 57 [ 4 315:320]
 23 [ 3 325:330]
 38 [ 2 336:341]
 44 [ 1 347:352]
122 [ 3 368:373]
 -4 [ 3 413:413]

y[10249] = 1.0
Vehicle: 504  Cost: 57.05
Route: 5 54 114 59 41 -5 
  5 [ 9 117:132]
 54 [ 5 158:163]
114 [ 6 300:305]
 59 [ 5 305:310]
 41 [ 1 420:425]
 -5 [ 1 439:439]

y[10775] = 1.0
Vehicle: 302  Cost: 108.52
Route: 3 69 61 82 16 96 108 -3 
  3 [ 9  67: 82]
 69 [ 5 130:135]
 61 [ 1 148:153]
 82 [ 2 161:166]
 16 [ 1 166:171]
 96 [ 2 191:196]
108 [ 5 300:305]
 -3 [ 5 321:321]

y[11272] = 1.0
Vehicle: 402  Cost: 123.19
Route: 4 75 18 118 26 81 11 110 15 -4 
  4 [10 142:157]
 75 [ 8 194:199]
 18 [ 5 208:213]
118 [ 6 224:229]
 26 [ 3 244:249]
 81 [ 7 300:305]
 11 [ 6 305:310]
110 [ 7 326:331]
 15 [ 6 336:341]
 -4 [ 6 366:366]

y[12746] = 1.0
Vehicle: 301  Cost: 103.18
Route: 3 24 113 55 109 67 106 22 86 102 -3 
  3 [10 125:140]
 24 [ 8 159:164]
113 [10 186:191]
 55 [ 7 203:208]
109 [ 8 208:213]
 67 [ 7 224:229]
106 [ 9 237:242]
 22 [ 5 300:305]
 86 [ 7 305:310]
102 [10 320:325]
 -3 [10 338:338]

y[14196] = 1.0
Vehicle: 501  Cost: 85.03
Route: 5 72 116 119 70 -5 
  5 [ 7 213:228]
 72 [ 4 260:265]
116 [ 8 278:283]
119 [10 300:305]
 70 [ 6 319:324]
 -5 [ 6 341:341]

y[14338] = 1.0
Vehicle: 408  Cost: 76.49
Route: 4 73 126 115 39 98 68 124 -4 
  4 [ 9  60: 75]
 73 [ 6 106:111]
126 [ 9 111:116]
115 [10 131:136]
 39 [ 7 146:151]
 98 [10 151:156]
 68 [ 7 159:164]
124 [ 9 164:169]
 -4 [ 9 187:187]

y[14806] = 1.0
Vehicle: 304  Cost: 104.14
Route: 3 34 93 29 91 62 77 -3 
  3 [ 6  67: 82]
 34 [ 4 116:121]
 93 [ 8 121:126]
 29 [ 6 180:185]
 91 [10 185:190]
 62 [ 9 198:203]
 77 [ 8 300:305]
 -3 [ 8 313:313]

y[17816] = 1.0
Vehicle: 304  Cost: 119.69
Route: 3 6 7 84 21 76 -3 
  3 [10 125:140]
  6 [ 8 188:193]
  7 [ 4 300:305]
 84 [ 7 309:314]
 21 [ 6 321:326]
 76 [ 3 334:339]
 -3 [ 3 385:385]

y[18598] = 1.0
Vehicle: 302  Cost: 145.33
Route: 3 13 56 27 12 112 105 104 -3 
  3 [10  67: 82]
 13 [ 9 115:120]
 56 [ 6 148:153]
 27 [ 2 160:165]
 12 [ 0 171:176]
112 [ 4 187:192]
105 [ 6 216:221]
104 [10 245:250]
 -3 [10 263:263]

y[19227] = 1.0
Vehicle: 404  Cost: 46.30
Route: 4 65 63 117 74 101 -4 
  4 [10  79: 94]
 65 [ 7 104:109]
 63 [ 3 122:127]
117 [ 5 127:132]
 74 [ 2 135:140]
101 [ 6 159:164]
 -4 [ 6 166:166]

FE: 5
SE: 23
!MIP-----
2375.5445249424192,5403.379379034042,0.12933476045276937,5,23,32993,20558

Run: 2
Total Cost: 2141.19
Vehicle: 13  Cost: 95.64
Route: 1 5 3 -3 -1 
 1 [ 65   0:  0 [58, 46, 12, 6, 7, 56, 67, 70, 69, 37, 77, 43, 76, 25, 41, 14, 29, 59, 45, 13, 21, 55, 22, 24, 62]]
 5 [ 51  28: 43 [58, 46, 12, 6, 7, 56, 67, 69, 37, 77, 43, 76, 25, 29, 13, 21, 55, 22, 24, 62]]
 3 [  0  67: 67 []]
-3 [ 32  67:360 [86, 106, 111, 96, 112, 90, 97, 102, 109, 91, 104, 88, 113, 79]]
-1 [ 32 403:403 [86, 106, 111, 96, 112, 90, 97, 102, 109, 91, 104, 88, 113, 79]]

Vehicle: 14  Cost: 125.94
Route: 1 4 -4 2 -2 -1 
 1 [ 75   0:  0 [40, 19, 9, 68, 63, 32, 16, 39, 74, 73, 66, 50, 35, 34, 33, 36, 38, 42, 31, 8, 78, 10, 49, 44, 23, 20, 52, 11, 15, 17, 51, 61, 53, 65, 71]]
 4 [  9  60: 60 [50, 35, 71]]
-4 [ 31  60:207 [124, 115, 98, 105, 93, 101, 50, 35, 82, 117, 126, 71]]
 2 [ 22 232:232 [124, 115, 98, 105, 93, 101, 82, 117, 126]]
-2 [ 46 232:355 [124, 115, 98, 105, 93, 101, 99, 119, 95, 82, 117, 116, 126, 121, 100, 125]]
-1 [ 46 396:396 [124, 115, 98, 105, 93, 101, 99, 119, 95, 82, 117, 116, 126, 121, 100, 125]]

Vehicle: 15  Cost: 130.03
Route: 1 2 -2 4 -4 -5 -1 
 1 [ 38   0:  0 [47, 72, 30, 60, 27, 64, 48, 28, 57, 18, 75, 26, 54]]
 2 [ 27  40: 40 [47, 60, 27, 64, 48, 28, 57, 18, 75, 26]]
-2 [ 31  40: 90 [123, 47, 60, 27, 64, 48, 28, 57, 18, 75, 26]]
 4 [  4 116:116 [123]]
-4 [ 42 116:574 [92, 127, 108, 122, 120, 89, 83, 123, 87, 94, 110, 81, 118, 85, 107, 80, 103, 84]]
-5 [ 43 610:625 [114, 92, 127, 108, 122, 120, 89, 83, 123, 87, 94, 110, 81, 118, 85, 107, 80, 103, 84]]
-1 [ 43 653:653 [92, 127, 108, 122, 120, 89, 114, 83, 123, 87, 94, 110, 81, 118, 85, 107, 80, 103, 84]]

Vehicle: 201  Cost: 73.48
Route: 2 71 121 30 99 -2 
  2 [ 6 232:247]
 71 [ 4 265:270]
121 [ 8 295:300]
 30 [ 4 306:311]
 99 [ 8 323:328]
 -2 [ 8 340:340]

Vehicle: 202  Cost: 89.59
Route: 2 54 72 116 100 119 -2 
  2 [ 7  40: 55]
 54 [ 3  90: 95]
 72 [ 0 180:185]
116 [ 4 198:203]
100 [ 8 209:214]
119 [10 300:305]
 -2 [10 324:324]

Vehicle: 203  Cost: 20.40
Route: 2 123 -2 
  2 [ 0   0: 50]
123 [ 4  60: 65]
 -2 [ 4  75: 75]

Vehicle: 205  Cost: 37.06
Route: 2 50 125 35 95 -2 
  2 [ 7 232:247]
 50 [ 3 261:266]
125 [ 6 270:275]
 35 [ 3 300:305]
 95 [ 6 305:310]
 -2 [ 6 324:324]

Vehicle: 301  Cost: 172.74
Route: 3 46 58 111 56 12 112 96 -3 
  3 [10  67: 82]
 46 [ 8 147:152]
 58 [ 5 157:162]
111 [ 9 162:167]
 56 [ 6 190:195]
 12 [ 4 206:211]
112 [ 8 222:227]
 96 [ 9 267:272]
 -3 [ 9 290:290]

Vehicle: 302  Cost: 106.52
Route: 3 13 69 79 90 88 25 104 -3 
  3 [ 9  67: 82]
 13 [ 8 115:120]
 69 [ 4 137:142]
 79 [ 5 154:159]
 90 [ 6 165:170]
 88 [ 7 183:188]
 25 [ 3 188:193]
104 [ 7 206:211]
 -3 [ 7 224:224]

Vehicle: 303  Cost: 91.18
Route: 3 24 113 55 109 67 106 -3 
  3 [ 6  67: 82]
 24 [ 4 101:106]
113 [ 6 128:133]
 55 [ 3 145:150]
109 [ 4 150:155]
 67 [ 3 166:171]
106 [ 5 179:184]
 -3 [ 5 204:204]

Vehicle: 304  Cost: 32.93
Route: 3 43 37 97 -3 
  3 [ 8  67: 82]
 43 [ 4  88: 93]
 37 [ 0 300:305]
 97 [ 2 305:310]
 -3 [ 2 326:326]

Vehicle: 305  Cost: 56.41
Route: 3 29 91 62 22 86 102 77 -3 
  3 [ 8  67:162]
 29 [ 6 180:185]
 91 [10 185:190]
 62 [ 9 198:203]
 22 [ 5 300:305]
 86 [ 7 305:310]
102 [10 320:325]
 77 [ 9 331:336]
 -3 [ 9 345:345]

Vehicle: 308  Cost: 111.82
Route: 3 6 7 21 76 -3 
  3 [10  67:132]
  6 [ 8 180:185]
  7 [ 4 300:305]
 21 [ 3 308:313]
 76 [ 0 322:327]
 -3 [ 0 372:372]

Vehicle: 401  Cost: 39.89
Route: 4 32 92 53 -4 
  4 [ 7 116:131]
 32 [ 3 145:150]
 92 [ 4 150:155]
 53 [ 1 300:305]
 -4 [ 1 325:325]

Vehicle: 402  Cost: 107.77
Route: 4 8 78 10 51 83 80 17 42 -4 
  4 [10  60: 75]
  8 [ 9  98:103]
 78 [ 6 111:116]
 10 [ 4 300:305]
 51 [ 2 309:314]
 83 [ 6 323:328]
 80 [ 7 420:425]
 17 [ 6 440:445]
 42 [ 5 472:477]
 -4 [ 5 488:488]

Vehicle: 403  Cost: 175.04
Route: 4 31 49 84 57 28 89 23 44 122 94 -4 
  4 [ 9 116:160]
 31 [ 8 180:185]
 49 [ 7 300:305]
 84 [10 337:342]
 57 [ 7 358:363]
 28 [ 5 369:374]
 89 [ 6 374:379]
 23 [ 5 382:387]
 44 [ 4 398:403]
122 [ 6 419:424]
 94 [ 7 436:441]
 -4 [ 7 472:472]

Vehicle: 404  Cost: 67.02
Route: 4 52 107 9 85 20 36 -4 
  4 [10 116:274]
 52 [ 6 300:305]
107 [ 9 305:310]
  9 [ 5 314:319]
 85 [ 8 323:328]
 20 [ 7 328:333]
 36 [ 6 420:425]
 -4 [ 6 454:454]

Vehicle: 405  Cost: 46.30
Route: 4 65 117 63 74 101 -4 
  4 [10  60: 75]
 65 [ 7  85: 90]
117 [ 9 103:108]
 63 [ 5 108:113]
 74 [ 2 115:120]
101 [ 6 139:144]
 -4 [ 6 146:146]

Vehicle: 406  Cost: 76.53
Route: 4 40 73 126 115 39 98 68 124 -4 
  4 [10  60: 75]
 40 [ 9  77: 82]
 73 [ 6 111:116]
126 [ 9 116:121]
115 [10 136:141]
 39 [ 7 151:156]
 98 [10 156:161]
 68 [ 7 164:169]
124 [ 9 169:174]
 -4 [ 9 192:192]

Vehicle: 407  Cost: 123.19
Route: 4 75 18 118 26 11 81 110 15 -4 
  4 [10 116:131]
 75 [ 8 168:173]
 18 [ 5 181:186]
118 [ 6 197:202]
 26 [ 3 218:223]
 11 [ 2 300:305]
 81 [ 6 305:310]
110 [ 7 326:331]
 15 [ 6 336:341]
 -4 [ 6 366:366]

Vehicle: 408  Cost: 75.71
Route: 4 19 61 34 93 105 82 16 -4 
  4 [ 9  60: 75]
 19 [ 7  95:100]
 61 [ 3 115:120]
 34 [ 1 128:133]
 93 [ 5 133:138]
105 [ 7 140:145]
 82 [ 8 150:155]
 16 [ 7 155:160]
 -4 [ 7 186:186]

Vehicle: 409  Cost: 42.06
Route: 4 60 66 33 103 47 87 -4 
  4 [ 8 116:131]
 60 [ 6 139:144]
 66 [ 4 151:156]
 33 [ 3 300:305]
103 [ 7 319:324]
 47 [ 4 324:329]
 87 [ 5 335:340]
 -4 [ 5 344:344]

Vehicle: 410  Cost: 168.41
Route: 4 27 48 38 64 120 127 108 -4 
  4 [10 116:131]
 27 [ 6 186:191]
 48 [ 2 420:425]
 38 [ 1 431:436]
 64 [ 0 485:490]
120 [ 2 490:495]
127 [ 5 511:516]
108 [ 8 519:524]
 -4 [ 8 559:559]

Vehicle: 501  Cost: 54.46
Route: 5 70 59 114 41 -5 
  5 [ 9  28:283]
 70 [ 5 300:305]
 59 [ 4 318:323]
114 [ 5 323:328]
 41 [ 1 420:425]
 -5 [ 1 439:439]

Vehicle: 502  Cost: 21.07
Route: 5 45 14 -5 
  5 [ 5  28:290]
 45 [ 3 300:305]
 14 [ 0 308:313]
 -5 [ 0 321:321]

Total Cost: 2141.19
 13:95.64, 65:75 [1, 5, 3, -3, -1]
 14:125.94, 75:75 [1, 4, -4, 2, -2, -1]
 15:130.03, 43:75 [1, 2, -2, 4, -4, -5, -1]
201:73.48, 8:10 [2, 71, 121, 30, 99, -2]
202:89.59, 10:10 [2, 54, 72, 116, 100, 119, -2]
203:20.40, 4:10 [2, 123, -2]
205:37.06, 7:10 [2, 50, 125, 35, 95, -2]
301:172.74, 10:10 [3, 46, 58, 111, 56, 12, 112, 96, -3]
302:106.52, 9:10 [3, 13, 69, 79, 90, 88, 25, 104, -3]
303:91.18, 6:10 [3, 24, 113, 55, 109, 67, 106, -3]
304:32.93, 8:10 [3, 43, 37, 97, -3]
305:56.41, 10:10 [3, 29, 91, 62, 22, 86, 102, 77, -3]
308:111.82, 10:10 [3, 6, 7, 21, 76, -3]
401:39.89, 7:10 [4, 32, 92, 53, -4]
402:107.77, 10:10 [4, 8, 78, 10, 51, 83, 80, 17, 42, -4]
403:175.04, 10:10 [4, 31, 49, 84, 57, 28, 89, 23, 44, 122, 94, -4]
404:67.02, 10:10 [4, 52, 107, 9, 85, 20, 36, -4]
405:46.30, 10:10 [4, 65, 117, 63, 74, 101, -4]
406:76.53, 10:10 [4, 40, 73, 126, 115, 39, 98, 68, 124, -4]
407:123.19, 10:10 [4, 75, 18, 118, 26, 11, 81, 110, 15, -4]
408:75.71, 9:10 [4, 19, 61, 34, 93, 105, 82, 16, -4]
409:42.06, 8:10 [4, 60, 66, 33, 103, 47, 87, -4]
410:168.41, 10:10 [4, 27, 48, 38, 64, 120, 127, 108, -4]
501:54.46, 9:10 [5, 70, 59, 114, 41, -5]
502:21.07, 5:10 [5, 45, 14, -5]
fe: 3, se: 22

!ALNS------------
100000,2141.1878627189444,601.576,504.722,3,22,0.8133333333333334,0.8636363636363636,40.666666666666664,5.545454545454546
21 13 18 11 0 0 13 3 
12.725081389407263 29.71336008031573 13.082620373813016 15.20876079464314 62.739620389422875 46.568885406561535 20.154793646604034 17.93033992920959 
10 11 6 13 9 8 16 6 
20.399007851619444 16.037082048627283 17.929705137848586 18.539877237916684 17.539159440395625 19.445881123635875 19.309159804269896 15.347192424674967 

x[12153] = 1.0
Vehicle: 14  Cost: 125.94
Route: 1 4 -4 2 -2 -1 
 1 [ 75   0:  0 [34, 39, 35, 73, 72, 19, 57, 71, 74, 16, 44, 61, 66, 27, 60, 47, 64, 68, 30, 9, 36, 33, 18, 26, 11, 51, 50, 75, 13, 53, 49]]
 4 [ 16  60: 60 [35, 72, 71, 30, 50]]
-4 [ 38  60:202 [115, 117, 101, 93, 35, 82, 124, 72, 126, 98, 71, 30, 50, 105]]
 2 [ 22 227:227 [115, 117, 101, 93, 82, 124, 126, 98, 105]]
-2 [ 46 227:351 [99, 115, 117, 101, 93, 119, 82, 124, 116, 100, 121, 126, 98, 95, 125, 105]]
-1 [ 46 391:391 [99, 115, 117, 101, 93, 119, 82, 124, 116, 100, 121, 126, 98, 95, 125, 105]]

x[15058] = 1.0
Vehicle: 13  Cost: 86.53
Route: 1 3 -3 -1 
 1 [ 50   0:  0 [76, 7, 29, 12, 56, 77, 6, 37, 21, 24, 46, 25, 55, 43, 69, 58, 22, 62, 67]]
 3 [  0  43: 43 []]
-3 [ 40  43:375 [102, 109, 104, 113, 105, 106, 86, 112, 97, 88, 96, 91, 111, 79, 90, 108, 84]]
-1 [ 40 418:418 [102, 109, 104, 113, 105, 106, 86, 112, 97, 88, 96, 91, 111, 79, 90, 108, 84]]

x[26499] = 1.0
Vehicle: 15  Cost: 128.51
Route: 1 5 4 -4 -5 -1 
 1 [ 53   0:  0 [70, 31, 59, 41, 45, 63, 65, 28, 48, 14, 54, 52, 32, 17, 10, 78, 15, 8, 38, 40, 20, 23, 42]]
 5 [ 35  28: 43 [31, 63, 65, 28, 48, 52, 32, 17, 10, 78, 15, 8, 38, 40, 20, 23, 42]]
 4 [  0  79: 79 []]
-4 [ 42  79:574 [89, 80, 92, 94, 107, 84, 122, 81, 85, 87, 110, 83, 103, 123, 108, 127, 120, 118]]
-5 [ 43 610:625 [114, 89, 80, 92, 94, 107, 84, 122, 81, 85, 87, 110, 83, 103, 123, 108, 127, 120, 118]]
-1 [ 43 653:653 [89, 80, 92, 94, 107, 84, 122, 81, 85, 87, 110, 83, 103, 123, 108, 127, 120, 118, 114]]

y[616] = 1.0
Vehicle: 409  Cost: 66.20
Route: 4 60 66 123 33 47 103 87 -4 
  4 [ 8 116:131]
 60 [ 6 139:144]
 66 [ 4 151:156]
123 [ 8 170:175]
 33 [ 7 300:305]
 47 [ 4 319:324]
103 [ 8 324:329]
 87 [ 9 335:340]
 -4 [ 9 344:344]

y[2381] = 1.0
Vehicle: 408  Cost: 75.71
Route: 4 19 61 34 93 105 16 82 -4 
  4 [ 9  60: 75]
 19 [ 7  95:100]
 61 [ 3 115:120]
 34 [ 1 128:133]
 93 [ 5 133:138]
105 [ 7 140:145]
 16 [ 6 150:155]
 82 [ 7 155:160]
 -4 [ 7 186:186]

y[2618] = 1.0
Vehicle: 503  Cost: 52.20
Route: 5 14 45 70 -5 
  5 [ 9  28:292]
 14 [ 6 300:305]
 45 [ 4 308:313]
 70 [ 0 337:342]
 -5 [ 0 359:359]

y[3970] = 1.0
Vehicle: 404  Cost: 67.02
Route: 4 52 107 9 20 85 36 -4 
  4 [10 108:274]
 52 [ 6 300:305]
107 [ 9 305:310]
  9 [ 5 314:319]
 20 [ 4 323:328]
 85 [ 7 328:333]
 36 [ 6 420:425]
 -4 [ 6 454:454]

y[4745] = 1.0
Vehicle: 303  Cost: 91.18
Route: 3 24 113 55 109 67 106 -3 
  3 [ 6 154:169]
 24 [ 4 188:193]
113 [ 6 215:220]
 55 [ 3 232:237]
109 [ 4 237:242]
 67 [ 3 253:258]
106 [ 5 266:271]
 -3 [ 5 291:291]

y[4906] = 1.0
Vehicle: 402  Cost: 119.19
Route: 4 8 78 10 51 122 83 80 17 42 -4 
  4 [10 116:131]
  8 [ 9 153:158]
 78 [ 6 166:171]
 10 [ 4 300:305]
 51 [ 2 309:314]
122 [ 4 320:325]
 83 [ 8 339:344]
 80 [ 9 420:425]
 17 [ 8 440:445]
 42 [ 7 472:477]
 -4 [ 7 488:488]

y[5623] = 1.0
Vehicle: 201  Cost: 73.48
Route: 2 71 121 30 99 -2 
  2 [ 6  70:242]
 71 [ 4 260:265]
121 [ 8 290:295]
 30 [ 4 301:306]
 99 [ 8 318:323]
 -2 [ 8 335:335]

y[7054] = 1.0
Vehicle: 306  Cost: 111.82
Route: 3 6 7 21 76 -3 
  3 [10  67:132]
  6 [ 8 180:185]
  7 [ 4 300:305]
 21 [ 3 308:313]
 76 [ 0 322:327]
 -3 [ 0 372:372]

y[9717] = 1.0
Vehicle: 301  Cost: 143.85
Route: 3 96 69 56 12 112 104 -3 
  3 [ 9  43: 58]
 96 [10  76: 81]
 69 [ 6 115:120]
 56 [ 3 131:136]
 12 [ 1 148:153]
112 [ 5 164:169]
104 [ 9 214:219]
 -3 [ 9 232:232]

y[10707] = 1.0
Vehicle: 305  Cost: 56.41
Route: 3 29 91 62 22 86 102 77 -3 
  3 [ 8 154:169]
 29 [ 6 188:193]
 91 [10 193:198]
 62 [ 9 206:211]
 22 [ 5 300:305]
 86 [ 7 305:310]
102 [10 320:325]
 77 [ 9 331:336]
 -3 [ 9 345:345]

y[11805] = 1.0
Vehicle: 202  Cost: 41.06
Route: 2 50 125 100 35 95 -2 
  2 [ 7 252:267]
 50 [ 3 281:286]
125 [ 6 289:294]
100 [10 300:305]
 35 [ 7 309:314]
 95 [10 314:319]
 -2 [10 333:333]

y[13690] = 1.0
Vehicle: 406  Cost: 76.49
Route: 4 73 126 115 39 98 68 124 -4 
  4 [ 9  60: 75]
 73 [ 6 106:111]
126 [ 9 111:116]
115 [10 131:136]
 39 [ 7 146:151]
 98 [10 151:156]
 68 [ 7 159:164]
124 [ 9 164:169]
 -4 [ 9 187:187]

y[14176] = 1.0
Vehicle: 401  Cost: 40.02
Route: 4 40 32 92 53 -4 
  4 [ 8 116:131]
 40 [ 7 133:138]
 32 [ 3 151:156]
 92 [ 4 156:161]
 53 [ 1 300:305]
 -4 [ 1 325:325]

y[16187] = 1.0
Vehicle: 403  Cost: 144.86
Route: 4 31 13 49 28 89 57 23 44 94 -4 
  4 [10  79:160]
 31 [ 9 180:185]
 13 [ 8 205:210]
 49 [ 7 300:305]
 28 [ 5 327:332]
 89 [ 6 332:337]
 57 [ 3 342:347]
 23 [ 2 351:356]
 44 [ 1 367:372]
 94 [ 2 393:398]
 -4 [ 2 430:430]

y[16545] = 1.0
Vehicle: 202  Cost: 67.18
Route: 2 116 72 119 -2 
  2 [ 3 227:242]
116 [ 7 265:270]
 72 [ 4 284:289]
119 [ 6 300:305]
 -2 [ 6 324:324]

y[17365] = 1.0
Vehicle: 410  Cost: 168.41
Route: 4 27 48 38 120 64 127 108 -4 
  4 [10 133:148]
 27 [ 6 204:209]
 48 [ 2 420:425]
 38 [ 1 431:436]
120 [ 3 485:490]
 64 [ 2 490:495]
127 [ 5 511:516]
108 [ 8 519:524]
 -4 [ 8 559:559]

y[17740] = 1.0
Vehicle: 308  Cost: 142.32
Route: 3 25 88 90 79 46 58 111 84 -3 
  3 [ 9  43: 58]
 25 [ 5  84: 89]
 88 [ 6  89: 94]
 90 [ 7 106:111]
 79 [ 8 117:122]
 46 [ 6 149:154]
 58 [ 3 159:164]
111 [ 7 164:169]
 84 [10 300:305]
 -3 [10 360:360]

y[18199] = 1.0
Vehicle: 305  Cost: 32.93
Route: 3 43 37 97 -3 
  3 [ 8  43: 58]
 43 [ 4  64: 69]
 37 [ 0 300:305]
 97 [ 2 305:310]
 -3 [ 2 326:326]

y[18313] = 1.0
Vehicle: 405  Cost: 46.30
Route: 4 65 63 117 74 101 -4 
  4 [10  79: 94]
 65 [ 7 104:109]
 63 [ 3 122:127]
117 [ 5 127:132]
 74 [ 2 135:140]
101 [ 6 159:164]
 -4 [ 6 166:166]

y[19423] = 1.0
Vehicle: 502  Cost: 57.05
Route: 5 54 114 59 41 -5 
  5 [ 9  83: 98]
 54 [ 5 124:129]
114 [ 6 300:305]
 59 [ 5 305:310]
 41 [ 1 420:425]
 -5 [ 1 439:439]

y[19463] = 1.0
Vehicle: 407  Cost: 123.19
Route: 4 75 18 118 26 81 11 110 15 -4 
  4 [10 178:193]
 75 [ 8 230:235]
 18 [ 5 244:249]
118 [ 6 260:265]
 26 [ 3 280:285]
 81 [ 7 300:305]
 11 [ 6 305:310]
110 [ 7 326:331]
 15 [ 6 336:341]
 -4 [ 6 366:366]

FE: 3
SE: 21
!MIP-----
2137.847041170077,5407.099617958069,0.02973754137642832,3,21,39716,19646

Run: 3
Total Cost: 2166.92
Vehicle: 14  Cost: 125.94
Route: 1 4 -4 -2 -1 
 1 [ 75   0:  0 [47, 75, 65, 11, 48, 19, 36, 30, 31, 27, 32, 8, 9, 66, 42, 10, 44, 28, 69, 71, 39, 40, 34, 73, 78, 18, 56, 15, 16, 52, 53]]
 4 [  0  60: 60 []]
-4 [ 31  60:334 [82, 112, 103, 92, 126, 105, 101, 93, 115, 117, 98, 124]]
-2 [ 37 359:374 [125, 82, 112, 103, 92, 126, 105, 101, 93, 115, 117, 95, 98, 124]]
-1 [ 37 415:415 [82, 112, 103, 92, 126, 125, 105, 101, 93, 115, 117, 95, 98, 124]]

Vehicle: 15  Cost: 130.03
Route: 1 2 -2 4 -4 5 -5 -1 
 1 [ 43   0:  0 [14, 57, 50, 61, 12, 38, 68, 17, 45, 74, 63, 60, 26, 23, 33, 20, 51, 35]]
 2 [ 36  40: 40 [14, 57, 61, 12, 38, 68, 17, 45, 74, 63, 60, 26, 23, 33, 20, 51]]
-2 [ 40  40: 90 [123, 14, 57, 61, 12, 38, 68, 17, 45, 74, 63, 60, 26, 23, 33, 20, 51]]
 4 [  9 116:116 [14, 123, 45]]
-4 [ 39 116:503 [99, 89, 14, 81, 94, 123, 122, 118, 45, 121, 83, 110, 87, 80, 85, 107]]
 5 [ 34 539:539 [99, 89, 81, 94, 123, 122, 118, 121, 83, 110, 87, 80, 85, 107]]
-5 [ 43 539:554 [99, 89, 81, 94, 114, 123, 122, 118, 84, 120, 121, 127, 83, 110, 87, 80, 85, 107]]
-1 [ 43 582:582 [99, 89, 81, 94, 114, 123, 122, 118, 84, 120, 121, 127, 83, 110, 87, 80, 85, 107]]

Vehicle: 17  Cost: 104.74
Route: 1 5 3 -3 -5 -1 
 1 [ 60   0:  0 [13, 37, 46, 7, 41, 67, 6, 43, 22, 21, 62, 49, 70, 72, 29, 54, 77, 55, 24, 25, 59, 64, 58, 76]]
 5 [ 18  28: 43 [37, 67, 43, 55, 24, 25]]
 3 [  0  67: 67 []]
-3 [ 12  67:341 [109, 88, 104, 113, 106, 97]]
-5 [ 41 366:381 [111, 91, 96, 86, 90, 108, 119, 100, 79, 109, 88, 104, 113, 116, 106, 102, 97]]
-1 [ 41 409:409 [111, 91, 96, 86, 90, 108, 119, 100, 79, 109, 88, 104, 113, 116, 106, 102, 97]]

Vehicle: 201  Cost: 37.06
Route: 2 50 125 35 95 -2 
  2 [ 7  40:166]
 50 [ 3 180:185]
125 [ 6 189:194]
 35 [ 3 300:305]
 95 [ 6 305:310]
 -2 [ 6 324:324]

Vehicle: 202  Cost: 20.40
Route: 2 123 -2 
  2 [ 0   0: 50]
123 [ 4  60: 65]
 -2 [ 4  75: 75]

Vehicle: 301  Cost: 64.67
Route: 3 25 88 104 37 97 -3 
  3 [ 8  67: 82]
 25 [ 4 108:113]
 88 [ 5 113:118]
104 [ 9 131:136]
 37 [ 5 300:305]
 97 [ 7 305:310]
 -3 [ 7 326:326]

Vehicle: 303  Cost: 92.77
Route: 3 43 24 113 55 109 67 106 -3 
  3 [10  67: 82]
 43 [ 6  88: 93]
 24 [ 4 108:113]
113 [ 6 135:140]
 55 [ 3 151:156]
109 [ 4 156:161]
 67 [ 3 173:178]
106 [ 5 186:191]
 -3 [ 5 210:210]

Vehicle: 401  Cost: 38.07
Route: 4 60 66 65 103 47 -4 
  4 [10 116:131]
 60 [ 8 139:144]
 66 [ 6 151:156]
 65 [ 3 163:168]
103 [ 7 300:305]
 47 [ 4 305:310]
 -4 [ 4 319:319]

Vehicle: 402  Cost: 137.42
Route: 4 69 28 89 57 23 122 94 -4 
  4 [10 116:131]
 69 [ 6 176:181]
 28 [ 4 300:305]
 89 [ 5 305:310]
 57 [ 2 315:320]
 23 [ 1 325:330]
122 [ 3 356:361]
 94 [ 4 373:378]
 -4 [ 4 409:409]

Vehicle: 403  Cost: 47.64
Route: 4 68 124 74 117 63 -4 
  4 [10 116:131]
 68 [ 7 148:153]
124 [ 9 153:158]
 74 [ 6 169:174]
117 [ 8 176:181]
 63 [ 4 181:186]
 -4 [ 4 203:203]

Vehicle: 404  Cost: 123.19
Route: 4 75 18 118 26 11 81 110 15 -4 
  4 [10 116:131]
 75 [ 8 168:173]
 18 [ 5 181:186]
118 [ 6 197:202]
 26 [ 3 218:223]
 11 [ 2 300:305]
 81 [ 6 305:310]
110 [ 7 326:331]
 15 [ 6 336:341]
 -4 [ 6 366:366]

Vehicle: 405  Cost: 125.83
Route: 4 56 38 48 44 36 -4 
  4 [10 116:131]
 56 [ 7 185:190]
 38 [ 6 300:305]
 48 [ 2 420:425]
 44 [ 1 430:435]
 36 [ 0 462:467]
 -4 [ 0 496:496]

Vehicle: 406  Cost: 107.18
Route: 4 40 53 10 51 83 80 17 42 -4 
  4 [10 116:131]
 40 [ 9 133:138]
 53 [ 6 300:305]
 10 [ 4 318:323]
 51 [ 2 326:331]
 83 [ 6 341:346]
 80 [ 7 420:425]
 17 [ 6 440:445]
 42 [ 5 472:477]
 -4 [ 5 488:488]

Vehicle: 407  Cost: 69.22
Route: 4 31 9 85 20 107 52 -4 
  4 [10 116:160]
 31 [ 9 180:185]
  9 [ 5 300:305]
 85 [ 8 309:314]
 20 [ 7 314:319]
107 [10 325:330]
 52 [ 6 330:335]
 -4 [ 6 360:360]

Vehicle: 410  Cost: 111.89
Route: 4 71 121 30 99 33 87 -4 
  4 [ 7 116:131]
 71 [ 5 162:167]
121 [ 9 192:197]
 30 [ 5 300:305]
 99 [ 9 316:321]
 33 [ 8 343:348]
 87 [ 9 361:366]
 -4 [ 9 370:370]

Vehicle: 411  Cost: 75.71
Route: 4 19 61 34 93 105 16 82 -4 
  4 [ 9 116:131]
 19 [ 7 150:155]
 61 [ 3 171:176]
 34 [ 1 183:188]
 93 [ 5 188:193]
105 [ 7 195:200]
 16 [ 6 205:210]
 82 [ 7 210:215]
 -4 [ 7 241:241]

Vehicle: 414  Cost: 116.43
Route: 4 8 78 12 27 112 101 -4 
  4 [10 116:131]
  8 [ 9 153:158]
 78 [ 6 166:171]
 12 [ 4 195:200]
 27 [ 0 206:211]
112 [ 4 226:231]
101 [ 8 270:275]
 -4 [ 8 277:277]

Vehicle: 415  Cost: 80.01
Route: 4 32 92 73 126 115 39 98 -4 
  4 [10 116:131]
 32 [ 6 145:150]
 92 [ 7 150:155]
 73 [ 4 175:180]
126 [ 7 180:185]
115 [ 8 200:205]
 39 [ 5 215:220]
 98 [ 8 220:225]
 -4 [ 8 246:246]

Vehicle: 501  Cost: 54.46
Route: 5 70 59 114 41 -5 
  5 [ 9  28:283]
 70 [ 5 300:305]
 59 [ 4 318:323]
114 [ 5 323:328]
 41 [ 1 420:425]
 -5 [ 1 439:439]

Vehicle: 502  Cost: 21.07
Route: 5 45 14 -5 
  5 [ 5 539:554]
 45 [ 3 564:569]
 14 [ 0 572:577]
 -5 [ 0 585:585]

Vehicle: 503  Cost: 90.75
Route: 5 54 72 116 100 119 -5 
  5 [ 7  28: 43]
 54 [ 3  69: 74]
 72 [ 0 180:185]
116 [ 4 198:203]
100 [ 8 209:214]
119 [10 300:305]
 -5 [10 334:334]

Vehicle: 504  Cost: 172.44
Route: 5 13 46 58 111 6 79 90 96 108 -5 
  5 [ 8  28: 43]
 13 [ 7  83: 88]
 46 [ 5 129:134]
 58 [ 2 139:144]
111 [ 6 144:149]
  6 [ 4 180:185]
 79 [ 5 202:207]
 90 [ 6 213:218]
 96 [ 7 242:247]
108 [10 300:305]
 -5 [10 325:325]

Vehicle: 506  Cost: 57.83
Route: 5 29 91 62 22 86 102 77 -5 
  5 [ 8  28:169]
 29 [ 6 180:185]
 91 [10 185:190]
 62 [ 9 198:203]
 22 [ 5 300:305]
 86 [ 7 305:310]
102 [10 320:325]
 77 [ 9 331:336]
 -5 [ 9 353:353]

Vehicle: 509  Cost: 162.16
Route: 5 49 7 84 21 76 64 120 127 -5 
  5 [10  28:257]
 49 [ 9 300:305]
  7 [ 5 336:341]
 84 [ 8 345:350]
 21 [ 7 357:362]
 76 [ 4 370:375]
 64 [ 3 420:425]
120 [ 5 425:430]
127 [ 8 446:451]
 -5 [ 8 468:468]

Total Cost: 2166.92
 14:125.94, 75:75 [1, 4, -4, -2, -1]
 15:130.03, 43:75 [1, 2, -2, 4, -4, 5, -5, -1]
 17:104.74, 60:75 [1, 5, 3, -3, -5, -1]
201:37.06, 7:10 [2, 50, 125, 35, 95, -2]
202:20.40, 4:10 [2, 123, -2]
301:64.67, 9:10 [3, 25, 88, 104, 37, 97, -3]
303:92.77, 10:10 [3, 43, 24, 113, 55, 109, 67, 106, -3]
401:38.07, 10:10 [4, 60, 66, 65, 103, 47, -4]
402:137.42, 10:10 [4, 69, 28, 89, 57, 23, 122, 94, -4]
403:47.64, 10:10 [4, 68, 124, 74, 117, 63, -4]
404:123.19, 10:10 [4, 75, 18, 118, 26, 11, 81, 110, 15, -4]
405:125.83, 10:10 [4, 56, 38, 48, 44, 36, -4]
406:107.18, 10:10 [4, 40, 53, 10, 51, 83, 80, 17, 42, -4]
407:69.22, 10:10 [4, 31, 9, 85, 20, 107, 52, -4]
410:111.89, 9:10 [4, 71, 121, 30, 99, 33, 87, -4]
411:75.71, 9:10 [4, 19, 61, 34, 93, 105, 16, 82, -4]
414:116.43, 10:10 [4, 8, 78, 12, 27, 112, 101, -4]
415:80.01, 10:10 [4, 32, 92, 73, 126, 115, 39, 98, -4]
501:54.46, 9:10 [5, 70, 59, 114, 41, -5]
502:21.07, 5:10 [5, 45, 14, -5]
503:90.75, 10:10 [5, 54, 72, 116, 100, 119, -5]
504:172.44, 10:10 [5, 13, 46, 58, 111, 6, 79, 90, 96, 108, -5]
506:57.83, 10:10 [5, 29, 91, 62, 22, 86, 102, 77, -5]
509:162.16, 10:10 [5, 49, 7, 84, 21, 76, 64, 120, 127, -5]
fe: 3, se: 21

!ALNS------------
100000,2166.9203101382404,994.957,400.389,3,21,0.7911111111111111,0.9142857142857143,40.666666666666664,5.809523809523809
12 16 12 12 0 0 9 3 
13.25153263083457 27.675929303229868 15.96637706311358 18.44317533409453 42.19627663851323 40.74599378260141 23.521990289525757 17.127372729942383 
8 9 7 8 7 8 16 1 
20.679016662931605 21.974034443525365 16.602639273773928 17.677828100571055 19.101269223336548 17.578262382809537 18.823964670626925 23.02124683094462 

x[4201] = 1.0
Vehicle: 17  Cost: 104.74
Route: 1 5 3 -3 -5 -1 
 1 [ 62   0:  0 [29, 25, 55, 43, 37, 64, 70, 72, 41, 59, 21, 58, 76, 67, 62, 22, 24, 49, 56, 46, 6, 7, 77, 54]]
 5 [ 18  28: 43 [25, 55, 43, 37, 67, 24]]
 3 [  0  67: 67 []]
-3 [ 15  67:341 [102, 113, 97, 109, 88, 104, 106]]
-5 [ 41 366:381 [111, 91, 96, 90, 108, 100, 102, 113, 116, 97, 86, 109, 79, 119, 88, 104, 106]]
-1 [ 41 409:409 [111, 91, 96, 90, 108, 100, 102, 113, 116, 97, 86, 109, 79, 119, 88, 104, 106]]

x[13445] = 0.9999999999999913
Vehicle: 14  Cost: 125.94
Route: 1 4 -4 -2 -1 
 1 [ 75   0:  0 [74, 52, 15, 20, 19, 34, 44, 12, 11, 16, 8, 23, 61, 31, 28, 63, 39, 40, 75, 38, 27, 51, 73, 33, 18, 66, 48, 69, 71, 10, 30, 57, 13, 17, 42]]
 4 [  0  60: 60 []]
-4 [ 32  60:334 [117, 101, 98, 93, 105, 92, 87, 82, 126, 115, 103, 124, 112]]
-2 [ 38 359:374 [125, 117, 101, 98, 93, 105, 92, 87, 95, 82, 126, 115, 103, 124, 112]]
-1 [ 38 415:415 [117, 101, 98, 93, 105, 92, 87, 125, 95, 82, 126, 115, 103, 124, 112]]

x[23663] = 1.000000000000003
Vehicle: 15  Cost: 130.03
Route: 1 2 -2 4 -4 5 -5 -1 
 1 [ 41   0:  0 [14, 45, 36, 32, 47, 53, 60, 35, 26, 50, 78, 68, 9, 65]]
 2 [ 34  40: 40 [14, 45, 36, 32, 47, 53, 60, 26, 78, 68, 9, 65]]
-2 [ 38  40: 90 [123, 14, 45, 36, 32, 47, 53, 60, 26, 78, 68, 9, 65]]
 4 [  9 116:116 [14, 45, 123]]
-4 [ 38 116:508 [81, 110, 122, 14, 45, 85, 89, 83, 107, 94, 80, 99, 121, 118, 123]]
 5 [ 33 544:544 [81, 110, 122, 85, 89, 83, 107, 94, 80, 99, 121, 118, 123]]
-5 [ 42 544:559 [81, 110, 114, 122, 127, 85, 89, 83, 107, 94, 80, 99, 121, 118, 84, 123, 120]]
-1 [ 42 587:587 [81, 110, 114, 122, 127, 85, 89, 83, 107, 94, 80, 99, 121, 118, 84, 123, 120]]

y[1584] = 1.0
Vehicle: 204  Cost: 20.40
Route: 2 123 -2 
  2 [ 0   0: 50]
123 [ 4  60: 65]
 -2 [ 4  75: 75]

y[3220] = 1.0
Vehicle: 501  Cost: 54.46
Route: 5 70 59 114 41 -5 
  5 [ 9 370:385]
 70 [ 5 402:407]
 59 [ 4 421:426]
114 [ 5 426:431]
 41 [ 1 440:445]
 -5 [ 1 460:460]

y[5022] = 1.0
Vehicle: 410  Cost: 111.28
Route: 4 71 121 30 99 33 -4 
  4 [ 7  79: 94]
 71 [ 5 125:130]
121 [ 9 155:160]
 30 [ 5 300:305]
 99 [ 9 316:321]
 33 [ 8 343:348]
 -4 [ 8 364:364]

y[5825] = 1.0
Vehicle: 509  Cost: 162.16
Route: 5 49 7 84 21 76 64 120 127 -5 
  5 [10 271:286]
 49 [ 9 328:333]
  7 [ 5 364:369]
 84 [ 8 374:379]
 21 [ 7 385:390]
 76 [ 4 399:404]
 64 [ 3 440:445]
120 [ 5 445:450]
127 [ 8 466:471]
 -5 [ 8 488:488]

y[5867] = 1.0
Vehicle: 411  Cost: 37.68
Route: 4 74 117 63 47 103 -4 
  4 [10 116:131]
 74 [ 7 149:154]
117 [ 9 157:162]
 63 [ 5 162:167]
 47 [ 2 300:305]
103 [ 6 305:310]
 -4 [ 6 319:319]

y[9888] = 1.0
Vehicle: 201  Cost: 37.06
Route: 2 50 125 95 35 -2 
  2 [ 7 262:277]
 50 [ 3 291:296]
125 [ 6 300:305]
 95 [ 9 310:315]
 35 [ 6 315:320]
 -2 [ 6 334:334]

y[11458] = 1.0
Vehicle: 301  Cost: 64.67
Route: 3 88 25 104 37 97 -3 
  3 [ 8  67: 82]
 88 [ 9 108:113]
 25 [ 5 113:118]
104 [ 9 131:136]
 37 [ 5 300:305]
 97 [ 7 305:310]
 -3 [ 7 326:326]

y[11712] = 1.0
Vehicle: 303  Cost: 96.08
Route: 3 43 24 113 109 55 67 106 102 -3 
  3 [10  67: 82]
 43 [ 6  88: 93]
 24 [ 4 108:113]
113 [ 6 135:140]
109 [ 7 151:156]
 55 [ 4 156:161]
 67 [ 3 173:178]
106 [ 5 186:191]
102 [ 8 300:305]
 -3 [ 8 318:318]

y[11765] = 1.0
Vehicle: 406  Cost: 72.25
Route: 4 78 10 51 53 -4 
  4 [10 116:131]
 78 [ 7 161:166]
 10 [ 5 300:305]
 51 [ 3 309:314]
 53 [ 0 329:334]
 -4 [ 0 354:354]

y[12054] = 1.0
Vehicle: 401  Cost: 31.74
Route: 4 60 66 65 87 -4 
  4 [ 7 116:131]
 60 [ 5 139:144]
 66 [ 3 151:156]
 65 [ 0 163:168]
 87 [ 1 300:305]
 -4 [ 1 309:309]

y[13246] = 1.000000000000003
Vehicle: 408  Cost: 119.31
Route: 4 12 27 48 94 -4 
  4 [10 142:157]
 12 [ 8 209:214]
 27 [ 4 220:225]
 48 [ 0 420:425]
 94 [ 1 451:456]
 -4 [ 1 487:487]

y[13598] = 1.0
Vehicle: 415  Cost: 80.90
Route: 4 68 124 39 98 115 73 126 42 -4 
  4 [10 116:131]
 68 [ 7 148:153]
124 [ 9 153:158]
 39 [ 6 161:166]
 98 [ 9 166:171]
115 [10 181:186]
 73 [ 7 201:206]
126 [10 206:211]
 42 [ 9 300:305]
 -4 [ 9 316:316]

y[13706] = 1.000000000000003
Vehicle: 407  Cost: 67.02
Route: 4 52 107 9 85 20 36 -4 
  4 [10  81:274]
 52 [ 6 300:305]
107 [ 9 305:310]
  9 [ 5 314:319]
 85 [ 8 323:328]
 20 [ 7 328:333]
 36 [ 6 420:425]
 -4 [ 6 454:454]

y[14356] = 1.000000000000003
Vehicle: 408  Cost: 123.19
Route: 4 75 18 118 26 81 11 110 15 -4 
  4 [10 177:192]
 75 [ 8 229:234]
 18 [ 5 243:248]
118 [ 6 259:264]
 26 [ 3 279:284]
 81 [ 7 300:305]
 11 [ 6 305:310]
110 [ 7 326:331]
 15 [ 6 336:341]
 -4 [ 6 366:366]

y[15643] = 1.0
Vehicle: 501  Cost: 57.49
Route: 5 29 91 62 22 86 77 -5 
  5 [ 8  28:169]
 29 [ 6 180:185]
 91 [10 185:190]
 62 [ 9 198:203]
 22 [ 5 300:305]
 86 [ 7 305:310]
 77 [ 6 326:331]
 -5 [ 6 348:348]

y[16524] = 1.0
Vehicle: 414  Cost: 100.35
Route: 4 61 69 112 8 40 101 -4 
  4 [10 116:131]
 61 [ 6 164:169]
 69 [ 2 181:186]
112 [ 6 198:203]
  8 [ 5 223:228]
 40 [ 4 249:254]
101 [ 8 254:259]
 -4 [ 8 261:261]

y[17212] = 1.0
Vehicle: 504  Cost: 178.71
Route: 5 56 46 58 111 6 79 90 96 108 -5 
  5 [10  28: 43]
 56 [ 7 111:116]
 46 [ 5 135:140]
 58 [ 2 145:150]
111 [ 6 150:155]
  6 [ 4 180:185]
 79 [ 5 202:207]
 90 [ 6 213:218]
 96 [ 7 242:247]
108 [10 300:305]
 -5 [10 325:325]

y[17411] = 1.0
Vehicle: 406  Cost: 170.94
Route: 4 13 89 28 57 23 38 44 122 83 80 17 -4 
  4 [10  60: 75]
 13 [ 9 111:116]
 89 [10 300:305]
 28 [ 8 305:310]
 57 [ 5 315:320]
 23 [ 4 325:330]
 38 [ 3 336:341]
 44 [ 2 347:352]
122 [ 4 368:373]
 83 [ 8 387:392]
 80 [ 9 420:425]
 17 [ 8 440:445]
 -4 [ 8 480:480]

y[19339] = 1.0
Vehicle: 502  Cost: 21.07
Route: 5 45 14 -5 
  5 [ 5 565:580]
 45 [ 3 590:595]
 14 [ 0 598:603]
 -5 [ 0 611:611]

y[19455] = 1.0
Vehicle: 411  Cost: 80.08
Route: 4 32 92 19 16 82 34 93 105 31 -4 
  4 [10 116:131]
 32 [ 6 145:150]
 92 [ 7 150:155]
 19 [ 5 164:169]
 16 [ 4 180:185]
 82 [ 5 185:190]
 34 [ 3 197:202]
 93 [ 7 202:207]
105 [ 9 209:214]
 31 [ 8 230:235]
 -4 [ 8 256:256]

y[19468] = 1.0
Vehicle: 503  Cost: 90.75
Route: 5 54 72 116 100 119 -5 
  5 [ 7  85:100]
 54 [ 3 126:131]
 72 [ 0 180:185]
116 [ 4 198:203]
100 [ 8 209:214]
119 [10 300:305]
 -5 [10 334:334]

FE: 3
SE: 21
!MIP-----
2138.3060000339483,5404.609146118164,0.02669918732161987,3,21,37553,19499

Run: 4
Total Cost: 2182.18
Vehicle: 12  Cost: 80.92
Route: 1 2 -2 -1 
 1 [ 29   0:  0 [50, 35, 30, 33, 70, 72, 71, 54, 66, 60]]
 2 [  0  40: 40 []]
-2 [ 28  40:363 [99, 95, 100, 119, 121, 125, 123, 116]]
-1 [ 28 404:404 [99, 95, 100, 119, 121, 125, 123, 116]]

Vehicle: 13  Cost: 86.53
Route: 1 3 -3 -1 
 1 [ 75   0:  0 [62, 12, 77, 56, 6, 29, 69, 7, 28, 58, 21, 57, 27, 67, 25, 24, 46, 76, 43, 44, 22, 37, 41, 48, 51, 49, 36, 38, 55, 64, 59]]
 3 [  0  43: 43 []]
-3 [ 28  43:336 [111, 113, 96, 90, 88, 79, 109, 108, 106, 91, 104, 112]]
-1 [ 28 379:379 [111, 113, 96, 90, 88, 79, 109, 108, 106, 91, 104, 112]]

Vehicle: 14  Cost: 124.42
Route: 1 5 4 -4 -1 
 1 [ 73   0:  0 [8, 18, 73, 78, 16, 52, 20, 47, 17, 74, 61, 31, 39, 53, 13, 15, 10, 14, 9, 45, 65, 11, 75, 34, 40, 19, 26, 63, 32, 42, 68]]
 5 [ 68  28: 43 [8, 18, 73, 78, 16, 52, 20, 47, 17, 74, 61, 31, 39, 53, 13, 15, 10, 9, 65, 11, 75, 34, 40, 19, 26, 63, 32, 42, 68]]
 4 [  0  79: 79 []]
-4 [ 40  79:360 [105, 85, 107, 81, 87, 98, 82, 126, 93, 117, 124, 115, 92, 103, 101, 118, 110]]
-1 [ 40 420:420 [105, 85, 107, 81, 87, 98, 82, 126, 93, 117, 124, 115, 92, 103, 101, 118, 110]]

Vehicle: 26  Cost: 86.53
Route: 1 3 -3 -1 
 1 [  1   0:  0 [23]]
 3 [  0  43: 43 []]
-3 [ 25  43:591 [94, 89, 83, 127, 97, 86, 80, 122, 102, 114, 84, 120]]
-1 [ 25 635:635 [94, 89, 83, 127, 97, 86, 80, 122, 102, 114, 84, 120]]

Vehicle: 201  Cost: 87.01
Route: 2 54 72 116 125 35 95 -2 
  2 [10  40: 55]
 54 [ 6  90: 95]
 72 [ 3 180:185]
116 [ 7 198:203]
125 [10 211:216]
 35 [ 7 300:305]
 95 [10 305:310]
 -2 [10 324:324]

Vehicle: 203  Cost: 48.33
Route: 2 123 60 66 33 -2 
  2 [ 5  40: 55]
123 [ 9  66: 71]
 60 [ 7  90: 95]
 66 [ 5 101:106]
 33 [ 4 300:305]
 -2 [ 4 314:314]

Vehicle: 204  Cost: 73.48
Route: 2 71 121 30 99 -2 
  2 [ 6  40: 55]
 71 [ 4  74: 79]
121 [ 8 104:109]
 30 [ 4 300:305]
 99 [ 8 316:321]
 -2 [ 8 334:334]

Vehicle: 205  Cost: 63.04
Route: 2 50 100 119 70 -2 
  2 [ 8  40:166]
 50 [ 4 180:185]
100 [ 8 191:196]
119 [10 300:305]
 70 [ 6 319:324]
 -2 [ 6 348:348]

Vehicle: 301  Cost: 186.56
Route: 3 49 23 38 48 80 83 51 94 36 127 -3 
  3 [10  43:271]
 49 [ 9 300:305]
 23 [ 8 329:334]
 38 [ 7 340:345]
 48 [ 3 420:425]
 80 [ 4 464:469]
 83 [ 8 478:483]
 51 [ 6 492:497]
 94 [ 7 508:513]
 36 [ 6 524:529]
127 [ 9 557:562]
 -3 [ 9 576:576]

Vehicle: 302  Cost: 107.61
Route: 3 24 113 55 109 67 106 62 29 91 77 -3 
  3 [10  43: 58]
 24 [ 8  77: 82]
113 [10 104:109]
 55 [ 7 120:125]
109 [ 8 125:130]
 67 [ 7 142:147]
106 [ 9 155:160]
 62 [ 8 169:174]
 29 [ 6 182:187]
 91 [10 187:192]
 77 [ 9 300:305]
 -3 [ 9 313:313]

Vehicle: 303  Cost: 83.69
Route: 3 22 86 59 114 41 102 -3 
  3 [ 9  43:277]
 22 [ 5 300:305]
 86 [ 7 305:310]
 59 [ 6 330:335]
114 [ 7 335:340]
 41 [ 3 420:425]
102 [ 6 444:449]
 -3 [ 6 462:462]

Vehicle: 304  Cost: 119.69
Route: 3 6 7 84 21 76 -3 
  3 [10  43:132]
  6 [ 8 180:185]
  7 [ 4 300:305]
 84 [ 7 309:314]
 21 [ 6 321:326]
 76 [ 3 334:339]
 -3 [ 3 385:385]

Vehicle: 305  Cost: 34.68
Route: 3 43 37 97 64 120 -3 
  3 [ 9  43: 58]
 43 [ 5  64: 69]
 37 [ 1 300:305]
 97 [ 3 305:310]
 64 [ 2 420:425]
120 [ 4 425:430]
 -3 [ 4 439:439]

Vehicle: 307  Cost: 133.97
Route: 3 25 88 58 111 46 90 104 -3 
  3 [ 9  43: 58]
 25 [ 5  84: 89]
 88 [ 6  89: 94]
 58 [ 3 131:136]
111 [ 7 136:141]
 46 [ 5 146:151]
 90 [ 6 183:188]
104 [10 209:214]
 -3 [10 227:227]

Vehicle: 308  Cost: 150.79
Route: 3 69 122 44 57 28 89 -3 
  3 [10  43: 58]
 69 [ 6 106:111]
122 [ 8 300:305]
 44 [ 7 321:326]
 57 [ 4 340:345]
 28 [ 2 351:356]
 89 [ 3 356:361]
 -3 [ 3 411:411]

Vehicle: 311  Cost: 143.38
Route: 3 79 56 27 12 112 96 108 -3 
  3 [ 9  43: 58]
 79 [10  98:103]
 56 [ 7 123:128]
 27 [ 3 134:139]
 12 [ 1 145:150]
112 [ 5 162:167]
 96 [ 6 207:212]
108 [ 9 300:305]
 -3 [ 9 321:321]

Vehicle: 401  Cost: 66.26
Route: 4 65 68 124 39 98 110 15 -4 
  4 [10  79: 94]
 65 [ 7 104:109]
 68 [ 4 129:134]
124 [ 6 134:139]
 39 [ 3 142:147]
 98 [ 6 147:152]
110 [ 7 300:305]
 15 [ 6 309:314]
 -4 [ 6 339:339]

Vehicle: 402  Cost: 38.43
Route: 4 74 63 117 103 47 87 -4 
  4 [10  79: 94]
 74 [ 7 113:118]
 63 [ 3 120:125]
117 [ 5 125:130]
103 [ 9 300:305]
 47 [ 6 305:310]
 87 [ 7 316:321]
 -4 [ 7 325:325]

Vehicle: 403  Cost: 71.07
Route: 4 31 82 16 9 52 107 -4 
  4 [10  79:160]
 31 [ 9 180:185]
 82 [10 200:205]
 16 [ 9 205:210]
  9 [ 5 300:305]
 52 [ 1 309:314]
107 [ 4 314:319]
 -4 [ 4 345:345]

Vehicle: 404  Cost: 102.40
Route: 4 32 75 17 11 42 -4 
  4 [ 9  79: 94]
 32 [ 5 109:114]
 75 [ 3 138:143]
 17 [ 2 420:425]
 11 [ 1 441:446]
 42 [ 0 472:477]
 -4 [ 0 488:488]

Vehicle: 405  Cost: 80.61
Route: 4 19 61 13 34 93 105 20 85 -4 
  4 [10  79: 94]
 19 [ 8 114:119]
 61 [ 4 134:139]
 13 [ 3 148:153]
 34 [ 1 156:161]
 93 [ 5 161:166]
105 [ 7 168:173]
 20 [ 6 300:305]
 85 [ 9 305:310]
 -4 [ 9 341:341]

Vehicle: 406  Cost: 122.02
Route: 4 115 73 126 18 118 26 81 -4 
  4 [ 9  79: 94]
115 [10 120:125]
 73 [ 7 140:145]
126 [10 145:150]
 18 [ 7 163:168]
118 [ 8 180:185]
 26 [ 5 200:205]
 81 [ 9 300:305]
 -4 [ 9 342:342]

Vehicle: 407  Cost: 65.68
Route: 4 92 8 78 10 53 -4 
  4 [ 9  79: 94]
 92 [10 109:114]
  8 [ 9 122:127]
 78 [ 6 135:140]
 10 [ 4 300:305]
 53 [ 1 318:323]
 -4 [ 1 342:342]

Vehicle: 408  Cost: 4.00
Route: 4 101 40 -4 
  4 [ 1  79: 94]
101 [ 5  96:101]
 40 [ 4 101:106]
 -4 [ 4 108:108]

Vehicle: 501  Cost: 21.07
Route: 5 45 14 -5 
  5 [ 5  28:290]
 45 [ 3 300:305]
 14 [ 0 308:313]
 -5 [ 0 321:321]

Total Cost: 2182.18
 12:80.92, 29:75 [1, 2, -2, -1]
 13:86.53, 75:75 [1, 3, -3, -1]
 14:124.42, 73:75 [1, 5, 4, -4, -1]
 26:86.53, 25:75 [1, 3, -3, -1]
201:87.01, 10:10 [2, 54, 72, 116, 125, 35, 95, -2]
203:48.33, 9:10 [2, 123, 60, 66, 33, -2]
204:73.48, 8:10 [2, 71, 121, 30, 99, -2]
205:63.04, 10:10 [2, 50, 100, 119, 70, -2]
301:186.56, 10:10 [3, 49, 23, 38, 48, 80, 83, 51, 94, 36, 127, -3]
302:107.61, 10:10 [3, 24, 113, 55, 109, 67, 106, 62, 29, 91, 77, -3]
303:83.69, 9:10 [3, 22, 86, 59, 114, 41, 102, -3]
304:119.69, 10:10 [3, 6, 7, 84, 21, 76, -3]
305:34.68, 9:10 [3, 43, 37, 97, 64, 120, -3]
307:133.97, 10:10 [3, 25, 88, 58, 111, 46, 90, 104, -3]
308:150.79, 10:10 [3, 69, 122, 44, 57, 28, 89, -3]
311:143.38, 10:10 [3, 79, 56, 27, 12, 112, 96, 108, -3]
401:66.26, 10:10 [4, 65, 68, 124, 39, 98, 110, 15, -4]
402:38.43, 10:10 [4, 74, 63, 117, 103, 47, 87, -4]
403:71.07, 10:10 [4, 31, 82, 16, 9, 52, 107, -4]
404:102.40, 9:10 [4, 32, 75, 17, 11, 42, -4]
405:80.61, 10:10 [4, 19, 61, 13, 34, 93, 105, 20, 85, -4]
406:122.02, 10:10 [4, 115, 73, 126, 18, 118, 26, 81, -4]
407:65.68, 10:10 [4, 92, 8, 78, 10, 53, -4]
408:4.00, 5:10 [4, 101, 40, -4]
501:21.07, 5:10 [5, 45, 14, -5]
fe: 4, se: 21

!ALNS------------
100000,2182.180658222363,799.267,374.701,4,21,0.6733333333333333,0.9238095238095239,30.5,5.809523809523809
19 22 9 9 0 0 9 1 
9.757002395666115 26.250443057558506 11.079919048990654 14.84750121652781 67.32561764735658 85.56620125005315 18.25555714907328 26.48640293172255 
8 16 4 4 10 6 13 8 
16.36798265817117 16.777828581484858 20.18060549294498 17.997436006920495 14.811864866375299 16.704545810187664 14.373123771033796 18.611038687628508 

x[2032] = 1.0
Vehicle: 12  Cost: 80.92
Route: 1 2 -2 -1 
 1 [ 29   0:  0 [70, 33, 66, 30, 50, 60, 35, 72, 54, 71]]
 2 [  0  40: 40 []]
-2 [ 33  40:363 [100, 87, 123, 95, 103, 99, 121, 116, 119, 125]]
-1 [ 33 404:404 [100, 87, 123, 95, 103, 99, 121, 116, 119, 125]]

x[3892] = 1.0
Vehicle: 14  Cost: 124.42
Route: 1 5 4 -4 -1 
 1 [ 72   0:  0 [16, 20, 47, 15, 17, 52, 40, 34, 9, 53, 42, 78, 39, 75, 26, 11, 18, 45, 74, 31, 63, 8, 73, 19, 10, 32, 14, 65, 68, 61]]
 5 [ 67  28: 43 [16, 20, 47, 15, 17, 52, 40, 34, 9, 53, 42, 78, 39, 75, 26, 11, 18, 74, 31, 63, 8, 73, 19, 10, 32, 65, 68, 61]]
 4 [  0  79: 79 []]
-4 [ 40  79:360 [118, 103, 98, 107, 82, 110, 101, 117, 92, 105, 93, 85, 115, 124, 81, 126, 87]]
-1 [ 40 420:420 [118, 103, 98, 107, 82, 110, 101, 117, 92, 105, 93, 85, 115, 124, 81, 126, 87]]

x[14919] = 1.0
Vehicle: 26  Cost: 86.53
Route: 1 3 -3 -1 
 1 [ 10   0:  0 [57, 24, 67, 48]]
 3 [  0  43: 43 []]
-3 [ 32  43:540 [114, 83, 89, 108, 107, 120, 97, 102, 90, 86, 127, 80, 84, 94, 122]]
-1 [ 32 583:583 [114, 83, 89, 108, 107, 120, 97, 102, 90, 86, 127, 80, 84, 94, 122]]

x[18281] = 1.0
Vehicle: 13  Cost: 86.53
Route: 1 3 -3 -1 
 1 [ 73   0:  0 [27, 37, 29, 43, 22, 41, 67, 76, 59, 56, 13, 6, 25, 21, 24, 77, 55, 12, 7, 64, 28, 57, 69, 58, 46, 62, 23, 49, 36, 38, 44, 51]]
 3 [  0  43: 43 []]
-3 [ 29  43:341 [90, 111, 109, 97, 105, 91, 113, 104, 88, 106, 79, 112, 96]]
-1 [ 29 385:385 [90, 111, 109, 97, 105, 91, 113, 104, 88, 106, 79, 112, 96]]

y[809] = 1.0
Vehicle: 407  Cost: 65.68
Route: 4 92 8 78 10 53 -4 
  4 [ 9 116:131]
 92 [10 146:151]
  8 [ 9 159:164]
 78 [ 6 172:177]
 10 [ 4 300:305]
 53 [ 1 318:323]
 -4 [ 1 342:342]

y[873] = 1.0
Vehicle: 201  Cost: 63.04
Route: 2 50 100 119 70 -2 
  2 [ 8 129:166]
 50 [ 4 180:185]
100 [ 8 191:196]
119 [10 300:305]
 70 [ 6 319:324]
 -2 [ 6 348:348]

y[2299] = 1.0
Vehicle: 405  Cost: 79.13
Route: 4 19 16 82 61 34 93 20 85 -4 
  4 [10 116:131]
 19 [ 8 150:155]
 16 [ 7 166:171]
 82 [ 8 171:176]
 61 [ 4 185:190]
 34 [ 2 197:202]
 93 [ 6 202:207]
 20 [ 5 300:305]
 85 [ 8 305:310]
 -4 [ 8 341:341]

y[2478] = 1.0
Vehicle: 401  Cost: 66.26
Route: 4 65 124 68 39 98 110 15 -4 
  4 [10  81: 96]
 65 [ 7 105:110]
124 [ 9 131:136]
 68 [ 6 136:141]
 39 [ 3 144:149]
 98 [ 6 149:154]
110 [ 7 300:305]
 15 [ 6 309:314]
 -4 [ 6 339:339]

y[3150] = 1.0
Vehicle: 301  Cost: 188.86
Route: 3 49 23 57 38 44 122 80 83 51 94 36 -3 
  3 [10  43:271]
 49 [ 9 300:305]
 23 [ 8 329:334]
 57 [ 5 339:344]
 38 [ 4 352:357]
 44 [ 3 363:368]
122 [ 5 384:389]
 80 [ 6 420:425]
 83 [10 434:439]
 51 [ 8 448:453]
 94 [ 9 464:469]
 36 [ 8 480:485]
 -3 [ 8 524:524]

y[4325] = 1.0
Vehicle: 501  Cost: 21.07
Route: 5 14 45 -5 
  5 [ 5 550:565]
 14 [ 2 573:578]
 45 [ 0 581:586]
 -5 [ 0 596:596]

y[4718] = 1.0
Vehicle: 404  Cost: 102.40
Route: 4 32 75 17 11 42 -4 
  4 [ 9 116:131]
 32 [ 5 146:151]
 75 [ 3 175:180]
 17 [ 2 420:425]
 11 [ 1 441:446]
 42 [ 0 472:477]
 -4 [ 0 488:488]

y[4732] = 1.0
Vehicle: 308  Cost: 132.40
Route: 3 25 90 28 89 48 -3 
  3 [10  43: 58]
 25 [ 6  84: 89]
 90 [ 7 101:106]
 28 [ 5 300:305]
 89 [ 6 305:310]
 48 [ 2 420:425]
 -3 [ 2 487:487]

y[6181] = 1.0
Vehicle: 204  Cost: 73.48
Route: 2 71 121 30 99 -2 
  2 [ 6 149:164]
 71 [ 4 182:187]
121 [ 8 212:217]
 30 [ 4 300:305]
 99 [ 8 316:321]
 -2 [ 8 334:334]

y[6540] = 1.0
Vehicle: 205  Cost: 48.33
Route: 2 123 60 66 33 -2 
  2 [ 5 129:144]
123 [ 9 155:160]
 60 [ 7 179:184]
 66 [ 5 190:195]
 33 [ 4 300:305]
 -2 [ 4 314:314]

y[7780] = 1.0
Vehicle: 303  Cost: 83.69
Route: 3 22 86 59 114 41 102 -3 
  3 [ 9 146:277]
 22 [ 5 300:305]
 86 [ 7 305:310]
 59 [ 6 330:335]
114 [ 7 335:340]
 41 [ 3 420:425]
102 [ 6 444:449]
 -3 [ 6 462:462]

y[8807] = 1.0
Vehicle: 402  Cost: 38.43
Route: 4 74 63 117 47 103 87 -4 
  4 [10 133:148]
 74 [ 7 166:171]
 63 [ 3 173:178]
117 [ 5 178:183]
 47 [ 2 300:305]
103 [ 6 305:310]
 87 [ 7 316:321]
 -4 [ 7 325:325]

y[10429] = 1.0
Vehicle: 203  Cost: 87.01
Route: 2 54 72 116 125 35 95 -2 
  2 [10 129:144]
 54 [ 6 179:184]
 72 [ 3 196:201]
116 [ 7 214:219]
125 [10 227:232]
 35 [ 7 300:305]
 95 [10 305:310]
 -2 [10 324:324]

y[11984] = 1.0
Vehicle: 409  Cost: 4.00
Route: 4 40 101 -4 
  4 [ 1 111:126]
 40 [ 0 128:133]
101 [ 4 133:138]
 -4 [ 4 140:140]

y[13181] = 1.0
Vehicle: 403  Cost: 63.56
Route: 4 31 9 52 107 -4 
  4 [ 9 150:165]
 31 [ 8 185:190]
  9 [ 4 300:305]
 52 [ 0 309:314]
107 [ 3 314:319]
 -4 [ 3 345:345]

y[14358] = 1.0
Vehicle: 305  Cost: 34.68
Route: 3 43 97 37 120 64 -3 
  3 [ 9 146:161]
 43 [ 5 167:172]
 97 [ 7 300:305]
 37 [ 3 305:310]
120 [ 5 420:425]
 64 [ 4 425:430]
 -3 [ 4 439:439]

y[14373] = 1.0
Vehicle: 307  Cost: 145.18
Route: 3 13 69 46 58 111 88 104 -3 
  3 [10  43: 58]
 13 [ 9  91: 96]
 69 [ 5 113:118]
 46 [ 3 145:150]
 58 [ 0 155:160]
111 [ 4 160:165]
 88 [ 5 202:207]
104 [ 9 220:225]
 -3 [ 9 238:238]

y[14532] = 1.0
Vehicle: 304  Cost: 137.85
Route: 3 6 7 84 21 76 108 127 -3 
  3 [10  43:132]
  6 [ 8 180:185]
  7 [ 4 300:305]
 84 [ 7 309:314]
 21 [ 6 321:326]
 76 [ 3 334:339]
108 [ 6 385:390]
127 [ 9 393:398]
 -3 [ 9 413:413]

y[15084] = 1.0
Vehicle: 311  Cost: 141.22
Route: 3 79 56 27 12 112 105 96 -3 
  3 [ 9  67: 82]
 79 [10 122:127]
 56 [ 7 147:152]
 27 [ 3 158:163]
 12 [ 1 169:174]
112 [ 5 186:191]
105 [ 7 214:219]
 96 [ 8 236:241]
 -3 [ 8 259:259]

y[15426] = 1.0
Vehicle: 406  Cost: 122.02
Route: 4 115 73 126 18 118 26 81 -4 
  4 [ 9 111:126]
115 [10 151:156]
 73 [ 7 172:177]
126 [10 177:182]
 18 [ 7 194:199]
118 [ 8 210:215]
 26 [ 5 230:235]
 81 [ 9 300:305]
 -4 [ 9 342:342]

y[16246] = 1.0
Vehicle: 302  Cost: 107.61
Route: 3 24 113 55 109 67 106 62 29 91 77 -3 
  3 [10 146:161]
 24 [ 8 180:185]
113 [10 207:212]
 55 [ 7 223:228]
109 [ 8 228:233]
 67 [ 7 245:250]
106 [ 9 258:263]
 62 [ 8 272:277]
 29 [ 6 285:290]
 91 [10 290:295]
 77 [ 9 305:310]
 -3 [ 9 319:319]

FE: 4
SE: 21
!MIP-----
2184.2899904714154,5402.134295225143,0.04194490473090487,4,21,19463,18326

Run: 5
Total Cost: 2241.65
Vehicle: 11  Cost: 56.04
Route: 1 5 -5 -1 
 1 [ 59   0:  0 [77, 62, 12, 45, 35, 14, 59, 72, 56, 29, 70, 27, 55, 22, 67, 69, 41, 54, 13, 50, 46, 58]]
 5 [  0  28: 28 []]
-5 [ 53  28:359 [109, 104, 88, 116, 91, 86, 95, 112, 100, 79, 90, 119, 127, 113, 106, 123, 102, 96, 125, 111]]
-1 [ 53 387:387 [109, 104, 88, 116, 91, 86, 95, 112, 100, 79, 90, 119, 127, 113, 106, 123, 102, 96, 125, 111]]

Vehicle: 14  Cost: 125.94
Route: 1 2 4 -4 -1 
 1 [ 75   0:  0 [30, 63, 8, 73, 34, 21, 10, 71, 76, 19, 48, 16, 33, 39, 15, 7, 6, 47, 52, 60, 9, 44, 38, 57, 28, 20, 17, 78, 49, 23, 36, 75, 32, 40]]
 2 [ 69  40: 55 [63, 8, 73, 34, 21, 10, 76, 19, 48, 16, 33, 39, 15, 7, 6, 47, 52, 60, 9, 44, 38, 57, 28, 20, 17, 78, 49, 23, 36, 75, 32, 40]]
 4 [  0  81: 81 []]
-4 [ 33  81:360 [107, 124, 118, 93, 105, 98, 126, 101, 117, 115, 87, 82, 110, 103, 92]]
-1 [ 33 420:420 [107, 124, 118, 93, 105, 98, 126, 101, 117, 115, 87, 82, 110, 103, 92]]

Vehicle: 15  Cost: 173.93
Route: 1 3 4 -4 -2 -5 -1 
 1 [ 44   0:  0 [61, 26, 64, 74, 43, 66, 25, 18, 65, 37, 53, 51, 42, 11, 31, 68, 24]]
 3 [ 29  43: 58 [61, 26, 74, 66, 18, 65, 53, 51, 42, 11, 31, 68]]
 4 [  0 108:108 []]
-4 [ 26 108:528 [108, 85, 81, 94, 89, 97, 83, 84, 80, 122, 120]]
-2 [ 34 553:568 [121, 108, 85, 81, 94, 99, 89, 97, 83, 84, 80, 122, 120]]
-5 [ 35 595:610 [114, 121, 108, 85, 81, 94, 99, 89, 97, 83, 84, 80, 122, 120]]
-1 [ 35 638:638 [121, 114, 108, 85, 81, 94, 99, 89, 97, 83, 84, 80, 122, 120]]

Vehicle: 201  Cost: 73.48
Route: 2 71 121 30 99 -2 
  2 [ 6  40: 55]
 71 [ 4  74: 79]
121 [ 8 104:109]
 30 [ 4 300:305]
 99 [ 8 316:321]
 -2 [ 8 334:334]

Vehicle: 301  Cost: 55.70
Route: 3 25 37 64 -3 
  3 [ 9  43: 58]
 25 [ 5  84: 89]
 37 [ 1 300:305]
 64 [ 0 420:425]
 -3 [ 0 434:434]

Vehicle: 302  Cost: 39.80
Route: 3 24 43 -3 
  3 [ 6  43: 58]
 24 [ 4  77: 82]
 43 [ 0  97:102]
 -3 [ 0 108:108]

Vehicle: 401  Cost: 111.22
Route: 4 115 26 118 18 126 73 101 -4 
  4 [ 9 108:123]
115 [10 149:154]
 26 [ 7 170:175]
118 [ 8 190:195]
 18 [ 5 207:212]
126 [ 8 224:229]
 73 [ 5 229:234]
101 [ 9 263:268]
 -4 [ 9 270:270]

Vehicle: 402  Cost: 53.63
Route: 4 68 124 39 98 110 15 -4 
  4 [ 7 108:123]
 68 [ 4 141:146]
124 [ 6 146:151]
 39 [ 3 154:159]
 98 [ 6 159:164]
110 [ 7 300:305]
 15 [ 6 309:314]
 -4 [ 6 339:339]

Vehicle: 403  Cost: 37.68
Route: 4 74 117 63 47 103 -4 
  4 [10 108:123]
 74 [ 7 142:147]
117 [ 9 149:154]
 63 [ 5 154:159]
 47 [ 2 300:305]
103 [ 6 305:310]
 -4 [ 6 319:319]

Vehicle: 404  Cost: 142.17
Route: 4 38 23 57 28 89 49 20 85 36 -4 
  4 [10  81:243]
 38 [ 9 300:305]
 23 [ 8 311:316]
 57 [ 5 320:325]
 28 [ 3 331:336]
 89 [ 4 336:341]
 49 [ 3 362:367]
 20 [ 2 382:387]
 85 [ 5 387:392]
 36 [ 4 420:425]
 -4 [ 4 454:454]

Vehicle: 405  Cost: 41.89
Route: 4 60 65 66 33 87 -4 
  4 [ 8 108:123]
 60 [ 6 132:137]
 65 [ 3 144:149]
 66 [ 1 156:161]
 33 [ 0 300:305]
 87 [ 1 318:323]
 -4 [ 1 327:327]

Vehicle: 406  Cost: 130.53
Route: 4 40 78 75 83 80 17 11 81 42 -4 
  4 [ 9 108:123]
 40 [ 8 125:130]
 78 [ 5 159:164]
 75 [ 3 179:184]
 83 [ 7 300:305]
 80 [ 8 420:425]
 17 [ 7 440:445]
 11 [ 6 461:466]
 81 [10 466:471]
 42 [ 9 497:502]
 -4 [ 9 513:513]

Vehicle: 407  Cost: 62.11
Route: 4 82 16 9 52 107 -4 
  4 [ 9 108:123]
 82 [10 149:154]
 16 [ 9 154:159]
  9 [ 5 300:305]
 52 [ 1 309:314]
107 [ 4 314:319]
 -4 [ 4 345:345]

Vehicle: 408  Cost: 182.67
Route: 4 6 7 84 21 76 97 120 108 -4 
  4 [10 108:123]
  6 [ 8 190:195]
  7 [ 4 300:305]
 84 [ 7 309:314]
 21 [ 6 321:326]
 76 [ 3 334:339]
 97 [ 5 369:374]
120 [ 7 420:425]
108 [10 441:446]
 -4 [10 481:481]

Vehicle: 409  Cost: 39.89
Route: 4 32 92 53 -4 
  4 [ 7 108:123]
 32 [ 3 138:143]
 92 [ 4 143:148]
 53 [ 1 300:305]
 -4 [ 1 325:325]

Vehicle: 410  Cost: 80.82
Route: 4 19 61 34 93 105 31 -4 
  4 [ 9 108:123]
 19 [ 7 143:148]
 61 [ 3 164:169]
 34 [ 1 176:181]
 93 [ 5 181:186]
105 [ 7 188:193]
 31 [ 6 209:214]
 -4 [ 6 234:234]

Vehicle: 412  Cost: 119.75
Route: 4 8 10 51 122 48 44 94 -4 
  4 [10 108:123]
  8 [ 9 146:151]
 10 [ 7 300:305]
 51 [ 5 309:314]
122 [ 7 320:325]
 48 [ 3 420:425]
 44 [ 2 430:435]
 94 [ 3 457:462]
 -4 [ 3 493:493]

Vehicle: 501  Cost: 100.51
Route: 5 62 67 55 109 113 106 22 86 102 -5 
  5 [ 9  28: 43]
 62 [ 8  62: 67]
 67 [ 7  80: 85]
 55 [ 4  97:102]
109 [ 5 102:107]
113 [ 7 118:123]
106 [ 9 131:136]
 22 [ 5 300:305]
 86 [ 7 305:310]
102 [10 320:325]
 -5 [10 344:344]

Vehicle: 502  Cost: 54.46
Route: 5 70 59 114 41 -5 
  5 [ 9  28:283]
 70 [ 5 300:305]
 59 [ 4 318:323]
114 [ 5 323:328]
 41 [ 1 420:425]
 -5 [ 1 439:439]

Vehicle: 503  Cost: 41.22
Route: 5 29 91 14 45 -5 
  5 [ 7  28:169]
 29 [ 5 180:185]
 91 [ 9 185:190]
 14 [ 6 300:305]
 45 [ 4 308:313]
 -5 [ 4 323:323]

Vehicle: 504  Cost: 75.40
Route: 5 123 50 100 119 -5 
  5 [ 4  28: 43]
123 [ 8  60: 65]
 50 [ 4 180:185]
100 [ 8 191:196]
119 [10 300:305]
 -5 [10 334:334]

Vehicle: 506  Cost: 95.44
Route: 5 54 72 116 125 35 95 -5 
  5 [10  28: 43]
 54 [ 6  69: 74]
 72 [ 3 180:185]
116 [ 7 198:203]
125 [10 211:216]
 35 [ 7 300:305]
 95 [10 305:310]
 -5 [10 341:341]

Vehicle: 508  Cost: 170.76
Route: 5 13 56 27 12 112 79 90 96 127 -5 
  5 [10  28: 43]
 13 [ 9  83: 88]
 56 [ 6 116:121]
 27 [ 2 127:132]
 12 [ 0 138:143]
112 [ 4 155:160]
 79 [ 5 184:189]
 90 [ 6 195:200]
 96 [ 7 225:230]
127 [10 300:305]
 -5 [10 322:322]

Vehicle: 510  Cost: 176.59
Route: 5 69 46 58 111 88 104 77 -5 
  5 [10  28: 43]
 69 [ 6 100:105]
 46 [ 4 132:137]
 58 [ 1 142:147]
111 [ 5 147:152]
 88 [ 6 189:194]
104 [10 207:212]
 77 [ 9 300:305]
 -5 [ 9 322:322]

Total Cost: 2241.65
 11:56.04, 59:75 [1, 5, -5, -1]
 14:125.94, 75:75 [1, 2, 4, -4, -1]
 15:173.93, 44:75 [1, 3, 4, -4, -2, -5, -1]
201:73.48, 8:10 [2, 71, 121, 30, 99, -2]
301:55.70, 9:10 [3, 25, 37, 64, -3]
302:39.80, 6:10 [3, 24, 43, -3]
401:111.22, 10:10 [4, 115, 26, 118, 18, 126, 73, 101, -4]
402:53.63, 7:10 [4, 68, 124, 39, 98, 110, 15, -4]
403:37.68, 10:10 [4, 74, 117, 63, 47, 103, -4]
404:142.17, 10:10 [4, 38, 23, 57, 28, 89, 49, 20, 85, 36, -4]
405:41.89, 8:10 [4, 60, 65, 66, 33, 87, -4]
406:130.53, 10:10 [4, 40, 78, 75, 83, 80, 17, 11, 81, 42, -4]
407:62.11, 10:10 [4, 82, 16, 9, 52, 107, -4]
408:182.67, 10:10 [4, 6, 7, 84, 21, 76, 97, 120, 108, -4]
409:39.89, 7:10 [4, 32, 92, 53, -4]
410:80.82, 9:10 [4, 19, 61, 34, 93, 105, 31, -4]
412:119.75, 10:10 [4, 8, 10, 51, 122, 48, 44, 94, -4]
501:100.51, 10:10 [5, 62, 67, 55, 109, 113, 106, 22, 86, 102, -5]
502:54.46, 9:10 [5, 70, 59, 114, 41, -5]
503:41.22, 9:10 [5, 29, 91, 14, 45, -5]
504:75.40, 10:10 [5, 123, 50, 100, 119, -5]
506:95.44, 10:10 [5, 54, 72, 116, 125, 35, 95, -5]
508:170.76, 10:10 [5, 13, 56, 27, 12, 112, 79, 90, 96, 127, -5]
510:176.59, 10:10 [5, 69, 46, 58, 111, 88, 104, 77, -5]
fe: 3, se: 21

!ALNS------------
100000,2241.653613931508,892.627,818.471,3,21,0.7911111111111111,0.9142857142857143,40.666666666666664,5.809523809523809
19 16 12 8 0 2 7 1 
13.675146593189053 28.171659935110615 15.04831802671933 19.41764069710702 52.62190886517129 58.327012238201206 17.889926305426027 15.660848720477889 
4 14 8 9 5 9 11 5 
17.784925710622897 21.218496042262885 21.338962491900087 17.37450819755587 20.46512134666075 18.11357376677734 18.15180664428647 16.779727653910417 

x[9835] = 1.0
Vehicle: 12  Cost: 80.92
Route: 1 2 -2 -1 
 1 [ 28   0:  0 [59, 72, 70, 71, 54, 35, 30, 50, 66, 33]]
 2 [  0  40: 40 []]
-2 [ 29  40:367 [114, 125, 121, 119, 99, 95, 116, 100, 123]]
-1 [ 29 408:408 [114, 125, 121, 119, 99, 95, 116, 100, 123]]

x[10303] = 1.0
Vehicle: 15  Cost: 128.51
Route: 1 5 4 -4 -5 -1 
 1 [ 46   0:  0 [31, 56, 32, 45, 20, 63, 21, 34, 16, 29, 12, 7, 75, 19, 61, 14, 41, 51, 10]]
 5 [ 35  28: 43 [31, 56, 32, 20, 63, 21, 34, 16, 12, 7, 75, 19, 61, 51, 10]]
 4 [  0  79: 79 []]
-4 [ 26  79:528 [120, 97, 84, 108, 122, 85, 80, 81, 94, 89, 83]]
-5 [ 33 564:579 [91, 120, 97, 84, 108, 122, 85, 127, 80, 81, 94, 89, 83]]
-1 [ 33 607:607 [91, 120, 97, 84, 108, 122, 85, 127, 80, 81, 94, 89, 83]]

x[14865] = 1.0
Vehicle: 15  Cost: 125.94
Route: 1 4 -4 -2 -1 
 1 [  7   0:  0 [52, 68]]
 4 [  0  60: 60 []]
-4 [ 28  60:526 [122, 103, 127, 94, 120, 81, 108, 85, 107, 89, 90, 110]]
-2 [ 34 551:567 [122, 103, 87, 83, 127, 94, 120, 81, 108, 85, 107, 80, 89, 90, 110]]
-1 [ 34 608:608 [122, 103, 87, 83, 127, 94, 120, 81, 108, 85, 107, 80, 89, 90, 110]]

x[22379] = 1.0
Vehicle: 19  Cost: 86.53
Route: 1 -3 -1 
 1 [  0   0:  0 []]
-3 [ 16  43:375 [89, 88, 127, 108, 105, 96, 90, 104]]
-1 [ 16 418:418 [89, 88, 127, 108, 105, 96, 90, 104]]

x[25664] = 1.0
Vehicle: 14  Cost: 120.33
Route: 1 4 -4 -1 
 1 [ 74   0:  0 [52, 39, 69, 23, 57, 53, 36, 17, 9, 26, 73, 47, 11, 78, 13, 38, 15, 40, 6, 42, 74, 49, 76, 27, 65, 60, 48, 44, 8, 68, 18, 28]]
 4 [  0  60: 60 []]
-4 [ 39  60:354 [98, 101, 117, 92, 96, 115, 107, 126, 93, 90, 118, 112, 124, 82, 110, 105, 103, 87]]
-1 [ 39 414:414 [98, 101, 117, 92, 96, 115, 107, 126, 93, 90, 118, 112, 124, 82, 110, 105, 103, 87]]

x[30273] = 1.0
Vehicle: 15  Cost: 153.59
Route: 1 4 -4 -3 -1 
 1 [ 10   0:  0 [28, 52, 57, 38]]
 4 [  0  60: 60 []]
-4 [ 21  60:566 [84, 83, 80, 85, 89, 118, 122, 81, 92, 87]]
-3 [ 28 616:631 [91, 84, 83, 80, 127, 85, 89, 118, 122, 81, 92, 87]]
-1 [ 28 674:674 [91, 84, 83, 80, 127, 85, 89, 118, 122, 81, 92, 87]]

x[32046] = 1.0
Vehicle: 11  Cost: 86.53
Route: 1 3 -3 -1 
 1 [ 30   0:  0 [55, 24, 64, 62, 58, 22, 43, 37, 46, 67, 77, 25]]
 3 [  0  43: 43 []]
-3 [ 20  43:360 [109, 113, 86, 111, 88, 79, 102, 106, 104]]
-1 [ 20 403:403 [109, 113, 86, 111, 88, 79, 102, 106, 104]]

y[342] = 1.0
Vehicle: 203  Cost: 37.06
Route: 2 50 125 35 95 -2 
  2 [ 7  70:166]
 50 [ 3 180:185]
125 [ 6 189:194]
 35 [ 3 300:305]
 95 [ 6 305:310]
 -2 [ 6 324:324]

y[1111] = 1.0
Vehicle: 502  Cost: 36.90
Route: 5 29 91 41 -5 
  5 [ 6  83:169]
 29 [ 4 180:185]
 91 [ 8 185:190]
 41 [ 4 420:425]
 -5 [ 4 439:439]

y[3008] = 1.0
Vehicle: 404  Cost: 142.94
Route: 4 44 38 23 57 28 89 49 36 -4 
  4 [10  60:248]
 44 [ 9 300:305]
 38 [ 8 311:316]
 23 [ 7 322:327]
 57 [ 4 331:336]
 28 [ 2 342:347]
 89 [ 3 347:352]
 49 [ 2 373:378]
 36 [ 1 420:425]
 -4 [ 1 454:454]

y[4260] = 1.0
Vehicle: 407  Cost: 116.32
Route: 4 8 78 10 51 122 83 80 17 -4 
  4 [ 9  81: 96]
  8 [ 8 119:124]
 78 [ 5 132:137]
 10 [ 3 300:305]
 51 [ 1 309:314]
122 [ 3 320:325]
 83 [ 7 339:344]
 80 [ 8 420:425]
 17 [ 7 440:445]
 -4 [ 7 480:480]

y[4523] = 1.0
Vehicle: 402  Cost: 80.90
Route: 4 68 124 39 98 115 73 126 42 -4 
  4 [10 142:157]
 68 [ 7 174:179]
124 [ 9 179:184]
 39 [ 6 187:192]
 98 [ 9 192:197]
115 [10 207:212]
 73 [ 7 228:233]
126 [10 233:238]
 42 [ 9 300:305]
 -4 [ 9 316:316]

y[4841] = 1.0
Vehicle: 306  Cost: 16.97
Route: 3 77 -3 
  3 [ 1  43:292]
 77 [ 0 300:305]
 -3 [ 0 313:313]

y[5275] = 1.0
Vehicle: 206  Cost: 79.18
Route: 2 54 59 114 70 -2 
  2 [ 9  40: 55]
 54 [ 5  90: 95]
 59 [ 4 300:305]
114 [ 5 305:310]
 70 [ 1 323:328]
 -2 [ 1 352:352]

y[5807] = 1.0
Vehicle: 301  Cost: 53.26
Route: 3 24 37 64 -3 
  3 [ 7  43: 58]
 24 [ 5  77: 82]
 37 [ 1 300:305]
 64 [ 0 420:425]
 -3 [ 0 434:434]

y[5836] = 1.0
Vehicle: 201  Cost: 73.48
Route: 2 71 121 30 99 -2 
  2 [ 6 149:164]
 71 [ 4 182:187]
121 [ 8 212:217]
 30 [ 4 300:305]
 99 [ 8 316:321]
 -2 [ 8 334:334]

y[6340] = 1.0
Vehicle: 409  Cost: 39.89
Route: 4 32 92 53 -4 
  4 [ 7 116:131]
 32 [ 3 146:151]
 92 [ 4 151:156]
 53 [ 1 300:305]
 -4 [ 1 325:325]

y[8027] = 1.0
Vehicle: 406  Cost: 122.87
Route: 4 16 82 56 27 12 112 94 -4 
  4 [10 108:123]
 16 [ 9 149:154]
 82 [10 154:159]
 56 [ 7 191:196]
 27 [ 3 203:208]
 12 [ 1 214:219]
112 [ 5 230:235]
 94 [ 6 300:305]
 -4 [ 6 336:336]

y[8193] = 1.0
Vehicle: 406  Cost: 123.19
Route: 4 75 18 118 26 11 81 110 15 -4 
  4 [10  81:123]
 75 [ 8 160:165]
 18 [ 5 174:179]
118 [ 6 190:195]
 26 [ 3 211:216]
 11 [ 2 300:305]
 81 [ 6 305:310]
110 [ 7 326:331]
 15 [ 6 336:341]
 -4 [ 6 366:366]

y[10693] = 1.0
Vehicle: 504  Cost: 21.07
Route: 5 14 45 -5 
  5 [ 5  28:292]
 14 [ 2 300:305]
 45 [ 0 308:313]
 -5 [ 0 323:323]

y[10847] = 1.0
Vehicle: 202  Cost: 73.22
Route: 2 72 116 100 119 -2 
  2 [ 3  70:150]
 72 [ 0 180:185]
116 [ 4 198:203]
100 [ 8 209:214]
119 [10 300:305]
 -2 [10 324:324]

y[11270] = 1.0
Vehicle: 203  Cost: 36.44
Route: 2 123 66 33 -2 
  2 [ 3  40: 55]
123 [ 7  66: 71]
 66 [ 5  85: 90]
 33 [ 4 300:305]
 -2 [ 4 314:314]

y[11818] = 1.0
Vehicle: 405  Cost: 64.98
Route: 4 9 85 20 52 107 -4 
  4 [ 9 108:270]
  9 [ 5 300:305]
 85 [ 8 309:314]
 20 [ 7 314:319]
 52 [ 3 325:330]
107 [ 6 330:335]
 -4 [ 6 360:360]

y[15545] = 1.0
Vehicle: 413  Cost: 117.61
Route: 4 69 48 -4 
  4 [ 8  60: 75]
 69 [ 4 120:125]
 48 [ 0 420:425]
 -4 [ 0 482:482]

y[15705] = 1.0
Vehicle: 302  Cost: 134.36
Route: 3 88 25 111 58 46 79 90 -3 
  3 [ 9  67: 82]
 88 [10 108:113]
 25 [ 6 113:118]
111 [10 155:160]
 58 [ 7 160:165]
 46 [ 5 170:175]
 79 [ 6 202:207]
 90 [ 7 213:218]
 -3 [ 7 252:252]

y[17165] = 1.0
Vehicle: 413  Cost: 25.70
Route: 4 60 65 87 -4 
  4 [ 5 134:149]
 60 [ 3 158:163]
 65 [ 0 170:175]
 87 [ 1 300:305]
 -4 [ 1 309:309]

y[18312] = 1.0
Vehicle: 304  Cost: 92.54
Route: 3 62 67 55 109 113 106 22 86 102 -3 
  3 [ 9  43: 58]
 62 [ 8  76: 81]
 67 [ 7  94: 99]
 55 [ 4 111:116]
109 [ 5 116:121]
113 [ 7 132:137]
106 [ 9 145:150]
 22 [ 5 300:305]
 86 [ 7 305:310]
102 [10 320:325]
 -3 [10 338:338]

y[18529] = 1.0
Vehicle: 301  Cost: 50.99
Route: 3 43 104 96 127 -3 
  3 [ 4  43: 58]
 43 [ 0  64: 69]
104 [ 4  80: 85]
 96 [ 5  98:103]
127 [ 8 300:305]
 -3 [ 8 319:319]

y[18567] = 1.0
Vehicle: 410  Cost: 85.14
Route: 4 19 61 13 34 93 105 31 -4 
  4 [10 108:123]
 19 [ 8 143:148]
 61 [ 4 164:169]
 13 [ 3 177:182]
 34 [ 1 185:190]
 93 [ 5 190:195]
105 [ 7 197:202]
 31 [ 6 218:223]
 -4 [ 6 244:244]

y[20388] = 1.0
Vehicle: 403  Cost: 37.68
Route: 4 74 117 63 47 103 -4 
  4 [10 142:157]
 74 [ 7 175:180]
117 [ 9 183:188]
 63 [ 5 188:193]
 47 [ 2 300:305]
103 [ 6 305:310]
 -4 [ 6 319:319]

y[20840] = 1.0
Vehicle: 411  Cost: 4.00
Route: 4 40 101 -4 
  4 [ 1 116:131]
 40 [ 0 133:138]
101 [ 4 138:143]
 -4 [ 4 145:145]

y[20924] = 1.0
Vehicle: 408  Cost: 182.67
Route: 4 6 7 84 21 76 97 120 108 -4 
  4 [10  95:149]
  6 [ 8 216:221]
  7 [ 4 300:305]
 84 [ 7 309:314]
 21 [ 6 321:326]
 76 [ 3 334:339]
 97 [ 5 369:374]
120 [ 7 420:425]
108 [10 441:446]
 -4 [10 481:481]

FE: 7
SE: 25
!MIP-----
2631.7252981399524,5405.144503116608,0.2030333900723471,7,25,36368,21248

