--Parameters Information--
speed=1
run=5
iteration= 100000
batch=100
restartPeriod=10000
largeRemovalOccurrence=500
initialLNS=250
lowerBoundSmallRemoval=4
smallRemoval=0.2
lowerBoundLargeRemoval=0.55
largeRemoval=0.8
initialWeight=1.0
decayRate=0.1
gamma1=9.0
gamma2=5.0
gamma3=2.0
gamma4=0.0
coolingRate=0.9995
temperatureControlParameter=0.05
initialAcceptanceProbability=0.5
perturbation=0.5
perturbationFactor=0.01
split=20000

Setup: Split
Data: B_100_1_TD

Run: 1
Total Cost: 2189.68
Vehicle: 11  Cost: 67.94
Route: 1 2 -2 -1 
 1 [ 47   0:  0 [31, 9, 42, 20, 50, 36, 62, 41, 63, 8, 13, 11, 45, 72, 28, 15, 77, 47]]
 2 [  0  34: 34 []]
-2 [ 23  34:383 [93, 102, 107, 92, 128, 117, 98, 105, 82]]
-1 [ 23 417:417 [93, 102, 107, 92, 128, 117, 98, 105, 82]]

Vehicle: 12  Cost: 106.30
Route: 1 3 -3 -1 
 1 [ 66   0:  0 [74, 44, 76, 7, 26, 68, 69, 67, 48, 65, 54, 60, 66, 19, 56, 30, 27, 10, 58, 6, 22, 21, 52, 79]]
 3 [  0  53: 53 []]
-3 [ 47  53:495 [108, 111, 96, 103, 131, 88, 100, 125, 115, 126, 113, 87, 80, 83, 116, 106, 129, 123]]
-1 [ 47 549:549 [108, 111, 96, 103, 131, 88, 100, 125, 115, 126, 113, 87, 80, 83, 116, 106, 129, 123]]

Vehicle: 16  Cost: 155.19
Route: 1 4 -4 -3 -1 
 1 [ 46   0:  0 [24, 32, 33, 59, 71, 34, 14, 25, 53, 23, 49, 78, 17, 29, 16, 12, 70, 38]]
 4 [  0  78: 78 []]
-4 [ 33  78:372 [91, 89, 124, 120, 85, 104, 84, 130, 86, 127, 95, 94, 90, 122]]
-3 [ 36 397:412 [119, 91, 89, 124, 120, 85, 104, 84, 130, 86, 127, 95, 94, 90, 122]]
-1 [ 36 465:465 [91, 89, 124, 120, 85, 104, 84, 130, 86, 127, 119, 95, 94, 90, 122]]

Vehicle: 17  Cost: 120.75
Route: 1 5 -5 -1 
 1 [ 33   0:  0 [46, 43, 61, 18, 55, 73, 39, 57, 75, 37, 35, 51, 64, 40]]
 5 [  0  60: 60 []]
-5 [ 28  60:354 [114, 121, 112, 99, 101, 97, 118, 81, 109, 110]]
-1 [ 28 414:414 [114, 121, 112, 99, 101, 97, 118, 81, 109, 110]]

Vehicle: 201  Cost: 40.29
Route: 2 13 62 31 -2 
  2 [10  34:286]
 13 [ 7 300:305]
 62 [ 3 316:321]
 31 [ 0 326:331]
 -2 [ 0 341:341]

Vehicle: 202  Cost: 53.79
Route: 2 11 41 77 28 -2 
  2 [10  34: 49]
 11 [ 7  59: 64]
 41 [ 4  78: 83]
 77 [ 2  88: 93]
 28 [ 0 112:117]
 -2 [ 0 123:123]

Vehicle: 204  Cost: 96.18
Route: 2 72 98 63 15 107 93 20 92 -2 
  2 [10  34: 49]
 72 [ 6  73: 78]
 98 [ 8  89: 94]
 63 [ 7  98:103]
 15 [ 4 300:305]
107 [ 5 311:316]
 93 [ 9 325:330]
 20 [ 7 346:351]
 92 [ 9 351:356]
 -2 [ 9 368:368]

Vehicle: 205  Cost: 56.34
Route: 2 42 102 128 36 45 -2 
  2 [ 9  34:170]
 42 [ 5 180:185]
102 [ 8 185:190]
128 [10 300:305]
 36 [ 9 310:315]
 45 [ 5 321:326]
 -2 [ 5 349:349]

Vehicle: 206  Cost: 69.91
Route: 2 105 50 47 117 8 9 82 -2 
  2 [ 8  34: 49]
105 [ 9  73: 78]
 50 [ 8  78: 83]
 47 [ 5 300:305]
117 [ 9 309:314]
  8 [ 8 320:325]
  9 [ 5 335:340]
 82 [ 9 340:345]
 -2 [ 9 363:363]

Vehicle: 301  Cost: 43.54
Route: 3 54 19 113 56 83 10 -3 
  3 [10  53:287]
 54 [ 8 300:305]
 19 [ 6 310:315]
113 [ 9 324:329]
 56 [ 5 329:334]
 83 [ 9 337:342]
 10 [ 7 342:347]
 -3 [ 7 361:361]

Vehicle: 302  Cost: 155.10
Route: 3 21 100 67 66 48 103 44 131 -3 
  3 [10  53:136]
 21 [ 6 180:185]
100 [ 9 212:217]
 67 [ 8 300:305]
 66 [ 5 318:323]
 48 [ 4 337:342]
103 [ 8 352:357]
 44 [ 7 420:425]
131 [10 433:438]
 -3 [10 465:465]

Vehicle: 303  Cost: 79.76
Route: 3 68 125 6 80 58 115 -3 
  3 [ 9  53: 68]
 68 [ 6 107:112]
125 [10 112:117]
  6 [ 6 300:305]
 80 [ 8 305:310]
 58 [ 6 317:322]
115 [ 7 322:327]
 -3 [ 7 356:356]

Vehicle: 304  Cost: 72.25
Route: 3 65 27 26 111 116 -3 
  3 [ 9  53:276]
 65 [ 5 300:305]
 27 [ 1 315:320]
 26 [ 0 320:325]
111 [ 1 344:349]
116 [ 5 420:425]
 -3 [ 5 429:429]

Vehicle: 305  Cost: 83.21
Route: 3 123 76 126 69 87 52 108 -3 
  3 [ 9  53:271]
123 [10 300:305]
 76 [ 8 310:315]
126 [ 9 322:327]
 69 [ 5 327:332]
 87 [ 9 334:339]
 52 [ 6 420:425]
108 [10 425:430]
 -3 [10 459:459]

Vehicle: 307  Cost: 106.56
Route: 3 22 30 96 129 74 88 106 -3 
  3 [ 9  53: 68]
 22 [ 8 103:108]
 30 [ 4 117:122]
 96 [ 5 122:127]
129 [ 8 131:136]
 74 [ 4 136:141]
 88 [ 7 420:425]
106 [ 8 462:467]
 -3 [ 8 480:480]

Vehicle: 308  Cost: 60.59
Route: 3 7 79 119 60 -3 
  3 [10  53: 68]
  7 [ 8  76: 81]
 79 [ 4 103:108]
119 [ 7 114:119]
 60 [ 3 119:124]
 -3 [ 3 149:149]

Vehicle: 401  Cost: 38.77
Route: 4 78 130 24 94 49 104 33 -4 
  4 [ 7  78:172]
 78 [ 6 180:185]
130 [ 9 185:190]
 24 [ 6 201:206]
 94 [ 9 206:211]
 49 [ 8 300:305]
104 [ 9 305:310]
 33 [ 7 318:323]
 -4 [ 7 330:330]

Vehicle: 402  Cost: 93.78
Route: 4 53 120 34 124 84 59 -4 
  4 [ 9  78: 93]
 53 [ 6 114:119]
120 [ 8 180:185]
 34 [ 4 208:213]
124 [ 7 300:305]
 84 [ 9 330:335]
 59 [ 7 346:351]
 -4 [ 7 357:357]

Vehicle: 404  Cost: 77.50
Route: 4 71 127 12 85 29 14 -4 
  4 [10  78: 93]
 71 [ 6  98:103]
127 [10 103:108]
 12 [ 6 180:185]
 85 [10 185:190]
 29 [ 9 208:213]
 14 [ 8 225:230]
 -4 [ 8 240:240]

Vehicle: 405  Cost: 73.83
Route: 4 23 17 89 95 25 122 70 -4 
  4 [10  78: 93]
 23 [ 7 113:118]
 17 [ 6 123:128]
 89 [ 7 128:133]
 95 [ 9 143:148]
 25 [ 7 148:153]
122 [ 8 157:162]
 70 [ 4 300:305]
 -4 [ 4 334:334]

Vehicle: 406  Cost: 84.62
Route: 4 32 86 38 16 91 90 -4 
  4 [10  78: 93]
 32 [ 7 112:117]
 86 [ 8 124:129]
 38 [ 5 144:149]
 16 [ 1 300:305]
 91 [ 3 314:319]
 90 [ 7 323:328]
 -4 [ 7 352:352]

Vehicle: 501  Cost: 69.65
Route: 5 51 121 109 40 101 -5 
  5 [ 8  60:168]
 51 [ 4 180:185]
121 [ 8 192:197]
109 [10 209:214]
 40 [ 6 240:245]
101 [10 245:250]
 -5 [10 263:263]

Vehicle: 502  Cost: 112.22
Route: 5 64 55 46 39 75 -5 
  5 [10  60:275]
 64 [ 8 300:305]
 55 [ 5 311:316]
 46 [ 4 324:329]
 39 [ 2 346:351]
 75 [ 0 364:369]
 -5 [ 0 412:412]

Vehicle: 503  Cost: 110.70
Route: 5 81 61 35 99 57 114 112 18 -5 
  5 [ 6  60: 75]
 81 [10  92: 97]
 61 [ 9 105:110]
 35 [ 8 124:129]
 99 [10 129:134]
 57 [ 7 159:164]
114 [ 9 164:169]
112 [10 300:305]
 18 [ 9 312:317]
 -5 [ 9 339:339]

Vehicle: 505  Cost: 160.91
Route: 5 43 110 118 37 73 97 -5 
  5 [ 9  60: 75]
 43 [ 5  99:104]
110 [ 6 140:145]
118 [10 155:160]
 37 [ 8 177:182]
 73 [ 5 190:195]
 97 [ 9 223:228]
 -5 [ 9 266:266]

Total Cost: 2189.68
 11:67.94, 47:75 [1, 2, -2, -1]
 12:106.30, 66:75 [1, 3, -3, -1]
 16:155.19, 46:75 [1, 4, -4, -3, -1]
 17:120.75, 33:75 [1, 5, -5, -1]
201:40.29, 10:10 [2, 13, 62, 31, -2]
202:53.79, 10:10 [2, 11, 41, 77, 28, -2]
204:96.18, 10:10 [2, 72, 98, 63, 15, 107, 93, 20, 92, -2]
205:56.34, 10:10 [2, 42, 102, 128, 36, 45, -2]
206:69.91, 9:10 [2, 105, 50, 47, 117, 8, 9, 82, -2]
301:43.54, 10:10 [3, 54, 19, 113, 56, 83, 10, -3]
302:155.10, 10:10 [3, 21, 100, 67, 66, 48, 103, 44, 131, -3]
303:79.76, 10:10 [3, 68, 125, 6, 80, 58, 115, -3]
304:72.25, 9:10 [3, 65, 27, 26, 111, 116, -3]
305:83.21, 10:10 [3, 123, 76, 126, 69, 87, 52, 108, -3]
307:106.56, 9:10 [3, 22, 30, 96, 129, 74, 88, 106, -3]
308:60.59, 10:10 [3, 7, 79, 119, 60, -3]
401:38.77, 9:10 [4, 78, 130, 24, 94, 49, 104, 33, -4]
402:93.78, 9:10 [4, 53, 120, 34, 124, 84, 59, -4]
404:77.50, 10:10 [4, 71, 127, 12, 85, 29, 14, -4]
405:73.83, 10:10 [4, 23, 17, 89, 95, 25, 122, 70, -4]
406:84.62, 10:10 [4, 32, 86, 38, 16, 91, 90, -4]
501:69.65, 10:10 [5, 51, 121, 109, 40, 101, -5]
502:112.22, 10:10 [5, 64, 55, 46, 39, 75, -5]
503:110.70, 10:10 [5, 81, 61, 35, 99, 57, 114, 112, 18, -5]
505:160.91, 10:10 [5, 43, 110, 118, 37, 73, 97, -5]
fe: 4, se: 21

!ALNS------------
100000,2189.6761149591352,449.539,383.4,4,21,0.64,0.9761904761904762,31.5,6.0
27 26 20 10 0 1 6 0 
11.739828759797584 27.678656898587466 13.121146380423886 17.169033344532107 20.380151863576884 39.42254646211744 20.653317163571188 34.05687170886881 
13 16 9 12 10 12 10 8 
21.16643474686868 17.731735787426064 19.518462461618284 18.33075277048545 19.044131938903718 21.033590829663577 18.091481211723817 17.04024710695599 

x[1337] = 1.0
Vehicle: 11  Cost: 67.94
Route: 1 2 -2 -1 
 1 [ 47   0:  0 [8, 41, 15, 11, 42, 9, 77, 20, 45, 31, 62, 47, 36, 72, 50, 28, 13, 63]]
 2 [  0  34: 34 []]
-2 [ 23  34:385 [92, 93, 98, 105, 82, 107, 117, 102, 128]]
-1 [ 23 419:419 [92, 93, 98, 105, 82, 107, 117, 102, 128]]

x[1830] = 1.0
Vehicle: 16  Cost: 155.19
Route: 1 4 -4 -3 -1 
 1 [ 46   0:  0 [16, 25, 23, 14, 71, 12, 32, 53, 17, 70, 34, 24, 38, 29, 33, 49, 78, 59]]
 4 [  0  78: 78 []]
-4 [ 33  78:375 [86, 94, 89, 95, 122, 127, 90, 85, 84, 120, 124, 104, 91, 130]]
-3 [ 36 399:414 [119, 86, 94, 89, 95, 122, 127, 90, 85, 84, 120, 124, 104, 91, 130]]
-1 [ 36 467:467 [86, 94, 89, 95, 122, 127, 90, 85, 84, 120, 124, 104, 91, 130, 119]]

x[2702] = 1.0
Vehicle: 17  Cost: 120.75
Route: 1 5 -5 -1 
 1 [ 33   0:  0 [73, 37, 61, 57, 46, 39, 51, 43, 40, 55, 64, 18, 35, 75]]
 5 [  0  60: 60 []]
-5 [ 29  60:354 [112, 121, 101, 81, 97, 118, 109, 99, 114, 104, 110]]
-1 [ 29 414:414 [112, 121, 101, 81, 97, 118, 109, 99, 114, 104, 110]]

x[5743] = 1.0
Vehicle: 12  Cost: 106.30
Route: 1 3 -3 -1 
 1 [ 66   0:  0 [22, 7, 76, 10, 68, 26, 60, 74, 44, 58, 65, 6, 19, 67, 66, 30, 48, 27, 52, 56, 54, 69, 21, 79]]
 3 [  0  53: 53 []]
-3 [ 47  53:531 [126, 129, 108, 115, 103, 100, 131, 80, 88, 96, 87, 123, 111, 113, 106, 83, 116, 125]]
-1 [ 47 584:584 [126, 129, 108, 115, 103, 100, 131, 80, 88, 96, 87, 123, 111, 113, 106, 83, 116, 125]]

y[360] = 1.0
Vehicle: 307  Cost: 106.56
Route: 3 22 96 30 129 74 88 106 -3 
  3 [ 9  88:103]
 22 [ 8 138:143]
 96 [ 9 152:157]
 30 [ 5 157:162]
129 [ 8 166:171]
 74 [ 4 171:176]
 88 [ 7 420:425]
106 [ 8 462:467]
 -3 [ 8 480:480]

y[442] = 1.0
Vehicle: 402  Cost: 93.78
Route: 4 53 120 34 124 84 59 -4 
  4 [ 9 118:133]
 53 [ 6 155:160]
120 [ 8 180:185]
 34 [ 4 208:213]
124 [ 7 300:305]
 84 [ 9 330:335]
 59 [ 7 346:351]
 -4 [ 7 357:357]

y[697] = 1.0000000000001086
Vehicle: 304  Cost: 72.25
Route: 3 65 27 26 111 116 -3 
  3 [ 9  88:276]
 65 [ 5 300:305]
 27 [ 1 315:320]
 26 [ 0 320:325]
111 [ 1 344:349]
116 [ 5 420:425]
 -3 [ 5 429:429]

y[708] = 1.0
Vehicle: 504  Cost: 160.91
Route: 5 43 110 118 37 73 97 -5 
  5 [ 9  78: 93]
 43 [ 5 117:122]
110 [ 6 158:163]
118 [10 172:177]
 37 [ 8 195:200]
 73 [ 5 207:212]
 97 [ 9 241:246]
 -5 [ 9 284:284]

y[1211] = 1.0
Vehicle: 205  Cost: 56.34
Route: 2 42 102 128 36 45 -2 
  2 [ 9 216:231]
 42 [ 5 241:246]
102 [ 8 246:251]
128 [10 300:305]
 36 [ 9 310:315]
 45 [ 5 321:326]
 -2 [ 5 349:349]

y[1556] = 1.0
Vehicle: 406  Cost: 48.68
Route: 4 32 23 89 71 127 -4 
  4 [10  78: 93]
 32 [ 7 112:117]
 23 [ 4 120:125]
 89 [ 5 130:135]
 71 [ 1 151:156]
127 [ 5 156:161]
 -4 [ 5 166:166]

y[1997] = 1.0000000000001716
Vehicle: 204  Cost: 96.18
Route: 2 72 98 63 15 107 93 20 92 -2 
  2 [10 211:226]
 72 [ 6 251:256]
 98 [ 8 267:272]
 63 [ 7 276:281]
 15 [ 4 300:305]
107 [ 5 311:316]
 93 [ 9 325:330]
 20 [ 7 346:351]
 92 [ 9 351:356]
 -2 [ 9 368:368]

y[2503] = 1.0
Vehicle: 405  Cost: 104.23
Route: 4 17 86 38 122 25 95 70 -4 
  4 [10  78: 93]
 17 [ 9 114:119]
 86 [10 130:135]
 38 [ 7 151:156]
122 [ 8 176:181]
 25 [ 6 185:190]
 95 [ 8 190:195]
 70 [ 4 300:305]
 -4 [ 4 334:334]

y[3561] = 0.9999999999994481
Vehicle: 201  Cost: 69.91
Route: 2 50 105 47 117 8 9 82 -2 
  2 [ 8 237:252]
 50 [ 7 276:281]
105 [ 8 281:286]
 47 [ 5 300:305]
117 [ 9 309:314]
  8 [ 8 320:325]
  9 [ 5 335:340]
 82 [ 9 340:345]
 -2 [ 9 363:363]

y[3597] = 1.0
Vehicle: 203  Cost: 40.29
Route: 2 13 62 31 -2 
  2 [10 105:286]
 13 [ 7 300:305]
 62 [ 3 316:321]
 31 [ 0 326:331]
 -2 [ 0 341:341]

y[5108] = 1.0
Vehicle: 501  Cost: 112.22
Route: 5 75 39 46 55 64 -5 
  5 [10 295:310]
 75 [ 8 353:358]
 39 [ 6 371:376]
 46 [ 5 394:399]
 55 [ 2 407:412]
 64 [ 0 418:423]
 -5 [ 0 447:447]

y[5188] = 1.0
Vehicle: 301  Cost: 43.54
Route: 3 54 19 56 113 83 10 -3 
  3 [10  88:287]
 54 [ 8 300:305]
 19 [ 6 310:315]
 56 [ 2 324:329]
113 [ 5 329:334]
 83 [ 9 337:342]
 10 [ 7 342:347]
 -3 [ 7 361:361]

y[5404] = 1.0000000000003677
Vehicle: 405  Cost: 79.12
Route: 4 14 29 12 85 16 91 90 -4 
  4 [10 122:170]
 14 [ 9 180:185]
 29 [ 8 197:202]
 12 [ 4 220:225]
 85 [ 8 225:230]
 16 [ 4 300:305]
 91 [ 6 314:319]
 90 [10 323:328]
 -4 [10 352:352]

y[6058] = 1.0
Vehicle: 305  Cost: 83.21
Route: 3 123 76 69 126 87 52 108 -3 
  3 [ 9 274:289]
123 [10 318:323]
 76 [ 8 328:333]
 69 [ 4 340:345]
126 [ 5 345:350]
 87 [ 9 352:357]
 52 [ 6 420:425]
108 [10 425:430]
 -3 [10 459:459]

y[7595] = 1.0
Vehicle: 201  Cost: 53.79
Route: 2 28 77 41 11 -2 
  2 [10 174:189]
 28 [ 8 194:199]
 77 [ 6 218:223]
 41 [ 3 229:234]
 11 [ 0 248:253]
 -2 [ 0 263:263]

y[9359] = 1.0
Vehicle: 501  Cost: 69.65
Route: 5 51 121 109 40 101 -5 
  5 [ 8  60:168]
 51 [ 4 180:185]
121 [ 8 192:197]
109 [10 209:214]
 40 [ 6 240:245]
101 [10 245:250]
 -5 [10 263:263]

y[9675] = 1.0
Vehicle: 401  Cost: 38.77
Route: 4 78 130 24 94 104 49 33 -4 
  4 [ 7 118:172]
 78 [ 6 180:185]
130 [ 9 185:190]
 24 [ 6 201:206]
 94 [ 9 206:211]
104 [10 300:305]
 49 [ 9 305:310]
 33 [ 7 318:323]
 -4 [ 7 330:330]

y[11319] = 1.0
Vehicle: 303  Cost: 79.76
Route: 3 68 125 6 80 58 115 -3 
  3 [ 9  88:103]
 68 [ 6 142:147]
125 [10 147:152]
  6 [ 6 300:305]
 80 [ 8 305:310]
 58 [ 6 317:322]
115 [ 7 322:327]
 -3 [ 7 356:356]

y[11660] = 1.0
Vehicle: 306  Cost: 60.59
Route: 3 7 79 119 60 -3 
  3 [10  88:103]
  7 [ 8 111:116]
 79 [ 4 138:143]
119 [ 7 148:153]
 60 [ 3 153:158]
 -3 [ 3 183:183]

y[11986] = 1.0
Vehicle: 503  Cost: 110.70
Route: 5 81 61 35 99 57 114 112 18 -5 
  5 [ 6  60: 75]
 81 [10  92: 97]
 61 [ 9 105:110]
 35 [ 8 124:129]
 99 [10 129:134]
 57 [ 7 159:164]
114 [ 9 164:169]
112 [10 300:305]
 18 [ 9 312:317]
 -5 [ 9 339:339]

y[14369] = 1.0
Vehicle: 302  Cost: 155.10
Route: 3 21 100 67 66 48 103 44 131 -3 
  3 [10 175:190]
 21 [ 6 234:239]
100 [ 9 266:271]
 67 [ 8 300:305]
 66 [ 5 318:323]
 48 [ 4 337:342]
103 [ 8 352:357]
 44 [ 7 420:425]
131 [10 433:438]
 -3 [10 465:465]

FE: 4
SE: 21
!MIP-----
2185.7398877852384,5405.759726047516,0.004028858543526766,4,21,13748,14570

Run: 2
Total Cost: 2194.79
Vehicle: 12  Cost: 155.33
Route: 1 3 4 -4 -3 -1 
 1 [ 75   0:  0 [60, 56, 10, 73, 43, 17, 54, 7, 26, 37, 74, 30, 27, 25, 24, 40, 35, 44, 61, 55, 39, 18, 29, 19, 58, 67, 48, 70, 15, 65, 77]]
 3 [ 36  53: 68 [17, 74, 30, 25, 24, 40, 35, 44, 61, 55, 39, 18, 29, 58, 67, 48, 70]]
 4 [  0  93: 93 []]
-4 [ 40  93:326 [114, 101, 99, 130, 85, 97, 94, 129, 96, 120, 95, 89, 122, 127, 81]]
-3 [ 50 351:366 [119, 114, 101, 99, 130, 85, 97, 94, 113, 129, 96, 120, 95, 89, 122, 127, 83, 81]]
-1 [ 50 419:419 [119, 114, 101, 99, 130, 85, 97, 94, 113, 129, 96, 120, 95, 89, 122, 127, 83, 81]]

Vehicle: 13  Cost: 67.94
Route: 1 2 -2 -1 
 1 [ 52   0:  0 [50, 31, 41, 21, 11, 45, 9, 47, 51, 62, 72, 8, 63, 36, 20, 42, 28, 13, 64]]
 2 [  0  34: 34 []]
-2 [ 34  34:378 [98, 109, 117, 82, 93, 107, 121, 105, 128, 102, 110, 92, 118]]
-1 [ 34 412:412 [98, 109, 117, 82, 93, 107, 121, 105, 128, 102, 110, 92, 118]]

Vehicle: 14  Cost: 155.19
Route: 1 4 -4 -3 -1 
 1 [ 65   0:  0 [57, 34, 76, 52, 53, 38, 22, 33, 23, 79, 32, 75, 46, 49, 12, 78, 69, 16, 71, 59, 14, 68, 6, 66]]
 4 [  0  78: 78 []]
-4 [ 45  78:487 [108, 86, 91, 126, 125, 124, 84, 106, 103, 88, 104, 131, 112, 87, 100, 123, 80, 90, 115]]
-3 [ 50 512:527 [108, 86, 111, 91, 126, 125, 124, 84, 106, 103, 88, 104, 131, 112, 116, 87, 100, 123, 80, 90, 115]]
-1 [ 50 580:580 [108, 86, 111, 91, 126, 125, 124, 84, 106, 103, 88, 104, 131, 112, 116, 87, 100, 123, 80, 90, 115]]

Vehicle: 201  Cost: 129.48
Route: 2 11 41 110 118 21 107 93 -2 
  2 [10  34: 49]
 11 [ 7  59: 64]
 41 [ 4  78: 83]
110 [ 5 111:116]
118 [ 9 125:130]
 21 [ 5 180:185]
107 [ 6 300:305]
 93 [10 314:319]
 -2 [10 344:344]

Vehicle: 202  Cost: 70.05
Route: 2 72 98 63 92 20 -2 
  2 [ 7  34: 49]
 72 [ 3  73: 78]
 98 [ 5  89: 94]
 63 [ 4  98:103]
 92 [ 6 300:305]
 20 [ 4 305:310]
 -2 [ 4 322:322]

Vehicle: 203  Cost: 56.34
Route: 2 42 102 128 36 45 -2 
  2 [ 9  34:170]
 42 [ 5 180:185]
102 [ 8 185:190]
128 [10 300:305]
 36 [ 9 310:315]
 45 [ 5 321:326]
 -2 [ 5 349:349]

Vehicle: 204  Cost: 40.29
Route: 2 31 62 13 -2 
  2 [10  34:290]
 31 [ 7 300:305]
 62 [ 3 310:315]
 13 [ 0 326:331]
 -2 [ 0 345:345]

Vehicle: 205  Cost: 69.91
Route: 2 105 50 47 117 8 9 82 -2 
  2 [ 8  34: 49]
105 [ 9  73: 78]
 50 [ 8  78: 83]
 47 [ 5 300:305]
117 [ 9 309:314]
  8 [ 8 320:325]
  9 [ 5 335:340]
 82 [ 9 340:345]
 -2 [ 9 363:363]

Vehicle: 207  Cost: 117.38
Route: 2 28 51 121 109 64 -2 
  2 [ 8  34: 49]
 28 [ 6  55: 60]
 51 [ 2 180:185]
121 [ 6 192:197]
109 [ 8 209:214]
 64 [ 6 300:305]
 -2 [ 6 356:356]

Vehicle: 301  Cost: 67.65
Route: 3 7 65 111 19 54 116 -3 
  3 [10  53: 68]
  7 [ 8  76: 81]
 65 [ 4 300:305]
111 [ 5 316:321]
 19 [ 3 329:334]
 54 [ 1 339:344]
116 [ 5 420:425]
 -3 [ 5 429:429]

Vehicle: 302  Cost: 87.03
Route: 3 77 15 27 26 -3 
  3 [10  53: 68]
 77 [ 8  92: 97]
 15 [ 5 300:305]
 27 [ 1 313:318]
 26 [ 0 318:323]
 -3 [ 0 357:357]

Vehicle: 303  Cost: 40.54
Route: 3 43 113 56 83 10 -3 
  3 [10  53: 68]
 43 [ 6  86: 91]
113 [ 9 300:305]
 56 [ 5 305:310]
 83 [ 9 314:319]
 10 [ 7 319:324]
 -3 [ 7 337:337]

Vehicle: 305  Cost: 56.56
Route: 3 73 60 119 37 -3 
  3 [ 9  53: 68]
 73 [ 6  87: 92]
 60 [ 2  98:103]
119 [ 5 103:108]
 37 [ 3 116:121]
 -3 [ 3 145:145]

Vehicle: 401  Cost: 168.51
Route: 4 79 100 67 66 48 103 80 44 123 -4 
  4 [10  93:108]
 79 [ 6 143:148]
100 [ 9 190:195]
 67 [ 8 300:305]
 66 [ 5 318:323]
 48 [ 4 337:342]
103 [ 8 352:357]
 80 [10 366:371]
 44 [ 9 420:425]
123 [10 439:444]
 -4 [10 472:472]

Vehicle: 402  Cost: 141.35
Route: 4 53 34 114 57 120 94 -4 
  4 [10  78: 93]
 53 [ 7 114:119]
 34 [ 3 141:146]
114 [ 5 165:170]
 57 [ 2 170:175]
120 [ 4 216:221]
 94 [ 7 243:248]
 -4 [ 7 264:264]

Vehicle: 403  Cost: 86.47
Route: 4 12 85 29 14 78 130 59 -4 
  4 [ 9  93:146]
 12 [ 5 180:185]
 85 [ 9 185:190]
 29 [ 8 208:213]
 14 [ 7 225:230]
 78 [ 6 242:247]
130 [ 9 247:252]
 59 [ 7 300:305]
 -4 [ 7 311:311]

Vehicle: 404  Cost: 73.01
Route: 4 23 25 88 70 -4 
  4 [ 9  93:108]
 23 [ 6 128:133]
 25 [ 4 143:148]
 88 [ 7 420:425]
 70 [ 3 431:436]
 -4 [ 3 465:465]

Vehicle: 405  Cost: 74.05
Route: 4 22 69 126 87 76 52 108 -4 
  4 [10  93:108]
 22 [ 9 136:141]
 69 [ 5 300:305]
126 [ 6 305:310]
 87 [10 311:316]
 76 [ 8 323:328]
 52 [ 5 420:425]
108 [ 9 425:430]
 -4 [ 9 452:452]

Vehicle: 406  Cost: 84.62
Route: 4 32 86 38 16 91 90 -4 
  4 [10  78: 93]
 32 [ 7 112:117]
 86 [ 8 124:129]
 38 [ 5 144:149]
 16 [ 1 300:305]
 91 [ 3 314:319]
 90 [ 7 323:328]
 -4 [ 7 352:352]

Vehicle: 407  Cost: 21.45
Route: 4 71 127 97 33 -4 
  4 [ 6  78: 93]
 71 [ 2  98:103]
127 [ 6 103:108]
 97 [10 116:121]
 33 [ 8 300:305]
 -4 [ 8 311:311]

Vehicle: 409  Cost: 91.64
Route: 4 24 61 35 99 40 101 81 -4 
  4 [ 9  93:108]
 24 [ 6 124:129]
 61 [ 5 143:148]
 35 [ 4 162:167]
 99 [ 6 167:172]
 40 [ 2 183:188]
101 [ 6 188:193]
 81 [10 203:208]
 -4 [10 234:234]

Vehicle: 411  Cost: 100.62
Route: 4 68 125 6 115 58 131 106 -4 
  4 [ 9  93:108]
 68 [ 6 154:159]
125 [10 159:164]
  6 [ 6 300:305]
115 [ 7 312:317]
 58 [ 5 317:322]
131 [ 8 324:329]
106 [ 9 420:425]
 -4 [ 9 436:436]

Vehicle: 413  Cost: 151.33
Route: 4 18 55 112 46 39 75 124 84 49 104 -4 
  4 [10  93:253]
 18 [ 9 300:305]
 55 [ 6 312:317]
112 [ 7 317:322]
 46 [ 6 330:335]
 39 [ 4 352:357]
 75 [ 2 370:375]
124 [ 5 381:386]
 84 [ 7 410:415]
 49 [ 6 429:434]
104 [ 7 434:439]
 -4 [ 7 454:454]

Vehicle: 415  Cost: 88.04
Route: 4 30 96 74 129 122 95 89 17 -4 
  4 [ 9  93:108]
 30 [ 5 145:150]
 96 [ 6 150:155]
 74 [ 2 159:164]
129 [ 5 164:169]
122 [ 6 181:186]
 95 [ 8 190:195]
 89 [ 9 205:210]
 17 [ 8 210:215]
 -4 [ 8 236:236]

Total Cost: 2194.79
 12:155.33, 75:75 [1, 3, 4, -4, -3, -1]
 13:67.94, 52:75 [1, 2, -2, -1]
 14:155.19, 65:75 [1, 4, -4, -3, -1]
201:129.48, 10:10 [2, 11, 41, 110, 118, 21, 107, 93, -2]
202:70.05, 7:10 [2, 72, 98, 63, 92, 20, -2]
203:56.34, 10:10 [2, 42, 102, 128, 36, 45, -2]
204:40.29, 10:10 [2, 31, 62, 13, -2]
205:69.91, 9:10 [2, 105, 50, 47, 117, 8, 9, 82, -2]
207:117.38, 8:10 [2, 28, 51, 121, 109, 64, -2]
301:67.65, 10:10 [3, 7, 65, 111, 19, 54, 116, -3]
302:87.03, 10:10 [3, 77, 15, 27, 26, -3]
303:40.54, 10:10 [3, 43, 113, 56, 83, 10, -3]
305:56.56, 9:10 [3, 73, 60, 119, 37, -3]
401:168.51, 10:10 [4, 79, 100, 67, 66, 48, 103, 80, 44, 123, -4]
402:141.35, 10:10 [4, 53, 34, 114, 57, 120, 94, -4]
403:86.47, 9:10 [4, 12, 85, 29, 14, 78, 130, 59, -4]
404:73.01, 9:10 [4, 23, 25, 88, 70, -4]
405:74.05, 10:10 [4, 22, 69, 126, 87, 76, 52, 108, -4]
406:84.62, 10:10 [4, 32, 86, 38, 16, 91, 90, -4]
407:21.45, 10:10 [4, 71, 127, 97, 33, -4]
409:91.64, 10:10 [4, 24, 61, 35, 99, 40, 101, 81, -4]
411:100.62, 10:10 [4, 68, 125, 6, 115, 58, 131, 106, -4]
413:151.33, 10:10 [4, 18, 55, 112, 46, 39, 75, 124, 84, 49, 104, -4]
415:88.04, 9:10 [4, 30, 96, 74, 129, 122, 95, 89, 17, -4]
fe: 3, se: 21

!ALNS------------
100000,2194.790465959856,572.487,513.36,3,21,0.8533333333333334,0.9523809523809523,42.0,6.0
24 19 18 11 0 1 8 2 
10.746815855694077 30.710937983381367 12.07180883113052 14.678305143873882 67.53624015866444 45.10337597654098 17.33648928019391 16.882591507436075 
10 12 11 4 10 10 16 10 
19.06286105639954 15.874325226457044 17.22455692794158 17.590837019505422 18.487669674752627 17.97469490346243 17.223046543380168 20.066570885066962 

x[224] = 1.0
Vehicle: 16  Cost: 106.30
Route: 1 -3 -1 
 1 [  0   0:  0 []]
-3 [ 15  53:366 [131, 110, 113, 118, 83]]
-1 [ 15 419:419 [131, 110, 113, 118, 83]]

x[12907] = 1.0
Vehicle: 13  Cost: 67.94
Route: 1 -2 -1 
 1 [  0   0:  0 []]
-2 [ 23  34:386 [121, 98, 110, 118, 109, 105, 128, 102, 82]]
-1 [ 23 420:420 [121, 98, 110, 118, 109, 105, 128, 102, 82]]

x[15335] = 1.0
Vehicle: 14  Cost: 155.19
Route: 1 -4 -3 -1 
 1 [  0   0:  0 []]
-4 [ 40  78:500 [89, 100, 87, 85, 126, 123, 86, 108, 84, 124, 125, 90, 91, 112, 106, 104, 88]]
-3 [ 62 524:539 [89, 100, 87, 113, 115, 85, 126, 123, 86, 108, 84, 80, 124, 125, 116, 111, 90, 91, 112, 83, 131, 106, 104, 103, 88]]
-1 [ 62 592:592 [89, 100, 87, 113, 115, 85, 126, 123, 86, 108, 84, 80, 124, 125, 116, 111, 90, 91, 112, 83, 131, 106, 104, 103, 88]]

x[36019] = 1.0
Vehicle: 13  Cost: 67.94
Route: 1 2 -2 -1 
 1 [ 55   0:  0 [51, 36, 20, 41, 21, 50, 45, 72, 15, 28, 11, 31, 42, 62, 13, 9, 8, 63, 47, 64]]
 2 [  0  34: 34 []]
-2 [ 37  34:376 [92, 109, 117, 105, 121, 110, 82, 93, 107, 118, 100, 128, 102, 98]]
-1 [ 37 410:410 [92, 109, 117, 105, 121, 110, 82, 93, 107, 118, 100, 128, 102, 98]]

x[45244] = 1.0
Vehicle: 14  Cost: 155.19
Route: 1 4 -4 -3 -1 
 1 [ 62   0:  0 [53, 34, 30, 16, 33, 71, 74, 38, 70, 58, 35, 61, 32, 57, 23, 6, 66, 67, 76, 48, 44, 22, 69]]
 4 [  0  78: 78 []]
-4 [ 41  78:492 [86, 108, 131, 106, 123, 87, 84, 90, 80, 124, 112, 88, 100, 126, 91, 104, 103, 115]]
-3 [ 46 517:532 [86, 108, 131, 111, 106, 123, 87, 84, 90, 80, 124, 112, 116, 88, 100, 126, 91, 104, 103, 115]]
-1 [ 46 585:585 [86, 108, 131, 111, 106, 123, 87, 84, 90, 80, 124, 112, 116, 88, 100, 126, 91, 104, 103, 115]]

x[45366] = 1.0
Vehicle: 12  Cost: 155.33
Route: 1 3 4 -4 -3 -1 
 1 [ 75   0:  0 [10, 56, 65, 54, 19, 43, 29, 59, 77, 27, 68, 73, 26, 7, 14, 12, 37, 49, 18, 75, 55, 46, 39, 25, 79, 40, 24, 17, 78, 60, 52]]
 3 [ 40  53: 68 [29, 59, 14, 12, 49, 18, 75, 55, 46, 39, 25, 79, 40, 24, 17, 78, 60, 52]]
 4 [  0  93: 93 []]
-4 [ 40  93:326 [114, 129, 122, 81, 130, 95, 94, 120, 101, 127, 99, 89, 96, 97, 85]]
-3 [ 54 351:366 [119, 114, 129, 122, 81, 130, 95, 125, 94, 120, 113, 101, 127, 99, 89, 96, 97, 85, 83]]
-1 [ 54 419:419 [119, 114, 129, 122, 81, 130, 95, 125, 94, 120, 113, 101, 127, 99, 89, 96, 97, 85, 83]]

y[352] = 1.0
Vehicle: 407  Cost: 133.97
Route: 4 34 57 114 99 35 61 94 78 130 -4 
  4 [10  93:108]
 34 [ 6 150:155]
 57 [ 3 175:180]
114 [ 5 180:185]
 99 [ 7 210:215]
 35 [ 6 215:220]
 61 [ 5 233:238]
 94 [ 8 253:258]
 78 [ 7 269:274]
130 [10 274:279]
 -4 [10 287:287]

y[859] = 1.0
Vehicle: 206  Cost: 34.42
Route: 2 42 102 28 11 -2 
  2 [ 9  34:170]
 42 [ 5 180:185]
102 [ 8 185:190]
 28 [ 6 197:202]
 11 [ 3 209:214]
 -2 [ 3 224:224]

y[1136] = 1.0
Vehicle: 405  Cost: 79.12
Route: 4 14 29 12 85 16 91 90 -4 
  4 [10  78:170]
 14 [ 9 180:185]
 29 [ 8 197:202]
 12 [ 4 220:225]
 85 [ 8 225:230]
 16 [ 4 300:305]
 91 [ 6 314:319]
 90 [10 323:328]
 -4 [10 352:352]

y[3365] = 1.0
Vehicle: 305  Cost: 99.18
Route: 3 7 73 119 68 118 110 37 -3 
  3 [10  53: 68]
  7 [ 8  76: 81]
 73 [ 5  93: 98]
119 [ 8 104:109]
 68 [ 5 123:128]
118 [ 9 144:149]
110 [10 159:164]
 37 [ 8 174:179]
 -3 [ 8 202:202]

y[5768] = 1.0
Vehicle: 415  Cost: 88.04
Route: 4 30 96 74 129 122 95 25 89 -4 
  4 [10 110:125]
 30 [ 6 162:167]
 96 [ 7 167:172]
 74 [ 3 176:181]
129 [ 6 181:186]
122 [ 7 199:204]
 95 [ 9 208:213]
 25 [ 7 213:218]
 89 [ 8 227:232]
 -4 [ 8 253:253]

y[6209] = 1.0
Vehicle: 204  Cost: 67.37
Route: 2 105 50 47 117 8 62 -2 
  2 [ 9 199:214]
105 [10 238:243]
 50 [ 9 243:248]
 47 [ 6 300:305]
117 [10 309:314]
  8 [ 9 320:325]
 62 [ 5 336:341]
 -2 [ 5 355:355]

y[6802] = 1.0
Vehicle: 409  Cost: 101.54
Route: 4 53 120 24 81 40 101 -4 
  4 [10  93:108]
 53 [ 7 130:135]
120 [ 9 180:185]
 24 [ 6 207:212]
 81 [10 222:227]
 40 [ 6 237:242]
101 [10 242:247]
 -4 [10 283:283]

y[7979] = 1.0
Vehicle: 413  Cost: 151.33
Route: 4 18 55 112 46 39 75 124 84 49 104 -4 
  4 [10 127:253]
 18 [ 9 300:305]
 55 [ 6 312:317]
112 [ 7 317:322]
 46 [ 6 330:335]
 39 [ 4 352:357]
 75 [ 2 370:375]
124 [ 5 381:386]
 84 [ 7 410:415]
 49 [ 6 429:434]
104 [ 7 434:439]
 -4 [ 7 454:454]

y[8226] = 1.0
Vehicle: 303  Cost: 40.54
Route: 3 43 56 113 83 10 -3 
  3 [10 175:190]
 43 [ 6 208:213]
 56 [ 2 300:305]
113 [ 5 305:310]
 83 [ 9 314:319]
 10 [ 7 319:324]
 -3 [ 7 337:337]

y[8865] = 1.0
Vehicle: 202  Cost: 78.26
Route: 2 72 98 63 20 92 31 -2 
  2 [10 196:211]
 72 [ 6 235:240]
 98 [ 8 251:256]
 63 [ 7 260:265]
 20 [ 5 300:305]
 92 [ 7 305:310]
 31 [ 4 320:325]
 -2 [ 4 335:335]

y[8900] = 1.0
Vehicle: 401  Cost: 167.03
Route: 4 60 100 67 66 48 103 44 80 123 -4 
  4 [10 118:133]
 60 [ 6 167:172]
100 [ 9 214:219]
 67 [ 8 300:305]
 66 [ 5 318:323]
 48 [ 4 337:342]
103 [ 8 352:357]
 44 [ 7 420:425]
 80 [ 9 425:430]
123 [10 444:449]
 -4 [10 477:477]

y[9508] = 1.0
Vehicle: 302  Cost: 67.68
Route: 3 27 26 -3 
  3 [ 5 519:534]
 27 [ 1 568:573]
 26 [ 0 573:578]
 -3 [ 0 612:612]

y[12293] = 1.0
Vehicle: 402  Cost: 10.00
Route: 4 97 -4 
  4 [ 0   0: 15]
 97 [ 4  20: 25]
 -4 [ 4  30: 30]

y[13726] = 1.0
Vehicle: 405  Cost: 74.05
Route: 4 22 69 126 87 76 52 108 -4 
  4 [10 221:236]
 22 [ 9 265:270]
 69 [ 5 300:305]
126 [ 6 305:310]
 87 [10 311:316]
 76 [ 8 323:328]
 52 [ 5 420:425]
108 [ 9 425:430]
 -4 [ 9 452:452]

y[15267] = 1.0
Vehicle: 408  Cost: 102.31
Route: 4 32 86 38 88 70 -4 
  4 [10  78: 93]
 32 [ 7 112:117]
 86 [ 8 124:129]
 38 [ 5 144:149]
 88 [ 8 420:425]
 70 [ 4 431:436]
 -4 [ 4 465:465]

y[15565] = 1.0
Vehicle: 303  Cost: 72.01
Route: 3 77 65 111 19 54 116 -3 
  3 [10 106:121]
 77 [ 8 146:151]
 65 [ 4 300:305]
111 [ 5 316:321]
 19 [ 3 329:334]
 54 [ 1 339:344]
116 [ 5 420:425]
 -3 [ 5 429:429]

y[16021] = 1.0
Vehicle: 201  Cost: 96.38
Route: 2 41 21 15 107 93 -2 
  2 [10 194:209]
 41 [ 7 233:238]
 21 [ 3 261:266]
 15 [ 0 300:305]
107 [ 1 311:316]
 93 [ 5 325:330]
 -2 [ 5 355:355]

y[16191] = 1.0
Vehicle: 405  Cost: 16.33
Route: 4 59 33 -4 
  4 [ 4  78:294]
 59 [ 2 300:305]
 33 [ 0 309:314]
 -4 [ 0 320:320]

y[16769] = 1.0
Vehicle: 203  Cost: 117.37
Route: 2 51 121 109 64 36 -2 
  2 [ 7  34:155]
 51 [ 3 180:185]
121 [ 7 192:197]
109 [ 9 209:214]
 64 [ 7 300:305]
 36 [ 6 341:346]
 -2 [ 6 366:366]

y[17387] = 1.0
Vehicle: 205  Cost: 56.87
Route: 2 13 9 82 45 128 -2 
  2 [10 204:286]
 13 [ 7 300:305]
  9 [ 4 309:314]
 82 [ 8 314:319]
 45 [ 4 332:337]
128 [ 6 347:352]
 -2 [ 6 368:368]

y[18275] = 1.0
Vehicle: 411  Cost: 100.62
Route: 4 79 125 6 58 115 131 106 -4 
  4 [10 110:125]
 79 [ 6 160:165]
125 [10 177:182]
  6 [ 6 300:305]
 58 [ 4 312:317]
115 [ 5 317:322]
131 [ 8 324:329]
106 [ 9 420:425]
 -4 [ 9 436:436]

y[19577] = 1.0
Vehicle: 407  Cost: 46.91
Route: 4 23 17 127 71 -4 
  4 [ 8  93:108]
 23 [ 5 128:133]
 17 [ 4 138:143]
127 [ 8 159:164]
 71 [ 4 164:169]
 -4 [ 4 175:175]

FE: 6
SE: 22
!MIP-----
2509.236279539047,5401.550034999847,0.1653913882338974,6,22,45563,20079

Run: 3
Total Cost: 2243.47
Vehicle: 13  Cost: 144.54
Route: 1 3 -3 -5 -1 
 1 [ 75   0:  0 [10, 69, 52, 63, 44, 6, 19, 66, 48, 65, 41, 67, 21, 56, 43, 72, 33, 49, 24, 27, 54, 15, 26, 77, 79, 76, 37, 7, 58]]
 3 [  0  53: 53 []]
-3 [ 32  53:506 [106, 111, 103, 116, 80, 123, 126, 108, 93, 88, 100, 131, 107]]
-5 [ 33 537:552 [112, 106, 111, 103, 116, 80, 123, 126, 108, 93, 88, 100, 131, 107]]
-1 [ 33 612:612 [106, 111, 112, 103, 116, 80, 123, 126, 108, 93, 88, 100, 131, 107]]

Vehicle: 14  Cost: 106.30
Route: 1 3 -3 -1 
 1 [ 10   0:  0 [68, 73, 60]]
 3 [  0  53: 53 []]
-3 [ 30  53:354 [115, 83, 125, 113, 119, 110, 97, 118, 94, 104, 98]]
-1 [ 30 407:407 [115, 83, 125, 113, 119, 110, 97, 118, 94, 104, 98]]

Vehicle: 16  Cost: 155.05
Route: 1 4 -4 -1 
 1 [ 51   0:  0 [30, 53, 25, 14, 12, 32, 70, 71, 74, 29, 17, 16, 34, 38, 22, 59, 78, 75, 23]]
 4 [  0  78: 78 []]
-4 [ 37  78:377 [90, 85, 95, 96, 91, 127, 122, 84, 120, 89, 87, 86, 124, 129, 130]]
-1 [ 37 455:455 [90, 85, 95, 96, 91, 127, 122, 84, 120, 89, 87, 86, 124, 129, 130]]

Vehicle: 17  Cost: 126.49
Route: 1 2 5 -5 -2 -1 
 1 [ 56   0:  0 [20, 13, 64, 55, 35, 40, 50, 46, 57, 61, 39, 18, 51, 45, 42, 62, 47, 31, 9, 11, 28, 8, 36]]
 2 [ 22  34: 49 [64, 55, 35, 40, 46, 57, 61, 39, 18, 51]]
 5 [  0  78: 78 []]
-5 [ 18  78:264 [109, 114, 121, 81, 101, 99]]
-2 [ 34 293:378 [105, 117, 128, 102, 109, 114, 121, 81, 101, 99, 82, 92]]
-1 [ 34 412:412 [105, 117, 128, 102, 109, 114, 121, 81, 101, 99, 82, 92]]

Vehicle: 201  Cost: 69.91
Route: 2 50 105 47 117 8 9 82 -2 
  2 [ 8  34: 49]
 50 [ 7  73: 78]
105 [ 8  78: 83]
 47 [ 5 300:305]
117 [ 9 309:314]
  8 [ 8 320:325]
  9 [ 5 335:340]
 82 [ 9 340:345]
 -2 [ 9 363:363]

Vehicle: 202  Cost: 40.29
Route: 2 31 62 13 -2 
  2 [10  34:290]
 31 [ 7 300:305]
 62 [ 3 310:315]
 13 [ 0 326:331]
 -2 [ 0 345:345]

Vehicle: 203  Cost: 32.97
Route: 2 28 11 92 20 -2 
  2 [ 7  34: 49]
 28 [ 5  55: 60]
 11 [ 2  67: 72]
 92 [ 4 300:305]
 20 [ 2 305:310]
 -2 [ 2 322:322]

Vehicle: 204  Cost: 56.34
Route: 2 42 102 128 36 45 -2 
  2 [ 9  34:170]
 42 [ 5 180:185]
102 [ 8 185:190]
128 [10 300:305]
 36 [ 9 310:315]
 45 [ 5 321:326]
 -2 [ 5 349:349]

Vehicle: 301  Cost: 112.82
Route: 3 65 48 103 6 80 44 131 -3 
  3 [10  53:276]
 65 [ 6 300:305]
 48 [ 5 340:345]
103 [ 9 354:359]
  6 [ 5 368:373]
 80 [ 7 373:378]
 44 [ 6 420:425]
131 [ 9 433:438]
 -3 [ 9 465:465]

Vehicle: 302  Cost: 90.14
Route: 3 26 27 15 107 93 111 54 116 -3 
  3 [10  53:266]
 26 [ 9 300:305]
 27 [ 5 305:310]
 15 [ 2 318:323]
107 [ 3 329:334]
 93 [ 7 344:349]
111 [ 8 362:367]
 54 [ 6 374:379]
116 [10 420:425]
 -3 [10 429:429]

Vehicle: 303  Cost: 101.53
Route: 3 123 76 126 69 88 52 108 106 -3 
  3 [ 9  53:271]
123 [10 300:305]
 76 [ 8 310:315]
126 [ 9 322:327]
 69 [ 5 327:332]
 88 [ 8 420:425]
 52 [ 5 441:446]
108 [ 9 446:451]
106 [10 472:477]
 -3 [10 491:491]

Vehicle: 304  Cost: 65.34
Route: 3 7 37 60 119 58 115 -3 
  3 [10  53: 68]
  7 [ 8  76: 81]
 37 [ 6  98:103]
 60 [ 2 111:116]
119 [ 5 116:121]
 58 [ 3 300:305]
115 [ 4 305:310]
 -3 [ 4 339:339]

Vehicle: 305  Cost: 115.92
Route: 3 41 63 98 72 19 -3 
  3 [10  53: 68]
 41 [ 7  97:102]
 63 [ 6 120:125]
 98 [ 8 130:135]
 72 [ 4 146:151]
 19 [ 2 300:305]
 -3 [ 2 322:322]

Vehicle: 306  Cost: 98.21
Route: 3 73 79 68 125 118 110 -3 
  3 [10  53: 68]
 73 [ 7  87: 92]
 79 [ 3 104:109]
 68 [ 0 120:125]
125 [ 4 125:130]
118 [ 8 146:151]
110 [ 9 161:166]
 -3 [ 9 196:196]

Vehicle: 307  Cost: 138.86
Route: 3 77 21 100 67 66 -3 
  3 [10  53: 68]
 77 [ 8  92: 97]
 21 [ 4 180:185]
100 [ 7 212:217]
 67 [ 6 300:305]
 66 [ 3 318:323]
 -3 [ 3 367:367]

Vehicle: 308  Cost: 40.54
Route: 3 43 56 113 10 83 -3 
  3 [10  53: 68]
 43 [ 6  86: 91]
 56 [ 2 300:305]
113 [ 5 305:310]
 10 [ 3 314:319]
 83 [ 7 319:324]
 -3 [ 7 337:337]

Vehicle: 309  Cost: 53.89
Route: 3 24 94 97 33 49 104 -3 
  3 [ 6  53: 68]
 24 [ 3  87: 92]
 94 [ 6  92: 97]
 97 [10 108:113]
 33 [ 8 300:305]
 49 [ 7 313:318]
104 [ 8 318:323]
 -3 [ 8 337:337]

Vehicle: 401  Cost: 17.99
Route: 4 130 78 59 -4 
  4 [ 3  78:172]
130 [ 6 180:185]
 78 [ 5 185:190]
 59 [ 3 300:305]
 -4 [ 3 311:311]

Vehicle: 402  Cost: 87.91
Route: 4 17 89 22 96 30 129 74 87 -4 
  4 [10  78: 93]
 17 [ 9 114:119]
 89 [10 119:124]
 22 [ 9 134:139]
 96 [10 149:154]
 30 [ 6 154:159]
129 [ 9 163:168]
 74 [ 5 168:173]
 87 [ 9 300:305]
 -4 [ 9 338:338]

Vehicle: 403  Cost: 43.70
Route: 4 71 127 23 32 -4 
  4 [10  78: 93]
 71 [ 6  98:103]
127 [10 103:108]
 23 [ 7 124:129]
 32 [ 4 131:136]
 -4 [ 4 156:156]

Vehicle: 404  Cost: 97.80
Route: 4 86 38 122 25 95 70 -4 
  4 [ 9  78: 93]
 86 [10 119:124]
 38 [ 7 139:144]
122 [ 8 164:169]
 25 [ 6 173:178]
 95 [ 8 178:183]
 70 [ 4 300:305]
 -4 [ 4 334:334]

Vehicle: 405  Cost: 98.37
Route: 4 53 120 34 75 124 84 -4 
  4 [ 9  78: 93]
 53 [ 6 114:119]
120 [ 8 180:185]
 34 [ 4 208:213]
 75 [ 2 300:305]
124 [ 5 310:315]
 84 [ 7 340:345]
 -4 [ 7 362:362]

Vehicle: 406  Cost: 79.12
Route: 4 14 29 12 85 16 91 90 -4 
  4 [10  78:170]
 14 [ 9 180:185]
 29 [ 8 197:202]
 12 [ 4 220:225]
 85 [ 8 225:230]
 16 [ 4 300:305]
 91 [ 6 314:319]
 90 [10 323:328]
 -4 [10 352:352]

Vehicle: 502  Cost: 120.46
Route: 5 99 35 57 114 109 51 121 -5 
  5 [ 8  78: 93]
 99 [10 115:120]
 35 [ 9 120:125]
 57 [ 6 150:155]
114 [ 8 155:160]
109 [10 200:205]
 51 [ 6 222:227]
121 [10 234:239]
 -5 [10 249:249]

Vehicle: 504  Cost: 102.56
Route: 5 64 46 39 55 112 18 -5 
  5 [ 9  78:275]
 64 [ 7 300:305]
 46 [ 6 317:322]
 39 [ 4 339:344]
 55 [ 1 364:369]
112 [ 2 369:374]
 18 [ 1 381:386]
 -5 [ 1 408:408]

Vehicle: 505  Cost: 46.42
Route: 5 101 40 61 81 -5 
  5 [ 5  78: 93]
101 [ 9 105:110]
 40 [ 5 110:115]
 61 [ 4 125:130]
 81 [ 8 138:143]
 -5 [ 8 160:160]

Total Cost: 2243.47
 13:144.54, 75:75 [1, 3, -3, -5, -1]
 14:106.30, 30:75 [1, 3, -3, -1]
 16:155.05, 51:75 [1, 4, -4, -1]
 17:126.49, 56:75 [1, 2, 5, -5, -2, -1]
201:69.91, 9:10 [2, 50, 105, 47, 117, 8, 9, 82, -2]
202:40.29, 10:10 [2, 31, 62, 13, -2]
203:32.97, 7:10 [2, 28, 11, 92, 20, -2]
204:56.34, 10:10 [2, 42, 102, 128, 36, 45, -2]
301:112.82, 10:10 [3, 65, 48, 103, 6, 80, 44, 131, -3]
302:90.14, 10:10 [3, 26, 27, 15, 107, 93, 111, 54, 116, -3]
303:101.53, 10:10 [3, 123, 76, 126, 69, 88, 52, 108, 106, -3]
304:65.34, 10:10 [3, 7, 37, 60, 119, 58, 115, -3]
305:115.92, 10:10 [3, 41, 63, 98, 72, 19, -3]
306:98.21, 10:10 [3, 73, 79, 68, 125, 118, 110, -3]
307:138.86, 10:10 [3, 77, 21, 100, 67, 66, -3]
308:40.54, 10:10 [3, 43, 56, 113, 10, 83, -3]
309:53.89, 10:10 [3, 24, 94, 97, 33, 49, 104, -3]
401:17.99, 6:10 [4, 130, 78, 59, -4]
402:87.91, 10:10 [4, 17, 89, 22, 96, 30, 129, 74, 87, -4]
403:43.70, 10:10 [4, 71, 127, 23, 32, -4]
404:97.80, 10:10 [4, 86, 38, 122, 25, 95, 70, -4]
405:98.37, 9:10 [4, 53, 120, 34, 75, 124, 84, -4]
406:79.12, 10:10 [4, 14, 29, 12, 85, 16, 91, 90, -4]
502:120.46, 10:10 [5, 99, 35, 57, 114, 109, 51, 121, -5]
504:102.56, 9:10 [5, 64, 46, 39, 55, 112, 18, -5]
505:46.42, 9:10 [5, 101, 40, 61, 81, -5]
fe: 4, se: 22

!ALNS------------
100000,2243.473138199274,515.4,223.728,4,22,0.7066666666666667,0.95,31.5,5.7272727272727275
6 22 10 9 0 0 8 0 
11.416786356174555 29.348277942365584 17.382832396560435 18.79363154223578 26.66984435569212 36.14081152578273 21.25697871254854 25.693794824347826 
5 7 4 2 13 6 13 5 
21.838877439523543 16.94981827602927 24.53189798265044 19.398043268980285 19.519382675317548 23.58085551859924 19.78362521939589 20.625503484730658 

x[4948] = 1.0
Vehicle: 14  Cost: 106.30
Route: 1 3 -3 -1 
 1 [  4   0:  0 [43]]
 3 [  0  53: 53 []]
-3 [ 30  53:366 [107, 104, 113, 119, 97, 94, 98, 125, 110, 118, 83]]
-1 [ 30 419:419 [107, 104, 113, 119, 97, 94, 98, 125, 110, 118, 83]]

x[15295] = 1.0
Vehicle: 17  Cost: 126.49
Route: 1 2 5 -5 -2 -1 
 1 [ 60   0:  0 [13, 55, 50, 57, 18, 51, 42, 9, 28, 8, 11, 35, 40, 61, 72, 62, 36, 31, 64, 39, 45, 20, 47, 46]]
 2 [ 22  34: 49 [55, 57, 18, 51, 35, 40, 61, 64, 39, 46]]
 5 [  0  78: 78 []]
-5 [ 18  78:281 [121, 101, 99, 109, 114, 81]]
-2 [ 30 310:383 [105, 128, 102, 121, 101, 82, 92, 99, 109, 114, 81]]
-1 [ 30 417:417 [105, 128, 102, 121, 101, 82, 92, 99, 109, 114, 81]]

x[17804] = 1.0
Vehicle: 16  Cost: 155.05
Route: 1 4 -4 -1 
 1 [ 54   0:  0 [12, 16, 22, 25, 30, 34, 53, 29, 74, 32, 71, 17, 24, 23, 78, 59, 70, 38, 14, 75]]
 4 [  0  78: 78 []]
-4 [ 40  78:377 [90, 95, 84, 120, 122, 85, 87, 124, 129, 86, 91, 89, 127, 130, 94, 96]]
-1 [ 40 455:455 [90, 95, 84, 120, 122, 85, 87, 124, 129, 86, 91, 89, 127, 130, 94, 96]]

x[18648] = 1.0
Vehicle: 13  Cost: 147.41
Route: 1 3 -3 -5 -2 -1 
 1 [ 74   0:  0 [44, 68, 76, 6, 66, 52, 69, 7, 27, 26, 21, 49, 33, 79, 15, 67, 10, 56, 37, 65, 63, 41, 77, 48, 73, 19, 60, 58, 54]]
 3 [  0  53: 53 []]
-3 [ 44  53:506 [123, 113, 93, 131, 111, 83, 126, 108, 100, 115, 106, 125, 103, 88, 80, 116, 107]]
-5 [ 45 537:552 [112, 123, 113, 93, 131, 111, 83, 126, 108, 100, 115, 106, 125, 103, 88, 80, 116, 107]]
-2 [ 57 581:596 [92, 82, 117, 123, 113, 93, 131, 111, 83, 126, 112, 108, 100, 115, 106, 125, 103, 88, 80, 116, 128, 107]]
-1 [ 57 630:630 [92, 82, 117, 123, 113, 93, 131, 111, 83, 126, 112, 108, 100, 115, 106, 125, 103, 88, 80, 116, 128, 107]]

y[1068] = 1.0
Vehicle: 201  Cost: 58.08
Route: 2 11 72 20 92 -2 
  2 [ 9  34: 49]
 11 [ 6  59: 64]
 72 [ 2  86: 91]
 20 [ 0 300:305]
 92 [ 2 305:310]
 -2 [ 2 322:322]

y[1289] = 1.0
Vehicle: 201  Cost: 65.81
Route: 2 50 105 47 117 8 13 -2 
  2 [ 8  34: 49]
 50 [ 7  73: 78]
105 [ 8  78: 83]
 47 [ 5 300:305]
117 [ 9 309:314]
  8 [ 8 320:325]
 13 [ 5 335:340]
 -2 [ 5 354:354]

y[1799] = 1.0
Vehicle: 305  Cost: 71.83
Route: 3 7 73 97 33 49 104 -3 
  3 [ 8 158:173]
  7 [ 6 181:186]
 73 [ 3 197:202]
 97 [ 7 231:236]
 33 [ 5 300:305]
 49 [ 4 313:318]
104 [ 5 318:323]
 -3 [ 5 337:337]

y[2712] = 1.0
Vehicle: 406  Cost: 79.12
Route: 4 14 29 12 85 16 91 90 -4 
  4 [10  93:170]
 14 [ 9 180:185]
 29 [ 8 197:202]
 12 [ 4 220:225]
 85 [ 8 225:230]
 16 [ 4 300:305]
 91 [ 6 314:319]
 90 [10 323:328]
 -4 [10 352:352]

y[3378] = 1.0
Vehicle: 405  Cost: 35.20
Route: 4 78 130 24 94 59 -4 
  4 [ 6 118:172]
 78 [ 5 180:185]
130 [ 8 185:190]
 24 [ 5 201:206]
 94 [ 8 206:211]
 59 [ 6 300:305]
 -4 [ 6 311:311]

y[4961] = 1.0
Vehicle: 503  Cost: 102.56
Route: 5 18 112 55 39 46 64 -5 
  5 [ 9  60:278]
 18 [ 8 300:305]
112 [ 9 312:317]
 55 [ 6 317:322]
 39 [ 4 342:347]
 46 [ 3 364:369]
 64 [ 1 381:386]
 -5 [ 1 411:411]

y[5169] = 1.0
Vehicle: 402  Cost: 87.91
Route: 4 17 89 22 96 30 74 129 87 -4 
  4 [10  93:108]
 17 [ 9 129:134]
 89 [10 134:139]
 22 [ 9 150:155]
 96 [10 164:169]
 30 [ 6 169:174]
 74 [ 2 178:183]
129 [ 5 183:188]
 87 [ 9 300:305]
 -4 [ 9 338:338]

y[6913] = 1.0
Vehicle: 302  Cost: 86.01
Route: 3 26 27 15 107 111 54 116 -3 
  3 [10 212:266]
 26 [ 9 300:305]
 27 [ 5 305:310]
 15 [ 2 318:323]
107 [ 3 329:334]
111 [ 4 352:357]
 54 [ 2 365:370]
116 [ 6 420:425]
 -3 [ 6 429:429]

y[7087] = 1.0
Vehicle: 404  Cost: 97.80
Route: 4 86 38 122 25 95 70 -4 
  4 [ 9  93:108]
 86 [10 134:139]
 38 [ 7 154:159]
122 [ 8 179:184]
 25 [ 6 188:193]
 95 [ 8 193:198]
 70 [ 4 300:305]
 -4 [ 4 334:334]

y[7760] = 1.0
Vehicle: 403  Cost: 43.70
Route: 4 32 23 127 71 -4 
  4 [10 118:133]
 32 [ 7 153:158]
 23 [ 4 160:165]
127 [ 8 181:186]
 71 [ 4 186:191]
 -4 [ 4 197:197]

y[7849] = 1.0
Vehicle: 310  Cost: 96.96
Route: 3 60 119 79 118 110 37 -3 
  3 [10  53: 68]
 60 [ 6  93: 98]
119 [ 9  98:103]
 79 [ 5 109:114]
118 [ 9 137:142]
110 [10 152:157]
 37 [ 8 167:172]
 -3 [ 8 195:195]

y[8330] = 1.0
Vehicle: 502  Cost: 120.46
Route: 5 35 99 57 114 109 51 121 -5 
  5 [ 8  78: 93]
 35 [ 7 115:120]
 99 [ 9 120:125]
 57 [ 6 150:155]
114 [ 8 155:160]
109 [10 200:205]
 51 [ 6 222:227]
121 [10 234:239]
 -5 [10 249:249]

y[8647] = 1.0
Vehicle: 203  Cost: 22.87
Route: 2 28 42 102 -2 
  2 [ 6  34: 49]
 28 [ 4  55: 60]
 42 [ 0 180:185]
102 [ 3 185:190]
 -2 [ 3 200:200]

y[9891] = 1.0
Vehicle: 405  Cost: 98.37
Route: 4 53 120 34 75 124 84 -4 
  4 [ 9  93:108]
 53 [ 6 130:135]
120 [ 8 180:185]
 34 [ 4 208:213]
 75 [ 2 300:305]
124 [ 5 310:315]
 84 [ 7 340:345]
 -4 [ 7 362:362]

y[10040] = 1.0
Vehicle: 206  Cost: 28.98
Route: 2 31 62 -2 
  2 [ 7 235:290]
 31 [ 4 300:305]
 62 [ 0 310:315]
 -2 [ 0 329:329]

y[10361] = 1.0
Vehicle: 305  Cost: 107.38
Route: 3 77 41 98 63 93 65 -3 
  3 [10  53: 68]
 77 [ 8  92: 97]
 41 [ 5 103:108]
 98 [ 7 129:134]
 63 [ 6 138:143]
 93 [10 300:305]
 65 [ 6 318:323]
 -3 [ 6 347:347]

y[11381] = 1.0
Vehicle: 301  Cost: 34.02
Route: 3 10 83 56 113 -3 
  3 [ 6  53:287]
 10 [ 4 300:305]
 83 [ 8 305:310]
 56 [ 4 314:319]
113 [ 7 319:324]
 -3 [ 7 341:341]

y[11407] = 1.0
Vehicle: 304  Cost: 79.76
Route: 3 68 125 6 80 58 115 -3 
  3 [ 9  53: 68]
 68 [ 6 107:112]
125 [10 112:117]
  6 [ 6 300:305]
 80 [ 8 305:310]
 58 [ 6 317:322]
115 [ 7 322:327]
 -3 [ 7 356:356]

y[12826] = 1.0
Vehicle: 304  Cost: 155.10
Route: 3 21 100 67 66 48 103 44 131 -3 
  3 [10  53:136]
 21 [ 6 180:185]
100 [ 9 212:217]
 67 [ 8 300:305]
 66 [ 5 318:323]
 48 [ 4 337:342]
103 [ 8 352:357]
 44 [ 7 420:425]
131 [10 433:438]
 -3 [10 465:465]

y[12924] = 1.0
Vehicle: 505  Cost: 46.42
Route: 5 81 61 40 101 -5 
  5 [ 5  99:114]
 81 [ 9 131:136]
 61 [ 8 144:149]
 40 [ 4 158:163]
101 [ 8 163:168]
 -5 [ 8 181:181]

y[13869] = 1.0
Vehicle: 303  Cost: 101.53
Route: 3 123 76 69 126 88 52 108 106 -3 
  3 [ 9  53:271]
123 [10 300:305]
 76 [ 8 310:315]
 69 [ 4 322:327]
126 [ 5 327:332]
 88 [ 8 420:425]
 52 [ 5 441:446]
108 [ 9 446:451]
106 [10 472:477]
 -3 [10 491:491]

y[14208] = 1.0
Vehicle: 201  Cost: 57.01
Route: 2 9 82 45 36 128 -2 
  2 [ 8  34:283]
  9 [ 5 300:305]
 82 [ 9 305:310]
 45 [ 5 323:328]
 36 [ 4 334:339]
128 [ 6 344:349]
 -2 [ 6 365:365]

y[14293] = 1.0
Vehicle: 305  Cost: 37.50
Route: 3 43 19 -3 
  3 [ 6 204:219]
 43 [ 2 236:241]
 19 [ 0 300:305]
 -3 [ 0 322:322]

FE: 4
SE: 23
!MIP-----
2249.6217634691307,5401.590291023254,0.047163927039431314,4,23,28788,15231

Run: 4
Total Cost: 2236.90
Vehicle: 11  Cost: 67.94
Route: 1 2 -2 -1 
 1 [ 37   0:  0 [9, 42, 63, 50, 47, 20, 11, 15, 28, 31, 72, 13, 62, 8]]
 2 [  0  34: 34 []]
-2 [ 21  34:383 [117, 102, 92, 98, 82, 93, 107, 105]]
-1 [ 21 417:417 [117, 102, 92, 98, 82, 93, 107, 105]]

Vehicle: 14  Cost: 106.30
Route: 1 3 -3 -1 
 1 [ 67   0:  0 [65, 74, 76, 77, 10, 41, 44, 26, 21, 19, 66, 54, 27, 43, 79, 68, 56, 30, 58, 69, 7, 67, 48, 6]]
 3 [  0  53: 53 []]
-3 [ 47  53:492 [108, 111, 126, 88, 131, 100, 123, 116, 115, 125, 80, 129, 96, 106, 113, 87, 83, 103]]
-1 [ 47 545:545 [108, 111, 126, 88, 131, 100, 123, 116, 115, 125, 80, 129, 96, 106, 113, 87, 83, 103]]

Vehicle: 15  Cost: 155.05
Route: 1 4 -4 -1 
 1 [ 54   0:  0 [34, 59, 49, 17, 57, 73, 25, 24, 78, 53, 32, 14, 71, 22, 52, 60, 12, 37, 23, 70, 33]]
 4 [  0  78: 78 []]
-4 [ 42  78:340 [85, 95, 110, 119, 81, 94, 122, 130, 101, 104, 127, 97, 114, 89, 118, 86]]
-1 [ 42 417:417 [85, 95, 110, 119, 81, 94, 122, 130, 101, 104, 127, 97, 114, 89, 118, 86]]

Vehicle: 19  Cost: 120.75
Route: 1 5 -5 -1 
 1 [ 34   0:  0 [29, 16, 46, 36, 55, 64, 51, 40, 61, 45, 38, 75, 18, 39, 35]]
 5 [  0  60: 60 []]
-5 [ 24  60:416 [124, 128, 112, 91, 84, 109, 121, 99, 90, 120]]
-1 [ 24 476:476 [124, 128, 112, 91, 84, 109, 121, 99, 90, 120]]

Vehicle: 201  Cost: 34.42
Route: 2 11 28 102 42 -2 
  2 [ 9  34: 49]
 11 [ 6  59: 64]
 28 [ 4  71: 76]
102 [ 7 180:185]
 42 [ 3 185:190]
 -2 [ 3 200:200]

Vehicle: 202  Cost: 96.18
Route: 2 72 98 63 15 107 93 20 92 -2 
  2 [10  34: 49]
 72 [ 6  73: 78]
 98 [ 8  89: 94]
 63 [ 7  98:103]
 15 [ 4 300:305]
107 [ 5 311:316]
 93 [ 9 325:330]
 20 [ 7 346:351]
 92 [ 9 351:356]
 -2 [ 9 368:368]

Vehicle: 203  Cost: 40.29
Route: 2 13 62 31 -2 
  2 [10  34:286]
 13 [ 7 300:305]
 62 [ 3 316:321]
 31 [ 0 326:331]
 -2 [ 0 341:341]

Vehicle: 205  Cost: 69.91
Route: 2 105 50 47 117 8 9 82 -2 
  2 [ 8  34: 49]
105 [ 9  73: 78]
 50 [ 8  78: 83]
 47 [ 5 300:305]
117 [ 9 309:314]
  8 [ 8 320:325]
  9 [ 5 335:340]
 82 [ 9 340:345]
 -2 [ 9 363:363]

Vehicle: 301  Cost: 65.22
Route: 3 41 77 111 19 54 116 -3 
  3 [ 9  53: 68]
 41 [ 6  97:102]
 77 [ 4 107:112]
111 [ 5 300:305]
 19 [ 3 313:318]
 54 [ 1 323:328]
116 [ 5 420:425]
 -3 [ 5 429:429]

Vehicle: 302  Cost: 67.73
Route: 3 27 26 65 -3 
  3 [ 9  53:266]
 27 [ 5 300:305]
 26 [ 4 305:310]
 65 [ 0 320:325]
 -3 [ 0 349:349]

Vehicle: 303  Cost: 90.65
Route: 3 79 76 87 69 126 108 106 -3 
  3 [10  53: 68]
 79 [ 6  98:103]
 76 [ 4 300:305]
 87 [ 8 312:317]
 69 [ 4 318:323]
126 [ 5 323:328]
108 [ 9 420:425]
106 [10 446:451]
 -3 [10 465:465]

Vehicle: 305  Cost: 40.54
Route: 3 43 56 113 83 10 -3 
  3 [10  53: 68]
 43 [ 6  86: 91]
 56 [ 2 300:305]
113 [ 5 305:310]
 83 [ 9 314:319]
 10 [ 7 319:324]
 -3 [ 7 337:337]

Vehicle: 306  Cost: 103.91
Route: 3 7 30 96 129 74 88 123 -3 
  3 [10  53: 68]
  7 [ 8  76: 81]
 30 [ 4 118:123]
 96 [ 5 123:128]
129 [ 8 132:137]
 74 [ 4 137:142]
 88 [ 7 420:425]
123 [ 8 443:448]
 -3 [ 8 477:477]

Vehicle: 308  Cost: 155.10
Route: 3 21 100 67 66 48 103 44 131 -3 
  3 [10  53:136]
 21 [ 6 180:185]
100 [ 9 212:217]
 67 [ 8 300:305]
 66 [ 5 318:323]
 48 [ 4 337:342]
103 [ 8 352:357]
 44 [ 7 420:425]
131 [10 433:438]
 -3 [10 465:465]

Vehicle: 311  Cost: 79.76
Route: 3 68 125 6 80 58 115 -3 
  3 [ 9  53: 68]
 68 [ 6 107:112]
125 [10 112:117]
  6 [ 6 300:305]
 80 [ 8 305:310]
 58 [ 6 317:322]
115 [ 7 322:327]
 -3 [ 7 356:356]

Vehicle: 401  Cost: 16.34
Route: 4 97 33 59 -4 
  4 [ 4  78: 93]
 97 [ 8  98:103]
 33 [ 6 300:305]
 59 [ 4 309:314]
 -4 [ 4 320:320]

Vehicle: 402  Cost: 10.77
Route: 4 127 71 -4 
  4 [ 4  78: 93]
127 [ 8  98:103]
 71 [ 4 103:108]
 -4 [ 4 113:113]

Vehicle: 403  Cost: 52.72
Route: 4 14 130 78 24 94 104 49 -4 
  4 [ 6  78:170]
 14 [ 5 180:185]
130 [ 8 197:202]
 78 [ 7 202:207]
 24 [ 4 218:223]
 94 [ 7 223:228]
104 [ 8 300:305]
 49 [ 7 305:310]
 -4 [ 7 325:325]

Vehicle: 404  Cost: 92.49
Route: 4 32 86 12 85 122 25 95 89 17 -4 
  4 [10  78: 93]
 32 [ 7 112:117]
 86 [ 8 124:129]
 12 [ 4 180:185]
 85 [ 8 185:190]
122 [ 9 210:215]
 25 [ 7 219:224]
 95 [ 9 224:229]
 89 [10 239:244]
 17 [ 9 244:249]
 -4 [ 9 270:270]

Vehicle: 405  Cost: 64.67
Route: 4 23 70 52 -4 
  4 [10  78: 93]
 23 [ 7 113:118]
 70 [ 3 300:305]
 52 [ 0 420:425]
 -4 [ 0 447:447]

Vehicle: 406  Cost: 131.32
Route: 4 73 60 119 37 110 118 22 -4 
  4 [10  78: 93]
 73 [ 7 123:128]
 60 [ 3 134:139]
119 [ 6 139:144]
 37 [ 4 152:157]
110 [ 5 167:172]
118 [ 9 182:187]
 22 [ 8 225:230]
 -4 [ 8 259:259]

Vehicle: 407  Cost: 135.91
Route: 4 53 34 114 57 101 81 -4 
  4 [10  78: 93]
 53 [ 7 114:119]
 34 [ 3 141:146]
114 [ 5 165:170]
 57 [ 2 170:175]
101 [ 6 212:217]
 81 [10 227:232]
 -4 [10 258:258]

Vehicle: 501  Cost: 116.19
Route: 5 40 35 99 124 75 39 46 -5 
  5 [10  60: 75]
 40 [ 6  88: 93]
 35 [ 5 104:109]
 99 [ 7 109:114]
124 [10 300:305]
 75 [ 8 310:315]
 39 [ 6 328:333]
 46 [ 5 351:356]
 -5 [ 5 392:392]

Vehicle: 502  Cost: 63.14
Route: 5 121 45 36 128 -5 
  5 [ 5  60: 75]
121 [ 9  85: 90]
 45 [ 5 300:305]
 36 [ 4 311:316]
128 [ 6 321:326]
 -5 [ 6 347:347]

Vehicle: 504  Cost: 179.29
Route: 5 61 120 29 38 16 91 90 84 -5 
  5 [ 9  60: 75]
 61 [ 8  96:101]
120 [10 180:185]
 29 [ 9 209:214]
 38 [ 6 240:245]
 16 [ 2 300:305]
 91 [ 4 314:319]
 90 [ 8 323:328]
 84 [10 365:370]
 -5 [10 401:401]

Vehicle: 505  Cost: 80.31
Route: 5 51 109 64 55 112 18 -5 
  5 [10  60:168]
 51 [ 6 180:185]
109 [ 8 201:206]
 64 [ 6 300:305]
 55 [ 3 311:316]
112 [ 4 316:321]
 18 [ 3 328:333]
 -5 [ 3 355:355]

Total Cost: 2236.90
 11:67.94, 37:75 [1, 2, -2, -1]
 14:106.30, 67:75 [1, 3, -3, -1]
 15:155.05, 54:75 [1, 4, -4, -1]
 19:120.75, 34:75 [1, 5, -5, -1]
201:34.42, 9:10 [2, 11, 28, 102, 42, -2]
202:96.18, 10:10 [2, 72, 98, 63, 15, 107, 93, 20, 92, -2]
203:40.29, 10:10 [2, 13, 62, 31, -2]
205:69.91, 9:10 [2, 105, 50, 47, 117, 8, 9, 82, -2]
301:65.22, 9:10 [3, 41, 77, 111, 19, 54, 116, -3]
302:67.73, 9:10 [3, 27, 26, 65, -3]
303:90.65, 10:10 [3, 79, 76, 87, 69, 126, 108, 106, -3]
305:40.54, 10:10 [3, 43, 56, 113, 83, 10, -3]
306:103.91, 10:10 [3, 7, 30, 96, 129, 74, 88, 123, -3]
308:155.10, 10:10 [3, 21, 100, 67, 66, 48, 103, 44, 131, -3]
311:79.76, 10:10 [3, 68, 125, 6, 80, 58, 115, -3]
401:16.34, 8:10 [4, 97, 33, 59, -4]
402:10.77, 8:10 [4, 127, 71, -4]
403:52.72, 8:10 [4, 14, 130, 78, 24, 94, 104, 49, -4]
404:92.49, 10:10 [4, 32, 86, 12, 85, 122, 25, 95, 89, 17, -4]
405:64.67, 10:10 [4, 23, 70, 52, -4]
406:131.32, 10:10 [4, 73, 60, 119, 37, 110, 118, 22, -4]
407:135.91, 10:10 [4, 53, 34, 114, 57, 101, 81, -4]
501:116.19, 10:10 [5, 40, 35, 99, 124, 75, 39, 46, -5]
502:63.14, 9:10 [5, 121, 45, 36, 128, -5]
504:179.29, 10:10 [5, 61, 120, 29, 38, 16, 91, 90, 84, -5]
505:80.31, 10:10 [5, 51, 109, 64, 55, 112, 18, -5]
fe: 4, se: 22

!ALNS------------
100000,2236.900129261767,511.266,88.887,4,22,0.64,0.95,31.5,5.7272727272727275
17 23 12 6 0 0 6 0 
11.036844172979482 26.56289766467721 16.85707806298961 16.431179955858973 13.45610124603733 76.18272882704552 17.78119451940511 57.39704067566961 
6 12 10 4 7 6 15 4 
19.13525697623612 20.195676989560454 18.88766330871125 18.746552842342208 26.365659402974593 18.466337570924026 19.336153378949376 16.040986715457986 

x[2250] = 1.0
Vehicle: 15  Cost: 155.05
Route: 1 4 -4 -1 
 1 [ 54   0:  0 [49, 24, 78, 14, 71, 53, 17, 23, 33, 37, 25, 32, 52, 60, 34, 59, 70, 79, 12, 57]]
 4 [  0  78: 78 []]
-4 [ 44  78:340 [95, 81, 130, 104, 97, 86, 122, 127, 118, 101, 119, 114, 89, 94, 84, 110, 85]]
-1 [ 44 417:417 [95, 81, 130, 104, 97, 86, 122, 127, 118, 101, 119, 114, 89, 94, 84, 110, 85]]

x[7335] = 1.0
Vehicle: 14  Cost: 106.30
Route: 1 3 -3 -1 
 1 [ 67   0:  0 [56, 44, 77, 66, 30, 73, 65, 43, 48, 21, 54, 41, 76, 6, 58, 22, 27, 26, 7, 67, 19, 74, 69, 10, 68]]
 3 [  0  53: 53 []]
-3 [ 47  53:509 [108, 106, 125, 80, 96, 111, 88, 103, 83, 100, 87, 115, 116, 131, 123, 113, 129, 126]]
-1 [ 47 562:562 [108, 106, 125, 80, 96, 111, 88, 103, 83, 100, 87, 115, 116, 131, 123, 113, 129, 126]]

x[7544] = 1.0
Vehicle: 19  Cost: 120.75
Route: 1 5 -5 -1 
 1 [ 29   0:  0 [16, 39, 29, 61, 55, 51, 35, 18, 40, 64, 38, 75, 46]]
 5 [  0  60: 60 []]
-5 [ 22  60:416 [91, 124, 84, 112, 120, 99, 109, 90, 121]]
-1 [ 22 476:476 [91, 124, 84, 112, 120, 99, 109, 90, 121]]

x[8502] = 1.0
Vehicle: 11  Cost: 67.94
Route: 1 2 -2 -1 
 1 [ 42   0:  0 [9, 63, 62, 8, 13, 36, 72, 42, 50, 28, 15, 11, 20, 31, 45, 47]]
 2 [  0  34: 34 []]
-2 [ 23  34:385 [102, 92, 98, 93, 107, 128, 105, 117, 82]]
-1 [ 23 419:419 [102, 92, 98, 93, 107, 128, 105, 117, 82]]

y[528] = 1.0
Vehicle: 303  Cost: 94.90
Route: 3 7 58 115 76 87 69 108 106 -3 
  3 [10  53: 68]
  7 [ 8  76: 81]
 58 [ 6 300:305]
115 [ 7 305:310]
 76 [ 5 323:328]
 87 [ 9 335:340]
 69 [ 5 341:346]
108 [ 9 420:425]
106 [10 446:451]
 -3 [10 465:465]

y[1257] = 1.0
Vehicle: 203  Cost: 65.81
Route: 2 50 105 47 117 8 13 -2 
  2 [ 8  34: 49]
 50 [ 7  73: 78]
105 [ 8  78: 83]
 47 [ 5 300:305]
117 [ 9 309:314]
  8 [ 8 320:325]
 13 [ 5 335:340]
 -2 [ 5 354:354]

y[2368] = 1.0
Vehicle: 306  Cost: 103.60
Route: 3 22 96 30 74 129 88 126 123 -3 
  3 [ 9  53: 68]
 22 [ 8 103:108]
 96 [ 9 117:122]
 30 [ 5 122:127]
 74 [ 1 131:136]
129 [ 4 136:141]
 88 [ 7 420:425]
126 [ 8 434:439]
123 [ 9 449:454]
 -3 [ 9 483:483]

y[2398] = 1.0
Vehicle: 305  Cost: 40.54
Route: 3 43 113 56 83 10 -3 
  3 [10 117:132]
 43 [ 6 150:155]
113 [ 9 300:305]
 56 [ 5 305:310]
 83 [ 9 314:319]
 10 [ 7 319:324]
 -3 [ 7 337:337]

y[2566] = 1.0
Vehicle: 311  Cost: 79.52
Route: 3 73 68 125 6 131 -3 
  3 [10  53: 68]
 73 [ 7  87: 92]
 68 [ 4 112:117]
125 [ 8 117:122]
  6 [ 4 300:305]
131 [ 7 313:318]
 -3 [ 7 345:345]

y[2747] = 1.0
Vehicle: 404  Cost: 135.91
Route: 4 53 34 57 114 101 81 -4 
  4 [10  78: 93]
 53 [ 7 114:119]
 34 [ 3 141:146]
 57 [ 0 165:170]
114 [ 2 170:175]
101 [ 6 212:217]
 81 [10 227:232]
 -4 [10 258:258]

y[2771] = 1.0
Vehicle: 501  Cost: 116.19
Route: 5 40 99 35 124 75 39 46 -5 
  5 [10  60: 75]
 40 [ 6  88: 93]
 99 [ 8 104:109]
 35 [ 7 109:114]
124 [10 300:305]
 75 [ 8 310:315]
 39 [ 6 328:333]
 46 [ 5 351:356]
 -5 [ 5 392:392]

y[3450] = 1.0
Vehicle: 505  Cost: 80.31
Route: 5 51 109 64 55 112 18 -5 
  5 [10 169:184]
 51 [ 6 196:201]
109 [ 8 217:222]
 64 [ 6 300:305]
 55 [ 3 311:316]
112 [ 4 316:321]
 18 [ 3 328:333]
 -5 [ 3 355:355]

y[4038] = 1.0
Vehicle: 202  Cost: 96.18
Route: 2 72 98 63 15 107 93 20 92 -2 
  2 [10 195:210]
 72 [ 6 234:239]
 98 [ 8 250:255]
 63 [ 7 260:265]
 15 [ 4 300:305]
107 [ 5 311:316]
 93 [ 9 325:330]
 20 [ 7 346:351]
 92 [ 9 351:356]
 -2 [ 9 368:368]

y[4358] = 1.0
Vehicle: 202  Cost: 28.98
Route: 2 62 31 -2 
  2 [ 7 370:385]
 62 [ 3 399:404]
 31 [ 0 409:414]
 -2 [ 0 424:424]

y[4855] = 1.0
Vehicle: 403  Cost: 52.72
Route: 4 14 78 130 24 94 104 49 -4 
  4 [ 6  78:170]
 14 [ 5 180:185]
 78 [ 4 197:202]
130 [ 7 202:207]
 24 [ 4 218:223]
 94 [ 7 223:228]
104 [ 8 300:305]
 49 [ 7 305:310]
 -4 [ 7 325:325]

y[8455] = 1.0
Vehicle: 308  Cost: 155.10
Route: 3 21 100 67 66 48 103 44 80 -3 
  3 [10  53:136]
 21 [ 6 180:185]
100 [ 9 212:217]
 67 [ 8 300:305]
 66 [ 5 318:323]
 48 [ 4 337:342]
103 [ 8 352:357]
 44 [ 7 420:425]
 80 [ 9 425:430]
 -3 [ 9 465:465]

y[9852] = 1.0
Vehicle: 405  Cost: 64.67
Route: 4 23 70 52 -4 
  4 [10  93:108]
 23 [ 7 128:133]
 70 [ 3 300:305]
 52 [ 0 420:425]
 -4 [ 0 447:447]

y[9933] = 1.0
Vehicle: 504  Cost: 20.10
Route: 5 121 -5 
  5 [ 0   0: 15]
121 [ 4  25: 30]
 -5 [ 4  40: 40]

y[10282] = 1.0
Vehicle: 201  Cost: 34.42
Route: 2 11 28 102 42 -2 
  2 [ 9 195:210]
 11 [ 6 220:225]
 28 [ 4 232:237]
102 [ 7 245:250]
 42 [ 3 250:255]
 -2 [ 3 265:265]

y[12263] = 1.0
Vehicle: 302  Cost: 65.22
Route: 3 41 77 111 19 54 116 -3 
  3 [ 9  53: 68]
 41 [ 6  97:102]
 77 [ 4 107:112]
111 [ 5 300:305]
 19 [ 3 313:318]
 54 [ 1 323:328]
116 [ 5 420:425]
 -3 [ 5 429:429]

y[12685] = 1.0
Vehicle: 401  Cost: 16.34
Route: 4 97 33 59 -4 
  4 [ 4  78: 93]
 97 [ 8  98:103]
 33 [ 6 300:305]
 59 [ 4 309:314]
 -4 [ 4 320:320]

y[13493] = 1.0
Vehicle: 402  Cost: 10.77
Route: 4 71 127 -4 
  4 [ 4  93:108]
 71 [ 0 113:118]
127 [ 4 118:123]
 -4 [ 4 128:128]

y[14236] = 1.0
Vehicle: 308  Cost: 67.73
Route: 3 26 27 65 -3 
  3 [ 9 106:266]
 26 [ 8 300:305]
 27 [ 4 305:310]
 65 [ 0 320:325]
 -3 [ 0 349:349]

y[14358] = 1.0
Vehicle: 205  Cost: 57.01
Route: 2 9 82 45 36 128 -2 
  2 [ 8  34:283]
  9 [ 5 300:305]
 82 [ 9 305:310]
 45 [ 5 323:328]
 36 [ 4 334:339]
128 [ 6 344:349]
 -2 [ 6 365:365]

y[15200] = 1.0
Vehicle: 409  Cost: 123.09
Route: 4 79 60 119 110 118 37 -4 
  4 [10  78: 93]
 79 [ 6 128:133]
 60 [ 2 138:143]
119 [ 5 143:148]
110 [ 6 165:170]
118 [10 180:185]
 37 [ 8 203:208]
 -4 [ 8 246:246]

y[15253] = 1.0
Vehicle: 504  Cost: 179.29
Route: 5 61 120 29 38 16 91 90 84 -5 
  5 [ 9 150:165]
 61 [ 8 186:191]
120 [10 213:218]
 29 [ 9 243:248]
 38 [ 6 273:278]
 16 [ 2 300:305]
 91 [ 4 314:319]
 90 [ 8 323:328]
 84 [10 365:370]
 -5 [10 401:401]

y[15265] = 1.0
Vehicle: 404  Cost: 92.49
Route: 4 32 86 12 85 122 25 95 89 17 -4 
  4 [10  93:108]
 32 [ 7 128:133]
 86 [ 8 139:144]
 12 [ 4 180:185]
 85 [ 8 185:190]
122 [ 9 210:215]
 25 [ 7 219:224]
 95 [ 9 224:229]
 89 [10 239:244]
 17 [ 9 244:249]
 -4 [ 9 270:270]

FE: 4
SE: 23
!MIP-----
2230.9323528008563,5402.1763389110565,0.02176671465206807,4,23,10010,15377

Run: 5
Total Cost: 2188.41
Vehicle: 11  Cost: 106.30
Route: 1 3 -3 -1 
 1 [ 71   0:  0 [7, 26, 22, 52, 60, 67, 56, 66, 21, 27, 37, 10, 44, 54, 69, 79, 6, 73, 19, 68, 58, 76, 65, 43, 70, 48]]
 3 [  0  53: 53 []]
-3 [ 43  53:513 [108, 80, 113, 115, 131, 123, 126, 100, 103, 106, 116, 88, 125, 87, 83, 111]]
-1 [ 43 566:566 [108, 80, 113, 115, 131, 123, 126, 100, 103, 106, 116, 88, 125, 87, 83, 111]]

Vehicle: 14  Cost: 67.94
Route: 1 2 -2 -1 
 1 [ 47   0:  0 [13, 28, 72, 50, 42, 47, 9, 77, 11, 63, 15, 36, 20, 62, 8, 45, 41, 31]]
 2 [  0  34: 34 []]
-2 [ 28  34:378 [93, 118, 110, 107, 82, 92, 105, 102, 117, 128, 98]]
-1 [ 28 412:412 [93, 118, 110, 107, 82, 92, 105, 102, 117, 128, 98]]

Vehicle: 15  Cost: 155.19
Route: 1 4 -4 -3 -1 
 1 [ 51   0:  0 [53, 17, 74, 71, 29, 25, 24, 75, 38, 59, 23, 34, 78, 14, 32, 30, 16, 12, 33]]
 4 [  0  78: 78 []]
-4 [ 36  78:377 [124, 129, 130, 86, 127, 122, 90, 95, 84, 85, 94, 120, 89, 91, 96]]
-3 [ 39 402:417 [119, 124, 129, 130, 86, 127, 122, 90, 95, 84, 85, 94, 120, 89, 91, 96]]
-1 [ 39 470:470 [124, 129, 130, 86, 127, 122, 90, 95, 84, 85, 94, 120, 119, 89, 91, 96]]

Vehicle: 16  Cost: 120.75
Route: 1 5 -5 -1 
 1 [ 23   0:  0 [57, 46, 51, 39, 49, 64, 35, 40, 18, 55, 61]]
 5 [  0  60: 60 []]
-5 [ 24  60:354 [101, 99, 81, 112, 97, 109, 121, 114, 104]]
-1 [ 24 414:414 [101, 99, 81, 112, 97, 109, 121, 114, 104]]

Vehicle: 201  Cost: 56.34
Route: 2 42 102 128 36 45 -2 
  2 [ 9  34:170]
 42 [ 5 180:185]
102 [ 8 185:190]
128 [10 300:305]
 36 [ 9 310:315]
 45 [ 5 321:326]
 -2 [ 5 349:349]

Vehicle: 202  Cost: 40.29
Route: 2 31 62 13 -2 
  2 [10  34:290]
 31 [ 7 300:305]
 62 [ 3 310:315]
 13 [ 0 326:331]
 -2 [ 0 345:345]

Vehicle: 203  Cost: 74.92
Route: 2 11 63 98 72 20 92 -2 
  2 [10  34: 49]
 11 [ 7  59: 64]
 63 [ 6  88: 93]
 98 [ 8  97:102]
 72 [ 4 113:118]
 20 [ 2 300:305]
 92 [ 4 305:310]
 -2 [ 4 322:322]

Vehicle: 204  Cost: 134.79
Route: 2 28 77 41 110 118 15 107 93 -2 
  2 [10  34: 49]
 28 [ 8  55: 60]
 77 [ 6  79: 84]
 41 [ 3  89: 94]
110 [ 4 121:126]
118 [ 8 136:141]
 15 [ 5 300:305]
107 [ 6 311:316]
 93 [10 325:330]
 -2 [10 355:355]

Vehicle: 206  Cost: 69.91
Route: 2 105 50 47 117 8 9 82 -2 
  2 [ 8  34: 49]
105 [ 9  73: 78]
 50 [ 8  78: 83]
 47 [ 5 300:305]
117 [ 9 309:314]
  8 [ 8 320:325]
  9 [ 5 335:340]
 82 [ 9 340:345]
 -2 [ 9 363:363]

Vehicle: 301  Cost: 72.23
Route: 3 111 27 26 65 -3 
  3 [ 9  53:281]
111 [10 300:305]
 27 [ 6 324:329]
 26 [ 5 329:334]
 65 [ 1 344:349]
 -3 [ 1 373:373]

Vehicle: 302  Cost: 155.10
Route: 3 21 100 67 66 48 103 44 131 -3 
  3 [10  53:136]
 21 [ 6 180:185]
100 [ 9 212:217]
 67 [ 8 300:305]
 66 [ 5 318:323]
 48 [ 4 337:342]
103 [ 8 352:357]
 44 [ 7 420:425]
131 [10 433:438]
 -3 [10 465:465]

Vehicle: 303  Cost: 38.91
Route: 3 43 19 54 116 -3 
  3 [ 8  53: 68]
 43 [ 4  86: 91]
 19 [ 2 300:305]
 54 [ 0 310:315]
116 [ 4 420:425]
 -3 [ 4 429:429]

Vehicle: 304  Cost: 56.56
Route: 3 73 119 60 37 -3 
  3 [ 9  53: 68]
 73 [ 6  87: 92]
119 [ 9  98:103]
 60 [ 5 103:108]
 37 [ 3 116:121]
 -3 [ 3 145:145]

Vehicle: 305  Cost: 83.84
Route: 3 79 76 87 69 126 123 -3 
  3 [10  53: 68]
 79 [ 6  98:103]
 76 [ 4 300:305]
 87 [ 8 312:317]
 69 [ 4 318:323]
126 [ 5 323:328]
123 [ 6 337:342]
 -3 [ 6 371:371]

Vehicle: 306  Cost: 99.48
Route: 3 7 22 88 70 52 108 106 -3 
  3 [10  53: 68]
  7 [ 8  76: 81]
 22 [ 7 109:114]
 88 [10 420:425]
 70 [ 6 431:436]
 52 [ 3 448:453]
108 [ 7 453:458]
106 [ 8 479:484]
 -3 [ 8 498:498]

Vehicle: 307  Cost: 34.02
Route: 3 56 113 83 10 -3 
  3 [ 6  53:283]
 56 [ 2 300:305]
113 [ 5 305:310]
 83 [ 9 314:319]
 10 [ 7 319:324]
 -3 [ 7 337:337]

Vehicle: 308  Cost: 79.76
Route: 3 68 125 6 80 58 115 -3 
  3 [ 9  53: 68]
 68 [ 6 107:112]
125 [10 112:117]
  6 [ 6 300:305]
 80 [ 8 305:310]
 58 [ 6 317:322]
115 [ 7 322:327]
 -3 [ 7 356:356]

Vehicle: 401  Cost: 87.60
Route: 4 30 96 74 129 122 25 95 -4 
  4 [10  78: 93]
 30 [ 6 129:134]
 96 [ 7 134:139]
 74 [ 3 144:149]
129 [ 6 149:154]
122 [ 7 166:171]
 25 [ 5 175:180]
 95 [ 7 180:185]
 -4 [ 7 215:215]

Vehicle: 403  Cost: 90.81
Route: 4 17 89 23 86 38 32 -4 
  4 [10  78: 93]
 17 [ 9 114:119]
 89 [10 119:124]
 23 [ 7 129:134]
 86 [ 8 141:146]
 38 [ 5 161:166]
 32 [ 2 188:193]
 -4 [ 2 213:213]

Vehicle: 404  Cost: 79.12
Route: 4 14 29 12 85 16 91 90 -4 
  4 [10  78:170]
 14 [ 9 180:185]
 29 [ 8 197:202]
 12 [ 4 220:225]
 85 [ 8 225:230]
 16 [ 4 300:305]
 91 [ 6 314:319]
 90 [10 323:328]
 -4 [10 352:352]

Vehicle: 405  Cost: 98.37
Route: 4 53 120 34 75 124 84 -4 
  4 [ 9  78: 93]
 53 [ 6 114:119]
120 [ 8 180:185]
 34 [ 4 208:213]
 75 [ 2 300:305]
124 [ 5 310:315]
 84 [ 7 340:345]
 -4 [ 7 362:362]

Vehicle: 406  Cost: 10.77
Route: 4 127 71 -4 
  4 [ 4  78: 93]
127 [ 8  98:103]
 71 [ 4 103:108]
 -4 [ 4 113:113]

Vehicle: 407  Cost: 38.89
Route: 4 78 130 24 94 59 33 -4 
  4 [ 8  78:172]
 78 [ 7 180:185]
130 [10 185:190]
 24 [ 7 201:206]
 94 [10 206:211]
 59 [ 8 300:305]
 33 [ 6 309:314]
 -4 [ 6 320:320]

Vehicle: 501  Cost: 50.86
Route: 5 121 109 51 -5 
  5 [ 4  60: 75]
121 [ 8  85: 90]
109 [10 103:108]
 51 [ 6 180:185]
 -5 [ 6 197:197]

Vehicle: 502  Cost: 111.96
Route: 5 61 39 46 55 64 -5 
  5 [ 9  60: 75]
 61 [ 8  96:101]
 39 [ 6 300:305]
 46 [ 5 322:327]
 55 [ 2 335:340]
 64 [ 0 346:351]
 -5 [ 0 376:376]

Vehicle: 503  Cost: 96.08
Route: 5 40 101 35 99 57 114 112 18 -5 
  5 [ 9  60: 75]
 40 [ 5  88: 93]
101 [ 9  93: 98]
 35 [ 8 109:114]
 99 [10 114:119]
 57 [ 7 144:149]
114 [ 9 149:154]
112 [10 300:305]
 18 [ 9 312:317]
 -5 [ 9 339:339]

Vehicle: 504  Cost: 77.64
Route: 5 81 97 104 49 -5 
  5 [ 1  60: 75]
 81 [ 5  92: 97]
 97 [ 9 119:124]
104 [10 300:305]
 49 [ 9 305:310]
 -5 [ 9 339:339]

Total Cost: 2188.41
 11:106.30, 71:75 [1, 3, -3, -1]
 14:67.94, 47:75 [1, 2, -2, -1]
 15:155.19, 51:75 [1, 4, -4, -3, -1]
 16:120.75, 24:75 [1, 5, -5, -1]
201:56.34, 10:10 [2, 42, 102, 128, 36, 45, -2]
202:40.29, 10:10 [2, 31, 62, 13, -2]
203:74.92, 10:10 [2, 11, 63, 98, 72, 20, 92, -2]
204:134.79, 10:10 [2, 28, 77, 41, 110, 118, 15, 107, 93, -2]
206:69.91, 9:10 [2, 105, 50, 47, 117, 8, 9, 82, -2]
301:72.23, 10:10 [3, 111, 27, 26, 65, -3]
302:155.10, 10:10 [3, 21, 100, 67, 66, 48, 103, 44, 131, -3]
303:38.91, 8:10 [3, 43, 19, 54, 116, -3]
304:56.56, 9:10 [3, 73, 119, 60, 37, -3]
305:83.84, 10:10 [3, 79, 76, 87, 69, 126, 123, -3]
306:99.48, 10:10 [3, 7, 22, 88, 70, 52, 108, 106, -3]
307:34.02, 9:10 [3, 56, 113, 83, 10, -3]
308:79.76, 10:10 [3, 68, 125, 6, 80, 58, 115, -3]
401:87.60, 10:10 [4, 30, 96, 74, 129, 122, 25, 95, -4]
403:90.81, 10:10 [4, 17, 89, 23, 86, 38, 32, -4]
404:79.12, 10:10 [4, 14, 29, 12, 85, 16, 91, 90, -4]
405:98.37, 9:10 [4, 53, 120, 34, 75, 124, 84, -4]
406:10.77, 8:10 [4, 127, 71, -4]
407:38.89, 10:10 [4, 78, 130, 24, 94, 59, 33, -4]
501:50.86, 10:10 [5, 121, 109, 51, -5]
502:111.96, 9:10 [5, 61, 39, 46, 55, 64, -5]
503:96.08, 10:10 [5, 40, 101, 35, 99, 57, 114, 112, 18, -5]
504:77.64, 10:10 [5, 81, 97, 104, 49, -5]
fe: 4, se: 23

!ALNS------------
100000,2188.410953659482,498.445,177.494,4,23,0.6433333333333333,0.9608695652173913,31.5,5.478260869565218
18 14 16 11 0 0 7 0 
11.990930729349763 28.741681971530067 14.994530169183486 15.242918652229596 115.49983241810014 30.56140999345241 18.345948849536796 39.09763370911417 
9 6 8 9 4 12 15 3 
20.1211961136832 21.504592175859162 18.531033427260997 17.31322480042087 19.996563668690392 20.375110878712448 17.20600594337617 18.24001872821679 

x[1645] = 1.0
Vehicle: 14  Cost: 67.94
Route: 1 2 -2 -1 
 1 [ 47   0:  0 [36, 8, 45, 50, 72, 13, 20, 15, 9, 11, 41, 42, 31, 62, 77, 47, 63, 28]]
 2 [  0  34: 34 []]
-2 [ 31  34:381 [93, 110, 107, 98, 128, 105, 117, 92, 82, 102, 118, 100]]
-1 [ 31 415:415 [93, 110, 107, 98, 128, 105, 117, 92, 82, 102, 118, 100]]

x[5058] = 1.0
Vehicle: 15  Cost: 155.19
Route: 1 4 -4 -3 -1 
 1 [ 51   0:  0 [78, 25, 24, 53, 17, 59, 71, 33, 23, 34, 30, 29, 16, 75, 14, 32, 12, 74, 38]]
 4 [  0  78: 78 []]
-4 [ 41  78:377 [85, 90, 89, 87, 124, 95, 122, 84, 91, 130, 126, 94, 86, 96, 129, 120, 127]]
-3 [ 45 402:417 [119, 85, 90, 89, 87, 124, 95, 122, 115, 84, 91, 130, 126, 94, 86, 96, 129, 120, 127]]
-1 [ 45 470:470 [119, 85, 90, 89, 87, 124, 95, 122, 115, 84, 91, 130, 126, 94, 86, 96, 129, 120, 127]]

x[5902] = 1.0
Vehicle: 11  Cost: 106.30
Route: 1 3 -3 -1 
 1 [ 71   0:  0 [54, 65, 60, 48, 43, 52, 44, 22, 10, 69, 21, 76, 37, 58, 68, 66, 26, 6, 56, 19, 67, 27, 70, 79, 73, 7]]
 3 [  0  53: 53 []]
-3 [ 43  53:543 [108, 113, 111, 116, 123, 80, 131, 115, 103, 83, 100, 125, 126, 87, 88, 106]]
-1 [ 43 596:596 [108, 113, 111, 116, 123, 80, 131, 115, 103, 83, 100, 125, 126, 87, 88, 106]]

x[8337] = 1.0
Vehicle: 16  Cost: 120.75
Route: 1 5 -5 -1 
 1 [ 23   0:  0 [49, 35, 46, 57, 64, 40, 61, 51, 18, 39, 55]]
 5 [  0  60: 60 []]
-5 [ 24  60:359 [101, 121, 97, 81, 104, 114, 109, 112, 99]]
-1 [ 24 419:419 [101, 121, 97, 81, 104, 114, 109, 112, 99]]

y[276] = 1.0
Vehicle: 403  Cost: 84.62
Route: 4 32 86 38 16 91 90 -4 
  4 [10 130:145]
 32 [ 7 165:170]
 86 [ 8 176:181]
 38 [ 5 197:202]
 16 [ 1 300:305]
 91 [ 3 314:319]
 90 [ 7 323:328]
 -4 [ 7 352:352]

y[600] = 1.0
Vehicle: 205  Cost: 134.79
Route: 2 28 77 41 110 118 15 107 93 -2 
  2 [10  34: 49]
 28 [ 8  55: 60]
 77 [ 6  79: 84]
 41 [ 3  89: 94]
110 [ 4 121:126]
118 [ 8 136:141]
 15 [ 5 300:305]
107 [ 6 311:316]
 93 [10 325:330]
 -2 [10 355:355]

y[862] = 1.0
Vehicle: 503  Cost: 50.86
Route: 5 51 109 121 -5 
  5 [ 4  60:168]
 51 [ 0 180:185]
109 [ 2 201:206]
121 [ 6 219:224]
 -5 [ 6 234:234]

y[1064] = 1.0
Vehicle: 405  Cost: 98.37
Route: 4 53 120 34 75 124 84 -4 
  4 [ 9 130:145]
 53 [ 6 167:172]
120 [ 8 180:185]
 34 [ 4 208:213]
 75 [ 2 300:305]
124 [ 5 310:315]
 84 [ 7 340:345]
 -4 [ 7 362:362]

y[2494] = 1.0
Vehicle: 307  Cost: 34.02
Route: 3 56 113 83 10 -3 
  3 [ 6 408:423]
 56 [ 2 440:445]
113 [ 5 445:450]
 83 [ 9 453:458]
 10 [ 7 458:463]
 -3 [ 7 477:477]

y[3623] = 1.0
Vehicle: 202  Cost: 40.29
Route: 2 13 62 31 -2 
  2 [10 320:335]
 13 [ 7 349:354]
 62 [ 3 365:370]
 31 [ 0 375:380]
 -2 [ 0 390:390]

y[4459] = 1.0
Vehicle: 402  Cost: 10.77
Route: 4 71 127 -4 
  4 [ 4 168:183]
 71 [ 0 188:193]
127 [ 4 193:198]
 -4 [ 4 204:204]

y[5336] = 1.0
Vehicle: 304  Cost: 56.56
Route: 3 73 60 119 37 -3 
  3 [ 9  53: 68]
 73 [ 6  87: 92]
 60 [ 2  98:103]
119 [ 5 103:108]
 37 [ 3 116:121]
 -3 [ 3 145:145]

y[5586] = 1.0
Vehicle: 502  Cost: 96.08
Route: 5 40 101 35 99 57 114 112 18 -5 
  5 [ 9  60: 75]
 40 [ 5  88: 93]
101 [ 9  93: 98]
 35 [ 8 109:114]
 99 [10 114:119]
 57 [ 7 144:149]
114 [ 9 149:154]
112 [10 300:305]
 18 [ 9 312:317]
 -5 [ 9 339:339]

y[5592] = 1.0
Vehicle: 203  Cost: 56.34
Route: 2 42 102 128 36 45 -2 
  2 [ 9  34:170]
 42 [ 5 180:185]
102 [ 8 185:190]
128 [10 300:305]
 36 [ 9 310:315]
 45 [ 5 321:326]
 -2 [ 5 349:349]

y[6752] = 1.0
Vehicle: 502  Cost: 111.96
Route: 5 61 39 46 55 64 -5 
  5 [ 9  78: 93]
 61 [ 8 114:119]
 39 [ 6 300:305]
 46 [ 5 322:327]
 55 [ 2 335:340]
 64 [ 0 346:351]
 -5 [ 0 376:376]

y[6906] = 1.0
Vehicle: 304  Cost: 72.23
Route: 3 111 26 27 65 -3 
  3 [ 9  53:281]
111 [10 300:305]
 26 [ 9 324:329]
 27 [ 5 329:334]
 65 [ 1 344:349]
 -3 [ 1 373:373]

y[8090] = 1.0
Vehicle: 404  Cost: 38.89
Route: 4 78 130 24 94 59 33 -4 
  4 [ 8  78:172]
 78 [ 7 180:185]
130 [10 185:190]
 24 [ 7 201:206]
 94 [10 206:211]
 59 [ 8 300:305]
 33 [ 6 309:314]
 -4 [ 6 320:320]

y[8463] = 1.0
Vehicle: 303  Cost: 38.91
Route: 3 43 19 54 116 -3 
  3 [ 8  53: 68]
 43 [ 4  86: 91]
 19 [ 2 300:305]
 54 [ 0 310:315]
116 [ 4 420:425]
 -3 [ 4 429:429]

y[9917] = 1.0
Vehicle: 306  Cost: 99.48
Route: 3 7 22 88 70 52 108 106 -3 
  3 [10  53: 68]
  7 [ 8  76: 81]
 22 [ 7 109:114]
 88 [10 420:425]
 70 [ 6 431:436]
 52 [ 3 448:453]
108 [ 7 453:458]
106 [ 8 479:484]
 -3 [ 8 498:498]

y[10603] = 1.0
Vehicle: 305  Cost: 83.84
Route: 3 79 76 87 126 69 123 -3 
  3 [10  53: 68]
 79 [ 6  98:103]
 76 [ 4 300:305]
 87 [ 8 312:317]
126 [ 9 318:323]
 69 [ 5 323:328]
123 [ 6 337:342]
 -3 [ 6 371:371]

y[11658] = 1.0
Vehicle: 308  Cost: 79.76
Route: 3 68 125 6 80 115 58 -3 
  3 [ 9  53: 68]
 68 [ 6 107:112]
125 [10 112:117]
  6 [ 6 300:305]
 80 [ 8 305:310]
115 [ 9 317:322]
 58 [ 7 322:327]
 -3 [ 7 356:356]

y[12489] = 1.0
Vehicle: 206  Cost: 69.91
Route: 2 50 105 47 117 8 9 82 -2 
  2 [ 8 202:217]
 50 [ 7 241:246]
105 [ 8 246:251]
 47 [ 5 300:305]
117 [ 9 309:314]
  8 [ 8 320:325]
  9 [ 5 335:340]
 82 [ 9 340:345]
 -2 [ 9 363:363]

y[12828] = 1.0
Vehicle: 401  Cost: 87.60
Route: 4 30 96 74 129 122 95 25 -4 
  4 [10  78: 93]
 30 [ 6 129:134]
 96 [ 7 134:139]
 74 [ 3 144:149]
129 [ 6 149:154]
122 [ 7 166:171]
 95 [ 9 175:180]
 25 [ 7 180:185]
 -4 [ 7 215:215]

y[13123] = 1.0
Vehicle: 311  Cost: 155.10
Route: 3 21 100 67 66 48 103 44 131 -3 
  3 [10  53:136]
 21 [ 6 180:185]
100 [ 9 212:217]
 67 [ 8 300:305]
 66 [ 5 318:323]
 48 [ 4 337:342]
103 [ 8 352:357]
 44 [ 7 420:425]
131 [10 433:438]
 -3 [10 465:465]

y[13573] = 1.0
Vehicle: 205  Cost: 74.92
Route: 2 11 63 98 72 20 92 -2 
  2 [10  34: 49]
 11 [ 7  59: 64]
 63 [ 6  88: 93]
 98 [ 8  97:102]
 72 [ 4 113:118]
 20 [ 2 300:305]
 92 [ 4 305:310]
 -2 [ 4 322:322]

y[13998] = 1.0
Vehicle: 501  Cost: 77.64
Route: 5 81 97 49 104 -5 
  5 [ 1  78: 93]
 81 [ 5 110:115]
 97 [ 9 137:142]
 49 [ 8 300:305]
104 [ 9 305:310]
 -5 [ 9 339:339]

y[15060] = 1.0
Vehicle: 404  Cost: 84.80
Route: 4 17 89 23 12 85 29 14 -4 
  4 [10  78: 93]
 17 [ 9 114:119]
 89 [10 119:124]
 23 [ 7 129:134]
 12 [ 3 180:185]
 85 [ 7 185:190]
 29 [ 6 208:213]
 14 [ 5 225:230]
 -4 [ 5 240:240]

FE: 4
SE: 23
!MIP-----
2187.902734010174,4804.652147769928,9.590545068729427E-5,4,23,9815,15664

