--Parameters Information--
speed=1
run=5
iteration= 100000
batch=100
restartPeriod=10000
largeRemovalOccurrence=500
initialLNS=250
lowerBoundSmallRemoval=4
smallRemoval=0.2
lowerBoundLargeRemoval=0.55
largeRemoval=0.8
initialWeight=1.0
decayRate=0.1
gamma1=9.0
gamma2=5.0
gamma3=2.0
gamma4=0.0
coolingRate=0.9995
temperatureControlParameter=0.05
initialAcceptanceProbability=0.5
perturbation=0.5
perturbationFactor=0.01
split=20000

Setup: Split
Data: B_50_6_TD

Run: 1
Total Cost: 1385.30
Vehicle: 11  Cost: 151.19
Route: 1 2 -2 -5 -4 -1 
 1 [ 16   0:  0 [13, 25, 30, 8, 34, 23]]
 2 [  0  75: 75 []]
-2 [ 24  75:514 [54, 44, 56, 58, 46, 39, 64, 41, 52]]
-5 [ 31 542:557 [55, 50, 54, 44, 56, 51, 58, 46, 39, 64, 41, 52]]
-4 [ 36 582:597 [55, 50, 54, 38, 44, 56, 51, 58, 63, 46, 39, 64, 41, 52]]
-1 [ 36 620:620 [55, 50, 54, 38, 44, 56, 51, 58, 63, 46, 39, 64, 41, 52]]

Vehicle: 16  Cost: 95.00
Route: 1 4 5 -5 -1 
 1 [ 57   0:  0 [24, 17, 19, 31, 9, 12, 15, 11, 22, 33, 29, 35, 26, 14, 20, 7, 21, 27, 28, 16, 6, 32, 10, 18]]
 4 [ 32  23: 38 [17, 9, 12, 15, 29, 35, 26, 14, 20, 28, 16, 6, 32, 10, 18]]
 5 [  0  63: 63 []]
-5 [ 36  63:365 [43, 47, 40, 49, 53, 57, 48, 59, 61, 60, 42, 45, 37, 62, 36]]
-1 [ 36 412:412 [43, 47, 40, 49, 53, 57, 48, 59, 61, 60, 42, 45, 37, 62, 36]]

Vehicle: 201  Cost: 70.84
Route: 2 13 30 56 64 44 -2 
  2 [ 6  75:280]
 13 [ 2 300:305]
 30 [ 0 314:319]
 56 [ 2 420:425]
 64 [ 5 433:438]
 44 [ 6 463:468]
 -2 [ 6 472:472]

Vehicle: 202  Cost: 151.91
Route: 2 8 34 58 23 25 41 46 -2 
  2 [10  75:259]
  8 [ 6 300:305]
 34 [ 3 308:313]
 58 [ 4 313:318]
 23 [ 3 357:362]
 25 [ 1 420:425]
 41 [ 5 456:461]
 46 [ 9 489:494]
 -2 [ 9 499:499]

Vehicle: 203  Cost: 75.15
Route: 2 52 54 39 -2 
  2 [ 0   0: 30]
 52 [ 3  60: 65]
 54 [ 6 300:305]
 39 [ 9 319:324]
 -2 [ 9 351:351]

Vehicle: 401  Cost: 146.83
Route: 4 11 33 22 31 63 -4 
  4 [10  23: 38]
 11 [ 7  74: 79]
 33 [ 6 420:425]
 22 [ 4 453:458]
 31 [ 0 470:475]
 63 [ 2 487:492]
 -4 [ 2 547:547]

Vehicle: 402  Cost: 55.99
Route: 4 24 7 38 27 -4 
  4 [10  23:165]
 24 [ 6 180:185]
  7 [ 4 300:305]
 38 [ 7 305:310]
 27 [ 3 321:326]
 -4 [ 3 347:347]

Vehicle: 403  Cost: 28.05
Route: 4 21 19 -4 
  4 [ 5  23: 38]
 21 [ 2  51: 56]
 19 [ 0  64: 69]
 -4 [ 0  76: 76]

Vehicle: 501  Cost: 112.04
Route: 5 35 14 47 15 60 53 42 -5 
  5 [ 4  63: 78]
 35 [ 3  98:103]
 14 [ 1 124:129]
 47 [ 3 129:134]
 15 [ 2 180:185]
 60 [ 4 192:197]
 53 [ 6 217:222]
 42 [10 238:243]
 -5 [10 256:256]

Vehicle: 502  Cost: 91.07
Route: 5 62 61 9 40 10 -5 
  5 [ 3  63: 78]
 62 [ 5 106:111]
 61 [ 8 126:131]
  9 [ 6 142:147]
 40 [ 8 147:152]
 10 [ 7 300:305]
 -5 [ 7 325:325]

Vehicle: 503  Cost: 165.24
Route: 5 57 17 29 59 16 48 45 -5 
  5 [ 8  63: 78]
 57 [ 9 104:109]
 17 [ 8 180:185]
 29 [ 5 193:198]
 59 [ 9 215:220]
 16 [ 5 251:256]
 48 [ 6 276:281]
 45 [10 285:290]
 -5 [10 323:323]

Vehicle: 504  Cost: 102.76
Route: 5 28 55 26 20 50 51 -5 
  5 [10  63:286]
 28 [ 8 300:305]
 55 [10 305:310]
 26 [ 6 344:349]
 20 [ 2 361:366]
 50 [ 4 366:371]
 51 [ 7 395:400]
 -5 [ 7 419:419]

Vehicle: 505  Cost: 139.23
Route: 5 49 18 12 43 6 37 32 36 -5 
  5 [ 7  63:171]
 49 [ 9 180:185]
 18 [ 8 210:215]
 12 [ 7 233:238]
 43 [ 9 238:243]
  6 [ 8 273:278]
 37 [10 278:283]
 32 [ 6 300:305]
 36 [ 9 323:328]
 -5 [ 9 350:350]

Total Cost: 1385.30
 11:151.19, 36:75 [1, 2, -2, -5, -4, -1]
 16:95.00, 57:75 [1, 4, 5, -5, -1]
201:70.84, 6:10 [2, 13, 30, 56, 64, 44, -2]
202:151.91, 10:10 [2, 8, 34, 58, 23, 25, 41, 46, -2]
203:75.15, 9:10 [2, 52, 54, 39, -2]
401:146.83, 10:10 [4, 11, 33, 22, 31, 63, -4]
402:55.99, 10:10 [4, 24, 7, 38, 27, -4]
403:28.05, 5:10 [4, 21, 19, -4]
501:112.04, 10:10 [5, 35, 14, 47, 15, 60, 53, 42, -5]
502:91.07, 8:10 [5, 62, 61, 9, 40, 10, -5]
503:165.24, 10:10 [5, 57, 17, 29, 59, 16, 48, 45, -5]
504:102.76, 10:10 [5, 28, 55, 26, 20, 50, 51, -5]
505:139.23, 10:10 [5, 49, 18, 12, 43, 6, 37, 32, 36, -5]
fe: 2, se: 11

!ALNS------------
100000,1385.2984694704442,139.952,69.313,2,11,0.62,0.8909090909090909,29.5,5.363636363636363
3 7 5 6 0 0 5 0 
11.683067000722897 20.170047489332685 11.989230496774837 13.418153409266267 26.75993063612638 26.612383273692224 13.603587121968316 27.26584923977351 
7 2 5 1 5 2 2 2 
16.003422461564856 13.505430414861786 15.748905999256726 17.024443725382042 16.439524720152832 14.523305512860313 15.794463796298029 15.373739364091197 

x[68] = 1.0
Vehicle: 11  Cost: 151.19
Route: 1 2 -2 -5 -4 -1 
 1 [ 16   0:  0 [13, 25, 30, 8, 34, 23]]
 2 [  0  75: 75 []]
-2 [ 24  75:514 [54, 44, 56, 58, 46, 39, 64, 41, 52]]
-5 [ 31 542:557 [55, 50, 54, 44, 56, 51, 58, 46, 39, 64, 41, 52]]
-4 [ 36 582:597 [55, 50, 54, 38, 44, 56, 51, 58, 63, 46, 39, 64, 41, 52]]
-1 [ 36 620:620 [55, 50, 54, 38, 44, 56, 51, 58, 63, 46, 39, 64, 41, 52]]

x[1691] = 1.0
Vehicle: 16  Cost: 95.00
Route: 1 4 5 -5 -1 
 1 [ 57   0:  0 [24, 33, 10, 28, 35, 22, 27, 32, 14, 15, 17, 20, 31, 7, 21, 18, 29, 6, 26, 16, 19, 11, 9, 12]]
 4 [ 32  23: 38 [10, 28, 35, 32, 14, 15, 17, 20, 18, 29, 6, 26, 16, 9, 12]]
 5 [  0  63: 63 []]
-5 [ 41  63:366 [55, 51, 37, 42, 59, 43, 53, 36, 45, 62, 40, 60, 49, 48, 47, 57, 61]]
-1 [ 41 413:413 [55, 51, 37, 42, 59, 43, 53, 36, 45, 62, 40, 60, 49, 48, 47, 57, 61]]

y[177] = 1.0
Vehicle: 505  Cost: 139.23
Route: 5 49 18 12 43 6 37 32 36 -5 
  5 [ 7  47:171]
 49 [ 9 180:185]
 18 [ 8 210:215]
 12 [ 7 233:238]
 43 [ 9 238:243]
  6 [ 8 273:278]
 37 [10 278:283]
 32 [ 6 300:305]
 36 [ 9 323:328]
 -5 [ 9 350:350]

y[419] = 1.0
Vehicle: 202  Cost: 151.91
Route: 2 8 58 34 23 25 41 46 -2 
  2 [10 279:294]
  8 [ 6 336:341]
 58 [ 7 344:349]
 34 [ 4 349:354]
 23 [ 3 392:397]
 25 [ 1 420:425]
 41 [ 5 456:461]
 46 [ 9 489:494]
 -2 [ 9 499:499]

y[510] = 1.0
Vehicle: 201  Cost: 70.84
Route: 2 13 30 56 64 44 -2 
  2 [ 6 312:327]
 13 [ 2 347:352]
 30 [ 0 361:366]
 56 [ 2 420:425]
 64 [ 5 433:438]
 44 [ 6 463:468]
 -2 [ 6 472:472]

y[1403] = 1.0
Vehicle: 501  Cost: 112.04
Route: 5 35 14 47 15 60 53 42 -5 
  5 [ 4 104:119]
 35 [ 3 140:145]
 14 [ 1 165:170]
 47 [ 3 170:175]
 15 [ 2 190:195]
 60 [ 4 202:207]
 53 [ 6 227:232]
 42 [10 248:253]
 -5 [10 266:266]

y[1519] = 1.0
Vehicle: 504  Cost: 102.76
Route: 5 28 55 26 50 20 51 -5 
  5 [10  47:286]
 28 [ 8 300:305]
 55 [10 305:310]
 26 [ 6 344:349]
 50 [ 8 361:366]
 20 [ 4 366:371]
 51 [ 7 395:400]
 -5 [ 7 419:419]

y[1791] = 1.0
Vehicle: 403  Cost: 28.05
Route: 4 19 21 -4 
  4 [ 5 158:173]
 19 [ 3 180:185]
 21 [ 0 193:198]
 -4 [ 0 211:211]

y[2217] = 1.0
Vehicle: 402  Cost: 55.99
Route: 4 24 38 7 27 -4 
  4 [10 267:282]
 24 [ 6 298:303]
 38 [ 9 311:316]
  7 [ 7 316:321]
 27 [ 3 332:337]
 -4 [ 3 358:358]

y[3276] = 1.0
Vehicle: 504  Cost: 165.24
Route: 5 57 17 29 59 16 48 45 -5 
  5 [ 8  63: 78]
 57 [ 9 104:109]
 17 [ 8 180:185]
 29 [ 5 193:198]
 59 [ 9 215:220]
 16 [ 5 251:256]
 48 [ 6 276:281]
 45 [10 285:290]
 -5 [10 323:323]

y[3324] = 1.0
Vehicle: 502  Cost: 91.07
Route: 5 62 61 40 9 10 -5 
  5 [ 3  63: 78]
 62 [ 5 106:111]
 61 [ 8 126:131]
 40 [10 142:147]
  9 [ 8 147:152]
 10 [ 7 300:305]
 -5 [ 7 325:325]

y[3491] = 1.0
Vehicle: 203  Cost: 75.15
Route: 2 52 54 39 -2 
  2 [ 0   0: 30]
 52 [ 3  60: 65]
 54 [ 6 300:305]
 39 [ 9 319:324]
 -2 [ 9 351:351]

y[3565] = 1.0
Vehicle: 401  Cost: 146.83
Route: 4 11 33 22 31 63 -4 
  4 [10  23: 38]
 11 [ 7  74: 79]
 33 [ 6 420:425]
 22 [ 4 453:458]
 31 [ 0 470:475]
 63 [ 2 487:492]
 -4 [ 2 547:547]

FE: 2
SE: 11
!MIP-----
1385.2984694704442,263.7542259693146,8.654435954394055E-5,2,11,2675,3738

Run: 2
Total Cost: 1383.54
Vehicle: 12  Cost: 185.39
Route: 1 4 5 -5 2 -2 -3 -4 -1 
 1 [ 54   0:  0 [35, 19, 14, 26, 24, 34, 33, 30, 28, 16, 29, 11, 8, 17, 15, 20, 21, 7, 27, 13]]
 4 [ 29  23: 38 [35, 14, 26, 34, 30, 16, 29, 8, 17, 15, 13]]
 5 [ 13  63: 63 [34, 30, 8, 13]]
-5 [ 15  63:209 [49, 34, 30, 8, 13]]
 2 [  2 238:238 [49]]
-2 [ 22 238:487 [64, 44, 52, 54, 39, 46, 58, 56, 49]]
-3 [ 33 535:550 [37, 64, 44, 52, 63, 54, 39, 46, 58, 56, 36, 41, 49]]
-4 [ 40 588:603 [55, 37, 50, 64, 44, 52, 63, 54, 39, 38, 46, 58, 56, 36, 41, 49]]
-1 [ 40 626:626 [55, 37, 50, 64, 44, 52, 63, 54, 39, 38, 46, 58, 56, 36, 41, 49]]

Vehicle: 14  Cost: 136.13
Route: 1 3 -3 -5 -1 
 1 [ 19   0:  0 [25, 23, 31, 22, 18, 32, 6, 12, 9, 10]]
 3 [  0  58: 58 []]
-3 [  9  58:226 [43, 40, 61, 62]]
-5 [ 32 257:366 [57, 48, 47, 45, 59, 51, 53, 43, 60, 42, 40, 61, 62]]
-1 [ 32 413:413 [57, 48, 47, 45, 59, 51, 53, 43, 60, 42, 40, 61, 62]]

Vehicle: 201  Cost: 75.15
Route: 2 52 54 39 -2 
  2 [ 0   0: 30]
 52 [ 3  60: 65]
 54 [ 6 300:305]
 39 [ 9 319:324]
 -2 [ 9 351:351]

Vehicle: 202  Cost: 44.97
Route: 2 46 13 -2 
  2 [ 4 238:416]
 46 [ 8 420:425]
 13 [ 4 445:450]
 -2 [ 4 470:470]

Vehicle: 203  Cost: 115.86
Route: 2 58 34 8 30 56 64 44 -2 
  2 [ 9 238:257]
 58 [10 300:305]
 34 [ 7 305:310]
  8 [ 3 313:318]
 30 [ 1 345:350]
 56 [ 3 420:425]
 64 [ 6 433:438]
 44 [ 7 463:468]
 -2 [ 7 472:472]

Vehicle: 301  Cost: 67.13
Route: 3 62 9 40 61 12 43 -3 
  3 [ 3  58: 73]
 62 [ 5  78: 83]
  9 [ 3 100:105]
 40 [ 5 105:110]
 61 [ 8 121:126]
 12 [ 7 180:185]
 43 [ 9 185:190]
 -3 [ 9 211:211]

Vehicle: 302  Cost: 94.03
Route: 3 6 37 22 31 36 10 41 -3 
  3 [ 8  58:154]
  6 [ 7 180:185]
 37 [ 9 185:190]
 22 [ 7 300:305]
 31 [ 3 420:425]
 36 [ 6 449:454]
 10 [ 5 467:472]
 41 [ 9 472:477]
 -3 [ 9 493:493]

Vehicle: 304  Cost: 73.16
Route: 3 18 25 23 63 32 -3 
  3 [ 8  58:176]
 18 [ 7 180:185]
 25 [ 5 420:425]
 23 [ 4 430:435]
 63 [ 6 455:460]
 32 [ 2 474:479]
 -3 [ 2 489:489]

Vehicle: 401  Cost: 101.04
Route: 4 28 55 20 50 27 -4 
  4 [10  23:285]
 28 [ 8 300:305]
 55 [10 305:310]
 20 [ 6 340:345]
 50 [ 8 345:350]
 27 [ 4 385:390]
 -4 [ 4 411:411]

Vehicle: 402  Cost: 98.16
Route: 4 24 11 33 7 38 -4 
  4 [10  23:165]
 24 [ 6 180:185]
 11 [ 3 210:215]
 33 [ 2 420:425]
  7 [ 0 459:464]
 38 [ 3 464:469]
 -4 [ 3 489:489]

Vehicle: 403  Cost: 28.05
Route: 4 21 19 -4 
  4 [ 5  23: 38]
 21 [ 2  51: 56]
 19 [ 0  64: 69]
 -4 [ 0  76: 76]

Vehicle: 501  Cost: 104.15
Route: 5 16 48 45 51 -5 
  5 [ 4  63: 78]
 16 [ 0 123:128]
 48 [ 1 180:185]
 45 [ 5 189:194]
 51 [ 8 300:305]
 -5 [ 8 324:324]

Vehicle: 502  Cost: 18.11
Route: 5 49 -5 
  5 [ 0   0:171]
 49 [ 2 180:185]
 -5 [ 2 194:194]

Vehicle: 503  Cost: 130.17
Route: 5 57 17 29 59 26 -5 
  5 [ 8  63: 78]
 57 [ 9 104:109]
 17 [ 8 180:185]
 29 [ 5 193:198]
 59 [ 9 215:220]
 26 [ 5 300:305]
 -5 [ 5 351:351]

Vehicle: 504  Cost: 112.04
Route: 5 35 14 47 15 60 53 42 -5 
  5 [ 4  63: 78]
 35 [ 3  98:103]
 14 [ 1 124:129]
 47 [ 3 129:134]
 15 [ 2 180:185]
 60 [ 4 192:197]
 53 [ 6 217:222]
 42 [10 238:243]
 -5 [10 256:256]

Total Cost: 1383.54
 12:185.39, 54:75 [1, 4, 5, -5, 2, -2, -3, -4, -1]
 14:136.13, 32:75 [1, 3, -3, -5, -1]
201:75.15, 9:10 [2, 52, 54, 39, -2]
202:44.97, 8:10 [2, 46, 13, -2]
203:115.86, 10:10 [2, 58, 34, 8, 30, 56, 64, 44, -2]
301:67.13, 9:10 [3, 62, 9, 40, 61, 12, 43, -3]
302:94.03, 9:10 [3, 6, 37, 22, 31, 36, 10, 41, -3]
304:73.16, 8:10 [3, 18, 25, 23, 63, 32, -3]
401:101.04, 10:10 [4, 28, 55, 20, 50, 27, -4]
402:98.16, 10:10 [4, 24, 11, 33, 7, 38, -4]
403:28.05, 5:10 [4, 21, 19, -4]
501:104.15, 8:10 [5, 16, 48, 45, 51, -5]
502:18.11, 2:10 [5, 49, -5]
503:130.17, 9:10 [5, 57, 17, 29, 59, 26, -5]
504:112.04, 10:10 [5, 35, 14, 47, 15, 60, 53, 42, -5]
fe: 2, se: 13

!ALNS------------
100000,1383.5385859811818,148.732,70.799,2,13,0.5733333333333334,0.823076923076923,29.5,4.538461538461538
0 9 4 4 0 0 3 0 
13.535568044017754 25.214472562242527 15.134894340777237 14.44981268091491 53.86655310942199 30.345343718848625 17.296320568724052 24.07438497735394 
2 3 2 1 1 1 8 2 
19.32067084471025 17.16872686876231 18.980760470430635 19.30563595995246 20.13350379545392 22.045481500215107 20.926177553569435 18.88223302623165 

x[1508] = 1.0
Vehicle: 12  Cost: 185.39
Route: 1 4 5 2 -2 -3 -4 -1 
 1 [ 54   0:  0 [35, 14, 33, 11, 8, 17, 19, 15, 30, 24, 21, 29, 28, 27, 13, 34, 7, 20, 26, 16]]
 4 [ 29  23: 38 [35, 14, 8, 17, 15, 30, 29, 13, 34, 26, 16]]
 5 [ 13  63: 78 [8, 30, 13, 34]]
 2 [  0 106:106 []]
-2 [ 20 106:494 [58, 39, 56, 46, 64, 44, 52, 54]]
-3 [ 31 542:557 [37, 58, 36, 39, 56, 46, 64, 63, 44, 41, 52, 54]]
-4 [ 41 594:609 [37, 50, 58, 36, 38, 51, 55, 39, 56, 46, 64, 63, 44, 41, 52, 54]]
-1 [ 41 632:632 [37, 50, 58, 36, 38, 51, 55, 39, 56, 46, 64, 63, 44, 41, 52, 54]]

x[4620] = 1.0
Vehicle: 14  Cost: 136.13
Route: 1 3 -3 -5 -1 
 1 [ 19   0:  0 [12, 31, 32, 9, 6, 25, 22, 23, 10, 18]]
 3 [  0  58: 58 []]
-3 [ 11  58:271 [40, 37, 43, 61, 62]]
-5 [ 38 302:366 [57, 48, 47, 45, 59, 49, 40, 37, 43, 51, 61, 53, 42, 62, 60, 55]]
-1 [ 38 413:413 [57, 48, 47, 45, 59, 49, 40, 37, 43, 51, 61, 53, 42, 62, 60, 55]]

y[224] = 1.0
Vehicle: 202  Cost: 44.97
Route: 2 13 46 -2 
  2 [ 4 379:394]
 13 [ 0 414:419]
 46 [ 4 439:444]
 -2 [ 4 449:449]

y[1203] = 1.0
Vehicle: 302  Cost: 58.54
Route: 3 6 37 22 31 -3 
  3 [ 7 109:154]
  6 [ 6 180:185]
 37 [ 8 185:190]
 22 [ 6 300:305]
 31 [ 2 420:425]
 -3 [ 2 442:442]

y[1316] = 1.0
Vehicle: 301  Cost: 67.53
Route: 3 62 40 9 61 12 43 18 -3 
  3 [ 4  93:108]
 62 [ 6 113:118]
 40 [ 8 135:140]
  9 [ 6 140:145]
 61 [ 9 157:162]
 12 [ 8 180:185]
 43 [10 185:190]
 18 [ 9 208:213]
 -3 [ 9 216:216]

y[2087] = 1.0
Vehicle: 401  Cost: 113.16
Route: 4 27 50 20 51 55 28 -4 
  4 [10  23:279]
 27 [ 6 300:305]
 50 [ 8 340:345]
 20 [ 4 345:350]
 51 [ 7 374:379]
 55 [ 9 397:402]
 28 [ 7 402:407]
 -4 [ 7 422:422]

y[2703] = 1.0
Vehicle: 401  Cost: 98.16
Route: 4 24 11 33 38 7 -4 
  4 [10  23:165]
 24 [ 6 180:185]
 11 [ 3 210:215]
 33 [ 2 420:425]
 38 [ 5 459:464]
  7 [ 3 464:469]
 -4 [ 3 489:489]

y[2704] = 1.0
Vehicle: 502  Cost: 130.17
Route: 5 57 17 29 59 26 -5 
  5 [ 8  63: 78]
 57 [ 9 104:109]
 17 [ 8 180:185]
 29 [ 5 193:198]
 59 [ 9 215:220]
 26 [ 5 300:305]
 -5 [ 5 351:351]

y[3061] = 1.0
Vehicle: 202  Cost: 75.15
Route: 2 52 54 39 -2 
  2 [ 0   0: 30]
 52 [ 3  60: 65]
 54 [ 6 300:305]
 39 [ 9 319:324]
 -2 [ 9 351:351]

y[3188] = 1.0
Vehicle: 203  Cost: 115.86
Route: 2 58 34 8 30 56 64 44 -2 
  2 [ 9 300:315]
 58 [10 358:363]
 34 [ 7 363:368]
  8 [ 3 371:376]
 30 [ 1 404:409]
 56 [ 3 420:425]
 64 [ 6 433:438]
 44 [ 7 463:468]
 -2 [ 7 472:472]

y[3607] = 1.0
Vehicle: 504  Cost: 111.94
Route: 5 35 14 47 15 60 53 49 -5 
  5 [ 4  63: 78]
 35 [ 3  98:103]
 14 [ 1 124:129]
 47 [ 3 129:134]
 15 [ 2 180:185]
 60 [ 4 192:197]
 53 [ 6 217:222]
 49 [ 8 242:247]
 -5 [ 8 256:256]

y[4963] = 1.0
Vehicle: 304  Cost: 102.92
Route: 3 32 63 23 25 10 41 36 -3 
  3 [ 8  58:290]
 32 [ 4 300:305]
 63 [ 6 420:425]
 23 [ 5 445:450]
 25 [ 3 455:460]
 10 [ 2 491:496]
 41 [ 6 496:501]
 36 [ 9 514:519]
 -3 [ 9 530:530]

y[5996] = 1.0
Vehicle: 502  Cost: 102.94
Route: 5 16 48 45 42 -5 
  5 [ 4  63: 78]
 16 [ 0 123:128]
 48 [ 1 180:185]
 45 [ 5 189:194]
 42 [ 9 215:220]
 -5 [ 9 233:233]

y[6344] = 1.0
Vehicle: 403  Cost: 28.05
Route: 4 19 21 -4 
  4 [ 5 264:279]
 19 [ 3 286:291]
 21 [ 0 299:304]
 -4 [ 0 317:317]

FE: 2
SE: 12
!MIP-----
1370.9039768514428,281.41603112220764,9.3124368972053E-5,2,12,5336,6499

Run: 3
Total Cost: 1405.06
Vehicle: 11  Cost: 214.93
Route: 1 3 2 -2 -3 -4 -1 
 1 [ 29   0:  0 [34, 6, 10, 31, 8, 30, 32, 13, 22, 25, 23, 18]]
 3 [ 13  58: 73 [34, 8, 30, 13]]
 2 [  0 121:121 []]
-2 [ 20 121:487 [58, 56, 52, 46, 64, 39, 44, 54]]
-3 [ 31 535:550 [37, 58, 56, 52, 46, 63, 64, 41, 39, 44, 36, 54]]
-4 [ 34 588:603 [38, 58, 56, 52, 46, 64, 39, 44, 37, 63, 41, 36, 54]]
-1 [ 34 626:626 [37, 58, 56, 52, 46, 63, 64, 41, 39, 44, 36, 38, 54]]

Vehicle: 14  Cost: 95.00
Route: 1 4 5 -5 -1 
 1 [ 44   0:  0 [26, 28, 7, 9, 16, 15, 35, 20, 29, 12, 33, 24, 27, 11, 17, 14, 21, 19]]
 4 [ 25  23: 38 [26, 28, 9, 16, 15, 35, 20, 29, 12, 17, 14]]
 5 [  0  63: 63 []]
-5 [ 38  63:373 [50, 61, 51, 45, 48, 57, 62, 40, 43, 59, 60, 49, 42, 47, 53, 55]]
-1 [ 38 420:420 [50, 61, 51, 45, 48, 57, 62, 40, 43, 59, 60, 49, 42, 47, 53, 55]]

Vehicle: 201  Cost: 115.86
Route: 2 34 58 8 30 56 64 44 -2 
  2 [ 9 121:257]
 34 [ 6 300:305]
 58 [ 7 305:310]
  8 [ 3 313:318]
 30 [ 1 345:350]
 56 [ 3 420:425]
 64 [ 6 433:438]
 44 [ 7 463:468]
 -2 [ 7 472:472]

Vehicle: 202  Cost: 75.15
Route: 2 52 54 39 -2 
  2 [ 0   0: 30]
 52 [ 3  60: 65]
 54 [ 6 300:305]
 39 [ 9 319:324]
 -2 [ 9 351:351]

Vehicle: 203  Cost: 44.97
Route: 2 13 46 -2 
  2 [ 4 121:280]
 13 [ 0 300:305]
 46 [ 4 420:425]
 -2 [ 4 429:429]

Vehicle: 301  Cost: 94.03
Route: 3 6 37 22 31 36 41 10 -3 
  3 [ 8  58:154]
  6 [ 7 180:185]
 37 [ 9 185:190]
 22 [ 7 300:305]
 31 [ 3 420:425]
 36 [ 6 449:454]
 41 [10 467:472]
 10 [ 9 472:477]
 -3 [ 9 493:493]

Vehicle: 302  Cost: 73.16
Route: 3 18 25 23 63 32 -3 
  3 [ 8  58:176]
 18 [ 7 180:185]
 25 [ 5 420:425]
 23 [ 4 430:435]
 63 [ 6 455:460]
 32 [ 2 474:479]
 -3 [ 2 489:489]

Vehicle: 401  Cost: 55.99
Route: 4 24 38 7 27 -4 
  4 [10  23:165]
 24 [ 6 180:185]
 38 [ 9 300:305]
  7 [ 7 305:310]
 27 [ 3 321:326]
 -4 [ 3 347:347]

Vehicle: 402  Cost: 93.20
Route: 4 19 21 11 33 -4 
  4 [ 9  23: 38]
 19 [ 7  45: 50]
 21 [ 4  58: 63]
 11 [ 1  98:103]
 33 [ 0 420:425]
 -4 [ 0 464:464]

Vehicle: 501  Cost: 112.04
Route: 5 35 14 47 15 60 53 42 -5 
  5 [ 4  63: 78]
 35 [ 3  98:103]
 14 [ 1 124:129]
 47 [ 3 129:134]
 15 [ 2 180:185]
 60 [ 4 192:197]
 53 [ 6 217:222]
 42 [10 238:243]
 -5 [10 256:256]

Vehicle: 502  Cost: 41.76
Route: 5 49 55 28 -5 
  5 [ 2  63:171]
 49 [ 4 180:185]
 55 [ 6 300:305]
 28 [ 4 305:310]
 -5 [ 4 324:324]

Vehicle: 503  Cost: 120.17
Route: 5 62 40 9 61 12 43 -5 
  5 [ 3  63: 78]
 62 [ 5 106:111]
 40 [ 7 128:133]
  9 [ 5 133:138]
 61 [ 8 149:154]
 12 [ 7 180:185]
 43 [ 9 185:190]
 -5 [ 9 241:241]

Vehicle: 505  Cost: 130.17
Route: 5 57 17 29 59 26 -5 
  5 [ 8  63: 78]
 57 [ 9 104:109]
 17 [ 8 180:185]
 29 [ 5 193:198]
 59 [ 9 215:220]
 26 [ 5 300:305]
 -5 [ 5 351:351]

Vehicle: 507  Cost: 138.63
Route: 5 16 48 45 20 50 51 -5 
  5 [ 8  63: 78]
 16 [ 4 123:128]
 48 [ 5 180:185]
 45 [ 9 189:194]
 20 [ 5 300:305]
 50 [ 7 305:310]
 51 [10 334:339]
 -5 [10 358:358]

Total Cost: 1405.06
 11:214.93, 34:75 [1, 3, 2, -2, -3, -4, -1]
 14:95.00, 44:75 [1, 4, 5, -5, -1]
201:115.86, 9:10 [2, 34, 58, 8, 30, 56, 64, 44, -2]
202:75.15, 9:10 [2, 52, 54, 39, -2]
203:44.97, 4:10 [2, 13, 46, -2]
301:94.03, 10:10 [3, 6, 37, 22, 31, 36, 41, 10, -3]
302:73.16, 8:10 [3, 18, 25, 23, 63, 32, -3]
401:55.99, 10:10 [4, 24, 38, 7, 27, -4]
402:93.20, 9:10 [4, 19, 21, 11, 33, -4]
501:112.04, 10:10 [5, 35, 14, 47, 15, 60, 53, 42, -5]
502:41.76, 6:10 [5, 49, 55, 28, -5]
503:120.17, 9:10 [5, 62, 40, 9, 61, 12, 43, -5]
505:130.17, 9:10 [5, 57, 17, 29, 59, 26, -5]
507:138.63, 10:10 [5, 16, 48, 45, 20, 50, 51, -5]
fe: 2, se: 12

!ALNS------------
100000,1405.0613641047541,132.431,106.105,2,12,0.52,0.8583333333333333,29.5,4.916666666666667
4 17 7 7 0 1 3 0 
10.447742809233263 19.846628823430127 11.842719414249556 11.889138809789836 17.76306068210488 23.131789625620158 13.733429909453708 29.55400289998981 
5 5 2 3 6 6 8 4 
15.409580423560596 14.349438014693725 14.475723604550382 14.814245723572299 14.86129874693811 15.671645116530703 14.998159404201251 15.017718053966538 

x[27] = 1.0
Vehicle: 14  Cost: 95.00
Route: 1 4 5 -5 -1 
 1 [ 41   0:  0 [28, 18, 16, 7, 24, 29, 15, 14, 27, 17, 9, 20, 35, 19, 26, 12, 21]]
 4 [ 31  23: 38 [28, 18, 16, 29, 15, 14, 17, 9, 20, 35, 19, 26, 12, 21]]
 5 [  0  63: 63 []]
-5 [ 41  63:373 [51, 60, 40, 57, 61, 47, 45, 43, 53, 49, 52, 59, 55, 62, 42, 48, 50]]
-1 [ 41 420:420 [51, 60, 40, 57, 61, 47, 45, 43, 53, 49, 52, 59, 55, 62, 42, 48, 50]]

x[280] = 1.0
Vehicle: 11  Cost: 214.93
Route: 1 3 2 -2 -3 -4 -1 
 1 [ 32   0:  0 [6, 25, 10, 22, 23, 8, 34, 11, 13, 32, 31, 30, 33]]
 3 [ 13  58: 73 [8, 34, 13, 30]]
 2 [  0 121:121 []]
-2 [ 20 121:522 [44, 58, 46, 56, 52, 64, 39, 54]]
-3 [ 31 570:606 [37, 41, 63, 44, 58, 46, 36, 56, 52, 64, 39, 54]]
-4 [ 34 644:659 [38, 44, 58, 46, 56, 52, 64, 39, 54, 37, 41, 63, 36]]
-1 [ 34 682:682 [37, 41, 63, 44, 58, 46, 36, 56, 52, 64, 39, 54, 38]]

y[429] = 1.0
Vehicle: 201  Cost: 115.86
Route: 2 58 34 8 30 56 64 44 -2 
  2 [ 9 286:301]
 58 [10 344:349]
 34 [ 7 349:354]
  8 [ 3 357:362]
 30 [ 1 390:395]
 56 [ 3 420:425]
 64 [ 6 433:438]
 44 [ 7 463:468]
 -2 [ 7 472:472]

y[1178] = 1.0
Vehicle: 301  Cost: 181.08
Route: 3 11 33 22 63 23 25 41 10 36 -3 
  3 [10  58: 73]
 11 [ 7 119:124]
 33 [ 6 420:425]
 22 [ 4 453:458]
 63 [ 6 481:486]
 23 [ 5 507:512]
 25 [ 3 517:522]
 41 [ 7 553:558]
 10 [ 6 558:563]
 36 [ 9 576:581]
 -3 [ 9 591:591]

y[1251] = 1.0
Vehicle: 503  Cost: 120.55
Route: 5 62 9 40 61 12 43 18 -5 
  5 [ 4  63: 78]
 62 [ 6 106:111]
  9 [ 4 128:133]
 40 [ 6 133:138]
 61 [ 9 149:154]
 12 [ 8 180:185]
 43 [10 185:190]
 18 [ 9 208:213]
 -5 [ 9 247:247]

y[1440] = 1.0
Vehicle: 502  Cost: 112.04
Route: 5 35 47 14 15 60 53 42 -5 
  5 [ 4 104:119]
 35 [ 3 140:145]
 47 [ 5 165:170]
 14 [ 3 170:175]
 15 [ 2 190:195]
 60 [ 4 202:207]
 53 [ 6 227:232]
 42 [10 248:253]
 -5 [10 266:266]

y[1790] = 1.0
Vehicle: 203  Cost: 44.97
Route: 2 13 46 -2 
  2 [ 4 274:289]
 13 [ 0 310:315]
 46 [ 4 420:425]
 -2 [ 4 429:429]

y[2143] = 1.0
Vehicle: 502  Cost: 138.63
Route: 5 16 48 45 20 50 51 -5 
  5 [ 8  63: 78]
 16 [ 4 123:128]
 48 [ 5 180:185]
 45 [ 9 189:194]
 20 [ 5 300:305]
 50 [ 7 305:310]
 51 [10 334:339]
 -5 [10 358:358]

y[2151] = 1.0
Vehicle: 407  Cost: 55.99
Route: 4 24 38 7 27 -4 
  4 [10  23:165]
 24 [ 6 180:185]
 38 [ 9 300:305]
  7 [ 7 305:310]
 27 [ 3 321:326]
 -4 [ 3 347:347]

y[2631] = 1.0
Vehicle: 502  Cost: 59.70
Route: 5 49 21 19 55 28 -5 
  5 [ 7  47:171]
 49 [ 9 180:185]
 21 [ 6 202:207]
 19 [ 4 215:220]
 55 [ 6 300:305]
 28 [ 4 305:310]
 -5 [ 4 324:324]

y[3136] = 1.0
Vehicle: 504  Cost: 130.17
Route: 5 57 17 29 59 26 -5 
  5 [ 8 176:191]
 57 [ 9 218:223]
 17 [ 8 249:254]
 29 [ 5 262:267]
 59 [ 9 284:289]
 26 [ 5 300:305]
 -5 [ 5 351:351]

y[3595] = 1.0
Vehicle: 301  Cost: 54.27
Route: 3 6 37 31 32 -3 
  3 [ 9 109:154]
  6 [ 8 180:185]
 37 [10 185:190]
 31 [ 6 420:425]
 32 [ 2 433:438]
 -3 [ 2 448:448]

y[3618] = 1.0
Vehicle: 202  Cost: 75.15
Route: 2 52 54 39 -2 
  2 [ 0   0: 30]
 52 [ 3  60: 65]
 54 [ 6 300:305]
 39 [ 9 319:324]
 -2 [ 9 351:351]

FE: 2
SE: 11
!MIP-----
1398.3342381692291,195.2417938709259,4.5434576772253106E-5,2,11,2890,3888

Run: 4
Total Cost: 1409.72
Vehicle: 11  Cost: 95.00
Route: 1 4 5 -5 -1 
 1 [ 57   0:  0 [14, 10, 12, 24, 27, 20, 17, 31, 6, 33, 26, 16, 9, 21, 15, 32, 11, 29, 18, 7, 28, 19, 22, 35]]
 4 [ 37  23: 38 [14, 10, 12, 20, 17, 6, 26, 16, 9, 21, 15, 32, 29, 18, 28, 19, 35]]
 5 [  0  63: 63 []]
-5 [ 47  63:373 [60, 55, 61, 41, 36, 49, 48, 40, 37, 43, 57, 62, 47, 59, 42, 53, 51, 45, 50]]
-1 [ 47 420:420 [60, 55, 61, 41, 36, 49, 48, 40, 37, 43, 57, 62, 47, 59, 42, 53, 51, 45, 50]]

Vehicle: 12  Cost: 150.96
Route: 1 2 -2 -4 -1 
 1 [ 16   0:  0 [8, 34, 25, 30, 13, 23]]
 2 [  0  75: 75 []]
-2 [ 20  75:502 [58, 52, 54, 46, 44, 64, 39, 56]]
-4 [ 25 556:571 [38, 58, 52, 54, 46, 44, 64, 63, 39, 56]]
-1 [ 25 594:594 [38, 58, 52, 54, 46, 44, 64, 63, 39, 56]]

Vehicle: 201  Cost: 75.15
Route: 2 52 54 39 -2 
  2 [ 0   0: 30]
 52 [ 3  60: 65]
 54 [ 6 300:305]
 39 [ 9 319:324]
 -2 [ 9 351:351]

Vehicle: 202  Cost: 145.86
Route: 2 8 58 34 23 25 46 -2 
  2 [10  75:259]
  8 [ 6 300:305]
 58 [ 7 308:313]
 34 [ 4 313:318]
 23 [ 3 357:362]
 25 [ 1 420:425]
 46 [ 5 478:483]
 -2 [ 5 487:487]

Vehicle: 203  Cost: 70.84
Route: 2 13 30 56 64 44 -2 
  2 [ 6  75:280]
 13 [ 2 300:305]
 30 [ 0 314:319]
 56 [ 2 420:425]
 64 [ 5 433:438]
 44 [ 6 463:468]
 -2 [ 6 472:472]

Vehicle: 401  Cost: 146.83
Route: 4 11 33 22 31 63 -4 
  4 [10  23: 38]
 11 [ 7  74: 79]
 33 [ 6 420:425]
 22 [ 4 453:458]
 31 [ 0 470:475]
 63 [ 2 487:492]
 -4 [ 2 547:547]

Vehicle: 402  Cost: 55.99
Route: 4 24 7 38 27 -4 
  4 [10  23:165]
 24 [ 6 180:185]
  7 [ 4 300:305]
 38 [ 7 305:310]
 27 [ 3 321:326]
 -4 [ 3 347:347]

Vehicle: 501  Cost: 138.63
Route: 5 16 48 45 20 50 51 -5 
  5 [ 8  63: 78]
 16 [ 4 123:128]
 48 [ 5 180:185]
 45 [ 9 189:194]
 20 [ 5 300:305]
 50 [ 7 305:310]
 51 [10 334:339]
 -5 [10 358:358]

Vehicle: 502  Cost: 59.70
Route: 5 49 21 19 28 55 -5 
  5 [ 7  63:171]
 49 [ 9 180:185]
 21 [ 6 202:207]
 19 [ 4 215:220]
 28 [ 2 300:305]
 55 [ 4 305:310]
 -5 [ 4 324:324]

Vehicle: 503  Cost: 130.17
Route: 5 57 17 29 59 26 -5 
  5 [ 8  63: 78]
 57 [ 9 104:109]
 17 [ 8 180:185]
 29 [ 5 193:198]
 59 [ 9 215:220]
 26 [ 5 300:305]
 -5 [ 5 351:351]

Vehicle: 504  Cost: 112.04
Route: 5 35 47 14 15 60 53 42 -5 
  5 [ 4  63: 78]
 35 [ 3  98:103]
 47 [ 5 124:129]
 14 [ 3 129:134]
 15 [ 2 180:185]
 60 [ 4 192:197]
 53 [ 6 217:222]
 42 [10 238:243]
 -5 [10 256:256]

Vehicle: 505  Cost: 89.22
Route: 5 9 40 61 41 10 -5 
  5 [ 3  63: 78]
  9 [ 1 114:119]
 40 [ 3 119:124]
 61 [ 6 136:141]
 41 [10 300:305]
 10 [ 9 305:310]
 -5 [ 9 330:330]

Vehicle: 506  Cost: 139.32
Route: 5 62 18 43 12 6 37 32 36 -5 
  5 [ 7  63: 78]
 62 [ 9 106:111]
 18 [ 8 180:185]
 43 [10 203:208]
 12 [ 9 208:213]
  6 [ 8 243:248]
 37 [10 248:253]
 32 [ 6 300:305]
 36 [ 9 323:328]
 -5 [ 9 350:350]

Total Cost: 1409.72
 11:95.00, 57:75 [1, 4, 5, -5, -1]
 12:150.96, 25:75 [1, 2, -2, -4, -1]
201:75.15, 9:10 [2, 52, 54, 39, -2]
202:145.86, 10:10 [2, 8, 58, 34, 23, 25, 46, -2]
203:70.84, 6:10 [2, 13, 30, 56, 64, 44, -2]
401:146.83, 10:10 [4, 11, 33, 22, 31, 63, -4]
402:55.99, 10:10 [4, 24, 7, 38, 27, -4]
501:138.63, 10:10 [5, 16, 48, 45, 20, 50, 51, -5]
502:59.70, 9:10 [5, 49, 21, 19, 28, 55, -5]
503:130.17, 9:10 [5, 57, 17, 29, 59, 26, -5]
504:112.04, 10:10 [5, 35, 47, 14, 15, 60, 53, 42, -5]
505:89.22, 10:10 [5, 9, 40, 61, 41, 10, -5]
506:139.32, 10:10 [5, 62, 18, 43, 12, 6, 37, 32, 36, -5]
fe: 2, se: 11

!ALNS------------
100000,1409.7228052637874,184.916,47.154,2,11,0.5466666666666666,0.9363636363636364,29.5,5.363636363636363
6 12 8 6 0 1 4 0 
10.595908969461627 18.175730712137188 11.355902434756917 12.101054390718781 NaN 22.606292489653182 14.335246238322304 33.92174331757008 
5 7 4 7 5 4 3 2 
14.269782685698987 13.66700468954033 15.322001919393395 14.516277368532704 15.595427832335094 13.30401322303341 14.275572288148217 14.582785538526583 

x[1555] = 1.0
Vehicle: 11  Cost: 95.00
Route: 1 4 5 -5 -1 
 1 [ 57   0:  0 [20, 17, 9, 35, 19, 15, 18, 14, 28, 24, 7, 10, 22, 21, 31, 12, 6, 11, 27, 32, 26, 33, 16, 29]]
 4 [ 27  23: 38 [17, 9, 35, 19, 15, 18, 14, 10, 21, 12, 6, 32, 16, 29]]
 5 [  0  63: 63 []]
-5 [ 43  63:365 [36, 60, 41, 57, 53, 45, 62, 40, 61, 42, 49, 37, 48, 47, 59, 43, 51]]
-1 [ 43 412:412 [36, 60, 41, 57, 53, 45, 62, 40, 61, 42, 49, 37, 48, 47, 59, 43, 51]]

x[2012] = 1.0
Vehicle: 12  Cost: 150.96
Route: 1 2 -2 -4 -1 
 1 [ 16   0:  0 [30, 34, 13, 8, 23, 25]]
 2 [  0  75: 75 []]
-2 [ 20  75:502 [56, 52, 58, 44, 46, 39, 54, 64]]
-4 [ 32 556:571 [50, 55, 56, 52, 58, 44, 46, 38, 39, 54, 51, 64, 63]]
-1 [ 32 594:594 [50, 55, 56, 52, 58, 44, 46, 38, 39, 54, 51, 64, 63]]

y[151] = 1.0
Vehicle: 203  Cost: 70.84
Route: 2 13 30 56 64 44 -2 
  2 [ 6 226:280]
 13 [ 2 300:305]
 30 [ 0 314:319]
 56 [ 2 420:425]
 64 [ 5 433:438]
 44 [ 6 463:468]
 -2 [ 6 472:472]

y[279] = 1.0
Vehicle: 506  Cost: 118.17
Route: 5 19 21 6 37 32 36 -5 
  5 [10  63: 78]
 19 [ 8  96:101]
 21 [ 5 109:114]
  6 [ 4 180:185]
 37 [ 6 185:190]
 32 [ 2 300:305]
 36 [ 5 323:328]
 -5 [ 5 350:350]

y[297] = 1.0
Vehicle: 402  Cost: 55.99
Route: 4 24 7 38 27 -4 
  4 [10 241:256]
 24 [ 6 271:276]
  7 [ 4 300:305]
 38 [ 7 305:310]
 27 [ 3 321:326]
 -4 [ 3 347:347]

y[1183] = 1.0
Vehicle: 505  Cost: 120.55
Route: 5 62 9 40 61 12 43 18 -5 
  5 [ 4  63: 78]
 62 [ 6 106:111]
  9 [ 4 128:133]
 40 [ 6 133:138]
 61 [ 9 149:154]
 12 [ 8 180:185]
 43 [10 185:190]
 18 [ 9 208:213]
 -5 [ 9 247:247]

y[1639] = 1.0
Vehicle: 505  Cost: 42.11
Route: 5 49 10 41 -5 
  5 [ 1  63:171]
 49 [ 3 180:185]
 10 [ 2 300:305]
 41 [ 6 305:310]
 -5 [ 6 330:330]

y[2189] = 1.0
Vehicle: 504  Cost: 112.04
Route: 5 35 14 47 15 60 53 42 -5 
  5 [ 4  63: 78]
 35 [ 3  98:103]
 14 [ 1 124:129]
 47 [ 3 129:134]
 15 [ 2 180:185]
 60 [ 4 192:197]
 53 [ 6 217:222]
 42 [10 238:243]
 -5 [10 256:256]

y[2883] = 1.0
Vehicle: 403  Cost: 108.16
Route: 4 26 50 20 51 55 28 -4 
  4 [10 234:261]
 26 [ 6 300:305]
 50 [ 8 317:322]
 20 [ 4 322:327]
 51 [ 7 351:356]
 55 [ 9 374:379]
 28 [ 7 379:384]
 -4 [ 7 399:399]

y[2933] = 1.0
Vehicle: 202  Cost: 145.86
Route: 2 8 58 34 23 25 46 -2 
  2 [10 272:287]
  8 [ 6 328:333]
 58 [ 7 336:341]
 34 [ 4 341:346]
 23 [ 3 385:390]
 25 [ 1 420:425]
 46 [ 5 478:483]
 -2 [ 5 487:487]

y[3220] = 1.0
Vehicle: 503  Cost: 165.24
Route: 5 57 17 29 59 16 48 45 -5 
  5 [ 8  63: 78]
 57 [ 9 104:109]
 17 [ 8 180:185]
 29 [ 5 193:198]
 59 [ 9 215:220]
 16 [ 5 251:256]
 48 [ 6 276:281]
 45 [10 285:290]
 -5 [10 323:323]

y[3425] = 1.0
Vehicle: 201  Cost: 75.15
Route: 2 52 54 39 -2 
  2 [ 0   0: 30]
 52 [ 3  60: 65]
 54 [ 6 300:305]
 39 [ 9 319:324]
 -2 [ 9 351:351]

y[3500] = 1.0
Vehicle: 401  Cost: 146.83
Route: 4 11 33 22 31 63 -4 
  4 [10  23: 38]
 11 [ 7  74: 79]
 33 [ 6 420:425]
 22 [ 4 453:458]
 31 [ 0 470:475]
 63 [ 2 487:492]
 -4 [ 2 547:547]

FE: 2
SE: 11
!MIP-----
1406.909143945926,136.8563690185547,9.359907996704921E-5,2,11,2278,3664

Run: 5
Total Cost: 1412.23
Vehicle: 11  Cost: 46.17
Route: 1 4 -4 -1 
 1 [ 45   0:  0 [27, 7, 16, 11, 17, 24, 20, 18, 19, 26, 21, 28, 12, 29, 14, 15, 9, 33, 35]]
 4 [  0  23: 23 []]
-4 [ 39  23:381 [43, 60, 62, 48, 47, 38, 61, 40, 59, 51, 45, 57, 55, 50, 53, 42]]
-1 [ 39 404:404 [43, 60, 62, 48, 47, 38, 61, 40, 59, 51, 45, 57, 55, 50, 53, 42]]

Vehicle: 12  Cost: 223.61
Route: 1 3 -5 2 -2 -3 -1 
 1 [ 28   0:  0 [10, 23, 34, 6, 31, 22, 13, 25, 30, 32, 8]]
 3 [ 13  58: 73 [34, 13, 30, 8]]
-5 [ 15 104:209 [49, 34, 13, 30, 8]]
 2 [  2 238:238 [49]]
-2 [ 22 238:487 [46, 54, 64, 52, 49, 56, 39, 58, 44]]
-3 [ 33 535:550 [37, 36, 46, 54, 64, 52, 49, 56, 41, 39, 58, 63, 44]]
-1 [ 33 608:608 [37, 36, 46, 54, 64, 52, 49, 56, 41, 39, 58, 63, 44]]

Vehicle: 201  Cost: 44.97
Route: 2 13 46 -2 
  2 [ 4 238:280]
 13 [ 0 300:305]
 46 [ 4 420:425]
 -2 [ 4 429:429]

Vehicle: 202  Cost: 75.15
Route: 2 52 54 39 -2 
  2 [ 0   0: 30]
 52 [ 3  60: 65]
 54 [ 6 300:305]
 39 [ 9 319:324]
 -2 [ 9 351:351]

Vehicle: 203  Cost: 115.86
Route: 2 58 34 8 30 56 64 44 -2 
  2 [ 9 238:257]
 58 [10 300:305]
 34 [ 7 305:310]
  8 [ 3 313:318]
 30 [ 1 345:350]
 56 [ 3 420:425]
 64 [ 6 433:438]
 44 [ 7 463:468]
 -2 [ 7 472:472]

Vehicle: 301  Cost: 102.44
Route: 3 6 37 22 63 23 25 -3 
  3 [ 6  58:154]
  6 [ 5 180:185]
 37 [ 7 185:190]
 22 [ 5 300:305]
 63 [ 7 420:425]
 23 [ 6 445:450]
 25 [ 4 455:460]
 -3 [ 4 485:485]

Vehicle: 302  Cost: 70.64
Route: 3 32 31 36 41 10 -3 
  3 [ 9  58:290]
 32 [ 5 300:305]
 31 [ 1 420:425]
 36 [ 4 449:454]
 41 [ 8 467:472]
 10 [ 7 472:477]
 -3 [ 7 493:493]

Vehicle: 401  Cost: 90.74
Route: 4 57 20 50 26 -4 
  4 [ 8  23: 38]
 57 [ 9  63: 68]
 20 [ 5 300:305]
 50 [ 7 305:310]
 26 [ 3 322:327]
 -4 [ 3 366:366]

Vehicle: 402  Cost: 83.60
Route: 4 24 11 33 -4 
  4 [ 8  23:165]
 24 [ 4 180:185]
 11 [ 1 210:215]
 33 [ 0 420:425]
 -4 [ 0 464:464]

Vehicle: 403  Cost: 93.45
Route: 4 59 27 38 7 -4 
  4 [ 6  23: 38]
 59 [10  76: 81]
 27 [ 6 300:305]
 38 [ 9 316:321]
  7 [ 7 321:326]
 -4 [ 7 346:346]

Vehicle: 404  Cost: 158.22
Route: 4 19 35 14 47 15 60 53 42 -4 
  4 [ 6  23: 38]
 19 [ 4  45: 50]
 35 [ 3  89: 94]
 14 [ 1 115:120]
 47 [ 3 120:125]
 15 [ 2 180:185]
 60 [ 4 192:197]
 53 [ 6 217:222]
 42 [10 238:243]
 -4 [10 278:278]

Vehicle: 405  Cost: 151.45
Route: 4 29 17 16 48 45 51 28 55 -4 
  4 [10  23: 38]
 29 [ 7  91: 96]
 17 [ 6 180:185]
 16 [ 2 202:207]
 48 [ 3 226:231]
 45 [ 7 235:240]
 51 [10 300:305]
 28 [ 8 324:329]
 55 [10 329:334]
 -4 [10 348:348]

Vehicle: 406  Cost: 137.82
Route: 4 21 62 9 40 61 12 43 18 -4 
  4 [ 7  23: 38]
 21 [ 4  51: 56]
 62 [ 6  81: 86]
  9 [ 4 103:108]
 40 [ 6 108:113]
 61 [ 9 125:130]
 12 [ 8 180:185]
 43 [10 185:190]
 18 [ 9 208:213]
 -4 [ 9 254:254]

Vehicle: 501  Cost: 18.11
Route: 5 49 -5 
  5 [ 0   0:171]
 49 [ 2 180:185]
 -5 [ 2 194:194]

Total Cost: 1412.23
 11:46.17, 45:75 [1, 4, -4, -1]
 12:223.61, 33:75 [1, 3, -5, 2, -2, -3, -1]
201:44.97, 4:10 [2, 13, 46, -2]
202:75.15, 9:10 [2, 52, 54, 39, -2]
203:115.86, 10:10 [2, 58, 34, 8, 30, 56, 64, 44, -2]
301:102.44, 7:10 [3, 6, 37, 22, 63, 23, 25, -3]
302:70.64, 9:10 [3, 32, 31, 36, 41, 10, -3]
401:90.74, 9:10 [4, 57, 20, 50, 26, -4]
402:83.60, 8:10 [4, 24, 11, 33, -4]
403:93.45, 10:10 [4, 59, 27, 38, 7, -4]
404:158.22, 10:10 [4, 19, 35, 14, 47, 15, 60, 53, 42, -4]
405:151.45, 10:10 [4, 29, 17, 16, 48, 45, 51, 28, 55, -4]
406:137.82, 10:10 [4, 21, 62, 9, 40, 61, 12, 43, 18, -4]
501:18.11, 2:10 [5, 49, -5]
fe: 2, se: 12

!ALNS------------
100000,1412.2259009016157,140.205,121.141,2,12,0.52,0.8166666666666667,29.5,4.916666666666667
1 6 2 7 0 0 2 0 
11.066334677902205 21.024505302709496 12.940378821975319 13.838655872737728 28.23916404910952 29.64761221567508 17.093283542533264 29.863626603024116 
3 2 0 1 6 4 1 1 
19.104748486830843 14.12114755108867 15.6545223978784 17.240399677024694 16.291934682948092 16.471911279953073 17.28192394311952 15.28089736927967 

x[907] = 1.0
Vehicle: 11  Cost: 46.17
Route: 1 4 -4 -1 
 1 [ 45   0:  0 [7, 35, 11, 15, 9, 12, 16, 28, 19, 20, 14, 21, 33, 27, 29, 17, 18, 26, 24]]
 4 [  0  23: 23 []]
-4 [ 41  23:395 [50, 47, 43, 48, 59, 49, 42, 57, 60, 61, 51, 38, 40, 55, 45, 62, 53]]
-1 [ 41 418:418 [50, 47, 43, 48, 59, 49, 42, 57, 60, 61, 51, 38, 40, 55, 45, 62, 53]]

x[1372] = 1.0
Vehicle: 12  Cost: 223.61
Route: 1 3 -5 2 -2 -3 -1 
 1 [ 28   0:  0 [31, 25, 34, 30, 6, 8, 32, 23, 10, 13, 22]]
 3 [ 13  58: 73 [34, 30, 8, 13]]
-5 [ 15 104:209 [49, 34, 30, 8, 13]]
 2 [  2 238:238 [49]]
-2 [ 22 238:487 [52, 54, 44, 64, 56, 58, 49, 39, 46]]
-3 [ 33 535:550 [37, 52, 54, 41, 44, 64, 36, 56, 58, 49, 39, 46, 63]]
-1 [ 33 608:608 [52, 37, 54, 41, 44, 64, 36, 56, 58, 49, 39, 46, 63]]

y[10] = 1.0
Vehicle: 403  Cost: 137.82
Route: 4 21 62 40 9 61 12 43 18 -4 
  4 [ 7  23: 38]
 21 [ 4  51: 56]
 62 [ 6  81: 86]
 40 [ 8 103:108]
  9 [ 6 108:113]
 61 [ 9 125:130]
 12 [ 8 180:185]
 43 [10 185:190]
 18 [ 9 208:213]
 -4 [ 9 254:254]

y[206] = 1.0
Vehicle: 405  Cost: 151.45
Route: 4 29 17 16 48 45 51 28 55 -4 
  4 [10  96:111]
 29 [ 7 164:169]
 17 [ 6 180:185]
 16 [ 2 202:207]
 48 [ 3 226:231]
 45 [ 7 235:240]
 51 [10 300:305]
 28 [ 8 324:329]
 55 [10 329:334]
 -4 [10 348:348]

y[271] = 1.0
Vehicle: 404  Cost: 158.22
Route: 4 19 35 47 14 15 60 53 42 -4 
  4 [ 6  23: 38]
 19 [ 4  45: 50]
 35 [ 3  89: 94]
 47 [ 5 115:120]
 14 [ 3 120:125]
 15 [ 2 180:185]
 60 [ 4 192:197]
 53 [ 6 217:222]
 42 [10 238:243]
 -4 [10 278:278]

y[870] = 1.0
Vehicle: 401  Cost: 83.60
Route: 4 24 11 33 -4 
  4 [ 8  23:165]
 24 [ 4 180:185]
 11 [ 1 210:215]
 33 [ 0 420:425]
 -4 [ 0 464:464]

y[886] = 1.0
Vehicle: 506  Cost: 18.11
Route: 5 49 -5 
  5 [ 0   0:171]
 49 [ 2 180:185]
 -5 [ 2 194:194]

y[2112] = 1.0
Vehicle: 301  Cost: 102.92
Route: 3 32 63 23 25 10 41 36 -3 
  3 [ 8  58:290]
 32 [ 4 300:305]
 63 [ 6 420:425]
 23 [ 5 445:450]
 25 [ 3 455:460]
 10 [ 2 491:496]
 41 [ 6 496:501]
 36 [ 9 514:519]
 -3 [ 9 530:530]

y[2906] = 1.0
Vehicle: 203  Cost: 115.86
Route: 2 34 58 8 30 56 64 44 -2 
  2 [ 9 295:310]
 34 [ 6 354:359]
 58 [ 7 359:364]
  8 [ 3 367:372]
 30 [ 1 399:404]
 56 [ 3 420:425]
 64 [ 6 433:438]
 44 [ 7 463:468]
 -2 [ 7 472:472]

y[3086] = 1.0
Vehicle: 201  Cost: 44.97
Route: 2 46 13 -2 
  2 [ 4 284:416]
 46 [ 8 420:425]
 13 [ 4 445:450]
 -2 [ 4 470:470]

y[3259] = 1.0
Vehicle: 302  Cost: 58.54
Route: 3 6 37 22 31 -3 
  3 [ 7  93:154]
  6 [ 6 180:185]
 37 [ 8 185:190]
 22 [ 6 300:305]
 31 [ 2 420:425]
 -3 [ 2 442:442]

y[3311] = 1.0
Vehicle: 402  Cost: 90.74
Route: 4 57 20 50 26 -4 
  4 [ 8  23: 38]
 57 [ 9  63: 68]
 20 [ 5 300:305]
 50 [ 7 305:310]
 26 [ 3 322:327]
 -4 [ 3 366:366]

y[3769] = 1.0
Vehicle: 202  Cost: 75.15
Route: 2 52 54 39 -2 
  2 [ 0   0: 30]
 52 [ 3  60: 65]
 54 [ 6 300:305]
 39 [ 9 319:324]
 -2 [ 9 351:351]

y[3831] = 1.0
Vehicle: 403  Cost: 93.45
Route: 4 59 27 38 7 -4 
  4 [ 6  96:111]
 59 [10 149:154]
 27 [ 6 300:305]
 38 [ 9 316:321]
  7 [ 7 321:326]
 -4 [ 7 346:346]

FE: 2
SE: 12
!MIP-----
1400.5989957888505,358.1278691291809,0.0,2,12,2807,4075

