--Parameters Information--
speed=1
run=5
iteration= 100000
batch=100
restartPeriod=10000
largeRemovalOccurrence=500
initialLNS=250
lowerBoundSmallRemoval=4
smallRemoval=0.2
lowerBoundLargeRemoval=0.55
largeRemoval=0.8
initialWeight=1.0
decayRate=0.1
gamma1=9.0
gamma2=5.0
gamma3=2.0
gamma4=0.0
coolingRate=0.9995
temperatureControlParameter=0.05
initialAcceptanceProbability=0.5
perturbation=0.5
perturbationFactor=0.01
split=20000

Setup: Split
Data: C_100_5_TD

Run: 1
Total Cost: 1982.50
Vehicle: 11  Cost: 129.53
Route: 1 5 -5 2 -2 -1 
 1 [ 42   0:  0 [58, 47, 64, 69, 52, 31, 36, 45, 48, 39, 14, 82, 24, 30, 40]]
 5 [ 34  43: 43 [58, 47, 64, 69, 52, 31, 36, 48, 39, 82, 24, 30, 40]]
-5 [ 41  43:111 [58, 47, 64, 69, 52, 31, 36, 115, 48, 39, 86, 82, 24, 30, 40]]
 2 [  7 143:143 [115, 86]]
-2 [ 32 143:361 [111, 97, 127, 134, 103, 115, 110, 117, 86, 124]]
-1 [ 32 416:416 [111, 97, 127, 134, 103, 115, 110, 117, 86, 124]]

Vehicle: 13  Cost: 44.72
Route: 1 3 -3 -1 
 1 [ 62   0:  0 [51, 19, 57, 38, 18, 65, 28, 25, 61, 17, 75, 12, 46, 49, 33, 80, 73, 76, 60, 55, 74, 50, 21, 13, 16, 10, 11, 77, 70]]
 3 [  0  22: 22 []]
-3 [ 21  22:509 [109, 90, 131, 84, 130, 88, 95, 118, 122, 93]]
-1 [ 21 531:531 [109, 90, 131, 84, 130, 88, 95, 118, 122, 93]]

Vehicle: 14  Cost: 44.72
Route: 1 -3 -1 
 1 [  0   0:  0 []]
-3 [ 28  22:393 [98, 106, 83, 89, 116, 85, 129, 100, 121, 105, 119, 104]]
-1 [ 28 415:415 [98, 106, 83, 89, 116, 85, 129, 100, 121, 105, 119, 104]]

Vehicle: 18  Cost: 120.39
Route: 1 8 6 -6 -8 -1 
 1 [ 43   0:  0 [68, 71, 32, 20, 42, 35, 22, 62, 66, 15, 23, 37, 59, 43, 81, 44, 29]]
 8 [ 33  37: 52 [68, 71, 32, 20, 42, 35, 22, 62, 66, 15, 37, 43, 81]]
 6 [  0  75: 75 []]
-6 [ 22  75:518 [112, 94, 92, 101, 87, 96, 99, 126, 114, 108]]
-8 [ 26 541:556 [102, 112, 94, 92, 101, 87, 96, 99, 126, 114, 108]]
-1 [ 26 593:593 [112, 94, 92, 101, 87, 96, 99, 126, 114, 102, 108]]

Vehicle: 20  Cost: 147.08
Route: 1 9 -9 -1 
 1 [ 26   0:  0 [67, 78, 63, 79, 72, 26, 27, 53, 34, 54, 41, 56]]
 9 [  0  74: 74 []]
-9 [ 24  74:337 [91, 113, 128, 107, 125, 123, 120, 133, 132]]
-1 [ 24 411:411 [91, 113, 128, 107, 125, 123, 120, 133, 132]]

Vehicle: 201  Cost: 68.69
Route: 2 24 97 64 39 111 134 -2 
  2 [10 143:158]
 24 [ 7 188:193]
 97 [ 8 193:198]
 64 [ 4 203:208]
 39 [ 1 214:219]
111 [ 4 219:224]
134 [ 8 300:305]
 -2 [ 8 326:326]

Vehicle: 202  Cost: 97.63
Route: 2 48 124 69 127 30 58 -2 
  2 [ 6 143:158]
 48 [ 5 176:181]
124 [ 9 210:215]
 69 [ 6 300:305]
127 [ 8 305:310]
 30 [ 7 329:334]
 58 [ 6 339:344]
 -2 [ 6 346:346]

Vehicle: 203  Cost: 43.02
Route: 2 52 40 117 47 -2 
  2 [ 8 143:158]
 52 [ 4 179:184]
 40 [ 3 300:305]
117 [ 6 309:314]
 47 [ 3 314:319]
 -2 [ 3 331:331]

Vehicle: 204  Cost: 34.01
Route: 2 82 103 31 -2 
  2 [ 8 143:158]
 82 [ 4 167:172]
103 [ 8 300:305]
 31 [ 4 305:310]
 -2 [ 4 327:327]

Vehicle: 205  Cost: 14.56
Route: 2 110 36 -2 
  2 [ 2 143:158]
110 [ 6 165:170]
 36 [ 4 170:175]
 -2 [ 4 182:182]

Vehicle: 301  Cost: 107.92
Route: 3 16 85 51 119 80 75 121 -3 
  3 [10  22: 37]
 16 [ 7  82: 87]
 85 [ 9  94: 99]
 51 [ 8 300:305]
119 [10 305:310]
 80 [ 8 314:319]
 75 [ 4 323:328]
121 [ 6 341:346]
 -3 [ 6 378:378]

Vehicle: 302  Cost: 78.04
Route: 3 46 116 12 77 104 89 18 -3 
  3 [ 9  22: 37]
 46 [ 8  64: 69]
116 [10  69: 74]
 12 [ 7  85: 90]
 77 [ 4 300:305]
104 [ 6 310:315]
 89 [ 7 339:344]
 18 [ 5 344:349]
 -3 [ 5 356:356]

Vehicle: 303  Cost: 74.03
Route: 3 60 38 50 122 61 130 -3 
  3 [ 8  22: 50]
 60 [ 7  60: 65]
 38 [ 4 300:305]
 50 [ 3 310:315]
122 [ 4 420:425]
 61 [ 1 425:430]
130 [ 4 446:451]
 -3 [ 4 465:465]

Vehicle: 304  Cost: 62.96
Route: 3 73 129 100 28 70 83 76 65 98 -3 
  3 [ 8  22: 37]
 73 [ 6  52: 57]
129 [ 7  57: 62]
100 [ 9  77: 82]
 28 [ 7  82: 87]
 70 [ 5  92: 97]
 83 [ 8 103:108]
 76 [ 7 109:114]
 65 [ 6 300:305]
 98 [10 310:315]
 -3 [10 331:331]

Vehicle: 306  Cost: 103.37
Route: 3 10 95 74 131 25 13 88 17 -3 
  3 [ 8  22: 37]
 10 [ 6  58: 63]
 95 [ 9  64: 69]
 74 [ 7 300:305]
131 [ 9 305:310]
 25 [ 8 420:425]
 13 [ 7 443:448]
 88 [10 461:466]
 17 [ 8 466:471]
 -3 [ 8 494:494]

Vehicle: 308  Cost: 93.90
Route: 3 11 84 118 49 90 19 93 21 109 -3 
  3 [10  22:270]
 11 [ 7 300:305]
 84 [ 9 305:310]
118 [10 315:320]
 49 [ 6 320:325]
 90 [ 8 420:425]
 19 [ 6 425:430]
 93 [ 7 433:438]
 21 [ 6 450:455]
109 [ 9 473:478]
 -3 [ 9 490:490]

Vehicle: 309  Cost: 60.44
Route: 3 33 55 106 105 57 -3 
  3 [ 9  22: 37]
 33 [ 6  52: 57]
 55 [ 2 180:185]
106 [ 5 189:194]
105 [ 9 207:212]
 57 [ 7 225:230]
 -3 [ 7 242:242]

Vehicle: 501  Cost: 18.39
Route: 5 14 86 45 115 -5 
  5 [ 8  43: 58]
 14 [ 4  63: 68]
 86 [ 7  68: 73]
 45 [ 3  81: 86]
115 [ 7  86: 91]
 -5 [ 7  96: 96]

Vehicle: 601  Cost: 53.46
Route: 6 20 15 101 22 92 94 -6 
  6 [10  75: 90]
 20 [ 8 105:110]
 15 [ 4 118:123]
101 [ 7 300:305]
 22 [ 3 310:315]
 92 [ 5 321:326]
 94 [ 7 420:425]
 -6 [ 7 434:434]

Vehicle: 602  Cost: 115.09
Route: 6 66 81 32 42 112 96 108 126 68 99 -6 
  6 [10  75: 90]
 66 [ 9 112:117]
 81 [ 8 125:130]
 32 [ 6 300:305]
 42 [ 4 309:314]
112 [ 5 314:319]
 96 [ 6 326:331]
108 [ 8 420:425]
126 [10 440:445]
 68 [ 6 445:450]
 99 [ 9 463:468]
 -6 [ 9 503:503]

Vehicle: 603  Cost: 89.11
Route: 6 62 71 37 114 43 87 -6 
  6 [ 9  75: 90]
 62 [ 6 113:118]
 71 [ 4 180:185]
 37 [ 1 194:199]
114 [ 3 300:305]
 43 [ 2 311:316]
 87 [ 6 330:335]
 -6 [ 6 351:351]

Vehicle: 604  Cost: 4.47
Route: 6 35 -6 
  6 [ 4  75:298]
 35 [ 0 300:305]
 -6 [ 0 307:307]

Vehicle: 801  Cost: 34.66
Route: 8 44 23 59 29 102 -8 
  8 [10  37: 52]
 44 [ 9  59: 64]
 23 [ 5  71: 76]
 59 [ 1 300:305]
 29 [ 0 420:425]
102 [ 4 425:430]
 -8 [ 4 441:441]

Vehicle: 901  Cost: 78.35
Route: 9 107 53 123 128 72 -9 
  9 [ 6  74: 89]
107 [ 7 107:112]
 53 [ 3 121:126]
123 [ 5 180:185]
128 [ 9 300:305]
 72 [ 7 305:310]
 -9 [ 7 322:322]

Vehicle: 902  Cost: 75.22
Route: 9 56 54 79 41 -9 
  9 [ 8  74: 89]
 56 [ 7  96:101]
 54 [ 4 180:185]
 79 [ 2 300:305]
 41 [ 0 311:316]
 -9 [ 0 342:342]

Vehicle: 903  Cost: 114.47
Route: 9 91 120 125 67 27 133 63 -9 
  9 [ 5  74: 89]
 91 [ 7 116:121]
120 [ 8 147:152]
125 [10 166:171]
 67 [ 8 171:176]
 27 [ 6 181:186]
133 [10 202:207]
 63 [ 9 300:305]
 -9 [ 9 321:321]

Vehicle: 904  Cost: 74.28
Route: 9 26 113 78 132 34 -9 
  9 [ 7  74: 89]
 26 [ 3 118:123]
113 [ 7 180:185]
 78 [ 6 208:213]
132 [10 213:218]
 34 [ 8 300:305]
 -9 [ 8 310:310]

Total Cost: 1982.50
 11:129.53, 42:75 [1, 5, -5, 2, -2, -1]
 13:44.72, 62:75 [1, 3, -3, -1]
 14:44.72, 28:75 [1, -3, -1]
 18:120.39, 43:75 [1, 8, 6, -6, -8, -1]
 20:147.08, 26:75 [1, 9, -9, -1]
201:68.69, 10:10 [2, 24, 97, 64, 39, 111, 134, -2]
202:97.63, 9:10 [2, 48, 124, 69, 127, 30, 58, -2]
203:43.02, 8:10 [2, 52, 40, 117, 47, -2]
204:34.01, 8:10 [2, 82, 103, 31, -2]
205:14.56, 6:10 [2, 110, 36, -2]
301:107.92, 10:10 [3, 16, 85, 51, 119, 80, 75, 121, -3]
302:78.04, 10:10 [3, 46, 116, 12, 77, 104, 89, 18, -3]
303:74.03, 8:10 [3, 60, 38, 50, 122, 61, 130, -3]
304:62.96, 10:10 [3, 73, 129, 100, 28, 70, 83, 76, 65, 98, -3]
306:103.37, 10:10 [3, 10, 95, 74, 131, 25, 13, 88, 17, -3]
308:93.90, 10:10 [3, 11, 84, 118, 49, 90, 19, 93, 21, 109, -3]
309:60.44, 9:10 [3, 33, 55, 106, 105, 57, -3]
501:18.39, 8:10 [5, 14, 86, 45, 115, -5]
601:53.46, 10:10 [6, 20, 15, 101, 22, 92, 94, -6]
602:115.09, 10:10 [6, 66, 81, 32, 42, 112, 96, 108, 126, 68, 99, -6]
603:89.11, 9:10 [6, 62, 71, 37, 114, 43, 87, -6]
604:4.47, 4:10 [6, 35, -6]
801:34.66, 10:10 [8, 44, 23, 59, 29, 102, -8]
901:78.35, 9:10 [9, 107, 53, 123, 128, 72, -9]
902:75.22, 8:10 [9, 56, 54, 79, 41, -9]
903:114.47, 10:10 [9, 91, 120, 125, 67, 27, 133, 63, -9]
904:74.28, 10:10 [9, 26, 113, 78, 132, 34, -9]
fe: 5, se: 22

!ALNS------------
100000,1982.504228628573,632.78,352.055,5,22,0.536,0.8909090909090909,25.0,5.681818181818182
4 16 9 9 0 0 3 1 
7.988234032483441 18.890046760089216 9.092675958750876 11.769783827868569 4.318344307676853 25.935436006881286 13.341148800994686 19.3467242694764 
3 7 5 6 3 3 12 3 
12.347592999080298 13.323352130328264 12.72937831694944 13.07461977383026 13.20056650640047 12.924113177012888 12.388598479411892 14.358223945604513 

x[907] = 1.0
Vehicle: 20  Cost: 147.08
Route: 1 9 -9 -1 
 1 [ 32   0:  0 [81, 41, 72, 78, 67, 34, 63, 56, 66, 53, 26, 54, 27, 79, 15]]
 9 [  0  74: 74 []]
-9 [ 24  74:345 [128, 132, 113, 133, 120, 107, 91, 125, 123]]
-1 [ 24 419:419 [128, 132, 113, 133, 120, 107, 91, 125, 123]]

x[2612] = 1.0
Vehicle: 18  Cost: 120.39
Route: 1 8 6 -6 -8 -1 
 1 [ 37   0:  0 [32, 22, 29, 35, 43, 68, 20, 59, 42, 71, 44, 37, 23, 62]]
 8 [ 27  37: 52 [32, 22, 35, 43, 68, 20, 42, 71, 37, 62]]
 6 [  0  75: 75 []]
-6 [ 22  75:564 [112, 94, 101, 96, 99, 108, 87, 92, 114, 126]]
-8 [ 26 587:602 [102, 112, 94, 101, 96, 99, 108, 87, 92, 114, 126]]
-1 [ 26 639:639 [112, 102, 94, 101, 96, 99, 108, 87, 92, 114, 126]]

x[2775] = 1.0
Vehicle: 13  Cost: 44.72
Route: 1 3 -3 -1 
 1 [ 62   0:  0 [19, 18, 77, 46, 49, 61, 13, 75, 10, 65, 73, 55, 76, 16, 28, 25, 12, 80, 21, 51, 33, 60, 70, 11, 57, 38, 50, 17, 74]]
 3 [  0  22: 22 []]
-3 [ 25  22:552 [131, 109, 130, 118, 90, 84, 88, 122, 95, 93, 98]]
-1 [ 25 574:574 [131, 109, 130, 118, 90, 84, 88, 122, 95, 93, 98]]

x[5582] = 1.0
Vehicle: 14  Cost: 44.72
Route: 1 -3 -1 
 1 [  0   0:  0 []]
-3 [ 33  22:393 [83, 119, 100, 106, 89, 104, 105, 129, 121, 116, 85, 98, 123, 88]]
-1 [ 33 415:415 [83, 119, 100, 106, 89, 104, 105, 129, 121, 116, 85, 98, 123, 88]]

x[6305] = 1.0
Vehicle: 11  Cost: 129.53
Route: 1 5 -5 2 -2 -1 
 1 [ 42   0:  0 [31, 69, 82, 30, 48, 40, 52, 58, 24, 47, 36, 39, 64, 45, 14]]
 5 [ 34  43: 43 [31, 69, 82, 30, 48, 40, 52, 58, 24, 47, 36, 39, 64]]
-5 [ 41  43:111 [86, 31, 69, 82, 30, 48, 40, 52, 58, 24, 47, 36, 39, 64, 115]]
 2 [  7 143:143 [86, 115]]
-2 [ 32 143:363 [134, 111, 117, 127, 103, 110, 97, 124, 86, 115]]
-1 [ 32 419:419 [134, 111, 117, 127, 103, 110, 97, 124, 86, 115]]

y[308] = 1.0
Vehicle: 903  Cost: 81.60
Route: 9 107 53 123 72 128 34 -9 
  9 [ 8  94:109]
107 [ 9 128:133]
 53 [ 5 142:147]
123 [ 7 180:185]
 72 [ 5 300:305]
128 [ 9 305:310]
 34 [ 7 320:325]
 -9 [ 7 330:330]

y[482] = 1.0
Vehicle: 901  Cost: 75.22
Route: 9 56 54 79 41 -9 
  9 [ 8 145:160]
 56 [ 7 167:172]
 54 [ 4 205:210]
 79 [ 2 300:305]
 41 [ 0 311:316]
 -9 [ 0 342:342]

y[520] = 1.0
Vehicle: 202  Cost: 97.63
Route: 2 48 124 69 127 30 58 -2 
  2 [ 6 150:165]
 48 [ 5 184:189]
124 [ 9 218:223]
 69 [ 6 300:305]
127 [ 8 305:310]
 30 [ 7 329:334]
 58 [ 6 339:344]
 -2 [ 6 346:346]

y[900] = 1.0
Vehicle: 801  Cost: 34.66
Route: 8 44 23 59 29 102 -8 
  8 [10 132:147]
 44 [ 9 153:158]
 23 [ 5 166:171]
 59 [ 1 300:305]
 29 [ 0 420:425]
102 [ 4 425:430]
 -8 [ 4 441:441]

y[1612] = 1.0
Vehicle: 904  Cost: 129.16
Route: 9 27 67 125 120 15 81 66 91 133 -9 
  9 [10  74: 89]
 27 [ 8 129:134]
 67 [ 6 139:144]
125 [ 8 144:149]
120 [ 9 163:168]
 15 [ 5 185:190]
 81 [ 4 195:200]
 66 [ 3 208:213]
 91 [ 5 222:227]
133 [ 9 232:237]
 -9 [ 9 263:263]

y[4154] = 1.0
Vehicle: 301  Cost: 107.92
Route: 3 16 85 51 119 80 75 121 -3 
  3 [10 207:222]
 16 [ 7 267:272]
 85 [ 9 279:284]
 51 [ 8 300:305]
119 [10 305:310]
 80 [ 8 314:319]
 75 [ 4 323:328]
121 [ 6 341:346]
 -3 [ 6 378:378]

y[4395] = 1.0
Vehicle: 204  Cost: 43.02
Route: 2 52 40 117 47 -2 
  2 [ 8 143:158]
 52 [ 4 179:184]
 40 [ 3 300:305]
117 [ 6 309:314]
 47 [ 3 314:319]
 -2 [ 3 331:331]

y[5202] = 1.0
Vehicle: 302  Cost: 78.04
Route: 3 46 116 12 77 104 18 89 -3 
  3 [ 9 106:121]
 46 [ 8 148:153]
116 [10 153:158]
 12 [ 7 169:174]
 77 [ 4 300:305]
104 [ 6 310:315]
 18 [ 4 339:344]
 89 [ 5 344:349]
 -3 [ 5 356:356]

y[6071] = 1.0
Vehicle: 204  Cost: 34.01
Route: 2 82 103 31 -2 
  2 [ 8 150:165]
 82 [ 4 174:179]
103 [ 8 300:305]
 31 [ 4 305:310]
 -2 [ 4 327:327]

y[6697] = 1.0
Vehicle: 301  Cost: 62.96
Route: 3 129 73 100 28 70 83 76 65 98 -3 
  3 [ 8  22: 37]
129 [ 9  52: 57]
 73 [ 7  57: 62]
100 [ 9  77: 82]
 28 [ 7  82: 87]
 70 [ 5  92: 97]
 83 [ 8 103:108]
 76 [ 7 109:114]
 65 [ 6 300:305]
 98 [10 310:315]
 -3 [10 331:331]

y[6941] = 1.0
Vehicle: 501  Cost: 18.39
Route: 5 45 115 14 86 -5 
  5 [ 8  43: 58]
 45 [ 4  63: 68]
115 [ 8  68: 73]
 14 [ 4  81: 86]
 86 [ 7  86: 91]
 -5 [ 7  96: 96]

y[7384] = 1.0
Vehicle: 604  Cost: 43.50
Route: 6 35 92 101 22 94 -6 
  6 [ 8  79:298]
 35 [ 4 300:305]
 92 [ 6 319:324]
101 [ 9 329:334]
 22 [ 5 340:345]
 94 [ 7 420:425]
 -6 [ 7 434:434]

y[7556] = 1.0
Vehicle: 205  Cost: 14.56
Route: 2 110 36 -2 
  2 [ 2 150:165]
110 [ 6 173:178]
 36 [ 4 178:183]
 -2 [ 4 190:190]

y[8438] = 1.0
Vehicle: 903  Cost: 74.41
Route: 9 78 132 26 113 63 -9 
  9 [ 6 101:116]
 78 [ 5 126:131]
132 [ 9 131:136]
 26 [ 5 163:168]
113 [ 9 180:185]
 63 [ 8 300:305]
 -9 [ 8 321:321]

y[11841] = 1.0
Vehicle: 602  Cost: 108.07
Route: 6 20 42 112 32 96 108 126 68 99 -6 
  6 [10 138:153]
 20 [ 8 167:172]
 42 [ 6 300:305]
112 [ 7 305:310]
 32 [ 5 314:319]
 96 [ 6 327:332]
108 [ 8 420:425]
126 [10 440:445]
 68 [ 6 445:450]
 99 [ 9 463:468]
 -6 [ 9 503:503]

y[11885] = 1.0
Vehicle: 309  Cost: 60.44
Route: 3 33 55 106 105 57 -3 
  3 [ 9  22: 37]
 33 [ 6  52: 57]
 55 [ 2 180:185]
106 [ 5 189:194]
105 [ 9 207:212]
 57 [ 7 225:230]
 -3 [ 7 242:242]

y[12796] = 1.0
Vehicle: 308  Cost: 103.37
Route: 3 10 95 74 131 25 13 17 88 -3 
  3 [ 8  22: 37]
 10 [ 6  58: 63]
 95 [ 9  64: 69]
 74 [ 7 300:305]
131 [ 9 305:310]
 25 [ 8 420:425]
 13 [ 7 443:448]
 17 [ 5 461:466]
 88 [ 8 466:471]
 -3 [ 8 494:494]

y[13707] = 1.0
Vehicle: 308  Cost: 93.90
Route: 3 11 84 49 118 90 19 93 21 109 -3 
  3 [10  22:270]
 11 [ 7 300:305]
 84 [ 9 305:310]
 49 [ 5 315:320]
118 [ 6 320:325]
 90 [ 8 420:425]
 19 [ 6 425:430]
 93 [ 7 433:438]
 21 [ 6 450:455]
109 [ 9 473:478]
 -3 [ 9 490:490]

y[14436] = 1.0
Vehicle: 203  Cost: 68.69
Route: 2 24 97 64 111 39 134 -2 
  2 [10 144:159]
 24 [ 7 189:194]
 97 [ 8 194:199]
 64 [ 4 205:210]
111 [ 7 216:221]
 39 [ 4 221:226]
134 [ 8 300:305]
 -2 [ 8 326:326]

y[14464] = 1.0
Vehicle: 603  Cost: 89.11
Route: 6 62 71 37 114 43 87 -6 
  6 [ 9 140:155]
 62 [ 6 177:182]
 71 [ 4 192:197]
 37 [ 1 207:212]
114 [ 3 300:305]
 43 [ 2 311:316]
 87 [ 6 330:335]
 -6 [ 6 351:351]

y[15176] = 1.0
Vehicle: 303  Cost: 74.03
Route: 3 60 38 50 61 122 130 -3 
  3 [ 8  22: 50]
 60 [ 7  60: 65]
 38 [ 4 300:305]
 50 [ 3 310:315]
 61 [ 0 420:425]
122 [ 1 425:430]
130 [ 4 446:451]
 -3 [ 4 465:465]

FE: 5
SE: 21
!MIP-----
1979.1226992122529,5400.148588895798,0.013586360111085223,5,21,8728,15303

Run: 2
Total Cost: 1961.83
Vehicle: 11  Cost: 44.72
Route: 1 3 -3 -1 
 1 [ 52   0:  0 [28, 57, 25, 77, 73, 38, 11, 18, 46, 16, 80, 49, 13, 50, 53, 75, 74, 60, 10, 17, 61, 12, 51]]
 3 [  0  22: 22 []]
-3 [ 19  22:516 [88, 118, 131, 122, 109, 98, 84, 130]]
-1 [ 19 538:538 [88, 118, 131, 122, 109, 98, 84, 130]]

Vehicle: 13  Cost: 44.72
Route: 1 -3 -1 
 1 [  0   0:  0 []]
-3 [ 24  22:393 [89, 116, 104, 85, 129, 121, 105, 123, 100, 107, 119, 95]]
-1 [ 24 415:415 [89, 116, 104, 85, 129, 121, 105, 123, 100, 107, 119, 95]]

Vehicle: 14  Cost: 152.76
Route: 1 2 -2 4 -4 -1 
 1 [ 64   0:  0 [43, 26, 24, 30, 21, 52, 66, 64, 47, 31, 48, 39, 82, 37, 71, 69, 58, 62, 22, 40, 67, 27, 15, 36, 81, 19]]
 2 [ 37  55: 55 [43, 26, 24, 66, 64, 39, 37, 71, 62, 22, 67, 27, 15, 81]]
-2 [ 41  55: 70 [110, 43, 26, 24, 66, 64, 39, 37, 71, 62, 22, 67, 27, 15, 81]]
 4 [  4  94: 94 [110]]
-4 [ 37  94:344 [87, 133, 92, 114, 97, 112, 101, 91, 125, 113, 134, 110, 111, 120]]
-1 [ 37 418:418 [87, 133, 92, 114, 97, 112, 101, 91, 125, 113, 134, 110, 111, 120]]

Vehicle: 16  Cost: 137.16
Route: 1 8 6 -6 -2 -8 -1 
 1 [ 24   0:  0 [29, 35, 32, 42, 59, 20, 23, 68, 44]]
 8 [ 14  37: 52 [35, 32, 42, 20, 68]]
 6 [  0  75: 75 []]
-6 [ 10  75:530 [99, 126, 108, 94, 96]]
-2 [ 26 547:562 [99, 90, 126, 117, 127, 93, 103, 108, 124, 94, 96]]
-8 [ 30 585:600 [102, 99, 126, 90, 117, 127, 93, 103, 108, 124, 94, 96]]
-1 [ 30 637:637 [99, 90, 126, 102, 117, 127, 93, 103, 108, 124, 94, 96]]

Vehicle: 17  Cost: 126.38
Route: 1 5 -5 7 -7 -1 
 1 [ 33   0:  0 [65, 63, 79, 78, 54, 76, 70, 45, 33, 41, 14, 55, 56, 34, 72]]
 5 [ 14  43: 43 [63, 79, 78, 54, 41, 56, 34, 72]]
-5 [ 27  43:119 [106, 63, 79, 86, 83, 78, 54, 115, 41, 56, 34, 72]]
 7 [ 13 141:141 [106, 86, 83, 115]]
-7 [ 21 141:353 [106, 132, 128, 86, 83, 115]]
-1 [ 21 414:414 [106, 132, 128, 86, 83, 115]]

Vehicle: 201  Cost: 53.63
Route: 2 36 52 40 47 117 -2 
  2 [10  55: 70]
 36 [ 8  78: 83]
 52 [ 4 107:112]
 40 [ 3 300:305]
 47 [ 0 309:314]
117 [ 3 314:319]
 -2 [ 3 331:331]

Vehicle: 202  Cost: 44.75
Route: 2 31 103 69 127 -2 
  2 [ 7  55:283]
 31 [ 3 300:305]
103 [ 7 305:310]
 69 [ 4 315:320]
127 [ 6 320:325]
 -2 [ 6 348:348]

Vehicle: 203  Cost: 103.39
Route: 2 82 48 124 19 90 93 21 30 58 -2 
  2 [10  55: 70]
 82 [ 6  79: 84]
 48 [ 5  94: 99]
124 [ 9 128:133]
 19 [ 7 420:425]
 90 [ 9 425:430]
 93 [10 433:438]
 21 [ 9 450:455]
 30 [ 8 474:479]
 58 [ 7 485:490]
 -2 [ 7 491:491]

Vehicle: 204  Cost: 14.56
Route: 2 110 -2 
  2 [ 0   0: 15]
110 [ 4  22: 27]
 -2 [ 4  35: 35]

Vehicle: 301  Cost: 107.92
Route: 3 16 85 51 119 80 75 121 -3 
  3 [10  22: 37]
 16 [ 7  82: 87]
 85 [ 9  94: 99]
 51 [ 8 300:305]
119 [10 305:310]
 80 [ 8 314:319]
 75 [ 4 323:328]
121 [ 6 341:346]
 -3 [ 6 378:378]

Vehicle: 303  Cost: 76.90
Route: 3 49 118 84 11 61 122 130 109 -3 
  3 [10  22:265]
 49 [ 6 300:305]
118 [ 7 305:310]
 84 [ 9 315:320]
 11 [ 6 320:325]
 61 [ 3 420:425]
122 [ 4 425:430]
130 [ 7 446:451]
109 [10 454:459]
 -3 [10 471:471]

Vehicle: 304  Cost: 96.38
Route: 3 57 105 107 53 123 95 -3 
  3 [ 6  22: 37]
 57 [ 4  50: 55]
105 [ 8  67: 72]
107 [ 9  89: 94]
 53 [ 5 103:108]
123 [ 7 180:185]
 95 [10 198:203]
 -3 [10 224:224]

Vehicle: 305  Cost: 82.70
Route: 3 28 100 129 73 60 50 38 -3 
  3 [ 9  22: 37]
 28 [ 7  50: 55]
100 [ 9  55: 60]
129 [10  76: 81]
 73 [ 8  81: 86]
 60 [ 7 101:106]
 50 [ 6 300:305]
 38 [ 3 310:315]
 -3 [ 3 337:337]

Vehicle: 306  Cost: 105.03
Route: 3 10 74 131 25 13 17 88 98 -3 
  3 [ 8  22: 37]
 10 [ 6  58: 63]
 74 [ 4 300:305]
131 [ 6 305:310]
 25 [ 5 420:425]
 13 [ 4 443:448]
 17 [ 2 461:466]
 88 [ 5 466:471]
 98 [ 9 480:485]
 -3 [ 9 501:501]

Vehicle: 307  Cost: 78.04
Route: 3 46 116 12 77 104 18 89 -3 
  3 [ 9  22: 37]
 46 [ 8  64: 69]
116 [10  69: 74]
 12 [ 7  85: 90]
 77 [ 4 300:305]
104 [ 6 310:315]
 18 [ 4 339:344]
 89 [ 5 344:349]
 -3 [ 5 356:356]

Vehicle: 401  Cost: 96.16
Route: 4 62 120 67 125 27 91 112 101 -4 
  4 [ 7  94:109]
 62 [ 4 118:123]
120 [ 5 143:148]
 67 [ 3 161:166]
125 [ 5 166:171]
 27 [ 3 176:181]
 91 [ 5 199:204]
112 [ 6 300:305]
101 [ 9 314:319]
 -4 [ 9 329:329]

Vehicle: 402  Cost: 107.41
Route: 4 15 81 113 26 133 66 92 -4 
  4 [10  94:109]
 15 [ 6 122:127]
 81 [ 5 132:137]
113 [ 9 180:185]
 26 [ 5 193:198]
133 [ 9 216:221]
 66 [ 8 235:240]
 92 [10 300:305]
 -4 [10 314:314]

Vehicle: 403  Cost: 49.53
Route: 4 71 37 114 43 -4 
  4 [ 6  94:171]
 71 [ 4 180:185]
 37 [ 1 194:199]
114 [ 3 300:305]
 43 [ 2 311:316]
 -4 [ 2 329:329]

Vehicle: 404  Cost: 59.92
Route: 4 24 97 64 111 39 134 -4 
  4 [10  94:162]
 24 [ 7 180:185]
 97 [ 8 185:190]
 64 [ 4 196:201]
111 [ 7 206:211]
 39 [ 4 211:216]
134 [ 8 300:305]
 -4 [ 8 329:329]

Vehicle: 405  Cost: 17.42
Route: 4 22 87 -4 
  4 [ 4  94:294]
 22 [ 0 300:305]
 87 [ 4 314:319]
 -4 [ 4 322:322]

Vehicle: 501  Cost: 21.01
Route: 5 83 76 106 14 86 -5 
  5 [ 5  43: 58]
 83 [ 8  62: 67]
 76 [ 7  68: 73]
106 [10  79: 84]
 14 [ 6  89: 94]
 86 [ 9  94: 99]
 -5 [ 9 104:104]

Vehicle: 502  Cost: 25.39
Route: 5 70 33 55 65 -5 
  5 [10  43: 58]
 70 [ 8  64: 69]
 33 [ 5  77: 82]
 55 [ 1 180:185]
 65 [ 0 300:305]
 -5 [ 0 310:310]

Vehicle: 503  Cost: 10.77
Route: 5 45 115 -5 
  5 [ 4  43: 58]
 45 [ 0  63: 68]
115 [ 4  68: 73]
 -5 [ 4  79: 79]

Vehicle: 601  Cost: 115.25
Route: 6 20 42 32 96 108 99 68 126 94 -6 
  6 [10  75: 90]
 20 [ 8 105:110]
 42 [ 6 300:305]
 32 [ 4 309:314]
 96 [ 5 322:327]
108 [ 7 420:425]
 99 [10 448:453]
 68 [ 6 466:471]
126 [ 8 471:476]
 94 [10 500:505]
 -6 [10 515:515]

Vehicle: 602  Cost: 4.47
Route: 6 35 -6 
  6 [ 4  75:298]
 35 [ 0 300:305]
 -6 [ 0 307:307]

Vehicle: 701  Cost: 43.19
Route: 7 78 132 34 72 128 -7 
  7 [ 5 141:156]
 78 [ 4 168:173]
132 [ 8 173:178]
 34 [ 6 300:305]
 72 [ 4 315:320]
128 [ 8 320:325]
 -7 [ 8 338:338]

Vehicle: 702  Cost: 107.60
Route: 7 56 54 79 41 63 -7 
  7 [ 9 141:156]
 56 [ 8 176:181]
 54 [ 5 214:219]
 79 [ 3 300:305]
 41 [ 1 311:316]
 63 [ 0 341:346]
 -7 [ 0 367:367]

Vehicle: 801  Cost: 34.66
Route: 8 44 23 59 102 29 -8 
  8 [10  37: 52]
 44 [ 9  59: 64]
 23 [ 5  71: 76]
 59 [ 1 300:305]
102 [ 5 420:425]
 29 [ 4 425:430]
 -8 [ 4 441:441]

Total Cost: 1961.83
 11:44.72, 52:75 [1, 3, -3, -1]
 13:44.72, 24:75 [1, -3, -1]
 14:152.76, 64:75 [1, 2, -2, 4, -4, -1]
 16:137.16, 30:75 [1, 8, 6, -6, -2, -8, -1]
 17:126.38, 33:75 [1, 5, -5, 7, -7, -1]
201:53.63, 10:10 [2, 36, 52, 40, 47, 117, -2]
202:44.75, 7:10 [2, 31, 103, 69, 127, -2]
203:103.39, 10:10 [2, 82, 48, 124, 19, 90, 93, 21, 30, 58, -2]
204:14.56, 4:10 [2, 110, -2]
301:107.92, 10:10 [3, 16, 85, 51, 119, 80, 75, 121, -3]
303:76.90, 10:10 [3, 49, 118, 84, 11, 61, 122, 130, 109, -3]
304:96.38, 10:10 [3, 57, 105, 107, 53, 123, 95, -3]
305:82.70, 10:10 [3, 28, 100, 129, 73, 60, 50, 38, -3]
306:105.03, 9:10 [3, 10, 74, 131, 25, 13, 17, 88, 98, -3]
307:78.04, 10:10 [3, 46, 116, 12, 77, 104, 18, 89, -3]
401:96.16, 9:10 [4, 62, 120, 67, 125, 27, 91, 112, 101, -4]
402:107.41, 10:10 [4, 15, 81, 113, 26, 133, 66, 92, -4]
403:49.53, 6:10 [4, 71, 37, 114, 43, -4]
404:59.92, 10:10 [4, 24, 97, 64, 111, 39, 134, -4]
405:17.42, 4:10 [4, 22, 87, -4]
501:21.01, 10:10 [5, 83, 76, 106, 14, 86, -5]
502:25.39, 10:10 [5, 70, 33, 55, 65, -5]
503:10.77, 4:10 [5, 45, 115, -5]
601:115.25, 10:10 [6, 20, 42, 32, 96, 108, 99, 68, 126, 94, -6]
602:4.47, 4:10 [6, 35, -6]
701:43.19, 8:10 [7, 78, 132, 34, 72, 128, -7]
702:107.60, 9:10 [7, 56, 54, 79, 41, 63, -7]
801:34.66, 10:10 [8, 44, 23, 59, 102, 29, -8]
fe: 5, se: 23

!ALNS------------
100000,1961.8271279718504,508.982,262.063,5,23,0.5413333333333333,0.8434782608695652,25.0,5.434782608695652
26 14 17 9 0 3 2 0 
8.676769746061 22.582075262027175 9.377342325286266 11.89791076885549 53.490960597864756 28.810110479065216 18.605932910760227 27.000401050117375 
5 14 7 10 7 11 11 6 
14.010427000681453 14.527626224595068 15.75086379101805 14.876831771262196 15.462684475165494 15.06132137576179 14.84669818957506 14.319544504965016 

x[2997] = 1.0
Vehicle: 11  Cost: 44.72
Route: 1 3 -3 -1 
 1 [ 50   0:  0 [49, 77, 11, 57, 51, 18, 16, 53, 75, 80, 46, 17, 10, 12, 50, 25, 60, 38, 74, 73, 13, 61]]
 3 [  0  22: 22 []]
-3 [ 28  22:393 [119, 121, 85, 105, 84, 104, 95, 123, 129, 89, 118, 116, 107, 130]]
-1 [ 28 415:415 [119, 121, 85, 105, 84, 104, 95, 123, 129, 89, 118, 116, 107, 130]]

x[5855] = 1.0
Vehicle: 16  Cost: 141.52
Route: 1 8 6 -6 -2 -8 -3 -1 
 1 [ 24   0:  0 [29, 68, 42, 44, 20, 23, 35, 32, 59]]
 8 [ 14  37: 52 [68, 42, 20, 35, 32]]
 6 [  0  75: 75 []]
-6 [ 10  75:532 [94, 96, 126, 108, 99]]
-2 [ 26 549:564 [90, 93, 103, 94, 96, 126, 108, 117, 127, 99, 124]]
-8 [ 30 587:602 [90, 93, 102, 103, 94, 96, 126, 108, 117, 127, 99, 124]]
-3 [ 49 621:636 [90, 131, 84, 93, 122, 102, 103, 94, 96, 109, 130, 88, 118, 126, 108, 117, 127, 99, 124, 98]]
-1 [ 49 658:658 [90, 131, 84, 93, 122, 102, 103, 94, 96, 109, 130, 88, 118, 126, 108, 117, 127, 99, 124, 98]]

x[6025] = 1.0
Vehicle: 17  Cost: 126.38
Route: 1 5 -5 7 -7 -1 
 1 [ 35   0:  0 [76, 70, 41, 63, 79, 34, 54, 65, 56, 72, 28, 55, 45, 14, 78, 33]]
 5 [ 14  43: 43 [41, 63, 79, 34, 54, 56, 72, 78]]
-5 [ 29  43:114 [41, 115, 63, 100, 86, 79, 34, 54, 56, 72, 78, 83, 106]]
 7 [ 15 136:136 [115, 100, 86, 83, 106]]
-7 [ 23 136:353 [128, 115, 100, 86, 132, 83, 106]]
-1 [ 23 414:414 [128, 115, 100, 86, 132, 83, 106]]

x[7342] = 1.0
Vehicle: 14  Cost: 152.76
Route: 1 2 -2 4 -4 -1 
 1 [ 64   0:  0 [43, 81, 67, 64, 24, 66, 37, 15, 31, 26, 69, 19, 21, 27, 62, 36, 22, 71, 39, 30, 48, 58, 47, 82, 52, 40]]
 2 [ 37  55: 55 [43, 81, 67, 64, 24, 66, 37, 15, 26, 27, 62, 22, 71, 39]]
-2 [ 41  55: 70 [110, 43, 81, 67, 64, 24, 66, 37, 15, 26, 27, 62, 22, 71, 39]]
 4 [  4  94: 94 [110]]
-4 [ 37  94:344 [87, 91, 101, 110, 112, 111, 125, 114, 97, 120, 113, 133, 92, 134]]
-1 [ 37 418:418 [87, 91, 101, 110, 112, 111, 125, 114, 97, 120, 113, 133, 92, 134]]

y[92] = 1.0
Vehicle: 601  Cost: 4.47
Route: 6 35 -6 
  6 [ 4 299:314]
 35 [ 0 316:321]
 -6 [ 0 323:323]

y[338] = 1.0
Vehicle: 601  Cost: 115.25
Route: 6 20 42 32 96 108 99 68 126 94 -6 
  6 [10 126:141]
 20 [ 8 156:161]
 42 [ 6 300:305]
 32 [ 4 309:314]
 96 [ 5 322:327]
108 [ 7 420:425]
 99 [10 448:453]
 68 [ 6 466:471]
126 [ 8 471:476]
 94 [10 500:505]
 -6 [10 515:515]

y[478] = 1.0
Vehicle: 505  Cost: 22.50
Route: 5 28 100 70 -5 
  5 [ 4  43: 58]
 28 [ 2  69: 74]
100 [ 4  74: 79]
 70 [ 2  84: 89]
 -5 [ 2  96: 96]

y[1112] = 1.0
Vehicle: 302  Cost: 68.33
Route: 3 73 129 60 50 38 -3 
  3 [ 7  22: 37]
 73 [ 5  52: 57]
129 [ 6  57: 62]
 60 [ 5  76: 81]
 50 [ 4 300:305]
 38 [ 1 310:315]
 -3 [ 1 337:337]

y[1596] = 1.0
Vehicle: 404  Cost: 59.92
Route: 4 24 97 64 111 39 134 -4 
  4 [10  74:162]
 24 [ 7 180:185]
 97 [ 8 185:190]
 64 [ 4 196:201]
111 [ 7 206:211]
 39 [ 4 211:216]
134 [ 8 300:305]
 -4 [ 8 329:329]

y[2493] = 1.0
Vehicle: 202  Cost: 44.75
Route: 2 31 103 127 69 -2 
  2 [ 7  55:283]
 31 [ 3 300:305]
103 [ 7 305:310]
127 [ 9 315:320]
 69 [ 6 320:325]
 -2 [ 6 348:348]

y[3127] = 1.0
Vehicle: 405  Cost: 49.53
Route: 4 71 37 114 43 -4 
  4 [ 6 105:171]
 71 [ 4 180:185]
 37 [ 1 194:199]
114 [ 3 300:305]
 43 [ 2 311:316]
 -4 [ 2 329:329]

y[3628] = 1.0
Vehicle: 307  Cost: 78.04
Route: 3 46 116 12 77 104 89 18 -3 
  3 [ 9  22: 37]
 46 [ 8  64: 69]
116 [10  69: 74]
 12 [ 7  85: 90]
 77 [ 4 300:305]
104 [ 6 310:315]
 89 [ 7 339:344]
 18 [ 5 344:349]
 -3 [ 5 356:356]

y[4095] = 1.0
Vehicle: 702  Cost: 107.60
Route: 7 56 54 79 41 63 -7 
  7 [ 9 143:158]
 56 [ 8 178:183]
 54 [ 5 216:221]
 79 [ 3 300:305]
 41 [ 1 311:316]
 63 [ 0 341:346]
 -7 [ 0 367:367]

y[4959] = 1.0
Vehicle: 801  Cost: 34.66
Route: 8 44 23 59 29 102 -8 
  8 [10 192:207]
 44 [ 9 214:219]
 23 [ 5 226:231]
 59 [ 1 300:305]
 29 [ 0 420:425]
102 [ 4 425:430]
 -8 [ 4 441:441]

y[5187] = 1.0
Vehicle: 306  Cost: 105.03
Route: 3 10 74 131 25 13 17 88 98 -3 
  3 [ 8 154:169]
 10 [ 6 189:194]
 74 [ 4 300:305]
131 [ 6 305:310]
 25 [ 5 420:425]
 13 [ 4 443:448]
 17 [ 2 461:466]
 88 [ 5 466:471]
 98 [ 9 480:485]
 -3 [ 9 501:501]

y[7112] = 1.0
Vehicle: 203  Cost: 14.56
Route: 2 110 -2 
  2 [ 0   0: 15]
110 [ 4  22: 27]
 -2 [ 4  35: 35]

y[7248] = 1.0
Vehicle: 401  Cost: 78.87
Route: 4 62 15 81 133 91 112 101 -4 
  4 [ 8 117:132]
 62 [ 5 141:146]
 15 [ 1 156:161]
 81 [ 0 166:171]
133 [ 4 189:194]
 91 [ 6 199:204]
112 [ 7 300:305]
101 [10 314:319]
 -4 [10 329:329]

y[7278] = 1.0
Vehicle: 304  Cost: 96.38
Route: 3 57 105 107 53 123 95 -3 
  3 [ 6  22: 37]
 57 [ 4  50: 55]
105 [ 8  67: 72]
107 [ 9  89: 94]
 53 [ 5 103:108]
123 [ 7 180:185]
 95 [10 198:203]
 -3 [10 224:224]

y[7531] = 1.0
Vehicle: 203  Cost: 103.39
Route: 2 82 48 124 19 90 93 21 30 58 -2 
  2 [10  75: 90]
 82 [ 6  99:104]
 48 [ 5 114:119]
124 [ 9 148:153]
 19 [ 7 420:425]
 90 [ 9 425:430]
 93 [10 433:438]
 21 [ 9 450:455]
 30 [ 8 474:479]
 58 [ 7 485:490]
 -2 [ 7 491:491]

y[7790] = 1.0
Vehicle: 404  Cost: 120.85
Route: 4 120 67 125 27 26 113 66 92 -4 
  4 [ 9 113:128]
120 [10 156:161]
 67 [ 8 175:180]
125 [10 180:185]
 27 [ 8 190:195]
 26 [ 4 215:220]
113 [ 8 228:233]
 66 [ 7 258:263]
 92 [ 9 300:305]
 -4 [ 9 314:314]

y[7844] = 1.0
Vehicle: 701  Cost: 43.19
Route: 7 78 132 34 128 72 -7 
  7 [ 5 141:156]
 78 [ 4 168:173]
132 [ 8 173:178]
 34 [ 6 300:305]
128 [10 315:320]
 72 [ 8 320:325]
 -7 [ 8 338:338]

y[8029] = 1.0
Vehicle: 301  Cost: 107.92
Route: 3 16 85 51 119 80 75 121 -3 
  3 [10 150:165]
 16 [ 7 209:214]
 85 [ 9 222:227]
 51 [ 8 300:305]
119 [10 305:310]
 80 [ 8 314:319]
 75 [ 4 323:328]
121 [ 6 341:346]
 -3 [ 6 378:378]

y[8271] = 1.0
Vehicle: 502  Cost: 10.77
Route: 5 45 115 -5 
  5 [ 4  43: 58]
 45 [ 0  63: 68]
115 [ 4  68: 73]
 -5 [ 4  79: 79]

y[9056] = 1.0
Vehicle: 303  Cost: 76.90
Route: 3 49 118 84 11 61 122 130 109 -3 
  3 [10  22:265]
 49 [ 6 300:305]
118 [ 7 305:310]
 84 [ 9 315:320]
 11 [ 6 320:325]
 61 [ 3 420:425]
122 [ 4 425:430]
130 [ 7 446:451]
109 [10 454:459]
 -3 [10 471:471]

y[9497] = 1.0
Vehicle: 201  Cost: 53.63
Route: 2 36 52 40 47 117 -2 
  2 [10  75: 90]
 36 [ 8  97:102]
 52 [ 4 127:132]
 40 [ 3 300:305]
 47 [ 0 309:314]
117 [ 3 314:319]
 -2 [ 3 331:331]

y[10525] = 1.0
Vehicle: 405  Cost: 17.42
Route: 4 87 22 -4 
  4 [ 4 153:297]
 87 [ 8 300:305]
 22 [ 4 314:319]
 -4 [ 4 324:324]

y[12333] = 1.0
Vehicle: 503  Cost: 20.95
Route: 5 83 106 14 86 -5 
  5 [ 4  43: 58]
 83 [ 7  62: 67]
106 [10  74: 79]
 14 [ 6  84: 89]
 86 [ 9  89: 94]
 -5 [ 9  99: 99]

y[13195] = 1.0
Vehicle: 502  Cost: 20.18
Route: 5 55 33 76 65 -5 
  5 [ 9  58:173]
 55 [ 5 180:185]
 33 [ 2 189:194]
 76 [ 1 198:203]
 65 [ 0 300:305]
 -5 [ 0 310:310]

FE: 4
SE: 24
!MIP-----
1920.4841810893881,1076.6986660957336,9.8516130317891E-5,4,24,9435,15308

Run: 3
Total Cost: 1980.09
Vehicle: 13  Cost: 44.72
Route: 1 3 -3 -1 
 1 [ 73   0:  0 [33, 16, 11, 23, 14, 69, 75, 19, 76, 57, 44, 77, 51, 18, 10, 46, 55, 28, 70, 73, 12, 74, 80, 21, 61, 59, 30, 65, 29, 17, 49]]
 3 [  0  22: 22 []]
-3 [ 27  22:500 [127, 103, 122, 90, 102, 93, 130, 109, 124, 117]]
-1 [ 27 523:523 [127, 103, 122, 90, 102, 93, 130, 109, 124, 117]]

Vehicle: 14  Cost: 44.72
Route: 1 3 -3 -1 
 1 [  5   0:  0 [50, 60, 38]]
 3 [  0  22: 22 []]
-3 [ 44  22:393 [119, 88, 116, 129, 105, 106, 85, 83, 86, 104, 95, 84, 89, 131, 121, 123, 100, 98, 118]]
-1 [ 44 415:415 [119, 88, 116, 129, 105, 106, 85, 83, 86, 104, 95, 84, 89, 131, 121, 123, 100, 98, 118]]

Vehicle: 16  Cost: 152.76
Route: 1 2 4 -4 -1 
 1 [ 64   0:  0 [43, 67, 58, 22, 48, 47, 62, 27, 82, 39, 24, 71, 15, 81, 64, 78, 66, 31, 35, 36, 52, 20, 40, 26, 37]]
 2 [ 46  55: 70 [43, 67, 22, 62, 27, 39, 24, 71, 15, 81, 64, 78, 66, 35, 36, 20, 26, 37]]
 4 [  0  94: 94 []]
-4 [ 40  94:344 [110, 133, 92, 97, 87, 120, 101, 91, 113, 132, 111, 134, 125, 114]]
-1 [ 40 418:418 [110, 133, 92, 97, 87, 120, 101, 91, 113, 132, 111, 134, 125, 114]]

Vehicle: 19  Cost: 126.38
Route: 1 5 -5 7 -7 -1 
 1 [ 31   0:  0 [54, 79, 42, 34, 68, 41, 56, 45, 72, 53, 13, 25, 63, 32]]
 5 [ 27  43: 43 [54, 79, 42, 34, 68, 41, 56, 72, 53, 13, 25, 63, 32]]
-5 [ 31  43: 94 [115, 54, 79, 42, 34, 68, 41, 56, 72, 53, 13, 25, 63, 32]]
 7 [  4 116:116 [115]]
-7 [ 20 116:532 [126, 99, 107, 112, 128, 115, 108, 94, 96]]
-1 [ 20 593:593 [126, 99, 107, 112, 128, 115, 108, 94, 96]]

Vehicle: 201  Cost: 43.02
Route: 2 52 40 47 -2 
  2 [ 8  55: 70]
 52 [ 4  91: 96]
 40 [ 3 300:305]
 47 [ 0 309:314]
 -2 [ 0 326:326]

Vehicle: 202  Cost: 41.12
Route: 2 82 48 31 58 -2 
  2 [10  55: 70]
 82 [ 6  79: 84]
 48 [ 5  94: 99]
 31 [ 1 300:305]
 58 [ 0 322:327]
 -2 [ 0 328:328]

Vehicle: 301  Cost: 78.04
Route: 3 46 116 12 77 104 89 18 -3 
  3 [ 9  22: 37]
 46 [ 8  64: 69]
116 [10  69: 74]
 12 [ 7  85: 90]
 77 [ 4 300:305]
104 [ 6 310:315]
 89 [ 7 339:344]
 18 [ 5 344:349]
 -3 [ 5 356:356]

Vehicle: 302  Cost: 107.92
Route: 3 16 85 51 119 80 75 121 -3 
  3 [10  22: 37]
 16 [ 7  82: 87]
 85 [ 9  94: 99]
 51 [ 8 300:305]
119 [10 305:310]
 80 [ 8 314:319]
 75 [ 4 323:328]
121 [ 6 341:346]
 -3 [ 6 378:378]

Vehicle: 303  Cost: 118.68
Route: 3 59 21 127 69 103 117 30 -3 
  3 [ 9  22:277]
 59 [ 5 300:305]
 21 [ 4 313:318]
127 [ 6 332:337]
 69 [ 3 337:342]
103 [ 7 347:352]
117 [10 368:373]
 30 [ 9 390:395]
 -3 [ 9 430:430]

Vehicle: 304  Cost: 50.02
Route: 3 28 100 70 83 55 65 98 -3 
  3 [ 9  22: 37]
 28 [ 7  50: 55]
100 [ 9  55: 60]
 70 [ 7  65: 70]
 83 [10  76: 81]
 55 [ 6 180:185]
 65 [ 5 300:305]
 98 [ 9 310:315]
 -3 [ 9 331:331]

Vehicle: 305  Cost: 68.79
Route: 3 57 33 76 86 14 106 105 -3 
  3 [10  22: 37]
 57 [ 8  50: 55]
 33 [ 5  60: 65]
 76 [ 4  69: 74]
 86 [ 7  79: 84]
 14 [ 3  84: 89]
106 [ 6  94: 99]
105 [10 113:118]
 -3 [10 141:141]

Vehicle: 306  Cost: 71.35
Route: 3 73 129 49 118 84 11 -3 
  3 [ 9  22: 37]
 73 [ 7  52: 57]
129 [ 8  57: 62]
 49 [ 4 300:305]
118 [ 5 305:310]
 84 [ 7 315:320]
 11 [ 4 320:325]
 -3 [ 4 355:355]

Vehicle: 307  Cost: 84.62
Route: 3 60 38 50 61 122 29 102 109 -3 
  3 [ 9  22: 50]
 60 [ 8  60: 65]
 38 [ 5 300:305]
 50 [ 4 310:315]
 61 [ 1 420:425]
122 [ 2 425:430]
 29 [ 1 452:457]
102 [ 5 457:462]
109 [ 8 468:473]
 -3 [ 8 485:485]

Vehicle: 311  Cost: 121.45
Route: 3 44 23 124 90 19 93 130 -3 
  3 [ 7  22: 37]
 44 [ 6  57: 62]
 23 [ 2  69: 74]
124 [ 6 112:117]
 90 [ 8 420:425]
 19 [ 6 425:430]
 93 [ 7 433:438]
130 [10 464:469]
 -3 [10 483:483]

Vehicle: 312  Cost: 78.73
Route: 3 10 95 123 74 131 17 88 -3 
  3 [ 6  22: 37]
 10 [ 4  58: 63]
 95 [ 7  64: 69]
123 [ 9 180:185]
 74 [ 7 300:305]
131 [ 9 305:310]
 17 [ 7 327:332]
 88 [10 332:337]
 -3 [10 360:360]

Vehicle: 401  Cost: 43.93
Route: 4 36 110 35 87 -4 
  4 [ 6  94:109]
 36 [ 4 125:130]
110 [ 8 130:135]
 35 [ 4 300:305]
 87 [ 8 320:325]
 -4 [ 8 328:328]

Vehicle: 402  Cost: 49.53
Route: 4 71 37 114 43 -4 
  4 [ 6  94:171]
 71 [ 4 180:185]
 37 [ 1 194:199]
114 [ 3 300:305]
 43 [ 2 311:316]
 -4 [ 2 329:329]

Vehicle: 403  Cost: 98.45
Route: 4 62 120 125 67 27 133 91 66 -4 
  4 [ 8  94:109]
 62 [ 5 118:123]
120 [ 6 143:148]
125 [ 8 161:166]
 67 [ 6 166:171]
 27 [ 4 176:181]
133 [ 8 197:202]
 91 [10 207:212]
 66 [ 9 221:226]
 -4 [ 9 247:247]

Vehicle: 404  Cost: 121.69
Route: 4 15 81 113 26 132 78 92 -4 
  4 [10  94:109]
 15 [ 6 122:127]
 81 [ 5 132:137]
113 [ 9 180:185]
 26 [ 5 193:198]
132 [ 9 224:229]
 78 [ 8 229:234]
 92 [10 300:305]
 -4 [10 314:314]

Vehicle: 405  Cost: 28.21
Route: 4 20 101 22 -4 
  4 [ 6  94:109]
 20 [ 4 121:126]
101 [ 7 300:305]
 22 [ 3 310:315]
 -4 [ 3 321:321]

Vehicle: 406  Cost: 59.92
Route: 4 24 97 64 111 39 134 -4 
  4 [10  94:162]
 24 [ 7 180:185]
 97 [ 8 185:190]
 64 [ 4 196:201]
111 [ 7 206:211]
 39 [ 4 211:216]
134 [ 8 300:305]
 -4 [ 8 329:329]

Vehicle: 501  Cost: 10.77
Route: 5 115 45 -5 
  5 [ 4  43: 58]
115 [ 8  63: 68]
 45 [ 4  68: 73]
 -5 [ 4  79: 79]

Vehicle: 701  Cost: 140.10
Route: 7 34 112 42 32 94 96 108 68 126 -7 
  7 [10 116:291]
 34 [ 8 300:305]
112 [ 9 341:346]
 42 [ 7 346:351]
 32 [ 5 355:360]
 94 [ 7 420:425]
 96 [ 8 450:455]
108 [10 463:468]
 68 [ 6 483:488]
126 [ 8 488:493]
 -7 [ 8 517:517]

Vehicle: 702  Cost: 108.42
Route: 7 56 54 79 41 63 99 -7 
  7 [ 9 116:131]
 56 [ 8 151:156]
 54 [ 5 188:193]
 79 [ 3 300:305]
 41 [ 1 311:316]
 63 [ 0 341:346]
 99 [ 3 420:425]
 -7 [ 3 440:440]

Vehicle: 703  Cost: 86.73
Route: 7 107 53 25 13 72 128 -7 
  7 [ 8 116:131]
107 [ 9 148:153]
 53 [ 5 163:168]
 25 [ 4 420:425]
 13 [ 3 443:448]
 72 [ 1 463:468]
128 [ 5 468:473]
 -7 [ 5 486:486]

Total Cost: 1980.09
 13:44.72, 73:75 [1, 3, -3, -1]
 14:44.72, 44:75 [1, 3, -3, -1]
 16:152.76, 64:75 [1, 2, 4, -4, -1]
 19:126.38, 31:75 [1, 5, -5, 7, -7, -1]
201:43.02, 8:10 [2, 52, 40, 47, -2]
202:41.12, 10:10 [2, 82, 48, 31, 58, -2]
301:78.04, 10:10 [3, 46, 116, 12, 77, 104, 89, 18, -3]
302:107.92, 10:10 [3, 16, 85, 51, 119, 80, 75, 121, -3]
303:118.68, 10:10 [3, 59, 21, 127, 69, 103, 117, 30, -3]
304:50.02, 10:10 [3, 28, 100, 70, 83, 55, 65, 98, -3]
305:68.79, 10:10 [3, 57, 33, 76, 86, 14, 106, 105, -3]
306:71.35, 9:10 [3, 73, 129, 49, 118, 84, 11, -3]
307:84.62, 9:10 [3, 60, 38, 50, 61, 122, 29, 102, 109, -3]
311:121.45, 10:10 [3, 44, 23, 124, 90, 19, 93, 130, -3]
312:78.73, 10:10 [3, 10, 95, 123, 74, 131, 17, 88, -3]
401:43.93, 8:10 [4, 36, 110, 35, 87, -4]
402:49.53, 6:10 [4, 71, 37, 114, 43, -4]
403:98.45, 10:10 [4, 62, 120, 125, 67, 27, 133, 91, 66, -4]
404:121.69, 10:10 [4, 15, 81, 113, 26, 132, 78, 92, -4]
405:28.21, 7:10 [4, 20, 101, 22, -4]
406:59.92, 10:10 [4, 24, 97, 64, 111, 39, 134, -4]
501:10.77, 8:10 [5, 115, 45, -5]
701:140.10, 10:10 [7, 34, 112, 42, 32, 94, 96, 108, 68, 126, -7]
702:108.42, 9:10 [7, 56, 54, 79, 41, 63, 99, -7]
703:86.73, 9:10 [7, 107, 53, 25, 13, 72, 128, -7]
fe: 4, se: 21

!ALNS------------
100000,1980.092548652862,735.477,597.673,4,21,0.7066666666666667,0.919047619047619,31.25,5.9523809523809526
14 20 18 8 0 1 8 0 
8.584893932307885 20.781593007466352 9.110633467697252 9.944500743905245 40.482730870717205 19.440436308940075 12.453214072113015 16.256413050508616 
5 8 6 8 16 9 14 3 
11.78912758503284 13.201475958849718 12.16661487797839 14.238136419406715 13.129625137360168 12.403301355900437 14.32489046201619 13.556961713170287 

x[2523] = 1.0
Vehicle: 13  Cost: 44.72
Route: 1 3 -3 -1 
 1 [ 73   0:  0 [18, 10, 57, 74, 59, 17, 31, 69, 21, 29, 23, 44, 16, 46, 51, 12, 70, 28, 49, 11, 77, 65, 80, 55, 73, 76, 33, 19, 61, 50, 38, 60]]
 3 [  0  22: 22 []]
-3 [ 29  22:537 [103, 127, 102, 122, 130, 109, 124, 94, 117, 90, 93]]
-1 [ 29 560:560 [103, 127, 102, 122, 130, 109, 124, 94, 117, 90, 93]]

x[11155] = 1.0
Vehicle: 19  Cost: 126.38
Route: 1 5 -5 7 -7 -1 
 1 [ 32   0:  0 [56, 72, 34, 53, 41, 13, 66, 54, 79, 45, 32, 42, 63, 25, 68]]
 5 [ 28  43: 43 [56, 72, 34, 53, 41, 13, 66, 54, 79, 32, 42, 63, 25, 68]]
-5 [ 35  43:107 [115, 56, 72, 34, 53, 41, 13, 66, 54, 79, 32, 42, 63, 25, 68, 83]]
 7 [  7 129:129 [115, 83]]
-7 [ 23 129:512 [112, 131, 96, 99, 115, 107, 108, 128, 126, 83]]
-1 [ 23 573:573 [112, 131, 96, 99, 115, 107, 108, 128, 126, 83]]

x[11436] = 1.0
Vehicle: 14  Cost: 44.72
Route: 1 3 -3 -1 
 1 [  8   0:  0 [75, 14]]
 3 [  0  22: 22 []]
-3 [ 51  22:393 [88, 89, 83, 105, 84, 86, 116, 106, 98, 123, 104, 115, 95, 131, 85, 121, 119, 118, 130, 100, 129]]
-1 [ 51 415:415 [88, 89, 83, 105, 84, 86, 116, 106, 98, 123, 104, 115, 95, 131, 85, 121, 119, 118, 130, 100, 129]]

x[15146] = 1.0
Vehicle: 16  Cost: 152.76
Route: 1 2 4 -4 -1 
 1 [ 60   0:  0 [27, 82, 64, 39, 81, 43, 22, 48, 26, 78, 15, 37, 52, 30, 58, 36, 47, 71, 24, 67, 40, 62, 20, 35]]
 2 [ 45  55: 70 [27, 64, 39, 81, 43, 22, 26, 78, 15, 37, 36, 71, 24, 67, 62, 20, 35]]
 4 [  0  94: 94 []]
-4 [ 40  94:344 [101, 111, 133, 134, 92, 132, 91, 113, 87, 110, 120, 114, 125, 97]]
-1 [ 40 418:418 [101, 111, 133, 134, 92, 132, 91, 113, 87, 110, 120, 114, 125, 97]]

y[804] = 1.0
Vehicle: 305  Cost: 68.79
Route: 3 57 33 76 86 14 106 105 -3 
  3 [10 115:130]
 57 [ 8 142:147]
 33 [ 5 152:157]
 76 [ 4 162:167]
 86 [ 7 172:177]
 14 [ 3 177:182]
106 [ 6 187:192]
105 [10 205:210]
 -3 [10 234:234]

y[2360] = 1.0
Vehicle: 403  Cost: 98.22
Route: 4 62 120 125 67 27 133 91 -4 
  4 [ 7  94:109]
 62 [ 4 118:123]
120 [ 5 143:148]
125 [ 7 161:166]
 67 [ 5 166:171]
 27 [ 3 176:181]
133 [ 7 197:202]
 91 [ 9 207:212]
 -4 [ 9 242:242]

y[2998] = 1.0
Vehicle: 402  Cost: 49.53
Route: 4 71 37 114 43 -4 
  4 [ 6 105:171]
 71 [ 4 180:185]
 37 [ 1 194:199]
114 [ 3 300:305]
 43 [ 2 311:316]
 -4 [ 2 329:329]

y[3451] = 1.0
Vehicle: 306  Cost: 73.69
Route: 3 73 129 49 118 84 11 130 -3 
  3 [ 9  22: 37]
 73 [ 7  52: 57]
129 [ 8  57: 62]
 49 [ 4 300:305]
118 [ 5 305:310]
 84 [ 7 315:320]
 11 [ 4 320:325]
130 [ 7 343:348]
 -3 [ 7 362:362]

y[5023] = 1.0
Vehicle: 701  Cost: 106.52
Route: 7 66 42 112 32 96 108 68 126 63 99 -7 
  7 [10 141:156]
 66 [ 9 183:188]
 42 [ 7 300:305]
112 [ 8 305:310]
 32 [ 6 314:319]
 96 [ 7 327:332]
108 [ 9 420:425]
 68 [ 5 440:445]
126 [ 7 445:450]
 63 [ 6 465:470]
 99 [ 9 477:482]
 -7 [ 9 497:497]

y[5606] = 1.0
Vehicle: 303  Cost: 141.78
Route: 3 59 21 103 31 117 94 -3 
  3 [ 9  22:277]
 59 [ 5 300:305]
 21 [ 4 313:318]
103 [ 8 332:337]
 31 [ 4 337:342]
117 [ 7 359:364]
 94 [ 9 420:425]
 -3 [ 9 476:476]

y[5868] = 1.0
Vehicle: 404  Cost: 121.69
Route: 4 15 81 113 26 78 132 92 -4 
  4 [10 117:132]
 15 [ 6 145:150]
 81 [ 5 155:160]
113 [ 9 188:193]
 26 [ 5 200:205]
 78 [ 4 231:236]
132 [ 8 236:241]
 92 [10 300:305]
 -4 [10 314:314]

y[6005] = 1.0
Vehicle: 703  Cost: 86.73
Route: 7 107 53 25 13 128 72 -7 
  7 [ 8 143:158]
107 [ 9 176:181]
 53 [ 5 190:195]
 25 [ 4 420:425]
 13 [ 3 443:448]
128 [ 7 463:468]
 72 [ 5 468:473]
 -7 [ 5 486:486]

y[7515] = 1.0
Vehicle: 307  Cost: 84.62
Route: 3 60 38 50 61 122 29 102 109 -3 
  3 [ 9 117:132]
 60 [ 8 143:148]
 38 [ 5 300:305]
 50 [ 4 310:315]
 61 [ 1 420:425]
122 [ 2 425:430]
 29 [ 1 452:457]
102 [ 5 457:462]
109 [ 8 468:473]
 -3 [ 8 485:485]

y[7950] = 1.0
Vehicle: 503  Cost: 10.77
Route: 5 45 115 -5 
  5 [ 4  43: 58]
 45 [ 0  63: 68]
115 [ 4  68: 73]
 -5 [ 4  79: 79]

y[9733] = 1.0
Vehicle: 401  Cost: 28.21
Route: 4 20 101 22 -4 
  4 [ 6 117:132]
 20 [ 4 144:149]
101 [ 7 300:305]
 22 [ 3 310:315]
 -4 [ 3 321:321]

y[10811] = 1.0
Vehicle: 402  Cost: 59.92
Route: 4 24 97 64 39 111 134 -4 
  4 [10 105:162]
 24 [ 7 180:185]
 97 [ 8 185:190]
 64 [ 4 196:201]
 39 [ 1 206:211]
111 [ 4 211:216]
134 [ 8 300:305]
 -4 [ 8 329:329]

y[10930] = 1.0
Vehicle: 301  Cost: 78.04
Route: 3 46 116 12 77 104 18 89 -3 
  3 [ 9 115:130]
 46 [ 8 156:161]
116 [10 161:166]
 12 [ 7 178:183]
 77 [ 4 300:305]
104 [ 6 310:315]
 18 [ 4 339:344]
 89 [ 5 344:349]
 -3 [ 5 356:356]

y[11231] = 1.0
Vehicle: 202  Cost: 23.02
Route: 2 82 30 58 -2 
  2 [ 6  55: 70]
 82 [ 2  79: 84]
 30 [ 1 300:305]
 58 [ 0 310:315]
 -2 [ 0 317:317]

y[11405] = 1.0
Vehicle: 311  Cost: 138.53
Route: 3 44 23 124 19 90 93 69 127 -3 
  3 [10  22: 37]
 44 [ 9  57: 62]
 23 [ 5  69: 74]
124 [ 9 112:117]
 19 [ 7 420:425]
 90 [ 9 425:430]
 93 [10 433:438]
 69 [ 7 452:457]
127 [ 9 457:462]
 -3 [ 9 505:505]

y[12154] = 1.0
Vehicle: 201  Cost: 56.25
Route: 2 48 52 40 47 -2 
  2 [ 9  55: 70]
 48 [ 8  89: 94]
 52 [ 4 109:114]
 40 [ 3 300:305]
 47 [ 0 309:314]
 -2 [ 0 326:326]

y[12156] = 1.0
Vehicle: 702  Cost: 102.12
Route: 7 56 54 79 41 34 -7 
  7 [10 143:158]
 56 [ 9 179:184]
 54 [ 6 216:221]
 79 [ 4 300:305]
 41 [ 2 311:316]
 34 [ 0 347:352]
 -7 [ 0 361:361]

y[12928] = 1.0
Vehicle: 401  Cost: 43.93
Route: 4 36 110 35 87 -4 
  4 [ 6 227:242]
 36 [ 4 259:264]
110 [ 8 264:269]
 35 [ 4 300:305]
 87 [ 8 320:325]
 -4 [ 8 328:328]

y[13553] = 1.0
Vehicle: 312  Cost: 78.73
Route: 3 10 95 123 74 131 17 88 -3 
  3 [ 6 106:121]
 10 [ 4 142:147]
 95 [ 7 148:153]
123 [ 9 180:185]
 74 [ 7 300:305]
131 [ 9 305:310]
 17 [ 7 327:332]
 88 [10 332:337]
 -3 [10 360:360]

y[14244] = 1.0
Vehicle: 304  Cost: 50.02
Route: 3 28 100 70 83 55 65 98 -3 
  3 [ 9  22: 37]
 28 [ 7  50: 55]
100 [ 9  55: 60]
 70 [ 7  65: 70]
 83 [10  76: 81]
 55 [ 6 180:185]
 65 [ 5 300:305]
 98 [ 9 310:315]
 -3 [ 9 331:331]

y[14481] = 1.0
Vehicle: 302  Cost: 107.92
Route: 3 16 85 51 119 80 75 121 -3 
  3 [10 124:139]
 16 [ 7 184:189]
 85 [ 9 196:201]
 51 [ 8 300:305]
119 [10 305:310]
 80 [ 8 314:319]
 75 [ 4 323:328]
121 [ 6 341:346]
 -3 [ 6 378:378]

FE: 4
SE: 21
!MIP-----
1977.6252250082387,5402.482914924622,0.033325365300492266,4,21,16618,14677

Run: 4
Total Cost: 1951.75
Vehicle: 11  Cost: 119.52
Route: 1 2 -2 -8 -3 -1 
 1 [ 25   0:  0 [19, 47, 58, 82, 48, 52, 30, 40, 69, 21, 31]]
 2 [  0  55: 55 []]
-2 [ 16  55:506 [90, 93, 117, 127, 103, 124]]
-8 [ 20 529:544 [102, 90, 93, 117, 127, 103, 124]]
-3 [ 30 563:578 [118, 84, 90, 122, 130, 93, 102, 117, 127, 103, 124, 109]]
-1 [ 30 600:600 [118, 84, 90, 122, 130, 93, 102, 117, 127, 103, 124, 109]]

Vehicle: 12  Cost: 44.72
Route: 1 3 -3 -1 
 1 [ 53   0:  0 [75, 50, 12, 80, 33, 46, 18, 61, 51, 10, 73, 60, 53, 16, 28, 14, 11, 38, 77, 57, 49]]
 3 [  0  22: 22 []]
-3 [ 33  22:393 [119, 121, 116, 98, 129, 86, 123, 106, 85, 104, 100, 89, 105, 95]]
-1 [ 33 415:415 [119, 121, 116, 98, 129, 86, 123, 106, 85, 104, 100, 89, 105, 95]]

Vehicle: 15  Cost: 148.62
Route: 1 8 6 4 -4 -1 
 1 [ 50   0:  0 [39, 43, 71, 20, 37, 23, 24, 59, 36, 67, 35, 29, 27, 26, 62, 15, 44, 64, 81]]
 8 [ 40  37: 52 [39, 43, 71, 20, 37, 24, 36, 67, 35, 27, 26, 62, 15, 64, 81]]
 6 [ 36  75: 90 [39, 43, 71, 20, 37, 24, 36, 67, 27, 26, 62, 15, 64, 81]]
 4 [  0 105:105 []]
-4 [ 35 105:344 [91, 97, 125, 132, 133, 113, 111, 114, 87, 120, 110, 134]]
-1 [ 35 418:418 [91, 97, 125, 132, 133, 113, 111, 114, 87, 120, 110, 134]]

Vehicle: 17  Cost: 126.38
Route: 1 5 -5 7 -7 -1 
 1 [ 45   0:  0 [45, 68, 72, 54, 74, 63, 13, 76, 79, 22, 65, 55, 42, 66, 70, 25, 32, 34, 78, 17, 56, 41]]
 5 [ 33  43: 43 [68, 72, 54, 74, 63, 13, 79, 22, 42, 66, 25, 32, 34, 78, 17, 56, 41]]
-5 [ 40  43:120 [115, 68, 72, 54, 74, 63, 13, 79, 22, 42, 66, 83, 25, 32, 34, 78, 17, 56, 41]]
 7 [  7 141:141 [115, 83]]
-7 [ 33 141:535 [115, 131, 112, 101, 128, 94, 126, 107, 83, 92, 96, 108, 88, 99]]
-1 [ 33 596:596 [115, 131, 112, 101, 128, 94, 126, 107, 83, 92, 96, 108, 88, 99]]

Vehicle: 201  Cost: 43.02
Route: 2 52 40 117 47 -2 
  2 [ 8  55: 70]
 52 [ 4  91: 96]
 40 [ 3 300:305]
117 [ 6 309:314]
 47 [ 3 314:319]
 -2 [ 3 331:331]

Vehicle: 202  Cost: 103.39
Route: 2 82 48 124 19 90 93 21 30 58 -2 
  2 [10  55: 70]
 82 [ 6  79: 84]
 48 [ 5  94: 99]
124 [ 9 128:133]
 19 [ 7 420:425]
 90 [ 9 425:430]
 93 [10 433:438]
 21 [ 9 450:455]
 30 [ 8 474:479]
 58 [ 7 485:490]
 -2 [ 7 491:491]

Vehicle: 203  Cost: 44.75
Route: 2 31 103 69 127 -2 
  2 [ 7  55:283]
 31 [ 3 300:305]
103 [ 7 305:310]
 69 [ 4 315:320]
127 [ 6 320:325]
 -2 [ 6 348:348]

Vehicle: 301  Cost: 82.70
Route: 3 28 100 73 129 60 50 38 -3 
  3 [ 9  22: 37]
 28 [ 7  50: 55]
100 [ 9  55: 60]
 73 [ 7  76: 81]
129 [ 8  81: 86]
 60 [ 7 101:106]
 50 [ 6 300:305]
 38 [ 3 310:315]
 -3 [ 3 337:337]

Vehicle: 302  Cost: 52.52
Route: 3 57 33 14 86 106 98 -3 
  3 [ 9  22: 37]
 57 [ 7  50: 55]
 33 [ 4  60: 65]
 14 [ 0  74: 79]
 86 [ 3  79: 84]
106 [ 6  89: 94]
 98 [10 300:305]
 -3 [10 321:321]

Vehicle: 303  Cost: 78.04
Route: 3 46 116 12 77 104 89 18 -3 
  3 [ 9  22: 37]
 46 [ 8  64: 69]
116 [10  69: 74]
 12 [ 7  85: 90]
 77 [ 4 300:305]
104 [ 6 310:315]
 89 [ 7 339:344]
 18 [ 5 344:349]
 -3 [ 5 356:356]

Vehicle: 304  Cost: 76.90
Route: 3 49 118 11 84 61 122 130 109 -3 
  3 [10  22:265]
 49 [ 6 300:305]
118 [ 7 305:310]
 11 [ 4 315:320]
 84 [ 6 320:325]
 61 [ 3 420:425]
122 [ 4 425:430]
130 [ 7 446:451]
109 [10 454:459]
 -3 [10 471:471]

Vehicle: 305  Cost: 82.00
Route: 3 10 95 123 53 105 -3 
  3 [ 6  22: 37]
 10 [ 4  58: 63]
 95 [ 7  64: 69]
123 [ 9 180:185]
 53 [ 5 196:201]
105 [ 9 214:219]
 -3 [ 9 243:243]

Vehicle: 306  Cost: 107.92
Route: 3 16 85 51 119 80 75 121 -3 
  3 [10  22: 37]
 16 [ 7  82: 87]
 85 [ 9  94: 99]
 51 [ 8 300:305]
119 [10 305:310]
 80 [ 8 314:319]
 75 [ 4 323:328]
121 [ 6 341:346]
 -3 [ 6 378:378]

Vehicle: 401  Cost: 59.92
Route: 4 24 97 64 111 39 134 -4 
  4 [10 105:162]
 24 [ 7 180:185]
 97 [ 8 185:190]
 64 [ 4 196:201]
111 [ 7 206:211]
 39 [ 4 211:216]
134 [ 8 300:305]
 -4 [ 8 329:329]

Vehicle: 403  Cost: 97.20
Route: 4 15 81 91 133 120 114 43 -4 
  4 [ 6 105:120]
 15 [ 2 133:138]
 81 [ 1 143:148]
 91 [ 3 162:167]
133 [ 7 172:177]
120 [ 8 205:210]
114 [10 300:305]
 43 [ 9 311:316]
 -4 [ 9 329:329]

Vehicle: 404  Cost: 136.07
Route: 4 20 67 125 27 113 26 132 -4 
  4 [10 105:120]
 20 [ 8 132:137]
 67 [ 6 166:171]
125 [ 8 171:176]
 27 [ 6 181:186]
113 [10 200:205]
 26 [ 6 213:218]
132 [10 244:249]
 -4 [10 291:291]

Vehicle: 405  Cost: 66.80
Route: 4 62 37 71 110 36 87 -4 
  4 [10 105:120]
 62 [ 7 129:134]
 37 [ 4 144:149]
 71 [ 2 180:185]
110 [ 6 205:210]
 36 [ 4 210:215]
 87 [ 8 300:305]
 -4 [ 8 308:308]

Vehicle: 501  Cost: 13.71
Route: 5 55 76 65 -5 
  5 [ 6  43:173]
 55 [ 2 180:185]
 76 [ 1 187:192]
 65 [ 0 300:305]
 -5 [ 0 310:310]

Vehicle: 502  Cost: 26.46
Route: 5 83 70 45 115 -5 
  5 [ 6  43: 58]
 83 [ 9  62: 67]
 70 [ 7  73: 78]
 45 [ 3  89: 94]
115 [ 7  94: 99]
 -5 [ 7 105:105]

Vehicle: 601  Cost: 4.47
Route: 6 35 -6 
  6 [ 4  75:298]
 35 [ 0 300:305]
 -6 [ 0 307:307]

Vehicle: 701  Cost: 113.70
Route: 7 107 74 131 25 13 17 88 72 128 -7 
  7 [ 8 141:156]
107 [ 9 174:179]
 74 [ 7 300:305]
131 [ 9 305:310]
 25 [ 8 420:425]
 13 [ 7 443:448]
 17 [ 5 461:466]
 88 [ 8 466:471]
 72 [ 6 491:496]
128 [10 496:501]
 -7 [10 513:513]

Vehicle: 702  Cost: 100.36
Route: 7 66 42 112 32 101 22 92 94 -7 
  7 [ 9 141:156]
 66 [ 8 183:188]
 42 [ 6 300:305]
112 [ 7 305:310]
 32 [ 5 314:319]
101 [ 8 328:333]
 22 [ 4 339:344]
 92 [ 6 349:354]
 94 [ 8 420:425]
 -7 [ 8 462:462]

Vehicle: 703  Cost: 85.81
Route: 7 78 99 63 108 96 68 126 -7 
  7 [ 6 141:156]
 78 [ 5 168:173]
 99 [ 8 420:425]
 63 [ 7 432:437]
108 [ 9 457:462]
 96 [10 471:476]
 68 [ 6 486:491]
126 [ 8 491:496]
 -7 [ 8 520:520]

Vehicle: 704  Cost: 102.12
Route: 7 56 54 79 41 34 -7 
  7 [10 141:156]
 56 [ 9 177:182]
 54 [ 6 214:219]
 79 [ 4 300:305]
 41 [ 2 311:316]
 34 [ 0 347:352]
 -7 [ 0 361:361]

Vehicle: 801  Cost: 34.66
Route: 8 44 23 59 29 102 -8 
  8 [10  37: 52]
 44 [ 9  59: 64]
 23 [ 5  71: 76]
 59 [ 1 300:305]
 29 [ 0 420:425]
102 [ 4 425:430]
 -8 [ 4 441:441]

Total Cost: 1951.75
 11:119.52, 30:75 [1, 2, -2, -8, -3, -1]
 12:44.72, 53:75 [1, 3, -3, -1]
 15:148.62, 50:75 [1, 8, 6, 4, -4, -1]
 17:126.38, 45:75 [1, 5, -5, 7, -7, -1]
201:43.02, 8:10 [2, 52, 40, 117, 47, -2]
202:103.39, 10:10 [2, 82, 48, 124, 19, 90, 93, 21, 30, 58, -2]
203:44.75, 7:10 [2, 31, 103, 69, 127, -2]
301:82.70, 9:10 [3, 28, 100, 73, 129, 60, 50, 38, -3]
302:52.52, 10:10 [3, 57, 33, 14, 86, 106, 98, -3]
303:78.04, 10:10 [3, 46, 116, 12, 77, 104, 89, 18, -3]
304:76.90, 10:10 [3, 49, 118, 11, 84, 61, 122, 130, 109, -3]
305:82.00, 9:10 [3, 10, 95, 123, 53, 105, -3]
306:107.92, 10:10 [3, 16, 85, 51, 119, 80, 75, 121, -3]
401:59.92, 10:10 [4, 24, 97, 64, 111, 39, 134, -4]
403:97.20, 10:10 [4, 15, 81, 91, 133, 120, 114, 43, -4]
404:136.07, 10:10 [4, 20, 67, 125, 27, 113, 26, 132, -4]
405:66.80, 10:10 [4, 62, 37, 71, 110, 36, 87, -4]
501:13.71, 6:10 [5, 55, 76, 65, -5]
502:26.46, 9:10 [5, 83, 70, 45, 115, -5]
601:4.47, 4:10 [6, 35, -6]
701:113.70, 10:10 [7, 107, 74, 131, 25, 13, 17, 88, 72, 128, -7]
702:100.36, 9:10 [7, 66, 42, 112, 32, 101, 22, 92, 94, -7]
703:85.81, 10:10 [7, 78, 99, 63, 108, 96, 68, 126, -7]
704:102.12, 10:10 [7, 56, 54, 79, 41, 34, -7]
801:34.66, 10:10 [8, 44, 23, 59, 29, 102, -8]
fe: 4, se: 21

!ALNS------------
100000,1951.7488227393824,638.318,384.723,4,21,0.5933333333333334,0.9095238095238095,31.25,5.9523809523809526
16 17 18 4 0 2 14 0 
8.695387936913658 19.67206297034377 8.476540705928027 11.345604080209693 32.18391000149204 20.874901145012934 13.876835252957322 22.376965834342514 
9 12 8 6 11 6 11 8 
13.481363872267952 12.737212723250513 11.733505528061235 13.86219573623415 12.490868800063353 13.746767090618485 13.677701351509915 14.169692363735097 

x[370] = 1.0
Vehicle: 17  Cost: 126.38
Route: 1 5 -5 7 -7 -1 
 1 [ 32   0:  0 [68, 56, 54, 79, 34, 72, 32, 41, 42, 13, 66, 45, 53, 63, 25]]
 5 [ 28  43: 43 [68, 56, 54, 79, 34, 72, 32, 41, 42, 13, 66, 53, 63, 25]]
-5 [ 35  43:107 [83, 68, 56, 54, 79, 34, 72, 32, 41, 42, 13, 66, 115, 53, 63, 25]]
 7 [  7 129:129 [83, 115]]
-7 [ 21 129:517 [128, 107, 99, 96, 83, 115, 112, 126, 108]]
-1 [ 21 579:579 [128, 107, 99, 96, 83, 115, 112, 126, 108]]

x[1797] = 1.0
Vehicle: 15  Cost: 148.62
Route: 1 8 6 4 -4 -1 
 1 [ 55   0:  0 [36, 62, 37, 43, 44, 78, 59, 23, 81, 67, 20, 27, 26, 29, 22, 35, 15, 39, 24, 64, 71]]
 8 [ 45  37: 52 [36, 62, 37, 43, 78, 81, 67, 20, 27, 26, 22, 35, 15, 39, 24, 64, 71]]
 6 [ 41  75: 90 [36, 62, 37, 43, 78, 81, 67, 20, 27, 26, 22, 15, 39, 24, 64, 71]]
 4 [  0 105:105 []]
-4 [ 40 105:344 [110, 91, 92, 114, 132, 133, 101, 87, 113, 120, 125, 97, 134, 111]]
-1 [ 40 418:418 [110, 91, 92, 114, 132, 133, 101, 87, 113, 120, 125, 97, 134, 111]]

x[3339] = 1.0
Vehicle: 11  Cost: 136.81
Route: 1 2 -2 -6 -8 -3 -1 
 1 [ 25   0:  0 [58, 82, 47, 21, 19, 40, 48, 31, 30, 52, 69]]
 2 [  0  55: 55 []]
-2 [ 22  55:506 [90, 117, 103, 92, 124, 134, 127, 93]]
-6 [ 28 523:538 [94, 90, 117, 103, 92, 101, 112, 124, 134, 127, 93]]
-8 [ 32 561:576 [102, 90, 117, 103, 92, 94, 101, 112, 124, 134, 127, 93]]
-3 [ 42 595:610 [118, 84, 90, 117, 103, 109, 92, 94, 102, 122, 130, 101, 112, 124, 134, 127, 93]]
-1 [ 42 633:633 [118, 84, 90, 117, 103, 109, 92, 94, 102, 122, 130, 101, 112, 124, 134, 127, 93]]

x[3358] = 1.0
Vehicle: 12  Cost: 44.72
Route: 1 3 -3 -1 
 1 [ 61   0:  0 [33, 16, 12, 75, 38, 65, 74, 60, 55, 76, 77, 57, 28, 14, 17, 18, 10, 80, 49, 73, 70, 46, 51, 50, 11, 61]]
 3 [  0  22: 22 []]
-3 [ 41  22:396 [106, 123, 84, 129, 98, 95, 118, 121, 89, 119, 131, 100, 85, 86, 105, 104, 116, 88]]
-1 [ 41 419:419 [106, 123, 84, 129, 98, 95, 118, 121, 89, 119, 131, 100, 85, 86, 105, 104, 116, 88]]

y[49] = 1.0
Vehicle: 602  Cost: 21.77
Route: 6 35 94 -6 
  6 [ 4 385:400]
 35 [ 0 403:408]
 94 [ 2 420:425]
 -6 [ 2 434:434]

y[685] = 1.0
Vehicle: 401  Cost: 59.92
Route: 4 24 97 64 111 39 134 -4 
  4 [10 149:164]
 24 [ 7 182:187]
 97 [ 8 187:192]
 64 [ 4 198:203]
111 [ 7 209:214]
 39 [ 4 214:219]
134 [ 8 300:305]
 -4 [ 8 329:329]

y[1168] = 1.0
Vehicle: 303  Cost: 68.33
Route: 3 73 129 60 50 38 -3 
  3 [ 7  22: 37]
 73 [ 5  52: 57]
129 [ 6  57: 62]
 60 [ 5  76: 81]
 50 [ 4 300:305]
 38 [ 1 310:315]
 -3 [ 1 337:337]

y[1945] = 1.0
Vehicle: 202  Cost: 103.39
Route: 2 82 48 124 19 90 93 21 30 58 -2 
  2 [10 107:122]
 82 [ 6 131:136]
 48 [ 5 146:151]
124 [ 9 180:185]
 19 [ 7 420:425]
 90 [ 9 425:430]
 93 [10 433:438]
 21 [ 9 450:455]
 30 [ 8 474:479]
 58 [ 7 485:490]
 -2 [ 7 491:491]

y[2252] = 1.0
Vehicle: 403  Cost: 101.54
Route: 4 62 15 91 133 78 132 -4 
  4 [ 8 105:120]
 62 [ 5 129:134]
 15 [ 1 144:149]
 91 [ 3 168:173]
133 [ 7 178:183]
 78 [ 6 199:204]
132 [10 204:209]
 -4 [10 251:251]

y[2919] = 1.0
Vehicle: 306  Cost: 107.92
Route: 3 16 85 51 119 80 75 121 -3 
  3 [10 193:208]
 16 [ 7 252:257]
 85 [ 9 265:270]
 51 [ 8 300:305]
119 [10 305:310]
 80 [ 8 314:319]
 75 [ 4 323:328]
121 [ 6 341:346]
 -3 [ 6 378:378]

y[3104] = 1.0
Vehicle: 704  Cost: 102.12
Route: 7 56 54 79 41 34 -7 
  7 [10 144:159]
 56 [ 9 179:184]
 54 [ 6 217:222]
 79 [ 4 300:305]
 41 [ 2 311:316]
 34 [ 0 347:352]
 -7 [ 0 361:361]

y[4307] = 1.0
Vehicle: 204  Cost: 44.75
Route: 2 127 69 31 103 -2 
  2 [ 7 125:278]
127 [ 9 300:305]
 69 [ 6 305:310]
 31 [ 2 315:320]
103 [ 6 320:325]
 -2 [ 6 342:342]

y[7117] = 1.0
Vehicle: 203  Cost: 43.02
Route: 2 52 40 117 47 -2 
  2 [ 8 138:153]
 52 [ 4 174:179]
 40 [ 3 300:305]
117 [ 6 309:314]
 47 [ 3 314:319]
 -2 [ 3 331:331]

y[8146] = 1.0
Vehicle: 701  Cost: 86.73
Route: 7 107 53 25 13 128 72 -7 
  7 [ 8 141:156]
107 [ 9 174:179]
 53 [ 5 188:193]
 25 [ 4 420:425]
 13 [ 3 443:448]
128 [ 7 463:468]
 72 [ 5 468:473]
 -7 [ 5 486:486]

y[9471] = 1.0
Vehicle: 703  Cost: 106.52
Route: 7 66 42 112 32 96 108 68 126 63 99 -7 
  7 [10 136:151]
 66 [ 9 178:183]
 42 [ 7 300:305]
112 [ 8 305:310]
 32 [ 6 314:319]
 96 [ 7 327:332]
108 [ 9 420:425]
 68 [ 5 440:445]
126 [ 7 445:450]
 63 [ 6 465:470]
 99 [ 9 477:482]
 -7 [ 9 497:497]

y[9512] = 1.0
Vehicle: 304  Cost: 76.90
Route: 3 49 118 11 84 122 61 130 109 -3 
  3 [10  22:265]
 49 [ 6 300:305]
118 [ 7 305:310]
 11 [ 4 315:320]
 84 [ 6 320:325]
122 [ 7 420:425]
 61 [ 4 425:430]
130 [ 7 446:451]
109 [10 454:459]
 -3 [10 471:471]

y[11560] = 1.0
Vehicle: 405  Cost: 119.44
Route: 4 120 67 125 27 26 113 81 101 -4 
  4 [ 9 105:120]
120 [10 148:153]
 67 [ 8 166:171]
125 [10 171:176]
 27 [ 8 181:186]
 26 [ 4 206:211]
113 [ 8 219:224]
 81 [ 7 251:256]
101 [10 300:305]
 -4 [10 316:316]

y[11751] = 1.0
Vehicle: 501  Cost: 19.06
Route: 5 115 45 83 -5 
  5 [ 4  43: 58]
115 [ 8  63: 68]
 45 [ 4  68: 73]
 83 [ 7  83: 88]
 -5 [ 7  92: 92]

y[12378] = 1.0
Vehicle: 302  Cost: 54.92
Route: 3 28 100 70 14 86 76 65 98 -3 
  3 [10  22: 37]
 28 [ 8  50: 55]
100 [10  55: 60]
 70 [ 8  65: 70]
 14 [ 4  81: 86]
 86 [ 7  86: 91]
 76 [ 6  96:101]
 65 [ 5 300:305]
 98 [ 9 310:315]
 -3 [ 9 331:331]

y[12445] = 1.0
Vehicle: 402  Cost: 26.82
Route: 4 20 92 22 -4 
  4 [ 6 105:120]
 20 [ 4 132:137]
 92 [ 6 300:305]
 22 [ 2 311:316]
 -4 [ 2 321:321]

y[12449] = 1.0
Vehicle: 306  Cost: 60.44
Route: 3 33 55 106 105 57 -3 
  3 [ 9  22: 37]
 33 [ 6  52: 57]
 55 [ 2 180:185]
106 [ 5 189:194]
105 [ 9 207:212]
 57 [ 7 225:230]
 -3 [ 7 242:242]

y[12872] = 1.0
Vehicle: 307  Cost: 78.73
Route: 3 10 95 123 74 131 17 88 -3 
  3 [ 6  22: 37]
 10 [ 4  58: 63]
 95 [ 7  64: 69]
123 [ 9 180:185]
 74 [ 7 300:305]
131 [ 9 305:310]
 17 [ 7 327:332]
 88 [10 332:337]
 -3 [10 360:360]

y[12945] = 1.0
Vehicle: 303  Cost: 78.04
Route: 3 46 116 12 77 104 18 89 -3 
  3 [ 9 146:161]
 46 [ 8 188:193]
116 [10 193:198]
 12 [ 7 209:214]
 77 [ 4 300:305]
104 [ 6 310:315]
 18 [ 4 339:344]
 89 [ 5 344:349]
 -3 [ 5 356:356]

y[13368] = 1.0
Vehicle: 401  Cost: 6.32
Route: 4 87 -4 
  4 [ 0   0:297]
 87 [ 4 300:305]
 -4 [ 4 308:308]

y[14165] = 1.0
Vehicle: 801  Cost: 34.66
Route: 8 44 23 59 29 102 -8 
  8 [10 139:154]
 44 [ 9 161:166]
 23 [ 5 173:178]
 59 [ 1 300:305]
 29 [ 0 420:425]
102 [ 4 425:430]
 -8 [ 4 441:441]

y[15382] = 1.0
Vehicle: 405  Cost: 76.25
Route: 4 36 110 71 37 114 43 -4 
  4 [ 8 105:120]
 36 [ 6 136:141]
110 [10 141:146]
 71 [ 8 180:185]
 37 [ 5 194:199]
114 [ 7 300:305]
 43 [ 6 311:316]
 -4 [ 6 329:329]

FE: 4
SE: 22
!MIP-----
1934.1237762027622,810.958489894867,9.989570463048125E-5,4,22,8655,15998

Run: 5
Total Cost: 1921.58
Vehicle: 11  Cost: 132.45
Route: 1 2 -2 -6 -8 -1 
 1 [ 25   0:  0 [82, 31, 40, 47, 52, 48, 19, 21, 30, 58, 69]]
 2 [  0  55: 55 []]
-2 [ 20  55:506 [93, 117, 90, 124, 134, 103, 127]]
-6 [ 29 523:538 [93, 117, 90, 101, 124, 134, 103, 94, 127, 114, 92]]
-8 [ 33 561:576 [102, 93, 117, 90, 101, 124, 134, 103, 94, 127, 114, 92]]
-1 [ 33 613:613 [93, 117, 90, 101, 102, 124, 134, 103, 94, 127, 114, 92]]

Vehicle: 12  Cost: 44.72
Route: 1 3 -3 -1 
 1 [ 51   0:  0 [80, 17, 51, 74, 75, 61, 11, 33, 10, 28, 12, 77, 60, 18, 50, 70, 38, 73, 46, 16, 57, 49]]
 3 [  0  22: 22 []]
-3 [ 35  22:393 [104, 89, 88, 116, 131, 121, 98, 95, 100, 118, 105, 123, 119, 85, 129, 84]]
-1 [ 35 415:415 [104, 89, 88, 116, 131, 121, 98, 95, 100, 118, 105, 123, 119, 85, 129, 84]]

Vehicle: 15  Cost: 126.67
Route: 1 8 6 -6 -5 -1 
 1 [ 55   0:  0 [15, 67, 78, 27, 44, 59, 26, 71, 37, 20, 81, 23, 22, 29, 39, 64, 24, 43, 62, 36, 35]]
 8 [ 45  37: 52 [15, 67, 78, 27, 26, 71, 37, 20, 81, 22, 39, 64, 24, 43, 62, 36, 35]]
 6 [  0  75: 75 []]
-6 [ 29  75:336 [120, 87, 91, 113, 132, 133, 125, 111, 97, 110]]
-5 [ 38 359:374 [86, 83, 120, 106, 87, 91, 113, 132, 133, 125, 111, 97, 110]]
-1 [ 38 417:417 [86, 83, 120, 106, 87, 91, 113, 132, 133, 125, 111, 97, 110]]

Vehicle: 16  Cost: 126.56
Route: 1 5 -5 7 -7 -3 -1 
 1 [ 42   0:  0 [53, 65, 14, 76, 56, 55, 63, 45, 42, 13, 54, 79, 41, 25, 32, 66, 68, 72, 34]]
 5 [ 28  43: 43 [53, 56, 63, 42, 13, 54, 79, 41, 25, 32, 66, 68, 72, 34]]
-5 [ 32  43: 94 [115, 53, 56, 63, 42, 13, 54, 79, 41, 25, 32, 66, 68, 72, 34]]
 7 [  4 116:116 [115]]
-7 [ 18 116:512 [126, 128, 99, 96, 115, 108, 112, 107]]
-3 [ 25 551:566 [126, 109, 128, 99, 96, 130, 115, 122, 108, 112, 107]]
-1 [ 25 589:589 [126, 109, 128, 99, 96, 130, 115, 122, 108, 112, 107]]

Vehicle: 201  Cost: 44.75
Route: 2 127 69 31 103 -2 
  2 [ 7  55:278]
127 [ 9 300:305]
 69 [ 6 305:310]
 31 [ 2 315:320]
103 [ 6 320:325]
 -2 [ 6 342:342]

Vehicle: 202  Cost: 103.39
Route: 2 82 48 124 19 90 93 21 30 58 -2 
  2 [10  55: 70]
 82 [ 6  79: 84]
 48 [ 5  94: 99]
124 [ 9 128:133]
 19 [ 7 420:425]
 90 [ 9 425:430]
 93 [10 433:438]
 21 [ 9 450:455]
 30 [ 8 474:479]
 58 [ 7 485:490]
 -2 [ 7 491:491]

Vehicle: 204  Cost: 62.79
Route: 2 52 134 40 47 117 -2 
  2 [ 8  55: 70]
 52 [ 4  91: 96]
134 [ 8 300:305]
 40 [ 7 316:321]
 47 [ 4 325:330]
117 [ 7 330:335]
 -2 [ 7 347:347]

Vehicle: 301  Cost: 78.73
Route: 3 10 95 123 74 131 17 88 -3 
  3 [ 6  22: 37]
 10 [ 4  58: 63]
 95 [ 7  64: 69]
123 [ 9 180:185]
 74 [ 7 300:305]
131 [ 9 305:310]
 17 [ 7 327:332]
 88 [10 332:337]
 -3 [10 360:360]

Vehicle: 302  Cost: 71.35
Route: 3 129 73 49 118 84 11 -3 
  3 [ 9  22: 37]
129 [10  52: 57]
 73 [ 8  57: 62]
 49 [ 4 300:305]
118 [ 5 305:310]
 84 [ 7 315:320]
 11 [ 4 320:325]
 -3 [ 4 355:355]

Vehicle: 303  Cost: 78.04
Route: 3 46 116 12 77 104 18 89 -3 
  3 [ 9  22: 37]
 46 [ 8  64: 69]
116 [10  69: 74]
 12 [ 7  85: 90]
 77 [ 4 300:305]
104 [ 6 310:315]
 18 [ 4 339:344]
 89 [ 5 344:349]
 -3 [ 5 356:356]

Vehicle: 304  Cost: 107.92
Route: 3 16 85 51 119 80 75 121 -3 
  3 [10  22: 37]
 16 [ 7  82: 87]
 85 [ 9  94: 99]
 51 [ 8 300:305]
119 [10 305:310]
 80 [ 8 314:319]
 75 [ 4 323:328]
121 [ 6 341:346]
 -3 [ 6 378:378]

Vehicle: 305  Cost: 72.94
Route: 3 28 100 70 33 57 105 98 -3 
  3 [ 9  22: 37]
 28 [ 7  50: 55]
100 [ 9  55: 60]
 70 [ 7  65: 70]
 33 [ 4  78: 83]
 57 [ 2  88: 93]
105 [ 6 106:111]
 98 [10 300:305]
 -3 [10 321:321]

Vehicle: 306  Cost: 75.32
Route: 3 60 38 50 122 61 130 109 -3 
  3 [ 8  22: 50]
 60 [ 7  60: 65]
 38 [ 4 300:305]
 50 [ 3 310:315]
122 [ 4 420:425]
 61 [ 1 425:430]
130 [ 4 446:451]
109 [ 7 454:459]
 -3 [ 7 471:471]

Vehicle: 501  Cost: 26.47
Route: 5 14 86 55 106 76 83 65 -5 
  5 [10  43: 58]
 14 [ 6  63: 68]
 86 [ 9  68: 73]
 55 [ 5 180:185]
106 [ 8 189:194]
 76 [ 7 199:204]
 83 [10 205:210]
 65 [ 9 300:305]
 -5 [ 9 310:310]

Vehicle: 502  Cost: 10.77
Route: 5 115 45 -5 
  5 [ 4  43: 58]
115 [ 8  63: 68]
 45 [ 4  68: 73]
 -5 [ 4  79: 79]

Vehicle: 601  Cost: 76.59
Route: 6 39 111 64 24 97 87 -6 
  6 [10  75: 90]
 39 [ 7 124:129]
111 [10 129:134]
 64 [ 6 180:185]
 24 [ 3 191:196]
 97 [ 4 196:201]
 87 [ 8 300:305]
 -6 [ 8 321:321]

Vehicle: 602  Cost: 23.43
Route: 6 36 110 35 -6 
  6 [ 6  75: 90]
 36 [ 4 102:107]
110 [ 8 107:112]
 35 [ 4 300:305]
 -6 [ 4 307:307]

Vehicle: 603  Cost: 109.05
Route: 6 62 15 81 133 132 78 -6 
  6 [ 9  75: 90]
 62 [ 6 113:118]
 15 [ 2 128:133]
 81 [ 1 138:143]
133 [ 5 161:166]
132 [ 9 183:188]
 78 [ 8 188:193]
 -6 [ 8 229:229]

Vehicle: 604  Cost: 86.31
Route: 6 71 37 114 43 22 101 92 94 -6 
  6 [10  75:157]
 71 [ 8 180:185]
 37 [ 5 194:199]
114 [ 7 300:305]
 43 [ 6 311:316]
 22 [ 2 327:332]
101 [ 5 338:343]
 92 [ 7 348:353]
 94 [ 9 420:425]
 -6 [ 9 434:434]

Vehicle: 605  Cost: 133.30
Route: 6 20 120 67 125 27 26 113 91 -6 
  6 [10  75: 90]
 20 [ 8 105:110]
120 [ 9 135:140]
 67 [ 7 154:159]
125 [ 9 159:164]
 27 [ 7 169:174]
 26 [ 3 194:199]
113 [ 7 207:212]
 91 [ 9 228:233]
 -6 [ 9 263:263]

Vehicle: 701  Cost: 86.73
Route: 7 107 53 25 13 72 128 -7 
  7 [ 8 116:131]
107 [ 9 148:153]
 53 [ 5 163:168]
 25 [ 4 420:425]
 13 [ 3 443:448]
 72 [ 1 463:468]
128 [ 5 468:473]
 -7 [ 5 486:486]

Vehicle: 702  Cost: 106.52
Route: 7 66 112 42 32 96 108 68 126 63 99 -7 
  7 [10 116:131]
 66 [ 9 158:163]
112 [10 300:305]
 42 [ 8 305:310]
 32 [ 6 314:319]
 96 [ 7 327:332]
108 [ 9 420:425]
 68 [ 5 440:445]
126 [ 7 445:450]
 63 [ 6 465:470]
 99 [ 9 477:482]
 -7 [ 9 497:497]

Vehicle: 703  Cost: 102.12
Route: 7 56 54 79 41 34 -7 
  7 [10 116:131]
 56 [ 9 151:156]
 54 [ 6 188:193]
 79 [ 4 300:305]
 41 [ 2 311:316]
 34 [ 0 347:352]
 -7 [ 0 361:361]

Vehicle: 801  Cost: 34.66
Route: 8 44 23 59 29 102 -8 
  8 [10  37: 52]
 44 [ 9  59: 64]
 23 [ 5  71: 76]
 59 [ 1 300:305]
 29 [ 0 420:425]
102 [ 4 425:430]
 -8 [ 4 441:441]

Total Cost: 1921.58
 11:132.45, 33:75 [1, 2, -2, -6, -8, -1]
 12:44.72, 51:75 [1, 3, -3, -1]
 15:126.67, 55:75 [1, 8, 6, -6, -5, -1]
 16:126.56, 42:75 [1, 5, -5, 7, -7, -3, -1]
201:44.75, 9:10 [2, 127, 69, 31, 103, -2]
202:103.39, 10:10 [2, 82, 48, 124, 19, 90, 93, 21, 30, 58, -2]
204:62.79, 8:10 [2, 52, 134, 40, 47, 117, -2]
301:78.73, 10:10 [3, 10, 95, 123, 74, 131, 17, 88, -3]
302:71.35, 10:10 [3, 129, 73, 49, 118, 84, 11, -3]
303:78.04, 10:10 [3, 46, 116, 12, 77, 104, 18, 89, -3]
304:107.92, 10:10 [3, 16, 85, 51, 119, 80, 75, 121, -3]
305:72.94, 10:10 [3, 28, 100, 70, 33, 57, 105, 98, -3]
306:75.32, 8:10 [3, 60, 38, 50, 122, 61, 130, 109, -3]
501:26.47, 10:10 [5, 14, 86, 55, 106, 76, 83, 65, -5]
502:10.77, 8:10 [5, 115, 45, -5]
601:76.59, 10:10 [6, 39, 111, 64, 24, 97, 87, -6]
602:23.43, 8:10 [6, 36, 110, 35, -6]
603:109.05, 9:10 [6, 62, 15, 81, 133, 132, 78, -6]
604:86.31, 10:10 [6, 71, 37, 114, 43, 22, 101, 92, 94, -6]
605:133.30, 10:10 [6, 20, 120, 67, 125, 27, 26, 113, 91, -6]
701:86.73, 9:10 [7, 107, 53, 25, 13, 72, 128, -7]
702:106.52, 10:10 [7, 66, 112, 42, 32, 96, 108, 68, 126, 63, 99, -7]
703:102.12, 10:10 [7, 56, 54, 79, 41, 34, -7]
801:34.66, 10:10 [8, 44, 23, 59, 29, 102, -8]
fe: 4, se: 20

!ALNS------------
100000,1921.5827831713336,734.704,724.967,4,20,0.6033333333333334,0.945,31.25,6.25
17 21 19 8 0 1 10 1 
8.534201251583907 21.52825321283194 9.198360931428255 11.46270230359368 38.28512134481434 23.25684812559298 12.025221468994886 17.193702896437507 
11 10 8 12 7 15 9 5 
13.963548773312395 13.146458951984593 15.916137143506903 12.864070953020455 12.998869156597356 14.22624248326662 14.673997788942172 13.694469176371504 

x[2017] = 1.0
Vehicle: 15  Cost: 126.67
Route: 1 8 6 -6 -5 -1 
 1 [ 55   0:  0 [15, 44, 71, 29, 24, 43, 36, 35, 67, 62, 64, 39, 59, 20, 22, 23, 81, 27, 26, 37, 78]]
 8 [ 45  37: 52 [15, 71, 24, 43, 36, 35, 67, 62, 64, 39, 20, 22, 81, 27, 26, 37, 78]]
 6 [  0  75: 75 []]
-6 [ 32  75:338 [87, 133, 132, 91, 110, 111, 120, 125, 101, 113, 97]]
-5 [ 41 361:376 [86, 87, 133, 132, 83, 91, 110, 111, 120, 125, 101, 106, 113, 97]]
-1 [ 41 420:420 [86, 87, 133, 132, 83, 91, 110, 111, 120, 125, 101, 106, 113, 97]]

x[2137] = 1.0
Vehicle: 16  Cost: 126.56
Route: 1 5 -5 7 -7 -3 -1 
 1 [ 42   0:  0 [45, 72, 53, 66, 14, 56, 32, 41, 65, 25, 13, 79, 42, 34, 63, 68, 55, 54, 76]]
 5 [ 28  43: 43 [72, 53, 66, 56, 32, 41, 25, 13, 79, 42, 34, 63, 68, 54]]
-5 [ 32  43: 94 [115, 72, 53, 66, 56, 32, 41, 25, 13, 79, 42, 34, 63, 68, 54]]
 7 [  4 116:116 [115]]
-7 [ 18 116:517 [115, 99, 126, 108, 112, 107, 96, 128]]
-3 [ 27 557:572 [122, 115, 99, 126, 108, 112, 104, 107, 96, 130, 128, 109]]
-1 [ 27 594:594 [122, 115, 99, 126, 108, 112, 104, 107, 96, 130, 128, 109]]

x[3084] = 1.0
Vehicle: 11  Cost: 132.45
Route: 1 2 -2 -6 -8 -1 
 1 [ 25   0:  0 [40, 19, 52, 48, 82, 47, 30, 31, 21, 58, 69]]
 2 [  0  55: 55 []]
-2 [ 20  55:506 [90, 124, 93, 134, 127, 103, 117]]
-6 [ 29 523:538 [94, 92, 101, 114, 90, 124, 93, 134, 127, 103, 117]]
-8 [ 33 561:576 [102, 90, 94, 92, 101, 114, 124, 93, 134, 127, 103, 117]]
-1 [ 33 613:613 [94, 92, 101, 114, 90, 102, 124, 93, 134, 127, 103, 117]]

x[4774] = 1.0
Vehicle: 12  Cost: 44.72
Route: 1 3 -3 -1 
 1 [ 51   0:  0 [70, 74, 61, 77, 46, 11, 16, 10, 51, 17, 38, 33, 28, 50, 60, 75, 18, 73, 49, 80, 12, 57]]
 3 [  0  22: 22 []]
-3 [ 38  22:396 [119, 104, 130, 123, 85, 88, 98, 100, 131, 129, 118, 121, 89, 95, 116, 84, 105]]
-1 [ 38 419:419 [119, 104, 130, 123, 85, 88, 98, 100, 131, 129, 118, 121, 89, 95, 116, 84, 105]]

y[538] = 1.0
Vehicle: 302  Cost: 71.35
Route: 3 129 73 49 118 11 84 -3 
  3 [ 9 209:224]
129 [10 238:243]
 73 [ 8 243:248]
 49 [ 4 300:305]
118 [ 5 305:310]
 11 [ 2 315:320]
 84 [ 4 320:325]
 -3 [ 4 355:355]

y[566] = 1.0
Vehicle: 501  Cost: 26.47
Route: 5 14 86 55 106 76 83 65 -5 
  5 [10 138:153]
 14 [ 6 158:163]
 86 [ 9 163:168]
 55 [ 5 180:185]
106 [ 8 189:194]
 76 [ 7 199:204]
 83 [10 205:210]
 65 [ 9 300:305]
 -5 [ 9 310:310]

y[1915] = 1.0
Vehicle: 203  Cost: 103.39
Route: 2 82 48 124 19 90 93 21 30 58 -2 
  2 [10 107:122]
 82 [ 6 131:136]
 48 [ 5 146:151]
124 [ 9 180:185]
 19 [ 7 420:425]
 90 [ 9 425:430]
 93 [10 433:438]
 21 [ 9 450:455]
 30 [ 8 474:479]
 58 [ 7 485:490]
 -2 [ 7 491:491]

y[2474] = 1.0
Vehicle: 304  Cost: 107.92
Route: 3 16 85 51 119 80 75 121 -3 
  3 [10 188:203]
 16 [ 7 248:253]
 85 [ 9 260:265]
 51 [ 8 300:305]
119 [10 305:310]
 80 [ 8 314:319]
 75 [ 4 323:328]
121 [ 6 341:346]
 -3 [ 6 378:378]

y[3155] = 1.0
Vehicle: 704  Cost: 86.73
Route: 7 107 53 25 13 72 128 -7 
  7 [ 8 143:158]
107 [ 9 176:181]
 53 [ 5 190:195]
 25 [ 4 420:425]
 13 [ 3 443:448]
 72 [ 1 463:468]
128 [ 5 468:473]
 -7 [ 5 486:486]

y[3575] = 1.0
Vehicle: 603  Cost: 109.05
Route: 6 62 15 81 133 78 132 -6 
  6 [ 9  75: 90]
 62 [ 6 113:118]
 15 [ 2 128:133]
 81 [ 1 138:143]
133 [ 5 161:166]
 78 [ 4 183:188]
132 [ 8 188:193]
 -6 [ 8 229:229]

y[4079] = 1.0
Vehicle: 305  Cost: 72.94
Route: 3 28 100 70 33 57 105 98 -3 
  3 [ 9 146:161]
 28 [ 7 174:179]
100 [ 9 179:184]
 70 [ 7 189:194]
 33 [ 4 202:207]
 57 [ 2 212:217]
105 [ 6 230:235]
 98 [10 300:305]
 -3 [10 321:321]

y[4091] = 1.0
Vehicle: 301  Cost: 78.73
Route: 3 10 95 123 74 131 17 88 -3 
  3 [ 6 154:169]
 10 [ 4 190:195]
 95 [ 7 196:201]
123 [ 9 214:219]
 74 [ 7 300:305]
131 [ 9 305:310]
 17 [ 7 327:332]
 88 [10 332:337]
 -3 [10 360:360]

y[4217] = 1.0
Vehicle: 306  Cost: 75.32
Route: 3 60 38 50 122 61 130 109 -3 
  3 [ 8  22: 50]
 60 [ 7  60: 65]
 38 [ 4 300:305]
 50 [ 3 310:315]
122 [ 4 420:425]
 61 [ 1 425:430]
130 [ 4 446:451]
109 [ 7 454:459]
 -3 [ 7 471:471]

y[4959] = 1.0
Vehicle: 603  Cost: 133.30
Route: 6 20 120 67 125 27 26 113 91 -6 
  6 [10  75: 90]
 20 [ 8 105:110]
120 [ 9 135:140]
 67 [ 7 154:159]
125 [ 9 159:164]
 27 [ 7 169:174]
 26 [ 3 194:199]
113 [ 7 207:212]
 91 [ 9 228:233]
 -6 [ 9 263:263]

y[5040] = 1.0
Vehicle: 202  Cost: 44.75
Route: 2 127 69 31 103 -2 
  2 [ 7  55:278]
127 [ 9 300:305]
 69 [ 6 305:310]
 31 [ 2 315:320]
103 [ 6 320:325]
 -2 [ 6 342:342]

y[8342] = 1.0
Vehicle: 502  Cost: 10.77
Route: 5 45 115 -5 
  5 [ 4  43: 58]
 45 [ 0  63: 68]
115 [ 4  68: 73]
 -5 [ 4  79: 79]

y[10493] = 1.0
Vehicle: 202  Cost: 62.79
Route: 2 52 134 40 117 47 -2 
  2 [ 8  55: 70]
 52 [ 4  91: 96]
134 [ 8 300:305]
 40 [ 7 316:321]
117 [10 325:330]
 47 [ 7 330:335]
 -2 [ 7 347:347]

y[11517] = 1.0
Vehicle: 602  Cost: 23.43
Route: 6 36 110 35 -6 
  6 [ 6 266:281]
 36 [ 4 292:297]
110 [ 8 297:302]
 35 [ 4 312:317]
 -6 [ 4 319:319]

y[12051] = 1.0
Vehicle: 604  Cost: 86.31
Route: 6 71 37 114 43 22 101 92 94 -6 
  6 [10 107:157]
 71 [ 8 180:185]
 37 [ 5 194:199]
114 [ 7 300:305]
 43 [ 6 311:316]
 22 [ 2 327:332]
101 [ 5 338:343]
 92 [ 7 348:353]
 94 [ 9 420:425]
 -6 [ 9 434:434]

y[12368] = 1.0
Vehicle: 303  Cost: 78.04
Route: 3 46 116 12 77 104 18 89 -3 
  3 [ 9 146:161]
 46 [ 8 188:193]
116 [10 193:198]
 12 [ 7 209:214]
 77 [ 4 300:305]
104 [ 6 310:315]
 18 [ 4 339:344]
 89 [ 5 344:349]
 -3 [ 5 356:356]

y[12517] = 1.0
Vehicle: 801  Cost: 34.66
Route: 8 44 23 59 29 102 -8 
  8 [10 178:193]
 44 [ 9 200:205]
 23 [ 5 212:217]
 59 [ 1 300:305]
 29 [ 0 420:425]
102 [ 4 425:430]
 -8 [ 4 441:441]

y[12571] = 1.0
Vehicle: 604  Cost: 76.59
Route: 6 39 111 64 24 97 87 -6 
  6 [10  81: 96]
 39 [ 7 130:135]
111 [10 135:140]
 64 [ 6 180:185]
 24 [ 3 191:196]
 97 [ 4 196:201]
 87 [ 8 300:305]
 -6 [ 8 321:321]

y[13725] = 1.0
Vehicle: 705  Cost: 102.12
Route: 7 56 54 79 41 34 -7 
  7 [10 141:156]
 56 [ 9 177:182]
 54 [ 6 214:219]
 79 [ 4 300:305]
 41 [ 2 311:316]
 34 [ 0 347:352]
 -7 [ 0 361:361]

y[13746] = 1.0
Vehicle: 702  Cost: 106.52
Route: 7 66 112 42 32 96 108 68 126 63 99 -7 
  7 [10 121:136]
 66 [ 9 163:168]
112 [10 300:305]
 42 [ 8 305:310]
 32 [ 6 314:319]
 96 [ 7 327:332]
108 [ 9 420:425]
 68 [ 5 440:445]
126 [ 7 445:450]
 63 [ 6 465:470]
 99 [ 9 477:482]
 -7 [ 9 497:497]

FE: 4
SE: 20
!MIP-----
1921.5827831713332,1203.900631904602,9.97303827309107E-5,4,20,8555,15197

