--Parameters Information--
speed=1
run=5
iteration= 100000
batch=100
restartPeriod=10000
largeRemovalOccurrence=500
initialLNS=250
lowerBoundSmallRemoval=4
smallRemoval=0.2
lowerBoundLargeRemoval=0.55
largeRemoval=0.8
initialWeight=1.0
decayRate=0.1
gamma1=9.0
gamma2=5.0
gamma3=2.0
gamma4=0.0
coolingRate=0.9995
temperatureControlParameter=0.05
initialAcceptanceProbability=0.5
perturbation=0.5
perturbationFactor=0.01
split=20000

Setup: Split
Data: C_100_7_TD

Run: 1
Total Cost: 1942.01
Vehicle: 11  Cost: 50.00
Route: 1 2 -2 -1 
 1 [ 50   0:  0 [52, 54, 55, 72, 56, 75, 13, 14, 46, 34, 40, 68, 80, 79, 30, 85, 35, 60, 67]]
 2 [  0  25: 25 []]
-2 [ 28  25:365 [99, 98, 125, 135, 127, 108, 128, 112, 97, 123, 115, 107, 117, 124, 119]]
-1 [ 28 390:390 [99, 98, 125, 135, 127, 108, 128, 112, 97, 123, 115, 107, 117, 124, 119]]

Vehicle: 15  Cost: 54.41
Route: 1 6 -6 -1 
 1 [ 43   0:  0 [29, 90, 81, 58, 77, 39, 50, 12, 42, 43, 89, 26, 70, 22, 25, 44, 86, 64]]
 6 [  0  27: 27 []]
-6 [ 28  27:370 [122, 134, 126, 96, 129, 132, 133, 100, 130]]
-1 [ 28 398:398 [122, 134, 126, 96, 129, 132, 133, 100, 130]]

Vehicle: 16  Cost: 139.49
Route: 1 9 4 -4 -9 -2 -1 
 1 [ 63   0:  0 [24, 65, 18, 49, 82, 28, 38, 51, 73, 32, 16, 69, 37, 45, 20, 57, 53, 59, 84, 83, 15, 76, 71, 36, 48, 41, 61, 63, 21]]
 9 [ 45  54: 69 [24, 65, 18, 49, 82, 28, 38, 51, 73, 32, 69, 37, 45, 20, 57, 59, 84, 83, 15, 76, 71]]
 4 [  0  85: 85 []]
-4 [ 21  85:489 [111, 92, 93, 109, 103, 118, 131, 102, 121]]
-9 [ 30 506:521 [105, 111, 92, 93, 109, 103, 118, 131, 102, 121, 94, 106]]
-2 [ 38 549:564 [111, 92, 93, 91, 95, 109, 103, 116, 118, 131, 102, 121, 105, 94, 106]]
-1 [ 38 589:589 [111, 92, 93, 91, 95, 109, 103, 116, 118, 131, 102, 121, 105, 94, 106]]

Vehicle: 17  Cost: 123.26
Route: 1 8 -8 -6 -1 
 1 [ 33   0:  0 [19, 17, 88, 62, 27, 11, 47, 74, 23, 78, 66, 10, 33, 87, 31]]
 8 [  0  61: 61 []]
-8 [  6  61:515 [101, 104, 120]]
-6 [ 16 550:565 [101, 104, 110, 114, 113, 120]]
-1 [ 16 592:592 [101, 104, 110, 114, 113, 120]]

Vehicle: 201  Cost: 15.23
Route: 2 35 -2 
  2 [ 4  25:292]
 35 [ 0 300:305]
 -2 [ 0 313:313]

Vehicle: 203  Cost: 142.21
Route: 2 54 40 79 127 115 112 72 99 -2 
  2 [10  25: 40]
 54 [ 7  55: 60]
 40 [ 3  74: 79]
 79 [ 2  95:100]
127 [ 3 100:105]
115 [ 7 112:117]
112 [ 9 138:143]
 72 [ 7 183:188]
 99 [ 9 300:305]
 -2 [ 9 327:327]

Vehicle: 205  Cost: 106.20
Route: 2 60 117 107 123 68 97 46 -2 
  2 [ 7  25: 40]
 60 [ 6  46: 51]
117 [ 7  51: 56]
107 [ 8  70: 75]
123 [ 9  85: 90]
 68 [ 7 180:185]
 97 [10 193:198]
 46 [ 6 300:305]
 -2 [ 6 350:350]

Vehicle: 206  Cost: 169.85
Route: 2 75 52 56 125 98 14 135 108 -2 
  2 [10  25: 40]
 75 [ 8  69: 74]
 52 [ 7 180:185]
 56 [ 4 199:204]
125 [ 5 220:225]
 98 [ 7 245:250]
 14 [ 3 261:266]
135 [ 4 275:280]
108 [ 7 294:299]
 -2 [ 7 335:335]

Vehicle: 207  Cost: 41.85
Route: 2 85 67 119 124 80 128 -2 
  2 [ 9  25: 40]
 85 [ 8  49: 54]
 67 [ 4  57: 62]
119 [ 6  62: 67]
124 [ 8 300:305]
 80 [ 4 312:317]
128 [ 6 317:322]
 -2 [ 6 335:335]

Vehicle: 208  Cost: 76.29
Route: 2 30 13 34 55 116 91 95 -2 
  2 [10  25:283]
 30 [ 7 300:305]
 13 [ 3 318:323]
 34 [ 2 420:425]
 55 [ 0 429:434]
116 [ 4 434:439]
 91 [ 7 448:453]
 95 [ 8 462:467]
 -2 [ 8 479:479]

Vehicle: 401  Cost: 33.23
Route: 4 83 37 -4 
  4 [ 7  85:172]
 83 [ 4 180:185]
 37 [ 0 196:201]
 -4 [ 0 215:215]

Vehicle: 402  Cost: 94.62
Route: 4 18 109 73 93 45 111 38 59 82 131 102 -4 
  4 [10  85:100]
 18 [ 9 109:114]
109 [10 132:137]
 73 [ 6 159:164]
 93 [ 9 300:305]
 45 [ 8 309:314]
111 [10 314:319]
 38 [ 8 334:339]
 59 [ 7 420:425]
 82 [ 6 431:436]
131 [ 8 436:441]
102 [10 444:449]
 -4 [10 452:452]

Vehicle: 403  Cost: 47.92
Route: 4 69 121 57 28 -4 
  4 [ 8  85:100]
 69 [ 5 122:127]
121 [ 8 127:132]
 57 [ 4 300:305]
 28 [ 3 307:312]
 -4 [ 3 333:333]

Vehicle: 404  Cost: 101.92
Route: 4 71 84 32 103 15 92 51 76 -4 
  4 [10  85:100]
 71 [ 9 119:124]
 84 [ 8 127:132]
 32 [ 5 300:305]
103 [ 9 305:310]
 15 [ 7 325:330]
 92 [10 330:335]
 51 [ 8 347:352]
 76 [ 7 367:372]
 -4 [ 7 385:385]

Vehicle: 405  Cost: 79.55
Route: 4 49 20 24 65 118 -4 
  4 [10  85:100]
 49 [ 7 124:129]
 20 [ 4 134:139]
 24 [ 3 420:425]
 65 [ 0 455:460]
118 [ 1 460:465]
 -4 [ 1 474:474]

Vehicle: 601  Cost: 107.29
Route: 6 29 100 64 22 77 126 129 90 134 -6 
  6 [10  27: 42]
 29 [ 9  67: 72]
100 [10  72: 77]
 64 [ 8  85: 90]
 22 [ 6 103:108]
 77 [ 4 180:185]
126 [ 8 185:190]
129 [ 9 300:305]
 90 [ 6 321:326]
134 [10 326:331]
 -6 [10 355:355]

Vehicle: 602  Cost: 38.58
Route: 6 44 12 -6 
  6 [ 8  27: 42]
 44 [ 4  48: 53]
 12 [ 0 300:305]
 -6 [ 0 324:324]

Vehicle: 603  Cost: 56.52
Route: 6 42 86 133 70 122 81 130 -6 
  6 [10  27: 42]
 42 [ 6  54: 59]
 86 [ 4  64: 69]
133 [ 7  69: 74]
 70 [ 4  87: 92]
122 [ 8  92: 97]
 81 [ 7 300:305]
130 [10 305:310]
 -6 [10 313:313]

Vehicle: 604  Cost: 64.06
Route: 6 39 114 113 50 43 110 -6 
  6 [ 8  27: 42]
 39 [ 4  54: 59]
114 [ 6 300:305]
113 [10 311:316]
 50 [ 9 316:321]
 43 [ 6 420:425]
110 [10 425:430]
 -6 [10 447:447]

Vehicle: 606  Cost: 64.61
Route: 6 58 26 25 96 132 89 -6 
  6 [ 7  27: 42]
 58 [ 5  53: 58]
 26 [ 3  67: 72]
 25 [ 2 180:185]
 96 [ 6 185:190]
132 [10 300:305]
 89 [ 8 325:330]
 -6 [ 8 336:336]

Vehicle: 801  Cost: 73.63
Route: 8 78 87 23 31 101 -8 
  8 [10  61:401]
 78 [ 7 420:425]
 87 [ 5 439:444]
 23 [ 3 457:462]
 31 [ 0 482:487]
101 [ 3 487:492]
 -8 [ 3 500:500]

Vehicle: 802  Cost: 127.40
Route: 8 66 74 10 120 17 88 62 -8 
  8 [10  61: 76]
 66 [ 9  84: 89]
 74 [ 8 108:113]
 10 [ 7 134:139]
120 [ 9 300:305]
 17 [ 6 318:323]
 88 [ 3 420:425]
 62 [ 2 446:451]
 -8 [ 2 483:483]

Vehicle: 803  Cost: 4.47
Route: 8 47 -8 
  8 [ 3  61:418]
 47 [ 0 420:425]
 -8 [ 0 427:427]

Vehicle: 804  Cost: 55.73
Route: 8 19 27 33 104 11 -8 
  8 [10  61:161]
 19 [ 9 180:185]
 27 [ 6 190:195]
 33 [ 3 420:425]
104 [ 4 425:430]
 11 [ 1 440:445]
 -8 [ 1 461:461]

Vehicle: 901  Cost: 40.54
Route: 9 53 48 105 106 36 -9 
  9 [10  54: 69]
 53 [ 6  86: 91]
 48 [ 3 300:305]
105 [ 7 316:321]
106 [ 8 329:334]
 36 [ 5 334:339]
 -9 [ 5 342:342]

Vehicle: 902  Cost: 33.18
Route: 9 63 41 61 16 94 21 -9 
  9 [ 8  54: 69]
 63 [ 6  75: 80]
 41 [ 4  88: 93]
 61 [ 3  97:102]
 16 [ 2 180:185]
 94 [ 6 420:425]
 21 [ 4 425:430]
 -9 [ 4 436:436]

Total Cost: 1942.01
 11:50.00, 50:75 [1, 2, -2, -1]
 15:54.41, 43:75 [1, 6, -6, -1]
 16:139.49, 63:75 [1, 9, 4, -4, -9, -2, -1]
 17:123.26, 33:75 [1, 8, -8, -6, -1]
201:15.23, 4:10 [2, 35, -2]
203:142.21, 10:10 [2, 54, 40, 79, 127, 115, 112, 72, 99, -2]
205:106.20, 10:10 [2, 60, 117, 107, 123, 68, 97, 46, -2]
206:169.85, 10:10 [2, 75, 52, 56, 125, 98, 14, 135, 108, -2]
207:41.85, 9:10 [2, 85, 67, 119, 124, 80, 128, -2]
208:76.29, 10:10 [2, 30, 13, 34, 55, 116, 91, 95, -2]
401:33.23, 7:10 [4, 83, 37, -4]
402:94.62, 10:10 [4, 18, 109, 73, 93, 45, 111, 38, 59, 82, 131, 102, -4]
403:47.92, 8:10 [4, 69, 121, 57, 28, -4]
404:101.92, 10:10 [4, 71, 84, 32, 103, 15, 92, 51, 76, -4]
405:79.55, 10:10 [4, 49, 20, 24, 65, 118, -4]
601:107.29, 10:10 [6, 29, 100, 64, 22, 77, 126, 129, 90, 134, -6]
602:38.58, 8:10 [6, 44, 12, -6]
603:56.52, 10:10 [6, 42, 86, 133, 70, 122, 81, 130, -6]
604:64.06, 10:10 [6, 39, 114, 113, 50, 43, 110, -6]
606:64.61, 10:10 [6, 58, 26, 25, 96, 132, 89, -6]
801:73.63, 10:10 [8, 78, 87, 23, 31, 101, -8]
802:127.40, 10:10 [8, 66, 74, 10, 120, 17, 88, 62, -8]
803:4.47, 3:10 [8, 47, -8]
804:55.73, 10:10 [8, 19, 27, 33, 104, 11, -8]
901:40.54, 10:10 [9, 53, 48, 105, 106, 36, -9]
902:33.18, 8:10 [9, 63, 41, 61, 16, 94, 21, -9]
fe: 4, se: 22

!ALNS------------
100000,1942.014101068713,488.32,298.17,4,22,0.63,0.8954545454545455,31.5,5.7272727272727275
12 19 23 10 0 1 6 1 
8.446374959751102 19.681444184938922 8.90975787551848 10.714150638255628 45.337884912694335 16.338388205047558 14.083777963014096 24.443216849515043 
12 11 6 7 6 8 15 7 
12.974214693716597 13.46957034268226 12.73490870852637 14.645131742036016 13.599284039309858 10.992711824355432 15.283656528531408 12.936640530971866 

x[420] = 1.0
Vehicle: 17  Cost: 123.26
Route: 1 8 -8 -6 -1 
 1 [ 33   0:  0 [27, 74, 17, 88, 62, 10, 33, 11, 23, 87, 66, 19, 47, 31, 78]]
 8 [  0  61: 61 []]
-8 [ 14  61:554 [104, 101, 120, 94, 132]]
-6 [ 24 589:604 [113, 104, 110, 101, 120, 114, 94, 132]]
-1 [ 24 631:631 [113, 104, 110, 101, 120, 114, 94, 132]]

x[594] = 1.0
Vehicle: 15  Cost: 54.41
Route: 1 6 -6 -1 
 1 [ 47   0:  0 [26, 89, 44, 70, 29, 22, 12, 77, 25, 90, 50, 64, 43, 86, 80, 39, 42, 58, 81]]
 6 [  0  27: 27 []]
-6 [ 35  27:384 [134, 133, 129, 113, 130, 126, 114, 122, 96, 100, 91, 128]]
-1 [ 35 412:412 [134, 133, 129, 113, 130, 126, 114, 122, 96, 100, 91, 128]]

x[2056] = 1.0
Vehicle: 11  Cost: 50.00
Route: 1 2 -2 -1 
 1 [ 46   0:  0 [55, 72, 54, 67, 79, 60, 75, 35, 52, 68, 40, 56, 46, 34, 14, 30, 85, 13]]
 2 [  0  25: 25 []]
-2 [ 30  25:383 [127, 99, 107, 117, 108, 98, 135, 123, 119, 125, 112, 97, 124, 115, 116]]
-1 [ 30 408:408 [127, 99, 107, 117, 108, 98, 135, 123, 119, 125, 112, 97, 124, 115, 116]]

x[7230] = 1.0
Vehicle: 16  Cost: 139.49
Route: 1 9 4 -4 -9 -2 -1 
 1 [ 63   0:  0 [24, 65, 18, 76, 49, 84, 20, 82, 15, 28, 38, 36, 57, 83, 51, 45, 53, 59, 37, 73, 69, 32, 71, 48, 16, 61, 41, 63, 21]]
 9 [ 45  54: 69 [24, 65, 18, 76, 49, 84, 20, 82, 15, 28, 38, 57, 83, 51, 45, 59, 37, 73, 69, 32, 71]]
 4 [  0  85: 85 []]
-4 [ 21  85:489 [111, 92, 93, 109, 103, 118, 131, 102, 121]]
-9 [ 30 506:521 [111, 92, 93, 109, 103, 118, 131, 102, 106, 121, 105, 94]]
-2 [ 38 549:564 [111, 92, 93, 91, 95, 109, 103, 116, 118, 131, 102, 106, 121, 105, 94]]
-1 [ 38 589:589 [111, 92, 93, 91, 95, 109, 103, 116, 118, 131, 102, 106, 121, 105, 94]]

y[324] = 1.0
Vehicle: 602  Cost: 85.15
Route: 6 44 86 133 22 77 126 129 -6 
  6 [10 122:137]
 44 [ 6 143:148]
 86 [ 4 167:172]
133 [ 7 172:177]
 22 [ 5 185:190]
 77 [ 3 206:211]
126 [ 7 211:216]
129 [ 8 300:305]
 -6 [ 8 336:336]

y[368] = 1.0
Vehicle: 604  Cost: 78.09
Route: 6 39 70 122 25 96 26 -6 
  6 [10  63: 78]
 39 [ 6  90: 95]
 70 [ 3 112:117]
122 [ 7 117:122]
 25 [ 6 180:185]
 96 [10 185:190]
 26 [ 8 205:210]
 -6 [ 8 222:222]

y[607] = 1.0
Vehicle: 206  Cost: 169.85
Route: 2 75 52 56 125 98 14 135 108 -2 
  2 [10  25: 40]
 75 [ 8  69: 74]
 52 [ 7 180:185]
 56 [ 4 199:204]
125 [ 5 220:225]
 98 [ 7 245:250]
 14 [ 3 261:266]
135 [ 4 275:280]
108 [ 7 294:299]
 -2 [ 7 335:335]

y[2057] = 1.0
Vehicle: 205  Cost: 106.20
Route: 2 117 60 107 123 68 97 46 -2 
  2 [ 7 168:183]
117 [ 8 189:194]
 60 [ 7 194:199]
107 [ 8 214:219]
123 [ 9 228:233]
 68 [ 7 247:252]
 97 [10 261:266]
 46 [ 6 300:305]
 -2 [ 6 350:350]

y[2155] = 1.0
Vehicle: 401  Cost: 47.92
Route: 4 69 121 57 28 -4 
  4 [ 8 110:125]
 69 [ 5 147:152]
121 [ 8 152:157]
 57 [ 4 300:305]
 28 [ 3 307:312]
 -4 [ 3 333:333]

y[3473] = 1.0
Vehicle: 608  Cost: 33.64
Route: 6 58 128 80 89 81 130 -6 
  6 [ 9  27: 42]
 58 [ 7  53: 58]
128 [ 9 300:305]
 80 [ 5 305:310]
 89 [ 3 320:325]
 81 [ 2 329:334]
130 [ 5 334:339]
 -6 [ 5 342:342]

y[3822] = 1.0
Vehicle: 902  Cost: 33.18
Route: 9 63 41 61 16 94 21 -9 
  9 [ 8 114:129]
 63 [ 6 135:140]
 41 [ 4 148:153]
 61 [ 3 157:162]
 16 [ 2 180:185]
 94 [ 6 420:425]
 21 [ 4 425:430]
 -9 [ 4 436:436]

y[5341] = 1.0
Vehicle: 402  Cost: 94.62
Route: 4 18 109 73 93 45 111 38 59 131 82 102 -4 
  4 [10 106:121]
 18 [ 9 130:135]
109 [10 153:158]
 73 [ 6 180:185]
 93 [ 9 300:305]
 45 [ 8 309:314]
111 [10 314:319]
 38 [ 8 334:339]
 59 [ 7 420:425]
131 [ 9 431:436]
 82 [ 8 436:441]
102 [10 444:449]
 -4 [10 452:452]

y[6633] = 1.0
Vehicle: 405  Cost: 79.55
Route: 4 49 20 24 65 118 -4 
  4 [10 106:121]
 49 [ 7 145:150]
 20 [ 4 155:160]
 24 [ 3 420:425]
 65 [ 0 455:460]
118 [ 1 460:465]
 -4 [ 1 474:474]

y[7682] = 1.0
Vehicle: 801  Cost: 79.61
Route: 8 31 101 23 87 78 132 -8 
  8 [10  61:292]
 31 [ 7 300:305]
101 [10 305:310]
 23 [ 8 330:335]
 87 [ 6 348:353]
 78 [ 3 420:425]
132 [ 7 438:443]
 -8 [ 7 455:455]

y[8554] = 1.0
Vehicle: 207  Cost: 40.88
Route: 2 85 67 119 124 35 -2 
  2 [ 9  25: 40]
 85 [ 8  49: 54]
 67 [ 4  57: 62]
119 [ 6  62: 67]
124 [ 8 300:305]
 35 [ 4 317:322]
 -2 [ 4 329:329]

y[8842] = 1.0
Vehicle: 404  Cost: 101.92
Route: 4 71 84 32 103 15 92 51 76 -4 
  4 [10 110:125]
 71 [ 9 144:149]
 84 [ 8 152:157]
 32 [ 5 300:305]
103 [ 9 305:310]
 15 [ 7 325:330]
 92 [10 330:335]
 51 [ 8 347:352]
 76 [ 7 367:372]
 -4 [ 7 385:385]

y[8896] = 1.0
Vehicle: 803  Cost: 55.73
Route: 8 19 27 33 104 11 -8 
  8 [10 241:256]
 19 [ 9 275:280]
 27 [ 6 285:290]
 33 [ 3 420:425]
104 [ 4 425:430]
 11 [ 1 440:445]
 -8 [ 1 461:461]

y[9021] = 1.0
Vehicle: 203  Cost: 142.21
Route: 2 54 40 79 127 115 112 72 99 -2 
  2 [10  25: 40]
 54 [ 7  55: 60]
 40 [ 3  74: 79]
 79 [ 2  95:100]
127 [ 3 100:105]
115 [ 7 112:117]
112 [ 9 138:143]
 72 [ 7 183:188]
 99 [ 9 300:305]
 -2 [ 9 327:327]

y[9097] = 1.0
Vehicle: 902  Cost: 40.54
Route: 9 53 48 105 36 106 -9 
  9 [10 145:160]
 53 [ 6 177:182]
 48 [ 3 300:305]
105 [ 7 316:321]
 36 [ 4 329:334]
106 [ 5 334:339]
 -9 [ 5 342:342]

y[10967] = 1.0
Vehicle: 605  Cost: 59.44
Route: 6 42 50 113 114 43 110 -6 
  6 [ 8 111:126]
 42 [ 4 137:142]
 50 [ 3 300:305]
113 [ 7 305:310]
114 [ 9 316:321]
 43 [ 6 420:425]
110 [10 425:430]
 -6 [10 447:447]

y[11323] = 1.0
Vehicle: 402  Cost: 33.23
Route: 4 37 83 -4 
  4 [ 7 110:167]
 37 [ 3 180:185]
 83 [ 0 196:201]
 -4 [ 0 210:210]

y[11431] = 1.0
Vehicle: 601  Cost: 71.51
Route: 6 64 29 100 90 134 12 -6 
  6 [10 129:144]
 64 [ 8 165:170]
 29 [ 7 178:183]
100 [ 8 183:188]
 90 [ 5 300:305]
134 [ 9 305:310]
 12 [ 5 328:333]
 -6 [ 5 352:352]

y[12170] = 1.0
Vehicle: 803  Cost: 4.47
Route: 8 47 -8 
  8 [ 3 204:418]
 47 [ 0 420:425]
 -8 [ 0 427:427]

y[14608] = 1.0
Vehicle: 802  Cost: 127.40
Route: 8 66 74 10 120 17 88 62 -8 
  8 [10 209:224]
 66 [ 9 232:237]
 74 [ 8 256:261]
 10 [ 7 282:287]
120 [ 9 300:305]
 17 [ 6 318:323]
 88 [ 3 420:425]
 62 [ 2 446:451]
 -8 [ 2 483:483]

y[14616] = 1.0
Vehicle: 208  Cost: 76.29
Route: 2 30 13 34 55 116 91 95 -2 
  2 [10 182:283]
 30 [ 7 300:305]
 13 [ 3 318:323]
 34 [ 2 420:425]
 55 [ 0 429:434]
116 [ 4 434:439]
 91 [ 7 448:453]
 95 [ 8 462:467]
 -2 [ 8 479:479]

FE: 4
SE: 21
!MIP-----
1928.5733914097739,5401.245313167572,0.01889088272812614,4,21,10654,14945

Run: 2
Total Cost: 1911.58
Vehicle: 13  Cost: 75.29
Route: 1 2 -2 6 -6 -1 
 1 [ 70   0:  0 [70, 22, 34, 50, 85, 67, 26, 35, 80, 13, 12, 29, 58, 44, 77, 39, 55, 25, 53, 90, 54, 64, 86, 30, 42, 89, 81]]
 2 [ 51  25: 25 [70, 22, 50, 26, 80, 12, 29, 58, 44, 77, 39, 25, 53, 90, 54, 64, 86, 42, 89, 81]]
-2 [ 53  25: 92 [119, 70, 22, 50, 26, 80, 12, 29, 58, 44, 77, 39, 25, 53, 90, 54, 64, 86, 42, 89, 81]]
 6 [  2 115:115 [119]]
-6 [ 41 115:384 [96, 119, 129, 134, 130, 132, 114, 113, 91, 133, 100, 126, 122, 128]]
-1 [ 41 412:412 [96, 119, 129, 134, 130, 132, 114, 113, 91, 133, 100, 126, 122, 128]]

Vehicle: 16  Cost: 131.86
Route: 1 5 4 -4 -5 -1 
 1 [ 69   0:  0 [69, 52, 71, 32, 20, 56, 63, 51, 28, 84, 40, 76, 46, 68, 65, 82, 59, 18, 72, 73, 83, 57, 49, 41, 79, 16, 24, 45, 61, 37, 15, 38, 60]]
 5 [ 51  47: 62 [69, 52, 20, 56, 63, 28, 40, 76, 65, 82, 59, 18, 73, 83, 57, 49, 41, 79, 16, 24, 45, 61, 37, 38]]
 4 [  0  81: 81 []]
-4 [ 21  81:334 [121, 127, 112, 115, 108, 98, 135, 125, 118, 109, 131]]
-5 [ 27 353:368 [123, 107, 97, 117, 121, 127, 112, 115, 108, 98, 135, 125, 118, 109, 131]]
-1 [ 27 415:415 [123, 107, 97, 117, 121, 127, 112, 115, 108, 98, 135, 125, 118, 109, 131]]

Vehicle: 17  Cost: 184.28
Route: 1 8 -8 9 -9 -4 -5 -2 -1 
 1 [ 50   0:  0 [78, 48, 14, 23, 36, 43, 11, 31, 27, 33, 17, 62, 47, 10, 19, 66, 21, 75, 88, 74, 87]]
 8 [  5  61: 61 [36, 21]]
-8 [ 15  61:477 [36, 120, 101, 104, 110, 21]]
 9 [ 10 517:517 [120, 101, 104, 110]]
-9 [ 19 517:562 [105, 106, 94, 120, 101, 104, 110]]
-4 [ 26 578:593 [105, 106, 94, 93, 120, 101, 104, 110, 111, 102]]
-5 [ 35 612:627 [105, 106, 94, 99, 93, 120, 103, 101, 92, 104, 110, 111, 102]]
-2 [ 42 650:665 [116, 95, 105, 106, 94, 99, 93, 120, 103, 101, 92, 104, 124, 110, 111, 102]]
-1 [ 42 690:690 [116, 95, 105, 106, 94, 99, 93, 120, 103, 101, 92, 104, 124, 110, 111, 102]]

Vehicle: 201  Cost: 21.82
Route: 2 85 67 119 -2 
  2 [ 5  25: 40]
 85 [ 4  49: 54]
 67 [ 0  57: 62]
119 [ 2  62: 67]
 -2 [ 2  77: 77]

Vehicle: 202  Cost: 76.73
Route: 2 30 13 34 55 116 95 124 -2 
  2 [10  25:283]
 30 [ 7 300:305]
 13 [ 3 318:323]
 34 [ 2 420:425]
 55 [ 0 429:434]
116 [ 4 434:439]
 95 [ 5 456:461]
124 [ 7 468:473]
 -2 [ 7 480:480]

Vehicle: 203  Cost: 15.23
Route: 2 35 -2 
  2 [ 4  25:292]
 35 [ 0 300:305]
 -2 [ 0 313:313]

Vehicle: 401  Cost: 26.94
Route: 4 83 76 -4 
  4 [ 4  81:172]
 83 [ 1 180:185]
 76 [ 0 300:305]
 -4 [ 0 318:318]

Vehicle: 402  Cost: 61.68
Route: 4 63 41 108 61 79 127 16 115 18 82 131 -4 
  4 [ 9  81: 96]
 63 [ 7 112:117]
 41 [ 5 125:130]
108 [ 8 130:135]
 61 [ 7 139:144]
 79 [ 6 149:154]
127 [ 7 154:159]
 16 [ 6 180:185]
115 [10 195:200]
 18 [ 9 206:211]
 82 [ 8 300:305]
131 [10 305:310]
 -4 [10 313:313]

Vehicle: 403  Cost: 154.01
Route: 4 40 135 52 56 125 98 109 38 -4 
  4 [10  81: 96]
 40 [ 6 122:127]
135 [ 7 145:150]
 52 [ 6 180:185]
 56 [ 3 199:204]
125 [ 4 220:225]
 98 [ 6 245:250]
109 [ 7 270:275]
 38 [ 5 300:305]
 -4 [ 5 316:316]

Vehicle: 404  Cost: 101.04
Route: 4 20 73 24 93 45 111 59 102 -4 
  4 [10  81: 96]
 20 [ 7 125:130]
 73 [ 3 138:143]
 24 [ 2 420:425]
 93 [ 5 441:446]
 45 [ 4 450:455]
111 [ 6 455:460]
 59 [ 5 480:485]
102 [ 7 494:499]
 -4 [ 7 502:502]

Vehicle: 405  Cost: 44.99
Route: 4 37 28 57 -4 
  4 [ 9  81:167]
 37 [ 5 180:185]
 28 [ 4 300:305]
 57 [ 0 307:312]
 -4 [ 0 333:333]

Vehicle: 406  Cost: 61.28
Route: 4 49 112 69 121 118 65 -4 
  4 [ 9  81: 96]
 49 [ 6 120:125]
112 [ 8 125:130]
 69 [ 5 145:150]
121 [ 8 150:155]
118 [ 9 300:305]
 65 [ 6 305:310]
 -4 [ 6 319:319]

Vehicle: 501  Cost: 134.88
Route: 5 72 60 117 107 123 68 97 46 -5 
  5 [ 9  47:173]
 72 [ 7 180:185]
 60 [ 6 210:215]
117 [ 7 215:220]
107 [ 8 234:239]
123 [ 9 249:254]
 68 [ 7 268:273]
 97 [10 281:286]
 46 [ 6 300:305]
 -5 [ 6 352:352]

Vehicle: 502  Cost: 81.74
Route: 5 71 84 51 15 92 103 32 99 -5 
  5 [ 9  47: 62]
 71 [ 8  70: 75]
 84 [ 7  79: 84]
 51 [ 5 300:305]
 15 [ 3 318:323]
 92 [ 6 323:328]
103 [10 342:347]
 32 [ 7 347:352]
 99 [ 9 379:384]
 -5 [ 9 389:389]

Vehicle: 601  Cost: 76.78
Route: 6 42 86 133 22 126 77 129 -6 
  6 [10 115:130]
 42 [ 6 141:146]
 86 [ 4 151:156]
133 [ 7 156:161]
 22 [ 5 169:174]
126 [ 9 191:196]
 77 [ 7 196:201]
129 [ 8 300:305]
 -6 [ 8 336:336]

Vehicle: 602  Cost: 65.87
Route: 6 39 122 70 114 50 113 -6 
  6 [ 8 115:130]
 39 [ 4 142:147]
122 [ 8 164:169]
 70 [ 5 169:174]
114 [ 7 300:305]
 50 [ 6 311:316]
113 [10 316:321]
 -6 [10 345:345]

Vehicle: 603  Cost: 12.00
Route: 6 44 -6 
  6 [ 4 115:130]
 44 [ 0 136:141]
 -6 [ 0 147:147]

Vehicle: 604  Cost: 33.64
Route: 6 58 128 80 89 81 130 -6 
  6 [ 9 115:130]
 58 [ 7 141:146]
128 [ 9 300:305]
 80 [ 5 305:310]
 89 [ 3 320:325]
 81 [ 2 329:334]
130 [ 5 334:339]
 -6 [ 5 342:342]

Vehicle: 605  Cost: 83.75
Route: 6 64 100 29 90 134 12 91 -6 
  6 [10 115:130]
 64 [ 8 151:156]
100 [ 9 164:169]
 29 [ 8 169:174]
 90 [ 5 300:305]
134 [ 9 305:310]
 12 [ 5 328:333]
 91 [ 8 346:351]
 -6 [ 8 369:369]

Vehicle: 606  Cost: 75.30
Route: 6 26 54 53 25 96 132 -6 
  6 [10 115:130]
 26 [ 8 142:147]
 54 [ 5 160:165]
 53 [ 1 173:178]
 25 [ 0 192:197]
 96 [ 4 197:202]
132 [ 8 300:305]
 -6 [ 8 329:329]

Vehicle: 801  Cost: 70.51
Route: 8 14 62 23 101 31 -8 
  8 [10  61: 76]
 14 [ 6 105:110]
 62 [ 5 300:305]
 23 [ 3 311:316]
101 [ 6 336:341]
 31 [ 3 341:346]
 -8 [ 3 354:354]

Vehicle: 803  Cost: 66.24
Route: 8 75 48 78 87 -8 
  8 [10  61: 76]
 75 [ 8  96:101]
 48 [ 5 300:305]
 78 [ 2 420:425]
 87 [ 0 439:444]
 -8 [ 0 463:463]

Vehicle: 804  Cost: 108.00
Route: 8 66 74 10 120 17 88 -8 
  8 [ 9  61: 76]
 66 [ 8  84: 89]
 74 [ 7 108:113]
 10 [ 6 134:139]
120 [ 8 300:305]
 17 [ 5 318:323]
 88 [ 2 420:425]
 -8 [ 2 459:459]

Vehicle: 805  Cost: 55.73
Route: 8 19 27 104 33 11 -8 
  8 [10  61:161]
 19 [ 9 180:185]
 27 [ 6 190:195]
104 [ 7 420:425]
 33 [ 4 425:430]
 11 [ 1 440:445]
 -8 [ 1 461:461]

Vehicle: 806  Cost: 53.04
Route: 8 110 43 47 -8 
  8 [ 6  61:394]
110 [10 420:425]
 43 [ 7 425:430]
 47 [ 4 454:459]
 -8 [ 4 462:462]

Vehicle: 901  Cost: 21.30
Route: 9 105 94 -9 
  9 [ 0   0:294]
105 [ 4 300:305]
 94 [ 8 420:425]
 -9 [ 8 431:431]

Vehicle: 902  Cost: 5.66
Route: 9 36 106 -9 
  9 [ 3 517:532]
 36 [ 0 535:540]
106 [ 1 540:545]
 -9 [ 1 547:547]

Vehicle: 903  Cost: 12.00
Route: 9 21 -9 
  9 [ 2 517:532]
 21 [ 0 538:543]
 -9 [ 0 549:549]

Total Cost: 1911.58
 13:75.29, 70:75 [1, 2, -2, 6, -6, -1]
 16:131.86, 69:75 [1, 5, 4, -4, -5, -1]
 17:184.28, 50:75 [1, 8, -8, 9, -9, -4, -5, -2, -1]
201:21.82, 5:10 [2, 85, 67, 119, -2]
202:76.73, 10:10 [2, 30, 13, 34, 55, 116, 95, 124, -2]
203:15.23, 4:10 [2, 35, -2]
401:26.94, 4:10 [4, 83, 76, -4]
402:61.68, 10:10 [4, 63, 41, 108, 61, 79, 127, 16, 115, 18, 82, 131, -4]
403:154.01, 10:10 [4, 40, 135, 52, 56, 125, 98, 109, 38, -4]
404:101.04, 10:10 [4, 20, 73, 24, 93, 45, 111, 59, 102, -4]
405:44.99, 9:10 [4, 37, 28, 57, -4]
406:61.28, 9:10 [4, 49, 112, 69, 121, 118, 65, -4]
501:134.88, 10:10 [5, 72, 60, 117, 107, 123, 68, 97, 46, -5]
502:81.74, 10:10 [5, 71, 84, 51, 15, 92, 103, 32, 99, -5]
601:76.78, 10:10 [6, 42, 86, 133, 22, 126, 77, 129, -6]
602:65.87, 10:10 [6, 39, 122, 70, 114, 50, 113, -6]
603:12.00, 4:10 [6, 44, -6]
604:33.64, 9:10 [6, 58, 128, 80, 89, 81, 130, -6]
605:83.75, 10:10 [6, 64, 100, 29, 90, 134, 12, 91, -6]
606:75.30, 10:10 [6, 26, 54, 53, 25, 96, 132, -6]
801:70.51, 10:10 [8, 14, 62, 23, 101, 31, -8]
803:66.24, 10:10 [8, 75, 48, 78, 87, -8]
804:108.00, 9:10 [8, 66, 74, 10, 120, 17, 88, -8]
805:55.73, 10:10 [8, 19, 27, 104, 33, 11, -8]
806:53.04, 10:10 [8, 110, 43, 47, -8]
901:21.30, 8:10 [9, 105, 94, -9]
902:5.66, 3:10 [9, 36, 106, -9]
903:12.00, 2:10 [9, 21, -9]
fe: 3, se: 25

!ALNS------------
100000,1911.5823638219356,806.997,800.425,3,25,0.84,0.824,42.0,5.04
22 27 17 8 0 0 11 1 
9.297360462496664 22.81076917010164 11.809330922874768 12.691196985964117 28.90114178112003 23.509457824587678 15.294761538060095 24.191824183940845 
13 8 12 6 10 7 16 14 
16.30928102547265 16.080712754359325 15.340475272539456 14.72016101163695 17.312599444819515 16.694810607136244 14.198785645337082 15.726054897272329 

x[914] = 1.0
Vehicle: 16  Cost: 131.86
Route: 1 5 4 -4 -5 -1 
 1 [ 69   0:  0 [69, 83, 52, 71, 32, 41, 72, 60, 15, 20, 56, 63, 37, 49, 51, 61, 73, 28, 84, 57, 79, 40, 76, 46, 24, 16, 68, 45, 65, 82, 59, 38, 18]]
 5 [ 51  47: 62 [69, 83, 52, 41, 20, 56, 63, 37, 49, 61, 73, 28, 57, 79, 40, 76, 24, 16, 45, 65, 82, 59, 38, 18]]
 4 [  0  81: 81 []]
-4 [ 23  81:338 [121, 127, 112, 115, 109, 108, 98, 135, 125, 102, 118, 131]]
-5 [ 29 357:372 [123, 107, 97, 117, 121, 127, 112, 115, 109, 108, 98, 135, 125, 102, 118, 131]]
-1 [ 29 419:419 [123, 107, 97, 117, 121, 127, 112, 115, 109, 108, 98, 135, 125, 102, 118, 131]]

x[4768] = 1.0
Vehicle: 17  Cost: 184.28
Route: 1 8 -8 9 -9 -4 -5 -2 -1 
 1 [ 50   0:  0 [33, 43, 88, 87, 36, 75, 62, 74, 11, 31, 47, 21, 14, 78, 27, 23, 19, 10, 17, 48, 66]]
 8 [  5  61: 61 [36, 21]]
-8 [ 15  61:477 [110, 120, 36, 104, 21, 101]]
 9 [ 10 517:517 [110, 120, 104, 101]]
-9 [ 19 517:562 [105, 110, 106, 120, 104, 94, 101]]
-4 [ 27 578:593 [110, 105, 106, 120, 93, 111, 118, 104, 94, 101, 102]]
-5 [ 36 612:627 [92, 110, 120, 104, 105, 106, 94, 93, 111, 118, 103, 101, 99, 102]]
-2 [ 46 650:665 [110, 105, 106, 120, 93, 111, 91, 116, 118, 104, 95, 94, 92, 103, 101, 99, 124, 102]]
-1 [ 46 690:690 [110, 105, 106, 120, 93, 111, 91, 116, 118, 104, 95, 94, 92, 103, 101, 99, 124, 102]]

x[6661] = 1.0
Vehicle: 13  Cost: 75.29
Route: 1 2 -2 6 -6 -1 
 1 [ 70   0:  0 [90, 80, 53, 86, 50, 25, 64, 22, 30, 29, 35, 67, 70, 55, 12, 26, 34, 89, 81, 39, 42, 85, 54, 58, 44, 77, 13]]
 2 [ 51  25: 25 [90, 80, 53, 86, 50, 25, 64, 22, 29, 70, 12, 26, 89, 81, 39, 42, 54, 58, 44, 77]]
-2 [ 53  25: 92 [119, 90, 80, 53, 86, 50, 25, 64, 22, 29, 70, 12, 26, 89, 81, 39, 42, 54, 58, 44, 77]]
 6 [  2 115:115 [119]]
-6 [ 43 115:384 [134, 119, 91, 129, 113, 126, 133, 96, 122, 130, 114, 132, 100, 128, 135, 125]]
-1 [ 43 412:412 [134, 119, 91, 129, 113, 126, 133, 96, 122, 130, 114, 132, 100, 128, 135, 125]]

y[126] = 1.0
Vehicle: 603  Cost: 12.00
Route: 6 44 -6 
  6 [ 4 120:135]
 44 [ 0 141:146]
 -6 [ 0 152:152]

y[434] = 1.0
Vehicle: 803  Cost: 66.24
Route: 8 75 48 78 87 -8 
  8 [10 165:180]
 75 [ 8 200:205]
 48 [ 5 300:305]
 78 [ 2 420:425]
 87 [ 0 439:444]
 -8 [ 0 463:463]

y[807] = 1.0
Vehicle: 401  Cost: 26.94
Route: 4 83 76 -4 
  4 [ 4  97:172]
 83 [ 1 180:185]
 76 [ 0 300:305]
 -4 [ 0 318:318]

y[866] = 1.0
Vehicle: 805  Cost: 55.73
Route: 8 19 27 104 33 11 -8 
  8 [10 184:199]
 19 [ 9 218:223]
 27 [ 6 228:233]
104 [ 7 420:425]
 33 [ 4 425:430]
 11 [ 1 440:445]
 -8 [ 1 461:461]

y[1996] = 1.0
Vehicle: 601  Cost: 76.78
Route: 6 42 86 133 22 126 77 129 -6 
  6 [10 214:229]
 42 [ 6 240:245]
 86 [ 4 250:255]
133 [ 7 255:260]
 22 [ 5 268:273]
126 [ 9 290:295]
 77 [ 7 295:300]
129 [ 8 305:310]
 -6 [ 8 341:341]

y[2037] = 1.0
Vehicle: 804  Cost: 108.00
Route: 8 66 74 10 120 17 88 -8 
  8 [ 9  77:180]
 66 [ 8 188:193]
 74 [ 7 212:217]
 10 [ 6 238:243]
120 [ 8 300:305]
 17 [ 5 318:323]
 88 [ 2 420:425]
 -8 [ 2 459:459]

y[2619] = 1.0
Vehicle: 405  Cost: 44.99
Route: 4 37 28 57 -4 
  4 [ 9  66:167]
 37 [ 5 180:185]
 28 [ 4 300:305]
 57 [ 0 307:312]
 -4 [ 0 333:333]

y[4403] = 1.0
Vehicle: 803  Cost: 70.51
Route: 8 14 62 23 31 101 -8 
  8 [10 130:145]
 14 [ 6 174:179]
 62 [ 5 300:305]
 23 [ 3 311:316]
 31 [ 0 336:341]
101 [ 3 341:346]
 -8 [ 3 354:354]

y[6045] = 1.0
Vehicle: 402  Cost: 61.68
Route: 4 63 41 108 61 79 127 16 115 18 82 131 -4 
  4 [ 9  81: 96]
 63 [ 7 112:117]
 41 [ 5 126:131]
108 [ 8 131:136]
 61 [ 7 139:144]
 79 [ 6 149:154]
127 [ 7 154:159]
 16 [ 6 180:185]
115 [10 195:200]
 18 [ 9 206:211]
 82 [ 8 300:305]
131 [10 305:310]
 -4 [10 313:313]

y[6310] = 1.0
Vehicle: 405  Cost: 101.04
Route: 4 20 73 24 93 45 111 59 102 -4 
  4 [10  81: 96]
 20 [ 7 125:130]
 73 [ 3 138:143]
 24 [ 2 420:425]
 93 [ 5 441:446]
 45 [ 4 450:455]
111 [ 6 455:460]
 59 [ 5 480:485]
102 [ 7 494:499]
 -4 [ 7 502:502]

y[7008] = 1.0
Vehicle: 602  Cost: 65.87
Route: 6 39 70 122 114 50 113 -6 
  6 [ 8 120:135]
 39 [ 4 147:152]
 70 [ 1 169:174]
122 [ 5 174:179]
114 [ 7 300:305]
 50 [ 6 311:316]
113 [10 316:321]
 -6 [10 345:345]

y[7645] = 1.0
Vehicle: 902  Cost: 21.30
Route: 9 105 94 -9 
  9 [ 0   0:294]
105 [ 4 300:305]
 94 [ 8 420:425]
 -9 [ 8 431:431]

y[8313] = 1.0
Vehicle: 606  Cost: 75.30
Route: 6 26 54 53 25 96 132 -6 
  6 [10 135:150]
 26 [ 8 162:167]
 54 [ 5 180:185]
 53 [ 1 194:199]
 25 [ 0 213:218]
 96 [ 4 218:223]
132 [ 8 300:305]
 -6 [ 8 329:329]

y[8403] = 1.0
Vehicle: 406  Cost: 61.28
Route: 4 49 112 69 121 65 118 -4 
  4 [ 9 106:121]
 49 [ 6 145:150]
112 [ 8 150:155]
 69 [ 5 170:175]
121 [ 8 175:180]
 65 [ 5 300:305]
118 [ 6 305:310]
 -4 [ 6 319:319]

y[9371] = 1.0
Vehicle: 901  Cost: 12.00
Route: 9 21 -9 
  9 [ 2 518:533]
 21 [ 0 539:544]
 -9 [ 0 550:550]

y[9511] = 1.0
Vehicle: 605  Cost: 71.51
Route: 6 64 29 100 90 134 12 -6 
  6 [10 130:145]
 64 [ 8 166:171]
 29 [ 7 179:184]
100 [ 8 184:189]
 90 [ 5 300:305]
134 [ 9 305:310]
 12 [ 5 328:333]
 -6 [ 5 352:352]

y[9686] = 1.0
Vehicle: 604  Cost: 33.64
Route: 6 58 128 80 89 81 130 -6 
  6 [ 9 257:272]
 58 [ 7 282:287]
128 [ 9 300:305]
 80 [ 5 305:310]
 89 [ 3 320:325]
 81 [ 2 329:334]
130 [ 5 334:339]
 -6 [ 5 342:342]

y[9687] = 1.0
Vehicle: 902  Cost: 5.66
Route: 9 106 36 -9 
  9 [ 3 517:532]
106 [ 4 535:540]
 36 [ 1 540:545]
 -9 [ 1 547:547]

y[9787] = 1.0
Vehicle: 501  Cost: 134.88
Route: 5 72 60 117 107 123 68 97 46 -5 
  5 [ 9  81:173]
 72 [ 7 180:185]
 60 [ 6 210:215]
117 [ 7 215:220]
107 [ 8 234:239]
123 [ 9 249:254]
 68 [ 7 268:273]
 97 [10 281:286]
 46 [ 6 300:305]
 -5 [ 6 352:352]

y[11695] = 1.0
Vehicle: 502  Cost: 81.74
Route: 5 71 84 51 15 92 103 32 99 -5 
  5 [ 9 140:155]
 71 [ 8 163:168]
 84 [ 7 172:177]
 51 [ 5 300:305]
 15 [ 3 318:323]
 92 [ 6 323:328]
103 [10 342:347]
 32 [ 7 347:352]
 99 [ 9 379:384]
 -5 [ 9 389:389]

y[12074] = 1.0
Vehicle: 202  Cost: 15.23
Route: 2 35 -2 
  2 [ 4 371:386]
 35 [ 0 394:399]
 -2 [ 0 406:406]

y[13149] = 1.0
Vehicle: 202  Cost: 78.49
Route: 2 30 13 34 55 116 91 95 124 -2 
  2 [10 269:284]
 30 [ 7 300:305]
 13 [ 3 318:323]
 34 [ 2 420:425]
 55 [ 0 429:434]
116 [ 4 434:439]
 91 [ 7 448:453]
 95 [ 8 462:467]
124 [10 474:479]
 -2 [10 487:487]

y[14375] = 1.0
Vehicle: 806  Cost: 53.04
Route: 8 43 110 47 -8 
  8 [ 6 178:394]
 43 [ 3 420:425]
110 [ 7 425:430]
 47 [ 4 454:459]
 -8 [ 4 462:462]

y[15684] = 1.0
Vehicle: 403  Cost: 154.01
Route: 4 40 135 52 56 125 98 109 38 -4 
  4 [10  81: 96]
 40 [ 6 122:127]
135 [ 7 145:150]
 52 [ 6 180:185]
 56 [ 3 199:204]
125 [ 4 220:225]
 98 [ 6 245:250]
109 [ 7 270:275]
 38 [ 5 300:305]
 -4 [ 5 316:316]

y[15839] = 1.0
Vehicle: 202  Cost: 21.82
Route: 2 85 67 119 -2 
  2 [ 5  25: 40]
 85 [ 4  49: 54]
 67 [ 0  57: 62]
119 [ 2  62: 67]
 -2 [ 2  77: 77]

FE: 3
SE: 25
!MIP-----
1901.1028510590513,5400.7322499752045,0.013349415479556126,3,25,8863,17240

Run: 3
Total Cost: 1936.93
Vehicle: 11  Cost: 54.41
Route: 1 6 -6 -1 
 1 [ 63   0:  0 [68, 12, 13, 22, 86, 60, 50, 55, 42, 43, 67, 54, 85, 64, 29, 80, 89, 90, 39, 81, 77, 70, 26, 58, 44]]
 6 [  0  27: 27 []]
-6 [ 35  27:379 [126, 114, 113, 117, 100, 119, 107, 123, 134, 129, 122, 91, 116, 133]]
-1 [ 35 406:406 [126, 114, 113, 117, 100, 119, 107, 123, 134, 129, 122, 91, 116, 133]]

Vehicle: 13  Cost: 216.61
Route: 1 5 4 7 -7 -9 -5 -8 -6 -1 
 1 [ 71   0:  0 [69, 71, 73, 32, 61, 38, 37, 24, 84, 59, 63, 76, 18, 21, 48, 53, 51, 49, 83, 79, 16, 45, 20, 82, 72, 15, 41, 46, 28, 57, 65, 40]]
 5 [ 52  47: 62 [69, 73, 61, 38, 37, 24, 59, 63, 18, 21, 48, 53, 49, 79, 16, 45, 20, 82, 41, 28, 57, 65, 40]]
 4 [ 43  81: 96 [69, 73, 61, 38, 24, 59, 63, 18, 21, 48, 53, 49, 79, 16, 45, 20, 82, 41, 65, 40]]
 7 [  0 109:109 []]
-7 [ 19 109:496 [111, 102, 131, 93, 94, 109, 118, 105]]
-9 [ 20 509:524 [106, 111, 102, 131, 93, 94, 109, 118, 105]]
-5 [ 32 537:552 [111, 102, 131, 106, 93, 94, 92, 109, 118, 99, 105, 103, 97]]
-8 [ 42 602:617 [111, 132, 102, 131, 106, 93, 94, 92, 109, 118, 104, 99, 105, 120, 103, 101, 97]]
-6 [ 54 652:667 [111, 95, 132, 102, 131, 106, 93, 94, 92, 109, 118, 104, 99, 105, 120, 103, 110, 124, 101, 128, 97, 130]]
-1 [ 54 694:694 [111, 95, 132, 102, 131, 106, 93, 94, 92, 109, 118, 104, 99, 105, 120, 103, 110, 124, 101, 128, 97, 130]]

Vehicle: 16  Cost: 171.23
Route: 1 8 -8 -7 9 2 -1 
 1 [ 55   0:  0 [52, 47, 33, 34, 31, 11, 14, 23, 56, 27, 87, 35, 62, 78, 66, 17, 88, 25, 30, 10, 74, 75, 19, 36]]
 8 [ 11  61: 61 [34, 35, 30, 36]]
-8 [ 19  61:248 [135, 96, 34, 98, 35, 125, 30, 36]]
-7 [ 32 291:306 [127, 121, 135, 96, 34, 108, 98, 115, 112, 35, 125, 30, 36]]
 9 [ 29 319:334 [34, 35, 30, 135, 96, 98, 125, 127, 121, 108, 115, 112]]
 2 [ 21 363:378 [135, 127, 121, 96, 108, 98, 115, 112, 125]]
-1 [ 21 403:403 [127, 121, 135, 96, 108, 98, 115, 112, 125]]

Vehicle: 201  Cost: 58.94
Route: 2 35 30 34 -2 
  2 [ 8 363:378]
 35 [ 4 385:390]
 30 [ 1 409:414]
 34 [ 0 429:434]
 -2 [ 0 452:452]

Vehicle: 401  Cost: 44.99
Route: 4 37 28 57 -4 
  4 [ 9  81:167]
 37 [ 5 180:185]
 28 [ 4 300:305]
 57 [ 0 307:312]
 -4 [ 0 333:333]

Vehicle: 501  Cost: 99.95
Route: 5 71 84 97 46 103 32 99 -5 
  5 [ 9  47: 62]
 71 [ 8  70: 75]
 84 [ 7  79: 84]
 97 [10 115:120]
 46 [ 6 300:305]
103 [10 321:326]
 32 [ 7 326:331]
 99 [ 9 357:362]
 -5 [ 9 367:367]

Vehicle: 502  Cost: 82.07
Route: 5 72 83 76 51 15 92 -5 
  5 [10  47:173]
 72 [ 8 180:185]
 83 [ 5 196:201]
 76 [ 4 300:305]
 51 [ 2 319:324]
 15 [ 0 337:342]
 92 [ 3 342:347]
 -5 [ 3 379:379]

Vehicle: 601  Cost: 44.68
Route: 6 67 119 58 89 -6 
  6 [ 8  27: 42]
 67 [ 4  61: 66]
119 [ 6  66: 71]
 58 [ 4  84: 89]
 89 [ 2 300:305]
 -6 [ 2 311:311]

Vehicle: 602  Cost: 127.84
Route: 6 85 117 60 107 68 123 13 116 55 91 -6 
  6 [10  27: 42]
 85 [ 9  64: 69]
117 [10  81: 86]
 60 [ 9  86: 91]
107 [10 106:111]
 68 [ 8 180:185]
123 [ 9 199:204]
 13 [ 5 300:305]
116 [ 9 321:326]
 55 [ 7 326:331]
 91 [10 340:345]
 -6 [10 364:364]

Vehicle: 603  Cost: 85.15
Route: 6 44 133 86 22 77 126 129 -6 
  6 [10  27: 42]
 44 [ 6  48: 53]
133 [ 9  72: 77]
 86 [ 7  77: 82]
 22 [ 5  90: 95]
 77 [ 3 180:185]
126 [ 7 185:190]
129 [ 8 300:305]
 -6 [ 8 336:336]

Vehicle: 604  Cost: 60.48
Route: 6 26 54 128 80 124 95 -6 
  6 [ 9  27: 42]
 26 [ 7  54: 59]
 54 [ 4  72: 77]
128 [ 6 300:305]
 80 [ 2 305:310]
124 [ 4 317:322]
 95 [ 5 420:425]
 -6 [ 5 437:437]

Vehicle: 606  Cost: 36.49
Route: 6 42 110 43 130 81 -6 
  6 [ 8  27: 42]
 42 [ 4  54: 59]
110 [ 8 420:425]
 43 [ 5 425:430]
130 [ 8 446:451]
 81 [ 7 451:456]
 -6 [ 7 459:459]

Vehicle: 607  Cost: 65.87
Route: 6 39 70 122 114 50 113 -6 
  6 [ 8  27: 42]
 39 [ 4  54: 59]
 70 [ 1  76: 81]
122 [ 5  81: 86]
114 [ 7 300:305]
 50 [ 6 311:316]
113 [10 316:321]
 -6 [10 345:345]

Vehicle: 609  Cost: 71.51
Route: 6 64 29 100 90 134 12 -6 
  6 [10  27: 42]
 64 [ 8  63: 68]
 29 [ 7  76: 81]
100 [ 8  81: 86]
 90 [ 5 300:305]
134 [ 9 305:310]
 12 [ 5 328:333]
 -6 [ 5 352:352]

Vehicle: 701  Cost: 98.63
Route: 7 109 73 20 24 93 45 111 -7 
  7 [ 9 109:124]
109 [10 141:146]
 73 [ 6 168:173]
 20 [ 3 181:186]
 24 [ 2 420:425]
 93 [ 5 441:446]
 45 [ 4 450:455]
111 [ 6 455:460]
 -7 [ 6 481:481]

Vehicle: 702  Cost: 55.91
Route: 7 16 53 48 105 21 94 -7 
  7 [10 109:174]
 16 [ 9 180:185]
 53 [ 5 206:211]
 48 [ 2 300:305]
105 [ 6 316:321]
 21 [ 4 420:425]
 94 [ 8 425:430]
 -7 [ 8 437:437]

Vehicle: 703  Cost: 44.04
Route: 7 79 127 63 40 41 108 61 -7 
  7 [10 109:124]
 79 [ 9 129:134]
127 [10 134:139]
 63 [ 8 146:151]
 40 [ 4 162:167]
 41 [ 2 175:180]
108 [ 5 180:185]
 61 [ 4 188:193]
 -7 [ 4 203:203]

Vehicle: 705  Cost: 70.35
Route: 7 18 69 121 112 49 115 -7 
  7 [ 7 109:124]
 18 [ 6 130:135]
 69 [ 3 159:164]
121 [ 6 164:169]
112 [ 8 184:189]
 49 [ 5 189:194]
115 [ 9 214:219]
 -7 [ 9 224:224]

Vehicle: 706  Cost: 47.86
Route: 7 38 65 118 102 82 131 59 -7 
  7 [ 7 109:289]
 38 [ 5 300:305]
 65 [ 2 316:321]
118 [ 3 321:326]
102 [ 5 338:343]
 82 [ 4 346:351]
131 [ 6 351:356]
 59 [ 5 420:425]
 -7 [ 5 430:430]

Vehicle: 801  Cost: 105.26
Route: 8 74 10 120 17 88 -8 
  8 [ 8  61: 76]
 74 [ 7 101:106]
 10 [ 6 127:132]
120 [ 8 300:305]
 17 [ 5 318:323]
 88 [ 2 420:425]
 -8 [ 2 459:459]

Vehicle: 802  Cost: 69.55
Route: 8 52 23 62 87 101 31 -8 
  8 [ 9  61:167]
 52 [ 8 180:185]
 23 [ 6 300:305]
 62 [ 5 311:316]
 87 [ 3 334:339]
101 [ 6 350:355]
 31 [ 3 355:360]
 -8 [ 3 368:368]

Vehicle: 803  Cost: 47.21
Route: 8 75 78 132 47 -8 
  8 [ 8  61: 76]
 75 [ 6  96:101]
 78 [ 3 420:425]
132 [ 7 438:443]
 47 [ 4 454:459]
 -8 [ 4 461:461]

Vehicle: 804  Cost: 55.73
Route: 8 19 27 104 33 11 -8 
  8 [10  61:161]
 19 [ 9 180:185]
 27 [ 6 190:195]
104 [ 7 420:425]
 33 [ 4 425:430]
 11 [ 1 440:445]
 -8 [ 1 461:461]

Vehicle: 805  Cost: 116.52
Route: 8 66 56 125 98 14 135 25 96 -8 
  8 [ 9  61: 76]
 66 [ 8  84: 89]
 56 [ 5 108:113]
125 [ 6 129:134]
 98 [ 8 154:159]
 14 [ 4 170:175]
135 [ 5 184:189]
 25 [ 4 210:215]
 96 [ 8 215:220]
 -8 [ 8 233:233]

Vehicle: 901  Cost: 5.66
Route: 9 36 106 -9 
  9 [ 3 319:334]
 36 [ 0 337:342]
106 [ 1 342:347]
 -9 [ 1 350:350]

Total Cost: 1936.93
 11:54.41, 63:75 [1, 6, -6, -1]
 13:216.61, 71:75 [1, 5, 4, 7, -7, -9, -5, -8, -6, -1]
 16:171.23, 55:75 [1, 8, -8, -7, 9, 2, -1]
201:58.94, 8:10 [2, 35, 30, 34, -2]
401:44.99, 9:10 [4, 37, 28, 57, -4]
501:99.95, 10:10 [5, 71, 84, 97, 46, 103, 32, 99, -5]
502:82.07, 10:10 [5, 72, 83, 76, 51, 15, 92, -5]
601:44.68, 8:10 [6, 67, 119, 58, 89, -6]
602:127.84, 10:10 [6, 85, 117, 60, 107, 68, 123, 13, 116, 55, 91, -6]
603:85.15, 10:10 [6, 44, 133, 86, 22, 77, 126, 129, -6]
604:60.48, 9:10 [6, 26, 54, 128, 80, 124, 95, -6]
606:36.49, 8:10 [6, 42, 110, 43, 130, 81, -6]
607:65.87, 10:10 [6, 39, 70, 122, 114, 50, 113, -6]
609:71.51, 10:10 [6, 64, 29, 100, 90, 134, 12, -6]
701:98.63, 10:10 [7, 109, 73, 20, 24, 93, 45, 111, -7]
702:55.91, 10:10 [7, 16, 53, 48, 105, 21, 94, -7]
703:44.04, 10:10 [7, 79, 127, 63, 40, 41, 108, 61, -7]
705:70.35, 9:10 [7, 18, 69, 121, 112, 49, 115, -7]
706:47.86, 7:10 [7, 38, 65, 118, 102, 82, 131, 59, -7]
801:105.26, 8:10 [8, 74, 10, 120, 17, 88, -8]
802:69.55, 9:10 [8, 52, 23, 62, 87, 101, 31, -8]
803:47.21, 8:10 [8, 75, 78, 132, 47, -8]
804:55.73, 10:10 [8, 19, 27, 104, 33, 11, -8]
805:116.52, 9:10 [8, 66, 56, 125, 98, 14, 135, 25, 96, -8]
901:5.66, 3:10 [9, 36, 106, -9]
fe: 3, se: 22

!ALNS------------
100000,1936.934875545678,806.612,745.231,3,22,0.84,0.8863636363636364,42.0,5.7272727272727275
24 21 14 6 0 3 2 0 
10.566945808729368 22.72100325944657 10.488888400727392 12.003158917375657 49.01775942145931 22.374586981312273 15.396576524467356 19.584835951741994 
15 11 9 7 7 7 7 7 
15.18850324871032 14.72884406660756 15.709191944365122 13.805647893673328 17.44562674771072 16.202286401424363 16.05247748734086 14.833283199625843 

x[1542] = 1.0
Vehicle: 16  Cost: 171.23
Route: 1 8 -8 -7 9 2 -1 
 1 [ 55   0:  0 [14, 56, 25, 75, 88, 66, 33, 23, 11, 17, 10, 62, 87, 31, 78, 52, 47, 19, 74, 35, 30, 36, 34, 27]]
 8 [ 11  61: 61 [35, 30, 36, 34]]
-8 [ 19  61:251 [135, 96, 98, 125, 35, 30, 36, 34]]
-7 [ 32 294:309 [127, 121, 135, 112, 108, 96, 98, 125, 115, 35, 30, 36, 34]]
 9 [ 29 322:337 [35, 30, 135, 96, 98, 125, 127, 121, 112, 108, 115, 34]]
 2 [ 21 366:381 [135, 96, 98, 125, 127, 121, 112, 108, 115]]
-1 [ 21 406:406 [127, 121, 135, 112, 108, 96, 98, 125, 115]]

x[3808] = 1.0
Vehicle: 11  Cost: 54.41
Route: 1 6 -6 -1 
 1 [ 63   0:  0 [90, 43, 58, 29, 50, 70, 80, 64, 81, 39, 55, 77, 67, 42, 13, 60, 12, 68, 26, 85, 86, 54, 44, 22, 89]]
 6 [  0  27: 27 []]
-6 [ 39  27:379 [134, 114, 124, 122, 116, 128, 129, 107, 100, 133, 119, 117, 91, 113, 126, 123]]
-1 [ 39 406:406 [134, 114, 124, 122, 116, 128, 129, 107, 100, 133, 119, 117, 91, 113, 126, 123]]

x[11803] = 1.0
Vehicle: 13  Cost: 216.61
Route: 1 5 4 7 -7 -9 -5 -8 -6 -1 
 1 [ 71   0:  0 [69, 71, 40, 73, 32, 61, 38, 37, 24, 84, 59, 63, 76, 18, 21, 48, 53, 51, 49, 83, 57, 79, 16, 45, 46, 28, 20, 65, 82, 72, 41, 15]]
 5 [ 52  47: 62 [69, 40, 73, 61, 38, 37, 24, 59, 63, 18, 21, 48, 53, 49, 57, 79, 16, 45, 28, 20, 65, 82, 41]]
 4 [ 43  81: 96 [69, 40, 73, 61, 38, 24, 59, 63, 18, 21, 48, 53, 49, 79, 16, 45, 20, 65, 82, 41]]
 7 [  0 109:109 []]
-7 [ 19 109:496 [111, 102, 131, 93, 94, 109, 118, 105]]
-9 [ 20 509:524 [106, 111, 102, 131, 93, 94, 109, 118, 105]]
-5 [ 32 537:552 [111, 102, 131, 106, 93, 94, 92, 109, 97, 118, 99, 105, 103]]
-8 [ 42 602:617 [111, 132, 102, 131, 106, 93, 94, 92, 109, 97, 118, 104, 99, 105, 120, 103, 101]]
-6 [ 54 652:667 [111, 95, 132, 102, 131, 106, 93, 94, 92, 109, 97, 118, 104, 99, 105, 120, 103, 110, 124, 101, 130, 128]]
-1 [ 54 694:694 [111, 95, 132, 102, 131, 106, 93, 94, 92, 109, 97, 118, 104, 99, 105, 120, 103, 110, 124, 101, 130, 128]]

y[353] = 1.0
Vehicle: 702  Cost: 55.91
Route: 7 16 53 48 105 21 94 -7 
  7 [10 109:174]
 16 [ 9 180:185]
 53 [ 5 206:211]
 48 [ 2 300:305]
105 [ 6 316:321]
 21 [ 4 420:425]
 94 [ 8 425:430]
 -7 [ 8 437:437]

y[416] = 1.0
Vehicle: 601  Cost: 44.68
Route: 6 119 67 58 89 -6 
  6 [ 8  27: 42]
119 [10  61: 66]
 67 [ 6  66: 71]
 58 [ 4  84: 89]
 89 [ 2 300:305]
 -6 [ 2 311:311]

y[624] = 1.0
Vehicle: 609  Cost: 71.51
Route: 6 64 29 100 90 134 12 -6 
  6 [10 243:258]
 64 [ 8 279:284]
 29 [ 7 292:297]
100 [ 8 297:302]
 90 [ 5 307:312]
134 [ 9 312:317]
 12 [ 5 335:340]
 -6 [ 5 359:359]

y[1451] = 1.0
Vehicle: 705  Cost: 70.35
Route: 7 18 69 121 49 112 115 -7 
  7 [ 7 119:134]
 18 [ 6 141:146]
 69 [ 3 169:174]
121 [ 6 174:179]
 49 [ 3 194:199]
112 [ 5 199:204]
115 [ 9 225:230]
 -7 [ 9 235:235]

y[2395] = 1.0
Vehicle: 401  Cost: 44.99
Route: 4 37 28 57 -4 
  4 [ 9 228:243]
 37 [ 5 257:262]
 28 [ 4 300:305]
 57 [ 0 307:312]
 -4 [ 0 333:333]

y[2520] = 1.0
Vehicle: 603  Cost: 85.15
Route: 6 44 86 133 22 126 77 129 -6 
  6 [10 125:140]
 44 [ 6 146:151]
 86 [ 4 170:175]
133 [ 7 175:180]
 22 [ 5 188:193]
126 [ 9 209:214]
 77 [ 7 214:219]
129 [ 8 300:305]
 -6 [ 8 336:336]

y[2750] = 1.0
Vehicle: 703  Cost: 44.04
Route: 7 79 127 63 40 108 41 61 -7 
  7 [10 125:140]
 79 [ 9 145:150]
127 [10 150:155]
 63 [ 8 162:167]
 40 [ 4 178:183]
108 [ 7 191:196]
 41 [ 5 196:201]
 61 [ 4 204:209]
 -7 [ 4 219:219]

y[3155] = 1.0
Vehicle: 802  Cost: 89.00
Route: 8 52 23 62 87 78 132 -8 
  8 [ 9  61:167]
 52 [ 8 180:185]
 23 [ 6 300:305]
 62 [ 5 311:316]
 87 [ 3 334:339]
 78 [ 0 420:425]
132 [ 4 438:443]
 -8 [ 4 455:455]

y[3640] = 1.0
Vehicle: 804  Cost: 55.73
Route: 8 19 27 104 33 11 -8 
  8 [10 242:257]
 19 [ 9 276:281]
 27 [ 6 286:291]
104 [ 7 420:425]
 33 [ 4 425:430]
 11 [ 1 440:445]
 -8 [ 1 461:461]

y[5000] = 1.0
Vehicle: 802  Cost: 20.30
Route: 8 101 31 47 -8 
  8 [ 6 490:505]
101 [ 9 514:519]
 31 [ 6 519:524]
 47 [ 3 534:539]
 -8 [ 3 541:541]

y[5980] = 1.0
Vehicle: 603  Cost: 36.49
Route: 6 42 43 110 130 81 -6 
  6 [ 8 130:145]
 42 [ 4 156:161]
 43 [ 1 420:425]
110 [ 5 425:430]
130 [ 8 446:451]
 81 [ 7 451:456]
 -6 [ 7 459:459]

y[6150] = 1.0
Vehicle: 501  Cost: 99.95
Route: 5 71 84 97 46 103 32 99 -5 
  5 [ 9 115:130]
 71 [ 8 138:143]
 84 [ 7 146:151]
 97 [10 183:188]
 46 [ 6 300:305]
103 [10 321:326]
 32 [ 7 326:331]
 99 [ 9 357:362]
 -5 [ 9 367:367]

y[7743] = 1.0
Vehicle: 706  Cost: 47.86
Route: 7 38 65 118 102 131 82 59 -7 
  7 [ 7 256:289]
 38 [ 5 300:305]
 65 [ 2 316:321]
118 [ 3 321:326]
102 [ 5 338:343]
131 [ 7 346:351]
 82 [ 6 351:356]
 59 [ 5 420:425]
 -7 [ 5 430:430]

y[8521] = 1.0
Vehicle: 602  Cost: 127.84
Route: 6 85 60 117 107 68 123 13 116 55 91 -6 
  6 [10  63: 78]
 85 [ 9 100:105]
 60 [ 8 117:122]
117 [ 9 122:127]
107 [10 142:147]
 68 [ 8 180:185]
123 [ 9 199:204]
 13 [ 5 300:305]
116 [ 9 321:326]
 55 [ 7 326:331]
 91 [10 340:345]
 -6 [10 364:364]

y[11359] = 1.0
Vehicle: 801  Cost: 108.00
Route: 8 66 74 10 120 17 88 -8 
  8 [ 9 167:182]
 66 [ 8 190:195]
 74 [ 7 214:219]
 10 [ 6 240:245]
120 [ 8 300:305]
 17 [ 5 318:323]
 88 [ 2 420:425]
 -8 [ 2 459:459]

y[12602] = 1.0
Vehicle: 607  Cost: 65.87
Route: 6 39 122 70 114 50 113 -6 
  6 [ 8 125:140]
 39 [ 4 152:157]
122 [ 8 174:179]
 70 [ 5 179:184]
114 [ 7 300:305]
 50 [ 6 311:316]
113 [10 316:321]
 -6 [10 345:345]

y[12621] = 1.0
Vehicle: 701  Cost: 98.63
Route: 7 109 73 20 24 93 45 111 -7 
  7 [ 9 119:134]
109 [10 151:156]
 73 [ 6 178:183]
 20 [ 3 191:196]
 24 [ 2 420:425]
 93 [ 5 441:446]
 45 [ 4 450:455]
111 [ 6 455:460]
 -7 [ 6 481:481]

y[13183] = 1.0
Vehicle: 201  Cost: 58.94
Route: 2 34 30 35 -2 
  2 [ 8 372:403]
 34 [ 7 420:425]
 30 [ 4 441:446]
 35 [ 0 464:469]
 -2 [ 0 477:477]

y[13690] = 1.0
Vehicle: 901  Cost: 5.66
Route: 9 106 36 -9 
  9 [ 3 334:349]
106 [ 4 352:357]
 36 [ 1 357:362]
 -9 [ 1 364:364]

y[13867] = 1.0
Vehicle: 805  Cost: 119.89
Route: 8 56 125 98 14 135 75 25 96 -8 
  8 [10  61: 76]
 56 [ 7 100:105]
125 [ 8 122:127]
 98 [10 147:152]
 14 [ 6 163:168]
135 [ 7 177:182]
 75 [ 5 199:204]
 25 [ 4 213:218]
 96 [ 8 218:223]
 -8 [ 8 236:236]

y[15029] = 1.0
Vehicle: 502  Cost: 82.07
Route: 5 72 83 76 51 15 92 -5 
  5 [10  84:173]
 72 [ 8 180:185]
 83 [ 5 196:201]
 76 [ 4 300:305]
 51 [ 2 319:324]
 15 [ 0 337:342]
 92 [ 3 342:347]
 -5 [ 3 379:379]

y[15101] = 1.0
Vehicle: 601  Cost: 60.48
Route: 6 26 54 128 80 124 95 -6 
  6 [ 9  27: 42]
 26 [ 7  54: 59]
 54 [ 4  72: 77]
128 [ 6 300:305]
 80 [ 2 305:310]
124 [ 4 317:322]
 95 [ 5 420:425]
 -6 [ 5 437:437]

FE: 3
SE: 22
!MIP-----
1935.5929959710536,5400.246948003769,0.017920738583798487,3,22,14050,15312

Run: 4
Total Cost: 1980.15
Vehicle: 11  Cost: 50.00
Route: 1 2 -2 -1 
 1 [ 68   0:  0 [13, 12, 85, 32, 15, 53, 29, 25, 39, 51, 77, 68, 46, 75, 48, 35, 26, 90, 54, 64, 22, 60, 70, 30, 67, 58]]
 2 [  0  25: 25 []]
-2 [ 48  25:395 [100, 91, 122, 92, 119, 106, 107, 99, 96, 134, 105, 126, 97, 117, 129, 133, 103, 123, 124]]
-1 [ 48 420:420 [100, 91, 122, 92, 119, 106, 107, 99, 96, 134, 105, 126, 97, 117, 129, 133, 103, 123, 124]]

Vehicle: 13  Cost: 135.52
Route: 1 9 4 -4 -1 
 1 [ 60   0:  0 [57, 72, 49, 18, 16, 61, 84, 83, 37, 38, 41, 14, 40, 69, 20, 28, 76, 79, 65, 36, 21, 63, 82, 71, 73, 56]]
 9 [ 53  54: 69 [57, 72, 49, 18, 16, 61, 84, 83, 37, 38, 41, 14, 40, 69, 20, 28, 76, 79, 65, 82, 71, 73, 56]]
 4 [  0  85: 85 []]
-4 [ 26  85:348 [93, 102, 112, 131, 121, 109, 115, 125, 135, 108, 127, 118, 98]]
-1 [ 26 414:414 [93, 102, 112, 131, 121, 109, 115, 125, 135, 108, 127, 118, 98]]

Vehicle: 16  Cost: 123.98
Route: 1 6 8 -8 -6 -1 
 1 [ 61   0:  0 [10, 86, 80, 34, 17, 33, 55, 62, 19, 11, 59, 45, 24, 88, 87, 43, 42, 52, 31, 44, 78, 66, 47, 23, 27, 74, 89, 50, 81]]
 6 [ 37  27: 42 [10, 17, 33, 62, 19, 11, 59, 45, 24, 88, 87, 52, 31, 78, 66, 47, 23, 27, 74]]
 8 [  0  77: 77 []]
-8 [ 16  77:554 [120, 94, 111, 132, 104, 101]]
-6 [ 36 589:604 [116, 120, 94, 110, 111, 114, 132, 104, 101, 128, 113, 130, 95]]
-1 [ 36 631:631 [116, 120, 94, 110, 111, 114, 132, 104, 101, 128, 113, 130, 95]]

Vehicle: 201  Cost: 104.52
Route: 2 68 97 46 103 32 -2 
  2 [ 9  25:142]
 68 [ 7 180:185]
 97 [10 193:198]
 46 [ 6 300:305]
103 [10 321:326]
 32 [ 7 326:331]
 -2 [ 7 364:364]

Vehicle: 202  Cost: 106.91
Route: 2 26 70 122 25 96 75 -2 
  2 [ 8  25: 40]
 26 [ 6  60: 65]
 70 [ 3  92: 97]
122 [ 7  97:102]
 25 [ 6 180:185]
 96 [10 185:190]
 75 [ 8 199:204]
 -2 [ 8 233:233]

Vehicle: 203  Cost: 58.63
Route: 2 107 123 13 30 -2 
  2 [ 7  25: 40]
107 [ 8  58: 63]
123 [ 9  73: 78]
 13 [ 5 300:305]
 30 [ 2 318:323]
 -2 [ 2 340:340]

Vehicle: 204  Cost: 21.82
Route: 2 85 67 119 -2 
  2 [ 5  25: 40]
 85 [ 4  49: 54]
 67 [ 0  57: 62]
119 [ 2  62: 67]
 -2 [ 2  77: 77]

Vehicle: 205  Cost: 70.74
Route: 2 54 53 48 105 106 -2 
  2 [10  25: 40]
 54 [ 7  55: 60]
 53 [ 3  68: 73]
 48 [ 0 300:305]
105 [ 4 316:321]
106 [ 5 329:334]
 -2 [ 5 361:361]

Vehicle: 206  Cost: 96.92
Route: 2 60 117 15 92 51 99 35 -2 
  2 [ 9  25: 40]
 60 [ 8  46: 51]
117 [ 9  51: 56]
 15 [ 7 300:305]
 92 [10 305:310]
 51 [ 8 323:328]
 99 [10 347:352]
 35 [ 6 367:372]
 -2 [ 6 380:380]

Vehicle: 207  Cost: 101.36
Route: 2 29 100 64 90 134 12 91 -2 
  2 [10  25: 40]
 29 [ 9  82: 87]
100 [10  87: 92]
 64 [ 8 100:105]
 90 [ 5 300:305]
134 [ 9 305:310]
 12 [ 5 328:333]
 91 [ 8 346:351]
 -2 [ 8 368:368]

Vehicle: 209  Cost: 126.21
Route: 2 58 39 133 22 126 77 129 124 -2 
  2 [10  25: 40]
 58 [ 8  53: 58]
 39 [ 4  75: 80]
133 [ 7  93: 98]
 22 [ 5 105:110]
126 [ 9 180:185]
 77 [ 7 185:190]
129 [ 8 300:305]
124 [10 352:357]
 -2 [10 364:364]

Vehicle: 401  Cost: 73.90
Route: 4 49 112 20 73 93 -4 
  4 [10  85:100]
 49 [ 7 124:129]
112 [ 9 129:134]
 20 [ 6 139:144]
 73 [ 2 152:157]
 93 [ 5 300:305]
 -4 [ 5 333:333]

Vehicle: 402  Cost: 47.92
Route: 4 69 121 57 28 -4 
  4 [ 8  85:100]
 69 [ 5 122:127]
121 [ 8 127:132]
 57 [ 4 300:305]
 28 [ 3 307:312]
 -4 [ 3 333:333]

Vehicle: 403  Cost: 67.62
Route: 4 40 108 41 61 16 115 18 82 131 -4 
  4 [10  85:100]
 40 [ 6 126:131]
108 [ 9 139:144]
 41 [ 7 144:149]
 61 [ 6 153:158]
 16 [ 5 180:185]
115 [ 9 195:200]
 18 [ 8 206:211]
 82 [ 7 300:305]
131 [ 9 305:310]
 -4 [ 9 313:313]

Vehicle: 404  Cost: 61.26
Route: 4 84 71 72 83 76 102 -4 
  4 [ 8  85:100]
 84 [ 7 121:126]
 71 [ 6 130:135]
 72 [ 4 180:185]
 83 [ 1 196:201]
 76 [ 0 300:305]
102 [ 2 319:324]
 -4 [ 2 327:327]

Vehicle: 405  Cost: 149.36
Route: 4 79 127 14 135 56 125 98 109 38 -4 
  4 [10  85:100]
 79 [ 9 117:122]
127 [10 122:127]
 14 [ 6 145:150]
135 [ 7 159:164]
 56 [ 4 184:189]
125 [ 5 205:210]
 98 [ 7 230:235]
109 [ 8 255:260]
 38 [ 6 300:305]
 -4 [ 6 316:316]

Vehicle: 406  Cost: 29.27
Route: 4 37 65 118 -4 
  4 [ 7  85:167]
 37 [ 3 180:185]
 65 [ 0 300:305]
118 [ 1 305:310]
 -4 [ 1 319:319]

Vehicle: 601  Cost: 12.00
Route: 6 44 -6 
  6 [ 4  27: 42]
 44 [ 0  48: 53]
 -6 [ 0  59: 59]

Vehicle: 603  Cost: 81.47
Route: 6 89 128 80 34 55 116 95 81 130 -6 
  6 [10  27:294]
 89 [ 8 300:305]
128 [10 315:320]
 80 [ 6 320:325]
 34 [ 5 420:425]
 55 [ 3 429:434]
116 [ 7 434:439]
 95 [ 8 456:461]
 81 [ 7 475:480]
130 [10 480:485]
 -6 [10 488:488]

Vehicle: 604  Cost: 59.66
Route: 6 42 86 50 113 114 43 110 -6 
  6 [10  27: 42]
 42 [ 6  54: 59]
 86 [ 4  64: 69]
 50 [ 3 300:305]
113 [ 7 305:310]
114 [ 9 316:321]
 43 [ 6 420:425]
110 [10 425:430]
 -6 [10 447:447]

Vehicle: 801  Cost: 55.73
Route: 8 19 27 104 33 11 -8 
  8 [10  77:161]
 19 [ 9 180:185]
 27 [ 6 190:195]
104 [ 7 420:425]
 33 [ 4 425:430]
 11 [ 1 440:445]
 -8 [ 1 461:461]

Vehicle: 802  Cost: 108.00
Route: 8 66 74 10 120 17 88 -8 
  8 [ 9  77: 92]
 66 [ 8 100:105]
 74 [ 7 124:129]
 10 [ 6 150:155]
120 [ 8 300:305]
 17 [ 5 318:323]
 88 [ 2 420:425]
 -8 [ 2 459:459]

Vehicle: 803  Cost: 175.39
Route: 8 52 23 62 45 111 24 59 94 78 132 -8 
  8 [10  77:167]
 52 [ 9 180:185]
 23 [ 7 300:305]
 62 [ 6 311:316]
 45 [ 5 345:350]
111 [ 7 350:355]
 24 [ 6 420:425]
 59 [ 5 461:466]
 94 [ 9 476:481]
 78 [ 6 504:509]
132 [10 522:527]
 -8 [10 539:539]

Vehicle: 804  Cost: 42.57
Route: 8 47 87 101 31 -8 
  8 [ 8  77:418]
 47 [ 5 420:425]
 87 [ 3 446:451]
101 [ 6 462:467]
 31 [ 3 467:472]
 -8 [ 3 480:480]

Vehicle: 901  Cost: 19.40
Route: 9 63 21 36 -9 
  9 [ 7  54: 69]
 63 [ 5  75: 80]
 21 [ 3 420:425]
 36 [ 0 433:438]
 -9 [ 0 441:441]

Total Cost: 1980.15
 11:50.00, 68:75 [1, 2, -2, -1]
 13:135.52, 60:75 [1, 9, 4, -4, -1]
 16:123.98, 61:75 [1, 6, 8, -8, -6, -1]
201:104.52, 10:10 [2, 68, 97, 46, 103, 32, -2]
202:106.91, 10:10 [2, 26, 70, 122, 25, 96, 75, -2]
203:58.63, 9:10 [2, 107, 123, 13, 30, -2]
204:21.82, 5:10 [2, 85, 67, 119, -2]
205:70.74, 10:10 [2, 54, 53, 48, 105, 106, -2]
206:96.92, 10:10 [2, 60, 117, 15, 92, 51, 99, 35, -2]
207:101.36, 10:10 [2, 29, 100, 64, 90, 134, 12, 91, -2]
209:126.21, 10:10 [2, 58, 39, 133, 22, 126, 77, 129, 124, -2]
401:73.90, 10:10 [4, 49, 112, 20, 73, 93, -4]
402:47.92, 8:10 [4, 69, 121, 57, 28, -4]
403:67.62, 10:10 [4, 40, 108, 41, 61, 16, 115, 18, 82, 131, -4]
404:61.26, 8:10 [4, 84, 71, 72, 83, 76, 102, -4]
405:149.36, 10:10 [4, 79, 127, 14, 135, 56, 125, 98, 109, 38, -4]
406:29.27, 7:10 [4, 37, 65, 118, -4]
601:12.00, 4:10 [6, 44, -6]
603:81.47, 10:10 [6, 89, 128, 80, 34, 55, 116, 95, 81, 130, -6]
604:59.66, 10:10 [6, 42, 86, 50, 113, 114, 43, 110, -6]
801:55.73, 10:10 [8, 19, 27, 104, 33, 11, -8]
802:108.00, 9:10 [8, 66, 74, 10, 120, 17, 88, -8]
803:175.39, 10:10 [8, 52, 23, 62, 45, 111, 24, 59, 94, 78, 132, -8]
804:42.57, 8:10 [8, 47, 87, 101, 31, -8]
901:19.40, 7:10 [9, 63, 21, 36, -9]
fe: 3, se: 22

!ALNS------------
100000,1980.1533338935242,625.627,438.428,3,22,0.84,0.8863636363636364,42.0,5.7272727272727275
22 29 18 8 0 0 6 0 
8.531028929026448 21.104052693161133 9.704771718396982 10.831817435374715 88.79239760756559 22.909619619454876 14.901884551788374 25.58623581332958 
7 23 8 9 8 8 15 5 
13.382799412551593 13.482609361398449 12.955514935697519 14.53271994097854 14.399915651331064 14.257735407470847 15.852714274484278 14.7125040063952 

x[3864] = 1.0
Vehicle: 11  Cost: 50.00
Route: 1 2 -2 -1 
 1 [ 60   0:  0 [68, 25, 90, 30, 12, 39, 46, 29, 22, 64, 70, 77, 15, 26, 58, 67, 35, 60, 51, 85, 13, 44, 32]]
 2 [  0  25: 25 []]
-2 [ 41  25:395 [91, 134, 119, 97, 92, 129, 103, 107, 126, 122, 96, 133, 100, 99, 117, 123]]
-1 [ 41 420:420 [91, 134, 119, 97, 92, 129, 103, 107, 126, 122, 96, 133, 100, 99, 117, 123]]

x[9672] = 1.0
Vehicle: 16  Cost: 201.27
Route: 1 6 8 -8 -4 -9 -6 -1 
 1 [ 56   0:  0 [17, 31, 11, 19, 42, 43, 86, 87, 55, 52, 88, 89, 80, 78, 66, 27, 33, 50, 23, 10, 75, 34, 47, 81, 74, 62]]
 6 [ 36  27: 42 [17, 31, 11, 19, 87, 52, 88, 78, 66, 27, 33, 23, 10, 75, 47, 74, 62]]
 8 [  0  77: 77 []]
-8 [ 10  77:476 [104, 132, 101, 120]]
-4 [ 17 530:545 [93, 104, 132, 102, 101, 111, 120]]
-9 [ 26 561:576 [104, 93, 94, 105, 132, 106, 102, 101, 111, 120]]
-6 [ 48 618:633 [130, 104, 93, 94, 105, 110, 114, 124, 132, 106, 95, 113, 102, 101, 128, 111, 120, 116]]
-1 [ 48 660:660 [130, 104, 93, 94, 105, 110, 114, 124, 132, 106, 95, 113, 102, 101, 128, 111, 120, 116]]

x[10412] = 1.0
Vehicle: 13  Cost: 135.52
Route: 1 9 4 -4 -1 
 1 [ 73   0:  0 [20, 65, 28, 82, 16, 63, 38, 61, 72, 45, 49, 71, 18, 24, 69, 41, 40, 83, 79, 76, 57, 21, 56, 37, 73, 36, 59, 84, 53, 48, 54, 14]]
 9 [ 56  54: 69 [20, 65, 28, 82, 16, 38, 61, 72, 45, 49, 71, 18, 24, 69, 41, 40, 83, 79, 76, 57, 56, 37, 73, 59, 84, 14]]
 4 [  0  85: 85 []]
-4 [ 28  85:351 [111, 131, 102, 115, 127, 98, 125, 108, 109, 93, 118, 121, 135, 112]]
-1 [ 28 417:417 [111, 131, 102, 115, 127, 98, 125, 108, 109, 93, 118, 121, 135, 112]]

y[453] = 1.0
Vehicle: 601  Cost: 6.32
Route: 6 81 130 -6 
  6 [ 1 422:437]
 81 [ 0 440:445]
130 [ 3 445:450]
 -6 [ 3 453:453]

y[1257] = 1.0
Vehicle: 605  Cost: 76.38
Route: 6 89 80 128 124 34 55 116 95 -6 
  6 [ 9  27:294]
 89 [ 7 300:305]
 80 [ 3 315:320]
128 [ 5 320:325]
124 [ 7 332:337]
 34 [ 6 420:425]
 55 [ 4 429:434]
116 [ 8 434:439]
 95 [ 9 456:461]
 -6 [ 9 473:473]

y[1392] = 1.0
Vehicle: 803  Cost: 47.21
Route: 8 75 78 132 47 -8 
  8 [ 8 130:145]
 75 [ 6 165:170]
 78 [ 3 420:425]
132 [ 7 438:443]
 47 [ 4 454:459]
 -8 [ 4 461:461]

y[1680] = 1.0
Vehicle: 206  Cost: 96.92
Route: 2 117 60 15 92 51 99 35 -2 
  2 [ 9 173:188]
117 [10 194:199]
 60 [ 9 199:204]
 15 [ 7 300:305]
 92 [10 305:310]
 51 [ 8 323:328]
 99 [10 347:352]
 35 [ 6 367:372]
 -2 [ 6 380:380]

y[3994] = 1.0
Vehicle: 801  Cost: 55.73
Route: 8 19 27 104 33 11 -8 
  8 [10 211:226]
 19 [ 9 244:249]
 27 [ 6 254:259]
104 [ 7 420:425]
 33 [ 4 425:430]
 11 [ 1 440:445]
 -8 [ 1 461:461]

y[6993] = 1.0
Vehicle: 401  Cost: 42.87
Route: 4 37 28 65 -4 
  4 [ 8  85:167]
 37 [ 4 180:185]
 28 [ 3 300:305]
 65 [ 0 317:322]
 -4 [ 0 331:331]

y[7102] = 1.0
Vehicle: 901  Cost: 19.40
Route: 9 63 94 21 106 36 -9 
  9 [ 7  54: 69]
 63 [ 5  75: 80]
 94 [ 9 420:425]
 21 [ 7 425:430]
106 [ 8 438:443]
 36 [ 5 443:448]
 -9 [ 5 451:451]

y[7688] = 1.0
Vehicle: 404  Cost: 57.99
Route: 4 84 71 72 83 76 -4 
  4 [ 8 125:140]
 84 [ 7 161:166]
 71 [ 6 170:175]
 72 [ 4 180:185]
 83 [ 1 196:201]
 76 [ 0 300:305]
 -4 [ 0 318:318]

y[8545] = 1.0
Vehicle: 902  Cost: 44.76
Route: 9 54 53 48 105 -9 
  9 [10  69: 84]
 54 [ 7 102:107]
 53 [ 3 115:120]
 48 [ 0 300:305]
105 [ 4 316:321]
 -9 [ 4 327:327]

y[9941] = 1.0
Vehicle: 204  Cost: 21.82
Route: 2 85 119 67 -2 
  2 [ 5 181:196]
 85 [ 4 205:210]
119 [ 6 214:219]
 67 [ 2 219:224]
 -2 [ 2 233:233]

y[10731] = 1.0
Vehicle: 802  Cost: 108.00
Route: 8 66 74 10 120 17 88 -8 
  8 [ 9 211:226]
 66 [ 8 234:239]
 74 [ 7 258:263]
 10 [ 6 284:289]
120 [ 8 300:305]
 17 [ 5 318:323]
 88 [ 2 420:425]
 -8 [ 2 459:459]

y[11668] = 1.0
Vehicle: 405  Cost: 149.36
Route: 4 79 127 14 135 56 125 98 109 38 -4 
  4 [10 100:115]
 79 [ 9 132:137]
127 [10 137:142]
 14 [ 6 160:165]
135 [ 7 174:179]
 56 [ 4 199:204]
125 [ 5 220:225]
 98 [ 7 245:250]
109 [ 8 271:276]
 38 [ 6 300:305]
 -4 [ 6 316:316]

y[12331] = 1.0
Vehicle: 403  Cost: 67.62
Route: 4 40 41 108 61 16 115 18 131 82 -4 
  4 [10 110:125]
 40 [ 6 151:156]
 41 [ 4 164:169]
108 [ 7 169:174]
 61 [ 6 178:183]
 16 [ 5 187:192]
115 [ 9 202:207]
 18 [ 8 213:218]
131 [10 300:305]
 82 [ 9 305:310]
 -4 [ 9 313:313]

y[12622] = 1.0
Vehicle: 209  Cost: 129.03
Route: 2 58 44 133 22 126 77 129 -2 
  2 [10  25: 40]
 58 [ 8  53: 58]
 44 [ 4  72: 77]
133 [ 7  96:101]
 22 [ 5 109:114]
126 [ 9 180:185]
 77 [ 7 185:190]
129 [ 8 300:305]
 -2 [ 8 359:359]

y[12642] = 1.0
Vehicle: 207  Cost: 101.36
Route: 2 29 100 64 90 134 12 91 -2 
  2 [10  65: 80]
 29 [ 9 122:127]
100 [10 127:132]
 64 [ 8 140:145]
 90 [ 5 300:305]
134 [ 9 305:310]
 12 [ 5 328:333]
 91 [ 8 346:351]
 -2 [ 8 368:368]

y[13165] = 1.0
Vehicle: 804  Cost: 69.55
Route: 8 52 23 62 87 101 31 -8 
  8 [ 9  77:167]
 52 [ 8 180:185]
 23 [ 6 300:305]
 62 [ 5 311:316]
 87 [ 3 334:339]
101 [ 6 350:355]
 31 [ 3 355:360]
 -8 [ 3 368:368]

y[13695] = 1.0
Vehicle: 201  Cost: 104.52
Route: 2 68 97 46 32 103 -2 
  2 [ 9 161:176]
 68 [ 7 215:220]
 97 [10 228:233]
 46 [ 6 300:305]
 32 [ 3 321:326]
103 [ 7 326:331]
 -2 [ 7 364:364]

y[14491] = 1.0
Vehicle: 203  Cost: 58.63
Route: 2 107 123 13 30 -2 
  2 [ 7  91:106]
107 [ 8 125:130]
123 [ 9 139:144]
 13 [ 5 300:305]
 30 [ 2 318:323]
 -2 [ 2 340:340]

y[14798] = 1.0
Vehicle: 404  Cost: 101.04
Route: 4 20 73 24 93 111 45 59 102 -4 
  4 [10  85:100]
 20 [ 7 129:134]
 73 [ 3 142:147]
 24 [ 2 420:425]
 93 [ 5 441:446]
111 [ 7 450:455]
 45 [ 6 455:460]
 59 [ 5 480:485]
102 [ 7 494:499]
 -4 [ 7 502:502]

y[14958] = 1.0
Vehicle: 604  Cost: 59.66
Route: 6 42 86 50 113 114 43 110 -6 
  6 [10 111:126]
 42 [ 6 137:142]
 86 [ 4 148:153]
 50 [ 3 300:305]
113 [ 7 305:310]
114 [ 9 316:321]
 43 [ 6 420:425]
110 [10 425:430]
 -6 [10 447:447]

y[15359] = 1.0
Vehicle: 204  Cost: 102.06
Route: 2 26 39 70 122 96 25 -2 
  2 [10  25: 40]
 26 [ 8  60: 65]
 39 [ 4  75: 80]
 70 [ 1  97:102]
122 [ 5 102:107]
 96 [ 9 180:185]
 25 [ 8 185:190]
 -2 [ 8 223:223]

y[15915] = 1.0
Vehicle: 402  Cost: 63.37
Route: 4 49 112 69 121 57 118 -4 
  4 [10  85:100]
 49 [ 7 124:129]
112 [ 9 129:134]
 69 [ 6 149:154]
121 [ 9 154:159]
 57 [ 5 300:305]
118 [ 6 317:322]
 -4 [ 6 331:331]

FE: 3
SE: 22
!MIP-----
1970.3924785977329,5400.329252004623,0.034343446045982245,3,22,10461,16017

Run: 5
Total Cost: 1991.14
Vehicle: 11  Cost: 50.00
Route: 1 2 -2 -1 
 1 [ 52   0:  0 [43, 33, 60, 32, 67, 35, 13, 11, 61, 63, 85, 55, 40, 54, 30, 46, 79, 68, 41, 81, 34]]
 2 [  0  25: 25 []]
-2 [ 19  25:555 [119, 110, 124, 104, 114, 116, 91, 95]]
-1 [ 19 580:580 [119, 110, 124, 104, 114, 116, 91, 95]]

Vehicle: 12  Cost: 75.29
Route: 1 6 -6 -2 -1 
 1 [ 42   0:  0 [80, 89, 44, 39, 42, 77, 50, 12, 90, 86, 64, 22, 26, 70, 29, 58]]
 6 [  0  27: 27 []]
-6 [ 26  27:352 [113, 128, 100, 133, 134, 126, 129, 122, 130]]
-2 [ 44 376:391 [127, 107, 97, 117, 123, 113, 128, 103, 100, 133, 134, 126, 108, 129, 105, 122, 130]]
-1 [ 44 416:416 [127, 107, 97, 117, 123, 113, 128, 103, 100, 133, 134, 126, 108, 129, 105, 122, 130]]

Vehicle: 16  Cost: 122.54
Route: 1 8 -8 -1 
 1 [ 49   0:  0 [87, 66, 19, 23, 52, 48, 62, 47, 16, 14, 25, 31, 88, 49, 74, 53, 17, 56, 27, 75, 10, 78]]
 8 [  0  61: 61 []]
-8 [ 24  61:358 [135, 112, 115, 132, 120, 101, 98, 109, 125, 96]]
-1 [ 24 419:419 [135, 112, 115, 132, 120, 101, 98, 109, 125, 96]]

Vehicle: 17  Cost: 131.86
Route: 1 5 4 -4 -5 -1 
 1 [ 46   0:  0 [71, 59, 21, 82, 57, 18, 69, 65, 28, 84, 76, 73, 83, 38, 72, 24, 37, 20, 45, 36, 15, 51]]
 5 [ 37  47: 62 [59, 21, 82, 57, 18, 69, 65, 28, 73, 83, 38, 24, 37, 20, 45, 36]]
 4 [  0  81: 81 []]
-4 [ 18  81:513 [102, 111, 94, 121, 131, 118, 106, 93]]
-5 [ 23 532:547 [92, 102, 111, 94, 121, 131, 118, 106, 93, 99]]
-1 [ 23 594:594 [102, 92, 111, 94, 121, 131, 118, 106, 93, 99]]

Vehicle: 201  Cost: 49.92
Route: 2 85 119 67 91 55 116 34 -2 
  2 [ 8  25: 40]
 85 [ 7  49: 54]
119 [ 9  57: 62]
 67 [ 5  62: 67]
 91 [ 8 300:305]
 55 [ 6 314:319]
116 [10 319:324]
 34 [ 9 420:425]
 -2 [ 9 442:442]

Vehicle: 202  Cost: 90.07
Route: 2 63 79 127 61 41 108 40 105 -2 
  2 [10  25: 40]
 63 [ 8  74: 79]
 79 [ 7  86: 91]
127 [ 8  91: 96]
 61 [ 7 101:106]
 41 [ 5 110:115]
108 [ 8 115:120]
 40 [ 4 128:133]
105 [ 8 300:305]
 -2 [ 8 332:332]

Vehicle: 203  Cost: 104.52
Route: 2 68 97 46 32 103 -2 
  2 [ 9  25:142]
 68 [ 7 180:185]
 97 [10 193:198]
 46 [ 6 300:305]
 32 [ 3 321:326]
103 [ 7 326:331]
 -2 [ 7 364:364]

Vehicle: 204  Cost: 151.77
Route: 2 11 104 33 114 43 110 81 95 124 -2 
  2 [10  25:239]
 11 [ 7 300:305]
104 [ 8 420:425]
 33 [ 5 425:430]
114 [ 7 454:459]
 43 [ 4 471:476]
110 [ 8 476:481]
 81 [ 7 497:502]
 95 [ 8 516:521]
124 [10 528:533]
 -2 [10 540:540]

Vehicle: 205  Cost: 60.61
Route: 2 60 117 107 123 13 30 -2 
  2 [ 8  25: 40]
 60 [ 7  46: 51]
117 [ 8  51: 56]
107 [ 9  70: 75]
123 [10  85: 90]
 13 [ 6 300:305]
 30 [ 3 318:323]
 -2 [ 3 340:340]

Vehicle: 206  Cost: 34.25
Route: 2 54 35 -2 
  2 [ 7  25: 40]
 54 [ 4  55: 60]
 35 [ 0 300:305]
 -2 [ 0 313:313]

Vehicle: 401  Cost: 35.81
Route: 4 83 37 65 118 -4 
  4 [10  81:172]
 83 [ 7 180:185]
 37 [ 3 196:201]
 65 [ 0 300:305]
118 [ 1 305:310]
 -4 [ 1 319:319]

Vehicle: 402  Cost: 96.93
Route: 4 20 73 24 93 45 111 131 82 -4 
  4 [10  81: 96]
 20 [ 7 125:130]
 73 [ 3 138:143]
 24 [ 2 420:425]
 93 [ 5 441:446]
 45 [ 4 450:455]
111 [ 6 455:460]
131 [ 8 485:490]
 82 [ 7 490:495]
 -4 [ 7 498:498]

Vehicle: 403  Cost: 47.92
Route: 4 69 121 57 28 -4 
  4 [ 8  81: 96]
 69 [ 5 118:123]
121 [ 8 123:128]
 57 [ 4 300:305]
 28 [ 3 307:312]
 -4 [ 3 333:333]

Vehicle: 404  Cost: 55.21
Route: 4 18 38 59 94 21 36 106 102 -4 
  4 [ 9  81: 96]
 18 [ 8 105:110]
 38 [ 6 300:305]
 59 [ 5 420:425]
 94 [ 9 435:440]
 21 [ 7 440:445]
 36 [ 4 453:458]
106 [ 5 458:463]
102 [ 7 476:481]
 -4 [ 7 484:484]

Vehicle: 501  Cost: 88.63
Route: 5 71 84 72 76 51 15 92 99 -5 
  5 [ 9  47: 62]
 71 [ 8  70: 75]
 84 [ 7  79: 84]
 72 [ 5 180:185]
 76 [ 4 300:305]
 51 [ 2 319:324]
 15 [ 0 337:342]
 92 [ 3 342:347]
 99 [ 5 374:379]
 -5 [ 5 384:384]

Vehicle: 601  Cost: 76.78
Route: 6 42 86 133 22 77 126 129 -6 
  6 [10  27: 42]
 42 [ 6  54: 59]
 86 [ 4  64: 69]
133 [ 7  69: 74]
 22 [ 5  81: 86]
 77 [ 3 180:185]
126 [ 7 185:190]
129 [ 8 300:305]
 -6 [ 8 336:336]

Vehicle: 602  Cost: 58.48
Route: 6 64 29 100 90 134 -6 
  6 [ 6  27: 42]
 64 [ 4  63: 68]
 29 [ 3  76: 81]
100 [ 4  81: 86]
 90 [ 1 300:305]
134 [ 5 305:310]
 -6 [ 5 334:334]

Vehicle: 603  Cost: 60.32
Route: 6 39 70 122 50 113 -6 
  6 [ 8  27: 42]
 39 [ 4  54: 59]
 70 [ 1  76: 81]
122 [ 5  81: 86]
 50 [ 4 300:305]
113 [ 8 305:310]
 -6 [ 8 333:333]

Vehicle: 604  Cost: 43.55
Route: 6 26 58 128 80 89 130 -6 
  6 [10  27: 42]
 26 [ 8  54: 59]
 58 [ 6  68: 73]
128 [ 8 300:305]
 80 [ 4 305:310]
 89 [ 2 320:325]
130 [ 5 329:334]
 -6 [ 5 337:337]

Vehicle: 605  Cost: 38.58
Route: 6 44 12 -6 
  6 [ 8  27: 42]
 44 [ 4  48: 53]
 12 [ 0 300:305]
 -6 [ 0 324:324]

Vehicle: 801  Cost: 99.00
Route: 8 19 27 74 10 120 -8 
  8 [ 6  61:161]
 19 [ 5 180:185]
 27 [ 2 190:195]
 74 [ 1 207:212]
 10 [ 0 233:238]
120 [ 2 300:305]
 -8 [ 2 342:342]

Vehicle: 802  Cost: 143.89
Route: 8 75 16 115 49 112 109 62 23 -8 
  8 [ 9  61: 76]
 75 [ 7  96:101]
 16 [ 6 180:185]
115 [10 195:200]
 49 [ 7 221:226]
112 [ 9 226:231]
109 [10 252:257]
 62 [ 9 300:305]
 23 [ 7 311:316]
 -8 [ 7 343:343]

Vehicle: 803  Cost: 52.89
Route: 8 53 48 78 -8 
  8 [10  61: 76]
 53 [ 6 102:107]
 48 [ 3 300:305]
 78 [ 0 420:425]
 -8 [ 0 444:444]

Vehicle: 804  Cost: 104.77
Route: 8 52 56 125 98 14 135 87 101 -8 
  8 [10  61:167]
 52 [ 9 180:185]
 56 [ 6 199:204]
125 [ 7 220:225]
 98 [ 9 245:250]
 14 [ 5 261:266]
135 [ 6 275:280]
 87 [ 4 300:305]
101 [ 7 316:321]
 -8 [ 7 329:329]

Vehicle: 805  Cost: 84.12
Route: 8 66 17 88 31 -8 
  8 [10  61: 76]
 66 [ 9  84: 89]
 17 [ 6 300:305]
 88 [ 3 420:425]
 31 [ 0 456:461]
 -8 [ 0 469:469]

Vehicle: 806  Cost: 4.47
Route: 8 47 -8 
  8 [ 3  61:418]
 47 [ 0 420:425]
 -8 [ 0 427:427]

Vehicle: 807  Cost: 28.94
Route: 8 96 25 132 -8 
  8 [ 1  61:167]
 96 [ 5 180:185]
 25 [ 4 185:190]
132 [ 8 300:305]
 -8 [ 8 317:317]

Total Cost: 1991.14
 11:50.00, 52:75 [1, 2, -2, -1]
 12:75.29, 44:75 [1, 6, -6, -2, -1]
 16:122.54, 49:75 [1, 8, -8, -1]
 17:131.86, 46:75 [1, 5, 4, -4, -5, -1]
201:49.92, 10:10 [2, 85, 119, 67, 91, 55, 116, 34, -2]
202:90.07, 10:10 [2, 63, 79, 127, 61, 41, 108, 40, 105, -2]
203:104.52, 10:10 [2, 68, 97, 46, 32, 103, -2]
204:151.77, 10:10 [2, 11, 104, 33, 114, 43, 110, 81, 95, 124, -2]
205:60.61, 10:10 [2, 60, 117, 107, 123, 13, 30, -2]
206:34.25, 7:10 [2, 54, 35, -2]
401:35.81, 10:10 [4, 83, 37, 65, 118, -4]
402:96.93, 10:10 [4, 20, 73, 24, 93, 45, 111, 131, 82, -4]
403:47.92, 8:10 [4, 69, 121, 57, 28, -4]
404:55.21, 9:10 [4, 18, 38, 59, 94, 21, 36, 106, 102, -4]
501:88.63, 9:10 [5, 71, 84, 72, 76, 51, 15, 92, 99, -5]
601:76.78, 10:10 [6, 42, 86, 133, 22, 77, 126, 129, -6]
602:58.48, 6:10 [6, 64, 29, 100, 90, 134, -6]
603:60.32, 8:10 [6, 39, 70, 122, 50, 113, -6]
604:43.55, 10:10 [6, 26, 58, 128, 80, 89, 130, -6]
605:38.58, 8:10 [6, 44, 12, -6]
801:99.00, 6:10 [8, 19, 27, 74, 10, 120, -8]
802:143.89, 10:10 [8, 75, 16, 115, 49, 112, 109, 62, 23, -8]
803:52.89, 10:10 [8, 53, 48, 78, -8]
804:104.77, 10:10 [8, 52, 56, 125, 98, 14, 135, 87, 101, -8]
805:84.12, 10:10 [8, 66, 17, 88, 31, -8]
806:4.47, 3:10 [8, 47, -8]
807:28.94, 8:10 [8, 96, 25, 132, -8]
fe: 4, se: 23

!ALNS------------
100000,1991.143615331118,764.059,358.967,4,23,0.6366666666666667,0.8782608695652174,31.5,5.478260869565218
11 16 22 9 0 1 5 0 
9.122672067842258 20.96793674783521 9.372621798111895 11.20255193080248 43.36330045566077 22.471110433213045 14.294181340969036 35.031419602150805 
10 8 6 8 6 9 9 8 
15.082885819439811 13.346309572875692 15.228402089828982 14.006720291539095 15.635305051519376 14.067656499169695 13.605646415721507 15.627000457736898 

x[5236] = 1.0
Vehicle: 11  Cost: 183.45
Route: 1 8 -8 -9 -5 -6 -1 
 1 [ 68   0:  0 [61, 62, 40, 33, 23, 16, 41, 10, 11, 79, 19, 63, 66, 56, 75, 48, 53, 27, 87, 52, 74, 25, 78, 31, 47, 17, 14, 49, 88, 54]]
 8 [  0  61: 61 []]
-8 [ 10  61:481 [104, 132, 101, 120]]
-9 [ 14 522:537 [105, 104, 132, 101, 120]]
-5 [ 26 549:564 [97, 104, 105, 132, 99, 101, 120, 92, 103]]
-6 [ 33 606:621 [97, 104, 105, 132, 99, 101, 120, 92, 130, 103, 110]]
-1 [ 33 649:649 [97, 104, 105, 132, 99, 101, 120, 92, 130, 103, 110]]

x[5369] = 1.0
Vehicle: 17  Cost: 132.11
Route: 1 5 4 -4 -2 -1 
 1 [ 55   0:  0 [15, 28, 51, 57, 37, 83, 32, 69, 76, 20, 38, 24, 45, 84, 21, 82, 71, 65, 68, 46, 18, 73, 72, 59, 36]]
 5 [ 37  47: 62 [28, 57, 37, 83, 69, 20, 38, 24, 45, 21, 82, 65, 18, 73, 59, 36]]
 4 [  0  81: 81 []]
-4 [ 18  81:513 [93, 118, 106, 111, 131, 121, 94, 102]]
-2 [ 30 554:569 [124, 93, 118, 106, 111, 116, 91, 95, 131, 121, 94, 128, 102]]
-1 [ 30 594:594 [93, 118, 106, 111, 124, 116, 91, 95, 131, 121, 94, 128, 102]]

x[6830] = 1.0
Vehicle: 12  Cost: 54.41
Route: 1 6 -6 -1 
 1 [ 40   0:  0 [50, 39, 90, 77, 29, 42, 22, 86, 81, 26, 64, 12, 44, 89, 43, 70]]
 6 [  0  27: 27 []]
-6 [ 23  27:367 [134, 133, 122, 114, 129, 126, 100, 113]]
-1 [ 23 394:394 [134, 133, 122, 114, 129, 126, 100, 113]]

x[7468] = 1.0
Vehicle: 16  Cost: 132.28
Route: 1 2 -2 -8 -1 
 1 [ 26   0:  0 [13, 55, 30, 67, 58, 60, 85, 35, 34, 80]]
 2 [  0  25: 25 []]
-2 [  5  25:154 [123, 117, 107, 119]]
-8 [ 24 200:358 [96, 135, 109, 125, 127, 98, 123, 117, 112, 115, 107, 108, 119]]
-1 [ 24 419:419 [96, 135, 109, 125, 127, 98, 123, 117, 112, 115, 107, 108, 119]]

y[771] = 1.0
Vehicle: 804  Cost: 104.76
Route: 8 52 56 125 98 14 135 87 -8 
  8 [10  86:167]
 52 [ 9 180:185]
 56 [ 6 199:204]
125 [ 7 220:225]
 98 [ 9 245:250]
 14 [ 5 261:266]
135 [ 6 275:280]
 87 [ 4 300:305]
 -8 [ 4 324:324]

y[1044] = 1.0
Vehicle: 402  Cost: 96.93
Route: 4 20 73 24 93 111 45 82 131 -4 
  4 [10  85:100]
 20 [ 7 129:134]
 73 [ 3 142:147]
 24 [ 2 420:425]
 93 [ 5 441:446]
111 [ 7 450:455]
 45 [ 6 455:460]
 82 [ 5 485:490]
131 [ 7 490:495]
 -4 [ 7 498:498]

y[1419] = 1.0
Vehicle: 805  Cost: 108.00
Route: 8 66 74 10 120 17 88 -8 
  8 [ 9  86:101]
 66 [ 8 109:114]
 74 [ 7 133:138]
 10 [ 6 159:164]
120 [ 8 300:305]
 17 [ 5 318:323]
 88 [ 2 420:425]
 -8 [ 2 459:459]

y[2640] = 1.0
Vehicle: 403  Cost: 47.92
Route: 4 69 121 57 28 -4 
  4 [ 8 114:129]
 69 [ 5 151:156]
121 [ 8 156:161]
 57 [ 4 300:305]
 28 [ 3 307:312]
 -4 [ 3 333:333]

y[3073] = 1.0
Vehicle: 206  Cost: 40.15
Route: 2 58 80 128 35 -2 
  2 [10  65: 80]
 58 [ 8  93: 98]
 80 [ 4 300:305]
128 [ 6 305:310]
 35 [ 2 324:329]
 -2 [ 2 337:337]

y[3524] = 1.0
Vehicle: 607  Cost: 71.51
Route: 6 64 100 29 90 134 12 -6 
  6 [10 217:232]
 64 [ 8 254:259]
100 [ 9 267:272]
 29 [ 8 272:277]
 90 [ 5 300:305]
134 [ 9 305:310]
 12 [ 5 328:333]
 -6 [ 5 352:352]

y[4605] = 1.0
Vehicle: 806  Cost: 47.80
Route: 8 25 78 101 31 47 -8 
  8 [10 195:210]
 25 [ 9 223:228]
 78 [ 6 420:425]
101 [ 9 439:444]
 31 [ 6 444:449]
 47 [ 3 459:464]
 -8 [ 3 466:466]

y[4857] = 1.0
Vehicle: 801  Cost: 55.73
Route: 8 19 27 33 104 11 -8 
  8 [10  86:161]
 19 [ 9 180:185]
 27 [ 6 190:195]
 33 [ 3 420:425]
104 [ 4 425:430]
 11 [ 1 440:445]
 -8 [ 1 461:461]

y[4868] = 1.0
Vehicle: 807  Cost: 87.46
Route: 8 79 127 61 41 108 40 75 96 -8 
  8 [10  86:101]
 79 [ 9 139:144]
127 [10 144:149]
 61 [ 9 154:159]
 41 [ 7 163:168]
108 [10 168:173]
 40 [ 6 181:186]
 75 [ 4 196:201]
 96 [ 8 211:216]
 -8 [ 8 228:228]

y[5605] = 1.0
Vehicle: 603  Cost: 75.87
Route: 6 26 39 70 122 114 50 113 -6 
  6 [10  27: 42]
 26 [ 8  54: 59]
 39 [ 4  69: 74]
 70 [ 1  91: 96]
122 [ 5  96:101]
114 [ 7 300:305]
 50 [ 6 311:316]
113 [10 316:321]
 -6 [10 345:345]

y[7887] = 1.0
Vehicle: 402  Cost: 35.81
Route: 4 83 37 65 118 -4 
  4 [10 114:172]
 83 [ 7 180:185]
 37 [ 3 196:201]
 65 [ 0 300:305]
118 [ 1 305:310]
 -4 [ 1 319:319]

y[7934] = 1.0
Vehicle: 404  Cost: 55.21
Route: 4 18 38 59 21 94 36 106 102 -4 
  4 [ 9  97:112]
 18 [ 8 121:126]
 38 [ 6 300:305]
 59 [ 5 420:425]
 21 [ 3 435:440]
 94 [ 7 440:445]
 36 [ 4 453:458]
106 [ 5 458:463]
102 [ 7 476:481]
 -4 [ 7 484:484]

y[9182] = 1.0
Vehicle: 803  Cost: 71.51
Route: 8 54 53 48 132 -8 
  8 [10  86:101]
 54 [ 7 134:139]
 53 [ 3 147:152]
 48 [ 0 300:305]
132 [ 4 323:328]
 -8 [ 4 340:340]

y[9968] = 1.0
Vehicle: 210  Cost: 78.49
Route: 2 30 13 34 116 55 91 95 124 -2 
  2 [10  25:283]
 30 [ 7 300:305]
 13 [ 3 318:323]
 34 [ 2 420:425]
116 [ 6 429:434]
 55 [ 4 434:439]
 91 [ 7 448:453]
 95 [ 8 462:467]
124 [10 474:479]
 -2 [10 487:487]

y[10654] = 1.0
Vehicle: 601  Cost: 76.78
Route: 6 42 86 133 22 126 77 129 -6 
  6 [10 179:194]
 42 [ 6 206:211]
 86 [ 4 216:221]
133 [ 7 221:226]
 22 [ 5 234:239]
126 [ 9 255:260]
 77 [ 7 260:265]
129 [ 8 300:305]
 -6 [ 8 336:336]

y[10884] = 1.0
Vehicle: 503  Cost: 115.47
Route: 5 84 68 97 46 32 103 99 -5 
  5 [10  47: 62]
 84 [ 9  73: 78]
 68 [ 7 180:185]
 97 [10 193:198]
 46 [ 6 300:305]
 32 [ 3 321:326]
103 [ 7 326:331]
 99 [ 9 357:362]
 -5 [ 9 367:367]

y[11209] = 1.0
Vehicle: 501  Cost: 81.24
Route: 5 71 72 76 51 15 92 -5 
  5 [ 8  47: 62]
 71 [ 7  70: 75]
 72 [ 5 180:185]
 76 [ 4 300:305]
 51 [ 2 319:324]
 15 [ 0 337:342]
 92 [ 3 342:347]
 -5 [ 3 379:379]

y[11260] = 1.0
Vehicle: 202  Cost: 63.87
Route: 2 60 117 107 123 85 67 119 -2 
  2 [ 6  25: 40]
 60 [ 5  46: 51]
117 [ 6  51: 56]
107 [ 7  70: 75]
123 [ 8  85: 90]
 85 [ 7 111:116]
 67 [ 3 119:124]
119 [ 5 124:129]
 -2 [ 5 139:139]

y[12328] = 1.0
Vehicle: 904  Cost: 12.17
Route: 9 105 -9 
  9 [ 0   0:294]
105 [ 4 300:305]
 -9 [ 4 311:311]

y[14574] = 1.0
Vehicle: 802  Cost: 144.00
Route: 8 63 16 115 49 112 109 62 23 -8 
  8 [ 9  93:108]
 63 [ 7 146:151]
 16 [ 6 180:185]
115 [10 195:200]
 49 [ 7 221:226]
112 [ 9 226:231]
109 [10 252:257]
 62 [ 9 300:305]
 23 [ 7 311:316]
 -8 [ 7 343:343]

y[16039] = 1.0
Vehicle: 606  Cost: 54.86
Route: 6 44 89 81 130 43 110 -6 
  6 [10  27: 42]
 44 [ 6  48: 53]
 89 [ 4 300:305]
 81 [ 3 309:314]
130 [ 6 314:319]
 43 [ 3 420:425]
110 [ 7 425:430]
 -6 [ 7 447:447]

FE: 4
SE: 21
!MIP-----
2027.8087109228263,5400.65442609787,0.05912194396861891,4,21,10137,16075

