--Parameters Information--
speed=1
run=5
iteration= 100000
batch=100
restartPeriod=10000
largeRemovalOccurrence=500
initialLNS=250
lowerBoundSmallRemoval=4
smallRemoval=0.2
lowerBoundLargeRemoval=0.55
largeRemoval=0.8
initialWeight=1.0
decayRate=0.1
gamma1=9.0
gamma2=5.0
gamma3=2.0
gamma4=0.0
coolingRate=0.9995
temperatureControlParameter=0.05
initialAcceptanceProbability=0.5
perturbation=0.5
perturbationFactor=0.01
split=20000

Setup: Split
Data: C_100_2_TD

Run: 1
Total Cost: 2066.08
Vehicle: 12  Cost: 89.55
Route: 1 3 -3 -1 
 1 [ 43   0:  0 [69, 33, 40, 52, 25, 75, 26, 82, 80, 17, 49, 31, 16, 27, 44, 68, 81, 10, 55, 65, 42, 58]]
 3 [  0  45: 45 []]
-3 [ 37  45:546 [112, 105, 108, 126, 131, 116, 104, 102, 133, 128, 92, 120, 114, 111]]
-1 [ 37 591:591 [112, 105, 108, 126, 131, 116, 104, 102, 133, 128, 92, 120, 114, 111]]

Vehicle: 16  Cost: 60.46
Route: 1 5 -5 -1 
 1 [ 62   0:  0 [74, 38, 39, 71, 72, 59, 66, 51, 63, 83, 12, 60, 48, 67, 19, 47, 54, 13, 76, 18, 78, 64, 62, 43, 70, 53, 30]]
 5 [  0  30: 30 []]
-5 [ 67  30:386 [117, 121, 119, 127, 106, 125, 107, 134, 84, 118, 113, 96, 115, 91, 85, 97, 122, 123, 99, 89, 100, 87, 101]]
-1 [ 67 416:416 [117, 121, 119, 127, 106, 125, 107, 134, 84, 118, 113, 96, 115, 91, 85, 97, 122, 123, 99, 89, 100, 87, 101]]

Vehicle: 18  Cost: 200.09
Route: 1 2 6 8 -8 -6 -1 
 1 [ 65   0:  0 [22, 15, 36, 21, 77, 41, 23, 14, 32, 24, 35, 45, 37, 79, 61, 29, 50, 57, 73, 20, 34, 46, 56, 28, 11]]
 2 [ 61  45: 60 [15, 36, 21, 77, 41, 23, 14, 32, 24, 35, 45, 37, 79, 61, 29, 50, 57, 73, 20, 34, 46, 56, 28, 11]]
 6 [ 29  88:103 [15, 21, 23, 32, 79, 61, 29, 34, 46, 28]]
 8 [  0 130:130 []]
-8 [  2 130:229 [110]]
-6 [ 32 256:340 [98, 88, 132, 94, 130, 124, 129, 110, 86, 93, 109, 90, 103, 95]]
-1 [ 32 413:413 [98, 88, 132, 94, 130, 124, 129, 110, 86, 93, 109, 90, 103, 95]]

Vehicle: 201  Cost: 16.97
Route: 2 22 -2 
  2 [ 4  45:292]
 22 [ 0 300:305]
 -2 [ 0 313:313]

Vehicle: 301  Cost: 83.78
Route: 3 81 126 133 82 49 108 10 65 -3 
  3 [ 9  45: 60]
 81 [ 7  69: 74]
126 [ 9  76: 81]
133 [10  99:104]
 82 [ 8 104:109]
 49 [ 7 180:185]
108 [10 185:190]
 10 [ 7 300:305]
 65 [ 6 318:323]
 -3 [ 6 357:357]

Vehicle: 302  Cost: 128.87
Route: 3 27 55 128 75 105 17 116 -3 
  3 [ 8  45:156]
 27 [ 5 180:185]
 55 [ 4 194:199]
128 [ 8 420:425]
 75 [ 5 425:430]
105 [ 8 454:459]
 17 [ 7 477:482]
116 [ 9 503:508]
 -3 [ 9 527:527]

Vehicle: 303  Cost: 23.87
Route: 3 44 104 16 102 40 -3 
  3 [ 6  45:289]
 44 [ 2 300:305]
104 [ 6 305:310]
 16 [ 5 313:318]
102 [ 7 323:328]
 40 [ 6 328:333]
 -3 [ 6 337:337]

Vehicle: 304  Cost: 194.80
Route: 3 26 42 80 131 111 69 68 120 114 -3 
  3 [10  45:270]
 26 [ 7 300:305]
 42 [ 5 318:323]
 80 [ 4 361:366]
131 [ 6 366:371]
111 [10 386:391]
 69 [ 9 420:425]
 68 [ 6 447:452]
120 [ 8 452:457]
114 [10 493:498]
 -3 [10 531:531]

Vehicle: 305  Cost: 105.41
Route: 3 33 52 92 58 112 25 31 -3 
  3 [10  45: 60]
 33 [ 8  97:102]
 52 [ 4 108:113]
 92 [ 6 300:305]
 58 [ 5 317:322]
112 [ 9 322:327]
 25 [ 7 342:347]
 31 [ 6 350:355]
 -3 [ 6 383:383]

Vehicle: 501  Cost: 76.34
Route: 5 60 76 87 89 70 121 -5 
  5 [ 7  30: 45]
 60 [ 5  65: 70]
 76 [ 1  87: 92]
 87 [ 5 101:106]
 89 [ 9 116:121]
 70 [ 8 300:305]
121 [ 9 305:310]
 -5 [ 9 322:322]

Vehicle: 502  Cost: 57.20
Route: 5 66 118 96 63 62 113 -5 
  5 [ 6  30: 45]
 66 [ 3  68: 73]
118 [ 6  73: 78]
 96 [ 8 300:305]
 63 [ 6 313:318]
 62 [ 5 324:329]
113 [ 8 329:334]
 -5 [ 8 348:348]

Vehicle: 503  Cost: 84.92
Route: 5 39 43 127 74 122 71 101 -5 
  5 [ 9  30: 57]
 39 [ 6  60: 65]
 43 [ 3  90: 95]
127 [ 5 101:106]
 74 [ 4 106:111]
122 [ 7 180:185]
 71 [ 5 185:190]
101 [ 9 300:305]
 -5 [ 9 344:344]

Vehicle: 504  Cost: 59.46
Route: 5 115 100 38 123 -5 
  5 [ 2  30: 45]
115 [ 5  73: 78]
100 [ 9 180:185]
 38 [ 7 185:190]
123 [ 9 203:208]
 -5 [ 9 218:218]

Vehicle: 505  Cost: 65.91
Route: 5 19 47 106 99 -5 
  5 [ 7  30:285]
 19 [ 3 300:305]
 47 [ 0 323:328]
106 [ 4 328:333]
 99 [ 8 349:354]
 -5 [ 8 371:371]

Vehicle: 506  Cost: 88.07
Route: 5 83 134 18 30 67 119 48 -5 
  5 [ 7  30: 45]
 83 [ 6  74: 79]
134 [10  79: 84]
 18 [ 9  99:104]
 30 [ 7 300:305]
 67 [ 6 317:322]
119 [10 322:327]
 48 [ 8 337:342]
 -5 [ 8 361:361]

Vehicle: 507  Cost: 121.02
Route: 5 72 125 54 13 12 107 91 97 -5 
  5 [10  30: 45]
 72 [ 7  71: 76]
125 [ 8  76: 81]
 54 [ 5  91: 96]
 13 [ 2 107:112]
 12 [ 1 180:185]
107 [ 5 300:305]
 91 [ 6 311:316]
 97 [ 9 337:342]
 -5 [ 9 356:356]

Vehicle: 508  Cost: 38.82
Route: 5 78 51 -5 
  5 [ 6  30:411]
 78 [ 3 420:425]
 51 [ 0 442:447]
 -5 [ 0 460:460]

Vehicle: 509  Cost: 43.89
Route: 5 53 84 59 117 85 64 -5 
  5 [ 8  30:287]
 53 [ 5 300:305]
 84 [ 7 311:316]
 59 [ 4 317:322]
117 [ 6 324:329]
 85 [ 9 339:344]
 64 [ 7 354:359]
 -5 [ 7 361:361]

Vehicle: 601  Cost: 71.05
Route: 6 57 37 98 45 35 103 41 130 129 -6 
  6 [ 9  88:103]
 57 [ 8 108:113]
 37 [ 7 120:125]
 98 [ 8 125:130]
 45 [ 6 134:139]
 35 [ 5 180:185]
103 [ 9 196:201]
 41 [ 5 201:206]
130 [ 9 300:305]
129 [10 313:318]
 -6 [10 325:325]

Vehicle: 602  Cost: 30.21
Route: 6 94 109 50 -6 
  6 [ 4  88:165]
 94 [ 5 180:185]
109 [ 6 300:305]
 50 [ 2 305:310]
 -6 [ 2 324:324]

Vehicle: 603  Cost: 124.61
Route: 6 56 73 77 20 132 95 90 124 -6 
  6 [10  88:103]
 56 [ 6 124:129]
 73 [ 3 138:143]
 77 [ 1 145:150]
 20 [ 0 172:177]
132 [ 2 191:196]
 95 [ 4 199:204]
 90 [ 8 233:238]
124 [10 248:253]
 -6 [10 268:268]

Vehicle: 605  Cost: 83.71
Route: 6 36 14 88 11 86 93 24 -6 
  6 [ 9  88:103]
 36 [ 8 128:133]
 14 [ 4 146:151]
 88 [ 7 151:156]
 11 [ 4 180:185]
 86 [ 5 185:190]
 93 [ 9 203:208]
 24 [ 8 208:213]
 -6 [ 8 238:238]

Vehicle: 801  Cost: 99.95
Route: 8 21 28 32 61 -8 
  8 [10 130:145]
 21 [ 7 157:162]
 28 [ 6 300:305]
 32 [ 2 321:326]
 61 [ 0 357:362]
 -8 [ 0 387:387]

Vehicle: 802  Cost: 39.05
Route: 8 29 34 79 -8 
  8 [ 8 130:169]
 29 [ 4 180:185]
 34 [ 3 300:305]
 79 [ 0 315:320]
 -8 [ 0 335:335]

Vehicle: 803  Cost: 18.81
Route: 8 23 46 -8 
  8 [ 7 130:145]
 23 [ 4 151:156]
 46 [ 0 300:305]
 -8 [ 0 313:313]

Vehicle: 804  Cost: 59.25
Route: 8 110 15 -8 
  8 [ 4 130:145]
110 [ 6 174:179]
 15 [ 2 196:201]
 -8 [ 2 214:214]

Total Cost: 2066.08
 12:89.55, 43:75 [1, 3, -3, -1]
 16:60.46, 67:75 [1, 5, -5, -1]
 18:200.09, 65:75 [1, 2, 6, 8, -8, -6, -1]
201:16.97, 4:10 [2, 22, -2]
301:83.78, 10:10 [3, 81, 126, 133, 82, 49, 108, 10, 65, -3]
302:128.87, 9:10 [3, 27, 55, 128, 75, 105, 17, 116, -3]
303:23.87, 7:10 [3, 44, 104, 16, 102, 40, -3]
304:194.80, 10:10 [3, 26, 42, 80, 131, 111, 69, 68, 120, 114, -3]
305:105.41, 10:10 [3, 33, 52, 92, 58, 112, 25, 31, -3]
501:76.34, 9:10 [5, 60, 76, 87, 89, 70, 121, -5]
502:57.20, 8:10 [5, 66, 118, 96, 63, 62, 113, -5]
503:84.92, 9:10 [5, 39, 43, 127, 74, 122, 71, 101, -5]
504:59.46, 9:10 [5, 115, 100, 38, 123, -5]
505:65.91, 8:10 [5, 19, 47, 106, 99, -5]
506:88.07, 10:10 [5, 83, 134, 18, 30, 67, 119, 48, -5]
507:121.02, 10:10 [5, 72, 125, 54, 13, 12, 107, 91, 97, -5]
508:38.82, 6:10 [5, 78, 51, -5]
509:43.89, 9:10 [5, 53, 84, 59, 117, 85, 64, -5]
601:71.05, 10:10 [6, 57, 37, 98, 45, 35, 103, 41, 130, 129, -6]
602:30.21, 6:10 [6, 94, 109, 50, -6]
603:124.61, 10:10 [6, 56, 73, 77, 20, 132, 95, 90, 124, -6]
605:83.71, 9:10 [6, 36, 14, 88, 11, 86, 93, 24, -6]
801:99.95, 10:10 [8, 21, 28, 32, 61, -8]
802:39.05, 8:10 [8, 29, 34, 79, -8]
803:18.81, 7:10 [8, 23, 46, -8]
804:59.25, 6:10 [8, 110, 15, -8]
fe: 3, se: 23

!ALNS------------
100000,2066.0825418293666,687.493,206.549,3,23,0.7777777777777778,0.8434782608695652,41.666666666666664,5.434782608695652
20 12 10 8 0 2 4 0 
10.281523408140826 23.546069126887453 11.316653923854993 13.017941450164864 63.019323579230395 25.461932319378235 15.034862558245445 25.32103112698273 
8 8 7 12 8 3 5 5 
16.246656912496192 16.124184266863246 15.495700840140659 15.003565661031027 15.745900845444483 16.695312276256075 15.497956704075708 20.446406148960737 

x[1831] = 1.0
Vehicle: 12  Cost: 89.55
Route: 1 3 -3 -1 
 1 [ 46   0:  0 [31, 68, 49, 82, 54, 22, 80, 33, 52, 65, 58, 26, 40, 25, 81, 16, 17, 13, 75, 69, 42, 12, 10]]
 3 [  0  45: 45 []]
-3 [ 42  45:545 [111, 108, 92, 126, 133, 102, 107, 104, 116, 114, 131, 91, 120, 112, 105, 128]]
-1 [ 42 590:590 [111, 108, 92, 126, 133, 102, 107, 104, 116, 114, 131, 91, 120, 112, 105, 128]]

x[2790] = 1.0
Vehicle: 18  Cost: 200.09
Route: 1 2 6 8 -8 -6 -1 
 1 [ 64   0:  0 [77, 20, 14, 57, 41, 45, 21, 50, 37, 34, 11, 56, 73, 15, 35, 46, 24, 36, 32, 29, 27, 79, 23, 61, 28]]
 2 [ 61  45: 60 [77, 20, 14, 57, 41, 45, 21, 50, 37, 34, 11, 56, 73, 15, 35, 46, 24, 36, 32, 29, 79, 23, 61, 28]]
 6 [ 29  88:103 [21, 34, 15, 46, 32, 29, 79, 23, 61, 28]]
 8 [  0 130:130 []]
-8 [  2 130:229 [110]]
-6 [ 32 256:340 [98, 88, 90, 93, 86, 132, 129, 95, 130, 124, 109, 94, 103, 110]]
-1 [ 32 413:413 [98, 88, 90, 93, 86, 132, 129, 95, 130, 124, 109, 94, 103, 110]]

x[7357] = 1.0
Vehicle: 16  Cost: 60.46
Route: 1 5 -5 -1 
 1 [ 60   0:  0 [59, 76, 60, 70, 44, 30, 39, 63, 47, 38, 48, 43, 19, 74, 53, 78, 55, 72, 51, 64, 67, 62, 66, 71, 18, 83]]
 5 [  0  30: 30 []]
-5 [ 66  30:386 [84, 97, 99, 100, 117, 104, 127, 122, 85, 121, 101, 115, 134, 96, 125, 113, 106, 87, 119, 89, 123, 118]]
-1 [ 66 416:416 [84, 97, 99, 100, 117, 104, 127, 122, 85, 121, 101, 115, 134, 96, 125, 113, 106, 87, 119, 89, 123, 118]]

y[345] = 1.0
Vehicle: 304  Cost: 175.41
Route: 3 26 42 80 131 111 69 68 120 -3 
  3 [10  71:270]
 26 [ 7 300:305]
 42 [ 5 318:323]
 80 [ 4 361:366]
131 [ 6 366:371]
111 [10 386:391]
 69 [ 9 420:425]
 68 [ 6 447:452]
120 [ 8 452:457]
 -3 [ 8 507:507]

y[412] = 1.0
Vehicle: 302  Cost: 124.51
Route: 3 116 22 75 128 105 17 -3 
  3 [ 8  77:280]
116 [10 300:305]
 22 [ 6 311:316]
 75 [ 3 420:425]
128 [ 7 425:430]
105 [10 454:459]
 17 [ 9 477:482]
 -3 [ 9 518:518]

y[471] = 1.0
Vehicle: 509  Cost: 62.02
Route: 5 72 125 44 59 84 117 85 -5 
  5 [10  30: 45]
 72 [ 7  71: 76]
125 [ 8  76: 81]
 44 [ 4 300:305]
 59 [ 1 315:320]
 84 [ 3 321:326]
117 [ 5 328:333]
 85 [ 8 342:347]
 -5 [ 8 359:359]

y[673] = 1.0
Vehicle: 802  Cost: 18.81
Route: 8 23 46 -8 
  8 [ 7 277:292]
 23 [ 4 298:303]
 46 [ 0 307:312]
 -8 [ 0 321:321]

y[914] = 1.0
Vehicle: 501  Cost: 93.16
Route: 5 76 87 18 30 119 67 70 121 -5 
  5 [ 9  30: 45]
 76 [ 5  76: 81]
 87 [ 9  90: 95]
 18 [ 8 103:108]
 30 [ 6 300:305]
119 [10 317:322]
 67 [ 9 322:327]
 70 [ 8 344:349]
121 [ 9 349:354]
 -5 [ 9 366:366]

y[1005] = 1.0
Vehicle: 505  Cost: 59.51
Route: 5 39 115 38 100 123 -5 
  5 [ 5  66: 81]
 39 [ 2  84: 89]
115 [ 5 114:119]
 38 [ 3 180:185]
100 [ 7 185:190]
123 [ 9 203:208]
 -5 [ 9 218:218]

y[1694] = 1.0
Vehicle: 601  Cost: 71.05
Route: 6 57 37 98 45 35 103 41 130 129 -6 
  6 [ 9  96:111]
 57 [ 8 116:121]
 37 [ 7 128:133]
 98 [ 8 133:138]
 45 [ 6 142:147]
 35 [ 5 180:185]
103 [ 9 196:201]
 41 [ 5 201:206]
130 [ 9 300:305]
129 [10 313:318]
 -6 [10 325:325]

y[2593] = 1.0
Vehicle: 506  Cost: 64.14
Route: 5 60 89 48 19 99 -5 
  5 [ 8  30: 45]
 60 [ 6  65: 70]
 89 [10  79: 84]
 48 [ 8 300:305]
 19 [ 4 318:323]
 99 [ 8 325:330]
 -5 [ 8 347:347]

y[2882] = 1.0
Vehicle: 301  Cost: 113.48
Route: 3 81 126 82 133 49 108 65 10 114 -3 
  3 [ 9  93:108]
 81 [ 7 117:122]
126 [ 9 125:130]
 82 [ 7 148:153]
133 [ 8 153:158]
 49 [ 7 180:185]
108 [10 185:190]
 65 [ 9 300:305]
 10 [ 6 318:323]
114 [ 8 349:354]
 -3 [ 8 387:387]

y[3190] = 1.0
Vehicle: 507  Cost: 57.20
Route: 5 66 118 96 63 113 62 -5 
  5 [ 6 249:264]
 66 [ 3 287:292]
118 [ 6 292:297]
 96 [ 8 303:308]
 63 [ 6 316:321]
113 [ 9 327:332]
 62 [ 8 332:337]
 -5 [ 8 351:351]

y[5630] = 1.0
Vehicle: 603  Cost: 124.61
Route: 6 56 73 77 20 132 95 90 124 -6 
  6 [10 113:128]
 56 [ 6 149:154]
 73 [ 3 163:168]
 77 [ 1 169:174]
 20 [ 0 197:202]
132 [ 2 216:221]
 95 [ 4 224:229]
 90 [ 8 258:263]
124 [10 272:277]
 -6 [10 292:292]

y[5994] = 1.0
Vehicle: 602  Cost: 30.21
Route: 6 94 50 109 -6 
  6 [ 4 211:226]
 94 [ 5 241:246]
 50 [ 1 300:305]
109 [ 2 305:310]
 -6 [ 2 324:324]

y[6516] = 1.0
Vehicle: 303  Cost: 107.63
Route: 3 33 52 92 112 58 31 25 102 -3 
  3 [10  45: 60]
 33 [ 8  97:102]
 52 [ 4 108:113]
 92 [ 6 300:305]
112 [10 317:322]
 58 [ 9 322:327]
 31 [ 8 340:345]
 25 [ 6 349:354]
102 [ 8 381:386]
 -3 [ 8 391:391]

y[8326] = 1.0
Vehicle: 804  Cost: 59.25
Route: 8 110 15 -8 
  8 [ 4 130:145]
110 [ 6 174:179]
 15 [ 2 196:201]
 -8 [ 2 214:214]

y[8493] = 1.0
Vehicle: 505  Cost: 38.82
Route: 5 51 78 -5 
  5 [ 6  30:407]
 51 [ 3 420:425]
 78 [ 0 442:447]
 -5 [ 0 455:455]

y[8759] = 1.0
Vehicle: 802  Cost: 39.05
Route: 8 29 34 79 -8 
  8 [ 8 182:197]
 29 [ 4 208:213]
 34 [ 3 300:305]
 79 [ 0 315:320]
 -8 [ 0 335:335]

y[9866] = 1.0
Vehicle: 509  Cost: 29.64
Route: 5 97 53 -5 
  5 [ 3  30:286]
 97 [ 6 300:305]
 53 [ 3 308:313]
 -5 [ 3 326:326]

y[11067] = 1.0
Vehicle: 803  Cost: 99.95
Route: 8 21 28 32 61 -8 
  8 [10 168:183]
 21 [ 7 195:200]
 28 [ 6 300:305]
 32 [ 2 321:326]
 61 [ 0 357:362]
 -8 [ 0 387:387]

y[11582] = 1.0
Vehicle: 605  Cost: 83.71
Route: 6 36 14 88 11 86 24 93 -6 
  6 [ 9  96:111]
 36 [ 8 136:141]
 14 [ 4 154:159]
 88 [ 7 159:164]
 11 [ 4 180:185]
 86 [ 5 185:190]
 24 [ 4 203:208]
 93 [ 8 208:213]
 -6 [ 8 238:238]

y[12193] = 1.0
Vehicle: 201  Cost: 14.42
Route: 2 27 -2 
  2 [ 3 235:250]
 27 [ 0 257:262]
 -2 [ 0 270:270]

y[12618] = 1.0
Vehicle: 501  Cost: 73.30
Route: 5 134 83 47 106 64 -5 
  5 [ 6  30: 45]
134 [10  74: 79]
 83 [ 9  79: 84]
 47 [ 6 300:305]
106 [10 305:310]
 64 [ 8 342:347]
 -5 [ 8 349:349]

y[13574] = 1.0
Vehicle: 503  Cost: 92.30
Route: 5 55 43 127 74 122 71 101 -5 
  5 [ 7  30: 45]
 55 [ 6  68: 73]
 43 [ 3  86: 91]
127 [ 5  97:102]
 74 [ 4 102:107]
122 [ 7 180:185]
 71 [ 5 185:190]
101 [ 9 300:305]
 -5 [ 9 344:344]

y[13695] = 1.0
Vehicle: 303  Cost: 100.59
Route: 3 54 13 12 107 91 16 104 40 -3 
  3 [ 9  45: 60]
 54 [ 6  72: 77]
 13 [ 3  88: 93]
 12 [ 2 180:185]
107 [ 6 300:305]
 91 [ 7 311:316]
 16 [ 6 339:344]
104 [10 347:352]
 40 [ 9 360:365]
 -3 [ 9 369:369]

FE: 3
SE: 23
!MIP-----
2082.905247394748,5400.271881103516,0.05091832467467728,3,23,8190,14771

Run: 2
Total Cost: 2052.95
Vehicle: 12  Cost: 89.55
Route: 1 3 -3 -1 
 1 [ 56   0:  0 [82, 42, 81, 31, 36, 52, 13, 20, 10, 40, 72, 12, 33, 58, 16, 49, 11, 44, 14, 56, 54, 73, 77, 25, 65, 24]]
 3 [  0  45: 45 []]
-3 [ 37  45:372 [94, 91, 95, 88, 102, 133, 132, 93, 104, 107, 108, 126, 90, 114, 86, 125]]
-1 [ 37 417:417 [94, 91, 95, 88, 102, 133, 132, 93, 104, 107, 108, 126, 90, 114, 86, 125]]

Vehicle: 15  Cost: 185.68
Route: 1 7 2 6 -6 -3 -2 -7 -5 -1 
 1 [ 48   0:  0 [80, 28, 68, 27, 59, 26, 50, 53, 69, 61, 79, 46, 75, 51, 22, 23, 32]]
 7 [ 39  34: 49 [80, 28, 68, 27, 26, 50, 69, 61, 79, 46, 75, 22, 23, 32]]
 2 [ 32  61: 76 [80, 28, 68, 26, 50, 69, 61, 79, 46, 75, 23, 32]]
 6 [  0 104:104 []]
-6 [ 24 104:483 [101, 131, 128, 130, 111, 129, 120, 109, 124]]
-3 [ 30 518:533 [101, 131, 128, 130, 111, 129, 120, 109, 124, 92, 112]]
-2 [ 32 551:566 [116, 101, 131, 128, 130, 111, 129, 120, 109, 124, 92, 112]]
-7 [ 42 578:593 [85, 101, 131, 117, 128, 130, 111, 84, 129, 120, 97, 109, 124, 92, 116, 112]]
-5 [ 45 609:624 [105, 101, 131, 128, 130, 85, 117, 111, 84, 129, 120, 97, 109, 124, 92, 116, 112]]
-1 [ 45 654:654 [85, 101, 131, 117, 128, 130, 105, 111, 84, 129, 120, 97, 109, 124, 92, 116, 112]]

Vehicle: 16  Cost: 60.46
Route: 1 5 -5 -1 
 1 [ 36   0:  0 [67, 63, 47, 76, 17, 60, 83, 64, 30, 78, 66, 48, 70, 18, 62, 39, 19]]
 5 [  0  30: 30 []]
-5 [ 35  30:376 [134, 119, 123, 99, 96, 121, 87, 118, 106, 89, 113]]
-1 [ 35 406:406 [134, 119, 123, 99, 96, 121, 87, 118, 106, 89, 113]]

Vehicle: 18  Cost: 104.40
Route: 1 4 -4 -1 
 1 [ 30   0:  0 [45, 15, 57, 55, 21, 29, 35, 41, 34, 38, 74, 43, 71, 37]]
 4 [  0  52: 52 []]
-4 [ 19  52:338 [127, 122, 103, 100, 115, 110, 98]]
-1 [ 19 390:390 [127, 122, 103, 100, 115, 110, 98]]

Vehicle: 201  Cost: 17.85
Route: 2 27 22 116 -2 
  2 [ 7  61:173]
 27 [ 4 180:185]
 22 [ 0 300:305]
116 [ 2 311:316]
 -2 [ 2 319:319]

Vehicle: 301  Cost: 105.41
Route: 3 33 52 92 112 58 25 31 -3 
  3 [10  45: 60]
 33 [ 8  97:102]
 52 [ 4 108:113]
 92 [ 6 300:305]
112 [10 317:322]
 58 [ 9 322:327]
 25 [ 7 342:347]
 31 [ 6 350:355]
 -3 [ 6 383:383]

Vehicle: 302  Cost: 97.79
Route: 3 11 86 54 13 12 107 91 -3 
  3 [10  45:177]
 11 [ 7 180:185]
 86 [ 8 185:190]
 54 [ 5 205:210]
 13 [ 2 221:226]
 12 [ 1 246:251]
107 [ 5 300:305]
 91 [ 6 311:316]
 -3 [ 6 346:346]

Vehicle: 303  Cost: 74.52
Route: 3 14 88 73 77 94 24 93 -3 
  3 [10  45: 60]
 14 [ 6  70: 75]
 88 [ 9  75: 80]
 73 [ 6  97:102]
 77 [ 4 103:108]
 94 [ 5 180:185]
 24 [ 4 201:206]
 93 [ 8 206:211]
 -3 [ 8 224:224]

Vehicle: 304  Cost: 83.78
Route: 3 81 126 133 82 49 108 10 65 -3 
  3 [ 9  45: 60]
 81 [ 7  69: 74]
126 [ 9  76: 81]
133 [10  99:104]
 82 [ 8 104:109]
 49 [ 7 180:185]
108 [10 185:190]
 10 [ 7 300:305]
 65 [ 6 318:323]
 -3 [ 6 357:357]

Vehicle: 306  Cost: 146.29
Route: 3 36 56 90 20 95 132 42 114 -3 
  3 [ 8  45: 60]
 36 [ 7  71: 76]
 56 [ 3  91: 96]
 90 [ 7 110:115]
 20 [ 6 129:134]
 95 [ 8 151:156]
132 [10 159:164]
 42 [ 8 300:305]
114 [10 311:316]
 -3 [10 349:349]

Vehicle: 307  Cost: 27.24
Route: 3 125 72 44 104 16 40 102 -3 
  3 [ 9  45: 60]
125 [10  72: 77]
 72 [ 7  77: 82]
 44 [ 3 300:305]
104 [ 7 305:310]
 16 [ 6 313:318]
 40 [ 5 323:328]
102 [ 7 328:333]
 -3 [ 7 337:337]

Vehicle: 401  Cost: 68.00
Route: 4 29 74 127 71 122 38 100 55 -4 
  4 [10  52:165]
 29 [ 6 180:185]
 74 [ 5 192:197]
127 [ 7 197:202]
 71 [ 5 209:214]
122 [ 8 214:219]
 38 [ 6 237:242]
100 [10 242:247]
 55 [ 9 266:271]
 -4 [ 9 273:273]

Vehicle: 402  Cost: 103.31
Route: 4 57 98 37 45 35 41 103 34 -4 
  4 [10  52: 67]
 57 [ 9  99:104]
 98 [10 110:115]
 37 [ 9 115:120]
 45 [ 7 124:129]
 35 [ 6 180:185]
 41 [ 2 196:201]
103 [ 6 201:206]
 34 [ 5 300:305]
 -4 [ 5 323:323]

Vehicle: 403  Cost: 127.87
Route: 4 43 115 21 110 15 -4 
  4 [10  52: 67]
 43 [ 7  78: 83]
115 [10  88: 93]
 21 [ 7 129:134]
110 [ 9 154:159]
 15 [ 5 180:185]
 -4 [ 5 224:224]

Vehicle: 501  Cost: 88.07
Route: 5 83 134 18 30 67 119 48 -5 
  5 [ 7  30: 45]
 83 [ 6  74: 79]
134 [10  79: 84]
 18 [ 9  99:104]
 30 [ 7 300:305]
 67 [ 6 317:322]
119 [10 322:327]
 48 [ 8 337:342]
 -5 [ 8 361:361]

Vehicle: 502  Cost: 52.22
Route: 5 78 19 105 17 64 -5 
  5 [10  30:411]
 78 [ 7 420:425]
 19 [ 3 435:440]
105 [ 6 448:453]
 17 [ 5 471:476]
 64 [ 3 482:487]
 -5 [ 3 489:489]

Vehicle: 503  Cost: 57.20
Route: 5 118 66 96 63 113 62 -5 
  5 [ 6  30: 45]
118 [ 9  68: 73]
 66 [ 6  73: 78]
 96 [ 8 300:305]
 63 [ 6 313:318]
113 [ 9 324:329]
 62 [ 8 329:334]
 -5 [ 8 348:348]

Vehicle: 504  Cost: 67.93
Route: 5 39 123 106 47 99 -5 
  5 [ 6  30: 57]
 39 [ 3  60: 65]
123 [ 5  73: 78]
106 [ 9 300:305]
 47 [ 6 305:310]
 99 [10 326:331]
 -5 [10 348:348]

Vehicle: 508  Cost: 76.34
Route: 5 60 76 87 89 70 121 -5 
  5 [ 7  30: 45]
 60 [ 5  65: 70]
 76 [ 1  87: 92]
 87 [ 5 101:106]
 89 [ 9 116:121]
 70 [ 8 300:305]
121 [ 9 305:310]
 -5 [ 9 322:322]

Vehicle: 601  Cost: 42.73
Route: 6 124 120 68 -6 
  6 [ 3 104:119]
124 [ 5 134:139]
120 [ 7 420:425]
 68 [ 4 425:430]
 -6 [ 4 449:449]

Vehicle: 602  Cost: 53.56
Route: 6 23 46 79 130 -6 
  6 [10 104:119]
 23 [ 7 140:145]
 46 [ 3 300:305]
 79 [ 0 319:324]
130 [ 4 324:329]
 -6 [ 4 343:343]

Vehicle: 603  Cost: 125.48
Route: 6 109 50 26 111 131 80 69 -6 
  6 [ 9 104:286]
109 [10 300:305]
 50 [ 6 305:310]
 26 [ 3 328:333]
111 [ 7 356:361]
131 [ 9 376:381]
 80 [ 8 381:386]
 69 [ 7 420:425]
 -6 [ 7 460:460]

Vehicle: 605  Cost: 141.92
Route: 6 28 32 61 101 75 128 129 -6 
  6 [10 104:272]
 28 [ 9 300:305]
 32 [ 5 321:326]
 61 [ 3 357:362]
101 [ 7 384:389]
 75 [ 4 420:425]
128 [ 8 425:430]
129 [ 9 456:461]
 -6 [ 9 468:468]

Vehicle: 701  Cost: 44.56
Route: 7 53 51 97 84 59 117 -7 
  7 [ 9  34:290]
 53 [ 6 300:305]
 51 [ 3 420:425]
 97 [ 6 432:437]
 84 [ 8 445:450]
 59 [ 5 451:456]
117 [ 7 458:463]
 -7 [ 7 470:470]

Vehicle: 702  Cost: 10.77
Route: 7 85 -7 
  7 [ 0   0:295]
 85 [ 3 300:305]
 -7 [ 3 310:310]

Total Cost: 2052.95
 12:89.55, 56:75 [1, 3, -3, -1]
 15:185.68, 48:75 [1, 7, 2, 6, -6, -3, -2, -7, -5, -1]
 16:60.46, 36:75 [1, 5, -5, -1]
 18:104.40, 30:75 [1, 4, -4, -1]
201:17.85, 7:10 [2, 27, 22, 116, -2]
301:105.41, 10:10 [3, 33, 52, 92, 112, 58, 25, 31, -3]
302:97.79, 10:10 [3, 11, 86, 54, 13, 12, 107, 91, -3]
303:74.52, 10:10 [3, 14, 88, 73, 77, 94, 24, 93, -3]
304:83.78, 10:10 [3, 81, 126, 133, 82, 49, 108, 10, 65, -3]
306:146.29, 10:10 [3, 36, 56, 90, 20, 95, 132, 42, 114, -3]
307:27.24, 10:10 [3, 125, 72, 44, 104, 16, 40, 102, -3]
401:68.00, 10:10 [4, 29, 74, 127, 71, 122, 38, 100, 55, -4]
402:103.31, 10:10 [4, 57, 98, 37, 45, 35, 41, 103, 34, -4]
403:127.87, 10:10 [4, 43, 115, 21, 110, 15, -4]
501:88.07, 10:10 [5, 83, 134, 18, 30, 67, 119, 48, -5]
502:52.22, 10:10 [5, 78, 19, 105, 17, 64, -5]
503:57.20, 9:10 [5, 118, 66, 96, 63, 113, 62, -5]
504:67.93, 10:10 [5, 39, 123, 106, 47, 99, -5]
508:76.34, 9:10 [5, 60, 76, 87, 89, 70, 121, -5]
601:42.73, 7:10 [6, 124, 120, 68, -6]
602:53.56, 10:10 [6, 23, 46, 79, 130, -6]
603:125.48, 10:10 [6, 109, 50, 26, 111, 131, 80, 69, -6]
605:141.92, 10:10 [6, 28, 32, 61, 101, 75, 128, 129, -6]
701:44.56, 9:10 [7, 53, 51, 97, 84, 59, 117, -7]
702:10.77, 3:10 [7, 85, -7]
fe: 4, se: 21

!ALNS------------
100000,2052.94611438205,565.803,296.48,4,21,0.5666666666666667,0.9238095238095239,31.25,5.9523809523809526
12 19 13 12 0 2 8 2 
9.2847650204045 23.617685424204744 10.497586124637097 12.906413003271949 40.3520814995115 20.899399244277966 14.879609705691536 21.416670379063266 
12 15 6 10 6 7 10 2 
15.048928279681821 13.683695753008694 14.941674673631418 15.35129195834217 14.728061308183916 15.901407666861427 16.876880473768637 14.030817768859448 

x[228] = 1.0
Vehicle: 16  Cost: 60.46
Route: 1 5 -5 -1 
 1 [ 36   0:  0 [76, 67, 17, 18, 83, 62, 78, 19, 70, 48, 64, 66, 39, 60, 30, 63, 47]]
 5 [  0  30: 30 []]
-5 [ 35  30:390 [118, 89, 87, 96, 99, 119, 123, 121, 113, 134, 106]]
-1 [ 35 420:420 [118, 89, 87, 96, 99, 119, 123, 121, 113, 134, 106]]

x[6204] = 1.0
Vehicle: 12  Cost: 89.55
Route: 1 3 -3 -1 
 1 [ 56   0:  0 [82, 10, 58, 52, 20, 12, 42, 31, 25, 49, 33, 13, 16, 14, 81, 40, 44, 54, 72, 65, 36, 73, 77, 56, 11, 24]]
 3 [  0  45: 45 []]
-3 [ 40  45:374 [133, 91, 107, 114, 108, 126, 88, 102, 125, 104, 132, 95, 90, 124, 94, 93, 86, 109]]
-1 [ 40 418:418 [133, 91, 107, 114, 108, 126, 88, 102, 125, 104, 132, 95, 90, 124, 94, 93, 86, 109]]

x[7193] = 1.0
Vehicle: 15  Cost: 185.68
Route: 1 7 2 6 -6 -3 -2 -7 -5 -1 
 1 [ 48   0:  0 [80, 27, 59, 53, 61, 23, 32, 69, 75, 26, 28, 46, 68, 50, 79, 51, 22]]
 7 [ 39  34: 49 [80, 27, 61, 23, 32, 69, 75, 26, 28, 46, 68, 50, 79, 22]]
 2 [ 32  61: 76 [80, 61, 23, 32, 69, 75, 26, 28, 46, 68, 50, 79]]
 6 [  0 104:104 []]
-6 [ 24 104:483 [101, 130, 111, 129, 109, 124, 131, 128, 120]]
-3 [ 30 518:533 [101, 130, 111, 129, 109, 124, 92, 112, 131, 128, 120]]
-2 [ 32 551:566 [116, 101, 130, 111, 129, 109, 124, 92, 112, 131, 128, 120]]
-7 [ 39 578:593 [101, 117, 130, 111, 84, 129, 97, 109, 124, 92, 116, 112, 131, 128, 120]]
-5 [ 50 609:624 [105, 101, 130, 117, 111, 84, 129, 97, 109, 124, 92, 116, 112, 131, 128, 120, 106, 99]]
-1 [ 50 654:654 [101, 117, 130, 105, 111, 84, 129, 97, 109, 124, 92, 116, 112, 131, 128, 120, 106, 99]]

x[7916] = 1.0
Vehicle: 18  Cost: 106.33
Route: 1 4 -4 -7 -1 
 1 [ 30   0:  0 [43, 35, 37, 41, 74, 45, 55, 57, 38, 71, 34, 15, 21, 29]]
 4 [  0  52: 52 []]
-4 [ 23  52:343 [122, 127, 100, 103, 98, 115, 101, 110]]
-7 [ 26 363:378 [85, 122, 127, 100, 103, 98, 115, 101, 110]]
-1 [ 26 412:412 [122, 127, 100, 103, 98, 115, 101, 85, 110]]

y[1567] = 1.0
Vehicle: 505  Cost: 43.00
Route: 5 89 48 70 121 -5 
  5 [ 3  30: 45]
 89 [ 7  66: 71]
 48 [ 5 300:305]
 70 [ 4 312:317]
121 [ 5 317:322]
 -5 [ 5 334:334]

y[2717] = 1.0
Vehicle: 403  Cost: 140.47
Route: 4 21 110 15 122 38 100 55 -4 
  4 [10  70: 85]
 21 [ 7 122:127]
110 [ 9 147:152]
 15 [ 5 180:185]
122 [ 8 212:217]
 38 [ 6 235:240]
100 [10 240:245]
 55 [ 9 264:269]
 -4 [ 9 272:272]

y[2955] = 1.0
Vehicle: 201  Cost: 17.85
Route: 2 27 22 116 -2 
  2 [ 7 267:282]
 27 [ 4 290:295]
 22 [ 0 300:305]
116 [ 2 311:316]
 -2 [ 2 319:319]

y[3555] = 1.0
Vehicle: 303  Cost: 74.52
Route: 3 14 88 73 77 94 24 93 -3 
  3 [10  93:108]
 14 [ 6 118:123]
 88 [ 9 123:128]
 73 [ 6 146:151]
 77 [ 4 152:157]
 94 [ 5 180:185]
 24 [ 4 201:206]
 93 [ 8 206:211]
 -3 [ 8 224:224]

y[3638] = 1.0
Vehicle: 503  Cost: 57.20
Route: 5 66 118 96 63 62 113 -5 
  5 [ 6  77: 92]
 66 [ 3 116:121]
118 [ 6 121:126]
 96 [ 8 300:305]
 63 [ 6 313:318]
 62 [ 5 324:329]
113 [ 8 329:334]
 -5 [ 8 348:348]

y[3916] = 1.0
Vehicle: 701  Cost: 10.77
Route: 7 85 -7 
  7 [ 0   0:295]
 85 [ 3 300:305]
 -7 [ 3 310:310]

y[6317] = 1.0
Vehicle: 701  Cost: 44.56
Route: 7 53 51 97 84 59 117 -7 
  7 [ 9 370:385]
 53 [ 6 395:400]
 51 [ 3 420:425]
 97 [ 6 432:437]
 84 [ 8 445:450]
 59 [ 5 451:456]
117 [ 7 458:463]
 -7 [ 7 470:470]

y[6647] = 1.0
Vehicle: 602  Cost: 53.56
Route: 6 23 46 79 130 -6 
  6 [10 244:259]
 23 [ 7 280:285]
 46 [ 3 300:305]
 79 [ 0 319:324]
130 [ 4 324:329]
 -6 [ 4 343:343]

y[6978] = 1.0
Vehicle: 306  Cost: 146.29
Route: 3 36 56 90 20 95 132 42 114 -3 
  3 [ 8 121:136]
 36 [ 7 147:152]
 56 [ 3 167:172]
 90 [ 7 186:191]
 20 [ 6 205:210]
 95 [ 8 227:232]
132 [10 235:240]
 42 [ 8 300:305]
114 [10 311:316]
 -3 [10 349:349]

y[7136] = 1.0
Vehicle: 307  Cost: 27.24
Route: 3 125 72 44 104 16 40 102 -3 
  3 [ 9  71: 86]
125 [10  99:104]
 72 [ 7 104:109]
 44 [ 3 300:305]
104 [ 7 305:310]
 16 [ 6 313:318]
 40 [ 5 323:328]
102 [ 7 328:333]
 -3 [ 7 337:337]

y[7721] = 1.0
Vehicle: 601  Cost: 42.73
Route: 6 124 120 68 -6 
  6 [ 3 152:167]
124 [ 5 182:187]
120 [ 7 420:425]
 68 [ 4 425:430]
 -6 [ 4 449:449]

y[7843] = 1.0
Vehicle: 402  Cost: 103.31
Route: 4 57 37 98 45 35 103 41 34 -4 
  4 [10  98:113]
 57 [ 9 145:150]
 37 [ 8 156:161]
 98 [ 9 161:166]
 45 [ 7 170:175]
 35 [ 6 180:185]
103 [10 196:201]
 41 [ 6 201:206]
 34 [ 5 300:305]
 -4 [ 5 323:323]

y[8452] = 1.0
Vehicle: 507  Cost: 95.69
Route: 5 60 76 18 87 67 119 30 -5 
  5 [10  30: 45]
 60 [ 8  65: 70]
 76 [ 4  87: 92]
 18 [ 3  96:101]
 87 [ 7 108:113]
 67 [ 6 300:305]
119 [10 305:310]
 30 [ 8 322:327]
 -5 [ 8 361:361]

y[9418] = 1.0
Vehicle: 301  Cost: 105.41
Route: 3 33 52 92 112 58 25 31 -3 
  3 [10 120:135]
 33 [ 8 172:177]
 52 [ 4 183:188]
 92 [ 6 300:305]
112 [10 317:322]
 58 [ 9 322:327]
 25 [ 7 342:347]
 31 [ 6 350:355]
 -3 [ 6 383:383]

y[9860] = 1.0
Vehicle: 502  Cost: 54.90
Route: 5 78 19 99 105 17 64 -5 
  5 [10 444:459]
 78 [ 7 468:473]
 19 [ 3 483:488]
 99 [ 7 490:495]
105 [10 503:508]
 17 [ 9 526:531]
 64 [ 7 537:542]
 -5 [ 7 544:544]

y[10406] = 1.0
Vehicle: 603  Cost: 125.48
Route: 6 50 109 26 111 80 131 69 -6 
  6 [ 9 120:286]
 50 [ 5 300:305]
109 [ 6 305:310]
 26 [ 3 328:333]
111 [ 7 356:361]
 80 [ 6 376:381]
131 [ 8 381:386]
 69 [ 7 420:425]
 -6 [ 7 460:460]

y[11721] = 1.0
Vehicle: 302  Cost: 97.79
Route: 3 11 86 54 13 12 107 91 -3 
  3 [10 120:177]
 11 [ 7 180:185]
 86 [ 8 185:190]
 54 [ 5 205:210]
 13 [ 2 221:226]
 12 [ 1 246:251]
107 [ 5 300:305]
 91 [ 6 311:316]
 -3 [ 6 346:346]

y[11878] = 1.0
Vehicle: 304  Cost: 83.78
Route: 3 81 126 82 133 49 108 10 65 -3 
  3 [ 9 120:135]
 81 [ 7 144:149]
126 [ 9 151:156]
 82 [ 7 174:179]
133 [ 8 179:184]
 49 [ 7 187:192]
108 [10 192:197]
 10 [ 7 300:305]
 65 [ 6 318:323]
 -3 [ 6 357:357]

y[13730] = 1.0
Vehicle: 403  Cost: 54.47
Route: 4 43 115 71 74 127 29 -4 
  4 [10  52: 67]
 43 [ 7  78: 83]
115 [10  88: 93]
 71 [ 8 180:185]
 74 [ 7 191:196]
127 [ 9 196:201]
 29 [ 5 209:214]
 -4 [ 5 229:229]

y[13781] = 1.0
Vehicle: 504  Cost: 76.47
Route: 5 39 123 134 83 47 106 -5 
  5 [ 7  30: 57]
 39 [ 4  60: 65]
123 [ 6  73: 78]
134 [10 100:105]
 83 [ 9 105:110]
 47 [ 6 300:305]
106 [10 305:310]
 -5 [10 343:343]

y[14540] = 1.0
Vehicle: 605  Cost: 141.92
Route: 6 28 32 61 101 75 128 129 -6 
  6 [10 120:272]
 28 [ 9 300:305]
 32 [ 5 321:326]
 61 [ 3 357:362]
101 [ 7 384:389]
 75 [ 4 420:425]
128 [ 8 425:430]
129 [ 9 456:461]
 -6 [ 9 468:468]

FE: 4
SE: 21
!MIP-----
2039.4372877273308,5401.250926971436,0.049034612282311284,4,21,9228,15071

Run: 3
Total Cost: 2114.55
Vehicle: 12  Cost: 89.55
Route: 1 3 -3 -1 
 1 [ 69   0:  0 [82, 44, 58, 80, 33, 59, 50, 49, 72, 57, 56, 40, 25, 31, 13, 81, 16, 11, 14, 45, 20, 35, 42, 12, 52, 54, 73, 65, 10, 24, 37, 36, 77]]
 3 [  0  45: 45 []]
-3 [ 34  45:412 [98, 112, 90, 117, 131, 84, 92, 93, 91, 107, 124, 114, 132, 95]]
-1 [ 34 457:457 [98, 112, 90, 117, 131, 84, 92, 93, 91, 107, 124, 114, 132, 95]]

Vehicle: 13  Cost: 89.55
Route: 1 -3 -1 
 1 [  0   0:  0 []]
-3 [ 19  45:372 [104, 108, 125, 94, 109, 126, 88, 86, 102, 133]]
-1 [ 19 417:417 [104, 108, 125, 94, 109, 126, 88, 86, 102, 133]]

Vehicle: 14  Cost: 156.31
Route: 1 8 -8 4 -4 -1 
 1 [ 42   0:  0 [27, 74, 41, 79, 34, 46, 22, 15, 32, 28, 61, 21, 55, 29, 23]]
 8 [ 17  78: 78 [27, 74, 79, 34, 22, 55, 29]]
-8 [ 23  78:213 [27, 74, 79, 34, 103, 22, 55, 29, 110]]
 4 [  6 239:239 [103, 110]]
-4 [ 12 239:358 [127, 130, 103, 110]]
-1 [ 12 411:411 [127, 130, 103, 110]]

Vehicle: 16  Cost: 60.46
Route: 1 5 -5 -1 
 1 [ 39   0:  0 [68, 69, 17, 39, 70, 78, 75, 66, 62, 53, 48, 64, 67, 30, 51, 26, 63, 60]]
 5 [  0  30: 30 []]
-5 [ 31  30:548 [119, 89, 129, 97, 111, 116, 128, 120, 105, 121, 85]]
-1 [ 31 578:578 [119, 89, 129, 97, 111, 116, 128, 120, 105, 121, 85]]

Vehicle: 17  Cost: 92.73
Route: 1 9 -9 -5 -1 
 1 [ 20   0:  0 [19, 71, 18, 83, 43, 76, 38, 47]]
 9 [  0  46: 46 []]
-9 [ 32  46:345 [122, 100, 106, 87, 134, 101, 99, 115, 123]]
-5 [ 40 361:376 [118, 122, 113, 100, 106, 87, 134, 101, 99, 115, 123, 96]]
-1 [ 40 406:406 [118, 122, 113, 100, 106, 87, 134, 101, 99, 115, 123, 96]]

Vehicle: 301  Cost: 104.69
Route: 3 73 77 56 90 124 24 93 -3 
  3 [10  45: 60]
 73 [ 7  84: 89]
 77 [ 5  90: 95]
 56 [ 1 105:110]
 90 [ 5 124:129]
124 [ 7 138:143]
 24 [ 6 180:185]
 93 [10 185:190]
 -3 [10 203:203]

Vehicle: 302  Cost: 105.41
Route: 3 33 52 92 112 58 25 31 -3 
  3 [10  45: 60]
 33 [ 8  97:102]
 52 [ 4 108:113]
 92 [ 6 300:305]
112 [10 317:322]
 58 [ 9 322:327]
 25 [ 7 342:347]
 31 [ 6 350:355]
 -3 [ 6 383:383]

Vehicle: 303  Cost: 83.78
Route: 3 81 126 133 82 49 108 10 65 -3 
  3 [ 9  45: 60]
 81 [ 7  69: 74]
126 [ 9  76: 81]
133 [10  99:104]
 82 [ 8 104:109]
 49 [ 7 180:185]
108 [10 185:190]
 10 [ 7 300:305]
 65 [ 6 318:323]
 -3 [ 6 357:357]

Vehicle: 304  Cost: 5.66
Route: 3 86 11 -3 
  3 [ 3  45:177]
 86 [ 4 180:185]
 11 [ 1 185:190]
 -3 [ 1 193:193]

Vehicle: 305  Cost: 193.31
Route: 3 36 57 37 98 45 35 20 132 95 131 80 42 114 -3 
  3 [10  45: 60]
 36 [ 9  71: 76]
 57 [ 8 106:111]
 37 [ 7 118:123]
 98 [ 8 123:128]
 45 [ 6 132:137]
 35 [ 5 180:185]
 20 [ 4 222:227]
132 [ 6 241:246]
 95 [ 8 249:254]
131 [10 300:305]
 80 [ 9 305:310]
 42 [ 7 348:353]
114 [ 9 359:364]
 -3 [ 9 397:397]

Vehicle: 306  Cost: 106.74
Route: 3 54 13 12 107 91 59 84 117 -3 
  3 [10  45: 60]
 54 [ 7  72: 77]
 13 [ 4  88: 93]
 12 [ 3 180:185]
107 [ 7 300:305]
 91 [ 8 311:316]
 59 [ 5 337:342]
 84 [ 7 343:348]
117 [ 9 350:355]
 -3 [ 9 375:375]

Vehicle: 307  Cost: 27.24
Route: 3 72 125 44 104 16 102 40 -3 
  3 [ 9  45: 60]
 72 [ 6  72: 77]
125 [ 7  77: 82]
 44 [ 3 300:305]
104 [ 7 305:310]
 16 [ 6 313:318]
102 [ 8 323:328]
 40 [ 7 328:333]
 -3 [ 7 337:337]

Vehicle: 308  Cost: 57.41
Route: 3 14 88 94 109 50 -3 
  3 [ 8  45: 60]
 14 [ 4  70: 75]
 88 [ 7  75: 80]
 94 [ 8 180:185]
109 [ 9 300:305]
 50 [ 5 305:310]
 -3 [ 5 334:334]

Vehicle: 401  Cost: 51.51
Route: 4 74 127 29 34 79 130 -4 
  4 [ 9 239:254]
 74 [ 8 267:272]
127 [10 272:277]
 29 [ 6 284:289]
 34 [ 5 300:305]
 79 [ 2 315:320]
130 [ 6 320:325]
 -4 [ 6 343:343]

Vehicle: 402  Cost: 23.34
Route: 4 55 27 22 -4 
  4 [ 8 239:254]
 55 [ 7 256:261]
 27 [ 4 270:275]
 22 [ 0 300:305]
 -4 [ 0 315:315]

Vehicle: 502  Cost: 88.70
Route: 5 60 89 48 30 67 119 121 70 -5 
  5 [ 8  30: 45]
 60 [ 6  65: 70]
 89 [10  79: 84]
 48 [ 8 300:305]
 30 [ 6 321:326]
 67 [ 5 338:343]
119 [ 9 343:348]
121 [10 365:370]
 70 [ 9 370:375]
 -5 [ 9 387:387]

Vehicle: 503  Cost: 81.47
Route: 5 39 17 128 75 105 78 -5 
  5 [10  30: 57]
 39 [ 7  60: 65]
 17 [ 6 420:425]
128 [10 448:453]
 75 [ 7 453:458]
105 [10 483:488]
 78 [ 7 505:510]
 -5 [ 7 518:518]

Vehicle: 504  Cost: 57.20
Route: 5 66 118 96 63 62 113 -5 
  5 [ 6  30: 45]
 66 [ 3  68: 73]
118 [ 6  73: 78]
 96 [ 8 300:305]
 63 [ 6 313:318]
 62 [ 5 324:329]
113 [ 8 329:334]
 -5 [ 8 348:348]

Vehicle: 505  Cost: 44.01
Route: 5 85 53 97 51 -5 
  5 [ 6  30:289]
 85 [ 9 300:305]
 53 [ 6 314:319]
 97 [ 9 322:327]
 51 [ 6 420:425]
 -5 [ 6 438:438]

Vehicle: 506  Cost: 189.56
Route: 5 64 116 26 111 69 68 120 129 -5 
  5 [ 9  30:298]
 64 [ 7 300:305]
116 [ 9 330:335]
 26 [ 6 374:379]
111 [10 402:407]
 69 [ 9 420:425]
 68 [ 6 447:452]
120 [ 8 452:457]
129 [ 9 483:488]
 -5 [ 9 533:533]

Vehicle: 801  Cost: 99.95
Route: 8 21 28 32 61 -8 
  8 [10  78: 93]
 21 [ 7 105:110]
 28 [ 6 300:305]
 32 [ 2 321:326]
 61 [ 0 357:362]
 -8 [ 0 387:387]

Vehicle: 802  Cost: 18.81
Route: 8 23 46 -8 
  8 [ 7  78: 93]
 23 [ 4  99:104]
 46 [ 0 300:305]
 -8 [ 0 313:313]

Vehicle: 803  Cost: 81.15
Route: 8 41 103 110 15 -8 
  8 [ 8  78: 93]
 41 [ 4 116:121]
103 [ 8 121:126]
110 [10 154:159]
 15 [ 6 180:185]
 -8 [ 6 198:198]

Vehicle: 901  Cost: 22.23
Route: 9 99 19 -9 
  9 [ 4  46:289]
 99 [ 8 300:305]
 19 [ 4 307:312]
 -9 [ 4 321:321]

Vehicle: 902  Cost: 78.09
Route: 9 134 83 18 76 87 123 -9 
  9 [ 6  46: 61]
134 [10  82: 87]
 83 [ 9  87: 92]
 18 [ 8 107:112]
 76 [ 4 115:120]
 87 [ 8 129:134]
123 [10 158:163]
 -9 [10 169:169]

Vehicle: 903  Cost: 46.95
Route: 9 38 100 47 106 -9 
  9 [ 5  46:173]
 38 [ 3 180:185]
100 [ 7 185:190]
 47 [ 4 300:305]
106 [ 8 305:310]
 -9 [ 8 329:329]

Vehicle: 904  Cost: 58.74
Route: 9 115 43 122 71 101 -9 
  9 [ 5  46: 61]
115 [ 8  76: 81]
 43 [ 5  86: 91]
122 [ 8 180:185]
 71 [ 6 185:190]
101 [10 300:305]
 -9 [10 330:330]

Total Cost: 2114.55
 12:89.55, 69:75 [1, 3, -3, -1]
 13:89.55, 19:75 [1, -3, -1]
 14:156.31, 42:75 [1, 8, -8, 4, -4, -1]
 16:60.46, 39:75 [1, 5, -5, -1]
 17:92.73, 40:75 [1, 9, -9, -5, -1]
301:104.69, 10:10 [3, 73, 77, 56, 90, 124, 24, 93, -3]
302:105.41, 10:10 [3, 33, 52, 92, 112, 58, 25, 31, -3]
303:83.78, 10:10 [3, 81, 126, 133, 82, 49, 108, 10, 65, -3]
304:5.66, 4:10 [3, 86, 11, -3]
305:193.31, 10:10 [3, 36, 57, 37, 98, 45, 35, 20, 132, 95, 131, 80, 42, 114, -3]
306:106.74, 10:10 [3, 54, 13, 12, 107, 91, 59, 84, 117, -3]
307:27.24, 9:10 [3, 72, 125, 44, 104, 16, 102, 40, -3]
308:57.41, 9:10 [3, 14, 88, 94, 109, 50, -3]
401:51.51, 10:10 [4, 74, 127, 29, 34, 79, 130, -4]
402:23.34, 8:10 [4, 55, 27, 22, -4]
502:88.70, 10:10 [5, 60, 89, 48, 30, 67, 119, 121, 70, -5]
503:81.47, 10:10 [5, 39, 17, 128, 75, 105, 78, -5]
504:57.20, 8:10 [5, 66, 118, 96, 63, 62, 113, -5]
505:44.01, 9:10 [5, 85, 53, 97, 51, -5]
506:189.56, 10:10 [5, 64, 116, 26, 111, 69, 68, 120, 129, -5]
801:99.95, 10:10 [8, 21, 28, 32, 61, -8]
802:18.81, 7:10 [8, 23, 46, -8]
803:81.15, 10:10 [8, 41, 103, 110, 15, -8]
901:22.23, 8:10 [9, 99, 19, -9]
902:78.09, 10:10 [9, 134, 83, 18, 76, 87, 123, -9]
903:46.95, 8:10 [9, 38, 100, 47, 106, -9]
904:58.74, 10:10 [9, 115, 43, 122, 71, 101, -9]
fe: 5, se: 22

!ALNS------------
100000,2114.5495709577945,1128.994,406.222,5,22,0.5573333333333333,0.9090909090909091,25.0,5.681818181818182
9 25 16 5 0 2 9 1 
9.926142231388491 24.429303985767227 10.787681616517888 12.79087421735224 31.92624696810924 26.281408704608545 15.041482501819365 26.265057347052036 
12 5 6 10 10 6 7 11 
15.623552409306857 16.701773797292095 17.3642972817934 17.19052186721444 16.15880909610085 17.174755542471683 17.56129797540483 15.003061118001062 

x[2558] = 1.0
Vehicle: 16  Cost: 60.46
Route: 1 5 -5 -1 
 1 [ 40   0:  0 [78, 75, 67, 63, 17, 48, 68, 53, 64, 51, 57, 60, 66, 39, 30, 70, 79, 69, 62]]
 5 [  0  30: 30 []]
-5 [ 29  30:585 [120, 121, 97, 129, 105, 85, 119, 89, 128, 130]]
-1 [ 29 616:616 [120, 121, 97, 129, 105, 85, 119, 89, 128, 130]]

x[7649] = 1.0
Vehicle: 17  Cost: 92.73
Route: 1 9 -9 -5 -1 
 1 [ 25   0:  0 [18, 83, 43, 47, 19, 74, 76, 38, 71, 29]]
 9 [  0  46: 46 []]
-9 [ 34  46:345 [122, 106, 134, 101, 127, 123, 87, 99, 100, 115]]
-5 [ 42 361:376 [118, 122, 106, 134, 101, 127, 123, 87, 113, 99, 96, 100, 115]]
-1 [ 42 406:406 [118, 122, 106, 134, 101, 127, 123, 87, 113, 99, 96, 100, 115]]

x[8544] = 1.0
Vehicle: 12  Cost: 89.55
Route: 1 3 -3 -1 
 1 [ 71   0:  0 [58, 59, 40, 31, 73, 26, 65, 37, 81, 49, 82, 42, 45, 24, 54, 56, 72, 44, 16, 36, 14, 20, 50, 33, 52, 77, 80, 13, 12, 25, 35, 10, 11]]
 3 [  0  45: 45 []]
-3 [ 47  45:421 [117, 92, 91, 84, 108, 90, 98, 95, 107, 88, 93, 126, 112, 111, 131, 114, 133, 132, 124]]
-1 [ 47 466:466 [117, 92, 91, 84, 108, 90, 98, 95, 107, 88, 93, 126, 112, 111, 131, 114, 133, 132, 124]]

x[9110] = 1.0
Vehicle: 13  Cost: 183.11
Route: 1 8 -8 4 2 -2 -3 -1 
 1 [ 34   0:  0 [15, 28, 23, 21, 32, 41, 46, 55, 61, 34, 22, 27]]
 8 [  8  78: 78 [55, 22, 27]]
-8 [ 14  78:213 [103, 110, 55, 22, 27]]
 4 [ 13 239:254 [103, 110, 22, 27]]
 2 [  6 271:271 [103, 110]]
-2 [  8 271:334 [116, 103, 110]]
-3 [ 18 351:366 [125, 86, 94, 103, 110, 102, 104, 109, 116]]
-1 [ 18 411:411 [125, 86, 94, 103, 110, 102, 104, 109, 116]]

y[2183] = 1.0
Vehicle: 505  Cost: 44.01
Route: 5 85 53 97 51 -5 
  5 [ 6 369:384]
 85 [ 9 395:400]
 53 [ 6 409:414]
 97 [ 9 417:422]
 51 [ 6 429:434]
 -5 [ 6 448:448]

y[2920] = 1.0
Vehicle: 203  Cost: 17.85
Route: 2 27 22 116 -2 
  2 [ 7 271:286]
 27 [ 4 293:298]
 22 [ 0 300:305]
116 [ 2 312:317]
 -2 [ 2 319:319]

y[3372] = 1.0
Vehicle: 503  Cost: 81.47
Route: 5 39 17 128 75 105 78 -5 
  5 [10 103:118]
 39 [ 7 121:126]
 17 [ 6 420:425]
128 [10 448:453]
 75 [ 7 453:458]
105 [10 483:488]
 78 [ 7 505:510]
 -5 [ 7 518:518]

y[3468] = 1.0
Vehicle: 901  Cost: 58.95
Route: 9 123 134 83 47 106 -9 
  9 [ 4  46: 61]
123 [ 6  68: 73]
134 [10  95:100]
 83 [ 9 100:105]
 47 [ 6 300:305]
106 [10 305:310]
 -9 [10 329:329]

y[3930] = 1.0
Vehicle: 301  Cost: 77.37
Route: 3 14 88 42 114 26 -3 
  3 [ 9  45: 60]
 14 [ 5  70: 75]
 88 [ 8  75: 80]
 42 [ 6 300:305]
114 [ 8 311:316]
 26 [ 5 323:328]
 -3 [ 5 358:358]

y[4759] = 1.0
Vehicle: 307  Cost: 27.24
Route: 3 72 125 44 104 16 40 102 -3 
  3 [ 9  84: 99]
 72 [ 6 111:116]
125 [ 7 116:121]
 44 [ 3 300:305]
104 [ 7 305:310]
 16 [ 6 313:318]
 40 [ 5 323:328]
102 [ 7 328:333]
 -3 [ 7 337:337]

y[5407] = 1.0
Vehicle: 401  Cost: 4.47
Route: 4 55 -4 
  4 [ 1 278:293]
 55 [ 0 295:300]
 -4 [ 0 302:302]

y[6043] = 1.0
Vehicle: 304  Cost: 132.72
Route: 3 56 124 98 37 45 35 90 94 36 -3 
  3 [ 9  45: 60]
 56 [ 5  85: 90]
124 [ 7 108:113]
 98 [ 8 125:130]
 37 [ 7 130:135]
 45 [ 5 139:144]
 35 [ 4 180:185]
 90 [ 8 211:216]
 94 [ 9 235:240]
 36 [ 8 252:257]
 -3 [ 8 268:268]

y[6170] = 1.0
Vehicle: 901  Cost: 30.53
Route: 9 115 38 100 -9 
  9 [ 2 132:147]
115 [ 5 162:167]
 38 [ 3 180:185]
100 [ 7 185:190]
 -9 [ 7 197:197]

y[6184] = 1.0
Vehicle: 301  Cost: 138.14
Route: 3 73 77 20 132 95 80 131 111 -3 
  3 [ 7  77: 92]
 73 [ 4 117:122]
 77 [ 2 123:128]
 20 [ 1 151:156]
132 [ 3 170:175]
 95 [ 5 178:183]
 80 [ 4 300:305]
131 [ 6 305:310]
111 [10 325:330]
 -3 [10 383:383]

y[6272] = 1.0
Vehicle: 801  Cost: 81.15
Route: 8 41 103 110 15 -8 
  8 [ 8  78: 93]
 41 [ 4 116:121]
103 [ 8 121:126]
110 [10 154:159]
 15 [ 6 180:185]
 -8 [ 6 198:198]

y[6488] = 1.0
Vehicle: 802  Cost: 31.54
Route: 8 23 46 34 -8 
  8 [ 8 143:158]
 23 [ 5 165:170]
 46 [ 1 300:305]
 34 [ 0 318:323]
 -8 [ 0 331:331]

y[7253] = 1.0
Vehicle: 904  Cost: 72.07
Route: 9 76 18 87 19 99 -9 
  9 [ 9  46: 61]
 76 [ 5  94: 99]
 18 [ 4 102:107]
 87 [ 8 115:120]
 19 [ 4 300:305]
 99 [ 8 307:312]
 -9 [ 8 323:323]

y[7341] = 1.0
Vehicle: 801  Cost: 99.95
Route: 8 21 28 32 61 -8 
  8 [10 242:257]
 21 [ 7 269:274]
 28 [ 6 300:305]
 32 [ 2 321:326]
 61 [ 0 357:362]
 -8 [ 0 387:387]

y[7920] = 0.9999999999940704
Vehicle: 502  Cost: 88.70
Route: 5 60 89 48 30 67 119 121 70 -5 
  5 [ 8 114:129]
 60 [ 6 148:153]
 89 [10 162:167]
 48 [ 8 300:305]
 30 [ 6 321:326]
 67 [ 5 338:343]
119 [ 9 343:348]
121 [10 365:370]
 70 [ 9 370:375]
 -5 [ 9 387:387]

y[8579] = 1.0
Vehicle: 306  Cost: 106.74
Route: 3 54 13 12 107 91 59 84 117 -3 
  3 [10  93:108]
 54 [ 7 121:126]
 13 [ 4 137:142]
 12 [ 3 180:185]
107 [ 7 300:305]
 91 [ 8 311:316]
 59 [ 5 337:342]
 84 [ 7 343:348]
117 [ 9 350:355]
 -3 [ 9 375:375]

y[9653] = 1.0
Vehicle: 904  Cost: 71.37
Route: 9 43 74 127 29 71 122 101 -9 
  9 [10  46: 61]
 43 [ 7  79: 84]
 74 [ 6  90: 95]
127 [ 8  95:100]
 29 [ 4 180:185]
 71 [ 2 196:201]
122 [ 5 201:206]
101 [ 9 300:305]
 -9 [ 9 330:330]

y[10337] = 1.0
Vehicle: 302  Cost: 105.41
Route: 3 33 52 92 58 112 25 31 -3 
  3 [10  71: 86]
 33 [ 8 123:128]
 52 [ 4 134:139]
 92 [ 6 300:305]
 58 [ 5 317:322]
112 [ 9 322:327]
 25 [ 7 342:347]
 31 [ 6 350:355]
 -3 [ 6 383:383]

y[11786] = 1.0
Vehicle: 308  Cost: 55.59
Route: 3 11 86 24 93 109 50 -3 
  3 [ 8  45:177]
 11 [ 5 180:185]
 86 [ 6 185:190]
 24 [ 5 203:208]
 93 [ 9 208:213]
109 [10 300:305]
 50 [ 6 305:310]
 -3 [ 6 334:334]

y[12692] = 0.9999999999987296
Vehicle: 303  Cost: 83.78
Route: 3 81 126 82 133 49 108 10 65 -3 
  3 [ 9 120:135]
 81 [ 7 144:149]
126 [ 9 151:156]
 82 [ 7 174:179]
133 [ 8 179:184]
 49 [ 7 187:192]
108 [10 192:197]
 10 [ 7 300:305]
 65 [ 6 318:323]
 -3 [ 6 357:357]

y[15804] = 1.0
Vehicle: 502  Cost: 57.20
Route: 5 66 118 96 63 62 113 -5 
  5 [ 6 229:244]
 66 [ 3 267:272]
118 [ 6 272:277]
 96 [ 8 300:305]
 63 [ 6 313:318]
 62 [ 5 324:329]
113 [ 8 329:334]
 -5 [ 8 348:348]

y[15935] = 1.0
Vehicle: 506  Cost: 186.62
Route: 5 57 68 120 69 129 79 130 64 -5 
  5 [10  30: 45]
 57 [ 9 101:106]
 68 [ 6 420:425]
120 [ 8 425:430]
 69 [ 7 452:457]
129 [ 8 499:504]
 79 [ 5 512:517]
130 [ 9 517:522]
 64 [ 7 563:568]
 -5 [ 7 570:570]

FE: 4
SE: 22
!MIP-----
2078.724303334319,5402.520003080368,0.04868304328877358,4,22,11025,16118

Run: 4
Total Cost: 1988.41
Vehicle: 11  Cost: 134.29
Route: 1 3 -3 -4 -5 -1 
 1 [ 75   0:  0 [40, 50, 45, 26, 57, 33, 52, 56, 82, 69, 36, 77, 16, 20, 11, 31, 73, 14, 49, 80, 68, 35, 12, 13, 58, 51, 65, 42, 25, 10, 54, 44, 81, 37, 72]]
 3 [  0  45: 45 []]
-3 [ 25  45:537 [131, 120, 92, 107, 91, 112, 111, 84, 129, 97]]
-4 [ 33 571:586 [128, 131, 120, 92, 107, 130, 91, 112, 111, 84, 129, 97]]
-5 [ 40 611:626 [105, 131, 128, 120, 92, 107, 130, 91, 112, 111, 84, 129, 99, 97]]
-1 [ 40 656:656 [128, 131, 105, 120, 92, 107, 130, 91, 112, 111, 84, 129, 99, 97]]

Vehicle: 12  Cost: 110.62
Route: 1 5 4 -4 -5 -1 
 1 [ 62   0:  0 [53, 74, 78, 83, 43, 64, 19, 63, 18, 66, 34, 60, 67, 59, 48, 39, 76, 62, 47, 29, 75, 38, 55, 30, 71, 79, 70, 17]]
 5 [ 20  30: 45 [74, 43, 34, 29, 75, 38, 55, 71, 79]]
 4 [  0  70: 70 []]
-4 [ 16  70:343 [122, 127, 101, 115, 100]]
-5 [ 52 368:383 [123, 134, 87, 118, 85, 113, 119, 121, 96, 106, 122, 127, 89, 117, 101, 115, 100]]
-1 [ 52 413:413 [123, 134, 87, 118, 85, 113, 119, 121, 96, 106, 122, 127, 89, 117, 101, 115, 100]]

Vehicle: 13  Cost: 179.30
Route: 1 8 -8 2 -2 -3 -1 
 1 [ 33   0:  0 [15, 27, 41, 32, 22, 24, 21, 28, 23, 61, 46]]
 8 [  8  78: 78 [27, 22, 24]]
-8 [ 14  78:213 [27, 103, 110, 22, 24]]
 2 [  6 252:252 [103, 110]]
-2 [ 12 252:334 [93, 103, 110, 116]]
-3 [ 44 351:372 [133, 98, 126, 88, 125, 93, 103, 90, 110, 102, 124, 109, 86, 104, 116, 94, 108, 95, 132, 114]]
-1 [ 44 417:417 [133, 98, 126, 88, 125, 93, 103, 90, 110, 102, 124, 109, 86, 104, 116, 94, 108, 95, 132, 114]]

Vehicle: 201  Cost: 17.85
Route: 2 27 22 116 -2 
  2 [ 7 252:267]
 27 [ 4 274:279]
 22 [ 0 300:305]
116 [ 2 311:316]
 -2 [ 2 319:319]

Vehicle: 202  Cost: 16.12
Route: 2 24 93 -2 
  2 [ 1 252:267]
 24 [ 0 275:280]
 93 [ 4 280:285]
 -2 [ 4 293:293]

Vehicle: 301  Cost: 105.41
Route: 3 33 52 92 58 112 25 31 -3 
  3 [10  45: 60]
 33 [ 8  97:102]
 52 [ 4 108:113]
 92 [ 6 300:305]
 58 [ 5 317:322]
112 [ 9 322:327]
 25 [ 7 342:347]
 31 [ 6 350:355]
 -3 [ 6 383:383]

Vehicle: 302  Cost: 170.17
Route: 3 77 26 111 80 131 69 68 120 129 -3 
  3 [10  45: 60]
 77 [ 8  85: 90]
 26 [ 5 300:305]
111 [ 9 328:333]
 80 [ 8 348:353]
131 [10 353:358]
 69 [ 9 420:425]
 68 [ 6 447:452]
120 [ 8 452:457]
129 [ 9 483:488]
 -3 [ 9 522:522]

Vehicle: 303  Cost: 153.00
Route: 3 73 56 90 20 95 132 42 114 -3 
  3 [10  45: 60]
 73 [ 7  84: 89]
 56 [ 3  98:103]
 90 [ 7 117:122]
 20 [ 6 136:141]
 95 [ 8 158:163]
132 [10 166:171]
 42 [ 8 300:305]
114 [10 311:316]
 -3 [10 349:349]

Vehicle: 304  Cost: 117.60
Route: 3 36 57 37 98 45 35 124 94 109 50 -3 
  3 [10  45: 60]
 36 [ 9  71: 76]
 57 [ 8 106:111]
 37 [ 7 118:123]
 98 [ 8 123:128]
 45 [ 6 132:137]
 35 [ 5 180:185]
124 [ 7 203:208]
 94 [ 8 226:231]
109 [ 9 300:305]
 50 [ 5 305:310]
 -3 [ 5 334:334]

Vehicle: 305  Cost: 122.70
Route: 3 54 13 12 107 91 51 97 84 -3 
  3 [10  45: 60]
 54 [ 7  72: 77]
 13 [ 4  88: 93]
 12 [ 3 180:185]
107 [ 7 300:305]
 91 [ 8 311:316]
 51 [ 5 420:425]
 97 [ 8 432:437]
 84 [10 445:450]
 -3 [10 472:472]

Vehicle: 306  Cost: 83.78
Route: 3 81 126 82 133 49 108 10 65 -3 
  3 [ 9  45: 60]
 81 [ 7  69: 74]
126 [ 9  76: 81]
 82 [ 7  99:104]
133 [ 8 104:109]
 49 [ 7 180:185]
108 [10 185:190]
 10 [ 7 300:305]
 65 [ 6 318:323]
 -3 [ 6 357:357]

Vehicle: 308  Cost: 19.96
Route: 3 14 88 86 11 -3 
  3 [ 7  45: 60]
 14 [ 3  70: 75]
 88 [ 6  75: 80]
 86 [ 7 180:185]
 11 [ 4 185:190]
 -3 [ 4 193:193]

Vehicle: 309  Cost: 27.24
Route: 3 72 125 44 104 16 102 40 -3 
  3 [ 9  45: 60]
 72 [ 6  72: 77]
125 [ 7  77: 82]
 44 [ 3 300:305]
104 [ 7 305:310]
 16 [ 6 313:318]
102 [ 8 323:328]
 40 [ 7 328:333]
 -3 [ 7 337:337]

Vehicle: 401  Cost: 45.11
Route: 4 43 115 100 38 55 -4 
  4 [ 6  70: 85]
 43 [ 3  96:101]
115 [ 6 106:111]
100 [10 180:185]
 38 [ 8 185:190]
 55 [ 7 209:214]
 -4 [ 7 216:216]

Vehicle: 402  Cost: 56.71
Route: 4 29 127 74 71 122 101 -4 
  4 [ 7  70:165]
 29 [ 3 180:185]
127 [ 5 192:197]
 74 [ 4 197:202]
 71 [ 2 209:214]
122 [ 5 214:219]
101 [ 9 300:305]
 -4 [ 9 328:328]

Vehicle: 403  Cost: 52.32
Route: 4 75 128 34 79 130 -4 
  4 [ 7  70:409]
 75 [ 4 420:425]
128 [ 8 425:430]
 34 [ 7 443:448]
 79 [ 4 458:463]
130 [ 8 463:468]
 -4 [ 8 486:486]

Vehicle: 503  Cost: 61.07
Route: 5 78 19 105 99 17 64 -5 
  5 [10  30:411]
 78 [ 7 420:425]
 19 [ 3 435:440]
105 [ 6 448:453]
 99 [10 461:466]
 17 [ 9 484:489]
 64 [ 7 495:500]
 -5 [ 7 502:502]

Vehicle: 504  Cost: 42.87
Route: 5 53 59 117 85 -5 
  5 [ 6  30:287]
 53 [ 3 300:305]
 59 [ 0 312:317]
117 [ 2 319:324]
 85 [ 5 333:338]
 -5 [ 5 350:350]

Vehicle: 505  Cost: 95.69
Route: 5 60 76 18 87 67 119 30 -5 
  5 [10  30: 45]
 60 [ 8  65: 70]
 76 [ 4  87: 92]
 18 [ 3  96:101]
 87 [ 7 108:113]
 67 [ 6 300:305]
119 [10 305:310]
 30 [ 8 322:327]
 -5 [ 8 361:361]

Vehicle: 506  Cost: 76.47
Route: 5 39 123 83 134 47 106 -5 
  5 [ 7  30: 57]
 39 [ 4  60: 65]
123 [ 6  73: 78]
 83 [ 5 100:105]
134 [ 9 105:110]
 47 [ 6 300:305]
106 [10 305:310]
 -5 [10 343:343]

Vehicle: 507  Cost: 43.00
Route: 5 89 48 70 121 -5 
  5 [ 3  30: 45]
 89 [ 7  66: 71]
 48 [ 5 300:305]
 70 [ 4 312:317]
121 [ 5 317:322]
 -5 [ 5 334:334]

Vehicle: 508  Cost: 57.20
Route: 5 66 118 96 63 62 113 -5 
  5 [ 6  30: 45]
 66 [ 3  68: 73]
118 [ 6  73: 78]
 96 [ 8 300:305]
 63 [ 6 313:318]
 62 [ 5 324:329]
113 [ 8 329:334]
 -5 [ 8 348:348]

Vehicle: 801  Cost: 99.95
Route: 8 21 28 32 61 -8 
  8 [10  78: 93]
 21 [ 7 105:110]
 28 [ 6 300:305]
 32 [ 2 321:326]
 61 [ 0 357:362]
 -8 [ 0 387:387]

Vehicle: 802  Cost: 81.15
Route: 8 41 103 110 15 -8 
  8 [ 8  78: 93]
 41 [ 4 116:121]
103 [ 8 121:126]
110 [10 154:159]
 15 [ 6 180:185]
 -8 [ 6 198:198]

Vehicle: 803  Cost: 18.81
Route: 8 23 46 -8 
  8 [ 7  78: 93]
 23 [ 4  99:104]
 46 [ 0 300:305]
 -8 [ 0 313:313]

Total Cost: 1988.41
 11:134.29, 75:75 [1, 3, -3, -4, -5, -1]
 12:110.62, 62:75 [1, 5, 4, -4, -5, -1]
 13:179.30, 44:75 [1, 8, -8, 2, -2, -3, -1]
201:17.85, 7:10 [2, 27, 22, 116, -2]
202:16.12, 4:10 [2, 24, 93, -2]
301:105.41, 10:10 [3, 33, 52, 92, 58, 112, 25, 31, -3]
302:170.17, 10:10 [3, 77, 26, 111, 80, 131, 69, 68, 120, 129, -3]
303:153.00, 10:10 [3, 73, 56, 90, 20, 95, 132, 42, 114, -3]
304:117.60, 10:10 [3, 36, 57, 37, 98, 45, 35, 124, 94, 109, 50, -3]
305:122.70, 10:10 [3, 54, 13, 12, 107, 91, 51, 97, 84, -3]
306:83.78, 10:10 [3, 81, 126, 82, 133, 49, 108, 10, 65, -3]
308:19.96, 7:10 [3, 14, 88, 86, 11, -3]
309:27.24, 9:10 [3, 72, 125, 44, 104, 16, 102, 40, -3]
401:45.11, 10:10 [4, 43, 115, 100, 38, 55, -4]
402:56.71, 9:10 [4, 29, 127, 74, 71, 122, 101, -4]
403:52.32, 8:10 [4, 75, 128, 34, 79, 130, -4]
503:61.07, 10:10 [5, 78, 19, 105, 99, 17, 64, -5]
504:42.87, 6:10 [5, 53, 59, 117, 85, -5]
505:95.69, 10:10 [5, 60, 76, 18, 87, 67, 119, 30, -5]
506:76.47, 10:10 [5, 39, 123, 83, 134, 47, 106, -5]
507:43.00, 7:10 [5, 89, 48, 70, 121, -5]
508:57.20, 8:10 [5, 66, 118, 96, 63, 62, 113, -5]
801:99.95, 10:10 [8, 21, 28, 32, 61, -8]
802:81.15, 10:10 [8, 41, 103, 110, 15, -8]
803:18.81, 7:10 [8, 23, 46, -8]
fe: 3, se: 22

!ALNS------------
100000,1988.405376414783,764.566,739.471,3,22,0.8044444444444444,0.8727272727272727,41.666666666666664,5.681818181818182
35 22 9 10 0 4 13 1 
9.477487800259304 24.775747013645958 9.756292140449036 14.777949032539242 NaN 22.67119767096409 16.72696019605596 36.503664454991075 
11 12 9 5 17 11 21 8 
18.99007738694165 18.632474579854122 17.373878734051857 15.428790076426026 18.30654317151534 17.95918961442297 16.588561212241068 16.750819176733255 

x[2460] = 1.0
Vehicle: 12  Cost: 110.62
Route: 1 5 4 -4 -5 -1 
 1 [ 62   0:  0 [53, 74, 78, 83, 43, 64, 19, 63, 18, 66, 34, 60, 67, 59, 48, 39, 76, 62, 47, 29, 75, 38, 55, 30, 71, 79, 70, 17]]
 5 [ 20  30: 45 [74, 43, 34, 29, 75, 38, 55, 71, 79]]
 4 [  0  70: 70 []]
-4 [ 16  70:343 [122, 127, 101, 115, 100]]
-5 [ 52 368:383 [123, 134, 87, 118, 85, 113, 119, 121, 96, 106, 122, 127, 89, 117, 101, 115, 100]]
-1 [ 52 413:413 [123, 134, 87, 118, 85, 113, 119, 121, 96, 106, 122, 127, 89, 117, 101, 115, 100]]

x[4322] = 1.0
Vehicle: 11  Cost: 134.29
Route: 1 3 -3 -4 -5 -1 
 1 [ 75   0:  0 [40, 50, 45, 26, 57, 33, 52, 56, 82, 69, 36, 77, 16, 20, 11, 31, 73, 14, 49, 80, 68, 35, 12, 13, 58, 51, 65, 42, 25, 10, 54, 44, 81, 37, 72]]
 3 [  0  45: 45 []]
-3 [ 25  45:537 [131, 120, 92, 107, 91, 112, 111, 84, 129, 97]]
-4 [ 33 571:586 [128, 131, 120, 92, 107, 130, 91, 112, 111, 84, 129, 97]]
-5 [ 40 611:626 [105, 131, 128, 120, 92, 107, 130, 91, 112, 111, 84, 129, 99, 97]]
-1 [ 40 656:656 [128, 131, 105, 120, 92, 107, 130, 91, 112, 111, 84, 129, 99, 97]]

x[8519] = 1.0
Vehicle: 13  Cost: 179.30
Route: 1 8 -8 2 -2 -3 -1 
 1 [ 33   0:  0 [15, 27, 24, 23, 41, 21, 61, 32, 46, 22, 28]]
 8 [  8  78: 78 [27, 24, 22]]
-8 [ 14  78:213 [103, 27, 24, 110, 22]]
 2 [  6 252:252 [103, 110]]
-2 [ 12 252:334 [103, 116, 110, 93]]
-3 [ 44 351:372 [133, 98, 126, 88, 125, 103, 104, 116, 132, 114, 109, 108, 124, 95, 102, 86, 90, 110, 93, 94]]
-1 [ 44 417:417 [133, 98, 126, 88, 125, 103, 104, 116, 132, 114, 109, 108, 124, 95, 102, 86, 90, 110, 93, 94]]

y[466] = 1.0
Vehicle: 201  Cost: 17.85
Route: 2 27 22 116 -2 
  2 [ 7 262:277]
 27 [ 4 284:289]
 22 [ 0 300:305]
116 [ 2 311:316]
 -2 [ 2 319:319]

y[802] = 1.0
Vehicle: 305  Cost: 122.70
Route: 3 54 13 12 107 91 51 97 84 -3 
  3 [10  45: 60]
 54 [ 7  72: 77]
 13 [ 4  88: 93]
 12 [ 3 180:185]
107 [ 7 300:305]
 91 [ 8 311:316]
 51 [ 5 420:425]
 97 [ 8 432:437]
 84 [10 445:450]
 -3 [10 472:472]

y[1383] = 1.0
Vehicle: 503  Cost: 43.00
Route: 5 89 48 121 70 -5 
  5 [ 3  30: 45]
 89 [ 7  66: 71]
 48 [ 5 300:305]
121 [ 6 312:317]
 70 [ 5 317:322]
 -5 [ 5 334:334]

y[1552] = 1.0
Vehicle: 304  Cost: 117.60
Route: 3 36 57 37 98 45 35 124 94 109 50 -3 
  3 [10  71: 86]
 36 [ 9  97:102]
 57 [ 8 133:138]
 37 [ 7 144:149]
 98 [ 8 149:154]
 45 [ 6 158:163]
 35 [ 5 180:185]
124 [ 7 203:208]
 94 [ 8 226:231]
109 [ 9 300:305]
 50 [ 5 305:310]
 -3 [ 5 334:334]

y[1600] = 1.0
Vehicle: 403  Cost: 52.32
Route: 4 79 130 34 75 128 -4 
  4 [ 7 112:282]
 79 [ 4 300:305]
130 [ 8 305:310]
 34 [ 7 320:325]
 75 [ 4 420:425]
128 [ 8 425:430]
 -4 [ 8 441:441]

y[1936] = 1.0
Vehicle: 309  Cost: 27.24
Route: 3 72 125 44 104 16 102 40 -3 
  3 [ 9  93:108]
 72 [ 6 121:126]
125 [ 7 126:131]
 44 [ 3 300:305]
104 [ 7 305:310]
 16 [ 6 313:318]
102 [ 8 323:328]
 40 [ 7 328:333]
 -3 [ 7 337:337]

y[2036] = 1.0
Vehicle: 505  Cost: 95.69
Route: 5 60 76 18 87 67 119 30 -5 
  5 [10  87:102]
 60 [ 8 122:127]
 76 [ 4 144:149]
 18 [ 3 153:158]
 87 [ 7 165:170]
 67 [ 6 300:305]
119 [10 305:310]
 30 [ 8 322:327]
 -5 [ 8 361:361]

y[2364] = 1.0
Vehicle: 306  Cost: 83.78
Route: 3 81 126 82 133 49 108 10 65 -3 
  3 [ 9  77: 92]
 81 [ 7 102:107]
126 [ 9 109:114]
 82 [ 7 132:137]
133 [ 8 137:142]
 49 [ 7 180:185]
108 [10 185:190]
 10 [ 7 300:305]
 65 [ 6 318:323]
 -3 [ 6 357:357]

y[4113] = 1.0
Vehicle: 302  Cost: 170.17
Route: 3 77 26 111 80 131 69 68 120 129 -3 
  3 [10  71: 86]
 77 [ 8 112:117]
 26 [ 5 300:305]
111 [ 9 328:333]
 80 [ 8 348:353]
131 [10 353:358]
 69 [ 9 420:425]
 68 [ 6 447:452]
120 [ 8 452:457]
129 [ 9 483:488]
 -3 [ 9 522:522]

y[5497] = 1.0
Vehicle: 401  Cost: 45.11
Route: 4 43 115 38 100 55 -4 
  4 [ 6 142:157]
 43 [ 3 168:173]
115 [ 6 178:183]
 38 [ 4 191:196]
100 [ 8 196:201]
 55 [ 7 220:225]
 -4 [ 7 227:227]

y[5690] = 1.0
Vehicle: 801  Cost: 81.15
Route: 8 41 103 110 15 -8 
  8 [ 8  78: 93]
 41 [ 4 116:121]
103 [ 8 121:126]
110 [10 154:159]
 15 [ 6 180:185]
 -8 [ 6 198:198]

y[6936] = 1.0
Vehicle: 507  Cost: 54.90
Route: 5 78 19 99 105 17 64 -5 
  5 [10 109:411]
 78 [ 7 420:425]
 19 [ 3 435:440]
 99 [ 7 442:447]
105 [10 455:460]
 17 [ 9 478:483]
 64 [ 7 489:494]
 -5 [ 7 496:496]

y[7679] = 1.0
Vehicle: 802  Cost: 18.81
Route: 8 23 46 -8 
  8 [ 7 252:267]
 23 [ 4 273:278]
 46 [ 0 300:305]
 -8 [ 0 313:313]

y[8891] = 1.0
Vehicle: 401  Cost: 56.71
Route: 4 29 74 127 71 122 101 -4 
  4 [ 7 177:192]
 29 [ 3 207:212]
 74 [ 2 220:225]
127 [ 4 225:230]
 71 [ 2 236:241]
122 [ 5 241:246]
101 [ 9 300:305]
 -4 [ 9 328:328]

y[9391] = 1.0
Vehicle: 308  Cost: 19.96
Route: 3 14 88 11 86 -3 
  3 [ 7  84: 99]
 14 [ 3 109:114]
 88 [ 6 114:119]
 11 [ 3 180:185]
 86 [ 4 185:190]
 -3 [ 4 193:193]

y[9473] = 1.0
Vehicle: 504  Cost: 42.87
Route: 5 53 59 117 85 -5 
  5 [ 6  30:287]
 53 [ 3 300:305]
 59 [ 0 312:317]
117 [ 2 319:324]
 85 [ 5 333:338]
 -5 [ 5 350:350]

y[9639] = 1.0
Vehicle: 801  Cost: 99.95
Route: 8 21 28 32 61 -8 
  8 [10 272:287]
 21 [ 7 299:304]
 28 [ 6 319:324]
 32 [ 2 341:346]
 61 [ 0 377:382]
 -8 [ 0 407:407]

y[10432] = 1.0
Vehicle: 508  Cost: 57.20
Route: 5 66 118 96 63 62 113 -5 
  5 [ 6 111:126]
 66 [ 3 149:154]
118 [ 6 154:159]
 96 [ 8 300:305]
 63 [ 6 313:318]
 62 [ 5 324:329]
113 [ 8 329:334]
 -5 [ 8 348:348]

y[10460] = 1.0
Vehicle: 202  Cost: 16.12
Route: 2 93 24 -2 
  2 [ 1 258:273]
 93 [ 5 281:286]
 24 [ 4 286:291]
 -2 [ 4 299:299]

y[12914] = 1.0
Vehicle: 303  Cost: 153.00
Route: 3 73 56 90 20 95 132 42 114 -3 
  3 [10 101:116]
 73 [ 7 141:146]
 56 [ 3 155:160]
 90 [ 7 174:179]
 20 [ 6 193:198]
 95 [ 8 214:219]
132 [10 222:227]
 42 [ 8 300:305]
114 [10 311:316]
 -3 [10 349:349]

y[13178] = 1.0
Vehicle: 506  Cost: 76.47
Route: 5 39 123 83 134 47 106 -5 
  5 [ 7  30: 57]
 39 [ 4  60: 65]
123 [ 6  73: 78]
 83 [ 5 100:105]
134 [ 9 105:110]
 47 [ 6 300:305]
106 [10 305:310]
 -5 [10 343:343]

y[13789] = 1.0
Vehicle: 301  Cost: 105.41
Route: 3 33 52 92 58 112 25 31 -3 
  3 [10 126:141]
 33 [ 8 178:183]
 52 [ 4 189:194]
 92 [ 6 300:305]
 58 [ 5 317:322]
112 [ 9 322:327]
 25 [ 7 342:347]
 31 [ 6 350:355]
 -3 [ 6 383:383]

FE: 3
SE: 22
!MIP-----
1982.2373770583624,3316.790282011032,9.70989801490545E-5,3,22,8954,14396

Run: 5
Total Cost: 2083.91
Vehicle: 11  Cost: 90.02
Route: 1 2 -2 -1 
 1 [ 45   0:  0 [22, 20, 71, 79, 72, 45, 24, 41, 37, 14, 12, 77, 13, 27, 11, 54, 56, 57]]
 2 [  0  45: 45 []]
-2 [ 40  45:374 [86, 91, 116, 103, 94, 88, 125, 90, 122, 93, 107, 132, 98, 95, 129, 130, 110]]
-1 [ 40 419:419 [86, 91, 116, 103, 94, 88, 125, 90, 122, 93, 107, 132, 98, 95, 129, 130, 110]]

Vehicle: 12  Cost: 89.55
Route: 1 3 -3 -1 
 1 [ 44   0:  0 [81, 80, 33, 44, 26, 52, 42, 73, 58, 50, 82, 49, 25, 35, 65, 10, 31, 36, 40, 16, 69, 68]]
 3 [  0  45: 45 []]
-3 [ 31  45:514 [131, 126, 92, 120, 114, 104, 112, 124, 133, 108, 109, 102, 111]]
-1 [ 31 559:559 [131, 126, 92, 120, 114, 104, 112, 124, 133, 108, 109, 102, 111]]

Vehicle: 15  Cost: 164.15
Route: 1 4 8 -8 -9 -5 -1 
 1 [ 30   0:  0 [75, 15, 55, 34, 21, 32, 29, 28, 46, 23, 61]]
 4 [ 29  52: 67 [75, 15, 34, 21, 32, 29, 28, 46, 23, 61]]
 8 [  0  93: 93 []]
-8 [  8  93:514 [101, 128]]
-9 [ 15 553:568 [101, 128, 105, 119]]
-5 [ 26 585:600 [85, 117, 84, 121, 101, 128, 105, 119, 97]]
-1 [ 26 630:630 [85, 117, 84, 121, 101, 128, 105, 119, 97]]

Vehicle: 20  Cost: 93.27
Route: 1 5 9 -9 -5 -1 
 1 [ 51   0:  0 [43, 51, 76, 74, 47, 48, 83, 53, 17, 38, 78, 30, 59, 18, 19, 70, 67, 66, 64, 39, 62, 63, 60]]
 5 [ 24  30: 45 [43, 76, 74, 47, 48, 83, 38, 30, 18, 19, 67]]
 9 [  0  62: 62 []]
-9 [ 31  62:344 [115, 106, 100, 134, 127, 99, 89, 123, 87]]
-5 [ 39 361:376 [118, 115, 106, 100, 113, 96, 134, 127, 99, 89, 123, 87]]
-1 [ 39 406:406 [118, 115, 106, 100, 113, 96, 134, 127, 99, 89, 123, 87]]

Vehicle: 201  Cost: 108.37
Route: 2 72 125 54 13 12 107 91 -2 
  2 [10  45: 60]
 72 [ 7  72: 77]
125 [ 8  77: 82]
 54 [ 5  92: 97]
 13 [ 2 108:113]
 12 [ 1 180:185]
107 [ 5 300:305]
 91 [ 6 311:316]
 -2 [ 6 353:353]

Vehicle: 202  Cost: 54.76
Route: 2 14 88 11 86 24 93 -2 
  2 [ 8  45: 60]
 14 [ 4  86: 91]
 88 [ 7  91: 96]
 11 [ 4 180:185]
 86 [ 5 185:190]
 24 [ 4 203:208]
 93 [ 8 208:213]
 -2 [ 8 221:221]

Vehicle: 203  Cost: 160.22
Route: 2 57 37 98 45 41 103 110 71 122 -2 
  2 [10  45: 60]
 57 [ 9  93: 98]
 37 [ 8 104:109]
 98 [ 9 109:114]
 45 [ 7 118:123]
 41 [ 3 136:141]
103 [ 7 141:146]
110 [ 9 174:179]
 71 [ 7 220:225]
122 [10 225:230]
 -2 [10 265:265]

Vehicle: 204  Cost: 149.41
Route: 2 56 77 20 132 95 90 94 -2 
  2 [ 7  45: 60]
 56 [ 3  90: 95]
 77 [ 1 104:109]
 20 [ 0 132:137]
132 [ 2 151:156]
 95 [ 4 159:164]
 90 [ 8 193:198]
 94 [ 9 216:221]
 -2 [ 9 244:244]

Vehicle: 205  Cost: 60.89
Route: 2 27 79 130 129 22 116 -2 
  2 [10  45:173]
 27 [ 7 180:185]
 79 [ 4 300:305]
130 [ 8 305:310]
129 [ 9 318:323]
 22 [ 5 340:345]
116 [ 7 352:357]
 -2 [ 7 359:359]

Vehicle: 301  Cost: 152.55
Route: 3 73 26 111 80 131 69 114 42 -3 
  3 [10  45: 60]
 73 [ 7  84: 89]
 26 [ 4 300:305]
111 [ 8 328:333]
 80 [ 7 348:353]
131 [ 9 353:358]
 69 [ 8 420:425]
114 [10 450:455]
 42 [ 8 461:466]
 -3 [ 8 499:499]

Vehicle: 302  Cost: 105.41
Route: 3 33 52 92 112 58 25 31 -3 
  3 [10  45: 60]
 33 [ 8  97:102]
 52 [ 4 108:113]
 92 [ 6 300:305]
112 [10 317:322]
 58 [ 9 322:327]
 25 [ 7 342:347]
 31 [ 6 350:355]
 -3 [ 6 383:383]

Vehicle: 303  Cost: 23.87
Route: 3 102 40 16 104 44 -3 
  3 [ 6  45:296]
102 [ 8 300:305]
 40 [ 7 305:310]
 16 [ 6 315:320]
104 [10 323:328]
 44 [ 6 328:333]
 -3 [ 6 344:344]

Vehicle: 304  Cost: 119.20
Route: 3 36 124 35 68 120 109 50 -3 
  3 [ 9  45: 60]
 36 [ 8  71: 76]
124 [10 106:111]
 35 [ 9 180:185]
 68 [ 6 420:425]
120 [ 8 425:430]
109 [ 9 456:461]
 50 [ 5 461:466]
 -3 [ 5 490:490]

Vehicle: 305  Cost: 83.78
Route: 3 81 126 133 82 49 108 10 65 -3 
  3 [ 9  45: 60]
 81 [ 7  69: 74]
126 [ 9  76: 81]
133 [10  99:104]
 82 [ 8 104:109]
 49 [ 7 180:185]
108 [10 185:190]
 10 [ 7 300:305]
 65 [ 6 318:323]
 -3 [ 6 357:357]

Vehicle: 401  Cost: 4.47
Route: 4 55 -4 
  4 [ 1  52: 67]
 55 [ 0  69: 74]
 -4 [ 0  77: 77]

Vehicle: 501  Cost: 48.65
Route: 5 53 84 59 117 85 17 64 -5 
  5 [ 9  30:287]
 53 [ 6 300:305]
 84 [ 8 311:316]
 59 [ 5 317:322]
117 [ 7 324:329]
 85 [10 339:344]
 17 [ 9 420:425]
 64 [ 7 431:436]
 -5 [ 7 438:438]

Vehicle: 502  Cost: 60.06
Route: 5 39 70 121 78 51 97 -5 
  5 [10  30: 57]
 39 [ 7  60: 65]
 70 [ 6 300:305]
121 [ 7 305:310]
 78 [ 4 420:425]
 51 [ 1 442:447]
 97 [ 4 454:459]
 -5 [ 4 473:473]

Vehicle: 503  Cost: 67.38
Route: 5 60 66 118 96 63 62 113 -5 
  5 [ 8  30: 45]
 60 [ 6  65: 70]
 66 [ 3  83: 88]
118 [ 6  88: 93]
 96 [ 8 300:305]
 63 [ 6 313:318]
 62 [ 5 324:329]
113 [ 8 329:334]
 -5 [ 8 348:348]

Vehicle: 801  Cost: 67.39
Route: 8 15 32 28 -8 
  8 [ 9  93:167]
 15 [ 5 180:185]
 32 [ 1 300:305]
 28 [ 0 321:326]
 -8 [ 0 352:352]

Vehicle: 802  Cost: 33.80
Route: 8 23 21 46 -8 
  8 [10  93:108]
 23 [ 7 115:120]
 21 [ 4 131:136]
 46 [ 0 300:305]
 -8 [ 0 313:313]

Vehicle: 803  Cost: 85.23
Route: 8 29 34 128 75 101 61 -8 
  8 [10  93:169]
 29 [ 6 180:185]
 34 [ 5 300:305]
128 [ 9 420:425]
 75 [ 6 425:430]
101 [10 442:447]
 61 [ 8 469:474]
 -8 [ 8 499:499]

Vehicle: 901  Cost: 48.51
Route: 9 43 127 74 115 38 100 -9 
  9 [ 6  62: 77]
 43 [ 3  94: 99]
127 [ 5 105:110]
 74 [ 4 110:115]
115 [ 7 125:130]
 38 [ 5 180:185]
100 [ 9 185:190]
 -9 [ 9 197:197]

Vehicle: 902  Cost: 28.01
Route: 9 123 19 99 -9 
  9 [ 4  62: 77]
123 [ 6  83: 88]
 19 [ 2 300:305]
 99 [ 6 307:312]
 -9 [ 6 323:323]

Vehicle: 903  Cost: 75.57
Route: 9 18 76 30 67 119 105 -9 
  9 [ 8  62: 77]
 18 [ 7 108:113]
 76 [ 3 117:122]
 30 [ 1 300:305]
 67 [ 0 317:322]
119 [ 4 322:327]
105 [ 7 420:425]
 -9 [ 7 430:430]

Vehicle: 905  Cost: 50.71
Route: 9 134 83 47 106 -9 
  9 [ 4  62: 77]
134 [ 8  97:102]
 83 [ 7 102:107]
 47 [ 4 300:305]
106 [ 8 305:310]
 -9 [ 8 329:329]

Vehicle: 908  Cost: 58.68
Route: 9 87 89 48 -9 
  9 [ 2  62: 77]
 87 [ 6 101:106]
 89 [10 115:120]
 48 [ 8 300:305]
 -9 [ 8 327:327]

Total Cost: 2083.91
 11:90.02, 45:75 [1, 2, -2, -1]
 12:89.55, 44:75 [1, 3, -3, -1]
 15:164.15, 30:75 [1, 4, 8, -8, -9, -5, -1]
 20:93.27, 51:75 [1, 5, 9, -9, -5, -1]
201:108.37, 10:10 [2, 72, 125, 54, 13, 12, 107, 91, -2]
202:54.76, 8:10 [2, 14, 88, 11, 86, 24, 93, -2]
203:160.22, 10:10 [2, 57, 37, 98, 45, 41, 103, 110, 71, 122, -2]
204:149.41, 9:10 [2, 56, 77, 20, 132, 95, 90, 94, -2]
205:60.89, 10:10 [2, 27, 79, 130, 129, 22, 116, -2]
301:152.55, 10:10 [3, 73, 26, 111, 80, 131, 69, 114, 42, -3]
302:105.41, 10:10 [3, 33, 52, 92, 112, 58, 25, 31, -3]
303:23.87, 10:10 [3, 102, 40, 16, 104, 44, -3]
304:119.20, 10:10 [3, 36, 124, 35, 68, 120, 109, 50, -3]
305:83.78, 10:10 [3, 81, 126, 133, 82, 49, 108, 10, 65, -3]
401:4.47, 1:10 [4, 55, -4]
501:48.65, 10:10 [5, 53, 84, 59, 117, 85, 17, 64, -5]
502:60.06, 10:10 [5, 39, 70, 121, 78, 51, 97, -5]
503:67.38, 8:10 [5, 60, 66, 118, 96, 63, 62, 113, -5]
801:67.39, 9:10 [8, 15, 32, 28, -8]
802:33.80, 10:10 [8, 23, 21, 46, -8]
803:85.23, 10:10 [8, 29, 34, 128, 75, 101, 61, -8]
901:48.51, 9:10 [9, 43, 127, 74, 115, 38, 100, -9]
902:28.01, 6:10 [9, 123, 19, 99, -9]
903:75.57, 8:10 [9, 18, 76, 30, 67, 119, 105, -9]
905:50.71, 8:10 [9, 134, 83, 47, 106, -9]
908:58.68, 10:10 [9, 87, 89, 48, -9]
fe: 4, se: 22

!ALNS------------
100000,2083.9067746826586,675.75,453.674,4,22,0.5666666666666667,0.8909090909090909,31.25,5.681818181818182
14 37 22 11 0 3 5 1 
8.65077841525123 20.773535848527494 10.119999957290402 11.864763134110106 66.0520640725757 23.722701082075883 15.083462254472472 19.01068533330577 
8 13 9 11 12 8 20 12 
13.968139926370883 13.938971328044678 14.865524570265684 14.115170972107522 14.908233163033223 14.725976988246021 14.599450888346844 14.235854354182342 

x[1660] = 1.0
Vehicle: 12  Cost: 89.55
Route: 1 3 -3 -1 
 1 [ 44   0:  0 [33, 52, 82, 58, 49, 80, 81, 68, 44, 50, 16, 40, 31, 35, 42, 25, 10, 26, 69, 65, 73, 36]]
 3 [  0  45: 45 []]
-3 [ 31  45:519 [120, 104, 114, 109, 131, 126, 108, 102, 133, 111, 112, 92, 124]]
-1 [ 31 564:564 [120, 104, 114, 109, 131, 126, 108, 102, 133, 111, 112, 92, 124]]

x[3271] = 1.0
Vehicle: 11  Cost: 90.02
Route: 1 2 -2 -1 
 1 [ 42   0:  0 [27, 71, 22, 56, 41, 24, 54, 13, 12, 37, 14, 45, 11, 72, 20, 57, 77]]
 2 [  0  45: 45 []]
-2 [ 39  45:375 [88, 132, 93, 90, 124, 103, 98, 95, 116, 117, 86, 91, 125, 107, 94, 110, 122]]
-1 [ 39 420:420 [88, 132, 93, 90, 124, 103, 98, 95, 116, 117, 86, 91, 125, 107, 94, 110, 122]]

x[4075] = 1.0
Vehicle: 15  Cost: 164.15
Route: 1 4 8 -8 -9 -5 -1 
 1 [ 33   0:  0 [61, 75, 46, 34, 23, 32, 79, 21, 29, 55, 15, 28]]
 4 [ 32  52: 67 [61, 75, 46, 34, 23, 32, 79, 21, 29, 15, 28]]
 8 [  0  93: 93 []]
-8 [ 13  93:514 [101, 128, 129, 130]]
-9 [ 20 553:568 [101, 105, 128, 129, 130, 119]]
-5 [ 36 585:600 [85, 117, 84, 121, 101, 105, 128, 129, 130, 119, 113, 96, 97]]
-1 [ 36 630:630 [85, 117, 84, 121, 101, 105, 128, 129, 130, 119, 113, 96, 97]]

x[9314] = 1.0
Vehicle: 20  Cost: 93.27
Route: 1 5 9 -9 -5 -1 
 1 [ 51   0:  0 [43, 51, 74, 47, 48, 83, 38, 19, 64, 39, 63, 60, 18, 67, 76, 62, 53, 30, 59, 66, 70, 78, 17]]
 5 [ 24  30: 45 [43, 74, 47, 48, 83, 38, 19, 18, 67, 76, 30]]
 9 [  0  62: 62 []]
-9 [ 35  62:349 [115, 99, 89, 123, 127, 100, 134, 106, 87, 119]]
-5 [ 43 365:380 [118, 115, 113, 99, 89, 123, 96, 127, 100, 134, 106, 87, 119]]
-1 [ 43 410:410 [118, 115, 113, 99, 89, 123, 96, 127, 100, 134, 106, 87, 119]]

y[1559] = 1.0
Vehicle: 802  Cost: 18.81
Route: 8 23 46 -8 
  8 [ 7 262:277]
 23 [ 4 283:288]
 46 [ 0 300:305]
 -8 [ 0 313:313]

y[1615] = 1.0
Vehicle: 502  Cost: 51.66
Route: 5 97 53 59 84 85 17 -5 
  5 [ 7  30:286]
 97 [10 300:305]
 53 [ 7 308:313]
 59 [ 4 320:325]
 84 [ 6 326:331]
 85 [ 9 341:346]
 17 [ 8 420:425]
 -5 [ 8 433:433]

y[2560] = 1.0
Vehicle: 305  Cost: 83.78
Route: 3 81 126 133 82 49 108 10 65 -3 
  3 [ 9  77: 92]
 81 [ 7 102:107]
126 [ 9 109:114]
133 [10 132:137]
 82 [ 8 137:142]
 49 [ 7 180:185]
108 [10 185:190]
 10 [ 7 300:305]
 65 [ 6 318:323]
 -3 [ 6 357:357]

y[3900] = 1.0
Vehicle: 908  Cost: 58.68
Route: 9 87 89 48 -9 
  9 [ 2 132:147]
 87 [ 6 172:177]
 89 [10 186:191]
 48 [ 8 300:305]
 -9 [ 8 327:327]

y[4017] = 1.0
Vehicle: 503  Cost: 67.38
Route: 5 60 118 66 96 63 62 113 -5 
  5 [ 8  87:102]
 60 [ 6 122:127]
118 [ 9 140:145]
 66 [ 6 145:150]
 96 [ 8 300:305]
 63 [ 6 313:318]
 62 [ 5 324:329]
113 [ 8 329:334]
 -5 [ 8 348:348]

y[4437] = 1.0
Vehicle: 901  Cost: 48.51
Route: 9 43 127 74 115 38 100 -9 
  9 [ 6  98:113]
 43 [ 3 130:135]
127 [ 5 141:146]
 74 [ 4 146:151]
115 [ 7 161:166]
 38 [ 5 180:185]
100 [ 9 185:190]
 -9 [ 9 197:197]

y[4556] = 1.0
Vehicle: 905  Cost: 50.71
Route: 9 134 83 47 106 -9 
  9 [ 4 136:151]
134 [ 8 172:177]
 83 [ 7 177:182]
 47 [ 4 300:305]
106 [ 8 305:310]
 -9 [ 8 329:329]

y[6660] = 1.0
Vehicle: 502  Cost: 47.42
Route: 5 70 121 78 51 -5 
  5 [ 7  30:288]
 70 [ 6 300:305]
121 [ 7 305:310]
 78 [ 4 420:425]
 51 [ 1 442:447]
 -5 [ 1 460:460]

y[7010] = 1.0
Vehicle: 401  Cost: 4.47
Route: 4 55 -4 
  4 [ 1 258:273]
 55 [ 0 275:280]
 -4 [ 0 282:282]

y[7037] = 1.0
Vehicle: 202  Cost: 54.76
Route: 2 14 88 11 86 24 93 -2 
  2 [ 8 101:116]
 14 [ 4 142:147]
 88 [ 7 147:152]
 11 [ 4 180:185]
 86 [ 5 185:190]
 24 [ 4 203:208]
 93 [ 8 208:213]
 -2 [ 8 221:221]

y[7049] = 1.0
Vehicle: 504  Cost: 6.58
Route: 5 39 64 -5 
  5 [ 5 143:158]
 39 [ 2 161:166]
 64 [ 0 300:305]
 -5 [ 0 307:307]

y[7802] = 1.0
Vehicle: 303  Cost: 23.87
Route: 3 44 104 16 40 102 -3 
  3 [ 6 286:301]
 44 [ 2 312:317]
104 [ 6 317:322]
 16 [ 5 325:330]
 40 [ 4 335:340]
102 [ 6 340:345]
 -3 [ 6 349:349]

y[7873] = 1.0
Vehicle: 203  Cost: 160.22
Route: 2 57 37 98 45 41 103 110 71 122 -2 
  2 [10  45: 60]
 57 [ 9  93: 98]
 37 [ 8 104:109]
 98 [ 9 109:114]
 45 [ 7 118:123]
 41 [ 3 136:141]
103 [ 7 141:146]
110 [ 9 174:179]
 71 [ 7 220:225]
122 [10 225:230]
 -2 [10 265:265]

y[7914] = 1.0
Vehicle: 302  Cost: 105.41
Route: 3 33 52 92 58 112 25 31 -3 
  3 [10 134:149]
 33 [ 8 186:191]
 52 [ 4 197:202]
 92 [ 6 300:305]
 58 [ 5 317:322]
112 [ 9 322:327]
 25 [ 7 342:347]
 31 [ 6 350:355]
 -3 [ 6 383:383]

y[8213] = 1.0
Vehicle: 301  Cost: 152.55
Route: 3 73 26 111 80 131 69 114 42 -3 
  3 [10  77: 92]
 73 [ 7 117:122]
 26 [ 4 300:305]
111 [ 8 328:333]
 80 [ 7 348:353]
131 [ 9 353:358]
 69 [ 8 420:425]
114 [10 450:455]
 42 [ 8 461:466]
 -3 [ 8 499:499]

y[8835] = 1.0
Vehicle: 204  Cost: 149.41
Route: 2 56 77 20 132 95 90 94 -2 
  2 [ 7  45: 60]
 56 [ 3  90: 95]
 77 [ 1 104:109]
 20 [ 0 132:137]
132 [ 2 151:156]
 95 [ 4 159:164]
 90 [ 8 193:198]
 94 [ 9 216:221]
 -2 [ 9 244:244]

y[9475] = 1.0
Vehicle: 801  Cost: 98.23
Route: 8 32 28 129 79 130 34 -8 
  8 [ 9  78:275]
 32 [ 5 300:305]
 28 [ 4 321:326]
129 [ 5 357:362]
 79 [ 2 370:375]
130 [ 6 375:380]
 34 [ 5 390:395]
 -8 [ 5 403:403]

y[9641] = 1.0
Vehicle: 902  Cost: 28.01
Route: 9 123 19 99 -9 
  9 [ 4 132:147]
123 [ 6 154:159]
 19 [ 2 300:305]
 99 [ 6 307:312]
 -9 [ 6 323:323]

y[10194] = 1.0
Vehicle: 201  Cost: 110.41
Route: 2 72 125 54 13 12 107 91 117 -2 
  2 [10 108:123]
 72 [ 7 135:140]
125 [ 8 140:145]
 54 [ 5 155:160]
 13 [ 2 171:176]
 12 [ 1 196:201]
107 [ 5 300:305]
 91 [ 6 311:316]
117 [ 8 339:344]
 -2 [ 8 360:360]

y[10888] = 1.0
Vehicle: 205  Cost: 17.85
Route: 2 27 22 116 -2 
  2 [ 7 101:173]
 27 [ 4 180:185]
 22 [ 0 300:305]
116 [ 2 311:316]
 -2 [ 2 319:319]

y[10936] = 1.0
Vehicle: 304  Cost: 119.20
Route: 3 36 124 35 68 120 50 109 -3 
  3 [ 9  77: 92]
 36 [ 8 104:109]
124 [10 139:144]
 35 [ 9 180:185]
 68 [ 6 420:425]
120 [ 8 425:430]
 50 [ 4 456:461]
109 [ 5 461:466]
 -3 [ 5 490:490]

y[13387] = 1.0
Vehicle: 903  Cost: 75.57
Route: 9 18 76 30 67 119 105 -9 
  9 [ 8  97:112]
 18 [ 7 144:149]
 76 [ 3 153:158]
 30 [ 1 300:305]
 67 [ 0 317:322]
119 [ 4 322:327]
105 [ 7 420:425]
 -9 [ 7 430:430]

y[14474] = 1.0
Vehicle: 803  Cost: 79.43
Route: 8 29 75 128 101 61 -8 
  8 [ 9 262:277]
 29 [ 5 288:293]
 75 [ 2 420:425]
128 [ 6 425:430]
101 [10 442:447]
 61 [ 8 469:474]
 -8 [ 8 499:499]

y[15131] = 1.0
Vehicle: 802  Cost: 28.36
Route: 8 21 15 -8 
  8 [ 7 217:232]
 21 [ 4 244:249]
 15 [ 0 252:257]
 -8 [ 0 270:270]

FE: 4
SE: 24
!MIP-----
2078.2667706764078,5402.265694141388,0.03327115642068168,4,24,9533,15200

