--Parameters Information--
speed=1
run=5
iteration= 100000
batch=100
restartPeriod=10000
largeRemovalOccurrence=500
initialLNS=250
lowerBoundSmallRemoval=4
smallRemoval=0.2
lowerBoundLargeRemoval=0.55
largeRemoval=0.8
initialWeight=1.0
decayRate=0.1
gamma1=9.0
gamma2=5.0
gamma3=2.0
gamma4=0.0
coolingRate=0.9995
temperatureControlParameter=0.05
initialAcceptanceProbability=0.5
perturbation=0.5
perturbationFactor=0.01
split=20000

Setup: Split
Data: C_100_8_TD

Run: 1
Total Cost: 2203.64
Vehicle: 11  Cost: 63.56
Route: 1 3 -3 -1 
 1 [ 60   0:  0 [16, 43, 13, 83, 64, 17, 29, 23, 20, 76, 27, 25, 68, 70, 89, 44, 67, 46, 73, 33, 42, 62, 19, 24, 55, 22, 86]]
 3 [  0  32: 32 []]
-3 [ 23  32:490 [96, 101, 139, 92, 125, 111, 95, 123]]
-1 [ 23 522:522 [96, 101, 139, 92, 125, 111, 95, 123]]

Vehicle: 12  Cost: 63.56
Route: 1 -3 -1 
 1 [  0   0:  0 []]
-3 [ 19  32:371 [113, 93, 109, 130, 128, 99, 133]]
-1 [ 19 403:403 [113, 93, 109, 130, 128, 99, 133]]

Vehicle: 14  Cost: 87.86
Route: 1 6 -6 -1 
 1 [ 28   0:  0 [58, 85, 80, 31, 63, 21, 54, 53, 87, 32, 60, 78]]
 6 [  0  44: 44 []]
-6 [ 25  44:364 [140, 141, 122, 108, 134, 107, 115, 98, 124, 135]]
-1 [ 25 408:408 [140, 141, 122, 108, 134, 107, 115, 98, 124, 135]]

Vehicle: 16  Cost: 140.14
Route: 1 -8 5 -5 -1 
 1 [ 53   0:  0 [52, 77, 72, 47, 65, 18, 61, 69, 35, 11, 10, 41, 40, 56, 48, 74, 82, 34, 50, 57, 49, 81]]
-8 [ 56  58: 73 [114, 52, 77, 72, 47, 65, 18, 61, 69, 35, 11, 10, 41, 40, 56, 48, 74, 82, 34, 50, 57, 49, 81]]
 5 [  3  91: 91 [114]]
-5 [ 36  91:350 [119, 90, 94, 104, 131, 118, 110, 102, 132, 136, 126, 106, 114, 100, 112, 97]]
-1 [ 36 415:415 [119, 90, 94, 104, 131, 118, 110, 102, 132, 136, 126, 106, 114, 100, 112, 97]]

Vehicle: 19  Cost: 183.41
Route: 1 7 4 9 -9 -5 -1 
 1 [ 54   0:  0 [51, 45, 15, 84, 59, 30, 12, 75, 71, 37, 36, 26, 14, 79, 88, 38, 39, 28, 66]]
 7 [ 50  47: 62 [45, 15, 84, 59, 30, 12, 75, 71, 37, 36, 26, 14, 79, 88, 38, 39, 28, 66]]
 4 [ 41  81: 96 [45, 15, 59, 30, 12, 71, 37, 36, 26, 14, 79, 88, 39, 28, 66]]
 9 [  0 119:119 []]
-9 [ 20 119:476 [127, 121, 143, 137, 105, 129, 103, 91]]
-5 [ 35 505:520 [127, 121, 143, 117, 137, 105, 138, 142, 120, 129, 103, 116, 91]]
-1 [ 35 585:585 [127, 121, 143, 117, 137, 105, 138, 142, 120, 129, 103, 116, 91]]

Vehicle: 301  Cost: 95.24
Route: 3 20 96 62 123 125 64 27 33 -3 
  3 [10  32: 47]
 20 [ 8  85: 90]
 96 [ 9  90: 95]
 62 [ 5 300:305]
123 [ 8 305:310]
125 [ 9 316:321]
 64 [ 7 321:326]
 27 [ 6 342:347]
 33 [ 5 420:425]
 -3 [ 5 450:450]

Vehicle: 302  Cost: 60.94
Route: 3 83 139 29 46 111 16 -3 
  3 [ 9  32:287]
 83 [ 5 300:305]
139 [ 9 305:310]
 29 [ 8 420:425]
 46 [ 5 430:435]
111 [ 9 435:440]
 16 [ 8 446:451]
 -3 [ 8 475:475]

Vehicle: 303  Cost: 82.23
Route: 3 68 101 23 73 -3 
  3 [ 9  32: 47]
 68 [ 5  84: 89]
101 [ 8 420:425]
 23 [ 4 425:430]
 73 [ 3 446:451]
 -3 [ 3 475:475]

Vehicle: 304  Cost: 88.56
Route: 3 86 76 44 130 -3 
  3 [10  32: 47]
 86 [ 6  83: 88]
 76 [ 3 100:105]
 44 [ 0 180:185]
130 [ 3 189:194]
 -3 [ 3 209:209]

Vehicle: 305  Cost: 79.42
Route: 3 24 99 22 93 17 55 128 70 -3 
  3 [10  32: 47]
 24 [ 7  62: 67]
 99 [ 8 180:185]
 22 [ 7 185:190]
 93 [ 8 201:206]
 17 [ 7 206:211]
 55 [ 4 300:305]
128 [ 8 321:326]
 70 [ 6 326:331]
 -3 [ 6 356:356]

Vehicle: 306  Cost: 30.17
Route: 3 133 42 109 43 113 -3 
  3 [ 2  32: 47]
133 [ 5  56: 61]
 42 [ 4  64: 69]
109 [ 8  78: 83]
 43 [ 7  83: 88]
113 [10 180:185]
 -3 [10 190:190]

Vehicle: 314  Cost: 92.03
Route: 3 25 67 92 13 89 19 95 -3 
  3 [10  32:287]
 25 [ 8 300:305]
 67 [ 7 319:324]
 92 [10 339:344]
 13 [ 8 344:349]
 89 [ 7 420:425]
 19 [ 3 448:453]
 95 [ 7 453:458]
 -3 [ 7 472:472]

Vehicle: 401  Cost: 34.56
Route: 4 75 84 38 -4 
  4 [ 9  81: 96]
 75 [ 5 103:108]
 84 [ 4 117:122]
 38 [ 0 300:305]
 -4 [ 0 316:316]

Vehicle: 501  Cost: 87.05
Route: 5 118 52 97 40 100 102 61 -5 
  5 [ 4  91:106]
118 [ 8 122:127]
 52 [ 7 180:185]
 97 [10 189:194]
 40 [ 8 215:220]
100 [ 9 229:234]
102 [10 240:245]
 61 [ 9 300:305]
 -5 [ 9 318:318]

Vehicle: 502  Cost: 96.77
Route: 5 56 119 49 126 65 10 -5 
  5 [10  91:106]
 56 [ 7 115:120]
119 [10 120:125]
 49 [ 7 134:139]
126 [10 168:173]
 65 [ 8 173:178]
 10 [ 6 300:305]
 -5 [ 6 327:327]

Vehicle: 503  Cost: 112.24
Route: 5 81 18 34 142 117 35 -5 
  5 [10  91:106]
 81 [ 9 138:143]
 18 [ 6 300:305]
 34 [ 3 314:319]
142 [ 7 324:329]
117 [10 335:340]
 35 [ 7 350:355]
 -5 [ 7 394:394]

Vehicle: 504  Cost: 76.79
Route: 5 48 82 138 57 120 50 116 -5 
  5 [ 9  91:106]
 48 [ 8 131:136]
 82 [ 6 420:425]
138 [ 9 425:430]
 57 [ 5 445:450]
120 [ 9 450:455]
 50 [ 7 460:465]
116 [ 8 478:483]
 -5 [ 8 496:496]

Vehicle: 505  Cost: 120.03
Route: 5 41 131 72 106 110 94 77 -5 
  5 [10  91:163]
 41 [ 6 180:185]
131 [ 7 194:199]
 72 [ 3 199:204]
106 [ 6 216:221]
110 [ 7 237:242]
 94 [10 269:274]
 77 [ 8 300:305]
 -5 [ 8 335:335]

Vehicle: 507  Cost: 90.22
Route: 5 69 104 11 90 112 47 136 74 132 -5 
  5 [10  91:106]
 69 [ 6 126:131]
104 [ 7 146:151]
 11 [ 5 159:164]
 90 [ 8 164:169]
112 [ 9 185:190]
 47 [ 6 190:195]
136 [ 9 201:206]
 74 [ 8 300:305]
132 [10 305:310]
 -5 [10 323:323]

Vehicle: 601  Cost: 50.68
Route: 6 124 63 78 135 140 85 -6 
  6 [ 6  44: 59]
124 [ 8  75: 80]
 63 [ 7  80: 85]
 78 [ 3 300:305]
135 [ 5 305:310]
140 [ 7 320:325]
 85 [ 6 325:330]
 -6 [ 6 349:349]

Vehicle: 602  Cost: 34.41
Route: 6 31 54 107 -6 
  6 [ 5  44:175]
 31 [ 2 180:185]
 54 [ 0 300:305]
107 [ 3 315:320]
 -6 [ 3 337:337]

Vehicle: 603  Cost: 87.55
Route: 6 32 134 87 141 21 98 108 -6 
  6 [10  44: 59]
 32 [ 7  81: 86]
134 [ 9  90: 95]
 87 [ 6 109:114]
141 [ 9 114:119]
 21 [ 5 121:126]
 98 [ 7 126:131]
108 [ 9 180:185]
 -6 [ 9 214:214]

Vehicle: 604  Cost: 59.12
Route: 6 80 60 122 115 53 58 -6 
  6 [ 7  44: 59]
 80 [ 4  68: 73]
 60 [ 3  93: 98]
122 [ 7  98:103]
115 [10 300:305]
 53 [ 9 305:310]
 58 [ 7 321:326]
 -6 [ 7 336:336]

Vehicle: 701  Cost: 2.00
Route: 7 51 -7 
  7 [ 4  47:299]
 51 [ 0 300:305]
 -7 [ 0 306:306]

Vehicle: 801  Cost: 8.00
Route: 8 114 -8 
  8 [ 0   0: 15]
114 [ 3  19: 24]
 -8 [ 3  28: 28]

Vehicle: 901  Cost: 86.21
Route: 9 15 12 30 143 -9 
  9 [10 119:134]
 15 [ 7 142:147]
 12 [ 3 176:181]
 30 [ 0 420:425]
143 [ 1 434:439]
 -9 [ 1 461:461]

Vehicle: 902  Cost: 62.15
Route: 9 45 14 129 71 -9 
  9 [10 119:160]
 45 [ 8 180:185]
 14 [ 4 195:200]
129 [ 8 300:305]
 71 [ 4 305:310]
 -9 [ 4 338:338]

Vehicle: 903  Cost: 12.17
Route: 9 36 -9 
  9 [ 3 119:294]
 36 [ 0 300:305]
 -9 [ 0 311:311]

Vehicle: 904  Cost: 75.08
Route: 9 26 37 79 137 91 66 127 -9 
  9 [10 119:134]
 26 [ 9 153:158]
 37 [ 5 300:305]
 79 [ 3 306:311]
137 [ 6 311:316]
 91 [ 7 329:334]
 66 [ 4 343:348]
127 [ 6 348:353]
 -9 [ 6 367:367]

Vehicle: 905  Cost: 41.47
Route: 9 28 103 88 39 105 59 121 -9 
  9 [ 8 119:283]
 28 [ 6 300:305]
103 [10 305:310]
 88 [ 7 315:320]
 39 [ 6 331:336]
105 [ 7 336:341]
 59 [ 5 420:425]
121 [ 9 425:430]
 -9 [ 9 433:433]

Total Cost: 2203.64
 11:63.56, 60:75 [1, 3, -3, -1]
 12:63.56, 19:75 [1, -3, -1]
 14:87.86, 28:75 [1, 6, -6, -1]
 16:140.14, 56:75 [1, -8, 5, -5, -1]
 19:183.41, 54:75 [1, 7, 4, 9, -9, -5, -1]
301:95.24, 10:10 [3, 20, 96, 62, 123, 125, 64, 27, 33, -3]
302:60.94, 9:10 [3, 83, 139, 29, 46, 111, 16, -3]
303:82.23, 9:10 [3, 68, 101, 23, 73, -3]
304:88.56, 10:10 [3, 86, 76, 44, 130, -3]
305:79.42, 10:10 [3, 24, 99, 22, 93, 17, 55, 128, 70, -3]
306:30.17, 10:10 [3, 133, 42, 109, 43, 113, -3]
314:92.03, 10:10 [3, 25, 67, 92, 13, 89, 19, 95, -3]
401:34.56, 9:10 [4, 75, 84, 38, -4]
501:87.05, 10:10 [5, 118, 52, 97, 40, 100, 102, 61, -5]
502:96.77, 10:10 [5, 56, 119, 49, 126, 65, 10, -5]
503:112.24, 10:10 [5, 81, 18, 34, 142, 117, 35, -5]
504:76.79, 9:10 [5, 48, 82, 138, 57, 120, 50, 116, -5]
505:120.03, 10:10 [5, 41, 131, 72, 106, 110, 94, 77, -5]
507:90.22, 10:10 [5, 69, 104, 11, 90, 112, 47, 136, 74, 132, -5]
601:50.68, 8:10 [6, 124, 63, 78, 135, 140, 85, -6]
602:34.41, 5:10 [6, 31, 54, 107, -6]
603:87.55, 10:10 [6, 32, 134, 87, 141, 21, 98, 108, -6]
604:59.12, 10:10 [6, 80, 60, 122, 115, 53, 58, -6]
701:2.00, 4:10 [7, 51, -7]
801:8.00, 3:10 [8, 114, -8]
901:86.21, 10:10 [9, 15, 12, 30, 143, -9]
902:62.15, 10:10 [9, 45, 14, 129, 71, -9]
903:12.17, 3:10 [9, 36, -9]
904:75.08, 10:10 [9, 26, 37, 79, 137, 91, 66, 127, -9]
905:41.47, 10:10 [9, 28, 103, 88, 39, 105, 59, 121, -9]
fe: 5, se: 25

!ALNS------------
100000,2203.639090242291,831.749,646.533,5,25,0.5786666666666667,0.876,26.8,5.36
29 18 18 9 0 2 7 0 
9.534856059268872 23.316953771561053 9.075343148883098 12.11988561039948 NaN 17.448362352511126 13.749560708060779 28.832690751390682 
14 13 8 7 9 11 15 6 
15.255416302411843 16.46507926938469 13.975562864097988 15.129564434415972 14.079118278920252 14.116132651136063 14.667186059258244 13.755342936716525 

x[737] = 1.0
Vehicle: 14  Cost: 87.86
Route: 1 6 -6 -1 
 1 [ 28   0:  0 [85, 31, 21, 32, 78, 63, 80, 60, 87, 54, 58, 53]]
 6 [  0  44: 44 []]
-6 [ 25  44:376 [140, 141, 98, 124, 134, 122, 108, 107, 135, 115]]
-1 [ 25 420:420 [140, 141, 98, 124, 134, 122, 108, 107, 135, 115]]

x[1468] = 1.0
Vehicle: 11  Cost: 63.56
Route: 1 3 -3 -1 
 1 [ 56   0:  0 [73, 27, 89, 23, 22, 13, 70, 17, 46, 44, 43, 42, 76, 67, 55, 64, 62, 33, 16, 19, 25, 24, 20, 83, 68, 29]]
 3 [  0  32: 32 []]
-3 [ 28  32:523 [128, 125, 111, 96, 123, 95, 139, 101, 92, 99]]
-1 [ 28 555:555 [128, 125, 111, 96, 123, 95, 139, 101, 92, 99]]

x[2170] = 1.0
Vehicle: 19  Cost: 183.41
Route: 1 7 4 9 -9 -5 -1 
 1 [ 54   0:  0 [51, 84, 79, 59, 66, 88, 37, 39, 36, 28, 30, 14, 12, 26, 75, 15, 71, 45, 38]]
 7 [ 50  47: 62 [84, 79, 59, 66, 88, 37, 39, 36, 28, 30, 14, 12, 26, 75, 15, 71, 45, 38]]
 4 [ 41  81: 96 [79, 59, 66, 88, 37, 39, 36, 28, 30, 14, 12, 26, 15, 71, 45]]
 9 [  0 119:119 []]
-9 [ 20 119:476 [137, 143, 129, 105, 103, 91, 121, 127]]
-5 [ 35 505:520 [138, 137, 143, 129, 105, 103, 120, 91, 142, 121, 127, 117, 116]]
-1 [ 35 585:585 [138, 137, 143, 129, 105, 103, 120, 91, 142, 121, 127, 117, 116]]

x[6591] = 1.0
Vehicle: 16  Cost: 140.14
Route: 1 -8 5 -5 -1 
 1 [ 57   0:  0 [61, 81, 18, 74, 77, 49, 72, 10, 11, 52, 82, 50, 56, 35, 34, 40, 48, 41, 65, 47, 57, 86, 69]]
-8 [ 60  58: 73 [114, 61, 81, 18, 74, 77, 49, 72, 10, 11, 52, 82, 50, 56, 35, 34, 40, 48, 41, 65, 47, 57, 86, 69]]
 5 [  3  91: 91 [114]]
-5 [ 36  91:350 [132, 97, 100, 118, 106, 114, 131, 119, 110, 112, 104, 102, 90, 136, 94, 126]]
-1 [ 36 415:415 [132, 97, 100, 118, 106, 114, 131, 119, 110, 112, 104, 102, 90, 136, 94, 126]]

x[11001] = 1.0
Vehicle: 12  Cost: 63.56
Route: 1 -3 -1 
 1 [  0   0:  0 []]
-3 [ 25  32:377 [109, 133, 92, 95, 130, 93, 113, 128]]
-1 [ 25 409:409 [109, 133, 92, 95, 130, 93, 113, 128]]

y[473] = 1.0
Vehicle: 503  Cost: 114.56
Route: 5 61 18 34 142 117 35 116 -5 
  5 [10 116:287]
 61 [ 9 300:305]
 18 [ 6 337:342]
 34 [ 3 350:355]
142 [ 7 360:365]
117 [10 372:377]
 35 [ 7 387:392]
116 [ 8 419:424]
 -5 [ 8 437:437]

y[623] = 1.0
Vehicle: 301  Cost: 52.73
Route: 3 44 130 19 95 25 -3 
  3 [ 9  32:162]
 44 [ 6 180:185]
130 [ 9 189:194]
 19 [ 5 300:305]
 95 [ 9 305:310]
 25 [ 7 321:326]
 -3 [ 7 339:339]

y[1385] = 1.0
Vehicle: 601  Cost: 50.68
Route: 6 63 124 78 135 140 85 -6 
  6 [ 6 108:123]
 63 [ 5 139:144]
124 [ 7 144:149]
 78 [ 3 300:305]
135 [ 5 305:310]
140 [ 7 320:325]
 85 [ 6 325:330]
 -6 [ 6 349:349]

y[1646] = 1.0
Vehicle: 505  Cost: 120.03
Route: 5 41 72 131 106 110 94 77 -5 
  5 [10  65:163]
 41 [ 6 180:185]
 72 [ 2 194:199]
131 [ 3 199:204]
106 [ 6 216:221]
110 [ 7 237:242]
 94 [10 269:274]
 77 [ 8 300:305]
 -5 [ 8 335:335]

y[2021] = 1.0
Vehicle: 508  Cost: 18.44
Route: 5 56 119 -5 
  5 [ 3 121:136]
 56 [ 0 145:150]
119 [ 3 150:155]
 -5 [ 3 164:164]

y[2231] = 1.0
Vehicle: 305  Cost: 35.98
Route: 3 133 42 24 43 109 113 -3 
  3 [ 5  32: 47]
133 [ 8  56: 61]
 42 [ 7  64: 69]
 24 [ 4  73: 78]
 43 [ 3  89: 94]
109 [ 7  94: 99]
113 [10 180:185]
 -3 [10 190:190]

y[2895] = 1.0
Vehicle: 502  Cost: 100.83
Route: 5 49 48 126 65 81 10 -5 
  5 [ 9 116:131]
 49 [ 6 149:154]
 48 [ 5 162:167]
126 [ 8 192:197]
 65 [ 6 197:202]
 81 [ 5 217:222]
 10 [ 3 300:305]
 -5 [ 3 327:327]

y[4139] = 1.0
Vehicle: 301  Cost: 71.43
Route: 3 99 22 70 128 33 55 27 -3 
  3 [ 8  32:163]
 99 [ 9 180:185]
 22 [ 8 185:190]
 70 [ 6 300:305]
128 [10 305:310]
 33 [ 9 420:425]
 55 [ 6 435:440]
 27 [ 5 444:449]
 -3 [ 5 474:474]

y[4743] = 1.0
Vehicle: 310  Cost: 60.94
Route: 3 16 46 111 29 83 139 -3 
  3 [ 9  32:276]
 16 [ 8 300:305]
 46 [ 5 311:316]
111 [ 9 316:321]
 29 [ 8 420:425]
 83 [ 4 437:442]
139 [ 8 442:447]
 -3 [ 8 460:460]

y[4877] = 1.0
Vehicle: 501  Cost: 95.84
Route: 5 118 86 40 100 102 97 -5 
  5 [ 6  91:106]
118 [10 122:127]
 86 [ 6 150:155]
 40 [ 4 168:173]
100 [ 5 182:187]
102 [ 6 192:197]
 97 [ 9 205:210]
 -5 [ 9 231:231]

y[4989] = 1.0
Vehicle: 701  Cost: 2.00
Route: 7 51 -7 
  7 [ 4 580:595]
 51 [ 0 596:601]
 -7 [ 0 602:602]

y[5172] = 1.0
Vehicle: 901  Cost: 12.17
Route: 9 36 -9 
  9 [ 3 579:594]
 36 [ 0 600:605]
 -9 [ 0 611:611]

y[6282] = 1.0
Vehicle: 504  Cost: 68.94
Route: 5 52 50 57 120 138 82 -5 
  5 [ 9  91:161]
 52 [ 8 180:185]
 50 [ 6 300:305]
 57 [ 2 310:315]
120 [ 6 315:320]
138 [ 9 420:425]
 82 [ 7 425:430]
 -5 [ 7 450:450]

y[10163] = 1.0
Vehicle: 602  Cost: 34.41
Route: 6 31 54 107 -6 
  6 [ 5  97:175]
 31 [ 2 180:185]
 54 [ 0 300:305]
107 [ 3 315:320]
 -6 [ 3 337:337]

y[10427] = 1.0
Vehicle: 603  Cost: 87.55
Route: 6 32 134 87 141 21 98 108 -6 
  6 [10 108:123]
 32 [ 7 145:150]
134 [ 9 154:159]
 87 [ 6 173:178]
141 [ 9 178:183]
 21 [ 5 186:191]
 98 [ 7 191:196]
108 [ 9 212:217]
 -6 [ 9 246:246]

y[11077] = 1.0
Vehicle: 313  Cost: 94.81
Route: 3 17 93 20 96 62 123 125 64 -3 
  3 [ 9  32: 47]
 17 [ 8  75: 80]
 93 [ 9  80: 85]
 20 [ 7 113:118]
 96 [ 8 118:123]
 62 [ 4 300:305]
123 [ 7 305:310]
125 [ 8 316:321]
 64 [ 6 321:326]
 -3 [ 6 355:355]

y[11498] = 1.0
Vehicle: 905  Cost: 41.47
Route: 9 28 103 88 39 105 59 121 -9 
  9 [ 8 271:286]
 28 [ 6 304:309]
103 [10 309:314]
 88 [ 7 319:324]
 39 [ 6 335:340]
105 [ 7 340:345]
 59 [ 5 420:425]
121 [ 9 425:430]
 -9 [ 9 433:433]

y[11663] = 1.0
Vehicle: 507  Cost: 90.22
Route: 5 69 104 11 90 47 112 136 74 132 -5 
  5 [10 136:151]
 69 [ 6 171:176]
104 [ 7 191:196]
 11 [ 5 204:209]
 90 [ 8 209:214]
 47 [ 5 231:236]
112 [ 6 236:241]
136 [ 9 247:252]
 74 [ 8 300:305]
132 [10 305:310]
 -5 [10 323:323]

y[12470] = 1.0
Vehicle: 902  Cost: 62.15
Route: 9 45 14 129 71 -9 
  9 [10 183:198]
 45 [ 8 218:223]
 14 [ 4 233:238]
129 [ 8 300:305]
 71 [ 4 305:310]
 -9 [ 4 338:338]

y[12697] = 1.0
Vehicle: 303  Cost: 82.23
Route: 3 68 23 101 73 -3 
  3 [ 9 115:130]
 68 [ 5 167:172]
 23 [ 1 420:425]
101 [ 4 425:430]
 73 [ 3 446:451]
 -3 [ 3 475:475]

y[13763] = 1.0
Vehicle: 604  Cost: 59.12
Route: 6 80 122 60 115 53 58 -6 
  6 [ 7  88:103]
 80 [ 4 112:117]
122 [ 8 137:142]
 60 [ 7 142:147]
115 [10 300:305]
 53 [ 9 305:310]
 58 [ 7 321:326]
 -6 [ 7 336:336]

y[14034] = 1.0
Vehicle: 801  Cost: 8.00
Route: 8 114 -8 
  8 [ 0   0: 15]
114 [ 3  19: 24]
 -8 [ 3  28: 28]

y[14469] = 1.0
Vehicle: 904  Cost: 86.21
Route: 9 15 12 30 143 -9 
  9 [10 122:137]
 15 [ 7 145:150]
 12 [ 3 179:184]
 30 [ 0 420:425]
143 [ 1 434:439]
 -9 [ 1 461:461]

y[15220] = 1.0
Vehicle: 305  Cost: 91.32
Route: 3 76 89 13 92 67 -3 
  3 [ 7  32: 47]
 76 [ 4  80: 85]
 89 [ 3 420:425]
 13 [ 1 437:442]
 92 [ 4 442:447]
 67 [ 3 463:468]
 -3 [ 3 494:494]

y[16003] = 1.0
Vehicle: 904  Cost: 75.08
Route: 9 26 37 79 137 91 66 127 -9 
  9 [10 247:262]
 26 [ 9 281:286]
 37 [ 5 305:310]
 79 [ 3 311:316]
137 [ 6 316:321]
 91 [ 7 334:339]
 66 [ 4 348:353]
127 [ 6 353:358]
 -9 [ 6 372:372]

y[16148] = 1.0
Vehicle: 401  Cost: 34.56
Route: 4 75 84 38 -4 
  4 [ 9 124:139]
 75 [ 5 147:152]
 84 [ 4 160:165]
 38 [ 0 300:305]
 -4 [ 0 316:316]

FE: 5
SE: 26
!MIP-----
2190.2444315866933,5401.545286178589,0.02873435062212122,5,26,11140,16776

Run: 2
Total Cost: 2221.29
Vehicle: 11  Cost: 63.56
Route: 1 3 -3 -1 
 1 [ 61   0:  0 [67, 64, 44, 52, 76, 24, 17, 33, 86, 19, 73, 16, 62, 43, 23, 22, 89, 42, 70, 55, 25, 46, 83, 29, 68, 20, 27, 13]]
 3 [  0  32: 32 []]
-3 [ 27  32:509 [92, 128, 101, 95, 96, 123, 111, 139, 125]]
-1 [ 27 541:541 [92, 128, 101, 95, 96, 123, 111, 139, 125]]

Vehicle: 12  Cost: 63.56
Route: 1 -3 -1 
 1 [  0   0:  0 []]
-3 [ 22  32:354 [109, 93, 97, 133, 113, 130, 118, 99]]
-1 [ 22 385:385 [109, 93, 97, 133, 113, 130, 118, 99]]

Vehicle: 15  Cost: 140.14
Route: 1 -8 5 -5 -1 
 1 [ 38   0:  0 [45, 56, 65, 74, 48, 10, 49, 57, 12, 82, 15, 40, 50, 69, 61, 11]]
-8 [ 41  58: 73 [114, 45, 56, 65, 74, 48, 10, 49, 57, 12, 82, 15, 40, 50, 69, 61, 11]]
 5 [  3  91: 91 [114]]
-5 [ 30  91:353 [90, 104, 116, 136, 126, 132, 100, 106, 112, 119, 120, 114, 102, 110]]
-1 [ 30 418:418 [90, 104, 116, 136, 126, 132, 100, 106, 112, 119, 120, 114, 102, 110]]

Vehicle: 16  Cost: 87.86
Route: 1 6 -6 -1 
 1 [ 28   0:  0 [31, 53, 58, 87, 84, 54, 75, 32, 63, 60, 80, 21]]
 6 [  0  44: 44 []]
-6 [ 24  44:351 [134, 122, 98, 141, 107, 94, 124, 108, 115]]
-1 [ 24 395:395 [134, 122, 98, 141, 107, 94, 124, 108, 115]]

Vehicle: 20  Cost: 178.46
Route: 1 4 9 -9 -4 7 -7 -1 
 1 [ 68   0:  0 [39, 37, 88, 81, 35, 30, 59, 36, 34, 79, 47, 38, 14, 18, 28, 51, 41, 77, 78, 66, 71, 26, 72, 85]]
 4 [ 59  66: 81 [39, 37, 88, 81, 35, 59, 36, 34, 79, 47, 14, 18, 28, 51, 41, 78, 66, 71, 26, 72, 85]]
 9 [  9 104:104 [51, 78, 85]]
-9 [ 39 104:484 [137, 105, 121, 117, 138, 142, 103, 127, 91, 51, 131, 78, 129, 85]]
-4 [ 40 507:522 [143, 51, 78, 137, 105, 121, 117, 138, 142, 103, 127, 91, 131, 129, 85]]
 7 [ 31 542:542 [137, 105, 121, 117, 138, 142, 103, 127, 91, 131, 129, 143]]
-7 [ 35 542:627 [137, 105, 121, 117, 138, 142, 103, 127, 91, 140, 135, 131, 129, 143]]
-1 [ 35 674:674 [137, 105, 121, 117, 138, 142, 103, 127, 91, 140, 135, 131, 129, 143]]

Vehicle: 302  Cost: 99.64
Route: 3 20 96 62 123 27 33 128 70 -3 
  3 [10  32: 47]
 20 [ 8  85: 90]
 96 [ 9  90: 95]
 62 [ 5 300:305]
123 [ 8 305:310]
 27 [ 7 330:335]
 33 [ 6 420:425]
128 [10 431:436]
 70 [ 8 436:441]
 -3 [ 8 466:466]

Vehicle: 303  Cost: 86.98
Route: 3 68 101 23 125 64 -3 
  3 [10  32: 47]
 68 [ 6  84: 89]
101 [ 9 420:425]
 23 [ 5 425:430]
125 [ 6 446:451]
 64 [ 4 451:456]
 -3 [ 4 485:485]

Vehicle: 304  Cost: 80.63
Route: 3 24 42 133 99 22 17 93 55 -3 
  3 [ 9  32: 47]
 24 [ 6  62: 67]
 42 [ 5  71: 76]
133 [ 8  79: 84]
 99 [ 9 180:185]
 22 [ 8 185:190]
 17 [ 7 201:206]
 93 [ 8 206:211]
 55 [ 5 300:305]
 -3 [ 5 333:333]

Vehicle: 305  Cost: 100.20
Route: 3 19 95 73 89 13 92 67 -3 
  3 [ 9  32:286]
 19 [ 5 300:305]
 95 [ 9 305:310]
 73 [ 8 323:328]
 89 [ 7 420:425]
 13 [ 5 437:442]
 92 [ 8 442:447]
 67 [ 7 463:468]
 -3 [ 7 494:494]

Vehicle: 306  Cost: 40.25
Route: 3 43 109 44 130 113 -3 
  3 [ 4  32: 51]
 43 [ 3  60: 65]
109 [ 7  65: 70]
 44 [ 4 180:185]
130 [ 7 189:194]
113 [10 205:210]
 -3 [10 215:215]

Vehicle: 307  Cost: 60.94
Route: 3 16 46 111 29 83 139 -3 
  3 [ 9  32:276]
 16 [ 8 300:305]
 46 [ 5 311:316]
111 [ 9 316:321]
 29 [ 8 420:425]
 83 [ 4 437:442]
139 [ 8 442:447]
 -3 [ 8 460:460]

Vehicle: 309  Cost: 98.72
Route: 3 76 86 97 118 52 25 -3 
  3 [10  32: 47]
 76 [ 7  80: 85]
 86 [ 3  97:102]
 97 [ 6 118:123]
118 [10 131:136]
 52 [ 9 180:185]
 25 [ 7 300:305]
 -3 [ 7 318:318]

Vehicle: 401  Cost: 58.05
Route: 4 77 143 30 38 -4 
  4 [ 9  66:291]
 77 [ 7 300:305]
143 [ 8 323:328]
 30 [ 5 420:425]
 38 [ 1 435:440]
 -4 [ 1 451:451]

Vehicle: 501  Cost: 65.69
Route: 5 61 82 57 50 -5 
  5 [ 9  91:287]
 61 [ 8 300:305]
 82 [ 6 420:425]
 57 [ 2 440:445]
 50 [ 0 450:455]
 -5 [ 0 481:481]

Vehicle: 504  Cost: 119.51
Route: 5 69 65 126 11 90 104 10 -5 
  5 [10  91:106]
 69 [ 6 126:131]
 65 [ 4 156:161]
126 [ 7 161:166]
 11 [ 5 202:207]
 90 [ 8 207:212]
104 [ 9 220:225]
 10 [ 7 300:305]
 -5 [ 7 327:327]

Vehicle: 506  Cost: 137.07
Route: 5 15 12 110 45 106 112 136 74 132 -5 
  5 [10  91:106]
 15 [ 7 142:147]
 12 [ 3 176:181]
110 [ 4 197:202]
 45 [ 2 202:207]
106 [ 5 223:228]
112 [ 6 237:242]
136 [ 9 248:253]
 74 [ 8 300:305]
132 [10 305:310]
 -5 [10 323:323]

Vehicle: 508  Cost: 92.65
Route: 5 56 119 49 48 40 100 102 120 116 -5 
  5 [ 9  91:106]
 56 [ 6 115:120]
119 [ 9 120:125]
 49 [ 6 134:139]
 48 [ 5 147:152]
 40 [ 3 173:178]
100 [ 4 187:192]
102 [ 5 197:202]
120 [ 9 300:305]
116 [10 320:325]
 -5 [10 338:338]

Vehicle: 601  Cost: 10.20
Route: 6 31 -6 
  6 [ 3  44:175]
 31 [ 0 180:185]
 -6 [ 0 190:190]

Vehicle: 602  Cost: 59.12
Route: 6 80 60 122 115 53 58 -6 
  6 [ 7  44: 59]
 80 [ 4  68: 73]
 60 [ 3  93: 98]
122 [ 7  98:103]
115 [10 300:305]
 53 [ 9 305:310]
 58 [ 7 321:326]
 -6 [ 7 336:336]

Vehicle: 604  Cost: 87.55
Route: 6 32 134 87 141 21 98 108 -6 
  6 [10  44: 59]
 32 [ 7  81: 86]
134 [ 9  90: 95]
 87 [ 6 109:114]
141 [ 9 114:119]
 21 [ 5 121:126]
 98 [ 7 126:131]
108 [ 9 180:185]
 -6 [ 9 214:214]

Vehicle: 605  Cost: 95.22
Route: 6 124 63 75 94 84 107 54 -6 
  6 [ 8  44: 59]
124 [10  75: 80]
 63 [ 9  80: 85]
 75 [ 5 105:110]
 94 [ 8 119:124]
 84 [ 7 135:140]
107 [10 300:305]
 54 [ 8 315:320]
 -6 [ 8 327:327]

Vehicle: 702  Cost: 29.90
Route: 7 51 78 135 85 140 -7 
  7 [ 9 542:557]
 51 [ 5 558:563]
 78 [ 1 573:578]
135 [ 3 578:583]
 85 [ 2 593:598]
140 [ 4 598:603]
 -7 [ 4 612:612]

Vehicle: 801  Cost: 8.00
Route: 8 114 -8 
  8 [ 0   0: 15]
114 [ 3  19: 24]
 -8 [ 3  28: 28]

Vehicle: 901  Cost: 149.63
Route: 9 81 18 34 142 117 35 138 -9 
  9 [10 104:119]
 81 [ 9 164:169]
 18 [ 6 300:305]
 34 [ 3 314:319]
142 [ 7 324:329]
117 [10 335:340]
 35 [ 7 350:355]
138 [10 420:425]
 -9 [10 469:469]

Vehicle: 902  Cost: 24.81
Route: 9 72 131 47 36 -9 
  9 [10 104:174]
 72 [ 6 180:185]
131 [ 7 185:190]
 47 [ 4 196:201]
 36 [ 1 300:305]
 -9 [ 1 311:311]

Vehicle: 903  Cost: 41.73
Route: 9 41 28 103 88 39 105 -9 
  9 [10 104:168]
 41 [ 6 180:185]
 28 [ 4 300:305]
103 [ 8 305:310]
 88 [ 5 315:320]
 39 [ 4 331:336]
105 [ 5 336:341]
 -9 [ 5 348:348]

Vehicle: 904  Cost: 75.08
Route: 9 26 37 79 137 91 66 127 -9 
  9 [10 104:119]
 26 [ 9 138:143]
 37 [ 5 300:305]
 79 [ 3 306:311]
137 [ 6 311:316]
 91 [ 7 329:334]
 66 [ 4 343:348]
127 [ 6 348:353]
 -9 [ 6 367:367]

Vehicle: 905  Cost: 66.11
Route: 9 14 129 71 59 121 -9 
  9 [10 104:151]
 14 [ 6 180:185]
129 [10 300:305]
 71 [ 6 305:310]
 59 [ 4 420:425]
121 [ 8 425:430]
 -9 [ 8 433:433]

Total Cost: 2221.29
 11:63.56, 61:75 [1, 3, -3, -1]
 12:63.56, 22:75 [1, -3, -1]
 15:140.14, 41:75 [1, -8, 5, -5, -1]
 16:87.86, 28:75 [1, 6, -6, -1]
 20:178.46, 68:75 [1, 4, 9, -9, -4, 7, -7, -1]
302:99.64, 10:10 [3, 20, 96, 62, 123, 27, 33, 128, 70, -3]
303:86.98, 10:10 [3, 68, 101, 23, 125, 64, -3]
304:80.63, 9:10 [3, 24, 42, 133, 99, 22, 17, 93, 55, -3]
305:100.20, 9:10 [3, 19, 95, 73, 89, 13, 92, 67, -3]
306:40.25, 10:10 [3, 43, 109, 44, 130, 113, -3]
307:60.94, 9:10 [3, 16, 46, 111, 29, 83, 139, -3]
309:98.72, 10:10 [3, 76, 86, 97, 118, 52, 25, -3]
401:58.05, 9:10 [4, 77, 143, 30, 38, -4]
501:65.69, 9:10 [5, 61, 82, 57, 50, -5]
504:119.51, 10:10 [5, 69, 65, 126, 11, 90, 104, 10, -5]
506:137.07, 10:10 [5, 15, 12, 110, 45, 106, 112, 136, 74, 132, -5]
508:92.65, 10:10 [5, 56, 119, 49, 48, 40, 100, 102, 120, 116, -5]
601:10.20, 3:10 [6, 31, -6]
602:59.12, 10:10 [6, 80, 60, 122, 115, 53, 58, -6]
604:87.55, 10:10 [6, 32, 134, 87, 141, 21, 98, 108, -6]
605:95.22, 10:10 [6, 124, 63, 75, 94, 84, 107, 54, -6]
702:29.90, 9:10 [7, 51, 78, 135, 85, 140, -7]
801:8.00, 3:10 [8, 114, -8]
901:149.63, 10:10 [9, 81, 18, 34, 142, 117, 35, 138, -9]
902:24.81, 10:10 [9, 72, 131, 47, 36, -9]
903:41.73, 10:10 [9, 41, 28, 103, 88, 39, 105, -9]
904:75.08, 10:10 [9, 26, 37, 79, 137, 91, 66, 127, -9]
905:66.11, 10:10 [9, 14, 129, 71, 59, 121, -9]
fe: 5, se: 23

!ALNS------------
100000,2221.2911289979565,840.476,378.45,5,23,0.5866666666666667,0.9130434782608695,26.8,5.826086956521739
17 22 21 12 0 5 4 0 
10.36771597224346 23.831223779574117 10.471798928553168 12.504658590401718 134.70950525650574 20.21044547585648 16.03685065363716 26.955500407374693 
7 15 9 10 6 13 17 4 
16.815065739523913 16.783654065561464 17.14607115069329 15.784310994755186 17.161277032362023 16.493138721982458 15.971462466326908 15.385350975670192 

x[4792] = 1.0
Vehicle: 20  Cost: 178.46
Route: 1 7 4 9 -9 -4 -1 
 1 [ 62   0:  0 [51, 37, 66, 79, 36, 84, 38, 71, 88, 81, 39, 30, 28, 26, 14, 35, 34, 18, 72, 59, 41, 47]]
 7 [ 58  47: 62 [37, 66, 79, 36, 84, 38, 71, 88, 81, 39, 30, 28, 26, 14, 35, 34, 18, 72, 59, 41, 47]]
 4 [ 50  81: 96 [37, 66, 79, 36, 71, 88, 81, 39, 28, 26, 14, 35, 34, 18, 72, 59, 41, 47]]
 9 [  0 119:119 []]
-9 [ 30 119:484 [129, 121, 91, 137, 131, 138, 103, 117, 142, 127, 105]]
-4 [ 31 507:522 [143, 129, 121, 91, 137, 131, 138, 103, 117, 142, 127, 105]]
-1 [ 31 589:589 [129, 121, 91, 137, 131, 138, 103, 117, 142, 127, 105, 143]]

x[9258] = 1.0
Vehicle: 15  Cost: 140.14
Route: 1 -8 5 -5 -1 
 1 [ 38   0:  0 [49, 11, 56, 15, 74, 65, 50, 48, 61, 69, 45, 10, 12, 40, 57, 82]]
-8 [ 41  58: 73 [114, 49, 11, 56, 15, 74, 65, 50, 48, 61, 69, 45, 10, 12, 40, 57, 82]]
 5 [  3  91: 91 [114]]
-5 [ 32  91:353 [116, 126, 119, 132, 112, 106, 91, 90, 136, 100, 110, 120, 131, 102, 104, 114]]
-1 [ 32 418:418 [116, 126, 119, 132, 112, 106, 91, 90, 136, 100, 110, 120, 131, 102, 104, 114]]

x[11349] = 1.0
Vehicle: 16  Cost: 109.12
Route: 1 6 7 -7 -6 -1 
 1 [ 38   0:  0 [58, 80, 53, 21, 60, 87, 85, 51, 63, 54, 32, 78, 31, 77, 75]]
 6 [ 16  44: 59 [85, 51, 63, 78, 77, 75]]
 7 [  0  70: 70 []]
-7 [  9  70:350 [140, 135, 124, 94]]
-6 [ 28 361:376 [115, 122, 141, 98, 140, 134, 135, 124, 108, 107, 94]]
-1 [ 28 420:420 [115, 122, 141, 98, 140, 134, 135, 124, 108, 107, 94]]

x[14057] = 1.0
Vehicle: 11  Cost: 63.56
Route: 1 3 -3 -1 
 1 [ 61   0:  0 [64, 44, 52, 62, 42, 70, 46, 83, 68, 25, 89, 16, 27, 24, 86, 17, 13, 22, 29, 23, 33, 73, 76, 55, 20, 43, 19, 67]]
 3 [  0  32: 32 []]
-3 [ 35  32:554 [92, 128, 101, 139, 125, 96, 120, 123, 111, 95, 103]]
-1 [ 35 586:586 [92, 128, 101, 139, 125, 96, 120, 123, 111, 95, 103]]

x[15053] = 1.0
Vehicle: 12  Cost: 63.56
Route: 1 -3 -1 
 1 [  0   0:  0 []]
-3 [ 27  32:385 [130, 99, 113, 93, 133, 100, 118, 109, 97, 92, 96]]
-1 [ 27 417:417 [130, 99, 113, 93, 133, 100, 118, 109, 97, 92, 96]]

y[962] = 1.0
Vehicle: 701  Cost: 2.00
Route: 7 51 -7 
  7 [ 4 584:599]
 51 [ 0 600:605]
 -7 [ 0 606:606]

y[1651] = 1.0
Vehicle: 702  Cost: 24.11
Route: 7 63 124 135 78 -7 
  7 [ 5  70: 85]
 63 [ 4  93: 98]
124 [ 6  98:103]
135 [ 8 300:305]
 78 [ 4 305:310]
 -7 [ 4 319:319]

y[2054] = 1.0
Vehicle: 701  Cost: 50.09
Route: 7 75 94 77 85 140 -7 
  7 [ 7  70: 85]
 75 [ 3  98:103]
 94 [ 6 112:117]
 77 [ 4 300:305]
 85 [ 3 316:321]
140 [ 5 321:326]
 -7 [ 5 335:335]

y[2715] = 1.0
Vehicle: 504  Cost: 119.51
Route: 5 69 126 65 11 90 104 10 -5 
  5 [10 137:152]
 69 [ 6 173:178]
126 [ 9 203:208]
 65 [ 7 208:213]
 11 [ 5 249:254]
 90 [ 8 254:259]
104 [ 9 267:272]
 10 [ 7 300:305]
 -5 [ 7 327:327]

y[2926] = 1.0
Vehicle: 309  Cost: 67.86
Route: 3 118 52 97 67 25 -3 
  3 [ 4  32: 47]
118 [ 8  71: 76]
 52 [ 7 180:185]
 97 [10 189:194]
 67 [ 9 300:305]
 25 [ 7 319:324]
 -3 [ 7 337:337]

y[3719] = 1.0
Vehicle: 905  Cost: 66.11
Route: 9 14 71 129 121 59 -9 
  9 [10 225:240]
 14 [ 6 269:274]
 71 [ 2 300:305]
129 [ 6 305:310]
121 [10 420:425]
 59 [ 8 425:430]
 -9 [ 8 433:433]

y[3863] = 1.0
Vehicle: 508  Cost: 92.65
Route: 5 56 119 49 48 40 100 102 120 116 -5 
  5 [ 9 119:134]
 56 [ 6 143:148]
119 [ 9 148:153]
 49 [ 6 163:168]
 48 [ 5 176:181]
 40 [ 3 201:206]
100 [ 4 215:220]
102 [ 5 225:230]
120 [ 9 300:305]
116 [10 320:325]
 -5 [10 338:338]

y[4148] = 1.0
Vehicle: 301  Cost: 79.42
Route: 3 24 22 99 93 17 55 70 128 -3 
  3 [10  32: 47]
 24 [ 7  62: 67]
 22 [ 6 180:185]
 99 [ 7 185:190]
 93 [ 8 201:206]
 17 [ 7 206:211]
 55 [ 4 300:305]
 70 [ 2 321:326]
128 [ 6 326:331]
 -3 [ 6 356:356]

y[5184] = 1.0000000000011926
Vehicle: 302  Cost: 60.94
Route: 3 16 46 111 29 83 139 -3 
  3 [ 9  32:276]
 16 [ 8 300:305]
 46 [ 5 311:316]
111 [ 9 316:321]
 29 [ 8 420:425]
 83 [ 4 437:442]
139 [ 8 442:447]
 -3 [ 8 460:460]

y[5480] = 1.0
Vehicle: 601  Cost: 87.55
Route: 6 32 134 87 141 21 98 108 -6 
  6 [10  44: 59]
 32 [ 7  81: 86]
134 [ 9  90: 95]
 87 [ 6 109:114]
141 [ 9 114:119]
 21 [ 5 121:126]
 98 [ 7 126:131]
108 [ 9 180:185]
 -6 [ 9 214:214]

y[7589] = 1.0
Vehicle: 901  Cost: 149.63
Route: 9 81 18 34 142 117 35 138 -9 
  9 [10 179:194]
 81 [ 9 239:244]
 18 [ 6 300:305]
 34 [ 3 314:319]
142 [ 7 324:329]
117 [10 335:340]
 35 [ 7 350:355]
138 [10 420:425]
 -9 [10 469:469]

y[7921] = 1.0
Vehicle: 302  Cost: 95.24
Route: 3 20 96 62 123 64 125 27 33 -3 
  3 [10  32: 47]
 20 [ 8  85: 90]
 96 [ 9  90: 95]
 62 [ 5 300:305]
123 [ 8 305:310]
 64 [ 6 316:321]
125 [ 7 321:326]
 27 [ 6 342:347]
 33 [ 5 420:425]
 -3 [ 5 450:450]

y[8023] = 1.0
Vehicle: 307  Cost: 82.23
Route: 3 68 101 23 73 -3 
  3 [ 9  32: 47]
 68 [ 5  84: 89]
101 [ 8 420:425]
 23 [ 4 425:430]
 73 [ 3 446:451]
 -3 [ 3 475:475]

y[8728] = 1.0
Vehicle: 506  Cost: 137.07
Route: 5 15 12 110 45 106 112 136 74 132 -5 
  5 [10  91:106]
 15 [ 7 142:147]
 12 [ 3 176:181]
110 [ 4 197:202]
 45 [ 2 202:207]
106 [ 5 223:228]
112 [ 6 237:242]
136 [ 9 248:253]
 74 [ 8 300:305]
132 [10 305:310]
 -5 [10 323:323]

y[8781] = 1.0
Vehicle: 401  Cost: 49.00
Route: 4 84 38 30 143 -4 
  4 [ 8 152:167]
 84 [ 7 175:180]
 38 [ 3 300:305]
 30 [ 0 420:425]
143 [ 1 434:439]
 -4 [ 1 452:452]

y[10000] = 1.0
Vehicle: 305  Cost: 43.60
Route: 3 113 44 130 19 95 -3 
  3 [ 7  32:175]
113 [10 180:185]
 44 [ 7 199:204]
130 [10 207:212]
 19 [ 6 300:305]
 95 [10 305:310]
 -3 [10 324:324]

y[11244] = 1.0
Vehicle: 305  Cost: 99.15
Route: 3 76 86 92 13 89 -3 
  3 [10  32: 47]
 76 [ 7  80: 85]
 86 [ 3  97:102]
 92 [ 6 300:305]
 13 [ 4 305:310]
 89 [ 3 420:425]
 -3 [ 3 462:462]

y[13961] = 1.0
Vehicle: 603  Cost: 34.41
Route: 6 31 54 107 -6 
  6 [ 5  72:175]
 31 [ 2 180:185]
 54 [ 0 300:305]
107 [ 3 315:320]
 -6 [ 3 337:337]

y[14368] = 1.0
Vehicle: 602  Cost: 59.12
Route: 6 80 60 122 53 115 58 -6 
  6 [ 7 114:129]
 80 [ 4 138:143]
 60 [ 3 163:168]
122 [ 7 168:173]
 53 [ 6 300:305]
115 [ 9 305:310]
 58 [ 7 321:326]
 -6 [ 7 336:336]

y[15171] = 1.0
Vehicle: 801  Cost: 8.00
Route: 8 114 -8 
  8 [ 0   0: 15]
114 [ 3  19: 24]
 -8 [ 3  28: 28]

y[15711] = 1.0
Vehicle: 303  Cost: 29.65
Route: 3 133 42 43 109 -3 
  3 [ 2  32: 47]
133 [ 5  56: 61]
 42 [ 4  64: 69]
 43 [ 3  78: 83]
109 [ 7  83: 88]
 -3 [ 7  96: 96]

y[15913] = 1.0
Vehicle: 501  Cost: 65.69
Route: 5 61 82 57 50 -5 
  5 [ 9 323:338]
 61 [ 8 351:356]
 82 [ 6 420:425]
 57 [ 2 440:445]
 50 [ 0 450:455]
 -5 [ 0 481:481]

y[16403] = 1.0
Vehicle: 903  Cost: 41.73
Route: 9 41 28 103 88 39 105 -9 
  9 [10 179:194]
 41 [ 6 206:211]
 28 [ 4 300:305]
103 [ 8 305:310]
 88 [ 5 315:320]
 39 [ 4 331:336]
105 [ 5 336:341]
 -9 [ 5 348:348]

y[16435] = 1.000000000000241
Vehicle: 902  Cost: 24.81
Route: 9 72 131 47 36 -9 
  9 [10 160:175]
 72 [ 6 182:187]
131 [ 7 187:192]
 47 [ 4 198:203]
 36 [ 1 300:305]
 -9 [ 1 311:311]

y[17200] = 1.0
Vehicle: 904  Cost: 75.08
Route: 9 26 37 79 137 91 66 127 -9 
  9 [10 179:194]
 26 [ 9 213:218]
 37 [ 5 300:305]
 79 [ 3 306:311]
137 [ 6 311:316]
 91 [ 7 329:334]
 66 [ 4 343:348]
127 [ 6 348:353]
 -9 [ 6 367:367]

FE: 5
SE: 25
!MIP-----
2199.524819776816,5400.6413559913635,0.026232656494345523,5,25,16180,18172

Run: 3
Total Cost: 2235.58
Vehicle: 11  Cost: 63.56
Route: 1 3 -3 -1 
 1 [ 67   0:  0 [19, 42, 20, 13, 62, 70, 23, 17, 87, 33, 27, 21, 44, 67, 46, 29, 89, 76, 55, 43, 25, 68, 86, 16, 73, 83, 24, 22, 64]]
 3 [  0  32: 32 []]
-3 [ 23  32:490 [95, 125, 101, 96, 92, 123, 139, 111]]
-1 [ 23 522:522 [95, 125, 101, 96, 92, 123, 139, 111]]

Vehicle: 12  Cost: 63.56
Route: 1 -3 -1 
 1 [  0   0:  0 []]
-3 [ 26  32:371 [93, 109, 113, 99, 128, 130, 141, 133, 108, 98]]
-1 [ 26 403:403 [93, 109, 113, 99, 128, 130, 141, 133, 108, 98]]

Vehicle: 14  Cost: 129.26
Route: 1 5 -5 -1 
 1 [ 53   0:  0 [52, 65, 66, 34, 37, 56, 61, 57, 69, 40, 10, 79, 82, 81, 28, 48, 72, 74, 18, 49, 50, 35]]
 5 [  0  65: 65 []]
-5 [ 21  65:353 [136, 126, 102, 119, 131, 118, 100, 127, 97]]
-1 [ 21 418:418 [136, 126, 102, 119, 131, 118, 100, 127, 97]]

Vehicle: 15  Cost: 191.44
Route: 1 6 7 4 -4 -9 -5 -1 
 1 [ 39   0:  0 [60, 80, 84, 30, 53, 78, 58, 31, 51, 85, 54, 63, 32, 75, 77, 38]]
 6 [ 24  44: 59 [84, 30, 78, 51, 85, 63, 75, 77, 38]]
 7 [ 15  70: 85 [84, 30, 85, 75, 77, 38]]
 4 [  0 104:104 []]
-4 [  3 104:467 [143, 140]]
-9 [ 12 490:505 [129, 143, 140, 121, 105]]
-5 [ 37 535:550 [137, 91, 103, 129, 117, 138, 116, 142, 120, 143, 140, 121, 132, 105]]
-1 [ 37 614:614 [137, 91, 103, 129, 117, 138, 116, 142, 120, 143, 140, 121, 132, 105]]

Vehicle: 18  Cost: 178.06
Route: 1 -8 9 -9 -4 -7 -6 -1 
 1 [ 36   0:  0 [26, 45, 11, 14, 41, 59, 12, 15, 88, 47, 36, 39, 71]]
-8 [ 39  58: 73 [114, 26, 45, 11, 14, 41, 59, 12, 15, 88, 47, 36, 39, 71]]
 9 [  3  96: 96 [114]]
-9 [ 12  96:240 [112, 90, 106, 110, 104, 114]]
-4 [ 15 263:278 [94, 114, 112, 90, 106, 110, 104]]
-7 [ 19 298:341 [124, 114, 112, 90, 106, 110, 104, 135, 94]]
-6 [ 31 351:370 [122, 112, 90, 134, 106, 107, 110, 104, 114, 115, 124, 135, 94]]
-1 [ 31 413:413 [122, 112, 90, 134, 106, 107, 110, 104, 114, 115, 124, 135, 94]]

Vehicle: 301  Cost: 82.23
Route: 3 68 101 23 73 -3 
  3 [ 9  32: 47]
 68 [ 5  84: 89]
101 [ 8 420:425]
 23 [ 4 425:430]
 73 [ 3 446:451]
 -3 [ 3 475:475]

Vehicle: 302  Cost: 17.73
Route: 3 43 109 113 -3 
  3 [ 1  32: 51]
 43 [ 0  60: 65]
109 [ 4  65: 70]
113 [ 7 180:185]
 -3 [ 7 190:190]

Vehicle: 303  Cost: 90.61
Route: 3 42 98 21 141 87 108 133 -3 
  3 [ 8  32: 47]
 42 [ 7  58: 63]
 98 [ 9  97:102]
 21 [ 5 102:107]
141 [ 8 109:114]
 87 [ 5 114:119]
108 [ 7 180:185]
133 [10 204:209]
 -3 [10 218:218]

Vehicle: 304  Cost: 92.03
Route: 3 25 67 92 13 89 19 95 -3 
  3 [10  32:287]
 25 [ 8 300:305]
 67 [ 7 319:324]
 92 [10 339:344]
 13 [ 8 344:349]
 89 [ 7 420:425]
 19 [ 3 448:453]
 95 [ 7 453:458]
 -3 [ 7 472:472]

Vehicle: 306  Cost: 95.24
Route: 3 20 96 62 123 64 125 27 33 -3 
  3 [10  32: 47]
 20 [ 8  85: 90]
 96 [ 9  90: 95]
 62 [ 5 300:305]
123 [ 8 305:310]
 64 [ 6 316:321]
125 [ 7 321:326]
 27 [ 6 342:347]
 33 [ 5 420:425]
 -3 [ 5 450:450]

Vehicle: 311  Cost: 88.56
Route: 3 86 76 44 130 -3 
  3 [10  32: 47]
 86 [ 6  83: 88]
 76 [ 3 100:105]
 44 [ 0 180:185]
130 [ 3 189:194]
 -3 [ 3 209:209]

Vehicle: 312  Cost: 60.94
Route: 3 83 139 29 46 111 16 -3 
  3 [ 9  32:287]
 83 [ 5 300:305]
139 [ 9 305:310]
 29 [ 8 420:425]
 46 [ 5 430:435]
111 [ 9 435:440]
 16 [ 8 446:451]
 -3 [ 8 475:475]

Vehicle: 313  Cost: 79.42
Route: 3 24 22 99 17 93 55 128 70 -3 
  3 [10  32: 47]
 24 [ 7  62: 67]
 22 [ 6 180:185]
 99 [ 7 185:190]
 17 [ 6 201:206]
 93 [ 7 206:211]
 55 [ 4 300:305]
128 [ 8 321:326]
 70 [ 6 326:331]
 -3 [ 6 356:356]

Vehicle: 401  Cost: 49.00
Route: 4 84 38 30 143 -4 
  4 [ 8 104:119]
 84 [ 7 128:133]
 38 [ 3 300:305]
 30 [ 0 420:425]
143 [ 1 434:439]
 -4 [ 1 452:452]

Vehicle: 402  Cost: 4.47
Route: 4 94 -4 
  4 [ 0   0: 15]
 94 [ 3  17: 22]
 -4 [ 3  24: 24]

Vehicle: 403  Cost: 35.54
Route: 4 75 85 140 77 -4 
  4 [ 7 104:119]
 75 [ 3 126:131]
 85 [ 2 300:305]
140 [ 4 305:310]
 77 [ 2 321:326]
 -4 [ 2 335:335]

Vehicle: 501  Cost: 56.70
Route: 5 72 131 136 66 127 28 -5 
  5 [ 9  65:154]
 72 [ 5 180:185]
131 [ 6 185:190]
136 [ 9 195:200]
 66 [ 6 300:305]
127 [ 8 305:310]
 28 [ 6 319:324]
 -5 [ 6 338:338]

Vehicle: 502  Cost: 80.67
Route: 5 10 79 137 37 91 103 74 132 -5 
  5 [ 9  65:278]
 10 [ 7 300:305]
 79 [ 5 320:325]
137 [ 8 325:330]
 37 [ 4 331:336]
 91 [ 5 349:354]
103 [ 9 366:371]
 74 [ 8 377:382]
132 [10 382:387]
 -5 [10 399:399]

Vehicle: 503  Cost: 116.15
Route: 5 48 18 34 142 117 35 -5 
  5 [10  65: 80]
 48 [ 9 105:110]
 18 [ 6 300:305]
 34 [ 3 314:319]
142 [ 7 324:329]
117 [10 335:340]
 35 [ 7 350:355]
 -5 [ 7 394:394]

Vehicle: 504  Cost: 130.89
Route: 5 69 81 65 126 40 100 102 97 52 -5 
  5 [10  65: 80]
 69 [ 6 100:105]
 81 [ 5 117:122]
 65 [ 3 137:142]
126 [ 6 142:147]
 40 [ 4 185:190]
100 [ 5 199:204]
102 [ 6 209:214]
 97 [ 9 222:227]
 52 [ 8 232:237]
 -5 [ 8 256:256]

Vehicle: 506  Cost: 57.88
Route: 5 118 49 56 119 -5 
  5 [ 6  65: 80]
118 [10  97:102]
 49 [ 7 124:129]
 56 [ 4 138:143]
119 [ 7 143:148]
 -5 [ 7 158:158]

Vehicle: 507  Cost: 66.18
Route: 5 61 82 138 57 120 50 116 -5 
  5 [ 9  65:287]
 61 [ 8 300:305]
 82 [ 6 420:425]
138 [ 9 425:430]
 57 [ 5 445:450]
120 [ 9 450:455]
 50 [ 7 460:465]
116 [ 8 478:483]
 -5 [ 8 496:496]

Vehicle: 601  Cost: 46.85
Route: 6 31 54 107 58 -6 
  6 [ 7  44:175]
 31 [ 4 180:185]
 54 [ 2 300:305]
107 [ 5 315:320]
 58 [ 3 339:344]
 -6 [ 3 355:355]

Vehicle: 602  Cost: 80.42
Route: 6 80 60 122 134 32 53 115 -6 
  6 [ 8  44: 59]
 80 [ 5  68: 73]
 60 [ 4  93: 98]
122 [ 8  98:103]
134 [10 118:123]
 32 [ 7 127:132]
 53 [ 6 300:305]
115 [ 9 305:310]
 -6 [ 9 329:329]

Vehicle: 701  Cost: 25.48
Route: 7 63 124 78 135 51 -7 
  7 [ 9  70: 85]
 63 [ 8  93: 98]
124 [10  98:103]
 78 [ 6 300:305]
135 [ 8 305:310]
 51 [ 4 320:325]
 -7 [ 4 326:326]

Vehicle: 801  Cost: 8.00
Route: 8 114 -8 
  8 [ 0   0: 15]
114 [ 3  19: 24]
 -8 [ 3  28: 28]

Vehicle: 901  Cost: 74.83
Route: 9 47 112 104 11 90 26 106 -9 
  9 [ 6  96:111]
 47 [ 3 121:126]
112 [ 4 126:131]
104 [ 5 152:157]
 11 [ 3 165:170]
 90 [ 6 170:175]
 26 [ 5 189:194]
106 [ 8 204:209]
 -9 [ 8 221:221]

Vehicle: 902  Cost: 78.41
Route: 9 12 14 45 110 -9 
  9 [10  96:111]
 12 [ 6 146:151]
 14 [ 2 180:185]
 45 [ 0 195:200]
110 [ 1 200:205]
 -9 [ 1 225:225]

Vehicle: 903  Cost: 33.53
Route: 9 41 88 39 105 121 59 -9 
  9 [10  96:168]
 41 [ 6 180:185]
 88 [ 3 300:305]
 39 [ 2 316:321]
105 [ 3 321:326]
121 [ 7 420:425]
 59 [ 5 425:430]
 -9 [ 5 433:433]

Vehicle: 904  Cost: 57.95
Route: 9 15 71 129 36 -9 
  9 [10  96:111]
 15 [ 7 119:124]
 71 [ 3 300:305]
129 [ 7 305:310]
 36 [ 4 334:339]
 -9 [ 4 345:345]

Total Cost: 2235.58
 11:63.56, 67:75 [1, 3, -3, -1]
 12:63.56, 26:75 [1, -3, -1]
 14:129.26, 53:75 [1, 5, -5, -1]
 15:191.44, 39:75 [1, 6, 7, 4, -4, -9, -5, -1]
 18:178.06, 39:75 [1, -8, 9, -9, -4, -7, -6, -1]
301:82.23, 9:10 [3, 68, 101, 23, 73, -3]
302:17.73, 7:10 [3, 43, 109, 113, -3]
303:90.61, 10:10 [3, 42, 98, 21, 141, 87, 108, 133, -3]
304:92.03, 10:10 [3, 25, 67, 92, 13, 89, 19, 95, -3]
306:95.24, 10:10 [3, 20, 96, 62, 123, 64, 125, 27, 33, -3]
311:88.56, 10:10 [3, 86, 76, 44, 130, -3]
312:60.94, 9:10 [3, 83, 139, 29, 46, 111, 16, -3]
313:79.42, 10:10 [3, 24, 22, 99, 17, 93, 55, 128, 70, -3]
401:49.00, 8:10 [4, 84, 38, 30, 143, -4]
402:4.47, 3:10 [4, 94, -4]
403:35.54, 7:10 [4, 75, 85, 140, 77, -4]
501:56.70, 9:10 [5, 72, 131, 136, 66, 127, 28, -5]
502:80.67, 10:10 [5, 10, 79, 137, 37, 91, 103, 74, 132, -5]
503:116.15, 10:10 [5, 48, 18, 34, 142, 117, 35, -5]
504:130.89, 10:10 [5, 69, 81, 65, 126, 40, 100, 102, 97, 52, -5]
506:57.88, 10:10 [5, 118, 49, 56, 119, -5]
507:66.18, 9:10 [5, 61, 82, 138, 57, 120, 50, 116, -5]
601:46.85, 7:10 [6, 31, 54, 107, 58, -6]
602:80.42, 10:10 [6, 80, 60, 122, 134, 32, 53, 115, -6]
701:25.48, 10:10 [7, 63, 124, 78, 135, 51, -7]
801:8.00, 3:10 [8, 114, -8]
901:74.83, 8:10 [9, 47, 112, 104, 11, 90, 26, 106, -9]
902:78.41, 10:10 [9, 12, 14, 45, 110, -9]
903:33.53, 10:10 [9, 41, 88, 39, 105, 121, 59, -9]
904:57.95, 10:10 [9, 15, 71, 129, 36, -9]
fe: 5, se: 25

!ALNS------------
100000,2235.575092575151,797.669,293.076,5,25,0.5973333333333334,0.876,26.8,5.36
10 17 8 7 0 2 7 1 
11.198359749020717 26.309692135668914 10.866160239870919 15.285244210972158 50.726001892880745 21.832318171726186 17.838108752850594 24.11565185435293 
3 7 5 8 8 6 10 5 
20.446076084544146 19.33712853248097 18.880415383863312 18.783751074004623 16.818252570471877 17.240763229621372 17.071064614791407 20.242171433483193 

x[2174] = 1.0
Vehicle: 14  Cost: 129.26
Route: 1 5 -5 -1 
 1 [ 53   0:  0 [65, 66, 34, 69, 10, 79, 82, 81, 48, 74, 49, 35, 37, 61, 50, 52, 28, 72, 56, 57, 18, 40]]
 5 [  0  65: 65 []]
-5 [ 28  65:353 [136, 126, 102, 131, 100, 127, 103, 118, 119, 97, 110, 104, 112]]
-1 [ 28 418:418 [136, 126, 102, 131, 100, 127, 103, 118, 119, 97, 110, 104, 112]]

x[2296] = 1.0
Vehicle: 18  Cost: 178.06
Route: 1 -8 9 -9 -4 -7 -6 -1 
 1 [ 36   0:  0 [71, 26, 39, 45, 11, 47, 14, 41, 88, 59, 12, 15, 36]]
-8 [ 39  58: 73 [114, 71, 26, 39, 45, 11, 47, 14, 41, 88, 59, 12, 15, 36]]
 9 [  3  96: 96 [114]]
-9 [ 12  96:240 [112, 90, 106, 110, 104, 114]]
-4 [ 15 263:278 [94, 112, 90, 106, 110, 104, 114]]
-7 [ 19 298:341 [124, 112, 90, 106, 110, 94, 135, 104, 114]]
-6 [ 31 351:370 [122, 112, 90, 134, 106, 107, 94, 110, 124, 135, 104, 114, 115]]
-1 [ 31 413:413 [122, 112, 90, 134, 106, 107, 94, 110, 124, 135, 104, 114, 115]]

x[8073] = 1.0
Vehicle: 12  Cost: 63.56
Route: 1 -3 -1 
 1 [  0   0:  0 []]
-3 [ 33  32:388 [141, 98, 133, 99, 96, 108, 130, 109, 113, 93, 134, 118, 95]]
-1 [ 33 420:420 [141, 98, 133, 99, 96, 108, 130, 109, 113, 93, 134, 118, 95]]

x[8612] = 1.0
Vehicle: 15  Cost: 191.44
Route: 1 6 7 4 -4 -9 -5 -1 
 1 [ 39   0:  0 [58, 60, 75, 85, 53, 31, 54, 30, 77, 32, 38, 84, 78, 63, 80, 51]]
 6 [ 24  44: 59 [75, 85, 30, 77, 38, 84, 78, 63, 51]]
 7 [ 15  70: 85 [75, 85, 30, 77, 38, 84]]
 4 [  0 104:104 []]
-4 [  3 104:467 [140, 143]]
-9 [ 14 490:505 [105, 140, 121, 127, 129, 143]]
-5 [ 39 535:550 [117, 105, 103, 140, 116, 132, 120, 91, 121, 127, 129, 143, 138, 137, 142]]
-1 [ 39 614:614 [117, 105, 103, 140, 116, 132, 120, 91, 121, 127, 129, 143, 138, 137, 142]]

x[9379] = 1.0
Vehicle: 11  Cost: 63.56
Route: 1 3 -3 -1 
 1 [ 67   0:  0 [42, 20, 17, 87, 67, 29, 76, 55, 25, 16, 24, 22, 64, 44, 43, 62, 73, 70, 89, 68, 19, 21, 86, 83, 46, 13, 27, 33, 23]]
 3 [  0  32: 32 []]
-3 [ 28  32:533 [96, 92, 95, 139, 125, 128, 111, 123, 101, 99]]
-1 [ 28 565:565 [96, 92, 95, 139, 125, 128, 111, 123, 101, 99]]

y[171] = 1.0
Vehicle: 903  Cost: 33.53
Route: 9 41 88 39 105 59 121 -9 
  9 [10 257:272]
 41 [ 6 284:289]
 88 [ 3 300:305]
 39 [ 2 316:321]
105 [ 3 321:326]
 59 [ 1 420:425]
121 [ 5 425:430]
 -9 [ 5 433:433]

y[193] = 1.0
Vehicle: 701  Cost: 25.48
Route: 7 63 124 78 135 51 -7 
  7 [ 9 258:273]
 63 [ 8 282:287]
124 [10 287:292]
 78 [ 6 300:305]
135 [ 8 305:310]
 51 [ 4 320:325]
 -7 [ 4 326:326]

y[480] = 1.0
Vehicle: 503  Cost: 116.15
Route: 5 48 18 34 142 117 35 -5 
  5 [10  91:106]
 48 [ 9 131:136]
 18 [ 6 300:305]
 34 [ 3 314:319]
142 [ 7 324:329]
117 [10 335:340]
 35 [ 7 350:355]
 -5 [ 7 394:394]

y[666] = 1.0
Vehicle: 504  Cost: 130.89
Route: 5 69 81 126 65 40 100 102 97 52 -5 
  5 [10  91:106]
 69 [ 6 126:131]
 81 [ 5 143:148]
126 [ 8 163:168]
 65 [ 6 168:173]
 40 [ 4 211:216]
100 [ 5 225:230]
102 [ 6 235:240]
 97 [ 9 248:253]
 52 [ 8 258:263]
 -5 [ 8 281:281]

y[1958] = 1.0
Vehicle: 402  Cost: 4.47
Route: 4 94 -4 
  4 [ 0   0: 15]
 94 [ 3  17: 22]
 -4 [ 3  24: 24]

y[2753] = 1.0
Vehicle: 303  Cost: 93.42
Route: 3 24 98 21 87 141 108 133 -3 
  3 [10  32: 47]
 24 [ 7  62: 67]
 98 [ 9 100:105]
 21 [ 5 105:110]
 87 [ 2 112:117]
141 [ 5 117:122]
108 [ 7 180:185]
133 [10 204:209]
 -3 [10 218:218]

y[3760] = 1.0000000000024516
Vehicle: 601  Cost: 46.85
Route: 6 31 54 107 58 -6 
  6 [ 7 203:218]
 31 [ 4 224:229]
 54 [ 2 300:305]
107 [ 5 315:320]
 58 [ 3 339:344]
 -6 [ 3 355:355]

y[4393] = 1.0
Vehicle: 403  Cost: 35.54
Route: 4 75 85 140 77 -4 
  4 [ 7 195:210]
 75 [ 3 217:222]
 85 [ 2 300:305]
140 [ 4 305:310]
 77 [ 2 321:326]
 -4 [ 2 335:335]

y[4596] = 1.0
Vehicle: 304  Cost: 71.43
Route: 3 99 22 70 128 33 55 27 -3 
  3 [ 8  32:163]
 99 [ 9 180:185]
 22 [ 8 185:190]
 70 [ 6 300:305]
128 [10 305:310]
 33 [ 9 420:425]
 55 [ 6 435:440]
 27 [ 5 444:449]
 -3 [ 5 474:474]

y[5475] = 1.0
Vehicle: 901  Cost: 74.83
Route: 9 47 112 104 90 11 26 106 -9 
  9 [ 6  97:112]
 47 [ 3 122:127]
112 [ 4 127:132]
104 [ 5 153:158]
 90 [ 8 166:171]
 11 [ 6 171:176]
 26 [ 5 190:195]
106 [ 8 205:210]
 -9 [ 8 222:222]

y[8146] = 1.0
Vehicle: 301  Cost: 82.23
Route: 3 68 101 23 73 -3 
  3 [ 9  32: 47]
 68 [ 5  84: 89]
101 [ 8 420:425]
 23 [ 4 425:430]
 73 [ 3 446:451]
 -3 [ 3 475:475]

y[8235] = 1.0
Vehicle: 401  Cost: 49.00
Route: 4 84 38 30 143 -4 
  4 [ 8 104:119]
 84 [ 7 128:133]
 38 [ 3 300:305]
 30 [ 0 420:425]
143 [ 1 434:439]
 -4 [ 1 452:452]

y[8447] = 1.000000000002554
Vehicle: 502  Cost: 80.67
Route: 5 10 79 137 37 91 103 74 132 -5 
  5 [ 9 100:278]
 10 [ 7 300:305]
 79 [ 5 320:325]
137 [ 8 325:330]
 37 [ 4 331:336]
 91 [ 5 349:354]
103 [ 9 366:371]
 74 [ 8 377:382]
132 [10 382:387]
 -5 [10 399:399]

y[10227] = 1.0
Vehicle: 312  Cost: 17.73
Route: 3 43 109 113 -3 
  3 [ 1  32: 51]
 43 [ 0  60: 65]
109 [ 4  65: 70]
113 [ 7 180:185]
 -3 [ 7 190:190]

y[11428] = 1.0
Vehicle: 303  Cost: 99.15
Route: 3 76 86 13 92 89 -3 
  3 [10  32: 47]
 76 [ 7  80: 85]
 86 [ 3  97:102]
 13 [ 1 300:305]
 92 [ 4 305:310]
 89 [ 3 420:425]
 -3 [ 3 462:462]

y[12391] = 1.0
Vehicle: 905  Cost: 78.41
Route: 9 12 14 45 110 -9 
  9 [10 106:121]
 12 [ 6 155:160]
 14 [ 2 180:185]
 45 [ 0 195:200]
110 [ 1 200:205]
 -9 [ 1 225:225]

y[13419] = 1.0
Vehicle: 312  Cost: 60.94
Route: 3 83 139 29 46 111 16 -3 
  3 [ 9 368:383]
 83 [ 5 397:402]
139 [ 9 402:407]
 29 [ 8 420:425]
 46 [ 5 430:435]
111 [ 9 435:440]
 16 [ 8 446:451]
 -3 [ 8 475:475]

y[13544] = 1.0
Vehicle: 501  Cost: 56.70
Route: 5 72 131 136 66 127 28 -5 
  5 [ 9 157:172]
 72 [ 5 197:202]
131 [ 6 202:207]
136 [ 9 212:217]
 66 [ 6 300:305]
127 [ 8 305:310]
 28 [ 6 319:324]
 -5 [ 6 338:338]

y[14073] = 1.0
Vehicle: 507  Cost: 66.18
Route: 5 61 82 138 57 120 50 116 -5 
  5 [ 9 140:287]
 61 [ 8 300:305]
 82 [ 6 420:425]
138 [ 9 425:430]
 57 [ 5 445:450]
120 [ 9 450:455]
 50 [ 7 460:465]
116 [ 8 478:483]
 -5 [ 8 496:496]

y[14508] = 1.0
Vehicle: 306  Cost: 95.05
Route: 3 42 17 93 20 96 62 123 125 64 -3 
  3 [10  32: 47]
 42 [ 9  58: 63]
 17 [ 8  80: 85]
 93 [ 9  85: 90]
 20 [ 7 118:123]
 96 [ 8 123:128]
 62 [ 4 300:305]
123 [ 7 305:310]
125 [ 8 316:321]
 64 [ 6 321:326]
 -3 [ 6 355:355]

y[15406] = 1.0
Vehicle: 801  Cost: 8.00
Route: 8 114 -8 
  8 [ 0   0: 15]
114 [ 3  19: 24]
 -8 [ 3  28: 28]

y[17184] = 1.0
Vehicle: 904  Cost: 57.95
Route: 9 15 71 129 36 -9 
  9 [10 123:138]
 15 [ 7 146:151]
 71 [ 3 300:305]
129 [ 7 305:310]
 36 [ 4 334:339]
 -9 [ 4 345:345]

y[17652] = 1.0
Vehicle: 506  Cost: 57.88
Route: 5 118 49 119 56 -5 
  5 [ 6 100:115]
118 [10 132:137]
 49 [ 7 159:164]
119 [10 174:179]
 56 [ 7 179:184]
 -5 [ 7 193:193]

y[18201] = 1.0
Vehicle: 603  Cost: 76.15
Route: 6 80 32 134 122 60 53 115 -6 
  6 [ 8  72: 87]
 80 [ 5  96:101]
 32 [ 2 121:126]
134 [ 4 130:135]
122 [ 8 150:155]
 60 [ 7 155:160]
 53 [ 6 300:305]
115 [ 9 305:310]
 -6 [ 9 329:329]

y[18335] = 1.0
Vehicle: 304  Cost: 71.80
Route: 3 44 130 19 95 67 25 -3 
  3 [10  32:162]
 44 [ 7 180:185]
130 [10 189:194]
 19 [ 6 300:305]
 95 [10 305:310]
 67 [ 9 326:331]
 25 [ 7 345:350]
 -3 [ 7 363:363]

FE: 5
SE: 25
!MIP-----
2216.3118526038315,5402.048195838928,0.04213313995440412,5,25,12580,18434

Run: 4
Total Cost: 2255.15
Vehicle: 11  Cost: 63.56
Route: 1 3 -3 -1 
 1 [ 73   0:  0 [11, 65, 33, 56, 20, 23, 48, 69, 70, 24, 73, 40, 81, 64, 46, 27, 86, 17, 62, 68, 44, 22, 42, 43, 67, 21, 19, 83, 29, 55, 25, 16]]
 3 [  0  32: 32 []]
-3 [ 58  32:375 [133, 118, 100, 98, 93, 139, 104, 114, 125, 123, 97, 95, 119, 90, 130, 99, 113, 126, 102, 108, 96, 109, 128]]
-1 [ 58 406:406 [133, 118, 100, 98, 93, 139, 104, 114, 125, 123, 97, 95, 119, 90, 130, 99, 113, 126, 102, 108, 96, 109, 128]]

Vehicle: 15  Cost: 131.64
Route: 1 5 -5 -3 -1 
 1 [ 48   0:  0 [28, 89, 76, 88, 74, 35, 52, 82, 59, 49, 50, 41, 57, 37, 34, 79, 61, 18, 13, 10]]
 5 [  0  65: 65 []]
-5 [ 32  65:507 [116, 121, 120, 92, 138, 142, 103, 91, 137, 132, 117]]
-3 [ 39 543:558 [111, 116, 121, 120, 92, 138, 142, 103, 101, 91, 137, 132, 117]]
-1 [ 39 589:589 [111, 116, 121, 120, 92, 138, 142, 103, 101, 91, 137, 132, 117]]

Vehicle: 18  Cost: 101.09
Route: 1 6 -6 7 -7 -1 
 1 [ 34   0:  0 [85, 54, 77, 63, 53, 75, 80, 78, 87, 31, 51, 60, 32, 58]]
 6 [ 16  44: 44 [85, 77, 63, 75, 78, 51]]
-6 [ 25  44:205 [85, 77, 63, 141, 75, 122, 78, 134, 51]]
 7 [  9 215:215 [141, 122, 134]]
-7 [ 18 215:350 [135, 124, 141, 122, 134, 140, 94]]
-1 [ 18 397:397 [135, 124, 141, 122, 134, 140, 94]]

Vehicle: 22  Cost: 179.72
Route: 1 4 9 -9 -6 -1 
 1 [ 40   0:  0 [15, 39, 71, 30, 66, 72, 45, 26, 12, 14, 47, 84, 36, 38]]
 4 [ 32  66: 81 [15, 39, 71, 66, 72, 45, 26, 12, 14, 47, 36]]
 9 [  0 104:104 []]
-9 [ 17 104:359 [129, 106, 110, 131, 105, 127, 143, 112, 136]]
-6 [ 23 406:421 [129, 106, 110, 131, 115, 105, 127, 143, 107, 112, 136]]
-1 [ 23 465:465 [129, 106, 110, 131, 115, 105, 127, 143, 107, 112, 136]]

Vehicle: 301  Cost: 121.05
Route: 3 44 130 86 40 100 102 97 67 -3 
  3 [10  32:162]
 44 [ 7 180:185]
130 [10 189:194]
 86 [ 6 222:227]
 40 [ 4 240:245]
100 [ 5 254:259]
102 [ 6 264:269]
 97 [ 9 278:283]
 67 [ 8 300:305]
 -3 [ 8 331:331]

Vehicle: 302  Cost: 35.98
Route: 3 133 42 24 109 43 113 -3 
  3 [ 5  32: 47]
133 [ 8  56: 61]
 42 [ 7  64: 69]
 24 [ 4  73: 78]
109 [ 8  89: 94]
 43 [ 7  94: 99]
113 [10 180:185]
 -3 [10 190:190]

Vehicle: 303  Cost: 87.05
Route: 3 119 56 118 25 -3 
  3 [ 5  32: 47]
119 [ 8  89: 94]
 56 [ 5  94: 99]
118 [ 9 119:124]
 25 [ 7 300:305]
 -3 [ 7 318:318]

Vehicle: 304  Cost: 82.23
Route: 3 68 101 23 73 -3 
  3 [ 9  32: 47]
 68 [ 5  84: 89]
101 [ 8 420:425]
 23 [ 4 425:430]
 73 [ 3 446:451]
 -3 [ 3 475:475]

Vehicle: 305  Cost: 53.91
Route: 3 19 95 83 139 -3 
  3 [ 8  32:286]
 19 [ 4 300:305]
 95 [ 8 305:310]
 83 [ 4 336:341]
139 [ 8 341:346]
 -3 [ 8 360:360]

Vehicle: 307  Cost: 76.92
Route: 3 96 20 62 123 64 125 -3 
  3 [ 8  32: 47]
 96 [ 9  85: 90]
 20 [ 7  90: 95]
 62 [ 3 300:305]
123 [ 6 305:310]
 64 [ 4 316:321]
125 [ 5 321:326]
 -3 [ 5 355:355]

Vehicle: 308  Cost: 112.03
Route: 3 99 22 17 93 21 98 108 70 128 -3 
  3 [ 8  32:163]
 99 [ 9 180:185]
 22 [ 8 185:190]
 17 [ 7 201:206]
 93 [ 8 206:211]
 21 [ 4 240:245]
 98 [ 6 245:250]
108 [ 8 266:271]
 70 [ 6 300:305]
128 [10 305:310]
 -3 [10 335:335]

Vehicle: 309  Cost: 100.10
Route: 3 27 55 33 16 46 111 29 -3 
  3 [10  32:276]
 27 [ 9 300:305]
 55 [ 6 309:314]
 33 [ 5 420:425]
 16 [ 4 452:457]
 46 [ 1 463:468]
111 [ 5 468:473]
 29 [ 4 478:483]
 -3 [ 4 506:506]

Vehicle: 312  Cost: 195.21
Route: 3 48 65 126 81 69 104 90 11 114 -3 
  3 [10  32: 47]
 48 [ 9  96:101]
 65 [ 7 126:131]
126 [10 131:136]
 81 [ 9 150:155]
 69 [ 5 167:172]
104 [ 6 187:192]
 90 [ 9 200:205]
 11 [ 7 205:210]
114 [10 249:254]
 -3 [10 287:287]

Vehicle: 401  Cost: 46.38
Route: 4 84 38 30 -4 
  4 [ 8  66: 81]
 84 [ 7  90: 95]
 38 [ 3 300:305]
 30 [ 0 420:425]
 -4 [ 0 444:444]

Vehicle: 501  Cost: 63.34
Route: 5 41 88 59 121 132 74 -5 
  5 [10  65:163]
 41 [ 6 180:185]
 88 [ 3 300:305]
 59 [ 1 420:425]
121 [ 5 425:430]
132 [ 7 447:452]
 74 [ 6 452:457]
 -5 [ 6 469:469]

Vehicle: 502  Cost: 76.96
Route: 5 10 79 137 37 91 103 28 -5 
  5 [10  65:278]
 10 [ 8 300:305]
 79 [ 6 320:325]
137 [ 9 325:330]
 37 [ 5 331:336]
 91 [ 6 349:354]
103 [10 366:371]
 28 [ 8 371:376]
 -5 [ 8 390:390]

Vehicle: 503  Cost: 113.13
Route: 5 61 18 34 142 117 35 -5 
  5 [10  65:287]
 61 [ 9 300:305]
 18 [ 6 337:342]
 34 [ 3 350:355]
142 [ 7 360:365]
117 [10 372:377]
 35 [ 7 387:392]
 -5 [ 7 430:430]

Vehicle: 504  Cost: 101.92
Route: 5 52 76 89 13 92 50 -5 
  5 [ 9  65:161]
 52 [ 8 180:185]
 76 [ 5 211:216]
 89 [ 4 420:425]
 13 [ 2 437:442]
 92 [ 5 442:447]
 50 [ 3 461:466]
 -5 [ 3 492:492]

Vehicle: 506  Cost: 64.67
Route: 5 49 82 138 57 120 116 -5 
  5 [ 9  65: 80]
 49 [ 6  98:103]
 82 [ 4 420:425]
138 [ 7 425:430]
 57 [ 3 445:450]
120 [ 7 450:455]
116 [ 8 470:475]
 -5 [ 8 488:488]

Vehicle: 602  Cost: 55.70
Route: 6 31 54 107 115 53 58 -6 
  6 [ 8  44:175]
 31 [ 5 180:185]
 54 [ 3 300:305]
107 [ 6 315:320]
115 [ 9 337:342]
 53 [ 8 342:347]
 58 [ 6 358:363]
 -6 [ 6 373:373]

Vehicle: 603  Cost: 95.76
Route: 6 80 60 122 87 141 32 134 -6 
  6 [10  44: 59]
 80 [ 7  68: 73]
 60 [ 6  93: 98]
122 [10  98:103]
 87 [ 7 131:136]
141 [10 136:141]
 32 [ 7 152:157]
134 [ 9 161:166]
 -6 [ 9 190:190]

Vehicle: 702  Cost: 25.48
Route: 7 63 124 78 135 51 -7 
  7 [ 9 215:230]
 63 [ 8 239:244]
124 [10 244:249]
 78 [ 6 300:305]
135 [ 8 305:310]
 51 [ 4 320:325]
 -7 [ 4 326:326]

Vehicle: 703  Cost: 50.09
Route: 7 75 94 77 140 85 -7 
  7 [ 7 215:230]
 75 [ 3 243:248]
 94 [ 6 257:262]
 77 [ 4 300:305]
140 [ 6 316:321]
 85 [ 5 321:326]
 -7 [ 5 335:335]

Vehicle: 901  Cost: 42.31
Route: 9 112 47 26 106 36 -9 
  9 [ 7 104:119]
112 [ 8 130:135]
 47 [ 5 135:140]
 26 [ 4 150:155]
106 [ 7 164:169]
 36 [ 4 300:305]
 -9 [ 4 311:311]

Vehicle: 902  Cost: 62.15
Route: 9 45 110 14 71 129 -9 
  9 [10 104:160]
 45 [ 8 180:185]
110 [ 9 185:190]
 14 [ 5 200:205]
 71 [ 1 300:305]
129 [ 5 305:310]
 -9 [ 5 338:338]

Vehicle: 903  Cost: 28.18
Route: 9 72 131 136 66 127 -9 
  9 [ 7 104:174]
 72 [ 3 180:185]
131 [ 4 185:190]
136 [ 7 195:200]
 66 [ 4 300:305]
127 [ 6 305:310]
 -9 [ 6 324:324]

Vehicle: 904  Cost: 88.58
Route: 9 15 12 143 105 39 -9 
  9 [ 8 104:119]
 15 [ 5 127:132]
 12 [ 1 160:165]
143 [ 2 300:305]
105 [ 3 327:332]
 39 [ 2 332:337]
 -9 [ 2 344:344]

Total Cost: 2255.15
 11:63.56, 73:75 [1, 3, -3, -1]
 15:131.64, 48:75 [1, 5, -5, -3, -1]
 18:101.09, 34:75 [1, 6, -6, 7, -7, -1]
 22:179.72, 40:75 [1, 4, 9, -9, -6, -1]
301:121.05, 10:10 [3, 44, 130, 86, 40, 100, 102, 97, 67, -3]
302:35.98, 10:10 [3, 133, 42, 24, 109, 43, 113, -3]
303:87.05, 9:10 [3, 119, 56, 118, 25, -3]
304:82.23, 9:10 [3, 68, 101, 23, 73, -3]
305:53.91, 8:10 [3, 19, 95, 83, 139, -3]
307:76.92, 9:10 [3, 96, 20, 62, 123, 64, 125, -3]
308:112.03, 10:10 [3, 99, 22, 17, 93, 21, 98, 108, 70, 128, -3]
309:100.10, 10:10 [3, 27, 55, 33, 16, 46, 111, 29, -3]
312:195.21, 10:10 [3, 48, 65, 126, 81, 69, 104, 90, 11, 114, -3]
401:46.38, 8:10 [4, 84, 38, 30, -4]
501:63.34, 10:10 [5, 41, 88, 59, 121, 132, 74, -5]
502:76.96, 10:10 [5, 10, 79, 137, 37, 91, 103, 28, -5]
503:113.13, 10:10 [5, 61, 18, 34, 142, 117, 35, -5]
504:101.92, 9:10 [5, 52, 76, 89, 13, 92, 50, -5]
506:64.67, 9:10 [5, 49, 82, 138, 57, 120, 116, -5]
602:55.70, 9:10 [6, 31, 54, 107, 115, 53, 58, -6]
603:95.76, 10:10 [6, 80, 60, 122, 87, 141, 32, 134, -6]
702:25.48, 10:10 [7, 63, 124, 78, 135, 51, -7]
703:50.09, 7:10 [7, 75, 94, 77, 140, 85, -7]
901:42.31, 8:10 [9, 112, 47, 26, 106, 36, -9]
902:62.15, 10:10 [9, 45, 110, 14, 71, 129, -9]
903:28.18, 7:10 [9, 72, 131, 136, 66, 127, -9]
904:88.58, 8:10 [9, 15, 12, 143, 105, 39, -9]
fe: 4, se: 23

!ALNS------------
100000,2255.1484033700103,904.975,850.403,4,23,0.65,0.9130434782608695,33.5,5.826086956521739
18 19 13 7 0 2 4 1 
9.269501990464674 24.55842496170888 10.3349323982638 14.05425922472048 68.89731299681262 24.26256578559477 17.70920068767184 23.54637811762361 
10 11 2 9 15 3 8 6 
18.455210413000543 14.65081044041842 16.057100839922494 13.57948286602386 16.630040777119905 16.55842041684091 16.520540168382826 16.178151151984157 

x[1352] = 1.0
Vehicle: 22  Cost: 179.72
Route: 1 4 9 -9 -6 -1 
 1 [ 44   0:  0 [39, 14, 36, 71, 26, 11, 77, 15, 12, 72, 38, 47, 45, 66, 84, 30]]
 4 [ 36  66: 81 [39, 14, 36, 71, 26, 11, 77, 15, 12, 72, 47, 45, 66]]
 9 [  0 104:104 []]
-9 [ 20 104:372 [105, 112, 129, 110, 90, 131, 106, 143, 136, 127]]
-6 [ 30 419:434 [105, 112, 129, 110, 115, 90, 131, 107, 106, 143, 136, 111, 127]]
-1 [ 30 478:478 [105, 112, 129, 110, 115, 90, 131, 107, 106, 143, 136, 111, 127]]

x[3354] = 1.0
Vehicle: 18  Cost: 101.09
Route: 1 6 -6 7 -7 -1 
 1 [ 36   0:  0 [78, 53, 31, 58, 87, 51, 54, 75, 21, 80, 32, 63, 85, 60]]
 6 [ 14  44: 44 [78, 51, 75, 63, 85]]
-6 [ 25  44:192 [122, 78, 51, 75, 141, 134, 98, 63, 85]]
 7 [ 11 202:202 [122, 141, 134, 98]]
-7 [ 23 202:341 [94, 124, 122, 141, 114, 134, 98, 135, 140]]
-1 [ 23 387:387 [94, 124, 122, 141, 114, 134, 98, 135, 140]]

x[4280] = 1.0
Vehicle: 15  Cost: 129.26
Route: 1 5 -5 -1 
 1 [ 50   0:  0 [49, 59, 74, 37, 34, 18, 61, 79, 69, 88, 35, 57, 48, 67, 10, 41, 13, 89, 28, 82, 50]]
 5 [  0  65: 65 []]
-5 [ 32  65:528 [137, 138, 103, 91, 120, 92, 142, 132, 116, 121, 117]]
-1 [ 32 592:592 [137, 138, 103, 91, 120, 92, 142, 132, 116, 121, 117]]

x[5176] = 1.0
Vehicle: 12  Cost: 63.56
Route: 1 3 -3 -1 
 1 [ 35   0:  0 [17, 52, 46, 83, 81, 76, 56, 55, 44, 65, 16, 64, 25, 86, 40]]
 3 [  0  32: 32 []]
-3 [ 40  32:377 [139, 100, 130, 97, 102, 114, 126, 125, 108, 104, 133, 113, 111, 93, 118, 119]]
-1 [ 40 409:409 [139, 100, 130, 97, 102, 114, 126, 125, 108, 104, 133, 113, 111, 93, 118, 119]]

x[7561] = 1.0
Vehicle: 11  Cost: 63.56
Route: 1 3 -3 -1 
 1 [ 32   0:  0 [23, 25, 70, 19, 33, 73, 68, 24, 20, 42, 22, 43, 29, 27, 62]]
 3 [  0  32: 32 []]
-3 [ 24  32:522 [101, 111, 95, 96, 109, 99, 128, 123]]
-1 [ 24 554:554 [101, 111, 95, 96, 109, 99, 128, 123]]

y[548] = 1.0
Vehicle: 303  Cost: 52.73
Route: 3 44 130 19 95 25 -3 
  3 [ 9  32:162]
 44 [ 6 180:185]
130 [ 9 189:194]
 19 [ 5 300:305]
 95 [ 9 305:310]
 25 [ 7 321:326]
 -3 [ 7 339:339]

y[1014] = 1.0
Vehicle: 502  Cost: 76.96
Route: 5 10 79 137 37 91 103 28 -5 
  5 [10  65:278]
 10 [ 8 300:305]
 79 [ 6 320:325]
137 [ 9 325:330]
 37 [ 5 331:336]
 91 [ 6 349:354]
103 [10 366:371]
 28 [ 8 371:376]
 -5 [ 8 390:390]

y[1618] = 1.0
Vehicle: 312  Cost: 185.39
Route: 3 56 119 104 81 65 126 40 100 102 52 -3 
  3 [ 9  32: 47]
 56 [ 6  89: 94]
119 [ 9  94: 99]
104 [10 120:125]
 81 [ 9 141:146]
 65 [ 7 161:166]
126 [10 166:171]
 40 [ 8 209:214]
100 [ 9 223:228]
102 [10 233:238]
 52 [ 9 251:256]
 -3 [ 9 282:282]

y[1959] = 1.0
Vehicle: 501  Cost: 63.34
Route: 5 41 88 59 121 74 132 -5 
  5 [10 252:267]
 41 [ 6 285:290]
 88 [ 3 300:305]
 59 [ 1 420:425]
121 [ 5 425:430]
 74 [ 4 447:452]
132 [ 6 452:457]
 -5 [ 6 469:469]

y[2206] = 1.0
Vehicle: 504  Cost: 105.15
Route: 5 67 89 13 92 57 120 50 116 -5 
  5 [10  65:271]
 67 [ 9 300:305]
 89 [ 8 420:425]
 13 [ 6 437:442]
 92 [ 9 442:447]
 57 [ 5 461:466]
120 [ 9 466:471]
 50 [ 7 476:481]
116 [ 8 495:500]
 -5 [ 8 513:513]

y[2427] = 1.0
Vehicle: 703  Cost: 76.96
Route: 7 75 94 114 85 140 -7 
  7 [ 5 204:219]
 75 [ 1 232:237]
 94 [ 4 246:251]
114 [ 7 277:282]
 85 [ 6 302:307]
140 [ 8 307:312]
 -7 [ 8 321:321]

y[2896] = 1.0
Vehicle: 302  Cost: 82.23
Route: 3 68 23 101 73 -3 
  3 [ 9 222:237]
 68 [ 5 274:279]
 23 [ 1 420:425]
101 [ 4 425:430]
 73 [ 3 446:451]
 -3 [ 3 475:475]

y[3798] = 1.0
Vehicle: 310  Cost: 27.12
Route: 3 133 109 43 113 -3 
  3 [ 1  32: 47]
133 [ 4  56: 61]
109 [ 8  70: 75]
 43 [ 7  75: 80]
113 [10 180:185]
 -3 [10 190:190]

y[5545] = 1.0
Vehicle: 602  Cost: 74.33
Route: 6 87 141 21 98 32 134 -6 
  6 [10  44: 59]
 87 [ 7  90: 95]
141 [10  95:100]
 21 [ 6 102:107]
 98 [ 8 107:112]
 32 [ 5 126:131]
134 [ 7 135:140]
 -6 [ 7 163:163]

y[6083] = 1.0
Vehicle: 302  Cost: 99.38
Route: 3 22 99 27 55 33 128 70 16 29 -3 
  3 [10  32:163]
 22 [ 9 180:185]
 99 [10 185:190]
 27 [ 9 300:305]
 55 [ 6 309:314]
 33 [ 5 420:425]
128 [ 9 431:436]
 70 [ 7 436:441]
 16 [ 6 463:468]
 29 [ 5 476:481]
 -3 [ 5 504:504]

y[7047] = 1.0
Vehicle: 905  Cost: 62.66
Route: 9 112 47 11 90 26 106 36 -9 
  9 [ 9 104:119]
112 [10 130:135]
 47 [ 7 135:140]
 11 [ 5 156:161]
 90 [ 8 161:166]
 26 [ 7 180:185]
106 [10 194:199]
 36 [ 7 300:305]
 -9 [ 7 311:311]

y[7312] = 1.0
Vehicle: 301  Cost: 93.27
Route: 3 76 86 97 118 -3 
  3 [ 7  32: 47]
 76 [ 4  80: 85]
 86 [ 0  97:102]
 97 [ 3 118:123]
118 [ 7 131:136]
 -3 [ 7 160:160]

y[9202] = 1.0
Vehicle: 702  Cost: 25.48
Route: 7 63 124 78 135 51 -7 
  7 [ 9 254:269]
 63 [ 8 278:283]
124 [10 283:288]
 78 [ 6 300:305]
135 [ 8 305:310]
 51 [ 4 320:325]
 -7 [ 4 326:326]

y[11237] = 1.0
Vehicle: 901  Cost: 28.18
Route: 9 131 72 136 66 127 -9 
  9 [ 7 104:174]
131 [ 8 180:185]
 72 [ 4 185:190]
136 [ 7 195:200]
 66 [ 4 300:305]
127 [ 6 305:310]
 -9 [ 6 324:324]

y[11354] = 1.0
Vehicle: 503  Cost: 113.13
Route: 5 61 18 34 142 117 35 -5 
  5 [10 294:309]
 61 [ 9 321:326]
 18 [ 6 358:363]
 34 [ 3 372:377]
142 [ 7 382:387]
117 [10 393:398]
 35 [ 7 408:413]
 -5 [ 7 452:452]

y[11467] = 1.0
Vehicle: 602  Cost: 55.70
Route: 6 31 54 107 53 115 58 -6 
  6 [ 8  89:175]
 31 [ 5 180:185]
 54 [ 3 300:305]
107 [ 6 315:320]
 53 [ 5 337:342]
115 [ 8 342:347]
 58 [ 6 358:363]
 -6 [ 6 373:373]

y[11654] = 1.0
Vehicle: 506  Cost: 61.39
Route: 5 69 49 48 82 138 -5 
  5 [10  91:106]
 69 [ 6 126:131]
 49 [ 3 139:144]
 48 [ 2 152:157]
 82 [ 0 420:425]
138 [ 3 425:430]
 -5 [ 3 450:450]

y[12329] = 1.0
Vehicle: 307  Cost: 95.05
Route: 3 42 17 93 96 20 62 123 125 64 -3 
  3 [10  32: 47]
 42 [ 9  58: 63]
 17 [ 8  80: 85]
 93 [ 9  85: 90]
 96 [10 118:123]
 20 [ 8 123:128]
 62 [ 4 300:305]
123 [ 7 305:310]
125 [ 8 316:321]
 64 [ 6 321:326]
 -3 [ 6 355:355]

y[12420] = 1.0
Vehicle: 401  Cost: 46.38
Route: 4 84 38 30 -4 
  4 [ 8 118:133]
 84 [ 7 141:146]
 38 [ 3 300:305]
 30 [ 0 420:425]
 -4 [ 0 444:444]

y[12560] = 1.0
Vehicle: 904  Cost: 96.57
Route: 9 15 12 143 77 105 39 -9 
  9 [10 122:137]
 15 [ 7 145:150]
 12 [ 3 179:184]
143 [ 4 300:305]
 77 [ 2 323:328]
105 [ 3 340:345]
 39 [ 2 345:350]
 -9 [ 2 357:357]

y[12789] = 1.0
Vehicle: 309  Cost: 79.81
Route: 3 24 108 46 111 83 139 -3 
  3 [10  32: 47]
 24 [ 7  62: 67]
108 [ 9 180:185]
 46 [ 6 300:305]
111 [10 305:310]
 83 [ 6 327:332]
139 [10 332:337]
 -3 [10 350:350]

y[12829] = 1.0
Vehicle: 601  Cost: 56.33
Route: 6 80 60 122 -6 
  6 [ 4  44: 59]
 80 [ 1  68: 73]
 60 [ 0  93: 98]
122 [ 4  98:103]
 -6 [ 4 130:130]

y[13429] = 1.0
Vehicle: 902  Cost: 62.15
Route: 9 45 110 14 71 129 -9 
  9 [10 233:248]
 45 [ 8 268:273]
110 [ 9 273:278]
 14 [ 5 288:293]
 71 [ 1 300:305]
129 [ 5 305:310]
 -9 [ 5 338:338]

FE: 5
SE: 23
!MIP-----
2256.8995006075634,5400.484930038452,0.04433451913988888,5,23,12007,15677

Run: 5
Total Cost: 2236.83
Vehicle: 11  Cost: 63.56
Route: 1 3 -3 -1 
 1 [ 67   0:  0 [62, 29, 60, 32, 87, 42, 25, 21, 24, 67, 13, 33, 19, 80, 70, 55, 64, 43, 73, 17, 16, 68, 83, 89, 22, 44, 20, 23, 46, 27]]
 3 [  0  32: 32 []]
-3 [ 33  32:370 [99, 130, 109, 133, 113, 125, 122, 108, 98, 134, 141, 123, 96, 93]]
-1 [ 33 402:402 [99, 130, 109, 133, 113, 125, 122, 108, 98, 134, 141, 123, 96, 93]]

Vehicle: 14  Cost: 131.64
Route: 1 5 -5 -3 -1 
 1 [ 62   0:  0 [37, 56, 28, 76, 48, 88, 34, 10, 52, 86, 65, 49, 35, 74, 57, 81, 18, 79, 40, 50, 41, 61, 59, 82, 69]]
 5 [  0  65: 65 []]
-5 [ 29  65:503 [103, 142, 91, 137, 138, 132, 121, 117, 116, 120]]
-3 [ 51 538:553 [111, 103, 101, 142, 91, 139, 137, 128, 138, 132, 121, 92, 117, 116, 120, 95]]
-1 [ 51 585:585 [111, 103, 101, 142, 91, 139, 137, 128, 138, 132, 121, 92, 117, 116, 120, 95]]

Vehicle: 15  Cost: 170.97
Route: 1 7 4 -4 -8 -5 -1 
 1 [ 30   0:  0 [58, 30, 54, 75, 85, 38, 78, 84, 31, 63, 51, 53]]
 7 [ 12  47: 62 [30, 75, 38, 84]]
 4 [  0  81: 81 []]
-4 [  3  81:140 [94]]
-8 [  6 163:178 [114, 94]]
-5 [ 22 195:346 [100, 118, 119, 102, 126, 94, 104, 97, 114]]
-1 [ 22 411:411 [100, 118, 119, 102, 126, 94, 104, 97, 114]]

Vehicle: 20  Cost: 163.70
Route: 1 9 -9 -7 -1 
 1 [ 36   0:  0 [12, 66, 47, 77, 14, 39, 45, 15, 26, 71, 11, 36, 72]]
 9 [  0  80: 80 []]
-9 [ 20  80:372 [131, 129, 127, 105, 90, 143, 106, 112, 110, 136]]
-7 [ 32 410:425 [124, 131, 129, 127, 105, 90, 143, 106, 112, 110, 136, 135, 140, 115, 107]]
-1 [ 32 471:471 [131, 129, 127, 105, 90, 143, 106, 112, 110, 136, 124, 135, 140, 115, 107]]

Vehicle: 301  Cost: 60.94
Route: 3 16 46 111 29 83 139 -3 
  3 [ 9  32:276]
 16 [ 8 300:305]
 46 [ 5 311:316]
111 [ 9 316:321]
 29 [ 8 420:425]
 83 [ 4 437:442]
139 [ 8 442:447]
 -3 [ 8 460:460]

Vehicle: 302  Cost: 157.15
Route: 3 87 141 32 80 122 60 134 -3 
  3 [10  32: 47]
 87 [ 7  89: 94]
141 [10  94: 99]
 32 [ 7 110:115]
 80 [ 4 135:140]
122 [ 8 160:165]
 60 [ 7 165:170]
134 [ 9 185:190]
 -3 [ 9 239:239]

Vehicle: 303  Cost: 40.25
Route: 3 43 109 44 130 113 -3 
  3 [ 4  32: 51]
 43 [ 3  60: 65]
109 [ 7  65: 70]
 44 [ 4 180:185]
130 [ 7 189:194]
113 [10 205:210]
 -3 [10 215:215]

Vehicle: 304  Cost: 92.03
Route: 3 25 67 92 13 89 19 95 -3 
  3 [10  32:287]
 25 [ 8 300:305]
 67 [ 7 319:324]
 92 [10 339:344]
 13 [ 8 344:349]
 89 [ 7 420:425]
 19 [ 3 448:453]
 95 [ 7 453:458]
 -3 [ 7 472:472]

Vehicle: 305  Cost: 82.23
Route: 3 68 23 101 73 -3 
  3 [ 9  32: 47]
 68 [ 5  84: 89]
 23 [ 1 420:425]
101 [ 4 425:430]
 73 [ 3 446:451]
 -3 [ 3 475:475]

Vehicle: 306  Cost: 76.92
Route: 3 96 20 123 62 64 125 -3 
  3 [ 8  32: 47]
 96 [ 9  85: 90]
 20 [ 7  90: 95]
123 [10 300:305]
 62 [ 6 305:310]
 64 [ 4 316:321]
125 [ 5 321:326]
 -3 [ 5 355:355]

Vehicle: 307  Cost: 69.79
Route: 3 27 55 33 128 70 -3 
  3 [ 7  32:276]
 27 [ 6 300:305]
 55 [ 3 309:314]
 33 [ 2 420:425]
128 [ 6 431:436]
 70 [ 4 436:441]
 -3 [ 4 466:466]

Vehicle: 312  Cost: 101.58
Route: 3 42 24 22 99 93 17 98 21 108 133 -3 
  3 [10  32: 47]
 42 [ 9  58: 63]
 24 [ 6  67: 72]
 22 [ 5 180:185]
 99 [ 6 185:190]
 93 [ 7 201:206]
 17 [ 6 206:211]
 98 [ 8 240:245]
 21 [ 4 245:250]
108 [ 6 266:271]
133 [ 9 290:295]
 -3 [ 9 304:304]

Vehicle: 401  Cost: 18.31
Route: 4 75 94 -4 
  4 [ 4  81: 96]
 75 [ 0 103:108]
 94 [ 3 117:122]
 -4 [ 3 125:125]

Vehicle: 402  Cost: 46.38
Route: 4 84 38 30 -4 
  4 [ 8  81: 96]
 84 [ 7 105:110]
 38 [ 3 300:305]
 30 [ 0 420:425]
 -4 [ 0 444:444]

Vehicle: 501  Cost: 64.67
Route: 5 49 82 138 57 120 116 -5 
  5 [ 9  65: 80]
 49 [ 6  98:103]
 82 [ 4 420:425]
138 [ 7 425:430]
 57 [ 3 445:450]
120 [ 7 450:455]
116 [ 8 470:475]
 -5 [ 8 488:488]

Vehicle: 502  Cost: 63.34
Route: 5 41 88 59 121 132 74 -5 
  5 [10  65:163]
 41 [ 6 180:185]
 88 [ 3 300:305]
 59 [ 1 420:425]
121 [ 5 425:430]
132 [ 7 447:452]
 74 [ 6 452:457]
 -5 [ 6 469:469]

Vehicle: 503  Cost: 111.73
Route: 5 76 86 40 100 102 61 -5 
  5 [10  65: 80]
 76 [ 7 125:130]
 86 [ 3 142:147]
 40 [ 1 160:165]
100 [ 2 180:185]
102 [ 3 190:195]
 61 [ 2 300:305]
 -5 [ 2 318:318]

Vehicle: 504  Cost: 104.23
Route: 5 56 119 69 65 126 81 104 -5 
  5 [10  65: 80]
 56 [ 7  89: 94]
119 [10  94: 99]
 69 [ 6 110:115]
 65 [ 4 141:146]
126 [ 7 146:151]
 81 [ 6 165:170]
104 [ 7 186:191]
 -5 [ 7 219:219]

Vehicle: 505  Cost: 56.89
Route: 5 118 52 97 50 -5 
  5 [ 3  65: 80]
118 [ 7  97:102]
 52 [ 6 180:185]
 97 [ 9 189:194]
 50 [ 7 300:305]
 -5 [ 7 331:331]

Vehicle: 506  Cost: 76.96
Route: 5 10 79 137 37 91 28 103 -5 
  5 [10  65:278]
 10 [ 8 300:305]
 79 [ 6 320:325]
137 [ 9 325:330]
 37 [ 5 331:336]
 91 [ 6 349:354]
 28 [ 4 366:371]
103 [ 8 371:376]
 -5 [ 8 390:390]

Vehicle: 507  Cost: 116.15
Route: 5 48 18 34 142 117 35 -5 
  5 [10  65: 80]
 48 [ 9 105:110]
 18 [ 6 300:305]
 34 [ 3 314:319]
142 [ 7 324:329]
117 [10 335:340]
 35 [ 7 350:355]
 -5 [ 7 394:394]

Vehicle: 701  Cost: 33.68
Route: 7 63 124 135 78 140 85 -7 
  7 [ 6  47: 62]
 63 [ 5  70: 75]
124 [ 7  75: 80]
135 [ 9 300:305]
 78 [ 5 305:310]
140 [ 7 320:325]
 85 [ 6 325:330]
 -7 [ 6 339:339]

Vehicle: 702  Cost: 74.14
Route: 7 31 54 107 115 53 58 -7 
  7 [ 8  47:166]
 31 [ 5 180:185]
 54 [ 3 300:305]
107 [ 6 315:320]
115 [ 9 337:342]
 53 [ 8 342:347]
 58 [ 6 358:363]
 -7 [ 6 383:383]

Vehicle: 703  Cost: 2.00
Route: 7 51 -7 
  7 [ 4  47:299]
 51 [ 0 300:305]
 -7 [ 0 306:306]

Vehicle: 801  Cost: 8.00
Route: 8 114 -8 
  8 [ 0   0: 15]
114 [ 3  19: 24]
 -8 [ 3  28: 28]

Vehicle: 901  Cost: 28.18
Route: 9 72 131 136 127 66 -9 
  9 [ 7  80:174]
 72 [ 3 180:185]
131 [ 4 185:190]
136 [ 7 195:200]
127 [ 9 300:305]
 66 [ 6 305:310]
 -9 [ 6 324:324]

Vehicle: 902  Cost: 62.66
Route: 9 112 47 11 90 26 106 36 -9 
  9 [ 9  80: 95]
112 [10 105:110]
 47 [ 7 110:115]
 11 [ 5 132:137]
 90 [ 8 137:142]
 26 [ 7 156:161]
106 [10 170:175]
 36 [ 7 300:305]
 -9 [ 7 311:311]

Vehicle: 903  Cost: 62.15
Route: 9 45 110 14 71 129 -9 
  9 [10  80:160]
 45 [ 8 180:185]
110 [ 9 185:190]
 14 [ 5 200:205]
 71 [ 1 300:305]
129 [ 5 305:310]
 -9 [ 5 338:338]

Vehicle: 904  Cost: 96.57
Route: 9 15 12 143 77 39 105 -9 
  9 [10  80: 95]
 15 [ 7 103:108]
 12 [ 3 136:141]
143 [ 4 300:305]
 77 [ 2 323:328]
 39 [ 1 340:345]
105 [ 2 345:350]
 -9 [ 2 357:357]

Total Cost: 2236.83
 11:63.56, 67:75 [1, 3, -3, -1]
 14:131.64, 62:75 [1, 5, -5, -3, -1]
 15:170.97, 30:75 [1, 7, 4, -4, -8, -5, -1]
 20:163.70, 36:75 [1, 9, -9, -7, -1]
301:60.94, 9:10 [3, 16, 46, 111, 29, 83, 139, -3]
302:157.15, 10:10 [3, 87, 141, 32, 80, 122, 60, 134, -3]
303:40.25, 10:10 [3, 43, 109, 44, 130, 113, -3]
304:92.03, 10:10 [3, 25, 67, 92, 13, 89, 19, 95, -3]
305:82.23, 9:10 [3, 68, 23, 101, 73, -3]
306:76.92, 10:10 [3, 96, 20, 123, 62, 64, 125, -3]
307:69.79, 7:10 [3, 27, 55, 33, 128, 70, -3]
312:101.58, 10:10 [3, 42, 24, 22, 99, 93, 17, 98, 21, 108, 133, -3]
401:18.31, 4:10 [4, 75, 94, -4]
402:46.38, 8:10 [4, 84, 38, 30, -4]
501:64.67, 9:10 [5, 49, 82, 138, 57, 120, 116, -5]
502:63.34, 10:10 [5, 41, 88, 59, 121, 132, 74, -5]
503:111.73, 10:10 [5, 76, 86, 40, 100, 102, 61, -5]
504:104.23, 10:10 [5, 56, 119, 69, 65, 126, 81, 104, -5]
505:56.89, 9:10 [5, 118, 52, 97, 50, -5]
506:76.96, 10:10 [5, 10, 79, 137, 37, 91, 28, 103, -5]
507:116.15, 10:10 [5, 48, 18, 34, 142, 117, 35, -5]
701:33.68, 9:10 [7, 63, 124, 135, 78, 140, 85, -7]
702:74.14, 9:10 [7, 31, 54, 107, 115, 53, 58, -7]
703:2.00, 4:10 [7, 51, -7]
801:8.00, 3:10 [8, 114, -8]
901:28.18, 9:10 [9, 72, 131, 136, 127, 66, -9]
902:62.66, 10:10 [9, 112, 47, 11, 90, 26, 106, 36, -9]
903:62.15, 10:10 [9, 45, 110, 14, 71, 129, -9]
904:96.57, 10:10 [9, 15, 12, 143, 77, 39, 105, -9]
fe: 4, se: 25

!ALNS------------
100000,2236.8287695213444,1227.167,988.181,4,25,0.65,0.876,33.5,5.36
19 16 16 5 0 3 3 0 
9.17924755452206 21.262761956052746 10.747586611079907 12.253695706217657 34.958848022600705 19.600012037142935 17.503161276878874 24.117187245887497 
8 14 10 7 5 5 8 5 
14.933595607521323 18.017863098459024 16.147258627837992 14.242460085461072 17.42099509216109 14.366595566856024 16.309210186150768 17.23570801467239 

x[1456] = 1.0
Vehicle: 20  Cost: 163.70
Route: 1 9 -9 -7 -1 
 1 [ 36   0:  0 [66, 47, 77, 14, 39, 45, 15, 71, 11, 36, 72, 26, 12]]
 9 [  0  80: 80 []]
-9 [ 20  80:372 [131, 129, 127, 105, 90, 143, 106, 112, 110, 136]]
-7 [ 36 410:431 [124, 131, 129, 127, 105, 90, 143, 106, 112, 110, 136, 135, 140, 115, 107, 111]]
-1 [ 36 477:477 [131, 129, 127, 105, 90, 143, 106, 112, 110, 136, 124, 135, 140, 115, 107, 111]]

x[2785] = 1.0
Vehicle: 11  Cost: 63.56
Route: 1 3 -3 -1 
 1 [ 63   0:  0 [87, 22, 44, 24, 16, 19, 68, 21, 62, 20, 27, 55, 32, 64, 17, 33, 29, 42, 70, 46, 60, 83, 43, 25, 73, 80, 23]]
 3 [  0  32: 32 []]
-3 [ 37  32:370 [122, 133, 123, 113, 93, 96, 99, 108, 98, 134, 125, 109, 141, 95, 130]]
-1 [ 37 402:402 [122, 133, 123, 113, 93, 96, 99, 108, 98, 134, 125, 109, 141, 95, 130]]

x[5917] = 1.0
Vehicle: 14  Cost: 131.64
Route: 1 5 -5 -3 -1 
 1 [ 66   0:  0 [79, 28, 61, 74, 34, 10, 65, 49, 41, 52, 59, 86, 37, 13, 69, 76, 50, 56, 67, 40, 81, 57, 88, 35, 48, 18, 89, 82]]
 5 [  0  65: 65 []]
-5 [ 32  65:528 [121, 103, 138, 137, 132, 92, 142, 120, 117, 91, 116]]
-3 [ 47 563:578 [111, 121, 103, 138, 137, 132, 92, 139, 142, 120, 128, 117, 101, 91, 116]]
-1 [ 47 610:610 [111, 121, 103, 138, 137, 132, 92, 139, 142, 120, 128, 117, 101, 91, 116]]

x[12803] = 1.0
Vehicle: 15  Cost: 170.97
Route: 1 7 -7 4 -4 -8 -5 -1 
 1 [ 30   0:  0 [51, 78, 53, 54, 58, 84, 30, 31, 38, 85, 75, 63]]
 7 [ 12  47: 47 [84, 30, 38, 75]]
-7 [ 14  47:104 [124, 84, 30, 38, 75]]
 4 [  2 123:123 [124]]
-4 [ 12 123:283 [94, 124, 106, 136, 110]]
-8 [ 15 306:321 [114, 124, 94, 106, 136, 110]]
-5 [ 32 338:353 [100, 118, 119, 102, 94, 126, 124, 97, 116, 106, 136, 110, 104, 114]]
-1 [ 32 418:418 [100, 118, 119, 102, 94, 126, 124, 97, 116, 106, 136, 110, 104, 114]]

y[539] = 1.0
Vehicle: 301  Cost: 52.73
Route: 3 44 130 19 95 25 -3 
  3 [ 9  32:162]
 44 [ 6 180:185]
130 [ 9 189:194]
 19 [ 5 300:305]
 95 [ 9 305:310]
 25 [ 7 321:326]
 -3 [ 7 339:339]

y[747] = 1.0
Vehicle: 508  Cost: 113.32
Route: 5 52 76 89 13 92 67 50 -5 
  5 [10  82:161]
 52 [ 9 180:185]
 76 [ 6 211:216]
 89 [ 5 420:425]
 13 [ 3 437:442]
 92 [ 6 442:447]
 67 [ 5 463:468]
 50 [ 3 478:483]
 -5 [ 3 509:509]

y[1011] = 1.0
Vehicle: 901  Cost: 28.18
Route: 9 131 72 136 66 127 -9 
  9 [ 7 182:197]
131 [ 8 203:208]
 72 [ 4 208:213]
136 [ 7 218:223]
 66 [ 4 300:305]
127 [ 6 305:310]
 -9 [ 6 324:324]

y[1861] = 1.0
Vehicle: 402  Cost: 46.38
Route: 4 84 38 30 -4 
  4 [ 8 156:171]
 84 [ 7 179:184]
 38 [ 3 300:305]
 30 [ 0 420:425]
 -4 [ 0 444:444]

y[2067] = 1.0
Vehicle: 701  Cost: 2.00
Route: 7 51 -7 
  7 [ 4 577:592]
 51 [ 0 593:598]
 -7 [ 0 599:599]

y[2103] = 1.0
Vehicle: 301  Cost: 76.92
Route: 3 20 96 62 123 64 125 -3 
  3 [ 8  32: 47]
 20 [ 6  85: 90]
 96 [ 7  90: 95]
 62 [ 3 300:305]
123 [ 6 305:310]
 64 [ 4 316:321]
125 [ 5 321:326]
 -3 [ 5 355:355]

y[2730] = 1.0
Vehicle: 702  Cost: 74.14
Route: 7 31 54 107 53 115 58 -7 
  7 [ 8 173:188]
 31 [ 5 202:207]
 54 [ 3 300:305]
107 [ 6 315:320]
 53 [ 5 337:342]
115 [ 8 342:347]
 58 [ 6 358:363]
 -7 [ 6 383:383]

y[3164] = 1.0
Vehicle: 903  Cost: 62.15
Route: 9 45 110 14 129 71 -9 
  9 [10 234:249]
 45 [ 8 269:274]
110 [ 9 274:279]
 14 [ 5 289:294]
129 [ 9 300:305]
 71 [ 5 305:310]
 -9 [ 5 338:338]

y[4066] = 1.0
Vehicle: 312  Cost: 101.19
Route: 3 24 22 99 93 17 98 21 108 133 -3 
  3 [ 9  32: 47]
 24 [ 6  62: 67]
 22 [ 5 180:185]
 99 [ 6 185:190]
 93 [ 7 201:206]
 17 [ 6 206:211]
 98 [ 8 240:245]
 21 [ 4 245:250]
108 [ 6 266:271]
133 [ 9 290:295]
 -3 [ 9 304:304]

y[4140] = 1.0
Vehicle: 902  Cost: 62.66
Route: 9 47 112 90 11 26 106 36 -9 
  9 [ 9 186:201]
 47 [ 6 211:216]
112 [ 7 216:221]
 90 [10 238:243]
 11 [ 8 243:248]
 26 [ 7 262:267]
106 [10 276:281]
 36 [ 7 300:305]
 -9 [ 7 311:311]

y[4568] = 1.0
Vehicle: 502  Cost: 63.34
Route: 5 41 88 59 121 74 132 -5 
  5 [10  82:163]
 41 [ 6 180:185]
 88 [ 3 300:305]
 59 [ 1 420:425]
121 [ 5 425:430]
 74 [ 4 447:452]
132 [ 6 452:457]
 -5 [ 6 469:469]

y[6461] = 1.0
Vehicle: 501  Cost: 113.13
Route: 5 61 18 34 142 117 35 -5 
  5 [10  82:287]
 61 [ 9 300:305]
 18 [ 6 337:342]
 34 [ 3 350:355]
142 [ 7 360:365]
117 [10 372:377]
 35 [ 7 387:392]
 -5 [ 7 430:430]

y[8513] = 1.0
Vehicle: 301  Cost: 17.73
Route: 3 109 43 113 -3 
  3 [ 1  32: 51]
109 [ 5  60: 65]
 43 [ 4  65: 70]
113 [ 7 180:185]
 -3 [ 7 190:190]

y[9356] = 1.0
Vehicle: 302  Cost: 157.15
Route: 3 87 141 32 80 60 122 134 -3 
  3 [10  32: 47]
 87 [ 7  89: 94]
141 [10  94: 99]
 32 [ 7 110:115]
 80 [ 4 135:140]
 60 [ 3 160:165]
122 [ 7 165:170]
134 [ 9 185:190]
 -3 [ 9 239:239]

y[9836] = 1.0
Vehicle: 503  Cost: 95.84
Route: 5 118 86 40 100 102 97 -5 
  5 [ 6  82: 97]
118 [10 114:119]
 86 [ 6 141:146]
 40 [ 4 159:164]
100 [ 5 180:185]
102 [ 6 190:195]
 97 [ 9 204:209]
 -5 [ 9 230:230]

y[9996] = 1.0
Vehicle: 301  Cost: 60.94
Route: 3 16 46 111 29 83 139 -3 
  3 [ 9 338:353]
 16 [ 8 377:382]
 46 [ 5 389:394]
111 [ 9 394:399]
 29 [ 8 420:425]
 83 [ 4 437:442]
139 [ 8 442:447]
 -3 [ 8 460:460]

y[10192] = 1.0
Vehicle: 505  Cost: 104.23
Route: 5 56 119 69 65 126 81 104 -5 
  5 [10  91:106]
 56 [ 7 115:120]
119 [10 120:125]
 69 [ 6 136:141]
 65 [ 4 166:171]
126 [ 7 171:176]
 81 [ 6 191:196]
104 [ 7 212:217]
 -5 [ 7 245:245]

y[10707] = 1.0
Vehicle: 904  Cost: 96.57
Route: 9 15 12 143 77 105 39 -9 
  9 [10 119:134]
 15 [ 7 142:147]
 12 [ 3 176:181]
143 [ 4 300:305]
 77 [ 2 323:328]
105 [ 3 340:345]
 39 [ 2 345:350]
 -9 [ 2 357:357]

y[10881] = 1.0
Vehicle: 501  Cost: 74.45
Route: 5 49 48 82 138 57 120 116 -5 
  5 [10  65: 80]
 49 [ 7  98:103]
 48 [ 6 111:116]
 82 [ 4 420:425]
138 [ 7 425:430]
 57 [ 3 445:450]
120 [ 7 450:455]
116 [ 8 470:475]
 -5 [ 8 488:488]

y[11291] = 1.0
Vehicle: 506  Cost: 76.96
Route: 5 10 79 137 37 91 28 103 -5 
  5 [10 310:325]
 10 [ 8 347:352]
 79 [ 6 367:372]
137 [ 9 372:377]
 37 [ 5 378:383]
 91 [ 6 395:400]
 28 [ 4 413:418]
103 [ 8 418:423]
 -5 [ 8 437:437]

y[12854] = 1.0
Vehicle: 702  Cost: 33.68
Route: 7 63 124 78 135 85 140 -7 
  7 [ 6 215:230]
 63 [ 5 239:244]
124 [ 7 244:249]
 78 [ 3 300:305]
135 [ 5 305:310]
 85 [ 4 320:325]
140 [ 6 325:330]
 -7 [ 6 339:339]

y[12901] = 1.0
Vehicle: 801  Cost: 8.00
Route: 8 114 -8 
  8 [ 0   0: 15]
114 [ 3  19: 24]
 -8 [ 3  28: 28]

y[13026] = 1.0
Vehicle: 305  Cost: 82.23
Route: 3 68 101 23 73 -3 
  3 [ 9 212:227]
 68 [ 5 264:269]
101 [ 8 420:425]
 23 [ 4 425:430]
 73 [ 3 446:451]
 -3 [ 3 475:475]

y[13068] = 1.0
Vehicle: 307  Cost: 69.91
Route: 3 42 70 128 33 55 27 -3 
  3 [ 8 209:224]
 42 [ 7 235:240]
 70 [ 5 300:305]
128 [ 9 305:310]
 33 [ 8 420:425]
 55 [ 5 435:440]
 27 [ 4 444:449]
 -3 [ 4 474:474]

y[15274] = 1.0
Vehicle: 402  Cost: 18.31
Route: 4 75 94 -4 
  4 [ 4 146:161]
 75 [ 0 168:173]
 94 [ 3 182:187]
 -4 [ 3 190:190]

FE: 4
SE: 25
!MIP-----
2222.0225095233745,5401.898890972137,0.040436360584433576,4,25,14628,15493

