--Parameters Information--
speed=1
run=5
iteration= 100000
batch=100
restartPeriod=10000
largeRemovalOccurrence=500
initialLNS=250
lowerBoundSmallRemoval=4
smallRemoval=0.2
lowerBoundLargeRemoval=0.55
largeRemoval=0.8
initialWeight=1.0
decayRate=0.1
gamma1=9.0
gamma2=5.0
gamma3=2.0
gamma4=0.0
coolingRate=0.9995
temperatureControlParameter=0.05
initialAcceptanceProbability=0.5
perturbation=0.5
perturbationFactor=0.01
split=20000

Setup: Split
Data: C_50_9_TD

Run: 1
Total Cost: 1343.96
Vehicle: 12  Cost: 73.59
Route: 1 5 -5 -1 
 1 [ 39   0:  0 [10, 33, 22, 30, 36, 28, 32, 27, 14, 31, 42, 38, 20, 18]]
 5 [  0  37: 37 []]
-5 [ 30  37:356 [50, 63, 60, 55, 57, 64, 53, 44, 52, 56, 65]]
-1 [ 30 392:392 [50, 63, 60, 55, 57, 64, 53, 44, 52, 56, 65]]

Vehicle: 14  Cost: 177.81
Route: 1 8 3 4 -4 2 -2 -8 -1 
 1 [ 30   0:  0 [41, 12, 23, 15, 29, 25, 17, 37, 35, 24, 13, 34, 11, 21]]
 8 [ 24  32: 47 [41, 12, 23, 15, 29, 25, 17, 37, 35, 24, 13, 34]]
 3 [ 19  74: 89 [41, 12, 23, 15, 29, 25, 17, 13, 34]]
 4 [  6 112:112 [23, 29]]
-4 [ 14 112:385 [46, 70, 23, 29, 62]]
 2 [  8 420:420 [46, 70, 62]]
-2 [ 15 420:490 [46, 51, 70, 58, 62, 54]]
-8 [ 19 519:534 [43, 46, 70, 62, 51, 58, 54]]
-1 [ 19 566:566 [46, 51, 70, 58, 62, 54, 43]]

Vehicle: 15  Cost: 82.37
Route: 1 7 -7 -1 
 1 [ 15   0:  0 [40, 26, 19, 16, 39]]
 7 [  0  41: 41 []]
-7 [ 23  41:377 [47, 59, 67, 69, 61, 71, 68, 48, 66, 45, 49]]
-1 [ 23 418:418 [47, 59, 67, 69, 61, 71, 68, 48, 66, 45, 49]]

Vehicle: 201  Cost: 15.08
Route: 2 51 54 23 29 58 -2 
  2 [ 6 420:435]
 51 [ 7 439:444]
 54 [10 447:452]
 23 [ 7 452:457]
 29 [ 4 461:466]
 58 [ 7 466:471]
 -2 [ 7 475:475]

Vehicle: 301  Cost: 40.53
Route: 3 24 35 37 -3 
  3 [ 5  74:282]
 24 [ 3 300:305]
 35 [ 2 313:318]
 37 [ 0 324:329]
 -3 [ 0 338:338]

Vehicle: 401  Cost: 89.73
Route: 4 13 15 46 25 12 -4 
  4 [ 7 112:127]
 13 [ 4 144:149]
 15 [ 2 300:305]
 46 [ 6 305:310]
 25 [ 5 342:347]
 12 [ 4 356:361]
 -4 [ 4 370:370]

Vehicle: 402  Cost: 76.75
Route: 4 17 70 41 62 34 -4 
  4 [ 6 112:127]
 17 [ 4 142:147]
 70 [ 7 300:305]
 41 [ 4 305:310]
 62 [ 5 318:323]
 34 [ 4 336:341]
 -4 [ 4 356:356]

Vehicle: 501  Cost: 81.19
Route: 5 32 28 27 55 33 -5 
  5 [10  37:176]
 32 [ 8 180:185]
 28 [ 6 212:217]
 27 [ 4 300:305]
 55 [ 5 305:310]
 33 [ 1 331:336]
 -5 [ 1 341:341]

Vehicle: 502  Cost: 21.15
Route: 5 56 18 50 65 -5 
  5 [ 4  37: 52]
 56 [ 7  60: 65]
 18 [ 3  68: 73]
 50 [ 6  73: 78]
 65 [10  82: 87]
 -5 [10  93: 93]

Vehicle: 504  Cost: 78.84
Route: 5 20 52 44 14 57 -5 
  5 [ 7  37: 52]
 20 [ 4  73: 78]
 52 [ 6  78: 83]
 44 [ 9  89: 94]
 14 [ 5 108:113]
 57 [ 9 124:129]
 -5 [ 9 156:156]

Vehicle: 505  Cost: 161.88
Route: 5 22 30 60 36 63 64 53 -5 
  5 [ 8  37: 52]
 22 [ 5  95:100]
 30 [ 1 117:122]
 60 [ 3 122:127]
 36 [ 2 141:146]
 63 [ 6 146:151]
 64 [ 7 180:185]
 53 [10 200:205]
 -5 [10 268:268]

Vehicle: 506  Cost: 101.60
Route: 5 42 10 31 38 -5 
  5 [10  37:394]
 42 [ 7 420:425]
 10 [ 4 445:450]
 31 [ 2 458:463]
 38 [ 0 484:489]
 -5 [ 0 516:516]

Vehicle: 701  Cost: 97.98
Route: 7 59 39 67 48 19 71 -7 
  7 [ 5  41: 56]
 59 [ 7  71: 76]
 39 [ 3  85: 90]
 67 [ 5  90: 95]
 48 [ 7 122:127]
 19 [ 6 300:305]
 71 [ 8 316:321]
 -7 [ 8 348:348]

Vehicle: 702  Cost: 88.34
Route: 7 68 66 16 47 -7 
  7 [ 2  41: 56]
 68 [ 3  86: 91]
 66 [ 7 300:305]
 16 [ 5 319:324]
 47 [ 6 324:329]
 -7 [ 6 362:362]

Vehicle: 703  Cost: 120.40
Route: 7 61 26 69 40 45 49 -7 
  7 [ 8  41: 56]
 61 [ 9  77: 82]
 26 [ 5 118:123]
 69 [ 8 135:140]
 40 [ 4 140:145]
 45 [ 8 162:167]
 49 [ 9 172:177]
 -7 [ 9 207:207]

Vehicle: 801  Cost: 36.71
Route: 8 21 11 43 -8 
  8 [ 6  32: 51]
 21 [ 3  60: 65]
 11 [ 0 300:305]
 43 [ 4 313:318]
 -8 [ 4 326:326]

Total Cost: 1343.96
 12:73.59, 39:75 [1, 5, -5, -1]
 14:177.81, 30:75 [1, 8, 3, 4, -4, 2, -2, -8, -1]
 15:82.37, 23:75 [1, 7, -7, -1]
201:15.08, 10:10 [2, 51, 54, 23, 29, 58, -2]
301:40.53, 5:10 [3, 24, 35, 37, -3]
401:89.73, 7:10 [4, 13, 15, 46, 25, 12, -4]
402:76.75, 7:10 [4, 17, 70, 41, 62, 34, -4]
501:81.19, 10:10 [5, 32, 28, 27, 55, 33, -5]
502:21.15, 10:10 [5, 56, 18, 50, 65, -5]
504:78.84, 9:10 [5, 20, 52, 44, 14, 57, -5]
505:161.88, 10:10 [5, 22, 30, 60, 36, 63, 64, 53, -5]
506:101.60, 10:10 [5, 42, 10, 31, 38, -5]
701:97.98, 8:10 [7, 59, 39, 67, 48, 19, 71, -7]
702:88.34, 7:10 [7, 68, 66, 16, 47, -7]
703:120.40, 9:10 [7, 61, 26, 69, 40, 45, 49, -7]
801:36.71, 6:10 [8, 21, 11, 43, -8]
fe: 3, se: 13

!ALNS------------
100000,1343.9605631232735,174.759,160.938,3,13,0.4088888888888889,0.8307692307692308,20.666666666666668,4.769230769230769
9 12 8 4 0 4 3 0 
10.260371697955305 20.025174498517856 10.245843205885654 13.416802071749446 NaN 23.26230446378184 16.410948444664562 32.62064540785271 
4 4 4 10 7 1 7 3 
14.844823958113702 15.526534752912978 17.328462378118406 16.02430089748604 15.174897604773943 14.876158621893014 14.657904587222374 15.38676671387434 

x[68] = 1.0
Vehicle: 12  Cost: 73.59
Route: 1 5 -5 -1 
 1 [ 39   0:  0 [18, 27, 33, 32, 42, 36, 10, 31, 30, 28, 22, 38, 20, 14]]
 5 [  0  37: 37 []]
-5 [ 30  37:373 [52, 50, 55, 60, 65, 63, 64, 53, 57, 56, 44]]
-1 [ 30 410:410 [52, 50, 55, 60, 65, 63, 64, 53, 57, 56, 44]]

x[661] = 0.9999999999999999
Vehicle: 15  Cost: 82.37
Route: 1 7 -7 -1 
 1 [ 15   0:  0 [19, 26, 16, 39, 40]]
 7 [  0  41: 41 []]
-7 [ 23  41:377 [69, 67, 45, 71, 47, 59, 66, 48, 49, 68, 61]]
-1 [ 23 418:418 [69, 67, 45, 71, 47, 59, 66, 48, 49, 68, 61]]

x[2067] = 1.0
Vehicle: 14  Cost: 177.81
Route: 1 8 3 4 -4 2 -2 -8 -1 
 1 [ 30   0:  0 [15, 34, 29, 11, 21, 25, 24, 17, 13, 37, 35, 12, 41, 23]]
 8 [ 24  32: 47 [15, 34, 29, 25, 24, 17, 13, 37, 35, 12, 41, 23]]
 3 [ 19  74: 89 [15, 34, 29, 25, 17, 13, 12, 41, 23]]
 4 [  6 112:112 [29, 23]]
-4 [ 14 112:385 [70, 29, 46, 62, 23]]
 2 [  8 420:420 [70, 46, 62]]
-2 [ 15 420:490 [54, 70, 46, 62, 58, 51]]
-8 [ 19 519:534 [43, 70, 46, 54, 62, 58, 51]]
-1 [ 19 566:566 [54, 70, 46, 43, 62, 58, 51]]

y[425] = 1.0
Vehicle: 401  Cost: 89.73
Route: 4 13 46 15 25 12 -4 
  4 [ 7 181:196]
 13 [ 4 213:218]
 46 [ 8 300:305]
 15 [ 6 305:310]
 25 [ 5 342:347]
 12 [ 4 356:361]
 -4 [ 4 370:370]

y[721] = 1.0
Vehicle: 402  Cost: 76.75
Route: 4 17 70 41 62 34 -4 
  4 [ 6 179:194]
 17 [ 4 209:214]
 70 [ 7 300:305]
 41 [ 4 305:310]
 62 [ 5 318:323]
 34 [ 4 336:341]
 -4 [ 4 356:356]

y[1630] = 0.9999999999999999
Vehicle: 702  Cost: 88.34
Route: 7 68 66 47 16 -7 
  7 [ 2 206:221]
 68 [ 3 251:256]
 66 [ 7 300:305]
 47 [ 8 319:324]
 16 [ 6 324:329]
 -7 [ 6 362:362]

y[1906] = 1.0
Vehicle: 502  Cost: 78.84
Route: 5 52 20 44 14 57 -5 
  5 [ 7  37: 52]
 52 [ 9  73: 78]
 20 [ 6  78: 83]
 44 [ 9  89: 94]
 14 [ 5 108:113]
 57 [ 9 124:129]
 -5 [ 9 156:156]

y[1961] = 1.0
Vehicle: 703  Cost: 120.40
Route: 7 61 26 40 69 45 49 -7 
  7 [ 8  41: 56]
 61 [ 9  77: 82]
 26 [ 5 118:123]
 40 [ 1 135:140]
 69 [ 4 140:145]
 45 [ 8 162:167]
 49 [ 9 172:177]
 -7 [ 9 207:207]

y[3060] = 1.0
Vehicle: 201  Cost: 15.08
Route: 2 51 54 23 58 29 -2 
  2 [ 6 420:435]
 51 [ 7 439:444]
 54 [10 447:452]
 23 [ 7 452:457]
 58 [10 461:466]
 29 [ 7 466:471]
 -2 [ 7 475:475]

y[3070] = 1.0
Vehicle: 505  Cost: 161.88
Route: 5 22 30 60 36 63 64 53 -5 
  5 [ 8  37: 52]
 22 [ 5  95:100]
 30 [ 1 117:122]
 60 [ 3 122:127]
 36 [ 2 141:146]
 63 [ 6 146:151]
 64 [ 7 180:185]
 53 [10 200:205]
 -5 [10 268:268]

y[3332] = 1.0
Vehicle: 301  Cost: 40.53
Route: 3 24 35 37 -3 
  3 [ 5 313:328]
 24 [ 3 346:351]
 35 [ 2 358:363]
 37 [ 0 370:375]
 -3 [ 0 383:383]

y[3589] = 1.0
Vehicle: 801  Cost: 36.71
Route: 8 21 11 43 -8 
  8 [ 6  32: 51]
 21 [ 3  60: 65]
 11 [ 0 300:305]
 43 [ 4 313:318]
 -8 [ 4 326:326]

y[3649] = 1.0
Vehicle: 504  Cost: 21.15
Route: 5 65 18 50 56 -5 
  5 [ 4  37: 52]
 65 [ 8  58: 63]
 18 [ 4  67: 72]
 50 [ 7  72: 77]
 56 [10  80: 85]
 -5 [10  93: 93]

y[3773] = 1.0
Vehicle: 503  Cost: 81.19
Route: 5 32 28 55 27 33 -5 
  5 [10 164:179]
 32 [ 8 183:188]
 28 [ 6 215:220]
 55 [ 7 300:305]
 27 [ 5 305:310]
 33 [ 1 331:336]
 -5 [ 1 341:341]

y[3993] = 1.0
Vehicle: 501  Cost: 101.60
Route: 5 42 10 31 38 -5 
  5 [10 164:394]
 42 [ 7 420:425]
 10 [ 4 445:450]
 31 [ 2 458:463]
 38 [ 0 484:489]
 -5 [ 0 516:516]

y[4419] = 1.0
Vehicle: 701  Cost: 97.98
Route: 7 59 39 67 48 19 71 -7 
  7 [ 5 206:221]
 59 [ 7 236:241]
 39 [ 3 250:255]
 67 [ 5 255:260]
 48 [ 7 287:292]
 19 [ 6 301:306]
 71 [ 8 317:322]
 -7 [ 8 349:349]

FE: 3
SE: 13
!MIP-----
1343.9605631232735,170.10672116279602,1.5259668621451877E-6,3,13,3170,4751

Run: 2
Total Cost: 1383.42
Vehicle: 11  Cost: 103.25
Route: 1 2 -2 -1 
 1 [ 16   0:  0 [12, 41, 34, 23, 15, 29, 17, 25]]
 2 [  0  52: 52 []]
-2 [ 15  52:500 [51, 54, 70, 58, 46, 62]]
-1 [ 15 552:552 [51, 54, 70, 58, 46, 62]]

Vehicle: 13  Cost: 73.59
Route: 1 5 -5 -1 
 1 [ 34   0:  0 [27, 38, 42, 20, 33, 32, 30, 10, 31, 18, 22, 28]]
 5 [  0  37: 37 []]
-5 [ 18  37:356 [44, 50, 52, 60, 55, 56, 65]]
-1 [ 18 392:392 [44, 50, 52, 60, 55, 56, 65]]

Vehicle: 17  Cost: 64.78
Route: 1 8 -8 -1 
 1 [ 34   0:  0 [40, 24, 14, 37, 13, 11, 16, 36, 21, 26, 39, 35, 19]]
 8 [  0  32: 32 []]
-8 [ 39  32:387 [47, 69, 71, 45, 68, 57, 53, 64, 43, 59, 67, 66, 61, 48, 49, 63]]
-1 [ 39 419:419 [47, 69, 71, 45, 68, 57, 53, 64, 43, 59, 67, 66, 61, 48, 49, 63]]

Vehicle: 201  Cost: 206.14
Route: 2 17 25 15 46 12 34 70 41 62 -2 
  2 [10  52: 67]
 17 [ 8 111:116]
 25 [ 7 300:305]
 15 [ 5 337:342]
 46 [ 9 342:347]
 12 [ 8 381:386]
 34 [ 7 408:413]
 70 [10 433:438]
 41 [ 7 438:443]
 62 [ 8 452:457]
 -2 [ 8 485:485]

Vehicle: 202  Cost: 15.08
Route: 2 51 54 23 29 58 -2 
  2 [ 6  52:416]
 51 [ 7 420:425]
 54 [10 428:433]
 23 [ 7 433:438]
 29 [ 4 442:447]
 58 [ 7 447:452]
 -2 [ 7 456:456]

Vehicle: 501  Cost: 110.85
Route: 5 22 30 60 44 20 52 56 -5 
  5 [10  37: 52]
 22 [ 7  95:100]
 30 [ 3 117:122]
 60 [ 5 122:127]
 44 [ 8 149:154]
 20 [ 5 160:165]
 52 [ 7 165:170]
 56 [10 185:190]
 -5 [10 198:198]

Vehicle: 502  Cost: 81.19
Route: 5 32 28 55 27 33 -5 
  5 [10  37:176]
 32 [ 8 180:185]
 28 [ 6 212:217]
 55 [ 7 300:305]
 27 [ 5 305:310]
 33 [ 1 331:336]
 -5 [ 1 341:341]

Vehicle: 503  Cost: 101.60
Route: 5 38 31 10 42 -5 
  5 [10  37:274]
 38 [ 8 300:305]
 31 [ 6 327:332]
 10 [ 3 420:425]
 42 [ 0 445:450]
 -5 [ 0 476:476]

Vehicle: 504  Cost: 17.99
Route: 5 65 18 50 -5 
  5 [ 4  37: 52]
 65 [ 8  58: 63]
 18 [ 4  67: 72]
 50 [ 7  72: 77]
 -5 [ 7  85: 85]

Vehicle: 801  Cost: 157.18
Route: 8 21 13 53 64 36 63 24 -8 
  8 [ 9  32: 51]
 21 [ 6  60: 65]
 13 [ 3 103:108]
 53 [ 6 130:135]
 64 [ 7 180:185]
 36 [ 6 195:200]
 63 [10 200:205]
 24 [ 8 300:305]
 -8 [ 8 336:336]

Vehicle: 802  Cost: 143.40
Route: 8 59 39 67 48 19 71 -8 
  8 [ 5  32: 47]
 59 [ 7  88: 93]
 39 [ 3 101:106]
 67 [ 5 106:111]
 48 [ 7 138:143]
 19 [ 6 300:305]
 71 [ 8 316:321]
 -8 [ 8 368:368]

Vehicle: 803  Cost: 91.03
Route: 8 14 57 35 37 11 -8 
  8 [10  32: 47]
 14 [ 6  80: 85]
 57 [10  97:102]
 35 [ 9 300:305]
 37 [ 7 311:316]
 11 [ 4 334:339]
 -8 [ 4 350:350]

Vehicle: 804  Cost: 76.33
Route: 8 68 66 16 47 43 -8 
  8 [ 2  32: 47]
 68 [ 3  60: 65]
 66 [ 7 300:305]
 16 [ 5 319:324]
 47 [ 6 324:329]
 43 [10 359:364]
 -8 [10 372:372]

Vehicle: 805  Cost: 141.01
Route: 8 61 26 40 69 45 49 -8 
  8 [ 8  32: 47]
 61 [ 9  68: 73]
 26 [ 5 109:114]
 40 [ 1 126:131]
 69 [ 4 131:136]
 45 [ 8 153:158]
 49 [ 9 163:168]
 -8 [ 9 218:218]

Total Cost: 1383.42
 11:103.25, 16:75 [1, 2, -2, -1]
 13:73.59, 34:75 [1, 5, -5, -1]
 17:64.78, 39:75 [1, 8, -8, -1]
201:206.14, 10:10 [2, 17, 25, 15, 46, 12, 34, 70, 41, 62, -2]
202:15.08, 10:10 [2, 51, 54, 23, 29, 58, -2]
501:110.85, 10:10 [5, 22, 30, 60, 44, 20, 52, 56, -5]
502:81.19, 10:10 [5, 32, 28, 55, 27, 33, -5]
503:101.60, 10:10 [5, 38, 31, 10, 42, -5]
504:17.99, 8:10 [5, 65, 18, 50, -5]
801:157.18, 10:10 [8, 21, 13, 53, 64, 36, 63, 24, -8]
802:143.40, 8:10 [8, 59, 39, 67, 48, 19, 71, -8]
803:91.03, 10:10 [8, 14, 57, 35, 37, 11, -8]
804:76.33, 10:10 [8, 68, 66, 16, 47, 43, -8]
805:141.01, 9:10 [8, 61, 26, 40, 69, 45, 49, -8]
fe: 3, se: 11

!ALNS------------
100000,1383.421882944739,322.555,296.802,3,11,0.39555555555555555,0.9545454545454546,20.666666666666668,5.636363636363637
2 8 4 3 0 0 4 0 
10.056909489541896 21.997529223108767 11.537590631295783 14.931046222169167 NaN 21.152661527479516 14.791255313640793 39.565744815895464 
4 1 5 1 4 3 3 0 
16.50382117904962 16.043338549202403 16.323203983299834 13.570842792774435 14.770030992754034 17.56556576510199 16.86281406554897 16.26002143613515 

x[1005] = 1.0
Vehicle: 11  Cost: 117.12
Route: 1 8 3 -3 -8 -1 
 1 [ 26   0:  0 [35, 24, 13, 15, 37, 16, 11, 21, 41, 17, 34, 25, 12]]
 8 [ 18  32: 47 [35, 24, 13, 15, 37, 41, 17, 34, 25, 12]]
 3 [  0  74: 74 []]
-3 [  9  74:460 [46, 70, 62, 51]]
-8 [ 18 486:501 [46, 43, 66, 47, 70, 62, 51]]
-1 [ 18 533:533 [46, 43, 66, 47, 70, 62, 51]]

x[2363] = 1.0
Vehicle: 12  Cost: 82.37
Route: 1 7 -7 -1 
 1 [ 19   0:  0 [19, 26, 39, 40, 29, 23]]
 7 [  0  41: 41 []]
-7 [ 23  41:363 [71, 61, 67, 49, 45, 59, 48, 69, 54, 58]]
-1 [ 23 404:404 [71, 61, 67, 49, 45, 59, 48, 69, 54, 58]]

x[3135] = 1.0
Vehicle: 13  Cost: 73.59
Route: 1 5 -5 -1 
 1 [ 39   0:  0 [27, 30, 28, 42, 10, 22, 20, 36, 14, 32, 33, 18, 38, 31]]
 5 [  0  37: 37 []]
-5 [ 32  37:356 [52, 44, 63, 57, 61, 60, 68, 53, 64, 56, 55, 65, 50]]
-1 [ 32 392:392 [52, 44, 63, 57, 61, 60, 68, 53, 64, 56, 55, 65, 50]]

y[727] = 1.0
Vehicle: 701  Cost: 97.98
Route: 7 59 39 67 48 19 71 -7 
  7 [ 5  73: 88]
 59 [ 7 103:108]
 39 [ 3 116:121]
 67 [ 5 121:126]
 48 [ 7 154:159]
 19 [ 6 300:305]
 71 [ 8 316:321]
 -7 [ 8 348:348]

y[1801] = 1.0
Vehicle: 501  Cost: 78.84
Route: 5 52 20 44 14 57 -5 
  5 [ 7  37: 52]
 52 [ 9  73: 78]
 20 [ 6  78: 83]
 44 [ 9  89: 94]
 14 [ 5 108:113]
 57 [ 9 124:129]
 -5 [ 9 156:156]

y[1813] = 1.0
Vehicle: 301  Cost: 98.58
Route: 3 13 15 46 24 35 37 -3 
  3 [10  74: 89]
 13 [ 7 111:116]
 15 [ 5 300:305]
 46 [ 9 305:310]
 24 [ 7 341:346]
 35 [ 6 353:358]
 37 [ 4 365:370]
 -3 [ 4 378:378]

y[1856] = 1.0
Vehicle: 702  Cost: 120.40
Route: 7 61 26 40 69 45 49 -7 
  7 [ 8  41: 56]
 61 [ 9  77: 82]
 26 [ 5 118:123]
 40 [ 1 135:140]
 69 [ 4 140:145]
 45 [ 8 162:167]
 49 [ 9 172:177]
 -7 [ 9 207:207]

y[1892] = 1.0
Vehicle: 803  Cost: 95.60
Route: 8 21 11 43 47 16 66 -8 
  8 [ 8  32: 51]
 21 [ 5  60: 65]
 11 [ 2 300:305]
 43 [ 6 313:318]
 47 [ 7 348:353]
 16 [ 5 353:358]
 66 [ 9 372:377]
 -8 [ 9 400:400]

y[2018] = 1.0
Vehicle: 503  Cost: 101.60
Route: 5 42 10 31 38 -5 
  5 [10  37:394]
 42 [ 7 420:425]
 10 [ 4 445:450]
 31 [ 2 458:463]
 38 [ 0 484:489]
 -5 [ 0 516:516]

y[2262] = 1.0
Vehicle: 502  Cost: 117.69
Route: 5 68 28 27 55 33 -5 
  5 [ 8  37: 52]
 68 [ 9  75: 80]
 28 [ 7 125:130]
 27 [ 5 300:305]
 55 [ 6 305:310]
 33 [ 2 331:336]
 -5 [ 2 341:341]

y[2901] = 1.0
Vehicle: 501  Cost: 161.88
Route: 5 22 60 30 36 63 64 53 -5 
  5 [ 8  37: 52]
 22 [ 5  95:100]
 60 [ 7 117:122]
 30 [ 3 122:127]
 36 [ 2 141:146]
 63 [ 6 146:151]
 64 [ 7 180:185]
 53 [10 200:205]
 -5 [10 268:268]

y[3007] = 1.0
Vehicle: 703  Cost: 38.87
Route: 7 29 58 23 54 -7 
  7 [ 6  41:284]
 29 [ 3 300:305]
 58 [ 6 305:310]
 23 [ 3 314:319]
 54 [ 6 319:324]
 -7 [ 6 343:343]

y[3135] = 1.0
Vehicle: 505  Cost: 28.74
Route: 5 32 56 18 50 65 -5 
  5 [ 6  37:176]
 32 [ 4 180:185]
 56 [ 7 196:201]
 18 [ 3 204:209]
 50 [ 6 209:214]
 65 [10 218:223]
 -5 [10 229:229]

y[3700] = 1.0
Vehicle: 302  Cost: 159.05
Route: 3 17 25 12 34 70 41 62 51 -3 
  3 [ 8  74: 89]
 17 [ 6 126:131]
 25 [ 5 300:305]
 12 [ 4 314:319]
 34 [ 3 341:346]
 70 [ 6 365:370]
 41 [ 3 370:375]
 62 [ 4 384:389]
 51 [ 5 420:425]
 -3 [ 5 445:445]

FE: 3
SE: 11
!MIP-----
1372.3283296469995,178.091894865036,6.250086417206465E-5,3,11,3384,4567

Run: 3
Total Cost: 1354.17
Vehicle: 12  Cost: 82.37
Route: 1 7 -7 -1 
 1 [ 11   0:  0 [16, 39, 19, 40]]
 7 [  0  41: 41 []]
-7 [ 23  41:377 [47, 59, 48, 71, 61, 45, 49, 68, 67, 69, 66]]
-1 [ 23 418:418 [47, 59, 48, 71, 61, 45, 49, 68, 67, 69, 66]]

Vehicle: 13  Cost: 209.52
Route: 1 8 3 4 6 -6 2 -2 -3 -8 -1 
 1 [ 44   0:  0 [23, 34, 29, 21, 26, 37, 15, 25, 17, 13, 12, 41, 11, 10, 35, 31, 38, 24, 42]]
 8 [ 38  32: 47 [23, 34, 29, 26, 37, 15, 25, 17, 13, 12, 41, 10, 35, 31, 38, 24, 42]]
 3 [ 18  74: 89 [23, 34, 29, 26, 25, 17, 12, 41]]
 4 [ 14 112:127 [23, 34, 29, 26, 41]]
 6 [  6 142:142 [23, 29]]
-6 [ 10 142:362 [23, 29, 62, 70]]
 2 [  4 393:393 [62, 70]]
-2 [ 11 393:471 [51, 54, 62, 58, 70]]
-3 [ 15 494:509 [46, 62, 70, 51, 54, 58]]
-8 [ 19 535:550 [43, 62, 70, 51, 54, 58, 46]]
-1 [ 19 582:582 [51, 54, 62, 58, 70, 43, 46]]

Vehicle: 14  Cost: 73.59
Route: 1 5 -5 -1 
 1 [ 29   0:  0 [36, 30, 28, 20, 14, 32, 27, 33, 18, 22]]
 5 [  0  37: 37 []]
-5 [ 30  37:356 [50, 63, 65, 56, 60, 53, 57, 44, 64, 52, 55]]
-1 [ 30 392:392 [50, 63, 65, 56, 60, 53, 57, 44, 64, 52, 55]]

Vehicle: 201  Cost: 15.08
Route: 2 51 54 23 58 29 -2 
  2 [ 6 393:416]
 51 [ 7 420:425]
 54 [10 428:433]
 23 [ 7 433:438]
 58 [10 442:447]
 29 [ 7 447:452]
 -2 [ 7 456:456]

Vehicle: 301  Cost: 120.26
Route: 3 13 15 46 31 10 -3 
  3 [10  74: 89]
 13 [ 7 111:116]
 15 [ 5 300:305]
 46 [ 9 305:310]
 31 [ 7 330:335]
 10 [ 4 420:425]
 -3 [ 4 473:473]

Vehicle: 302  Cost: 76.17
Route: 3 35 24 38 42 37 -3 
  3 [10  74:289]
 35 [ 9 300:305]
 24 [ 7 313:318]
 38 [ 5 335:340]
 42 [ 2 420:425]
 37 [ 0 454:459]
 -3 [ 0 468:468]

Vehicle: 401  Cost: 48.98
Route: 4 17 25 12 -4 
  4 [ 4 112:127]
 17 [ 2 142:147]
 25 [ 1 300:305]
 12 [ 0 314:319]
 -4 [ 0 327:327]

Vehicle: 502  Cost: 161.88
Route: 5 22 60 30 63 36 64 53 -5 
  5 [ 8  37: 52]
 22 [ 5  95:100]
 60 [ 7 117:122]
 30 [ 3 122:127]
 63 [ 7 141:146]
 36 [ 6 146:151]
 64 [ 7 180:185]
 53 [10 200:205]
 -5 [10 268:268]

Vehicle: 503  Cost: 81.19
Route: 5 32 28 55 27 33 -5 
  5 [10  37:176]
 32 [ 8 180:185]
 28 [ 6 212:217]
 55 [ 7 300:305]
 27 [ 5 305:310]
 33 [ 1 331:336]
 -5 [ 1 341:341]

Vehicle: 504  Cost: 78.84
Route: 5 52 20 44 14 57 -5 
  5 [ 7  37: 52]
 52 [ 9  73: 78]
 20 [ 6  78: 83]
 44 [ 9  89: 94]
 14 [ 5 108:113]
 57 [ 9 124:129]
 -5 [ 9 156:156]

Vehicle: 505  Cost: 21.15
Route: 5 65 18 50 56 -5 
  5 [ 4  37: 52]
 65 [ 8  58: 63]
 18 [ 4  67: 72]
 50 [ 7  72: 77]
 56 [10  80: 85]
 -5 [10  93: 93]

Vehicle: 601  Cost: 43.92
Route: 6 26 41 70 62 34 -6 
  6 [ 8 142:157]
 26 [ 4 163:168]
 41 [ 1 300:305]
 70 [ 4 305:310]
 62 [ 5 318:323]
 34 [ 4 336:341]
 -6 [ 4 347:347]

Vehicle: 701  Cost: 97.98
Route: 7 59 67 39 48 19 71 -7 
  7 [ 5  41: 56]
 59 [ 7  71: 76]
 67 [ 9  85: 90]
 39 [ 5  90: 95]
 48 [ 7 122:127]
 19 [ 6 300:305]
 71 [ 8 316:321]
 -7 [ 8 348:348]

Vehicle: 702  Cost: 118.20
Route: 7 49 45 40 69 61 -7 
  7 [ 4  41: 56]
 49 [ 5  86: 91]
 45 [ 9  96:101]
 40 [ 5 118:123]
 69 [ 8 123:128]
 61 [ 9 174:179]
 -7 [ 9 199:199]

Vehicle: 703  Cost: 88.34
Route: 7 68 66 16 47 -7 
  7 [ 2  41: 56]
 68 [ 3  86: 91]
 66 [ 7 300:305]
 16 [ 5 319:324]
 47 [ 6 324:329]
 -7 [ 6 362:362]

Vehicle: 801  Cost: 36.71
Route: 8 21 11 43 -8 
  8 [ 6  32: 51]
 21 [ 3  60: 65]
 11 [ 0 300:305]
 43 [ 4 313:318]
 -8 [ 4 326:326]

Total Cost: 1354.17
 12:82.37, 23:75 [1, 7, -7, -1]
 13:209.52, 44:75 [1, 8, 3, 4, 6, -6, 2, -2, -3, -8, -1]
 14:73.59, 30:75 [1, 5, -5, -1]
201:15.08, 10:10 [2, 51, 54, 23, 58, 29, -2]
301:120.26, 10:10 [3, 13, 15, 46, 31, 10, -3]
302:76.17, 10:10 [3, 35, 24, 38, 42, 37, -3]
401:48.98, 4:10 [4, 17, 25, 12, -4]
502:161.88, 10:10 [5, 22, 60, 30, 63, 36, 64, 53, -5]
503:81.19, 10:10 [5, 32, 28, 55, 27, 33, -5]
504:78.84, 9:10 [5, 52, 20, 44, 14, 57, -5]
505:21.15, 10:10 [5, 65, 18, 50, 56, -5]
601:43.92, 8:10 [6, 26, 41, 70, 62, 34, -6]
701:97.98, 9:10 [7, 59, 67, 39, 48, 19, 71, -7]
702:118.20, 9:10 [7, 49, 45, 40, 69, 61, -7]
703:88.34, 7:10 [7, 68, 66, 16, 47, -7]
801:36.71, 6:10 [8, 21, 11, 43, -8]
fe: 3, se: 13

!ALNS------------
100000,1354.173492414263,221.13,197.765,3,13,0.4311111111111111,0.8615384615384616,20.666666666666668,4.769230769230769
6 14 6 7 0 1 5 0 
10.97543968017186 21.596615740519447 10.603985020197833 12.62343335209517 50.89846233548178 23.892336573653353 16.14058741312764 28.279858457806064 
5 8 4 9 5 4 4 0 
15.35298541495706 14.297304226714145 15.792405970505975 15.94625998512447 16.55743887030787 14.761770466327038 15.761393580276517 16.573757773892996 

x[683] = 1.0
Vehicle: 14  Cost: 73.59
Route: 1 5 -5 -1 
 1 [ 36   0:  0 [33, 38, 31, 36, 10, 18, 28, 32, 20, 30, 27, 14, 42]]
 5 [  0  37: 37 []]
-5 [ 31  37:356 [60, 44, 56, 57, 63, 64, 65, 53, 50, 52, 68, 55]]
-1 [ 31 392:392 [60, 44, 56, 57, 63, 64, 65, 53, 50, 52, 68, 55]]

x[3651] = 1.0
Vehicle: 12  Cost: 82.37
Route: 1 7 -7 -1 
 1 [ 15   0:  0 [40, 16, 26, 19, 39]]
 7 [  0  41: 41 []]
-7 [ 24  41:377 [67, 66, 69, 45, 49, 48, 71, 47, 68, 61, 59, 62]]
-1 [ 24 418:418 [67, 66, 69, 45, 49, 48, 71, 47, 68, 61, 59, 62]]

x[3681] = 1.0
Vehicle: 13  Cost: 177.81
Route: 1 8 3 4 -4 2 -2 -8 -1 
 1 [ 33   0:  0 [25, 15, 29, 23, 12, 22, 17, 13, 11, 21, 37, 34, 24, 35, 41]]
 8 [ 27  32: 47 [25, 15, 29, 23, 12, 22, 17, 13, 37, 34, 24, 35, 41]]
 3 [ 22  74: 89 [25, 15, 29, 23, 12, 22, 17, 13, 34, 41]]
 4 [  6 112:112 [29, 23]]
-4 [ 14 112:385 [46, 29, 23, 70, 62]]
 2 [  8 420:420 [46, 70, 62]]
-2 [ 15 420:490 [46, 54, 51, 58, 70, 62]]
-8 [ 19 519:534 [43, 46, 70, 62, 54, 51, 58]]
-1 [ 19 566:566 [46, 54, 51, 58, 70, 62, 43]]

y[363] = 1.0
Vehicle: 502  Cost: 146.98
Route: 5 30 60 63 36 64 53 -5 
  5 [ 5  37: 52]
 30 [ 1  97:102]
 60 [ 3 102:107]
 63 [ 7 121:126]
 36 [ 6 126:131]
 64 [ 7 180:185]
 53 [10 200:205]
 -5 [10 268:268]

y[384] = 0.9999999999999998
Vehicle: 402  Cost: 76.75
Route: 4 17 41 70 62 34 -4 
  4 [ 6 112:127]
 17 [ 4 142:147]
 41 [ 1 300:305]
 70 [ 4 305:310]
 62 [ 5 318:323]
 34 [ 4 336:341]
 -4 [ 4 356:356]

y[1322] = 1.0
Vehicle: 703  Cost: 120.40
Route: 7 61 26 69 40 45 49 -7 
  7 [ 8  41: 56]
 61 [ 9  77: 82]
 26 [ 5 118:123]
 69 [ 8 135:140]
 40 [ 4 140:145]
 45 [ 8 162:167]
 49 [ 9 172:177]
 -7 [ 9 207:207]

y[1423] = 1.0
Vehicle: 504  Cost: 101.60
Route: 5 42 10 31 38 -5 
  5 [10  37:394]
 42 [ 7 420:425]
 10 [ 4 445:450]
 31 [ 2 458:463]
 38 [ 0 484:489]
 -5 [ 0 516:516]

y[1523] = 1.0
Vehicle: 505  Cost: 21.15
Route: 5 65 18 50 56 -5 
  5 [ 4  70: 85]
 65 [ 8  92: 97]
 18 [ 4 100:105]
 50 [ 7 105:110]
 56 [10 114:119]
 -5 [10 127:127]

y[1716] = 1.0
Vehicle: 303  Cost: 40.53
Route: 3 24 35 37 -3 
  3 [ 5  87:282]
 24 [ 3 300:305]
 35 [ 2 313:318]
 37 [ 0 324:329]
 -3 [ 0 338:338]

y[2384] = 1.0
Vehicle: 802  Cost: 36.71
Route: 8 21 11 43 -8 
  8 [ 6  32: 51]
 21 [ 3  60: 65]
 11 [ 0 300:305]
 43 [ 4 313:318]
 -8 [ 4 326:326]

y[2591] = 1.0
Vehicle: 701  Cost: 97.98
Route: 7 59 67 39 48 19 71 -7 
  7 [ 5 120:135]
 59 [ 7 150:155]
 67 [ 9 163:168]
 39 [ 5 168:173]
 48 [ 7 201:206]
 19 [ 6 300:305]
 71 [ 8 316:321]
 -7 [ 8 348:348]

y[3621] = 1.0
Vehicle: 702  Cost: 88.34
Route: 7 68 66 47 16 -7 
  7 [ 2 204:219]
 68 [ 3 249:254]
 66 [ 7 300:305]
 47 [ 8 319:324]
 16 [ 6 324:329]
 -7 [ 6 362:362]

y[4515] = 1.0
Vehicle: 401  Cost: 108.27
Route: 4 13 22 15 46 25 12 -4 
  4 [10 112:127]
 13 [ 7 144:149]
 22 [ 4 171:176]
 15 [ 2 300:305]
 46 [ 6 305:310]
 25 [ 5 342:347]
 12 [ 4 356:361]
 -4 [ 4 370:370]

y[4872] = 1.0
Vehicle: 503  Cost: 81.19
Route: 5 32 28 55 27 33 -5 
  5 [10 147:176]
 32 [ 8 180:185]
 28 [ 6 212:217]
 55 [ 7 300:305]
 27 [ 5 305:310]
 33 [ 1 331:336]
 -5 [ 1 341:341]

y[5057] = 1.0
Vehicle: 504  Cost: 78.84
Route: 5 20 52 44 14 57 -5 
  5 [ 7  70: 85]
 20 [ 4 107:112]
 52 [ 6 112:117]
 44 [ 9 123:128]
 14 [ 5 141:146]
 57 [ 9 158:163]
 -5 [ 9 189:189]

y[5183] = 1.0
Vehicle: 201  Cost: 15.08
Route: 2 51 23 54 58 29 -2 
  2 [ 6 420:435]
 51 [ 7 439:444]
 23 [ 4 447:452]
 54 [ 7 452:457]
 58 [10 461:466]
 29 [ 7 466:471]
 -2 [ 7 475:475]

FE: 3
SE: 13
!MIP-----
1347.5986718677145,238.01232290267944,4.592623345931094E-5,3,13,4209,6256

Run: 4
Total Cost: 1338.97
Vehicle: 11  Cost: 158.19
Route: 1 8 3 9 -9 2 -2 -8 -1 
 1 [ 40   0:  0 [41, 38, 35, 11, 12, 29, 23, 31, 21, 17, 13, 25, 34, 15, 10, 42, 37, 24]]
 8 [ 34  32: 47 [41, 38, 35, 12, 29, 23, 31, 17, 13, 25, 34, 15, 10, 42, 37, 24]]
 3 [ 24  74: 89 [41, 12, 29, 23, 31, 17, 13, 25, 34, 15, 10]]
 9 [  6 103:103 [29, 23]]
-9 [ 14 103:496 [29, 23, 62, 70, 46]]
 2 [  8 520:520 [62, 70, 46]]
-2 [ 15 520:590 [51, 54, 62, 58, 70, 46]]
-8 [ 19 619:634 [43, 62, 51, 54, 58, 70, 46]]
-1 [ 19 667:667 [51, 54, 62, 43, 58, 70, 46]]

Vehicle: 12  Cost: 82.37
Route: 1 7 -7 -1 
 1 [ 15   0:  0 [26, 19, 16, 39, 40]]
 7 [  0  41: 41 []]
-7 [ 23  41:377 [47, 61, 45, 71, 48, 66, 49, 67, 68, 69, 59]]
-1 [ 23 418:418 [47, 61, 45, 71, 48, 66, 49, 67, 68, 69, 59]]

Vehicle: 13  Cost: 73.59
Route: 1 5 -5 -1 
 1 [ 29   0:  0 [20, 27, 22, 32, 36, 28, 33, 18, 14, 30]]
 5 [  0  37: 37 []]
-5 [ 30  37:356 [55, 63, 53, 57, 65, 56, 44, 50, 64, 60, 52]]
-1 [ 30 392:392 [55, 63, 53, 57, 65, 56, 44, 50, 64, 60, 52]]

Vehicle: 201  Cost: 15.08
Route: 2 51 54 23 58 29 -2 
  2 [ 6 520:535]
 51 [ 7 540:545]
 54 [10 548:553]
 23 [ 7 553:558]
 58 [10 561:566]
 29 [ 7 566:571]
 -2 [ 7 575:575]

Vehicle: 301  Cost: 76.17
Route: 3 35 24 38 42 37 -3 
  3 [10  74:289]
 35 [ 9 300:305]
 24 [ 7 313:318]
 38 [ 5 335:340]
 42 [ 2 420:425]
 37 [ 0 454:459]
 -3 [ 0 468:468]

Vehicle: 501  Cost: 81.19
Route: 5 32 28 27 55 33 -5 
  5 [10  37:176]
 32 [ 8 180:185]
 28 [ 6 212:217]
 27 [ 4 300:305]
 55 [ 5 305:310]
 33 [ 1 331:336]
 -5 [ 1 341:341]

Vehicle: 502  Cost: 21.15
Route: 5 56 50 18 65 -5 
  5 [ 4  37: 52]
 56 [ 7  60: 65]
 50 [10  68: 73]
 18 [ 6  73: 78]
 65 [10  82: 87]
 -5 [10  93: 93]

Vehicle: 504  Cost: 161.88
Route: 5 22 60 30 36 63 64 53 -5 
  5 [ 8  37: 52]
 22 [ 5  95:100]
 60 [ 7 117:122]
 30 [ 3 122:127]
 36 [ 2 141:146]
 63 [ 6 146:151]
 64 [ 7 180:185]
 53 [10 200:205]
 -5 [10 268:268]

Vehicle: 506  Cost: 78.84
Route: 5 52 20 44 14 57 -5 
  5 [ 7  37: 52]
 52 [ 9  73: 78]
 20 [ 6  78: 83]
 44 [ 9  89: 94]
 14 [ 5 108:113]
 57 [ 9 124:129]
 -5 [ 9 156:156]

Vehicle: 701  Cost: 97.98
Route: 7 59 67 39 48 19 71 -7 
  7 [ 5  41: 56]
 59 [ 7  71: 76]
 67 [ 9  85: 90]
 39 [ 5  90: 95]
 48 [ 7 122:127]
 19 [ 6 300:305]
 71 [ 8 316:321]
 -7 [ 8 348:348]

Vehicle: 702  Cost: 120.40
Route: 7 61 26 69 40 45 49 -7 
  7 [ 8  41: 56]
 61 [ 9  77: 82]
 26 [ 5 118:123]
 69 [ 8 135:140]
 40 [ 4 140:145]
 45 [ 8 162:167]
 49 [ 9 172:177]
 -7 [ 9 207:207]

Vehicle: 703  Cost: 88.34
Route: 7 68 66 16 47 -7 
  7 [ 2  41: 56]
 68 [ 3  86: 91]
 66 [ 7 300:305]
 16 [ 5 319:324]
 47 [ 6 324:329]
 -7 [ 6 362:362]

Vehicle: 801  Cost: 36.71
Route: 8 21 11 43 -8 
  8 [ 6  32: 51]
 21 [ 3  60: 65]
 11 [ 0 300:305]
 43 [ 4 313:318]
 -8 [ 4 326:326]

Vehicle: 901  Cost: 119.52
Route: 9 17 25 12 70 41 62 34 -9 
  9 [ 8 103:118]
 17 [ 6 142:147]
 25 [ 5 300:305]
 12 [ 4 314:319]
 70 [ 7 355:360]
 41 [ 4 360:365]
 62 [ 5 374:379]
 34 [ 4 392:397]
 -9 [ 4 409:409]

Vehicle: 902  Cost: 127.55
Route: 9 13 15 46 31 10 -9 
  9 [10 103:118]
 13 [ 7 139:144]
 15 [ 5 300:305]
 46 [ 9 305:310]
 31 [ 7 330:335]
 10 [ 4 420:425]
 -9 [ 4 481:481]

Total Cost: 1338.97
 11:158.19, 40:75 [1, 8, 3, 9, -9, 2, -2, -8, -1]
 12:82.37, 23:75 [1, 7, -7, -1]
 13:73.59, 30:75 [1, 5, -5, -1]
201:15.08, 10:10 [2, 51, 54, 23, 58, 29, -2]
301:76.17, 10:10 [3, 35, 24, 38, 42, 37, -3]
501:81.19, 10:10 [5, 32, 28, 27, 55, 33, -5]
502:21.15, 10:10 [5, 56, 50, 18, 65, -5]
504:161.88, 10:10 [5, 22, 60, 30, 36, 63, 64, 53, -5]
506:78.84, 9:10 [5, 52, 20, 44, 14, 57, -5]
701:97.98, 9:10 [7, 59, 67, 39, 48, 19, 71, -7]
702:120.40, 9:10 [7, 61, 26, 69, 40, 45, 49, -7]
703:88.34, 7:10 [7, 68, 66, 16, 47, -7]
801:36.71, 6:10 [8, 21, 11, 43, -8]
901:119.52, 8:10 [9, 17, 25, 12, 70, 41, 62, 34, -9]
902:127.55, 10:10 [9, 13, 15, 46, 31, 10, -9]
fe: 3, se: 12

!ALNS------------
100000,1338.9716164548158,208.898,182.247,3,12,0.41333333333333333,0.9,20.666666666666668,5.166666666666667
6 7 11 12 0 4 4 0 
11.33714514843302 19.77495837727379 9.377266847661556 11.981508700078578 NaN 22.408680295072198 17.969851219970877 46.33726618036894 
9 5 2 4 6 8 9 1 
16.644750107647255 15.040309933469988 13.777735725972722 17.925065959578433 15.404714613244353 14.199182330285227 14.385645678659326 17.448643157986776 

x[883] = 1.0
Vehicle: 13  Cost: 73.59
Route: 1 5 -5 -1 
 1 [ 29   0:  0 [30, 14, 20, 18, 33, 27, 22, 32, 28, 36]]
 5 [  0  37: 37 []]
-5 [ 30  37:374 [52, 60, 63, 44, 64, 50, 56, 55, 57, 65, 53]]
-1 [ 30 411:411 [52, 60, 63, 44, 64, 50, 56, 55, 57, 65, 53]]

x[925] = 1.0
Vehicle: 12  Cost: 82.37
Route: 1 7 -7 -1 
 1 [ 15   0:  0 [26, 19, 39, 40, 16]]
 7 [  0  41: 41 []]
-7 [ 23  41:377 [71, 47, 48, 67, 69, 45, 49, 68, 61, 59, 66]]
-1 [ 23 418:418 [71, 47, 48, 67, 69, 45, 49, 68, 61, 59, 66]]

x[1553] = 1.0
Vehicle: 11  Cost: 158.19
Route: 1 8 3 9 -9 2 -2 -8 -1 
 1 [ 40   0:  0 [21, 25, 37, 23, 35, 38, 34, 12, 10, 11, 15, 41, 42, 13, 29, 24, 17, 31]]
 8 [ 34  32: 47 [25, 37, 23, 35, 38, 34, 12, 10, 15, 41, 42, 13, 29, 24, 17, 31]]
 3 [ 24  74: 89 [25, 23, 34, 12, 10, 15, 41, 13, 29, 17, 31]]
 9 [  6 103:103 [23, 29]]
-9 [ 14 103:496 [62, 70, 23, 46, 29]]
 2 [  8 520:520 [62, 70, 46]]
-2 [ 15 520:593 [62, 70, 58, 51, 46, 54]]
-8 [ 19 622:637 [43, 62, 70, 58, 51, 46, 54]]
-1 [ 19 669:669 [62, 70, 58, 51, 43, 46, 54]]

y[1421] = 1.0
Vehicle: 701  Cost: 88.34
Route: 7 68 66 47 16 -7 
  7 [ 2 206:221]
 68 [ 3 251:256]
 66 [ 7 300:305]
 47 [ 8 319:324]
 16 [ 6 324:329]
 -7 [ 6 362:362]

y[1452] = 1.0
Vehicle: 701  Cost: 97.98
Route: 7 59 39 67 48 19 71 -7 
  7 [ 5 123:138]
 59 [ 7 153:158]
 39 [ 3 167:172]
 67 [ 5 172:177]
 48 [ 7 204:209]
 19 [ 6 300:305]
 71 [ 8 316:321]
 -7 [ 8 348:348]

y[1508] = 1.0
Vehicle: 301  Cost: 76.17
Route: 3 35 24 38 42 37 -3 
  3 [10 161:289]
 35 [ 9 300:305]
 24 [ 7 313:318]
 38 [ 5 335:340]
 42 [ 2 420:425]
 37 [ 0 454:459]
 -3 [ 0 468:468]

y[1680] = 1.0
Vehicle: 502  Cost: 78.84
Route: 5 20 52 44 14 57 -5 
  5 [ 7  37: 52]
 20 [ 4  73: 78]
 52 [ 6  78: 83]
 44 [ 9  89: 94]
 14 [ 5 108:113]
 57 [ 9 124:129]
 -5 [ 9 156:156]

y[1730] = 1.0
Vehicle: 702  Cost: 120.40
Route: 7 61 26 40 69 45 49 -7 
  7 [ 8  41: 56]
 61 [ 9  77: 82]
 26 [ 5 118:123]
 40 [ 1 135:140]
 69 [ 4 140:145]
 45 [ 8 162:167]
 49 [ 9 172:177]
 -7 [ 9 207:207]

y[1787] = 1.0
Vehicle: 902  Cost: 127.55
Route: 9 13 15 46 31 10 -9 
  9 [10 206:221]
 13 [ 7 242:247]
 15 [ 5 300:305]
 46 [ 9 305:310]
 31 [ 7 330:335]
 10 [ 4 420:425]
 -9 [ 4 481:481]

y[3029] = 1.0
Vehicle: 504  Cost: 161.88
Route: 5 22 60 30 63 36 64 53 -5 
  5 [ 8  70: 85]
 22 [ 5 129:134]
 60 [ 7 151:156]
 30 [ 3 156:161]
 63 [ 7 174:179]
 36 [ 6 179:184]
 64 [ 7 194:199]
 53 [10 214:219]
 -5 [10 282:282]

y[3198] = 1.0
Vehicle: 801  Cost: 36.71
Route: 8 21 11 43 -8 
  8 [ 6  32: 51]
 21 [ 3  60: 65]
 11 [ 0 300:305]
 43 [ 4 313:318]
 -8 [ 4 326:326]

y[3252] = 1.0
Vehicle: 201  Cost: 15.08
Route: 2 51 23 54 58 29 -2 
  2 [ 6 520:535]
 51 [ 7 540:545]
 23 [ 4 548:553]
 54 [ 7 553:558]
 58 [10 561:566]
 29 [ 7 566:571]
 -2 [ 7 575:575]

y[3258] = 1.0
Vehicle: 503  Cost: 21.15
Route: 5 65 18 50 56 -5 
  5 [ 4  37: 52]
 65 [ 8  58: 63]
 18 [ 4  67: 72]
 50 [ 7  72: 77]
 56 [10  80: 85]
 -5 [10  93: 93]

y[3486] = 1.0
Vehicle: 901  Cost: 119.52
Route: 9 17 25 12 70 41 62 34 -9 
  9 [ 8 103:118]
 17 [ 6 142:147]
 25 [ 5 300:305]
 12 [ 4 314:319]
 70 [ 7 355:360]
 41 [ 4 360:365]
 62 [ 5 374:379]
 34 [ 4 392:397]
 -9 [ 4 409:409]

y[3845] = 1.0
Vehicle: 501  Cost: 81.19
Route: 5 32 28 27 55 33 -5 
  5 [10  70:176]
 32 [ 8 180:185]
 28 [ 6 212:217]
 27 [ 4 300:305]
 55 [ 5 305:310]
 33 [ 1 331:336]
 -5 [ 1 341:341]

FE: 3
SE: 12
!MIP-----
1338.9716164548158,79.40533685684204,3.686538413503283E-5,3,12,2382,4206

Run: 5
Total Cost: 1338.97
Vehicle: 11  Cost: 82.37
Route: 1 7 -7 -1 
 1 [ 15   0:  0 [19, 39, 16, 40, 26]]
 7 [  0  41: 41 []]
-7 [ 23  41:377 [47, 59, 66, 69, 48, 68, 71, 67, 49, 61, 45]]
-1 [ 23 418:418 [47, 59, 66, 69, 48, 68, 71, 67, 49, 61, 45]]

Vehicle: 12  Cost: 73.59
Route: 1 5 -5 -1 
 1 [ 29   0:  0 [27, 20, 33, 28, 18, 22, 32, 36, 14, 30]]
 5 [  0  37: 37 []]
-5 [ 30  37:356 [55, 53, 52, 64, 56, 50, 65, 44, 60, 57, 63]]
-1 [ 30 392:392 [55, 53, 52, 64, 56, 50, 65, 44, 60, 57, 63]]

Vehicle: 13  Cost: 158.19
Route: 1 8 3 9 -9 2 -2 -8 -1 
 1 [ 40   0:  0 [21, 15, 10, 25, 17, 42, 41, 23, 12, 35, 34, 31, 29, 37, 11, 13, 24, 38]]
 8 [ 34  32: 47 [15, 10, 25, 17, 42, 41, 23, 12, 35, 34, 31, 29, 37, 13, 24, 38]]
 3 [ 24  74: 89 [15, 10, 25, 17, 41, 23, 12, 34, 31, 29, 13]]
 9 [  6 103:103 [23, 29]]
-9 [ 14 103:496 [62, 70, 46, 23, 29]]
 2 [  8 520:520 [62, 70, 46]]
-2 [ 15 520:590 [51, 62, 54, 58, 70, 46]]
-8 [ 19 619:634 [43, 62, 70, 46, 51, 54, 58]]
-1 [ 19 667:667 [51, 62, 54, 58, 70, 46, 43]]

Vehicle: 201  Cost: 15.08
Route: 2 51 23 54 29 58 -2 
  2 [ 6 520:535]
 51 [ 7 540:545]
 23 [ 4 548:553]
 54 [ 7 553:558]
 29 [ 4 561:566]
 58 [ 7 566:571]
 -2 [ 7 575:575]

Vehicle: 301  Cost: 76.17
Route: 3 35 24 38 42 37 -3 
  3 [10  74:289]
 35 [ 9 300:305]
 24 [ 7 313:318]
 38 [ 5 335:340]
 42 [ 2 420:425]
 37 [ 0 454:459]
 -3 [ 0 468:468]

Vehicle: 501  Cost: 21.15
Route: 5 56 50 18 65 -5 
  5 [ 4  37: 52]
 56 [ 7  60: 65]
 50 [10  68: 73]
 18 [ 6  73: 78]
 65 [10  82: 87]
 -5 [10  93: 93]

Vehicle: 502  Cost: 81.19
Route: 5 32 28 55 27 33 -5 
  5 [10  37:176]
 32 [ 8 180:185]
 28 [ 6 212:217]
 55 [ 7 300:305]
 27 [ 5 305:310]
 33 [ 1 331:336]
 -5 [ 1 341:341]

Vehicle: 505  Cost: 78.84
Route: 5 52 20 44 14 57 -5 
  5 [ 7  37: 52]
 52 [ 9  73: 78]
 20 [ 6  78: 83]
 44 [ 9  89: 94]
 14 [ 5 108:113]
 57 [ 9 124:129]
 -5 [ 9 156:156]

Vehicle: 506  Cost: 161.88
Route: 5 22 60 30 63 36 64 53 -5 
  5 [ 8  37: 52]
 22 [ 5  95:100]
 60 [ 7 117:122]
 30 [ 3 122:127]
 63 [ 7 141:146]
 36 [ 6 146:151]
 64 [ 7 180:185]
 53 [10 200:205]
 -5 [10 268:268]

Vehicle: 701  Cost: 88.34
Route: 7 68 66 16 47 -7 
  7 [ 2  41: 56]
 68 [ 3  86: 91]
 66 [ 7 300:305]
 16 [ 5 319:324]
 47 [ 6 324:329]
 -7 [ 6 362:362]

Vehicle: 702  Cost: 97.98
Route: 7 59 67 39 48 19 71 -7 
  7 [ 5  41: 56]
 59 [ 7  71: 76]
 67 [ 9  85: 90]
 39 [ 5  90: 95]
 48 [ 7 122:127]
 19 [ 6 300:305]
 71 [ 8 316:321]
 -7 [ 8 348:348]

Vehicle: 703  Cost: 120.40
Route: 7 61 26 40 69 45 49 -7 
  7 [ 8  41: 56]
 61 [ 9  77: 82]
 26 [ 5 118:123]
 40 [ 1 135:140]
 69 [ 4 140:145]
 45 [ 8 162:167]
 49 [ 9 172:177]
 -7 [ 9 207:207]

Vehicle: 801  Cost: 36.71
Route: 8 21 11 43 -8 
  8 [ 6  32: 51]
 21 [ 3  60: 65]
 11 [ 0 300:305]
 43 [ 4 313:318]
 -8 [ 4 326:326]

Vehicle: 901  Cost: 127.55
Route: 9 13 15 46 31 10 -9 
  9 [10 103:118]
 13 [ 7 139:144]
 15 [ 5 300:305]
 46 [ 9 305:310]
 31 [ 7 330:335]
 10 [ 4 420:425]
 -9 [ 4 481:481]

Vehicle: 902  Cost: 119.52
Route: 9 17 25 12 70 41 62 34 -9 
  9 [ 8 103:118]
 17 [ 6 142:147]
 25 [ 5 300:305]
 12 [ 4 314:319]
 70 [ 7 355:360]
 41 [ 4 360:365]
 62 [ 5 374:379]
 34 [ 4 392:397]
 -9 [ 4 409:409]

Total Cost: 1338.97
 11:82.37, 23:75 [1, 7, -7, -1]
 12:73.59, 30:75 [1, 5, -5, -1]
 13:158.19, 40:75 [1, 8, 3, 9, -9, 2, -2, -8, -1]
201:15.08, 7:10 [2, 51, 23, 54, 29, 58, -2]
301:76.17, 10:10 [3, 35, 24, 38, 42, 37, -3]
501:21.15, 10:10 [5, 56, 50, 18, 65, -5]
502:81.19, 10:10 [5, 32, 28, 55, 27, 33, -5]
505:78.84, 9:10 [5, 52, 20, 44, 14, 57, -5]
506:161.88, 10:10 [5, 22, 60, 30, 63, 36, 64, 53, -5]
701:88.34, 7:10 [7, 68, 66, 16, 47, -7]
702:97.98, 9:10 [7, 59, 67, 39, 48, 19, 71, -7]
703:120.40, 9:10 [7, 61, 26, 40, 69, 45, 49, -7]
801:36.71, 6:10 [8, 21, 11, 43, -8]
901:127.55, 10:10 [9, 13, 15, 46, 31, 10, -9]
902:119.52, 8:10 [9, 17, 25, 12, 70, 41, 62, 34, -9]
fe: 3, se: 12

!ALNS------------
100000,1338.9716164548156,248.296,96.471,3,12,0.41333333333333333,0.875,20.666666666666668,5.166666666666667
6 5 3 4 0 1 4 0 
11.143769882145605 22.21425629326689 10.488914215093171 13.583831231943185 11.459225091269264 24.22244757816526 18.50629964651552 37.11684113275561 
2 5 4 2 2 4 2 2 
15.941021231220388 17.11460838288176 15.759516523189395 14.464521040545188 16.456319918757572 16.923070272692527 16.330257886648642 16.849564244984126 

x[1273] = 1.0
Vehicle: 12  Cost: 73.59
Route: 1 5 -5 -1 
 1 [ 29   0:  0 [20, 27, 33, 36, 30, 14, 32, 28, 18, 22]]
 5 [  0  37: 37 []]
-5 [ 34  37:382 [60, 44, 46, 55, 57, 53, 65, 63, 64, 56, 52, 50]]
-1 [ 34 419:419 [60, 44, 46, 55, 57, 53, 65, 63, 64, 56, 52, 50]]

x[2798] = 1.0
Vehicle: 13  Cost: 158.19
Route: 1 8 3 9 -9 2 -2 -8 -1 
 1 [ 40   0:  0 [24, 12, 25, 23, 21, 29, 15, 37, 11, 13, 35, 10, 42, 38, 31, 17, 34, 41]]
 8 [ 34  32: 47 [24, 12, 25, 23, 29, 15, 37, 13, 35, 10, 42, 38, 31, 17, 34, 41]]
 3 [ 24  74: 89 [12, 25, 23, 29, 15, 13, 10, 31, 17, 34, 41]]
 9 [  6 103:103 [23, 29]]
-9 [ 14 103:496 [46, 23, 29, 70, 62]]
 2 [  8 520:520 [46, 70, 62]]
-2 [ 15 520:593 [46, 58, 54, 51, 70, 62]]
-8 [ 19 622:637 [43, 46, 58, 54, 51, 70, 62]]
-1 [ 19 669:669 [46, 58, 54, 43, 51, 70, 62]]

x[3303] = 1.0
Vehicle: 11  Cost: 82.37
Route: 1 7 -7 -1 
 1 [ 15   0:  0 [16, 26, 40, 39, 19]]
 7 [  0  41: 41 []]
-7 [ 28  41:377 [47, 71, 61, 45, 66, 53, 69, 67, 48, 52, 59, 49, 68]]
-1 [ 28 418:418 [47, 71, 61, 45, 66, 53, 69, 67, 48, 52, 59, 49, 68]]

y[333] = 1.0
Vehicle: 901  Cost: 127.55
Route: 9 13 15 46 31 10 -9 
  9 [10 239:254]
 13 [ 7 275:280]
 15 [ 5 302:307]
 46 [ 9 307:312]
 31 [ 7 332:337]
 10 [ 4 420:425]
 -9 [ 4 481:481]

y[1555] = 1.0
Vehicle: 902  Cost: 119.52
Route: 9 17 25 12 41 70 62 34 -9 
  9 [ 8 239:254]
 17 [ 6 278:283]
 25 [ 5 300:305]
 12 [ 4 314:319]
 41 [ 1 355:360]
 70 [ 4 360:365]
 62 [ 5 374:379]
 34 [ 4 392:397]
 -9 [ 4 409:409]

y[2041] = 1.0
Vehicle: 701  Cost: 88.34
Route: 7 68 66 16 47 -7 
  7 [ 2 140:155]
 68 [ 3 185:190]
 66 [ 7 300:305]
 16 [ 5 319:324]
 47 [ 6 324:329]
 -7 [ 6 362:362]

y[2247] = 1.0
Vehicle: 505  Cost: 78.84
Route: 5 20 52 44 14 57 -5 
  5 [ 7  37: 52]
 20 [ 4  73: 78]
 52 [ 6  78: 83]
 44 [ 9  89: 94]
 14 [ 5 108:113]
 57 [ 9 124:129]
 -5 [ 9 156:156]

y[2306] = 1.0
Vehicle: 703  Cost: 120.40
Route: 7 61 26 69 40 45 49 -7 
  7 [ 8  41: 56]
 61 [ 9  77: 82]
 26 [ 5 118:123]
 69 [ 8 135:140]
 40 [ 4 140:145]
 45 [ 8 162:167]
 49 [ 9 172:177]
 -7 [ 9 207:207]

y[2392] = 1.0
Vehicle: 502  Cost: 81.19
Route: 5 32 28 27 55 33 -5 
  5 [10  84:176]
 32 [ 8 180:185]
 28 [ 6 212:217]
 27 [ 4 300:305]
 55 [ 5 305:310]
 33 [ 1 331:336]
 -5 [ 1 341:341]

y[3420] = 1.0
Vehicle: 301  Cost: 76.17
Route: 3 35 24 38 42 37 -3 
  3 [10 306:321]
 35 [ 9 332:337]
 24 [ 7 344:349]
 38 [ 5 367:372]
 42 [ 2 420:425]
 37 [ 0 454:459]
 -3 [ 0 468:468]

y[3649] = 1.0
Vehicle: 502  Cost: 161.88
Route: 5 22 60 30 63 36 64 53 -5 
  5 [ 8  37: 52]
 22 [ 5  95:100]
 60 [ 7 117:122]
 30 [ 3 122:127]
 63 [ 7 141:146]
 36 [ 6 146:151]
 64 [ 7 180:185]
 53 [10 200:205]
 -5 [10 268:268]

y[4342] = 1.0
Vehicle: 201  Cost: 15.08
Route: 2 51 54 23 58 29 -2 
  2 [ 6 520:535]
 51 [ 7 540:545]
 54 [10 548:553]
 23 [ 7 553:558]
 58 [10 561:566]
 29 [ 7 566:571]
 -2 [ 7 575:575]

y[4347] = 1.0
Vehicle: 503  Cost: 21.15
Route: 5 56 18 50 65 -5 
  5 [ 4  37: 52]
 56 [ 7  60: 65]
 18 [ 3  68: 73]
 50 [ 6  73: 78]
 65 [10  82: 87]
 -5 [10  93: 93]

y[4813] = 1.0
Vehicle: 803  Cost: 36.71
Route: 8 21 11 43 -8 
  8 [ 6 128:143]
 21 [ 3 152:157]
 11 [ 0 300:305]
 43 [ 4 313:318]
 -8 [ 4 326:326]

y[5319] = 1.0
Vehicle: 702  Cost: 97.98
Route: 7 59 67 39 48 19 71 -7 
  7 [ 5 171:186]
 59 [ 7 201:206]
 67 [ 9 214:219]
 39 [ 5 219:224]
 48 [ 7 251:256]
 19 [ 6 300:305]
 71 [ 8 316:321]
 -7 [ 8 348:348]

FE: 3
SE: 12
!MIP-----
1338.9716164548154,116.97251200675964,0.0,3,12,3412,5691

