--Parameters Information--
speed=1
run=5
iteration= 100000
batch=100
restartPeriod=10000
largeRemovalOccurrence=500
initialLNS=250
lowerBoundSmallRemoval=4
smallRemoval=0.2
lowerBoundLargeRemoval=0.55
largeRemoval=0.8
initialWeight=1.0
decayRate=0.1
gamma1=9.0
gamma2=5.0
gamma3=2.0
gamma4=0.0
coolingRate=0.9995
temperatureControlParameter=0.05
initialAcceptanceProbability=0.5
perturbation=0.5
perturbationFactor=0.01
split=20000

Setup: Split
Data: C_50_1_TD

Run: 1
Total Cost: 1330.01
Vehicle: 15  Cost: 135.32
Route: 1 4 3 -3 -4 -1 
 1 [ 32   0:  0 [37, 44, 36, 20, 33, 41, 35, 15, 26, 19, 23, 14]]
 4 [ 24  39: 54 [37, 44, 20, 33, 41, 35, 15, 26, 19, 14]]
 3 [  0  83: 83 []]
-3 [ 11  83:386 [64, 62, 49, 70, 51]]
-4 [ 14 414:429 [64, 63, 62, 49, 70, 51]]
-1 [ 14 468:468 [64, 63, 62, 49, 70, 51]]

Vehicle: 16  Cost: 59.67
Route: 1 8 -8 -1 
 1 [ 29   0:  0 [16, 31, 47, 25, 42, 17, 12, 30, 27, 22, 43, 21]]
 8 [  0  30: 30 []]
-8 [ 22  30:386 [68, 59, 52, 55, 71, 67, 50, 60]]
-1 [ 22 416:416 [68, 59, 52, 55, 71, 67, 50, 60]]

Vehicle: 17  Cost: 135.47
Route: 1 7 9 -9 -7 -1 
 1 [ 33   0:  0 [28, 11, 10, 13, 32, 38, 45, 46, 39, 40, 29, 18, 24, 34]]
 7 [ 27  23: 38 [28, 11, 10, 13, 32, 38, 46, 39, 40, 29, 18, 24]]
 9 [  0  83: 83 []]
-9 [ 17  83:482 [58, 65, 69, 53, 54, 48, 56]]
-7 [ 23 527:542 [57, 58, 65, 69, 53, 54, 48, 56, 61, 66]]
-1 [ 23 565:565 [58, 65, 69, 57, 53, 54, 48, 56, 61, 66]]

Vehicle: 301  Cost: 14.14
Route: 3 51 20 -3 
  3 [ 4  83: 98]
 51 [ 8 105:110]
 20 [ 4 110:115]
 -3 [ 4 122:122]

Vehicle: 302  Cost: 104.96
Route: 3 41 15 49 37 64 19 26 44 -3 
  3 [10  83: 98]
 41 [ 9 106:111]
 15 [ 8 124:129]
 49 [10 129:134]
 37 [ 7 159:164]
 64 [ 9 164:169]
 19 [ 7 300:305]
 26 [ 6 322:327]
 44 [ 4 339:344]
 -3 [ 4 371:371]

Vehicle: 303  Cost: 108.80
Route: 3 33 70 14 35 62 -3 
  3 [10  83: 98]
 33 [ 7 127:132]
 70 [ 9 180:185]
 14 [ 5 208:213]
 35 [ 2 300:305]
 62 [ 3 305:310]
 -3 [ 3 338:338]

Vehicle: 401  Cost: 19.91
Route: 4 23 36 63 -4 
  4 [ 8  39: 54]
 23 [ 4  60: 65]
 36 [ 0 300:305]
 63 [ 3 305:310]
 -4 [ 3 318:318]

Vehicle: 701  Cost: 69.83
Route: 7 45 34 66 61 57 -7 
  7 [ 6  23:290]
 45 [ 2 300:305]
 34 [ 0 321:326]
 66 [ 4 420:425]
 61 [ 5 440:445]
 57 [ 6 463:468]
 -7 [ 6 471:471]

Vehicle: 801  Cost: 87.54
Route: 8 30 55 27 67 25 -8 
  8 [ 8  30: 45]
 30 [ 7  70: 75]
 55 [ 8  75: 80]
 27 [ 5 300:305]
 67 [ 9 309:314]
 25 [ 5 336:341]
 -8 [ 5 369:369]

Vehicle: 802  Cost: 96.21
Route: 8 22 52 12 31 71 59 16 -8 
  8 [10  30:167]
 22 [ 6 180:185]
 52 [ 9 185:190]
 12 [ 8 202:207]
 31 [ 4 212:217]
 71 [ 8 225:230]
 59 [10 242:247]
 16 [ 9 300:305]
 -8 [ 9 330:330]

Vehicle: 803  Cost: 28.43
Route: 8 42 -8 
  8 [ 4  30:286]
 42 [ 0 300:305]
 -8 [ 0 319:319]

Vehicle: 804  Cost: 184.83
Route: 8 43 21 17 60 68 50 47 -8 
  8 [ 7  30: 45]
 43 [ 6  71: 76]
 21 [ 3  94: 99]
 17 [ 1 130:135]
 60 [ 2 145:150]
 68 [ 6 160:165]
 50 [ 9 185:190]
 47 [ 8 300:305]
 -8 [ 8 371:371]

Vehicle: 901  Cost: 102.96
Route: 9 11 48 46 28 53 10 -9 
  9 [ 9  83:270]
 11 [ 7 300:305]
 48 [10 305:310]
 46 [ 7 323:328]
 28 [ 6 342:347]
 53 [10 357:362]
 10 [ 7 369:374]
 -9 [ 7 403:403]

Vehicle: 903  Cost: 121.78
Route: 9 18 39 13 29 54 56 -9 
  9 [ 8  83: 98]
 18 [ 5 140:145]
 39 [ 3 300:305]
 13 [ 1 309:314]
 29 [ 0 322:327]
 54 [ 1 327:332]
 56 [ 2 420:425]
 -9 [ 2 437:437]

Vehicle: 904  Cost: 60.17
Route: 9 40 69 38 65 24 32 58 -9 
  9 [10  83: 98]
 40 [ 6 114:119]
 69 [ 9 119:124]
 38 [ 7 300:305]
 65 [ 8 305:310]
 24 [ 7 420:425]
 32 [ 4 447:452]
 58 [ 8 452:457]
 -9 [ 8 467:467]

Total Cost: 1330.01
 15:135.32, 32:75 [1, 4, 3, -3, -4, -1]
 16:59.67, 29:75 [1, 8, -8, -1]
 17:135.47, 33:75 [1, 7, 9, -9, -7, -1]
301:14.14, 8:10 [3, 51, 20, -3]
302:104.96, 10:10 [3, 41, 15, 49, 37, 64, 19, 26, 44, -3]
303:108.80, 10:10 [3, 33, 70, 14, 35, 62, -3]
401:19.91, 8:10 [4, 23, 36, 63, -4]
701:69.83, 6:10 [7, 45, 34, 66, 61, 57, -7]
801:87.54, 9:10 [8, 30, 55, 27, 67, 25, -8]
802:96.21, 10:10 [8, 22, 52, 12, 31, 71, 59, 16, -8]
803:28.43, 4:10 [8, 42, -8]
804:184.83, 9:10 [8, 43, 21, 17, 60, 68, 50, 47, -8]
901:102.96, 10:10 [9, 11, 48, 46, 28, 53, 10, -9]
903:121.78, 8:10 [9, 18, 39, 13, 29, 54, 56, -9]
904:60.17, 10:10 [9, 40, 69, 38, 65, 24, 32, 58, -9]
fe: 3, se: 12

!ALNS------------
100000,1330.0143762356304,222.206,33.78,3,12,0.4177777777777778,0.85,20.666666666666668,5.166666666666667
1 2 1 0 0 0 3 0 
9.180607957640692 15.508309194955562 8.835297721450182 10.563809596252478 NaN 13.123162884546312 12.420745623623008 17.769345728408556 
0 1 1 1 0 1 3 0 
11.35369589497992 13.067666758606261 12.337512730365674 11.38658795275147 10.263734179186898 11.765496370910265 12.834285047848873 11.807640390595168 

x[298] = 0.9999999999999999
Vehicle: 15  Cost: 135.32
Route: 1 4 3 -3 -4 -1 
 1 [ 37   0:  0 [29, 13, 33, 39, 44, 35, 37, 20, 23, 36, 14, 15, 41, 19, 26]]
 4 [ 29  39: 54 [29, 13, 33, 39, 44, 35, 37, 20, 14, 15, 41, 19, 26]]
 3 [  0  83: 83 []]
-3 [ 12  83:382 [49, 51, 64, 70, 62, 54]]
-4 [ 15 410:425 [63, 49, 51, 64, 70, 62, 54]]
-1 [ 15 464:464 [49, 51, 64, 70, 62, 63, 54]]

x[785] = 0.9999999999999996
Vehicle: 16  Cost: 59.67
Route: 1 8 -8 -1 
 1 [ 27   0:  0 [31, 47, 43, 27, 16, 21, 30, 42, 25, 12, 22]]
 8 [  0  30: 30 []]
-8 [ 22  30:388 [59, 67, 60, 50, 68, 71, 55, 52]]
-1 [ 22 417:417 [59, 67, 60, 50, 68, 71, 55, 52]]

x[1048] = 1.0
Vehicle: 11  Cost: 45.65
Route: 1 7 -7 -1 
 1 [ 30   0:  0 [32, 11, 46, 10, 45, 17, 40, 28, 18, 38, 34, 24]]
 7 [  0  23: 23 []]
-7 [ 22  23:522 [48, 53, 65, 56, 69, 57, 61, 66, 58]]
-1 [ 22 545:545 [48, 53, 65, 56, 69, 57, 61, 66, 58]]

y[16] = 1.0
Vehicle: 804  Cost: 171.54
Route: 8 43 21 60 68 50 47 -8 
  8 [ 5  69: 84]
 43 [ 4 111:116]
 21 [ 1 134:139]
 60 [ 2 166:171]
 68 [ 6 181:186]
 50 [ 9 207:212]
 47 [ 8 300:305]
 -8 [ 8 371:371]

y[343] = 1.0
Vehicle: 401  Cost: 19.91
Route: 4 23 63 36 -4 
  4 [ 8 208:223]
 23 [ 4 229:234]
 63 [ 7 300:305]
 36 [ 3 305:310]
 -4 [ 3 318:318]

y[558] = 1.0
Vehicle: 301  Cost: 79.43
Route: 3 41 33 70 39 13 29 54 -3 
  3 [ 9  91:106]
 41 [ 8 114:119]
 33 [ 5 142:147]
 70 [ 7 180:185]
 39 [ 5 300:305]
 13 [ 3 309:314]
 29 [ 2 322:327]
 54 [ 3 327:332]
 -3 [ 3 349:349]

y[584] = 1.0
Vehicle: 301  Cost: 14.14
Route: 3 51 20 -3 
  3 [ 4  92:107]
 51 [ 8 114:119]
 20 [ 4 119:124]
 -3 [ 4 132:132]

y[1811] = 1.0
Vehicle: 701  Cost: 121.83
Route: 7 17 65 38 45 34 66 61 57 -7 
  7 [10  23: 38]
 17 [ 8  65: 70]
 65 [ 9 300:305]
 38 [ 7 305:310]
 45 [ 3 337:342]
 34 [ 1 358:363]
 66 [ 5 420:425]
 61 [ 6 440:445]
 57 [ 7 463:468]
 -7 [ 7 471:471]

y[2119] = 1.0
Vehicle: 702  Cost: 187.15
Route: 7 40 69 18 32 58 56 -7 
  7 [10  23: 38]
 40 [ 6  73: 78]
 69 [ 9  78: 83]
 18 [ 6 134:139]
 32 [ 3 420:425]
 58 [ 7 425:430]
 56 [ 8 451:456]
 -7 [ 8 502:502]

y[2414] = 0.9999999999999998
Vehicle: 302  Cost: 111.71
Route: 3 14 37 64 19 26 -3 
  3 [10  92:107]
 14 [ 6 144:149]
 37 [ 3 168:173]
 64 [ 5 173:178]
 19 [ 3 300:305]
 26 [ 2 322:327]
 -3 [ 2 363:363]

y[3001] = 1.0
Vehicle: 702  Cost: 108.11
Route: 7 46 28 53 10 24 11 48 -7 
  7 [10  23:273]
 46 [ 7 300:305]
 28 [ 6 319:324]
 53 [10 333:338]
 10 [ 7 345:350]
 24 [ 6 420:425]
 11 [ 4 436:441]
 48 [ 7 441:446]
 -7 [ 7 476:476]

y[3212] = 0.9999999999999996
Vehicle: 801  Cost: 87.54
Route: 8 30 55 27 67 25 -8 
  8 [ 8 241:256]
 30 [ 7 282:287]
 55 [ 8 287:292]
 27 [ 5 300:305]
 67 [ 9 309:314]
 25 [ 5 336:341]
 -8 [ 5 369:369]

y[3498] = 0.9999999999999991
Vehicle: 301  Cost: 61.61
Route: 3 49 15 35 62 44 -3 
  3 [ 6  92:107]
 49 [ 8 125:130]
 15 [ 7 130:135]
 35 [ 4 300:305]
 62 [ 5 305:310]
 44 [ 3 316:321]
 -3 [ 3 348:348]

y[3547] = 0.9999999999999996
Vehicle: 803  Cost: 96.21
Route: 8 22 52 12 31 71 59 16 -8 
  8 [10 210:225]
 22 [ 6 238:243]
 52 [ 9 243:248]
 12 [ 8 260:265]
 31 [ 4 271:276]
 71 [ 8 283:288]
 59 [10 300:305]
 16 [ 9 327:332]
 -8 [ 9 357:357]

y[3857] = 1.0
Vehicle: 802  Cost: 28.43
Route: 8 42 -8 
  8 [ 4 488:503]
 42 [ 0 517:522]
 -8 [ 0 536:536]

FE: 3
SE: 12
!MIP-----
1328.2498255859014,181.6860649585724,0.0,3,12,2627,4202

Run: 2
Total Cost: 1320.36
Vehicle: 13  Cost: 143.69
Route: 1 8 3 -3 -8 -1 
 1 [ 37   0:  0 [37, 35, 27, 41, 26, 19, 33, 14, 20, 44, 30, 25, 15, 16, 42]]
 8 [ 24  30: 45 [37, 35, 41, 26, 19, 33, 14, 20, 44, 15]]
 3 [  0  87: 87 []]
-3 [ 11  87:386 [49, 62, 70, 64, 51]]
-8 [ 16 428:443 [55, 49, 62, 70, 67, 64, 51]]
-1 [ 16 473:473 [55, 49, 62, 70, 67, 64, 51]]

Vehicle: 15  Cost: 91.45
Route: 1 4 -4 -7 -1 
 1 [ 17   0:  0 [31, 22, 36, 12, 23]]
 4 [  0  39: 39 []]
-4 [ 12  39:333 [52, 63, 71, 59]]
-7 [ 21 363:378 [60, 52, 68, 63, 71, 59, 50, 57]]
-1 [ 21 400:400 [60, 52, 68, 63, 71, 59, 50, 57]]

Vehicle: 17  Cost: 135.47
Route: 1 7 9 -9 -7 -1 
 1 [ 40   0:  0 [40, 29, 13, 11, 47, 10, 28, 34, 38, 39, 24, 43, 18, 46, 32, 21, 45, 17]]
 7 [ 27  23: 38 [40, 29, 13, 11, 10, 28, 38, 39, 24, 18, 46, 32]]
 9 [  0  83: 83 []]
-9 [ 17  83:482 [53, 69, 48, 65, 56, 58, 54]]
-7 [ 22 527:542 [66, 53, 69, 48, 65, 56, 58, 54, 61]]
-1 [ 22 565:565 [53, 69, 48, 65, 56, 58, 66, 54, 61]]

Vehicle: 301  Cost: 14.14
Route: 3 20 51 -3 
  3 [ 4  87:102]
 20 [ 0 109:114]
 51 [ 4 114:119]
 -3 [ 4 126:126]

Vehicle: 302  Cost: 104.96
Route: 3 41 15 49 37 64 19 26 44 -3 
  3 [10  87:102]
 41 [ 9 110:115]
 15 [ 8 128:133]
 49 [10 133:138]
 37 [ 7 163:168]
 64 [ 9 168:173]
 19 [ 7 300:305]
 26 [ 6 322:327]
 44 [ 4 339:344]
 -3 [ 4 371:371]

Vehicle: 303  Cost: 108.80
Route: 3 33 70 14 62 35 -3 
  3 [10  87:102]
 33 [ 7 131:136]
 70 [ 9 180:185]
 14 [ 5 208:213]
 62 [ 6 300:305]
 35 [ 3 305:310]
 -3 [ 3 338:338]

Vehicle: 401  Cost: 19.91
Route: 4 23 63 36 -4 
  4 [ 8  39: 54]
 23 [ 4  60: 65]
 63 [ 7 300:305]
 36 [ 3 305:310]
 -4 [ 3 318:318]

Vehicle: 402  Cost: 85.31
Route: 4 22 52 12 31 59 71 -4 
  4 [ 9  39:170]
 22 [ 5 180:185]
 52 [ 8 185:190]
 12 [ 7 202:207]
 31 [ 3 212:217]
 59 [ 5 234:239]
 71 [ 9 251:256]
 -4 [ 9 285:285]

Vehicle: 701  Cost: 109.77
Route: 7 17 60 68 50 47 57 -7 
  7 [ 3  23: 38]
 17 [ 1  65: 70]
 60 [ 2  80: 85]
 68 [ 6  95:100]
 50 [ 9 120:125]
 47 [ 8 300:305]
 57 [ 9 342:347]
 -7 [ 9 349:349]

Vehicle: 702  Cost: 103.30
Route: 7 43 21 45 34 66 61 -7 
  7 [10  23: 38]
 43 [ 9  55: 60]
 21 [ 6  78: 83]
 45 [ 2 300:305]
 34 [ 0 321:326]
 66 [ 4 420:425]
 61 [ 5 440:445]
 -7 [ 5 462:462]

Vehicle: 801  Cost: 90.21
Route: 8 30 55 27 67 25 16 -8 
  8 [ 9  30: 45]
 30 [ 8  70: 75]
 55 [ 9  75: 80]
 27 [ 6 300:305]
 67 [10 309:314]
 25 [ 6 336:341]
 16 [ 5 347:352]
 -8 [ 5 377:377]

Vehicle: 802  Cost: 28.43
Route: 8 42 -8 
  8 [ 4  30:286]
 42 [ 0 300:305]
 -8 [ 0 319:319]

Vehicle: 901  Cost: 60.17
Route: 9 40 69 65 38 24 32 58 -9 
  9 [10  83: 98]
 40 [ 6 114:119]
 69 [ 9 119:124]
 65 [10 300:305]
 38 [ 8 305:310]
 24 [ 7 420:425]
 32 [ 4 447:452]
 58 [ 8 452:457]
 -9 [ 8 467:467]

Vehicle: 902  Cost: 102.96
Route: 9 11 48 46 28 53 10 -9 
  9 [ 9  83:270]
 11 [ 7 300:305]
 48 [10 305:310]
 46 [ 7 323:328]
 28 [ 6 342:347]
 53 [10 357:362]
 10 [ 7 369:374]
 -9 [ 7 403:403]

Vehicle: 904  Cost: 121.78
Route: 9 18 39 13 54 29 56 -9 
  9 [ 8  83: 98]
 18 [ 5 140:145]
 39 [ 3 300:305]
 13 [ 1 309:314]
 54 [ 2 322:327]
 29 [ 1 327:332]
 56 [ 2 420:425]
 -9 [ 2 437:437]

Total Cost: 1320.36
 13:143.69, 37:75 [1, 8, 3, -3, -8, -1]
 15:91.45, 21:75 [1, 4, -4, -7, -1]
 17:135.47, 40:75 [1, 7, 9, -9, -7, -1]
301:14.14, 4:10 [3, 20, 51, -3]
302:104.96, 10:10 [3, 41, 15, 49, 37, 64, 19, 26, 44, -3]
303:108.80, 10:10 [3, 33, 70, 14, 62, 35, -3]
401:19.91, 8:10 [4, 23, 63, 36, -4]
402:85.31, 9:10 [4, 22, 52, 12, 31, 59, 71, -4]
701:109.77, 9:10 [7, 17, 60, 68, 50, 47, 57, -7]
702:103.30, 10:10 [7, 43, 21, 45, 34, 66, 61, -7]
801:90.21, 10:10 [8, 30, 55, 27, 67, 25, 16, -8]
802:28.43, 4:10 [8, 42, -8]
901:60.17, 10:10 [9, 40, 69, 65, 38, 24, 32, 58, -9]
902:102.96, 10:10 [9, 11, 48, 46, 28, 53, 10, -9]
904:121.78, 8:10 [9, 18, 39, 13, 54, 29, 56, -9]
fe: 3, se: 12

!ALNS------------
100000,1320.355794565596,261.605,150.168,3,12,0.43555555555555553,0.85,20.666666666666668,5.166666666666667
1 1 5 3 0 3 1 0 
8.894829559156031 16.529508112410834 9.154951558716023 12.810607330415255 22.47573002436703 17.805647350997578 14.994314575749687 20.662047780095424 
2 2 0 5 3 0 1 1 
13.075335675740273 14.027473751771451 13.731317567526451 12.613749644718755 14.6626853995914 13.734333864434959 14.719003121344937 12.429001564236827 

x[218] = 1.0
Vehicle: 17  Cost: 134.79
Route: 1 7 9 -9 -1 
 1 [ 40   0:  0 [39, 21, 47, 28, 46, 38, 34, 13, 32, 40, 29, 43, 17, 24, 10, 18, 45, 11]]
 7 [ 31  23: 38 [39, 28, 46, 38, 34, 13, 32, 40, 29, 17, 24, 10, 18, 11]]
 9 [  0  83: 83 []]
-9 [ 22  83:506 [69, 54, 48, 65, 58, 66, 61, 53, 56]]
-1 [ 22 573:573 [69, 54, 48, 65, 58, 66, 61, 53, 56]]

x[1419] = 1.0
Vehicle: 15  Cost: 91.45
Route: 1 4 -4 -7 -1 
 1 [ 17   0:  0 [31, 36, 22, 12, 23]]
 4 [  0  39: 39 []]
-4 [ 13  39:345 [55, 71, 63, 59, 52]]
-7 [ 23 374:389 [60, 55, 57, 71, 63, 59, 68, 50, 61, 52]]
-1 [ 23 412:412 [60, 55, 57, 71, 63, 59, 68, 50, 61, 52]]

x[2249] = 1.0
Vehicle: 13  Cost: 143.69
Route: 1 8 3 -3 -8 -1 
 1 [ 37   0:  0 [33, 26, 25, 27, 16, 37, 35, 41, 15, 42, 30, 20, 19, 14, 44]]
 8 [ 24  30: 45 [33, 26, 37, 35, 41, 15, 20, 19, 14, 44]]
 3 [  0  87: 87 []]
-3 [ 11  87:392 [51, 49, 62, 64, 70]]
-8 [ 16 434:449 [55, 67, 51, 49, 62, 64, 70]]
-1 [ 16 479:479 [55, 67, 51, 49, 62, 64, 70]]

y[289] = 1.0
Vehicle: 303  Cost: 108.80
Route: 3 33 70 14 35 62 -3 
  3 [10  87:102]
 33 [ 7 131:136]
 70 [ 9 180:185]
 14 [ 5 208:213]
 35 [ 2 300:305]
 62 [ 3 305:310]
 -3 [ 3 338:338]

y[477] = 1.0
Vehicle: 302  Cost: 104.96
Route: 3 41 15 49 37 64 19 26 44 -3 
  3 [10  92:107]
 41 [ 9 115:120]
 15 [ 8 134:139]
 49 [10 139:144]
 37 [ 7 169:174]
 64 [ 9 174:179]
 19 [ 7 300:305]
 26 [ 6 322:327]
 44 [ 4 339:344]
 -3 [ 4 371:371]

y[592] = 1.0
Vehicle: 305  Cost: 14.14
Route: 3 20 51 -3 
  3 [ 4  92:107]
 20 [ 0 114:119]
 51 [ 4 119:124]
 -3 [ 4 132:132]

y[926] = 1.0
Vehicle: 903  Cost: 85.74
Route: 9 18 58 32 -9 
  9 [ 6 151:166]
 18 [ 3 208:213]
 58 [ 7 420:425]
 32 [ 4 425:430]
 -9 [ 4 440:440]

y[1734] = 1.0
Vehicle: 801  Cost: 90.21
Route: 8 30 55 27 67 25 16 -8 
  8 [ 9  69: 84]
 30 [ 8 110:115]
 55 [ 9 115:120]
 27 [ 6 300:305]
 67 [10 309:314]
 25 [ 6 336:341]
 16 [ 5 347:352]
 -8 [ 5 377:377]

y[1925] = 1.0
Vehicle: 901  Cost: 51.62
Route: 9 13 39 54 29 56 -9 
  9 [ 5  67:283]
 13 [ 3 300:305]
 39 [ 1 309:314]
 54 [ 2 323:328]
 29 [ 1 328:333]
 56 [ 2 420:425]
 -9 [ 2 437:437]

y[2354] = 1.0
Vehicle: 801  Cost: 28.43
Route: 8 42 -8 
  8 [ 4 534:549]
 42 [ 0 564:569]
 -8 [ 0 583:583]

y[2625] = 1.0
Vehicle: 401  Cost: 19.91
Route: 4 23 63 36 -4 
  4 [ 8 233:248]
 23 [ 4 254:259]
 63 [ 7 300:305]
 36 [ 3 305:310]
 -4 [ 3 318:318]

y[2668] = 1.0
Vehicle: 901  Cost: 77.75
Route: 9 40 69 38 65 24 10 53 -9 
  9 [10  97:112]
 40 [ 6 128:133]
 69 [ 9 133:138]
 38 [ 7 300:305]
 65 [ 8 305:310]
 24 [ 7 420:425]
 10 [ 4 434:439]
 53 [ 8 447:452]
 -9 [ 8 485:485]

y[2798] = 1.0
Vehicle: 701  Cost: 56.87
Route: 7 43 21 45 -7 
  7 [ 8  23: 38]
 43 [ 7  55: 60]
 21 [ 4  78: 83]
 45 [ 0 300:305]
 -7 [ 0 315:315]

y[3443] = 1.0
Vehicle: 903  Cost: 133.08
Route: 9 17 11 48 28 46 61 34 66 -9 
  9 [10  97:112]
 17 [ 8 133:138]
 11 [ 6 300:305]
 48 [ 9 305:310]
 28 [ 8 320:325]
 46 [ 5 339:344]
 61 [ 6 382:387]
 34 [ 4 394:399]
 66 [ 8 420:425]
 -9 [ 8 448:448]

y[4064] = 1.0
Vehicle: 703  Cost: 93.27
Route: 7 60 68 50 47 57 -7 
  7 [ 1  23: 39]
 60 [ 2  60: 65]
 68 [ 6  75: 80]
 50 [ 9 100:105]
 47 [ 8 300:305]
 57 [ 9 342:347]
 -7 [ 9 349:349]

y[4112] = 1.0
Vehicle: 402  Cost: 85.31
Route: 4 22 52 12 31 59 71 -4 
  4 [ 9  98:170]
 22 [ 5 180:185]
 52 [ 8 185:190]
 12 [ 7 202:207]
 31 [ 3 212:217]
 59 [ 5 234:239]
 71 [ 9 251:256]
 -4 [ 9 285:285]

FE: 3
SE: 13
!MIP-----
1319.9989156675801,290.77609515190125,9.640392814051216E-5,3,13,3145,4489

Run: 3
Total Cost: 1330.01
Vehicle: 11  Cost: 135.32
Route: 1 4 3 -3 -4 -1 
 1 [ 32   0:  0 [19, 26, 33, 23, 14, 36, 37, 44, 35, 41, 15, 20]]
 4 [ 24  39: 54 [19, 26, 33, 14, 37, 44, 35, 41, 15, 20]]
 3 [  0  83: 83 []]
-3 [ 11  83:386 [64, 70, 62, 51, 49]]
-4 [ 14 414:429 [63, 64, 70, 62, 51, 49]]
-1 [ 14 468:468 [64, 63, 70, 62, 51, 49]]

Vehicle: 14  Cost: 59.67
Route: 1 8 -8 -1 
 1 [ 29   0:  0 [22, 12, 47, 16, 25, 43, 21, 17, 27, 30, 42, 31]]
 8 [  0  30: 30 []]
-8 [ 22  30:386 [67, 52, 68, 60, 55, 59, 50, 71]]
-1 [ 22 416:416 [67, 52, 68, 60, 55, 59, 50, 71]]

Vehicle: 15  Cost: 135.47
Route: 1 7 9 -9 -7 -1 
 1 [ 33   0:  0 [46, 28, 13, 45, 24, 38, 40, 18, 29, 32, 34, 39, 10, 11]]
 7 [ 27  23: 38 [46, 28, 13, 24, 38, 40, 18, 29, 32, 39, 10, 11]]
 9 [  0  83: 83 []]
-9 [ 17  83:482 [58, 48, 65, 69, 56, 54, 53]]
-7 [ 23 527:542 [58, 48, 65, 69, 66, 56, 57, 54, 53, 61]]
-1 [ 23 565:565 [58, 48, 65, 69, 66, 56, 57, 54, 53, 61]]

Vehicle: 301  Cost: 108.80
Route: 3 33 70 14 62 35 -3 
  3 [10  83: 98]
 33 [ 7 127:132]
 70 [ 9 180:185]
 14 [ 5 208:213]
 62 [ 6 300:305]
 35 [ 3 305:310]
 -3 [ 3 338:338]

Vehicle: 302  Cost: 14.14
Route: 3 20 51 -3 
  3 [ 4  83: 98]
 20 [ 0 105:110]
 51 [ 4 110:115]
 -3 [ 4 122:122]

Vehicle: 303  Cost: 104.96
Route: 3 41 15 49 37 64 19 26 44 -3 
  3 [10  83: 98]
 41 [ 9 106:111]
 15 [ 8 124:129]
 49 [10 129:134]
 37 [ 7 159:164]
 64 [ 9 164:169]
 19 [ 7 300:305]
 26 [ 6 322:327]
 44 [ 4 339:344]
 -3 [ 4 371:371]

Vehicle: 401  Cost: 19.91
Route: 4 23 36 63 -4 
  4 [ 8  39: 54]
 23 [ 4  60: 65]
 36 [ 0 300:305]
 63 [ 3 305:310]
 -4 [ 3 318:318]

Vehicle: 701  Cost: 69.83
Route: 7 45 34 66 61 57 -7 
  7 [ 6  23:290]
 45 [ 2 300:305]
 34 [ 0 321:326]
 66 [ 4 420:425]
 61 [ 5 440:445]
 57 [ 6 463:468]
 -7 [ 6 471:471]

Vehicle: 801  Cost: 87.54
Route: 8 30 55 27 67 25 -8 
  8 [ 8  30: 45]
 30 [ 7  70: 75]
 55 [ 8  75: 80]
 27 [ 5 300:305]
 67 [ 9 309:314]
 25 [ 5 336:341]
 -8 [ 5 369:369]

Vehicle: 802  Cost: 184.83
Route: 8 43 21 17 60 68 50 47 -8 
  8 [ 7  30: 45]
 43 [ 6  71: 76]
 21 [ 3  94: 99]
 17 [ 1 130:135]
 60 [ 2 145:150]
 68 [ 6 160:165]
 50 [ 9 185:190]
 47 [ 8 300:305]
 -8 [ 8 371:371]

Vehicle: 803  Cost: 96.21
Route: 8 22 52 12 31 71 59 16 -8 
  8 [10  30:167]
 22 [ 6 180:185]
 52 [ 9 185:190]
 12 [ 8 202:207]
 31 [ 4 212:217]
 71 [ 8 225:230]
 59 [10 242:247]
 16 [ 9 300:305]
 -8 [ 9 330:330]

Vehicle: 804  Cost: 28.43
Route: 8 42 -8 
  8 [ 4  30:286]
 42 [ 0 300:305]
 -8 [ 0 319:319]

Vehicle: 901  Cost: 60.17
Route: 9 40 69 38 65 24 32 58 -9 
  9 [10  83: 98]
 40 [ 6 114:119]
 69 [ 9 119:124]
 38 [ 7 300:305]
 65 [ 8 305:310]
 24 [ 7 420:425]
 32 [ 4 447:452]
 58 [ 8 452:457]
 -9 [ 8 467:467]

Vehicle: 902  Cost: 121.78
Route: 9 18 39 13 29 54 56 -9 
  9 [ 8  83: 98]
 18 [ 5 140:145]
 39 [ 3 300:305]
 13 [ 1 309:314]
 29 [ 0 322:327]
 54 [ 1 327:332]
 56 [ 2 420:425]
 -9 [ 2 437:437]

Vehicle: 903  Cost: 102.96
Route: 9 11 48 46 28 53 10 -9 
  9 [ 9  83:270]
 11 [ 7 300:305]
 48 [10 305:310]
 46 [ 7 323:328]
 28 [ 6 342:347]
 53 [10 357:362]
 10 [ 7 369:374]
 -9 [ 7 403:403]

Total Cost: 1330.01
 11:135.32, 32:75 [1, 4, 3, -3, -4, -1]
 14:59.67, 29:75 [1, 8, -8, -1]
 15:135.47, 33:75 [1, 7, 9, -9, -7, -1]
301:108.80, 10:10 [3, 33, 70, 14, 62, 35, -3]
302:14.14, 4:10 [3, 20, 51, -3]
303:104.96, 10:10 [3, 41, 15, 49, 37, 64, 19, 26, 44, -3]
401:19.91, 8:10 [4, 23, 36, 63, -4]
701:69.83, 6:10 [7, 45, 34, 66, 61, 57, -7]
801:87.54, 9:10 [8, 30, 55, 27, 67, 25, -8]
802:184.83, 9:10 [8, 43, 21, 17, 60, 68, 50, 47, -8]
803:96.21, 10:10 [8, 22, 52, 12, 31, 71, 59, 16, -8]
804:28.43, 4:10 [8, 42, -8]
901:60.17, 10:10 [9, 40, 69, 38, 65, 24, 32, 58, -9]
902:121.78, 8:10 [9, 18, 39, 13, 29, 54, 56, -9]
903:102.96, 10:10 [9, 11, 48, 46, 28, 53, 10, -9]
fe: 3, se: 12

!ALNS------------
100000,1330.0143762356302,269.42,82.805,3,12,0.4177777777777778,0.8166666666666667,20.666666666666668,5.166666666666667
1 5 5 5 0 1 5 0 
9.160062161053103 17.20770275711115 10.479888851746377 12.12085969866591 30.894630050319297 16.530219448353527 14.319954566383148 26.836155286396263 
3 2 3 3 3 2 5 1 
13.812276626152137 14.104465856254732 13.319576135261661 12.25310340357411 14.645357726640244 13.389332183829959 13.680222318583652 13.89195508351996 

x[89] = 1.0
Vehicle: 11  Cost: 135.32
Route: 1 4 3 -3 -4 -1 
 1 [ 32   0:  0 [37, 35, 26, 41, 33, 23, 36, 20, 15, 44, 19, 14]]
 4 [ 24  39: 54 [37, 35, 26, 41, 33, 20, 15, 44, 19, 14]]
 3 [  0  83: 83 []]
-3 [ 11  83:392 [64, 51, 62, 49, 70]]
-4 [ 14 420:435 [63, 64, 51, 62, 49, 70]]
-1 [ 14 475:475 [64, 63, 51, 62, 49, 70]]

x[2336] = 1.0
Vehicle: 14  Cost: 59.67
Route: 1 8 -8 -1 
 1 [ 29   0:  0 [31, 47, 27, 30, 42, 12, 43, 22, 21, 17, 16, 25]]
 8 [  0  30: 30 []]
-8 [ 23  30:386 [71, 55, 59, 68, 67, 57, 50, 52, 60]]
-1 [ 23 416:416 [71, 55, 59, 68, 67, 57, 50, 52, 60]]

x[2425] = 1.0
Vehicle: 15  Cost: 135.47
Route: 1 7 9 -9 -7 -1 
 1 [ 33   0:  0 [10, 32, 40, 38, 45, 46, 11, 24, 39, 28, 13, 18, 29, 34]]
 7 [ 27  23: 38 [10, 32, 40, 38, 46, 11, 24, 39, 28, 13, 18, 29]]
 9 [  0  83: 83 []]
-9 [ 17  83:515 [53, 65, 69, 58, 48, 56, 54]]
-7 [ 23 560:575 [57, 53, 65, 69, 58, 48, 56, 61, 54, 66]]
-1 [ 23 598:598 [53, 65, 69, 58, 57, 48, 56, 61, 54, 66]]

y[235] = 1.0
Vehicle: 802  Cost: 28.43
Route: 8 42 -8 
  8 [ 4 405:420]
 42 [ 0 434:439]
 -8 [ 0 453:453]

y[564] = 1.0
Vehicle: 301  Cost: 104.96
Route: 3 41 15 49 37 64 19 26 44 -3 
  3 [10  92:107]
 41 [ 9 115:120]
 15 [ 8 134:139]
 49 [10 139:144]
 37 [ 7 169:174]
 64 [ 9 174:179]
 19 [ 7 300:305]
 26 [ 6 322:327]
 44 [ 4 339:344]
 -3 [ 4 371:371]

y[620] = 1.0
Vehicle: 803  Cost: 96.21
Route: 8 22 52 12 31 71 59 16 -8 
  8 [10 176:191]
 22 [ 6 203:208]
 52 [ 9 208:213]
 12 [ 8 225:230]
 31 [ 4 236:241]
 71 [ 8 248:253]
 59 [10 265:270]
 16 [ 9 300:305]
 -8 [ 9 330:330]

y[627] = 1.0
Vehicle: 401  Cost: 19.91
Route: 4 23 36 63 -4 
  4 [ 8 255:270]
 23 [ 4 275:280]
 36 [ 0 300:305]
 63 [ 3 305:310]
 -4 [ 3 318:318]

y[709] = 1.0
Vehicle: 304  Cost: 14.14
Route: 3 20 51 -3 
  3 [ 4  92:107]
 20 [ 0 114:119]
 51 [ 4 119:124]
 -3 [ 4 132:132]

y[902] = 1.0
Vehicle: 902  Cost: 121.78
Route: 9 18 39 13 29 54 56 -9 
  9 [ 8 217:232]
 18 [ 5 274:279]
 39 [ 3 326:331]
 13 [ 1 334:339]
 29 [ 0 348:353]
 54 [ 1 353:358]
 56 [ 2 420:425]
 -9 [ 2 437:437]

y[1274] = 1.0
Vehicle: 901  Cost: 60.17
Route: 9 40 69 65 38 24 32 58 -9 
  9 [10 101:116]
 40 [ 6 133:138]
 69 [ 9 138:143]
 65 [10 300:305]
 38 [ 8 305:310]
 24 [ 7 420:425]
 32 [ 4 447:452]
 58 [ 8 452:457]
 -9 [ 8 467:467]

y[1886] = 1.0
Vehicle: 802  Cost: 184.83
Route: 8 43 21 17 60 68 50 47 -8 
  8 [ 7  30: 45]
 43 [ 6  71: 76]
 21 [ 3  94: 99]
 17 [ 1 130:135]
 60 [ 2 145:150]
 68 [ 6 160:165]
 50 [ 9 185:190]
 47 [ 8 300:305]
 -8 [ 8 371:371]

y[1915] = 1.0
Vehicle: 903  Cost: 102.96
Route: 9 11 48 46 28 53 10 -9 
  9 [ 9 124:270]
 11 [ 7 300:305]
 48 [10 305:310]
 46 [ 7 323:328]
 28 [ 6 342:347]
 53 [10 357:362]
 10 [ 7 369:374]
 -9 [ 7 403:403]

y[2698] = 1.0
Vehicle: 301  Cost: 108.80
Route: 3 33 70 14 35 62 -3 
  3 [10  83: 98]
 33 [ 7 127:132]
 70 [ 9 180:185]
 14 [ 5 208:213]
 35 [ 2 300:305]
 62 [ 3 305:310]
 -3 [ 3 338:338]

y[3972] = 1.0
Vehicle: 701  Cost: 69.83
Route: 7 45 34 66 61 57 -7 
  7 [ 6  23:290]
 45 [ 2 300:305]
 34 [ 0 321:326]
 66 [ 4 420:425]
 61 [ 5 440:445]
 57 [ 6 463:468]
 -7 [ 6 471:471]

y[5174] = 1.0
Vehicle: 803  Cost: 87.54
Route: 8 55 30 27 67 25 -8 
  8 [ 8 210:225]
 55 [ 9 251:256]
 30 [ 8 256:261]
 27 [ 5 300:305]
 67 [ 9 309:314]
 25 [ 5 336:341]
 -8 [ 5 369:369]

FE: 3
SE: 12
!MIP-----
1330.0143762356304,445.411062002182,9.456330646862275E-5,3,12,3281,5461

Run: 4
Total Cost: 1317.29
Vehicle: 11  Cost: 135.32
Route: 1 4 3 -3 -4 -1 
 1 [ 56   0:  0 [41, 29, 42, 16, 35, 44, 27, 36, 39, 26, 14, 37, 19, 33, 13, 23, 22, 15, 20, 30, 25, 34]]
 4 [ 29  39: 54 [41, 29, 35, 44, 39, 26, 14, 37, 19, 33, 13, 15, 20]]
 3 [  0  83: 83 []]
-3 [ 12  83:378 [64, 70, 62, 54, 49, 51]]
-4 [ 20 407:422 [55, 64, 67, 70, 62, 63, 54, 49, 51]]
-1 [ 20 461:461 [55, 64, 67, 70, 62, 63, 54, 49, 51]]

Vehicle: 12  Cost: 45.65
Route: 1 7 -7 -1 
 1 [ 38   0:  0 [12, 31, 28, 47, 17, 45, 21, 10, 11, 46, 24, 40, 38, 32, 43, 18]]
 7 [  0  23: 23 []]
-7 [ 22  23:367 [65, 69, 50, 52, 60, 68, 71, 57, 59]]
-1 [ 22 390:390 [65, 69, 50, 52, 60, 68, 71, 57, 59]]

Vehicle: 15  Cost: 45.65
Route: 1 -7 -1 
 1 [  0   0:  0 []]
-7 [ 17  23:531 [48, 66, 58, 53, 61, 56]]
-1 [ 17 554:554 [48, 66, 58, 53, 61, 56]]

Vehicle: 301  Cost: 61.61
Route: 3 49 15 62 35 44 -3 
  3 [ 6  83: 98]
 49 [ 8 115:120]
 15 [ 7 120:125]
 62 [ 8 300:305]
 35 [ 5 305:310]
 44 [ 3 316:321]
 -3 [ 3 348:348]

Vehicle: 302  Cost: 111.71
Route: 3 14 37 64 19 26 -3 
  3 [10  83: 98]
 14 [ 6 134:139]
 37 [ 3 158:163]
 64 [ 5 163:168]
 19 [ 3 300:305]
 26 [ 2 322:327]
 -3 [ 2 363:363]

Vehicle: 303  Cost: 79.43
Route: 3 41 33 70 39 13 54 29 -3 
  3 [ 9  83: 98]
 41 [ 8 106:111]
 33 [ 5 133:138]
 70 [ 7 180:185]
 39 [ 5 300:305]
 13 [ 3 309:314]
 54 [ 4 322:327]
 29 [ 3 327:332]
 -3 [ 3 349:349]

Vehicle: 304  Cost: 14.14
Route: 3 20 51 -3 
  3 [ 4  83: 98]
 20 [ 0 105:110]
 51 [ 4 110:115]
 -3 [ 4 122:122]

Vehicle: 401  Cost: 33.84
Route: 4 23 34 63 36 -4 
  4 [10  39: 54]
 23 [ 6  60: 65]
 34 [ 4 300:305]
 63 [ 7 317:322]
 36 [ 3 322:327]
 -4 [ 3 335:335]

Vehicle: 402  Cost: 98.19
Route: 4 30 55 27 67 42 -4 
  4 [ 8  39: 54]
 30 [ 7  94: 99]
 55 [ 8  99:104]
 27 [ 5 300:305]
 67 [ 9 309:314]
 42 [ 5 331:336]
 -4 [ 5 365:365]

Vehicle: 403  Cost: 65.14
Route: 4 22 25 16 -4 
  4 [ 9  39:170]
 22 [ 5 180:185]
 25 [ 1 300:305]
 16 [ 0 311:316]
 -4 [ 0 343:343]

Vehicle: 701  Cost: 190.91
Route: 7 17 18 32 58 56 66 61 -7 
  7 [ 8  23: 38]
 17 [ 6  65: 70]
 18 [ 3 129:134]
 32 [ 0 420:425]
 58 [ 4 425:430]
 56 [ 5 451:456]
 66 [ 9 474:479]
 61 [10 494:499]
 -7 [10 516:516]

Vehicle: 702  Cost: 108.11
Route: 7 46 28 53 10 24 11 48 -7 
  7 [10  23:273]
 46 [ 7 300:305]
 28 [ 6 319:324]
 53 [10 333:338]
 10 [ 7 345:350]
 24 [ 6 420:425]
 11 [ 4 436:441]
 48 [ 7 441:446]
 -7 [ 7 476:476]

Vehicle: 703  Cost: 76.25
Route: 7 40 69 38 65 45 -7 
  7 [10  23: 38]
 40 [ 6  73: 78]
 69 [ 9  78: 83]
 38 [ 7 300:305]
 65 [ 8 305:310]
 45 [ 4 337:342]
 -7 [ 4 352:352]

Vehicle: 704  Cost: 90.25
Route: 7 60 68 50 47 -7 
  7 [ 1  23: 39]
 60 [ 2  60: 65]
 68 [ 6  75: 80]
 50 [ 9 100:105]
 47 [ 8 300:305]
 -7 [ 8 341:341]

Vehicle: 705  Cost: 161.07
Route: 7 21 12 31 59 71 52 43 57 -7 
  7 [ 9  23: 38]
 21 [ 6  49: 54]
 12 [ 5  92: 97]
 31 [ 1 180:185]
 59 [ 3 201:206]
 71 [ 7 219:224]
 52 [10 247:252]
 43 [ 9 289:294]
 57 [10 309:314]
 -7 [10 316:316]

Total Cost: 1317.29
 11:135.32, 56:75 [1, 4, 3, -3, -4, -1]
 12:45.65, 38:75 [1, 7, -7, -1]
 15:45.65, 17:75 [1, -7, -1]
301:61.61, 8:10 [3, 49, 15, 62, 35, 44, -3]
302:111.71, 10:10 [3, 14, 37, 64, 19, 26, -3]
303:79.43, 9:10 [3, 41, 33, 70, 39, 13, 54, 29, -3]
304:14.14, 4:10 [3, 20, 51, -3]
401:33.84, 10:10 [4, 23, 34, 63, 36, -4]
402:98.19, 9:10 [4, 30, 55, 27, 67, 42, -4]
403:65.14, 9:10 [4, 22, 25, 16, -4]
701:190.91, 10:10 [7, 17, 18, 32, 58, 56, 66, 61, -7]
702:108.11, 10:10 [7, 46, 28, 53, 10, 24, 11, 48, -7]
703:76.25, 10:10 [7, 40, 69, 38, 65, 45, -7]
704:90.25, 9:10 [7, 60, 68, 50, 47, -7]
705:161.07, 10:10 [7, 21, 12, 31, 59, 71, 52, 43, 57, -7]
fe: 3, se: 12

!ALNS------------
100000,1317.2860252008563,387.037,144.689,3,12,0.49333333333333335,0.9,20.666666666666668,5.166666666666667
2 8 8 6 0 1 5 0 
10.405677509803514 19.57313848280112 10.321844288297788 14.708615670889568 32.1931400040716 20.16683303002357 15.372563264102732 24.80807337482973 
3 6 5 3 5 5 0 3 
15.350275246597565 14.201745496998386 15.316764100333547 14.636911613960823 14.930660940744815 14.873302754080449 16.355611120180292 16.99266372644979 

x[276] = 1.0
Vehicle: 14  Cost: 59.67
Route: 1 8 -8 -1 
 1 [ 22   0:  0 [27, 30, 22, 42, 12, 16, 25, 31]]
 8 [  0  30: 30 []]
-8 [ 17  30:390 [67, 63, 59, 55, 52, 71]]
-1 [ 17 419:419 [67, 63, 59, 55, 52, 71]]

x[2825] = 1.0
Vehicle: 11  Cost: 135.32
Route: 1 4 3 -3 -4 -1 
 1 [ 39   0:  0 [37, 29, 39, 13, 14, 15, 26, 44, 36, 19, 20, 41, 34, 33, 23, 35]]
 4 [ 29  39: 54 [37, 29, 39, 13, 14, 15, 26, 44, 19, 20, 41, 33, 35]]
 3 [  0  83: 83 []]
-3 [ 14  83:383 [54, 62, 49, 64, 70, 59, 51]]
-4 [ 17 412:427 [63, 54, 62, 49, 64, 70, 59, 51]]
-1 [ 17 466:466 [54, 62, 49, 64, 70, 59, 51, 63]]

x[4094] = 1.0
Vehicle: 14  Cost: 45.65
Route: 1 7 -7 -1 
 1 [  9   0:  0 [47, 17, 40, 38]]
 7 [  0  23: 23 []]
-7 [ 16  23:369 [68, 48, 50, 60, 69, 65, 57]]
-1 [ 16 392:392 [68, 48, 50, 60, 69, 65, 57]]

x[4377] = 1.0
Vehicle: 15  Cost: 45.65
Route: 1 7 -7 -1 
 1 [ 33   0:  0 [40, 11, 17, 10, 46, 21, 38, 18, 43, 47, 28, 24, 45, 32]]
 7 [  0  23: 23 []]
-7 [ 22  23:531 [58, 66, 56, 69, 53, 65, 48, 61, 57]]
-1 [ 22 554:554 [58, 66, 56, 69, 53, 65, 48, 61, 57]]

y[478] = 1.0
Vehicle: 301  Cost: 14.14
Route: 3 51 20 -3 
  3 [ 4  92:107]
 51 [ 8 114:119]
 20 [ 4 119:124]
 -3 [ 4 132:132]

y[567] = 1.0
Vehicle: 704  Cost: 135.37
Route: 7 43 21 60 68 50 47 57 -7 
  7 [ 5  84: 99]
 43 [ 4 116:121]
 21 [ 1 139:144]
 60 [ 2 171:176]
 68 [ 6 186:191]
 50 [ 9 212:217]
 47 [ 8 300:305]
 57 [ 9 342:347]
 -7 [ 9 349:349]

y[1023] = 1.0
Vehicle: 701  Cost: 190.91
Route: 7 17 18 32 58 56 66 61 -7 
  7 [ 8  75: 90]
 17 [ 6 117:122]
 18 [ 3 181:186]
 32 [ 0 420:425]
 58 [ 4 425:430]
 56 [ 5 451:456]
 66 [ 9 474:479]
 61 [10 494:499]
 -7 [10 516:516]

y[1074] = 1.0
Vehicle: 402  Cost: 33.84
Route: 4 23 34 63 36 -4 
  4 [10 171:186]
 23 [ 6 192:197]
 34 [ 4 300:305]
 63 [ 7 317:322]
 36 [ 3 322:327]
 -4 [ 3 335:335]

y[1205] = 1.0
Vehicle: 802  Cost: 28.43
Route: 8 42 -8 
  8 [ 4 459:474]
 42 [ 0 488:493]
 -8 [ 0 508:508]

y[1602] = 1.0
Vehicle: 304  Cost: 79.43
Route: 3 41 33 70 39 13 54 29 -3 
  3 [ 9  92:107]
 41 [ 8 115:120]
 33 [ 5 143:148]
 70 [ 7 180:185]
 39 [ 5 300:305]
 13 [ 3 309:314]
 54 [ 4 322:327]
 29 [ 3 327:332]
 -3 [ 3 349:349]

y[2713] = 1.0
Vehicle: 703  Cost: 76.25
Route: 7 40 69 65 38 45 -7 
  7 [10  75: 90]
 40 [ 6 125:130]
 69 [ 9 130:135]
 65 [10 300:305]
 38 [ 8 305:310]
 45 [ 4 337:342]
 -7 [ 4 352:352]

y[4878] = 1.0
Vehicle: 804  Cost: 96.21
Route: 8 22 52 12 31 71 59 16 -8 
  8 [10 165:180]
 22 [ 6 193:198]
 52 [ 9 198:203]
 12 [ 8 214:219]
 31 [ 4 225:230]
 71 [ 8 237:242]
 59 [10 254:259]
 16 [ 9 300:305]
 -8 [ 9 330:330]

y[5403] = 1.0
Vehicle: 302  Cost: 111.71
Route: 3 14 64 37 19 26 -3 
  3 [10  92:107]
 14 [ 6 144:149]
 64 [ 8 168:173]
 37 [ 5 173:178]
 19 [ 3 300:305]
 26 [ 2 322:327]
 -3 [ 2 363:363]

y[5860] = 1.0
Vehicle: 701  Cost: 108.11
Route: 7 46 28 53 10 24 48 11 -7 
  7 [10  23:273]
 46 [ 7 300:305]
 28 [ 6 319:324]
 53 [10 333:338]
 10 [ 7 345:350]
 24 [ 6 420:425]
 48 [ 9 436:441]
 11 [ 7 441:446]
 -7 [ 7 476:476]

y[6276] = 1.0
Vehicle: 301  Cost: 61.61
Route: 3 15 49 35 62 44 -3 
  3 [ 6  92:107]
 15 [ 5 125:130]
 49 [ 7 130:135]
 35 [ 4 300:305]
 62 [ 5 305:310]
 44 [ 3 316:321]
 -3 [ 3 348:348]

y[6545] = 1.0
Vehicle: 801  Cost: 87.54
Route: 8 30 55 27 67 25 -8 
  8 [ 8 209:224]
 30 [ 7 250:255]
 55 [ 8 255:260]
 27 [ 5 300:305]
 67 [ 9 309:314]
 25 [ 5 336:341]
 -8 [ 5 369:369]

FE: 4
SE: 12
!MIP-----
1309.841302167013,506.43400597572327,9.946159953668512E-5,4,12,4516,6868

Run: 5
Total Cost: 1309.84
Vehicle: 11  Cost: 135.32
Route: 1 4 3 -3 -4 -1 
 1 [ 39   0:  0 [35, 13, 37, 15, 19, 20, 14, 33, 29, 39, 41, 44, 26, 23, 36, 34]]
 4 [ 29  39: 54 [35, 13, 37, 15, 19, 20, 14, 33, 29, 39, 41, 44, 26]]
 3 [  0  83: 83 []]
-3 [ 12  83:378 [64, 70, 54, 51, 49, 62]]
-4 [ 15 407:422 [63, 64, 70, 54, 51, 49, 62]]
-1 [ 15 461:461 [64, 70, 54, 51, 49, 62, 63]]

Vehicle: 12  Cost: 45.65
Route: 1 7 -7 -1 
 1 [ 33   0:  0 [32, 24, 21, 10, 45, 40, 46, 47, 17, 18, 43, 11, 38, 28]]
 7 [  0  23: 23 []]
-7 [ 21  23:531 [66, 56, 61, 58, 53, 69, 48, 65]]
-1 [ 21 554:554 [66, 56, 61, 58, 53, 69, 48, 65]]

Vehicle: 13  Cost: 45.65
Route: 1 -7 -1 
 1 [  0   0:  0 []]
-7 [  9  23:364 [57, 50, 68, 60]]
-1 [  9 387:387 [57, 50, 68, 60]]

Vehicle: 16  Cost: 59.67
Route: 1 8 -8 -1 
 1 [ 22   0:  0 [31, 25, 22, 30, 27, 12, 16, 42]]
 8 [  0  30: 30 []]
-8 [ 14  30:384 [67, 71, 52, 59, 55]]
-1 [ 14 414:414 [67, 71, 52, 59, 55]]

Vehicle: 301  Cost: 61.61
Route: 3 49 15 62 35 44 -3 
  3 [ 6  83: 98]
 49 [ 8 115:120]
 15 [ 7 120:125]
 62 [ 8 300:305]
 35 [ 5 305:310]
 44 [ 3 316:321]
 -3 [ 3 348:348]

Vehicle: 302  Cost: 79.43
Route: 3 41 33 70 39 13 29 54 -3 
  3 [ 9  83: 98]
 41 [ 8 106:111]
 33 [ 5 133:138]
 70 [ 7 180:185]
 39 [ 5 300:305]
 13 [ 3 309:314]
 29 [ 2 322:327]
 54 [ 3 327:332]
 -3 [ 3 349:349]

Vehicle: 303  Cost: 111.71
Route: 3 14 37 64 19 26 -3 
  3 [10  83: 98]
 14 [ 6 134:139]
 37 [ 3 158:163]
 64 [ 5 163:168]
 19 [ 3 300:305]
 26 [ 2 322:327]
 -3 [ 2 363:363]

Vehicle: 304  Cost: 14.14
Route: 3 51 20 -3 
  3 [ 4  83: 98]
 51 [ 8 105:110]
 20 [ 4 110:115]
 -3 [ 4 122:122]

Vehicle: 401  Cost: 33.84
Route: 4 23 34 36 63 -4 
  4 [10  39: 54]
 23 [ 6  60: 65]
 34 [ 4 300:305]
 36 [ 0 317:322]
 63 [ 3 322:327]
 -4 [ 3 335:335]

Vehicle: 701  Cost: 108.11
Route: 7 46 28 53 10 24 48 11 -7 
  7 [10  23:273]
 46 [ 7 300:305]
 28 [ 6 319:324]
 53 [10 333:338]
 10 [ 7 345:350]
 24 [ 6 420:425]
 48 [ 9 436:441]
 11 [ 7 441:446]
 -7 [ 7 476:476]

Vehicle: 702  Cost: 135.37
Route: 7 43 21 60 68 50 47 57 -7 
  7 [ 5  23: 38]
 43 [ 4  55: 60]
 21 [ 1  78: 83]
 60 [ 2 111:116]
 68 [ 6 125:130]
 50 [ 9 151:156]
 47 [ 8 300:305]
 57 [ 9 342:347]
 -7 [ 9 349:349]

Vehicle: 703  Cost: 190.91
Route: 7 17 18 58 32 56 66 61 -7 
  7 [ 8  23: 38]
 17 [ 6  65: 70]
 18 [ 3 129:134]
 58 [ 7 420:425]
 32 [ 4 425:430]
 56 [ 5 451:456]
 66 [ 9 474:479]
 61 [10 494:499]
 -7 [10 516:516]

Vehicle: 704  Cost: 76.25
Route: 7 40 69 65 38 45 -7 
  7 [10  23: 38]
 40 [ 6  73: 78]
 69 [ 9  78: 83]
 65 [10 300:305]
 38 [ 8 305:310]
 45 [ 4 337:342]
 -7 [ 4 352:352]

Vehicle: 801  Cost: 28.43
Route: 8 42 -8 
  8 [ 4  30:286]
 42 [ 0 300:305]
 -8 [ 0 319:319]

Vehicle: 802  Cost: 96.21
Route: 8 22 52 12 31 71 59 16 -8 
  8 [10  30:167]
 22 [ 6 180:185]
 52 [ 9 185:190]
 12 [ 8 202:207]
 31 [ 4 212:217]
 71 [ 8 225:230]
 59 [10 242:247]
 16 [ 9 300:305]
 -8 [ 9 330:330]

Vehicle: 803  Cost: 87.54
Route: 8 55 30 27 67 25 -8 
  8 [ 8  30: 45]
 55 [ 9  70: 75]
 30 [ 8  75: 80]
 27 [ 5 300:305]
 67 [ 9 309:314]
 25 [ 5 336:341]
 -8 [ 5 369:369]

Total Cost: 1309.84
 11:135.32, 39:75 [1, 4, 3, -3, -4, -1]
 12:45.65, 33:75 [1, 7, -7, -1]
 13:45.65, 9:75 [1, -7, -1]
 16:59.67, 22:75 [1, 8, -8, -1]
301:61.61, 8:10 [3, 49, 15, 62, 35, 44, -3]
302:79.43, 9:10 [3, 41, 33, 70, 39, 13, 29, 54, -3]
303:111.71, 10:10 [3, 14, 37, 64, 19, 26, -3]
304:14.14, 8:10 [3, 51, 20, -3]
401:33.84, 10:10 [4, 23, 34, 36, 63, -4]
701:108.11, 10:10 [7, 46, 28, 53, 10, 24, 48, 11, -7]
702:135.37, 9:10 [7, 43, 21, 60, 68, 50, 47, 57, -7]
703:190.91, 10:10 [7, 17, 18, 58, 32, 56, 66, 61, -7]
704:76.25, 10:10 [7, 40, 69, 65, 38, 45, -7]
801:28.43, 4:10 [8, 42, -8]
802:96.21, 10:10 [8, 22, 52, 12, 31, 71, 59, 16, -8]
803:87.54, 9:10 [8, 55, 30, 27, 67, 25, -8]
fe: 4, se: 12

!ALNS------------
100000,1309.841302167013,291.229,87.313,4,12,0.3433333333333333,0.8916666666666667,15.5,5.166666666666667
2 3 5 4 0 1 1 0 
9.09630520500519 16.64599583976222 11.215821611374812 10.355017898956142 21.789801887525982 15.739783693178238 13.744015361146548 24.783669858752344 
2 2 3 2 3 2 1 1 
13.108262121520816 12.45878537736902 13.49101794187054 13.884680012856446 13.586514979230525 12.138144074980987 13.141220851946283 12.040441963150217 

x[460] = 1.0
Vehicle: 11  Cost: 139.51
Route: 1 4 3 -3 -8 -1 
 1 [ 48   0:  0 [12, 13, 37, 36, 29, 22, 23, 34, 44, 26, 33, 35, 39, 41, 31, 20, 14, 15, 19]]
 4 [ 29  39: 54 [13, 37, 29, 44, 26, 33, 35, 39, 41, 20, 14, 15, 19]]
 3 [  0  83: 83 []]
-3 [ 12  83:378 [54, 62, 51, 70, 49, 64]]
-8 [ 17 420:435 [55, 54, 62, 51, 70, 49, 67, 64]]
-1 [ 17 465:465 [55, 54, 62, 51, 70, 49, 67, 64]]

x[524] = 1.0000000000000002
Vehicle: 13  Cost: 97.30
Route: 1 8 -4 -7 -1 
 1 [ 13   0:  0 [30, 16, 42, 25, 27]]
 8 [  0  30: 45 []]
-4 [ 12  60:350 [52, 63, 71, 59]]
-7 [ 21 379:394 [60, 68, 52, 63, 71, 50, 59, 57]]
-1 [ 21 417:417 [60, 68, 52, 63, 71, 50, 59, 57]]

x[2621] = 1.0
Vehicle: 12  Cost: 45.65
Route: 1 7 -7 -1 
 1 [ 33   0:  0 [10, 45, 46, 17, 18, 43, 28, 21, 11, 47, 24, 32, 40, 38]]
 7 [  0  23: 23 []]
-7 [ 22  23:573 [58, 53, 57, 61, 66, 65, 56, 69, 48]]
-1 [ 22 596:596 [58, 53, 57, 61, 66, 65, 56, 69, 48]]

y[570] = 1.0
Vehicle: 401  Cost: 33.84
Route: 4 23 34 63 36 -4 
  4 [10 174:189]
 23 [ 6 195:200]
 34 [ 4 300:305]
 63 [ 7 317:322]
 36 [ 3 322:327]
 -4 [ 3 335:335]

y[671] = 1.0
Vehicle: 802  Cost: 28.43
Route: 8 42 -8 
  8 [ 4 425:440]
 42 [ 0 454:459]
 -8 [ 0 473:473]

y[1239] = 1.0
Vehicle: 703  Cost: 190.91
Route: 7 17 18 32 58 56 66 61 -7 
  7 [ 8  75: 90]
 17 [ 6 117:122]
 18 [ 3 181:186]
 32 [ 0 420:425]
 58 [ 4 425:430]
 56 [ 5 451:456]
 66 [ 9 474:479]
 61 [10 494:499]
 -7 [10 516:516]

y[1725] = 1.0000000000000002
Vehicle: 805  Cost: 90.21
Route: 8 30 55 27 67 25 16 -8 
  8 [ 9  69: 84]
 30 [ 8 110:115]
 55 [ 9 115:120]
 27 [ 6 300:305]
 67 [10 309:314]
 25 [ 6 336:341]
 16 [ 5 347:352]
 -8 [ 5 377:377]

y[1943] = 1.0
Vehicle: 302  Cost: 79.43
Route: 3 41 33 70 39 13 54 29 -3 
  3 [ 9 110:125]
 41 [ 8 133:138]
 33 [ 5 160:165]
 70 [ 7 180:185]
 39 [ 5 300:305]
 13 [ 3 309:314]
 54 [ 4 322:327]
 29 [ 3 327:332]
 -3 [ 3 349:349]

y[3073] = 1.0
Vehicle: 401  Cost: 85.31
Route: 4 22 52 12 31 59 71 -4 
  4 [ 9  60:170]
 22 [ 5 180:185]
 52 [ 8 185:190]
 12 [ 7 202:207]
 31 [ 3 212:217]
 59 [ 5 234:239]
 71 [ 9 251:256]
 -4 [ 9 285:285]

y[3215] = 1.0
Vehicle: 701  Cost: 108.11
Route: 7 46 28 53 10 24 11 48 -7 
  7 [10  23:273]
 46 [ 7 300:305]
 28 [ 6 319:324]
 53 [10 333:338]
 10 [ 7 345:350]
 24 [ 6 420:425]
 11 [ 4 436:441]
 48 [ 7 441:446]
 -7 [ 7 476:476]

y[3569] = 1.0
Vehicle: 704  Cost: 76.25
Route: 7 40 69 65 38 45 -7 
  7 [10  75: 90]
 40 [ 6 125:130]
 69 [ 9 130:135]
 65 [10 300:305]
 38 [ 8 305:310]
 45 [ 4 337:342]
 -7 [ 4 352:352]

y[3776] = 1.0
Vehicle: 301  Cost: 61.61
Route: 3 49 15 35 62 44 -3 
  3 [ 6  92:107]
 49 [ 8 125:130]
 15 [ 7 130:135]
 35 [ 4 300:305]
 62 [ 5 305:310]
 44 [ 3 316:321]
 -3 [ 3 348:348]

y[4120] = 1.0
Vehicle: 702  Cost: 135.37
Route: 7 43 21 60 68 50 47 57 -7 
  7 [ 5  23: 38]
 43 [ 4  55: 60]
 21 [ 1  78: 83]
 60 [ 2 111:116]
 68 [ 6 125:130]
 50 [ 9 151:156]
 47 [ 8 300:305]
 57 [ 9 342:347]
 -7 [ 9 349:349]

y[4135] = 1.0
Vehicle: 301  Cost: 111.71
Route: 3 14 64 37 19 26 -3 
  3 [10  83: 98]
 14 [ 6 134:139]
 64 [ 8 158:163]
 37 [ 5 163:168]
 19 [ 3 300:305]
 26 [ 2 322:327]
 -3 [ 2 363:363]

y[4442] = 1.0
Vehicle: 302  Cost: 14.14
Route: 3 20 51 -3 
  3 [ 4 110:125]
 20 [ 0 132:137]
 51 [ 4 137:142]
 -3 [ 4 149:149]

FE: 3
SE: 12
!MIP-----
1297.7758943499398,94.29075288772583,9.112144803833787E-5,3,12,2796,4541

