--Parameters Information--
speed=1
run=5
iteration= 100000
batch=100
restartPeriod=10000
largeRemovalOccurrence=500
initialLNS=250
lowerBoundSmallRemoval=4
smallRemoval=0.2
lowerBoundLargeRemoval=0.55
largeRemoval=0.8
initialWeight=1.0
decayRate=0.1
gamma1=9.0
gamma2=5.0
gamma3=2.0
gamma4=0.0
coolingRate=0.9995
temperatureControlParameter=0.05
initialAcceptanceProbability=0.5
perturbation=0.5
perturbationFactor=0.01
split=20000

Setup: Split
Data: C_50_10_TD

Run: 1
Total Cost: 1253.30
Vehicle: 11  Cost: 64.40
Route: 1 3 -3 -1 
 1 [ 25   0:  0 [47, 35, 39, 30, 15, 42, 33, 41, 14, 45]]
 3 [  0  32: 32 []]
-3 [ 19  32:404 [67, 72, 68, 56, 69, 64]]
-1 [ 19 436:436 [67, 72, 68, 56, 69, 64]]

Vehicle: 14  Cost: 90.62
Route: 1 8 -8 -1 
 1 [ 32   0:  0 [13, 16, 31, 19, 32, 25, 29, 24, 22, 34, 37, 40, 43]]
 8 [  0  45: 45 []]
-8 [ 28  45:358 [61, 70, 51, 55, 60, 48, 71, 62, 57, 66, 73, 65]]
-1 [ 28 404:404 [61, 70, 51, 55, 60, 48, 71, 62, 57, 66, 73, 65]]

Vehicle: 15  Cost: 143.61
Route: 1 5 -5 -1 
 1 [ 26   0:  0 [12, 36, 20, 18, 38, 21, 28, 26, 10, 44, 23, 27, 11, 17, 46]]
 5 [  0  72: 72 []]
-5 [ 18  72:518 [49, 53, 59, 50, 52, 63, 54, 58]]
-1 [ 18 589:589 [49, 53, 59, 50, 52, 63, 54, 58]]

Vehicle: 301  Cost: 25.46
Route: 3 64 35 -3 
  3 [ 3  32:287]
 64 [ 6 300:305]
 35 [ 3 305:310]
 -3 [ 3 323:323]

Vehicle: 302  Cost: 70.88
Route: 3 45 14 41 -3 
  3 [ 9  32:281]
 45 [ 7 300:305]
 14 [ 4 308:313]
 41 [ 0 420:425]
 -3 [ 0 451:451]

Vehicle: 303  Cost: 109.73
Route: 3 39 67 15 42 47 72 56 33 -3 
  3 [ 9  32: 47]
 39 [ 6  91: 96]
 67 [ 9  96:101]
 15 [ 8 300:305]
 42 [ 7 320:325]
 47 [ 4 335:340]
 72 [ 8 340:345]
 56 [ 9 351:356]
 33 [ 8 369:374]
 -3 [ 8 389:389]

Vehicle: 304  Cost: 59.83
Route: 3 69 30 68 -3 
  3 [ 4  32:164]
 69 [ 8 180:185]
 30 [ 4 300:305]
 68 [ 8 316:321]
 -3 [ 8 338:338]

Vehicle: 501  Cost: 124.24
Route: 5 59 46 53 21 58 28 23 38 44 -5 
  5 [ 8  72: 87]
 59 [ 9  95:100]
 46 [ 7 132:137]
 53 [10 300:305]
 21 [ 9 311:316]
 58 [10 340:345]
 28 [ 8 345:350]
 23 [ 7 353:358]
 38 [ 6 364:369]
 44 [ 5 375:380]
 -5 [ 5 403:403]

Vehicle: 503  Cost: 92.67
Route: 5 27 12 10 36 54 20 -5 
  5 [10  72: 87]
 27 [ 6 116:121]
 12 [ 4 127:132]
 10 [ 2 300:305]
 36 [ 1 420:425]
 54 [ 4 429:434]
 20 [ 3 434:439]
 -5 [ 3 449:449]

Vehicle: 504  Cost: 160.34
Route: 5 18 26 11 50 17 49 52 63 -5 
  5 [ 8  72: 87]
 18 [ 5 142:147]
 26 [ 2 168:173]
 11 [ 1 300:305]
 50 [ 5 305:310]
 17 [ 4 420:425]
 49 [ 5 440:445]
 52 [ 9 454:459]
 63 [10 478:483]
 -5 [10 503:503]

Vehicle: 801  Cost: 60.26
Route: 8 29 60 22 55 71 -8 
  8 [ 6  45:160]
 29 [ 4 180:185]
 60 [ 8 185:190]
 22 [ 4 300:305]
 55 [ 6 305:310]
 71 [ 9 320:325]
 -8 [ 9 343:343]

Vehicle: 802  Cost: 62.33
Route: 8 43 24 37 66 -8 
  8 [10  45: 60]
 43 [ 6  73: 78]
 24 [ 4  93: 98]
 37 [ 0 300:305]
 66 [ 2 305:310]
 -8 [ 2 329:329]

Vehicle: 803  Cost: 85.48
Route: 8 34 62 13 48 57 25 73 -8 
  8 [ 7  45: 60]
 34 [ 5  86: 91]
 62 [ 9  91: 96]
 13 [ 8  99:104]
 48 [ 9 119:124]
 57 [10 142:147]
 25 [ 6 147:152]
 73 [10 165:170]
 -8 [10 181:181]

Vehicle: 804  Cost: 103.45
Route: 8 65 16 51 19 32 61 40 70 31 -8 
  8 [ 9  45: 60]
 65 [10  69: 74]
 16 [ 9  94: 99]
 51 [10  99:104]
 19 [ 8 114:119]
 32 [ 4 128:133]
 61 [ 5 133:138]
 40 [ 4 151:156]
 70 [ 8 156:161]
 31 [ 7 182:187]
 -8 [ 7 209:209]

Total Cost: 1253.30
 11:64.40, 25:75 [1, 3, -3, -1]
 14:90.62, 32:75 [1, 8, -8, -1]
 15:143.61, 26:75 [1, 5, -5, -1]
301:25.46, 6:10 [3, 64, 35, -3]
302:70.88, 9:10 [3, 45, 14, 41, -3]
303:109.73, 9:10 [3, 39, 67, 15, 42, 47, 72, 56, 33, -3]
304:59.83, 8:10 [3, 69, 30, 68, -3]
501:124.24, 10:10 [5, 59, 46, 53, 21, 58, 28, 23, 38, 44, -5]
503:92.67, 10:10 [5, 27, 12, 10, 36, 54, 20, -5]
504:160.34, 10:10 [5, 18, 26, 11, 50, 17, 49, 52, 63, -5]
801:60.26, 9:10 [8, 29, 60, 22, 55, 71, -8]
802:62.33, 10:10 [8, 43, 24, 37, 66, -8]
803:85.48, 10:10 [8, 34, 62, 13, 48, 57, 25, 73, -8]
804:103.45, 10:10 [8, 65, 16, 51, 19, 32, 61, 40, 70, 31, -8]
fe: 3, se: 11

!ALNS------------
100000,1253.3019084160385,277.474,276.47,3,11,0.3688888888888889,0.9181818181818182,21.333333333333332,5.818181818181818
3 11 4 2 0 0 6 0 
9.175217400458695 19.111446112534264 9.152305314848514 11.141085372757999 16.08449066010718 18.17247813390893 12.122212600929434 30.324089551111918 
3 7 2 0 2 3 6 3 
13.029419711199967 12.775397991425557 13.861048772429994 13.17322821418102 13.213729409548488 13.325814215306591 13.837720703516224 14.572407211786603 

x[101] = 1.0
Vehicle: 15  Cost: 143.61
Route: 1 5 -5 -1 
 1 [ 26   0:  0 [18, 46, 10, 17, 23, 12, 44, 11, 21, 20, 38, 36, 28, 26, 27]]
 5 [  0  72: 72 []]
-5 [ 18  72:528 [49, 59, 50, 63, 54, 52, 53, 58]]
-1 [ 18 600:600 [49, 59, 50, 63, 54, 52, 53, 58]]

x[1829] = 1.0
Vehicle: 11  Cost: 64.40
Route: 1 3 -3 -1 
 1 [ 25   0:  0 [45, 47, 42, 39, 41, 15, 35, 33, 14, 30]]
 3 [  0  32: 32 []]
-3 [ 20  32:438 [68, 72, 56, 61, 64, 69, 67]]
-1 [ 20 470:470 [68, 72, 56, 61, 64, 69, 67]]

x[3161] = 1.0
Vehicle: 14  Cost: 90.62
Route: 1 8 -8 -1 
 1 [ 32   0:  0 [19, 16, 22, 29, 32, 34, 31, 43, 37, 40, 24, 13, 25]]
 8 [  0  45: 45 []]
-8 [ 40  45:374 [51, 70, 71, 55, 61, 62, 65, 60, 48, 73, 57, 66, 69, 72, 64, 56]]
-1 [ 40 419:419 [51, 70, 71, 55, 61, 62, 65, 60, 48, 73, 57, 66, 69, 72, 64, 56]]

y[738] = 1.0
Vehicle: 501  Cost: 124.24
Route: 5 59 46 53 21 28 58 23 38 44 -5 
  5 [ 8 110:125]
 59 [ 9 133:138]
 46 [ 7 170:175]
 53 [10 300:305]
 21 [ 9 311:316]
 28 [ 7 340:345]
 58 [ 8 345:350]
 23 [ 7 353:358]
 38 [ 6 364:369]
 44 [ 5 375:380]
 -5 [ 5 403:403]

y[1117] = 1.0
Vehicle: 803  Cost: 85.48
Route: 8 34 62 13 48 25 57 73 -8 
  8 [ 7  87:102]
 34 [ 5 127:132]
 62 [ 9 132:137]
 13 [ 8 140:145]
 48 [ 9 161:166]
 25 [ 5 183:188]
 57 [ 6 188:193]
 73 [10 206:211]
 -8 [10 222:222]

y[1255] = 1.0
Vehicle: 303  Cost: 109.73
Route: 3 39 67 15 42 47 72 56 33 -3 
  3 [ 9 218:233]
 39 [ 6 278:283]
 67 [ 9 283:288]
 15 [ 8 300:305]
 42 [ 7 320:325]
 47 [ 4 335:340]
 72 [ 8 340:345]
 56 [ 9 351:356]
 33 [ 8 369:374]
 -3 [ 8 389:389]

y[1635] = 1.0
Vehicle: 302  Cost: 59.83
Route: 3 69 30 68 -3 
  3 [ 4 248:263]
 69 [ 8 278:283]
 30 [ 4 300:305]
 68 [ 8 316:321]
 -3 [ 8 338:338]

y[1719] = 1.0
Vehicle: 503  Cost: 92.67
Route: 5 27 12 10 36 20 54 -5 
  5 [10 201:216]
 27 [ 6 245:250]
 12 [ 4 256:261]
 10 [ 2 300:305]
 36 [ 1 420:425]
 20 [ 0 429:434]
 54 [ 3 434:439]
 -5 [ 3 449:449]

y[1897] = 1.0
Vehicle: 304  Cost: 25.46
Route: 3 64 35 -3 
  3 [ 3 226:287]
 64 [ 6 300:305]
 35 [ 3 305:310]
 -3 [ 3 323:323]

y[2171] = 1.0
Vehicle: 803  Cost: 62.33
Route: 8 43 24 66 37 -8 
  8 [10 249:264]
 43 [ 6 276:281]
 24 [ 4 296:301]
 66 [ 6 317:322]
 37 [ 2 322:327]
 -8 [ 2 346:346]

y[3239] = 1.0
Vehicle: 301  Cost: 70.88
Route: 3 41 14 45 -3 
  3 [ 9 218:394]
 41 [ 5 420:425]
 14 [ 2 447:452]
 45 [ 0 456:461]
 -3 [ 0 480:480]

y[3467] = 1.0
Vehicle: 804  Cost: 103.45
Route: 8 65 16 51 19 32 61 40 70 31 -8 
  8 [ 9  45: 60]
 65 [10  69: 74]
 16 [ 9  94: 99]
 51 [10  99:104]
 19 [ 8 114:119]
 32 [ 4 128:133]
 61 [ 5 133:138]
 40 [ 4 151:156]
 70 [ 8 156:161]
 31 [ 7 182:187]
 -8 [ 7 209:209]

y[3592] = 1.0
Vehicle: 802  Cost: 60.26
Route: 8 60 29 55 22 71 -8 
  8 [ 6 233:248]
 60 [10 268:273]
 29 [ 8 273:278]
 55 [10 300:305]
 22 [ 6 305:310]
 71 [ 9 320:325]
 -8 [ 9 343:343]

y[5273] = 1.0
Vehicle: 504  Cost: 160.34
Route: 5 18 26 11 50 17 49 52 63 -5 
  5 [ 8  90:105]
 18 [ 5 159:164]
 26 [ 2 186:191]
 11 [ 1 300:305]
 50 [ 5 305:310]
 17 [ 4 420:425]
 49 [ 5 440:445]
 52 [ 9 454:459]
 63 [10 478:483]
 -5 [10 503:503]

FE: 3
SE: 11
!MIP-----
1253.3019084160385,336.50272583961487,5.3048861553592504E-5,3,11,3324,5413

Run: 2
Total Cost: 1225.01
Vehicle: 11  Cost: 134.42
Route: 1 8 4 -4 3 -3 -1 
 1 [ 53   0:  0 [29, 43, 27, 16, 34, 35, 45, 40, 31, 33, 12, 37, 19, 22, 41, 24, 25, 32, 36, 13, 14, 20]]
 8 [ 37  45: 60 [27, 16, 34, 35, 45, 40, 31, 33, 12, 19, 41, 25, 32, 36, 13, 14, 20]]
 4 [ 13  79: 79 [35, 45, 33, 41, 14]]
-4 [ 31  79:279 [62, 51, 73, 35, 45, 61, 70, 33, 65, 57, 48, 41, 59, 14]]
 3 [ 18 317:317 [62, 51, 73, 61, 70, 65, 57, 48, 59]]
-3 [ 29 317:383 [69, 68, 62, 51, 73, 61, 70, 65, 57, 48, 59, 64]]
-1 [ 29 415:415 [69, 68, 62, 51, 73, 61, 70, 65, 57, 48, 59, 64]]

Vehicle: 12  Cost: 177.23
Route: 1 3 7 -7 -4 -8 -1 
 1 [ 30   0:  0 [44, 23, 46, 15, 28, 38, 47, 10, 26, 30, 21, 17, 11, 18, 39, 42]]
 3 [ 26  32: 47 [44, 23, 46, 15, 28, 38, 47, 10, 26, 21, 17, 11, 18, 39, 42]]
 7 [  0  95: 95 []]
-7 [ 22  95:484 [53, 50, 67, 63, 56, 52, 49, 72, 58]]
-4 [ 25 516:531 [54, 53, 50, 67, 63, 56, 52, 49, 72, 58]]
-8 [ 36 550:565 [60, 53, 50, 71, 54, 67, 66, 63, 55, 56, 52, 49, 72, 58]]
-1 [ 36 610:610 [53, 60, 50, 71, 54, 67, 66, 63, 55, 56, 52, 49, 72, 58]]

Vehicle: 301  Cost: 25.46
Route: 3 64 35 -3 
  3 [ 3 317:332]
 64 [ 6 345:350]
 35 [ 3 350:355]
 -3 [ 3 368:368]

Vehicle: 302  Cost: 86.25
Route: 3 33 45 14 41 -3 
  3 [10 317:332]
 33 [ 9 347:352]
 45 [ 7 372:377]
 14 [ 4 380:385]
 41 [ 0 420:425]
 -3 [ 0 451:451]

Vehicle: 303  Cost: 59.83
Route: 3 69 30 68 -3 
  3 [ 4  32:164]
 69 [ 8 180:185]
 30 [ 4 300:305]
 68 [ 8 316:321]
 -3 [ 8 338:338]

Vehicle: 401  Cost: 26.99
Route: 4 13 34 62 -4 
  4 [ 3  79: 94]
 13 [ 2 107:112]
 34 [ 0 115:120]
 62 [ 4 120:125]
 -4 [ 4 136:136]

Vehicle: 402  Cost: 71.06
Route: 4 51 16 19 32 61 40 70 31 -4 
  4 [ 9  79: 94]
 51 [10 105:110]
 16 [ 9 110:115]
 19 [ 7 125:130]
 32 [ 3 139:144]
 61 [ 4 144:149]
 40 [ 3 162:167]
 70 [ 7 167:172]
 31 [ 6 193:198]
 -4 [ 6 205:205]

Vehicle: 403  Cost: 130.07
Route: 4 12 27 48 59 25 57 73 65 -4 
  4 [10  79: 94]
 12 [ 8 138:143]
 27 [ 4 149:154]
 48 [ 5 179:184]
 59 [ 6 190:195]
 25 [ 2 208:213]
 57 [ 3 213:218]
 73 [ 7 231:236]
 65 [ 8 249:254]
 -4 [ 8 264:264]

Vehicle: 404  Cost: 27.68
Route: 4 36 20 54 -4 
  4 [ 2  79:407]
 36 [ 1 420:425]
 20 [ 0 429:434]
 54 [ 3 434:439]
 -4 [ 3 450:450]

Vehicle: 701  Cost: 199.81
Route: 7 46 21 53 28 58 23 38 44 63 10 52 49 -7 
  7 [10  95:110]
 46 [ 8 174:179]
 21 [ 7 300:305]
 53 [10 311:316]
 28 [ 8 334:339]
 58 [ 9 339:344]
 23 [ 8 348:353]
 38 [ 7 359:364]
 44 [ 6 370:375]
 63 [ 7 396:401]
 10 [ 5 412:417]
 52 [ 9 426:431]
 49 [10 440:445]
 -7 [10 469:469]

Vehicle: 702  Cost: 76.72
Route: 7 39 67 15 47 72 56 42 -7 
  7 [ 8  95:110]
 39 [ 5 130:135]
 67 [ 8 135:140]
 15 [ 7 300:305]
 47 [ 4 324:329]
 72 [ 8 329:334]
 56 [ 9 340:345]
 42 [ 8 356:361]
 -7 [ 8 376:376]

Vehicle: 703  Cost: 86.89
Route: 7 18 26 11 50 17 -7 
  7 [ 8  95:110]
 18 [ 5 136:141]
 26 [ 2 163:168]
 11 [ 1 300:305]
 50 [ 5 305:310]
 17 [ 4 420:425]
 -7 [ 4 444:444]

Vehicle: 801  Cost: 62.33
Route: 8 43 24 37 66 -8 
  8 [10  45: 60]
 43 [ 6  73: 78]
 24 [ 4  93: 98]
 37 [ 0 300:305]
 66 [ 2 305:310]
 -8 [ 2 329:329]

Vehicle: 802  Cost: 60.26
Route: 8 60 29 22 55 71 -8 
  8 [ 6  45:160]
 60 [10 180:185]
 29 [ 8 185:190]
 22 [ 4 300:305]
 55 [ 6 305:310]
 71 [ 9 320:325]
 -8 [ 9 343:343]

Total Cost: 1225.01
 11:134.42, 53:75 [1, 8, 4, -4, 3, -3, -1]
 12:177.23, 36:75 [1, 3, 7, -7, -4, -8, -1]
301:25.46, 6:10 [3, 64, 35, -3]
302:86.25, 10:10 [3, 33, 45, 14, 41, -3]
303:59.83, 8:10 [3, 69, 30, 68, -3]
401:26.99, 4:10 [4, 13, 34, 62, -4]
402:71.06, 10:10 [4, 51, 16, 19, 32, 61, 40, 70, 31, -4]
403:130.07, 10:10 [4, 12, 27, 48, 59, 25, 57, 73, 65, -4]
404:27.68, 3:10 [4, 36, 20, 54, -4]
701:199.81, 10:10 [7, 46, 21, 53, 28, 58, 23, 38, 44, 63, 10, 52, 49, -7]
702:76.72, 9:10 [7, 39, 67, 15, 47, 72, 56, 42, -7]
703:86.89, 8:10 [7, 18, 26, 11, 50, 17, -7]
801:62.33, 10:10 [8, 43, 24, 37, 66, -8]
802:60.26, 10:10 [8, 60, 29, 22, 55, 71, -8]
fe: 2, se: 12

!ALNS------------
100000,1225.0138524200947,289.673,282.728,2,12,0.5933333333333334,0.8166666666666667,32.0,5.333333333333333
6 9 4 8 0 3 6 1 
10.0210518848677 19.930559557618494 11.451492362737463 11.469935067919701 37.992213852793455 20.24520128239233 13.20794579274367 26.867791560326157 
4 5 4 7 4 2 4 7 
14.679632963792361 16.159677710472945 15.488997271311646 15.873025130301674 15.039865451975544 14.208910877210243 14.248323254130256 14.942845185980643 

x[2988] = 1.0
Vehicle: 11  Cost: 134.42
Route: 1 8 4 -4 3 -3 -1 
 1 [ 53   0:  0 [29, 43, 27, 16, 34, 35, 45, 40, 31, 33, 12, 37, 19, 22, 41, 24, 25, 32, 36, 13, 14, 20]]
 8 [ 37  45: 60 [27, 16, 34, 35, 45, 40, 31, 33, 12, 19, 41, 25, 32, 36, 13, 14, 20]]
 4 [ 13  79: 79 [35, 45, 33, 41, 14]]
-4 [ 31  79:279 [62, 51, 73, 35, 45, 61, 70, 33, 65, 57, 48, 41, 59, 14]]
 3 [ 18 317:317 [62, 51, 73, 61, 70, 65, 57, 48, 59]]
-3 [ 29 317:383 [69, 68, 62, 51, 73, 61, 70, 65, 57, 48, 59, 64]]
-1 [ 29 415:415 [69, 68, 62, 51, 73, 61, 70, 65, 57, 48, 59, 64]]

x[3781] = 1.0
Vehicle: 12  Cost: 177.23
Route: 1 3 7 -7 -4 -8 -1 
 1 [ 31   0:  0 [23, 10, 21, 15, 38, 39, 18, 44, 47, 46, 11, 30, 33, 42, 17, 28, 26]]
 3 [ 26  32: 47 [23, 10, 21, 15, 38, 39, 18, 44, 47, 46, 11, 42, 17, 28, 26]]
 7 [  0  95: 95 []]
-7 [ 22  95:492 [53, 58, 49, 63, 67, 50, 56, 72, 52]]
-4 [ 25 524:539 [54, 53, 58, 49, 63, 67, 50, 56, 72, 52]]
-8 [ 36 558:573 [60, 53, 54, 55, 58, 49, 63, 67, 50, 56, 72, 52, 71, 66]]
-1 [ 36 619:619 [60, 53, 54, 55, 58, 49, 63, 67, 50, 56, 72, 52, 71, 66]]

y[179] = 1.0
Vehicle: 701  Cost: 199.81
Route: 7 46 21 53 28 58 23 38 44 63 10 52 49 -7 
  7 [10  95:110]
 46 [ 8 174:179]
 21 [ 7 300:305]
 53 [10 311:316]
 28 [ 8 334:339]
 58 [ 9 339:344]
 23 [ 8 348:353]
 38 [ 7 359:364]
 44 [ 6 370:375]
 63 [ 7 396:401]
 10 [ 5 412:417]
 52 [ 9 426:431]
 49 [10 440:445]
 -7 [10 469:469]

y[564] = 1.0
Vehicle: 801  Cost: 60.26
Route: 8 29 60 22 55 71 -8 
  8 [ 6 199:214]
 29 [ 4 234:239]
 60 [ 8 239:244]
 22 [ 4 300:305]
 55 [ 6 305:310]
 71 [ 9 320:325]
 -8 [ 9 343:343]

y[668] = 1.0
Vehicle: 702  Cost: 76.72
Route: 7 39 67 15 47 72 56 42 -7 
  7 [ 8 220:235]
 39 [ 5 254:259]
 67 [ 8 259:264]
 15 [ 7 300:305]
 47 [ 4 324:329]
 72 [ 8 329:334]
 56 [ 9 340:345]
 42 [ 8 356:361]
 -7 [ 8 376:376]

y[790] = 1.0
Vehicle: 703  Cost: 86.89
Route: 7 18 26 11 50 17 -7 
  7 [ 8 220:235]
 18 [ 5 260:265]
 26 [ 2 287:292]
 11 [ 1 300:305]
 50 [ 5 305:310]
 17 [ 4 420:425]
 -7 [ 4 444:444]

y[1149] = 0.9999955405563982
Vehicle: 303  Cost: 25.46
Route: 3 64 35 -3 
  3 [ 3 317:332]
 64 [ 6 345:350]
 35 [ 3 350:355]
 -3 [ 3 368:368]

y[1346] = 1.0
Vehicle: 401  Cost: 26.99
Route: 4 13 34 62 -4 
  4 [ 3  79: 94]
 13 [ 2 107:112]
 34 [ 0 115:120]
 62 [ 4 120:125]
 -4 [ 4 136:136]

y[1789] = 1.0
Vehicle: 402  Cost: 130.07
Route: 4 12 27 48 59 25 57 73 65 -4 
  4 [10  79: 94]
 12 [ 8 138:143]
 27 [ 4 149:154]
 48 [ 5 179:184]
 59 [ 6 190:195]
 25 [ 2 208:213]
 57 [ 3 213:218]
 73 [ 7 231:236]
 65 [ 8 249:254]
 -4 [ 8 264:264]

y[1860] = 1.0
Vehicle: 803  Cost: 62.33
Route: 8 43 24 66 37 -8 
  8 [10 187:202]
 43 [ 6 214:219]
 24 [ 4 234:239]
 66 [ 6 300:305]
 37 [ 2 305:310]
 -8 [ 2 329:329]

y[1886] = 1.0
Vehicle: 302  Cost: 59.83
Route: 3 69 30 68 -3 
  3 [ 4 235:250]
 69 [ 8 265:270]
 30 [ 4 300:305]
 68 [ 8 316:321]
 -3 [ 8 338:338]

y[2066] = 1.0
Vehicle: 302  Cost: 86.25
Route: 3 33 45 14 41 -3 
  3 [10 430:445]
 33 [ 9 460:465]
 45 [ 7 485:490]
 14 [ 4 493:498]
 41 [ 0 521:526]
 -3 [ 0 551:551]

y[4855] = 1.0
Vehicle: 404  Cost: 27.68
Route: 4 20 54 36 -4 
  4 [ 2  56:290]
 20 [ 1 300:305]
 54 [ 4 305:310]
 36 [ 3 420:425]
 -4 [ 3 438:438]

y[4916] = 1.0
Vehicle: 401  Cost: 71.06
Route: 4 16 51 19 32 61 40 70 31 -4 
  4 [ 9  79: 94]
 16 [ 8 105:110]
 51 [ 9 110:115]
 19 [ 7 125:130]
 32 [ 3 139:144]
 61 [ 4 144:149]
 40 [ 3 162:167]
 70 [ 7 167:172]
 31 [ 6 193:198]
 -4 [ 6 205:205]

FE: 2
SE: 12
!MIP-----
1225.0138524200947,45.90799379348755,1.4518749198422296E-8,2,12,3840,5872

Run: 3
Total Cost: 1248.19
Vehicle: 15  Cost: 156.27
Route: 1 9 7 -7 -1 
 1 [ 46   0:  0 [46, 11, 20, 28, 12, 26, 38, 36, 45, 14, 27, 15, 23, 44, 39, 41, 19, 42, 21, 18, 17, 10, 32]]
 9 [ 37  47: 62 [46, 11, 20, 28, 12, 26, 38, 36, 27, 15, 23, 44, 39, 19, 42, 21, 18, 17, 10, 32]]
 7 [  0  94: 94 []]
-7 [ 21  94:479 [53, 50, 63, 58, 61, 54, 49, 52, 67]]
-1 [ 21 556:556 [53, 50, 63, 58, 61, 54, 49, 52, 67]]

Vehicle: 17  Cost: 90.62
Route: 1 8 -8 -1 
 1 [ 25   0:  0 [22, 16, 25, 37, 13, 34, 31, 43, 29, 24]]
 8 [  0  45: 45 []]
-8 [ 24  45:358 [65, 51, 71, 48, 73, 57, 55, 60, 62, 59, 66]]
-1 [ 24 404:404 [65, 51, 71, 48, 73, 57, 55, 60, 62, 59, 66]]

Vehicle: 18  Cost: 64.40
Route: 1 3 -3 -1 
 1 [ 12   0:  0 [40, 30, 33, 35, 47]]
 3 [  0  32: 32 []]
-3 [ 20  32:370 [64, 72, 70, 68, 69, 56]]
-1 [ 20 402:402 [64, 72, 70, 68, 69, 56]]

Vehicle: 301  Cost: 72.06
Route: 3 70 40 56 47 72 33 -3 
  3 [ 5  32: 47]
 70 [ 9  79: 84]
 40 [ 8  84: 89]
 56 [ 9 300:305]
 47 [ 6 311:316]
 72 [10 316:321]
 33 [ 9 335:340]
 -3 [ 9 355:355]

Vehicle: 302  Cost: 25.46
Route: 3 35 64 -3 
  3 [ 3  32:287]
 35 [ 0 300:305]
 64 [ 3 305:310]
 -3 [ 3 323:323]

Vehicle: 303  Cost: 59.83
Route: 3 69 30 68 -3 
  3 [ 4  32:164]
 69 [ 8 180:185]
 30 [ 4 300:305]
 68 [ 8 316:321]
 -3 [ 8 338:338]

Vehicle: 701  Cost: 86.89
Route: 7 18 26 50 11 17 -7 
  7 [ 8  94:109]
 18 [ 5 134:139]
 26 [ 2 161:166]
 50 [ 6 300:305]
 11 [ 5 305:310]
 17 [ 4 420:425]
 -7 [ 4 444:444]

Vehicle: 702  Cost: 192.07
Route: 7 46 21 53 28 58 23 38 44 54 20 36 63 -7 
  7 [10  94:109]
 46 [ 8 172:177]
 21 [ 7 300:305]
 53 [10 311:316]
 28 [ 8 334:339]
 58 [ 9 339:344]
 23 [ 8 348:353]
 38 [ 7 359:364]
 44 [ 6 370:375]
 54 [ 9 403:408]
 20 [ 8 408:413]
 36 [ 7 420:425]
 63 [ 8 436:441]
 -7 [ 8 464:464]

Vehicle: 703  Cost: 66.88
Route: 7 32 61 67 39 15 42 -7 
  7 [ 9  94:109]
 32 [ 5 116:121]
 61 [ 6 121:126]
 67 [ 9 150:155]
 39 [ 6 155:160]
 15 [ 5 300:305]
 42 [ 4 320:325]
 -7 [ 4 339:339]

Vehicle: 704  Cost: 119.96
Route: 7 19 27 12 10 52 49 -7 
  7 [10  94:109]
 19 [ 8 124:129]
 27 [ 4 165:170]
 12 [ 2 176:181]
 10 [ 0 300:305]
 52 [ 4 314:319]
 49 [ 5 420:425]
 -7 [ 5 449:449]

Vehicle: 801  Cost: 60.26
Route: 8 29 60 55 22 71 -8 
  8 [ 6  45:160]
 29 [ 4 180:185]
 60 [ 8 185:190]
 55 [10 300:305]
 22 [ 6 305:310]
 71 [ 9 320:325]
 -8 [ 9 343:343]

Vehicle: 803  Cost: 79.69
Route: 8 43 24 73 66 37 -8 
  8 [10  45: 60]
 43 [ 6  73: 78]
 24 [ 4  93: 98]
 73 [ 8 121:126]
 66 [10 300:305]
 37 [ 6 305:310]
 -8 [ 6 329:329]

Vehicle: 804  Cost: 105.34
Route: 8 57 25 59 48 13 34 62 51 16 31 65 -8 
  8 [ 9  45: 60]
 57 [10  84: 89]
 25 [ 6  89: 94]
 59 [ 7 107:112]
 48 [ 8 118:123]
 13 [ 7 138:143]
 34 [ 5 146:151]
 62 [ 9 151:156]
 51 [10 163:168]
 16 [ 9 168:173]
 31 [ 8 188:193]
 65 [ 9 207:212]
 -8 [ 9 221:221]

Vehicle: 901  Cost: 68.46
Route: 9 14 41 45 -9 
  9 [ 9  47:288]
 14 [ 6 300:305]
 41 [ 2 420:425]
 45 [ 0 449:454]
 -9 [ 0 464:464]

Total Cost: 1248.19
 15:156.27, 46:75 [1, 9, 7, -7, -1]
 17:90.62, 25:75 [1, 8, -8, -1]
 18:64.40, 20:75 [1, 3, -3, -1]
301:72.06, 10:10 [3, 70, 40, 56, 47, 72, 33, -3]
302:25.46, 3:10 [3, 35, 64, -3]
303:59.83, 8:10 [3, 69, 30, 68, -3]
701:86.89, 8:10 [7, 18, 26, 50, 11, 17, -7]
702:192.07, 10:10 [7, 46, 21, 53, 28, 58, 23, 38, 44, 54, 20, 36, 63, -7]
703:66.88, 9:10 [7, 32, 61, 67, 39, 15, 42, -7]
704:119.96, 10:10 [7, 19, 27, 12, 10, 52, 49, -7]
801:60.26, 10:10 [8, 29, 60, 55, 22, 71, -8]
803:79.69, 10:10 [8, 43, 24, 73, 66, 37, -8]
804:105.34, 10:10 [8, 57, 25, 59, 48, 13, 34, 62, 51, 16, 31, 65, -8]
901:68.46, 9:10 [9, 14, 41, 45, -9]
fe: 3, se: 11

!ALNS------------
100000,1248.188170685597,375.294,193.318,3,11,0.40444444444444444,0.8818181818181818,21.333333333333332,5.818181818181818
2 9 1 9 0 3 1 0 
9.075168993879188 17.698697135563986 9.968777582568672 11.752766126586577 36.86031872719891 26.191154883363293 13.745909085719333 31.55477234652858 
0 6 1 3 3 7 5 0 
12.459749050830961 14.030634748549042 14.422144431368347 12.5748453736954 13.33334426038129 13.847165252613939 14.089567705462708 14.182945111620553 

x[110] = 1.0
Vehicle: 17  Cost: 90.62
Route: 1 8 -8 -1 
 1 [ 25   0:  0 [13, 22, 31, 24, 25, 37, 29, 43, 16, 34]]
 8 [  0  45: 45 []]
-8 [ 24  45:368 [60, 73, 59, 65, 66, 55, 71, 57, 51, 62, 48]]
-1 [ 24 413:413 [60, 73, 59, 65, 66, 55, 71, 57, 51, 62, 48]]

x[1833] = 1.0
Vehicle: 18  Cost: 64.40
Route: 1 3 -3 -1 
 1 [ 12   0:  0 [40, 35, 33, 47, 30]]
 3 [  0  32: 32 []]
-3 [ 20  32:432 [56, 64, 72, 70, 69, 68]]
-1 [ 20 464:464 [56, 64, 72, 70, 69, 68]]

x[1862] = 1.0
Vehicle: 15  Cost: 156.27
Route: 1 9 7 -7 -1 
 1 [ 46   0:  0 [11, 12, 38, 36, 14, 23, 39, 17, 10, 18, 19, 26, 27, 46, 32, 28, 21, 44, 15, 42, 45, 20, 41]]
 9 [ 37  47: 62 [11, 12, 38, 36, 23, 39, 17, 10, 18, 19, 26, 27, 46, 32, 28, 21, 44, 15, 42, 20]]
 7 [  0  94: 94 []]
-7 [ 21  94:520 [58, 61, 67, 53, 52, 54, 50, 63, 49]]
-1 [ 21 598:598 [58, 61, 67, 53, 52, 54, 50, 63, 49]]

y[821] = 1.0
Vehicle: 704  Cost: 119.96
Route: 7 19 27 12 10 52 49 -7 
  7 [10 104:119]
 19 [ 8 134:139]
 27 [ 4 175:180]
 12 [ 2 186:191]
 10 [ 0 300:305]
 52 [ 4 314:319]
 49 [ 5 420:425]
 -7 [ 5 449:449]

y[1125] = 1.0
Vehicle: 701  Cost: 86.89
Route: 7 18 26 50 11 17 -7 
  7 [ 8 147:162]
 18 [ 5 187:192]
 26 [ 2 214:219]
 50 [ 6 300:305]
 11 [ 5 305:310]
 17 [ 4 420:425]
 -7 [ 4 444:444]

y[1248] = 1.0
Vehicle: 801  Cost: 60.26
Route: 8 29 60 55 22 71 -8 
  8 [ 6 226:241]
 29 [ 4 261:266]
 60 [ 8 266:271]
 55 [10 300:305]
 22 [ 6 305:310]
 71 [ 9 320:325]
 -8 [ 9 343:343]

y[1960] = 1.0
Vehicle: 802  Cost: 105.34
Route: 8 25 57 59 48 13 34 62 51 16 31 65 -8 
  8 [ 9  98:113]
 25 [ 5 136:141]
 57 [ 6 141:146]
 59 [ 7 159:164]
 48 [ 8 170:175]
 13 [ 7 191:196]
 34 [ 5 199:204]
 62 [ 9 204:209]
 51 [10 216:221]
 16 [ 9 221:226]
 31 [ 8 240:245]
 65 [ 9 259:264]
 -8 [ 9 273:273]

y[2461] = 1.0
Vehicle: 703  Cost: 66.88
Route: 7 61 32 39 67 15 42 -7 
  7 [ 9 124:139]
 61 [10 146:151]
 32 [ 6 151:156]
 39 [ 3 180:185]
 67 [ 6 185:190]
 15 [ 5 300:305]
 42 [ 4 320:325]
 -7 [ 4 339:339]

y[2477] = 1.0
Vehicle: 303  Cost: 59.83
Route: 3 69 30 68 -3 
  3 [ 4 268:283]
 69 [ 8 299:304]
 30 [ 4 320:325]
 68 [ 8 337:342]
 -3 [ 8 358:358]

y[2552] = 1.0
Vehicle: 803  Cost: 79.69
Route: 8 43 24 73 66 37 -8 
  8 [10 170:185]
 43 [ 6 197:202]
 24 [ 4 217:222]
 73 [ 8 245:250]
 66 [10 300:305]
 37 [ 6 305:310]
 -8 [ 6 329:329]

y[3113] = 1.0
Vehicle: 302  Cost: 25.46
Route: 3 35 64 -3 
  3 [ 3 187:287]
 35 [ 0 300:305]
 64 [ 3 305:310]
 -3 [ 3 323:323]

y[4565] = 1.0
Vehicle: 901  Cost: 68.46
Route: 9 14 41 45 -9 
  9 [ 9 473:488]
 14 [ 6 500:505]
 41 [ 2 528:533]
 45 [ 0 557:562]
 -9 [ 0 572:572]

y[4996] = 1.0
Vehicle: 301  Cost: 72.06
Route: 3 70 40 56 47 72 33 -3 
  3 [ 5 237:252]
 70 [ 9 284:289]
 40 [ 8 289:294]
 56 [ 9 300:305]
 47 [ 6 311:316]
 72 [10 316:321]
 33 [ 9 335:340]
 -3 [ 9 355:355]

y[5357] = 1.0
Vehicle: 702  Cost: 192.07
Route: 7 46 21 53 28 58 23 38 44 20 54 36 63 -7 
  7 [10  95:110]
 46 [ 8 174:179]
 21 [ 7 300:305]
 53 [10 311:316]
 28 [ 8 334:339]
 58 [ 9 339:344]
 23 [ 8 348:353]
 38 [ 7 359:364]
 44 [ 6 370:375]
 20 [ 5 403:408]
 54 [ 8 408:413]
 36 [ 7 420:425]
 63 [ 8 436:441]
 -7 [ 8 464:464]

FE: 3
SE: 11
!MIP-----
1248.188170685597,137.94516110420227,7.76357693053041E-5,3,11,2907,5408

Run: 4
Total Cost: 1258.28
Vehicle: 11  Cost: 90.62
Route: 1 8 -8 -1 
 1 [ 26   0:  0 [43, 37, 24, 21, 22, 29, 25, 28, 46, 23]]
 8 [  0  45: 45 []]
-8 [ 23  45:421 [55, 53, 66, 65, 48, 57, 71, 59, 58, 60, 73]]
-1 [ 23 466:466 [55, 53, 66, 65, 48, 57, 71, 59, 58, 60, 73]]

Vehicle: 12  Cost: 64.40
Route: 1 3 -3 -1 
 1 [ 16   0:  0 [40, 31, 35, 34, 13, 16, 33, 19, 30]]
 3 [  0  32: 32 []]
-3 [ 20  32:353 [51, 68, 64, 62, 70, 69]]
-1 [ 20 385:385 [51, 68, 64, 62, 70, 69]]

Vehicle: 16  Cost: 167.37
Route: 1 9 7 -7 4 -4 -1 
 1 [ 41   0:  0 [32, 36, 20, 11, 44, 14, 38, 42, 45, 12, 15, 18, 17, 27, 41, 26, 47, 39, 10]]
 9 [ 32  47: 62 [32, 36, 20, 11, 44, 38, 42, 12, 15, 18, 17, 27, 26, 47, 39, 10]]
 7 [  2  94: 94 [36, 20]]
-7 [ 21  94:464 [36, 20, 61, 67, 63, 52, 49, 50, 72, 56]]
 4 [ 19 496:496 [61, 67, 63, 52, 49, 50, 72, 56]]
-4 [ 22 496:569 [54, 61, 67, 63, 52, 49, 50, 72, 56]]
-1 [ 22 625:625 [54, 61, 67, 63, 52, 49, 50, 72, 56]]

Vehicle: 301  Cost: 59.83
Route: 3 69 30 68 -3 
  3 [ 4  32:164]
 69 [ 8 180:185]
 30 [ 4 300:305]
 68 [ 8 316:321]
 -3 [ 8 338:338]

Vehicle: 302  Cost: 25.46
Route: 3 35 64 -3 
  3 [ 3  32:287]
 35 [ 0 300:305]
 64 [ 3 305:310]
 -3 [ 3 323:323]

Vehicle: 304  Cost: 122.66
Route: 3 31 13 34 62 16 51 19 40 70 33 -3 
  3 [ 9  32:149]
 31 [ 8 180:185]
 13 [ 7 205:210]
 34 [ 5 213:218]
 62 [ 9 218:223]
 16 [ 8 230:235]
 51 [ 9 235:240]
 19 [ 7 251:256]
 40 [ 6 274:279]
 70 [10 279:284]
 33 [ 9 302:307]
 -3 [ 9 322:322]

Vehicle: 401  Cost: 27.68
Route: 4 36 20 54 -4 
  4 [ 2 496:511]
 36 [ 1 524:529]
 20 [ 0 534:539]
 54 [ 3 539:544]
 -4 [ 3 554:554]

Vehicle: 701  Cost: 14.42
Route: 7 61 32 -7 
  7 [ 4  94:109]
 61 [ 5 116:121]
 32 [ 1 121:126]
 -7 [ 1 133:133]

Vehicle: 702  Cost: 134.94
Route: 7 12 27 38 44 63 10 52 49 -7 
  7 [10  94:109]
 12 [ 8 148:153]
 27 [ 4 159:164]
 38 [ 3 300:305]
 44 [ 2 311:316]
 63 [ 3 337:342]
 10 [ 1 354:359]
 52 [ 5 367:372]
 49 [ 6 420:425]
 -7 [ 6 449:449]

Vehicle: 703  Cost: 86.89
Route: 7 18 26 50 11 17 -7 
  7 [ 8  94:109]
 18 [ 5 134:139]
 26 [ 2 161:166]
 50 [ 6 300:305]
 11 [ 5 305:310]
 17 [ 4 420:425]
 -7 [ 4 444:444]

Vehicle: 704  Cost: 76.72
Route: 7 39 67 15 47 72 56 42 -7 
  7 [ 8  94:109]
 39 [ 5 128:133]
 67 [ 8 133:138]
 15 [ 7 300:305]
 47 [ 4 324:329]
 72 [ 8 329:334]
 56 [ 9 340:345]
 42 [ 8 356:361]
 -7 [ 8 376:376]

Vehicle: 801  Cost: 164.17
Route: 8 25 57 59 48 46 23 28 58 53 21 -8 
  8 [10  45: 60]
 25 [ 6  84: 89]
 57 [ 7  89: 94]
 59 [ 8 107:112]
 48 [ 9 118:123]
 46 [ 7 149:154]
 23 [ 6 300:305]
 28 [ 4 309:314]
 58 [ 5 314:319]
 53 [ 8 337:342]
 21 [ 7 348:353]
 -8 [ 7 406:406]

Vehicle: 802  Cost: 79.69
Route: 8 43 24 73 66 37 -8 
  8 [10  45: 60]
 43 [ 6  73: 78]
 24 [ 4  93: 98]
 73 [ 8 121:126]
 66 [10 300:305]
 37 [ 6 305:310]
 -8 [ 6 329:329]

Vehicle: 803  Cost: 74.96
Route: 8 65 29 60 22 55 71 -8 
  8 [ 6  45: 60]
 65 [ 7  69: 74]
 29 [ 5 180:185]
 60 [ 9 185:190]
 22 [ 5 300:305]
 55 [ 7 305:310]
 71 [10 320:325]
 -8 [10 343:343]

Vehicle: 901  Cost: 68.46
Route: 9 14 41 45 -9 
  9 [ 9  47:288]
 14 [ 6 300:305]
 41 [ 2 420:425]
 45 [ 0 449:454]
 -9 [ 0 464:464]

Total Cost: 1258.28
 11:90.62, 26:75 [1, 8, -8, -1]
 12:64.40, 20:75 [1, 3, -3, -1]
 16:167.37, 41:75 [1, 9, 7, -7, 4, -4, -1]
301:59.83, 8:10 [3, 69, 30, 68, -3]
302:25.46, 3:10 [3, 35, 64, -3]
304:122.66, 10:10 [3, 31, 13, 34, 62, 16, 51, 19, 40, 70, 33, -3]
401:27.68, 3:10 [4, 36, 20, 54, -4]
701:14.42, 5:10 [7, 61, 32, -7]
702:134.94, 10:10 [7, 12, 27, 38, 44, 63, 10, 52, 49, -7]
703:86.89, 8:10 [7, 18, 26, 50, 11, 17, -7]
704:76.72, 9:10 [7, 39, 67, 15, 47, 72, 56, 42, -7]
801:164.17, 10:10 [8, 25, 57, 59, 48, 46, 23, 28, 58, 53, 21, -8]
802:79.69, 10:10 [8, 43, 24, 73, 66, 37, -8]
803:74.96, 10:10 [8, 65, 29, 60, 22, 55, 71, -8]
901:68.46, 9:10 [9, 14, 41, 45, -9]
fe: 3, se: 12

!ALNS------------
100000,1258.2764225282287,415.515,118.801,3,12,0.38666666666666666,0.7916666666666666,21.333333333333332,5.333333333333333
9 11 5 6 0 2 7 0 
8.543866154461812 16.118562654672573 8.909454152793504 11.451036003037677 34.45092418789426 20.935719747230465 12.453288865102019 25.40546368276102 
3 4 8 4 5 5 9 2 
12.210222084212308 13.0508710861592 13.557232268688528 13.636884922730518 13.35917733737869 11.980616984738987 12.420061118822835 12.208793091624255 

x[1285] = 1.0
Vehicle: 12  Cost: 64.40
Route: 1 3 -3 -1 
 1 [ 16   0:  0 [31, 16, 30, 19, 40, 35, 34, 33, 13]]
 3 [  0  32: 32 []]
-3 [ 21  32:384 [69, 56, 62, 70, 51, 68, 64]]
-1 [ 21 417:417 [69, 56, 62, 70, 51, 68, 64]]

x[2370] = 1.0
Vehicle: 16  Cost: 167.37
Route: 1 9 7 -7 4 -4 -1 
 1 [ 41   0:  0 [32, 36, 27, 20, 11, 26, 44, 17, 38, 41, 42, 45, 47, 39, 18, 15, 12, 10, 14]]
 9 [ 32  47: 62 [32, 36, 27, 20, 11, 26, 44, 17, 38, 42, 47, 39, 18, 15, 12, 10]]
 7 [  2  94: 94 [36, 20]]
-7 [ 21  94:464 [52, 36, 20, 72, 61, 63, 67, 56, 50, 49]]
 4 [ 19 496:496 [52, 72, 61, 63, 67, 56, 50, 49]]
-4 [ 22 496:569 [54, 52, 72, 61, 63, 67, 56, 50, 49]]
-1 [ 22 625:625 [52, 54, 72, 61, 63, 67, 56, 50, 49]]

x[3072] = 1.0
Vehicle: 11  Cost: 90.62
Route: 1 8 -8 -1 
 1 [ 26   0:  0 [46, 28, 37, 24, 43, 21, 25, 29, 22, 23]]
 8 [  0  45: 45 []]
-8 [ 26  45:433 [58, 53, 71, 57, 66, 59, 60, 48, 65, 54, 55, 73]]
-1 [ 26 479:479 [58, 53, 71, 57, 66, 59, 60, 48, 65, 54, 55, 73]]

y[298] = 1.0
Vehicle: 702  Cost: 134.94
Route: 7 12 27 38 44 63 10 52 49 -7 
  7 [10 149:164]
 12 [ 8 203:208]
 27 [ 4 214:219]
 38 [ 3 300:305]
 44 [ 2 311:316]
 63 [ 3 337:342]
 10 [ 1 354:359]
 52 [ 5 367:372]
 49 [ 6 420:425]
 -7 [ 6 449:449]

y[844] = 1.0
Vehicle: 902  Cost: 68.46
Route: 9 14 41 45 -9 
  9 [ 9 404:419]
 14 [ 6 432:437]
 41 [ 2 459:464]
 45 [ 0 488:493]
 -9 [ 0 503:503]

y[1077] = 1.0
Vehicle: 701  Cost: 14.42
Route: 7 61 32 -7 
  7 [ 4 147:162]
 61 [ 5 169:174]
 32 [ 1 174:179]
 -7 [ 1 186:186]

y[1100] = 1.0
Vehicle: 802  Cost: 74.96
Route: 8 65 29 60 22 55 71 -8 
  8 [ 6  45: 60]
 65 [ 7  69: 74]
 29 [ 5 180:185]
 60 [ 9 185:190]
 22 [ 5 300:305]
 55 [ 7 305:310]
 71 [10 320:325]
 -8 [10 343:343]

y[1173] = 1.0
Vehicle: 703  Cost: 86.89
Route: 7 18 26 50 11 17 -7 
  7 [ 8 147:162]
 18 [ 5 187:192]
 26 [ 2 214:219]
 50 [ 6 300:305]
 11 [ 5 305:310]
 17 [ 4 420:425]
 -7 [ 4 444:444]

y[2470] = 1.0
Vehicle: 301  Cost: 59.83
Route: 3 69 30 68 -3 
  3 [ 4 247:262]
 69 [ 8 278:283]
 30 [ 4 300:305]
 68 [ 8 316:321]
 -3 [ 8 338:338]

y[2920] = 1.0
Vehicle: 801  Cost: 164.17
Route: 8 25 57 59 48 46 23 28 58 53 21 -8 
  8 [10  45: 60]
 25 [ 6  84: 89]
 57 [ 7  89: 94]
 59 [ 8 107:112]
 48 [ 9 118:123]
 46 [ 7 149:154]
 23 [ 6 300:305]
 28 [ 4 309:314]
 58 [ 5 314:319]
 53 [ 8 337:342]
 21 [ 7 348:353]
 -8 [ 7 406:406]

y[3371] = 1.0
Vehicle: 701  Cost: 76.72
Route: 7 39 67 15 47 72 56 42 -7 
  7 [ 8 149:164]
 39 [ 5 183:188]
 67 [ 8 188:193]
 15 [ 7 300:305]
 47 [ 4 324:329]
 72 [ 8 329:334]
 56 [ 9 340:345]
 42 [ 8 356:361]
 -7 [ 8 376:376]

y[3904] = 1.0
Vehicle: 401  Cost: 27.68
Route: 4 36 54 20 -4 
  4 [ 2 496:511]
 36 [ 1 524:529]
 54 [ 4 534:539]
 20 [ 3 539:544]
 -4 [ 3 554:554]

y[4165] = 1.0
Vehicle: 802  Cost: 79.69
Route: 8 43 24 73 66 37 -8 
  8 [10 158:173]
 43 [ 6 186:191]
 24 [ 4 206:211]
 73 [ 8 234:239]
 66 [10 300:305]
 37 [ 6 305:310]
 -8 [ 6 329:329]

y[5378] = 1.0
Vehicle: 304  Cost: 122.66
Route: 3 31 13 34 62 51 16 19 40 70 33 -3 
  3 [ 9  85:149]
 31 [ 8 180:185]
 13 [ 7 205:210]
 34 [ 5 213:218]
 62 [ 9 218:223]
 51 [10 230:235]
 16 [ 9 235:240]
 19 [ 7 251:256]
 40 [ 6 274:279]
 70 [10 279:284]
 33 [ 9 302:307]
 -3 [ 9 322:322]

y[5418] = 1.0
Vehicle: 302  Cost: 25.46
Route: 3 64 35 -3 
  3 [ 3 273:288]
 64 [ 6 300:305]
 35 [ 3 305:310]
 -3 [ 3 323:323]

FE: 3
SE: 12
!MIP-----
1258.2764225282287,151.09262108802795,0.0,3,12,3441,5572

Run: 5
Total Cost: 1248.19
Vehicle: 11  Cost: 64.40
Route: 1 3 -3 -1 
 1 [ 12   0:  0 [33, 47, 40, 30, 35]]
 3 [  0  32: 32 []]
-3 [ 20  32:370 [70, 64, 56, 69, 68, 72]]
-1 [ 20 402:402 [70, 64, 56, 69, 68, 72]]

Vehicle: 15  Cost: 156.27
Route: 1 9 7 -7 -1 
 1 [ 46   0:  0 [26, 23, 32, 36, 12, 46, 15, 44, 20, 18, 11, 39, 19, 27, 17, 10, 28, 21, 42, 38, 45, 14, 41]]
 9 [ 37  47: 62 [26, 23, 32, 36, 12, 46, 15, 44, 20, 18, 11, 39, 19, 27, 17, 10, 28, 21, 42, 38]]
 7 [  0  94: 94 []]
-7 [ 21  94:479 [53, 52, 61, 67, 58, 49, 50, 63, 54]]
-1 [ 21 556:556 [53, 52, 61, 67, 58, 49, 50, 63, 54]]

Vehicle: 16  Cost: 90.62
Route: 1 8 -8 -1 
 1 [ 25   0:  0 [37, 43, 22, 34, 29, 25, 13, 16, 24, 31]]
 8 [  0  45: 45 []]
-8 [ 24  45:358 [66, 60, 51, 65, 62, 55, 57, 73, 71, 48, 59]]
-1 [ 24 404:404 [66, 60, 51, 65, 62, 55, 57, 73, 71, 48, 59]]

Vehicle: 301  Cost: 25.46
Route: 3 35 64 -3 
  3 [ 3  32:287]
 35 [ 0 300:305]
 64 [ 3 305:310]
 -3 [ 3 323:323]

Vehicle: 302  Cost: 72.06
Route: 3 40 70 56 47 72 33 -3 
  3 [ 5  32: 47]
 40 [ 4  79: 84]
 70 [ 8  84: 89]
 56 [ 9 300:305]
 47 [ 6 311:316]
 72 [10 316:321]
 33 [ 9 335:340]
 -3 [ 9 355:355]

Vehicle: 303  Cost: 59.83
Route: 3 69 30 68 -3 
  3 [ 4  32:164]
 69 [ 8 180:185]
 30 [ 4 300:305]
 68 [ 8 316:321]
 -3 [ 8 338:338]

Vehicle: 701  Cost: 86.89
Route: 7 18 26 11 50 17 -7 
  7 [ 8  94:109]
 18 [ 5 134:139]
 26 [ 2 161:166]
 11 [ 1 300:305]
 50 [ 5 305:310]
 17 [ 4 420:425]
 -7 [ 4 444:444]

Vehicle: 702  Cost: 66.88
Route: 7 61 32 39 67 15 42 -7 
  7 [ 9  94:109]
 61 [10 116:121]
 32 [ 6 121:126]
 39 [ 3 150:155]
 67 [ 6 155:160]
 15 [ 5 300:305]
 42 [ 4 320:325]
 -7 [ 4 339:339]

Vehicle: 703  Cost: 192.07
Route: 7 46 21 53 28 58 23 38 44 54 20 36 63 -7 
  7 [10  94:109]
 46 [ 8 172:177]
 21 [ 7 300:305]
 53 [10 311:316]
 28 [ 8 334:339]
 58 [ 9 339:344]
 23 [ 8 348:353]
 38 [ 7 359:364]
 44 [ 6 370:375]
 54 [ 9 403:408]
 20 [ 8 408:413]
 36 [ 7 420:425]
 63 [ 8 436:441]
 -7 [ 8 464:464]

Vehicle: 704  Cost: 119.96
Route: 7 19 27 12 10 52 49 -7 
  7 [10  94:109]
 19 [ 8 124:129]
 27 [ 4 165:170]
 12 [ 2 176:181]
 10 [ 0 300:305]
 52 [ 4 314:319]
 49 [ 5 420:425]
 -7 [ 5 449:449]

Vehicle: 801  Cost: 60.26
Route: 8 29 60 55 22 71 -8 
  8 [ 6  45:160]
 29 [ 4 180:185]
 60 [ 8 185:190]
 55 [10 300:305]
 22 [ 6 305:310]
 71 [ 9 320:325]
 -8 [ 9 343:343]

Vehicle: 802  Cost: 105.34
Route: 8 25 57 59 48 13 34 62 16 51 31 65 -8 
  8 [ 9  45: 60]
 25 [ 5  84: 89]
 57 [ 6  89: 94]
 59 [ 7 107:112]
 48 [ 8 118:123]
 13 [ 7 138:143]
 34 [ 5 146:151]
 62 [ 9 151:156]
 16 [ 8 163:168]
 51 [ 9 168:173]
 31 [ 8 188:193]
 65 [ 9 207:212]
 -8 [ 9 221:221]

Vehicle: 803  Cost: 79.69
Route: 8 43 24 73 37 66 -8 
  8 [10  45: 60]
 43 [ 6  73: 78]
 24 [ 4  93: 98]
 73 [ 8 121:126]
 37 [ 4 300:305]
 66 [ 6 305:310]
 -8 [ 6 329:329]

Vehicle: 901  Cost: 68.46
Route: 9 14 41 45 -9 
  9 [ 9  47:288]
 14 [ 6 300:305]
 41 [ 2 420:425]
 45 [ 0 449:454]
 -9 [ 0 464:464]

Total Cost: 1248.19
 11:64.40, 20:75 [1, 3, -3, -1]
 15:156.27, 46:75 [1, 9, 7, -7, -1]
 16:90.62, 25:75 [1, 8, -8, -1]
301:25.46, 3:10 [3, 35, 64, -3]
302:72.06, 10:10 [3, 40, 70, 56, 47, 72, 33, -3]
303:59.83, 8:10 [3, 69, 30, 68, -3]
701:86.89, 8:10 [7, 18, 26, 11, 50, 17, -7]
702:66.88, 10:10 [7, 61, 32, 39, 67, 15, 42, -7]
703:192.07, 10:10 [7, 46, 21, 53, 28, 58, 23, 38, 44, 54, 20, 36, 63, -7]
704:119.96, 10:10 [7, 19, 27, 12, 10, 52, 49, -7]
801:60.26, 10:10 [8, 29, 60, 55, 22, 71, -8]
802:105.34, 9:10 [8, 25, 57, 59, 48, 13, 34, 62, 16, 51, 31, 65, -8]
803:79.69, 10:10 [8, 43, 24, 73, 37, 66, -8]
901:68.46, 9:10 [9, 14, 41, 45, -9]
fe: 3, se: 11

!ALNS------------
100000,1248.188170685597,322.192,120.617,3,11,0.40444444444444444,0.8818181818181818,21.333333333333332,5.818181818181818
3 7 5 7 1 1 4 0 
8.324303578009792 16.855119498984244 9.743624503377626 10.305581129340855 15.113633363062172 25.430927423324764 11.652949956887886 32.35156828194247 
3 2 3 4 5 2 7 2 
12.948366545588067 10.75832747461937 13.639029220802634 13.701684418657635 13.314502098141782 12.88117414650337 13.130249875397947 10.99754435269221 

x[365] = 1.0
Vehicle: 11  Cost: 64.40
Route: 1 3 -3 -1 
 1 [ 12   0:  0 [40, 30, 47, 33, 35]]
 3 [  0  32: 32 []]
-3 [ 20  32:384 [72, 56, 68, 70, 64, 69]]
-1 [ 20 416:416 [72, 56, 68, 70, 64, 69]]

x[1429] = 1.0
Vehicle: 15  Cost: 156.27
Route: 1 9 7 -7 -1 
 1 [ 46   0:  0 [27, 38, 23, 14, 28, 11, 36, 15, 39, 45, 20, 44, 18, 19, 10, 26, 21, 41, 12, 17, 46, 42, 32]]
 9 [ 37  47: 62 [27, 38, 23, 28, 11, 36, 15, 39, 20, 44, 18, 19, 10, 26, 21, 12, 17, 46, 42, 32]]
 7 [  0  94: 94 []]
-7 [ 26  94:509 [61, 58, 63, 54, 53, 67, 56, 49, 50, 72, 52]]
-1 [ 26 586:586 [61, 58, 63, 54, 53, 67, 56, 49, 50, 72, 52]]

x[2345] = 1.0
Vehicle: 16  Cost: 90.62
Route: 1 8 -8 -1 
 1 [ 25   0:  0 [37, 34, 31, 43, 22, 25, 29, 24, 13, 16]]
 8 [  0  45: 45 []]
-8 [ 28  45:365 [60, 55, 73, 48, 62, 71, 54, 66, 58, 57, 59, 65, 51]]
-1 [ 28 410:410 [60, 55, 73, 48, 62, 71, 54, 66, 58, 57, 59, 65, 51]]

y[70] = 1.0
Vehicle: 301  Cost: 25.46
Route: 3 64 35 -3 
  3 [ 3 240:287]
 64 [ 6 300:305]
 35 [ 3 305:310]
 -3 [ 3 323:323]

y[767] = 1.0
Vehicle: 801  Cost: 60.26
Route: 8 60 29 22 55 71 -8 
  8 [ 6 201:216]
 60 [10 236:241]
 29 [ 8 241:246]
 22 [ 4 300:305]
 55 [ 6 305:310]
 71 [ 9 320:325]
 -8 [ 9 343:343]

y[1648] = 1.0
Vehicle: 802  Cost: 105.34
Route: 8 25 57 59 48 13 34 62 51 16 31 65 -8 
  8 [ 9  98:113]
 25 [ 5 136:141]
 57 [ 6 141:146]
 59 [ 7 159:164]
 48 [ 8 170:175]
 13 [ 7 191:196]
 34 [ 5 199:204]
 62 [ 9 204:209]
 51 [10 216:221]
 16 [ 9 221:226]
 31 [ 8 240:245]
 65 [ 9 259:264]
 -8 [ 9 273:273]

y[1657] = 1.0
Vehicle: 702  Cost: 66.88
Route: 7 32 61 67 39 15 42 -7 
  7 [ 9 126:141]
 32 [ 5 148:153]
 61 [ 6 153:158]
 67 [ 9 182:187]
 39 [ 6 187:192]
 15 [ 5 300:305]
 42 [ 4 320:325]
 -7 [ 4 339:339]

y[1803] = 1.0
Vehicle: 302  Cost: 72.06
Route: 3 40 70 56 47 72 33 -3 
  3 [ 5 231:246]
 40 [ 4 278:283]
 70 [ 8 283:288]
 56 [ 9 300:305]
 47 [ 6 311:316]
 72 [10 316:321]
 33 [ 9 335:340]
 -3 [ 9 355:355]

y[1951] = 1.0
Vehicle: 303  Cost: 59.83
Route: 3 69 30 68 -3 
  3 [ 4 248:263]
 69 [ 8 278:283]
 30 [ 4 300:305]
 68 [ 8 316:321]
 -3 [ 8 338:338]

y[3371] = 1.0
Vehicle: 701  Cost: 86.89
Route: 7 18 26 50 11 17 -7 
  7 [ 8 110:125]
 18 [ 5 150:155]
 26 [ 2 177:182]
 50 [ 6 300:305]
 11 [ 5 305:310]
 17 [ 4 420:425]
 -7 [ 4 444:444]

y[3397] = 1.0
Vehicle: 803  Cost: 79.69
Route: 8 43 24 73 37 66 -8 
  8 [10 158:173]
 43 [ 6 186:191]
 24 [ 4 206:211]
 73 [ 8 234:239]
 37 [ 4 300:305]
 66 [ 6 305:310]
 -8 [ 6 329:329]

y[3690] = 1.0
Vehicle: 901  Cost: 68.46
Route: 9 14 41 45 -9 
  9 [ 9 485:500]
 14 [ 6 512:517]
 41 [ 2 540:545]
 45 [ 0 569:574]
 -9 [ 0 584:584]

y[3772] = 1.0
Vehicle: 704  Cost: 119.96
Route: 7 19 27 12 10 52 49 -7 
  7 [10 149:164]
 19 [ 8 179:184]
 27 [ 4 220:225]
 12 [ 2 231:236]
 10 [ 0 300:305]
 52 [ 4 314:319]
 49 [ 5 420:425]
 -7 [ 5 449:449]

y[4447] = 1.0
Vehicle: 703  Cost: 192.07
Route: 7 46 21 53 28 58 23 38 44 20 54 36 63 -7 
  7 [10  95:110]
 46 [ 8 174:179]
 21 [ 7 300:305]
 53 [10 311:316]
 28 [ 8 334:339]
 58 [ 9 339:344]
 23 [ 8 348:353]
 38 [ 7 359:364]
 44 [ 6 370:375]
 20 [ 5 403:408]
 54 [ 8 408:413]
 36 [ 7 420:425]
 63 [ 8 436:441]
 -7 [ 8 464:464]

FE: 3
SE: 11
!MIP-----
1248.188170685597,112.75015306472778,3.746263608027956E-5,3,11,2524,4498

