--Parameters Information--
speed=1
run=5
iteration= 100000
batch=100
restartPeriod=10000
largeRemovalOccurrence=500
initialLNS=250
lowerBoundSmallRemoval=4
smallRemoval=0.2
lowerBoundLargeRemoval=0.55
largeRemoval=0.8
initialWeight=1.0
decayRate=0.1
gamma1=9.0
gamma2=5.0
gamma3=2.0
gamma4=0.0
coolingRate=0.9995
temperatureControlParameter=0.05
initialAcceptanceProbability=0.5
perturbation=0.5
perturbationFactor=0.01
split=20000

Setup: Split
Data: C_50_2_TD

Run: 1
Total Cost: 1341.52
Vehicle: 11  Cost: 147.27
Route: 1 4 2 -2 -4 -1 
 1 [ 24   0:  0 [31, 40, 45, 30, 29, 15, 26, 32, 28]]
 4 [ 23  32: 47 [31, 40, 45, 30, 29, 15, 32, 28]]
 2 [  0  89: 89 []]
-2 [  8  89:556 [63, 68, 62]]
-4 [ 12 598:613 [59, 63, 68, 62]]
-1 [ 12 644:644 [63, 59, 68, 62]]

Vehicle: 12  Cost: 128.25
Route: 1 5 -5 3 -3 -1 
 1 [ 50   0:  0 [20, 18, 25, 14, 13, 16, 27, 22, 36, 11, 35, 19, 34, 24, 33, 41, 39, 21, 43, 23]]
 5 [ 44  41: 41 [20, 18, 14, 13, 16, 27, 22, 36, 11, 35, 19, 34, 33, 41, 21, 43, 23]]
-5 [ 46  41: 93 [70, 20, 18, 14, 13, 16, 27, 22, 36, 11, 35, 19, 34, 33, 41, 21, 43, 23]]
 3 [  2 116:116 [70]]
-3 [ 34 116:404 [58, 50, 49, 51, 70, 53, 67, 47, 54, 61, 66, 65, 71, 56]]
-1 [ 34 468:468 [58, 50, 49, 51, 70, 53, 67, 47, 54, 61, 66, 65, 71, 56]]

Vehicle: 14  Cost: 65.12
Route: 1 9 -9 -1 
 1 [ 13   0:  0 [37, 12, 44, 42, 38, 10, 17]]
 9 [  0  33: 33 []]
-9 [ 32  33:354 [74, 52, 55, 48, 64, 73, 69, 60, 57, 72, 46]]
-1 [ 32 387:387 [74, 52, 55, 48, 64, 73, 69, 60, 57, 72, 46]]

Vehicle: 201  Cost: 129.60
Route: 2 30 28 62 32 68 -2 
  2 [10  89:386]
 30 [ 8 420:425]
 28 [ 4 461:466]
 62 [ 6 466:471]
 32 [ 2 478:483]
 68 [ 4 519:524]
 -2 [ 4 541:541]

Vehicle: 202  Cost: 93.20
Route: 2 40 31 63 29 15 -2 
  2 [ 9  89:104]
 40 [ 8 105:110]
 31 [ 6 300:305]
 63 [10 305:310]
 29 [ 6 420:425]
 15 [ 4 442:447]
 -2 [ 4 476:476]

Vehicle: 203  Cost: 20.10
Route: 2 45 -2 
  2 [ 4  89:170]
 45 [ 0 180:185]
 -2 [ 0 195:195]

Vehicle: 301  Cost: 73.16
Route: 3 11 47 27 36 18 50 61 41 -3 
  3 [10 116:131]
 11 [ 6 152:157]
 47 [10 157:162]
 27 [ 8 166:171]
 36 [ 6 178:183]
 18 [ 5 190:195]
 50 [ 8 195:200]
 61 [10 216:221]
 41 [ 9 234:239]
 -3 [ 9 244:244]

Vehicle: 302  Cost: 80.65
Route: 3 14 49 22 54 53 20 -3 
  3 [10 116:131]
 14 [ 6 156:161]
 49 [ 9 161:166]
 22 [ 5 184:189]
 54 [ 9 189:194]
 53 [10 300:305]
 20 [ 8 305:310]
 -3 [ 8 339:339]

Vehicle: 303  Cost: 115.39
Route: 3 66 23 56 21 43 71 58 -3 
  3 [ 8 116:131]
 66 [ 9 157:162]
 23 [ 8 170:175]
 56 [ 9 175:180]
 21 [ 5 300:305]
 43 [ 2 313:318]
 71 [ 3 333:338]
 58 [ 4 352:357]
 -3 [ 4 389:389]

Vehicle: 304  Cost: 80.15
Route: 3 13 34 67 65 33 -3 
  3 [ 7 116:131]
 13 [ 4 140:145]
 34 [ 1 158:163]
 67 [ 5 163:168]
 65 [ 9 196:201]
 33 [ 8 201:206]
 -3 [ 8 236:236]

Vehicle: 305  Cost: 40.78
Route: 3 19 35 16 51 -3 
  3 [ 9 116:131]
 19 [ 5 141:146]
 35 [ 2 152:157]
 16 [ 0 300:305]
 51 [ 3 317:322]
 -3 [ 3 332:332]

Vehicle: 401  Cost: 20.00
Route: 4 26 59 -4 
  4 [ 1  32:410]
 26 [ 0 420:425]
 59 [ 4 425:430]
 -4 [ 4 440:440]

Vehicle: 501  Cost: 23.50
Route: 5 24 25 -5 
  5 [ 5  41:412]
 24 [ 3 420:425]
 25 [ 0 431:436]
 -5 [ 0 445:445]

Vehicle: 502  Cost: 11.31
Route: 5 39 70 -5 
  5 [ 1  41: 56]
 39 [ 0  62: 67]
 70 [ 2  67: 72]
 -5 [ 2  78: 78]

Vehicle: 901  Cost: 50.73
Route: 9 72 69 38 44 73 -9 
  9 [ 2  33: 48]
 72 [ 5  63: 68]
 69 [ 9  78: 83]
 38 [ 8  83: 88]
 44 [ 7 300:305]
 73 [10 305:310]
 -9 [10 323:323]

Vehicle: 902  Cost: 134.18
Route: 9 74 37 60 64 48 -9 
  9 [ 2  33: 48]
 74 [ 5 103:108]
 37 [ 3 143:148]
 60 [ 5 180:185]
 64 [ 8 300:305]
 48 [10 317:322]
 -9 [10 339:339]

Vehicle: 903  Cost: 113.45
Route: 9 12 57 52 17 55 -9 
  9 [ 6  33: 48]
 12 [ 2  70: 75]
 57 [ 6  83: 88]
 52 [ 7 109:114]
 17 [ 5 142:147]
 55 [ 9 300:305]
 -9 [ 9 321:321]

Vehicle: 904  Cost: 14.69
Route: 9 42 46 10 -9 
  9 [ 3  33:293]
 42 [ 1 300:305]
 46 [ 4 310:315]
 10 [ 3 315:320]
 -9 [ 3 323:323]

Total Cost: 1341.52
 11:147.27, 24:75 [1, 4, 2, -2, -4, -1]
 12:128.25, 50:75 [1, 5, -5, 3, -3, -1]
 14:65.12, 32:75 [1, 9, -9, -1]
201:129.60, 10:10 [2, 30, 28, 62, 32, 68, -2]
202:93.20, 10:10 [2, 40, 31, 63, 29, 15, -2]
203:20.10, 4:10 [2, 45, -2]
301:73.16, 10:10 [3, 11, 47, 27, 36, 18, 50, 61, 41, -3]
302:80.65, 10:10 [3, 14, 49, 22, 54, 53, 20, -3]
303:115.39, 9:10 [3, 66, 23, 56, 21, 43, 71, 58, -3]
304:80.15, 9:10 [3, 13, 34, 67, 65, 33, -3]
305:40.78, 9:10 [3, 19, 35, 16, 51, -3]
401:20.00, 4:10 [4, 26, 59, -4]
501:23.50, 5:10 [5, 24, 25, -5]
502:11.31, 2:10 [5, 39, 70, -5]
901:50.73, 10:10 [9, 72, 69, 38, 44, 73, -9]
902:134.18, 10:10 [9, 74, 37, 60, 64, 48, -9]
903:113.45, 9:10 [9, 12, 57, 52, 17, 55, -9]
904:14.69, 4:10 [9, 42, 46, 10, -9]
fe: 3, se: 15

!ALNS------------
100000,1341.5237441165707,196.452,20.922,3,15,0.4711111111111111,0.7666666666666667,21.666666666666668,4.333333333333333
9 10 7 5 0 0 6 1 
8.308535067690697 15.937892428186764 7.9014331800553 10.021600145451313 25.079406158825837 14.890009196768148 14.056553161084846 28.15358477215858 
2 4 3 6 7 6 6 4 
11.342565646822889 11.04407941021559 11.827817065271322 11.559489125537175 11.850355423317145 12.098486350058332 13.628037989417956 11.61663028988056 

x[918] = 1.0
Vehicle: 14  Cost: 65.12
Route: 1 9 -9 -1 
 1 [  7   0:  0 [37, 38, 10, 42, 44]]
 9 [  0  33: 33 []]
-9 [ 23  33:381 [73, 48, 46, 69, 72, 60, 64, 74]]
-1 [ 23 414:414 [73, 48, 46, 69, 72, 60, 64, 74]]

x[1478] = 1.0
Vehicle: 12  Cost: 129.92
Route: 1 5 3 -3 -8 -1 
 1 [ 50   0:  0 [20, 33, 22, 34, 11, 14, 24, 36, 27, 18, 19, 25, 35, 41, 43, 16, 23, 39, 21, 13]]
 5 [ 45  41: 56 [20, 33, 22, 34, 11, 14, 36, 27, 18, 19, 35, 41, 43, 16, 23, 39, 21, 13]]
 3 [  0  80: 80 []]
-3 [ 34  80:387 [47, 65, 61, 50, 53, 58, 66, 71, 56, 49, 67, 54, 51, 70]]
-8 [ 39 428:443 [52, 47, 65, 61, 50, 53, 58, 66, 71, 56, 49, 67, 54, 51, 70, 57]]
-1 [ 39 468:468 [47, 65, 61, 50, 53, 58, 66, 71, 56, 49, 67, 54, 51, 70, 52, 57]]

x[1820] = 0.9999999999999999
Vehicle: 11  Cost: 151.28
Route: 1 8 4 2 -2 -4 -1 
 1 [ 30   0:  0 [30, 15, 29, 31, 40, 28, 26, 32, 17, 45, 12]]
 8 [ 26  24: 39 [30, 15, 29, 31, 40, 28, 26, 32, 17, 45]]
 4 [ 23  51: 66 [30, 15, 29, 31, 40, 28, 32, 45]]
 2 [  0 108:108 []]
-2 [  8 108:556 [63, 62, 68]]
-4 [ 16 598:613 [59, 63, 62, 68, 55]]
-1 [ 16 644:644 [63, 62, 59, 68, 55]]

y[165] = 1.0
Vehicle: 902  Cost: 134.18
Route: 9 74 37 60 64 48 -9 
  9 [ 2 102:117]
 74 [ 5 172:177]
 37 [ 3 213:218]
 60 [ 5 219:224]
 64 [ 8 300:305]
 48 [10 317:322]
 -9 [10 339:339]

y[486] = 1.0
Vehicle: 501  Cost: 23.50
Route: 5 24 25 -5 
  5 [ 5 422:437]
 24 [ 3 445:450]
 25 [ 0 456:461]
 -5 [ 0 471:471]

y[1050] = 1.0
Vehicle: 302  Cost: 89.54
Route: 3 14 49 22 54 58 20 53 -3 
  3 [10 134:149]
 14 [ 6 174:179]
 49 [ 9 179:184]
 22 [ 5 203:208]
 54 [ 9 208:213]
 58 [10 300:305]
 20 [ 8 314:319]
 53 [ 9 319:324]
 -3 [ 9 353:353]

y[1119] = 1.0
Vehicle: 305  Cost: 29.86
Route: 3 19 35 16 -3 
  3 [ 9 134:149]
 19 [ 5 159:164]
 35 [ 2 170:175]
 16 [ 0 300:305]
 -3 [ 0 316:316]

y[1444] = 1.0
Vehicle: 305  Cost: 59.18
Route: 3 13 34 67 70 39 51 -3 
  3 [ 7 123:138]
 13 [ 4 146:151]
 34 [ 1 164:169]
 67 [ 5 169:174]
 70 [ 7 191:196]
 39 [ 6 196:201]
 51 [ 9 300:305]
 -3 [ 9 315:315]

y[1775] = 1.0
Vehicle: 901  Cost: 50.73
Route: 9 72 38 69 44 73 -9 
  9 [ 2 174:189]
 72 [ 5 204:209]
 38 [ 4 219:224]
 69 [ 8 224:229]
 44 [ 7 300:305]
 73 [10 305:310]
 -9 [10 323:323]

y[1801] = 1.0
Vehicle: 202  Cost: 93.20
Route: 2 40 31 63 29 15 -2 
  2 [ 9 160:175]
 40 [ 8 176:181]
 31 [ 6 300:305]
 63 [10 305:310]
 29 [ 6 420:425]
 15 [ 4 442:447]
 -2 [ 4 476:476]

y[1966] = 1.0
Vehicle: 802  Cost: 78.04
Route: 8 52 57 12 -8 
  8 [ 4  24: 39]
 52 [ 5  61: 66]
 57 [ 9  88: 93]
 12 [ 5 101:106]
 -8 [ 5 132:132]

y[2457] = 1.0
Vehicle: 401  Cost: 44.37
Route: 4 17 26 59 55 -4 
  4 [ 3 159:174]
 17 [ 1 180:185]
 26 [ 0 420:425]
 59 [ 4 425:430]
 55 [ 8 441:446]
 -4 [ 8 458:458]

y[2683] = 1.0
Vehicle: 303  Cost: 108.16
Route: 3 41 56 23 66 71 43 21 -3 
  3 [ 9 116:131]
 41 [ 8 136:141]
 56 [ 9 160:165]
 23 [ 8 165:170]
 66 [ 9 178:183]
 71 [10 300:305]
 43 [ 7 319:324]
 21 [ 3 333:338]
 -3 [ 3 372:372]

y[2820] = 1.0
Vehicle: 305  Cost: 41.66
Route: 3 11 47 61 -3 
  3 [ 4  80: 95]
 11 [ 0 115:120]
 47 [ 4 120:125]
 61 [ 6 180:185]
 -3 [ 6 203:203]

y[2897] = 1.0
Vehicle: 904  Cost: 14.69
Route: 9 42 46 10 -9 
  9 [ 3  96:293]
 42 [ 1 300:305]
 46 [ 4 310:315]
 10 [ 3 315:320]
 -9 [ 3 323:323]

y[2977] = 1.0
Vehicle: 201  Cost: 129.60
Route: 2 30 28 62 32 68 -2 
  2 [10  95:386]
 30 [ 8 420:425]
 28 [ 4 461:466]
 62 [ 6 466:471]
 32 [ 2 478:483]
 68 [ 4 519:524]
 -2 [ 4 541:541]

y[3224] = 1.0
Vehicle: 301  Cost: 75.42
Route: 3 27 36 18 50 33 65 -3 
  3 [ 6  80: 95]
 27 [ 4 119:124]
 36 [ 2 131:136]
 18 [ 1 180:185]
 50 [ 4 185:190]
 33 [ 3 197:202]
 65 [ 7 202:207]
 -3 [ 7 237:237]

y[4610] = 1.0
Vehicle: 203  Cost: 20.10
Route: 2 45 -2 
  2 [ 4 216:231]
 45 [ 0 241:246]
 -2 [ 0 256:256]

FE: 3
SE: 15
!MIP-----
1338.5640004591937,48.4958758354187,6.078262218131584E-5,3,15,2392,4645

Run: 2
Total Cost: 1337.31
Vehicle: 11  Cost: 151.28
Route: 1 8 4 2 -2 -4 -1 
 1 [ 30   0:  0 [15, 31, 32, 28, 29, 30, 26, 17, 12, 45, 40]]
 8 [ 26  24: 39 [15, 31, 32, 28, 29, 30, 26, 17, 45, 40]]
 4 [ 23  51: 66 [15, 31, 32, 28, 29, 30, 45, 40]]
 2 [  0 108:108 []]
-2 [  8 108:556 [62, 68, 63]]
-4 [ 16 598:613 [62, 68, 63, 59, 55]]
-1 [ 16 644:644 [62, 68, 63, 59, 55]]

Vehicle: 12  Cost: 129.92
Route: 1 5 -5 3 -3 -8 -1 
 1 [ 50   0:  0 [39, 23, 14, 35, 33, 24, 20, 43, 36, 22, 11, 27, 16, 19, 25, 41, 13, 34, 18, 21]]
 5 [ 44  41: 41 [23, 14, 35, 33, 20, 43, 36, 22, 11, 27, 16, 19, 41, 13, 34, 18, 21]]
-5 [ 46  41: 93 [70, 23, 14, 35, 33, 20, 43, 36, 22, 11, 27, 16, 19, 41, 13, 34, 18, 21]]
 3 [  2 116:116 [70]]
-3 [ 34 116:387 [70, 58, 67, 54, 50, 71, 47, 49, 53, 56, 66, 65, 51, 61]]
-8 [ 39 428:443 [52, 70, 58, 67, 54, 50, 71, 47, 49, 57, 53, 56, 66, 65, 51, 61]]
-1 [ 39 468:468 [70, 52, 58, 67, 54, 50, 71, 47, 49, 57, 53, 56, 66, 65, 51, 61]]

Vehicle: 13  Cost: 65.12
Route: 1 9 -9 -1 
 1 [  7   0:  0 [10, 44, 38, 37, 42]]
 9 [  0  33: 33 []]
-9 [ 23  33:354 [48, 64, 69, 72, 73, 74, 60, 46]]
-1 [ 23 387:387 [48, 64, 69, 72, 73, 74, 60, 46]]

Vehicle: 201  Cost: 129.60
Route: 2 30 28 62 32 68 -2 
  2 [10 108:386]
 30 [ 8 420:425]
 28 [ 4 461:466]
 62 [ 6 466:471]
 32 [ 2 478:483]
 68 [ 4 519:524]
 -2 [ 4 541:541]

Vehicle: 202  Cost: 93.20
Route: 2 40 31 63 29 15 -2 
  2 [ 9 108:123]
 40 [ 8 124:129]
 31 [ 6 300:305]
 63 [10 305:310]
 29 [ 6 420:425]
 15 [ 4 442:447]
 -2 [ 4 476:476]

Vehicle: 203  Cost: 20.10
Route: 2 45 -2 
  2 [ 4 108:170]
 45 [ 0 180:185]
 -2 [ 0 195:195]

Vehicle: 301  Cost: 89.54
Route: 3 14 49 22 54 58 20 53 -3 
  3 [10 116:131]
 14 [ 6 156:161]
 49 [ 9 161:166]
 22 [ 5 184:189]
 54 [ 9 189:194]
 58 [10 300:305]
 20 [ 8 314:319]
 53 [ 9 319:324]
 -3 [ 9 353:353]

Vehicle: 302  Cost: 80.15
Route: 3 13 34 67 65 33 -3 
  3 [ 7 116:131]
 13 [ 4 140:145]
 34 [ 1 158:163]
 67 [ 5 163:168]
 65 [ 9 196:201]
 33 [ 8 201:206]
 -3 [ 8 236:236]

Vehicle: 303  Cost: 108.16
Route: 3 41 56 23 66 71 43 21 -3 
  3 [ 9 116:131]
 41 [ 8 136:141]
 56 [ 9 160:165]
 23 [ 8 165:170]
 66 [ 9 178:183]
 71 [10 300:305]
 43 [ 7 319:324]
 21 [ 3 333:338]
 -3 [ 3 372:372]

Vehicle: 304  Cost: 72.64
Route: 3 11 47 27 36 18 50 61 -3 
  3 [ 9 116:131]
 11 [ 5 152:157]
 47 [ 9 157:162]
 27 [ 7 166:171]
 36 [ 5 178:183]
 18 [ 4 190:195]
 50 [ 7 195:200]
 61 [ 9 216:221]
 -3 [ 9 239:239]

Vehicle: 305  Cost: 40.78
Route: 3 19 35 16 51 -3 
  3 [ 9 116:131]
 19 [ 5 141:146]
 35 [ 2 152:157]
 16 [ 0 300:305]
 51 [ 3 317:322]
 -3 [ 3 332:332]

Vehicle: 401  Cost: 44.37
Route: 4 17 26 59 55 -4 
  4 [ 3  51: 66]
 17 [ 1  72: 77]
 26 [ 0 420:425]
 59 [ 4 425:430]
 55 [ 8 441:446]
 -4 [ 8 458:458]

Vehicle: 501  Cost: 23.50
Route: 5 25 24 -5 
  5 [ 5  41:291]
 25 [ 2 300:305]
 24 [ 0 420:425]
 -5 [ 0 433:433]

Vehicle: 502  Cost: 11.31
Route: 5 39 70 -5 
  5 [ 1  41: 56]
 39 [ 0  62: 67]
 70 [ 2  67: 72]
 -5 [ 2  78: 78]

Vehicle: 801  Cost: 78.04
Route: 8 52 57 12 -8 
  8 [ 4  24: 39]
 52 [ 5  61: 66]
 57 [ 9  88: 93]
 12 [ 5 101:106]
 -8 [ 5 132:132]

Vehicle: 901  Cost: 50.73
Route: 9 72 38 69 44 73 -9 
  9 [ 2  33: 48]
 72 [ 5  63: 68]
 38 [ 4  78: 83]
 69 [ 8  83: 88]
 44 [ 7 300:305]
 73 [10 305:310]
 -9 [10 323:323]

Vehicle: 902  Cost: 134.18
Route: 9 74 37 60 64 48 -9 
  9 [ 2  33: 48]
 74 [ 5 103:108]
 37 [ 3 143:148]
 60 [ 5 180:185]
 64 [ 8 300:305]
 48 [10 317:322]
 -9 [10 339:339]

Vehicle: 903  Cost: 14.69
Route: 9 42 46 10 -9 
  9 [ 3  33:293]
 42 [ 1 300:305]
 46 [ 4 310:315]
 10 [ 3 315:320]
 -9 [ 3 323:323]

Total Cost: 1337.31
 11:151.28, 30:75 [1, 8, 4, 2, -2, -4, -1]
 12:129.92, 50:75 [1, 5, -5, 3, -3, -8, -1]
 13:65.12, 23:75 [1, 9, -9, -1]
201:129.60, 10:10 [2, 30, 28, 62, 32, 68, -2]
202:93.20, 10:10 [2, 40, 31, 63, 29, 15, -2]
203:20.10, 4:10 [2, 45, -2]
301:89.54, 10:10 [3, 14, 49, 22, 54, 58, 20, 53, -3]
302:80.15, 9:10 [3, 13, 34, 67, 65, 33, -3]
303:108.16, 10:10 [3, 41, 56, 23, 66, 71, 43, 21, -3]
304:72.64, 9:10 [3, 11, 47, 27, 36, 18, 50, 61, -3]
305:40.78, 9:10 [3, 19, 35, 16, 51, -3]
401:44.37, 8:10 [4, 17, 26, 59, 55, -4]
501:23.50, 5:10 [5, 25, 24, -5]
502:11.31, 2:10 [5, 39, 70, -5]
801:78.04, 9:10 [8, 52, 57, 12, -8]
901:50.73, 10:10 [9, 72, 38, 69, 44, 73, -9]
902:134.18, 10:10 [9, 74, 37, 60, 64, 48, -9]
903:14.69, 4:10 [9, 42, 46, 10, -9]
fe: 3, se: 15

!ALNS------------
100000,1337.3101375902515,250.36,58.933,3,15,0.4577777777777778,0.7933333333333333,21.666666666666668,4.333333333333333
3 6 5 12 0 1 4 1 
8.894007569914455 20.47310296068167 8.680315967698363 11.33915768483123 33.89865958281736 16.199217454537816 15.57505793832407 27.754356439844873 
5 4 3 3 7 2 5 3 
13.407464314249173 14.235697037924803 11.978477907156096 13.735998702626468 14.214681776324094 14.8924112526268 12.5844277536515 14.112978757635082 

x[1955] = 0.9999999999999991
Vehicle: 11  Cost: 151.28
Route: 1 8 4 2 -2 -4 -1 
 1 [ 30   0:  0 [31, 32, 29, 26, 17, 12, 45, 15, 40, 28, 30]]
 8 [ 26  24: 39 [31, 32, 29, 26, 17, 45, 15, 40, 28, 30]]
 4 [ 23  51: 66 [31, 32, 29, 45, 15, 40, 28, 30]]
 2 [  0 108:108 []]
-2 [  8 108:580 [62, 63, 68]]
-4 [ 16 622:637 [62, 55, 63, 68, 59]]
-1 [ 16 669:669 [62, 55, 63, 68, 59]]

x[3385] = 0.9999999999999999
Vehicle: 12  Cost: 129.92
Route: 1 5 -5 3 -3 -8 -1 
 1 [ 50   0:  0 [13, 22, 24, 14, 41, 43, 35, 20, 23, 11, 25, 16, 19, 34, 33, 39, 21, 18, 36, 27]]
 5 [ 44  41: 41 [13, 22, 14, 41, 43, 35, 20, 23, 11, 16, 19, 34, 33, 21, 18, 36, 27]]
-5 [ 46  41: 93 [70, 13, 22, 14, 41, 43, 35, 20, 23, 11, 16, 19, 34, 33, 21, 18, 36, 27]]
 3 [  2 116:116 [70]]
-3 [ 34 116:399 [70, 71, 51, 65, 58, 66, 54, 49, 47, 50, 67, 56, 53, 61]]
-8 [ 39 440:455 [52, 70, 71, 51, 65, 58, 66, 57, 54, 49, 47, 50, 67, 56, 53, 61]]
-1 [ 39 479:479 [70, 52, 71, 51, 65, 58, 66, 57, 54, 49, 47, 50, 67, 56, 53, 61]]

x[3417] = 1.0
Vehicle: 13  Cost: 65.12
Route: 1 9 -9 -1 
 1 [  7   0:  0 [38, 37, 10, 42, 44]]
 9 [  0  33: 33 []]
-9 [ 23  33:383 [69, 72, 60, 48, 64, 46, 73, 74]]
-1 [ 23 415:415 [69, 72, 60, 48, 64, 46, 73, 74]]

y[130] = 1.0
Vehicle: 903  Cost: 14.69
Route: 9 42 46 10 -9 
  9 [ 3 174:293]
 42 [ 1 300:305]
 46 [ 4 310:315]
 10 [ 3 315:320]
 -9 [ 3 323:323]

y[542] = 1.0
Vehicle: 202  Cost: 93.20
Route: 2 40 31 63 29 15 -2 
  2 [ 9 155:170]
 40 [ 8 171:176]
 31 [ 6 300:305]
 63 [10 305:310]
 29 [ 6 420:425]
 15 [ 4 442:447]
 -2 [ 4 476:476]

y[727] = 1.0
Vehicle: 203  Cost: 20.10
Route: 2 45 -2 
  2 [ 4 241:256]
 45 [ 0 266:271]
 -2 [ 0 281:281]

y[743] = 1.0
Vehicle: 301  Cost: 89.54
Route: 3 14 49 22 54 58 20 53 -3 
  3 [10 134:149]
 14 [ 6 174:179]
 49 [ 9 179:184]
 22 [ 5 203:208]
 54 [ 9 208:213]
 58 [10 300:305]
 20 [ 8 314:319]
 53 [ 9 319:324]
 -3 [ 9 353:353]

y[1483] = 1.0
Vehicle: 501  Cost: 23.50
Route: 5 25 24 -5 
  5 [ 5 411:426]
 25 [ 2 435:440]
 24 [ 0 446:451]
 -5 [ 0 459:459]

y[1949] = 1.0
Vehicle: 304  Cost: 80.15
Route: 3 13 67 34 33 65 -3 
  3 [ 7 116:131]
 13 [ 4 140:145]
 67 [ 8 158:163]
 34 [ 5 163:168]
 33 [ 4 196:201]
 65 [ 8 201:206]
 -3 [ 8 236:236]

y[2006] = 0.9999999999999999
Vehicle: 305  Cost: 40.78
Route: 3 19 35 16 51 -3 
  3 [ 9 134:149]
 19 [ 5 159:164]
 35 [ 2 170:175]
 16 [ 0 300:305]
 51 [ 3 317:322]
 -3 [ 3 332:332]

y[3245] = 1.0
Vehicle: 201  Cost: 129.60
Route: 2 30 28 62 32 68 -2 
  2 [10 117:386]
 30 [ 8 420:425]
 28 [ 4 461:466]
 62 [ 6 466:471]
 32 [ 2 478:483]
 68 [ 4 519:524]
 -2 [ 4 541:541]

y[3935] = 0.9999999999999999
Vehicle: 303  Cost: 108.16
Route: 3 41 23 56 66 71 43 21 -3 
  3 [ 9 134:149]
 41 [ 8 155:160]
 23 [ 7 179:184]
 56 [ 8 184:189]
 66 [ 9 197:202]
 71 [10 300:305]
 43 [ 7 319:324]
 21 [ 3 333:338]
 -3 [ 3 372:372]

y[4196] = 1.0
Vehicle: 401  Cost: 44.37
Route: 4 17 59 26 55 -4 
  4 [ 3 153:168]
 17 [ 1 175:180]
 59 [ 5 420:425]
 26 [ 4 425:430]
 55 [ 8 441:446]
 -4 [ 8 458:458]

y[4391] = 1.0
Vehicle: 304  Cost: 72.64
Route: 3 11 47 27 36 18 50 61 -3 
  3 [ 9 107:131]
 11 [ 5 152:157]
 47 [ 9 157:162]
 27 [ 7 166:171]
 36 [ 5 178:183]
 18 [ 4 190:195]
 50 [ 7 195:200]
 61 [ 9 216:221]
 -3 [ 9 239:239]

y[4644] = 1.0
Vehicle: 804  Cost: 78.04
Route: 8 12 57 52 -8 
  8 [ 4  24: 39]
 12 [ 0  66: 71]
 57 [ 4  79: 84]
 52 [ 5 105:110]
 -8 [ 5 132:132]

y[4947] = 1.0
Vehicle: 901  Cost: 50.73
Route: 9 72 38 69 44 73 -9 
  9 [ 2 222:237]
 72 [ 5 252:257]
 38 [ 4 267:272]
 69 [ 8 272:277]
 44 [ 7 300:305]
 73 [10 305:310]
 -9 [10 323:323]

y[5615] = 1.0
Vehicle: 902  Cost: 134.18
Route: 9 74 37 60 64 48 -9 
  9 [ 2  67: 82]
 74 [ 5 137:142]
 37 [ 3 177:182]
 60 [ 5 184:189]
 64 [ 8 300:305]
 48 [10 317:322]
 -9 [10 339:339]

y[6192] = 0.9999999999999999
Vehicle: 502  Cost: 11.31
Route: 5 70 39 -5 
  5 [ 1  41: 56]
 70 [ 3  62: 67]
 39 [ 2  67: 72]
 -5 [ 2  78: 78]

FE: 3
SE: 15
!MIP-----
1337.3101375902515,157.4044439792633,9.998007868626474E-5,3,15,3634,6491

Run: 3
Total Cost: 1335.39
Vehicle: 11  Cost: 151.28
Route: 1 8 -8 4 2 -2 -4 -1 
 1 [ 27   0:  0 [31, 32, 15, 28, 36, 29, 30, 17, 26, 12]]
 8 [ 21  24: 24 [31, 32, 15, 28, 36, 29, 30, 26]]
-8 [ 22  24:161 [52, 31, 32, 15, 28, 36, 29, 30, 26]]
 4 [ 21 172:187 [31, 32, 15, 28, 36, 29, 30, 52]]
 2 [  1 229:229 [52]]
-2 [  9 229:540 [63, 62, 68, 52]]
-4 [ 17 582:597 [59, 63, 62, 68, 52, 55]]
-1 [ 17 628:628 [59, 63, 62, 68, 52, 55]]

Vehicle: 12  Cost: 65.12
Route: 1 9 -9 -1 
 1 [  7   0:  0 [10, 44, 37, 38, 42]]
 9 [  0  33: 33 []]
-9 [ 20  33:374 [46, 48, 69, 64, 60, 73, 72]]
-1 [ 20 407:407 [46, 48, 69, 64, 60, 73, 72]]

Vehicle: 13  Cost: 129.92
Route: 1 5 3 -3 -8 -1 
 1 [ 53   0:  0 [45, 13, 16, 11, 22, 19, 21, 24, 40, 33, 20, 35, 25, 34, 23, 43, 27, 14, 18, 41, 39]]
 5 [ 48  41: 56 [45, 13, 16, 11, 22, 19, 21, 40, 33, 20, 35, 34, 23, 43, 27, 14, 18, 41, 39]]
 3 [  0  80: 80 []]
-3 [ 37  80:387 [61, 47, 50, 54, 51, 66, 65, 58, 74, 70, 67, 56, 53, 71, 49]]
-8 [ 41 428:443 [57, 61, 47, 50, 54, 51, 66, 65, 58, 74, 70, 67, 56, 53, 71, 49]]
-1 [ 41 468:468 [61, 47, 50, 54, 51, 66, 65, 58, 74, 70, 67, 57, 56, 53, 71, 49]]

Vehicle: 202  Cost: 113.65
Route: 2 30 15 29 31 63 -2 
  2 [10 229:386]
 30 [ 8 420:425]
 15 [ 6 441:446]
 29 [ 2 463:468]
 31 [ 0 502:507]
 63 [ 4 507:512]
 -2 [ 4 525:525]

Vehicle: 203  Cost: 116.16
Route: 2 36 32 28 62 68 -2 
  2 [10 229:244]
 36 [ 8 280:285]
 32 [ 4 420:425]
 28 [ 0 432:437]
 62 [ 2 437:442]
 68 [ 4 482:487]
 -2 [ 4 504:504]

Vehicle: 301  Cost: 149.02
Route: 3 40 74 45 65 33 18 50 -3 
  3 [ 7  80: 95]
 40 [ 6 147:152]
 74 [ 9 169:174]
 45 [ 5 199:204]
 65 [ 9 219:224]
 33 [ 8 224:229]
 18 [ 7 237:242]
 50 [10 242:247]
 -3 [10 279:279]

Vehicle: 302  Cost: 29.86
Route: 3 19 35 16 -3 
  3 [ 9  80: 95]
 19 [ 5 105:110]
 35 [ 2 115:120]
 16 [ 0 300:305]
 -3 [ 0 316:316]

Vehicle: 303  Cost: 59.18
Route: 3 13 67 34 39 70 51 -3 
  3 [ 7  80: 95]
 13 [ 4 103:108]
 67 [ 8 121:126]
 34 [ 5 126:131]
 39 [ 4 147:152]
 70 [ 6 152:157]
 51 [ 9 300:305]
 -3 [ 9 315:315]

Vehicle: 304  Cost: 108.16
Route: 3 41 56 23 66 71 43 21 -3 
  3 [ 9  80: 95]
 41 [ 8 100:105]
 56 [ 9 124:129]
 23 [ 8 129:134]
 66 [ 9 142:147]
 71 [10 300:305]
 43 [ 7 319:324]
 21 [ 3 333:338]
 -3 [ 3 372:372]

Vehicle: 305  Cost: 89.54
Route: 3 14 49 22 54 58 20 53 -3 
  3 [10  80: 95]
 14 [ 6 120:125]
 49 [ 9 125:130]
 22 [ 5 148:153]
 54 [ 9 153:158]
 58 [10 300:305]
 20 [ 8 314:319]
 53 [ 9 319:324]
 -3 [ 9 353:353]

Vehicle: 306  Cost: 49.04
Route: 3 27 11 47 61 -3 
  3 [ 6  80: 95]
 27 [ 4 119:124]
 11 [ 0 128:133]
 47 [ 4 133:138]
 61 [ 6 180:185]
 -3 [ 6 203:203]

Vehicle: 401  Cost: 33.48
Route: 4 26 59 55 -4 
  4 [ 1 172:410]
 26 [ 0 420:425]
 59 [ 4 425:430]
 55 [ 8 441:446]
 -4 [ 8 458:458]

Vehicle: 501  Cost: 23.50
Route: 5 25 24 -5 
  5 [ 5  41:291]
 25 [ 2 300:305]
 24 [ 0 420:425]
 -5 [ 0 433:433]

Vehicle: 801  Cost: 86.54
Route: 8 17 12 57 52 -8 
  8 [ 6  24: 39]
 17 [ 4  45: 50]
 12 [ 0  79: 84]
 57 [ 4  92: 97]
 52 [ 5 119:124]
 -8 [ 5 146:146]

Vehicle: 901  Cost: 80.20
Route: 9 37 60 64 48 42 10 46 -9 
  9 [ 5  33: 48]
 37 [ 3  79: 84]
 60 [ 5 180:185]
 64 [ 8 300:305]
 48 [10 317:322]
 42 [ 8 337:342]
 10 [ 7 347:352]
 46 [10 352:357]
 -9 [10 359:359]

Vehicle: 903  Cost: 50.73
Route: 9 72 38 69 44 73 -9 
  9 [ 2  33: 48]
 72 [ 5  63: 68]
 38 [ 4  78: 83]
 69 [ 8  83: 88]
 44 [ 7 300:305]
 73 [10 305:310]
 -9 [10 323:323]

Total Cost: 1335.39
 11:151.28, 27:75 [1, 8, -8, 4, 2, -2, -4, -1]
 12:65.12, 20:75 [1, 9, -9, -1]
 13:129.92, 53:75 [1, 5, 3, -3, -8, -1]
202:113.65, 10:10 [2, 30, 15, 29, 31, 63, -2]
203:116.16, 10:10 [2, 36, 32, 28, 62, 68, -2]
301:149.02, 10:10 [3, 40, 74, 45, 65, 33, 18, 50, -3]
302:29.86, 9:10 [3, 19, 35, 16, -3]
303:59.18, 9:10 [3, 13, 67, 34, 39, 70, 51, -3]
304:108.16, 10:10 [3, 41, 56, 23, 66, 71, 43, 21, -3]
305:89.54, 10:10 [3, 14, 49, 22, 54, 58, 20, 53, -3]
306:49.04, 6:10 [3, 27, 11, 47, 61, -3]
401:33.48, 8:10 [4, 26, 59, 55, -4]
501:23.50, 5:10 [5, 25, 24, -5]
801:86.54, 6:10 [8, 17, 12, 57, 52, -8]
901:80.20, 10:10 [9, 37, 60, 64, 48, 42, 10, 46, -9]
903:50.73, 10:10 [9, 72, 38, 69, 44, 73, -9]
fe: 3, se: 13

!ALNS------------
100000,1335.3876513381479,251.804,82.716,3,13,0.4444444444444444,0.8692307692307693,21.666666666666668,5.0
9 5 7 7 0 0 2 0 
8.92491024971126 16.95306855226962 10.056625854225457 11.002811961131698 24.42654015756927 20.523102606608614 14.015345586301578 21.29021465166062 
4 7 5 1 7 2 3 1 
13.827387514636662 12.95392979907629 13.736954135788933 12.928406923287438 12.111692674262201 11.089537201673576 13.802954010256563 12.692154960527256 

x[2030] = 1.0
Vehicle: 13  Cost: 129.92
Route: 1 5 3 -3 -8 -1 
 1 [ 53   0:  0 [41, 40, 43, 25, 45, 22, 39, 16, 34, 18, 21, 27, 23, 24, 33, 35, 14, 19, 20, 13, 11]]
 5 [ 48  41: 56 [41, 40, 43, 45, 22, 39, 16, 34, 18, 21, 27, 23, 33, 35, 14, 19, 20, 13, 11]]
 3 [  0  80: 80 []]
-3 [ 37  80:396 [50, 49, 54, 47, 51, 61, 74, 67, 65, 58, 56, 53, 71, 66, 70]]
-8 [ 41 438:453 [57, 50, 49, 54, 47, 51, 61, 74, 67, 65, 58, 56, 53, 71, 66, 70]]
-1 [ 41 477:477 [50, 49, 54, 47, 51, 61, 74, 67, 65, 58, 56, 53, 71, 66, 70, 57]]

x[2692] = 1.0
Vehicle: 15  Cost: 65.12
Route: 1 9 -9 -1 
 1 [  7   0:  0 [42, 10, 44, 37, 38]]
 9 [  0  33: 33 []]
-9 [ 23  33:387 [69, 73, 46, 60, 72, 64, 48, 74]]
-1 [ 23 419:419 [69, 73, 46, 60, 72, 64, 48, 74]]

x[3248] = 1.0
Vehicle: 11  Cost: 151.28
Route: 1 8 -8 4 2 -2 -4 -1 
 1 [ 27   0:  0 [12, 26, 15, 32, 30, 17, 28, 29, 36, 31]]
 8 [ 21  24: 24 [26, 15, 32, 30, 28, 29, 36, 31]]
-8 [ 22  24:161 [52, 26, 15, 32, 30, 28, 29, 36, 31]]
 4 [ 21 172:187 [15, 52, 32, 30, 28, 29, 36, 31]]
 2 [  1 229:229 [52]]
-2 [  9 229:549 [68, 62, 63, 52]]
-4 [ 17 591:606 [59, 68, 62, 63, 52, 55]]
-1 [ 17 638:638 [68, 59, 62, 63, 52, 55]]

y[1034] = 1.0
Vehicle: 301  Cost: 59.18
Route: 3 13 34 67 39 70 51 -3 
  3 [ 7 205:220]
 13 [ 4 228:233]
 34 [ 1 246:251]
 67 [ 5 251:256]
 39 [ 4 273:278]
 70 [ 6 278:283]
 51 [ 9 300:305]
 -3 [ 9 315:315]

y[1223] = 1.0
Vehicle: 501  Cost: 23.50
Route: 5 25 24 -5 
  5 [ 5 423:438]
 25 [ 2 448:453]
 24 [ 0 459:464]
 -5 [ 0 472:472]

y[1387] = 1.0
Vehicle: 303  Cost: 49.04
Route: 3 27 11 47 61 -3 
  3 [ 6 123:138]
 27 [ 4 162:167]
 11 [ 0 171:176]
 47 [ 4 176:181]
 61 [ 6 184:189]
 -3 [ 6 207:207]

y[2434] = 1.0
Vehicle: 801  Cost: 86.54
Route: 8 17 12 57 52 -8 
  8 [ 6  24: 39]
 17 [ 4  45: 50]
 12 [ 0  79: 84]
 57 [ 4  92: 97]
 52 [ 5 119:124]
 -8 [ 5 146:146]

y[2550] = 1.0
Vehicle: 302  Cost: 29.86
Route: 3 19 35 16 -3 
  3 [ 9 143:158]
 19 [ 5 168:173]
 35 [ 2 179:184]
 16 [ 0 300:305]
 -3 [ 0 316:316]

y[2713] = 1.0
Vehicle: 401  Cost: 33.48
Route: 4 55 26 59 -4 
  4 [ 1 257:288]
 55 [ 5 300:305]
 26 [ 4 420:425]
 59 [ 8 425:430]
 -4 [ 8 440:440]

y[2797] = 1.0
Vehicle: 304  Cost: 108.16
Route: 3 41 23 56 66 71 43 21 -3 
  3 [ 9 205:220]
 41 [ 8 225:230]
 23 [ 7 249:254]
 56 [ 8 254:259]
 66 [ 9 267:272]
 71 [10 300:305]
 43 [ 7 319:324]
 21 [ 3 333:338]
 -3 [ 3 372:372]

y[2854] = 1.0
Vehicle: 305  Cost: 89.54
Route: 3 14 49 22 54 58 20 53 -3 
  3 [10 214:229]
 14 [ 6 254:259]
 49 [ 9 259:264]
 22 [ 5 282:287]
 54 [ 9 287:292]
 58 [10 300:305]
 20 [ 8 315:320]
 53 [ 9 320:325]
 -3 [ 9 354:354]

y[3085] = 1.0
Vehicle: 903  Cost: 50.73
Route: 9 72 69 38 44 73 -9 
  9 [ 2 227:242]
 72 [ 5 257:262]
 69 [ 9 272:277]
 38 [ 8 277:282]
 44 [ 7 300:305]
 73 [10 305:310]
 -9 [10 323:323]

y[3769] = 1.0
Vehicle: 202  Cost: 113.65
Route: 2 30 15 29 31 63 -2 
  2 [10 210:386]
 30 [ 8 420:425]
 15 [ 6 441:446]
 29 [ 2 463:468]
 31 [ 0 502:507]
 63 [ 4 507:512]
 -2 [ 4 525:525]

y[4140] = 1.0
Vehicle: 203  Cost: 116.16
Route: 2 36 32 28 62 68 -2 
  2 [10 231:246]
 36 [ 8 282:287]
 32 [ 4 420:425]
 28 [ 0 432:437]
 62 [ 2 437:442]
 68 [ 4 482:487]
 -2 [ 4 504:504]

y[5143] = 1.0
Vehicle: 301  Cost: 149.02
Route: 3 40 74 45 65 33 18 50 -3 
  3 [ 7  88:103]
 40 [ 6 156:161]
 74 [ 9 177:182]
 45 [ 5 208:213]
 65 [ 9 228:233]
 33 [ 8 233:238]
 18 [ 7 245:250]
 50 [10 250:255]
 -3 [10 287:287]

y[6041] = 1.0
Vehicle: 901  Cost: 80.20
Route: 9 37 60 64 48 42 10 46 -9 
  9 [ 5 222:237]
 37 [ 3 269:274]
 60 [ 5 275:280]
 64 [ 8 300:305]
 48 [10 317:322]
 42 [ 8 337:342]
 10 [ 7 347:352]
 46 [10 352:357]
 -9 [10 359:359]

FE: 3
SE: 13
!MIP-----
1335.387651338148,112.31069898605347,9.903411817920815E-5,3,13,3481,6073

Run: 4
Total Cost: 1338.97
Vehicle: 11  Cost: 147.27
Route: 1 4 2 -2 -4 -1 
 1 [ 24   0:  0 [30, 32, 40, 31, 29, 45, 26, 28, 15]]
 4 [ 23  32: 47 [30, 32, 40, 31, 29, 45, 28, 15]]
 2 [  0  89: 89 []]
-2 [  8  89:556 [62, 68, 63]]
-4 [ 12 598:613 [59, 62, 68, 63]]
-1 [ 12 644:644 [62, 59, 68, 63]]

Vehicle: 12  Cost: 129.37
Route: 1 5 3 -3 -5 -1 
 1 [ 50   0:  0 [22, 43, 14, 24, 34, 13, 21, 25, 33, 18, 16, 36, 39, 35, 27, 41, 11, 23, 20, 19]]
 5 [ 44  41: 56 [22, 43, 14, 34, 13, 21, 33, 18, 16, 36, 35, 27, 41, 11, 23, 20, 19]]
 3 [  0  80: 80 []]
-3 [ 32  80:387 [58, 47, 65, 67, 71, 56, 51, 54, 61, 50, 49, 53, 66]]
-5 [ 34 411:426 [70, 58, 47, 65, 67, 71, 56, 51, 54, 61, 50, 49, 53, 66]]
-1 [ 34 467:467 [70, 58, 47, 65, 67, 71, 56, 51, 54, 61, 50, 49, 53, 66]]

Vehicle: 13  Cost: 65.12
Route: 1 9 -9 -1 
 1 [ 13   0:  0 [12, 37, 42, 17, 38, 44, 10]]
 9 [  0  33: 33 []]
-9 [ 32  33:354 [73, 55, 46, 60, 48, 57, 74, 64, 52, 69, 72]]
-1 [ 32 387:387 [73, 55, 46, 60, 48, 57, 74, 64, 52, 69, 72]]

Vehicle: 201  Cost: 20.10
Route: 2 45 -2 
  2 [ 4  89:170]
 45 [ 0 180:185]
 -2 [ 0 195:195]

Vehicle: 202  Cost: 93.20
Route: 2 40 31 63 29 15 -2 
  2 [ 9  89:104]
 40 [ 8 105:110]
 31 [ 6 300:305]
 63 [10 305:310]
 29 [ 6 420:425]
 15 [ 4 442:447]
 -2 [ 4 476:476]

Vehicle: 204  Cost: 129.60
Route: 2 30 28 62 32 68 -2 
  2 [10  89:386]
 30 [ 8 420:425]
 28 [ 4 461:466]
 62 [ 6 466:471]
 32 [ 2 478:483]
 68 [ 4 519:524]
 -2 [ 4 541:541]

Vehicle: 301  Cost: 89.54
Route: 3 14 49 22 54 58 20 53 -3 
  3 [10  80: 95]
 14 [ 6 120:125]
 49 [ 9 125:130]
 22 [ 5 148:153]
 54 [ 9 153:158]
 58 [10 300:305]
 20 [ 8 314:319]
 53 [ 9 319:324]
 -3 [ 9 353:353]

Vehicle: 302  Cost: 108.16
Route: 3 41 23 56 66 71 43 21 -3 
  3 [ 9  80: 95]
 41 [ 8 100:105]
 23 [ 7 124:129]
 56 [ 8 129:134]
 66 [ 9 142:147]
 71 [10 300:305]
 43 [ 7 319:324]
 21 [ 3 333:338]
 -3 [ 3 372:372]

Vehicle: 303  Cost: 72.55
Route: 3 13 34 67 11 47 61 -3 
  3 [10  80: 95]
 13 [ 7 103:108]
 34 [ 4 121:126]
 67 [ 8 126:131]
 11 [ 4 161:166]
 47 [ 8 166:171]
 61 [10 180:185]
 -3 [10 203:203]

Vehicle: 304  Cost: 40.78
Route: 3 19 35 16 51 -3 
  3 [ 9  80: 95]
 19 [ 5 105:110]
 35 [ 2 115:120]
 16 [ 0 300:305]
 51 [ 3 317:322]
 -3 [ 3 332:332]

Vehicle: 306  Cost: 75.42
Route: 3 27 36 50 18 65 33 -3 
  3 [ 6  80: 95]
 27 [ 4 119:124]
 36 [ 2 131:136]
 50 [ 5 180:185]
 18 [ 4 185:190]
 65 [ 8 197:202]
 33 [ 7 202:207]
 -3 [ 7 237:237]

Vehicle: 401  Cost: 20.00
Route: 4 26 59 -4 
  4 [ 1  32:410]
 26 [ 0 420:425]
 59 [ 4 425:430]
 -4 [ 4 440:440]

Vehicle: 501  Cost: 23.50
Route: 5 25 24 -5 
  5 [ 5  41:291]
 25 [ 2 300:305]
 24 [ 0 420:425]
 -5 [ 0 433:433]

Vehicle: 502  Cost: 11.31
Route: 5 39 70 -5 
  5 [ 1  41: 56]
 39 [ 0  62: 67]
 70 [ 2  67: 72]
 -5 [ 2  78: 78]

Vehicle: 901  Cost: 113.45
Route: 9 12 57 52 17 55 -9 
  9 [ 6  33: 48]
 12 [ 2  70: 75]
 57 [ 6  83: 88]
 52 [ 7 109:114]
 17 [ 5 142:147]
 55 [ 9 300:305]
 -9 [ 9 321:321]

Vehicle: 902  Cost: 14.69
Route: 9 42 10 46 -9 
  9 [ 3  33:293]
 42 [ 1 300:305]
 10 [ 0 310:315]
 46 [ 3 315:320]
 -9 [ 3 323:323]

Vehicle: 903  Cost: 134.18
Route: 9 74 37 60 64 48 -9 
  9 [ 2  33: 48]
 74 [ 5 103:108]
 37 [ 3 143:148]
 60 [ 5 180:185]
 64 [ 8 300:305]
 48 [10 317:322]
 -9 [10 339:339]

Vehicle: 904  Cost: 50.73
Route: 9 72 69 38 44 73 -9 
  9 [ 2  33: 48]
 72 [ 5  63: 68]
 69 [ 9  78: 83]
 38 [ 8  83: 88]
 44 [ 7 300:305]
 73 [10 305:310]
 -9 [10 323:323]

Total Cost: 1338.97
 11:147.27, 24:75 [1, 4, 2, -2, -4, -1]
 12:129.37, 50:75 [1, 5, 3, -3, -5, -1]
 13:65.12, 32:75 [1, 9, -9, -1]
201:20.10, 4:10 [2, 45, -2]
202:93.20, 10:10 [2, 40, 31, 63, 29, 15, -2]
204:129.60, 10:10 [2, 30, 28, 62, 32, 68, -2]
301:89.54, 10:10 [3, 14, 49, 22, 54, 58, 20, 53, -3]
302:108.16, 10:10 [3, 41, 23, 56, 66, 71, 43, 21, -3]
303:72.55, 10:10 [3, 13, 34, 67, 11, 47, 61, -3]
304:40.78, 9:10 [3, 19, 35, 16, 51, -3]
306:75.42, 8:10 [3, 27, 36, 50, 18, 65, 33, -3]
401:20.00, 4:10 [4, 26, 59, -4]
501:23.50, 5:10 [5, 25, 24, -5]
502:11.31, 2:10 [5, 39, 70, -5]
901:113.45, 9:10 [9, 12, 57, 52, 17, 55, -9]
902:14.69, 3:10 [9, 42, 10, 46, -9]
903:134.18, 10:10 [9, 74, 37, 60, 64, 48, -9]
904:50.73, 10:10 [9, 72, 69, 38, 44, 73, -9]
fe: 3, se: 15

!ALNS------------
100000,1338.9716008850135,297.287,21.185,3,15,0.4711111111111111,0.76,21.666666666666668,4.333333333333333
4 5 4 3 0 3 2 0 
8.76335601627087 16.39103312228792 8.587949235322347 10.422178630779449 22.696896929980177 17.54203277185614 12.771917691861006 30.496128042642447 
4 3 1 3 5 1 3 1 
11.965038049832167 14.9220618384333 11.189870697007892 11.97306046021475 11.867717227344894 11.799806104176968 11.808018571982009 13.167267642609698 

x[1161] = 1.0
Vehicle: 13  Cost: 65.12
Route: 1 9 -9 -1 
 1 [  7   0:  0 [44, 10, 37, 42, 38]]
 9 [  0  33: 33 []]
-9 [ 23  33:371 [46, 60, 73, 64, 69, 48, 72, 74]]
-1 [ 23 404:404 [46, 60, 73, 64, 69, 48, 72, 74]]

x[2150] = 1.0
Vehicle: 12  Cost: 129.92
Route: 1 5 -5 3 -3 -8 -1 
 1 [ 50   0:  0 [39, 20, 33, 23, 11, 14, 18, 34, 36, 43, 16, 22, 27, 24, 21, 19, 25, 13, 35, 41]]
 5 [ 44  41: 41 [20, 33, 23, 11, 14, 18, 34, 36, 43, 16, 22, 27, 21, 19, 13, 35, 41]]
-5 [ 46  41: 93 [70, 20, 33, 23, 11, 14, 18, 34, 36, 43, 16, 22, 27, 21, 19, 13, 35, 41]]
 3 [  2 116:116 [70]]
-3 [ 34 116:387 [70, 54, 61, 50, 56, 58, 51, 67, 53, 49, 47, 66, 65, 71]]
-8 [ 39 428:443 [52, 70, 54, 61, 50, 56, 58, 51, 67, 53, 49, 47, 66, 65, 71, 57]]
-1 [ 39 468:468 [70, 54, 61, 50, 56, 58, 51, 67, 53, 49, 47, 66, 65, 71, 52, 57]]

x[2175] = 1.0
Vehicle: 11  Cost: 151.28
Route: 1 8 4 2 -2 -4 -1 
 1 [ 30   0:  0 [15, 26, 17, 31, 29, 28, 40, 32, 30, 45, 12]]
 8 [ 26  24: 39 [15, 26, 17, 31, 29, 28, 40, 32, 30, 45]]
 4 [ 23  51: 66 [15, 31, 29, 28, 40, 32, 30, 45]]
 2 [  0 108:108 []]
-2 [  8 108:556 [62, 63, 68]]
-4 [ 16 598:613 [62, 63, 59, 68, 55]]
-1 [ 16 644:644 [62, 63, 59, 68, 55]]

y[12] = 1.0
Vehicle: 302  Cost: 108.16
Route: 3 41 23 56 66 71 43 21 -3 
  3 [ 9 141:156]
 41 [ 8 161:166]
 23 [ 7 185:190]
 56 [ 8 190:195]
 66 [ 9 203:208]
 71 [10 300:305]
 43 [ 7 319:324]
 21 [ 3 333:338]
 -3 [ 3 372:372]

y[35] = 1.0
Vehicle: 301  Cost: 89.54
Route: 3 14 49 22 54 58 20 53 -3 
  3 [10 141:156]
 14 [ 6 181:186]
 49 [ 9 186:191]
 22 [ 5 209:214]
 54 [ 9 214:219]
 58 [10 300:305]
 20 [ 8 314:319]
 53 [ 9 319:324]
 -3 [ 9 353:353]

y[185] = 1.0
Vehicle: 903  Cost: 134.18
Route: 9 74 37 60 64 48 -9 
  9 [ 2 102:117]
 74 [ 5 172:177]
 37 [ 3 213:218]
 60 [ 5 219:224]
 64 [ 8 300:305]
 48 [10 317:322]
 -9 [10 339:339]

y[858] = 1.0
Vehicle: 202  Cost: 93.20
Route: 2 40 31 63 29 15 -2 
  2 [ 9 155:170]
 40 [ 8 171:176]
 31 [ 6 300:305]
 63 [10 305:310]
 29 [ 6 420:425]
 15 [ 4 442:447]
 -2 [ 4 476:476]

y[1049] = 1.0
Vehicle: 201  Cost: 20.10
Route: 2 45 -2 
  2 [ 4 171:186]
 45 [ 0 196:201]
 -2 [ 0 211:211]

y[1262] = 1.0
Vehicle: 204  Cost: 129.60
Route: 2 30 62 28 32 68 -2 
  2 [10 155:386]
 30 [ 8 420:425]
 62 [10 461:466]
 28 [ 6 466:471]
 32 [ 2 478:483]
 68 [ 4 519:524]
 -2 [ 4 541:541]

y[1307] = 1.0
Vehicle: 902  Cost: 14.69
Route: 9 10 46 42 -9 
  9 [ 3  73:298]
 10 [ 2 300:305]
 46 [ 5 305:310]
 42 [ 3 315:320]
 -9 [ 3 327:327]

y[1395] = 1.0
Vehicle: 303  Cost: 40.78
Route: 3 19 35 16 51 -3 
  3 [ 9 141:156]
 19 [ 5 166:171]
 35 [ 2 176:181]
 16 [ 0 300:305]
 51 [ 3 317:322]
 -3 [ 3 332:332]

y[2115] = 1.0
Vehicle: 802  Cost: 78.04
Route: 8 52 57 12 -8 
  8 [ 4  24: 39]
 52 [ 5  61: 66]
 57 [ 9  88: 93]
 12 [ 5 101:106]
 -8 [ 5 132:132]

y[2713] = 1.0
Vehicle: 401  Cost: 44.37
Route: 4 17 26 59 55 -4 
  4 [ 3 159:174]
 17 [ 1 180:185]
 26 [ 0 420:425]
 59 [ 4 425:430]
 55 [ 8 441:446]
 -4 [ 8 458:458]

y[3033] = 1.0
Vehicle: 303  Cost: 80.15
Route: 3 13 67 34 33 65 -3 
  3 [ 7 116:131]
 13 [ 4 140:145]
 67 [ 8 158:163]
 34 [ 5 163:168]
 33 [ 4 196:201]
 65 [ 8 201:206]
 -3 [ 8 236:236]

y[3682] = 1.0
Vehicle: 904  Cost: 50.73
Route: 9 72 69 38 44 73 -9 
  9 [ 2  90:105]
 72 [ 5 120:125]
 69 [ 9 135:140]
 38 [ 8 140:145]
 44 [ 7 300:305]
 73 [10 305:310]
 -9 [10 323:323]

y[4634] = 1.0
Vehicle: 502  Cost: 11.31
Route: 5 39 70 -5 
  5 [ 1  41: 56]
 39 [ 0  62: 67]
 70 [ 2  67: 72]
 -5 [ 2  78: 78]

y[4637] = 1.0
Vehicle: 304  Cost: 72.64
Route: 3 11 47 27 36 18 50 61 -3 
  3 [ 9 116:131]
 11 [ 5 152:157]
 47 [ 9 157:162]
 27 [ 7 166:171]
 36 [ 5 178:183]
 18 [ 4 190:195]
 50 [ 7 195:200]
 61 [ 9 216:221]
 -3 [ 9 239:239]

y[5006] = 1.0
Vehicle: 501  Cost: 23.50
Route: 5 24 25 -5 
  5 [ 5 421:436]
 24 [ 3 444:449]
 25 [ 0 455:460]
 -5 [ 0 469:469]

FE: 3
SE: 15
!MIP-----
1337.3101375902515,180.69310593605042,9.299186669036183E-5,3,15,2904,5155

Run: 5
Total Cost: 1374.36
Vehicle: 11  Cost: 131.75
Route: 1 5 -5 3 -3 6 -6 -8 -1 
 1 [ 65   0:  0 [21, 36, 23, 19, 30, 43, 15, 28, 24, 35, 31, 29, 18, 33, 39, 41, 11, 13, 14, 22, 32, 20, 27, 16, 25]]
 5 [ 59  41: 41 [21, 36, 23, 19, 30, 43, 15, 28, 35, 31, 29, 18, 33, 41, 11, 13, 14, 22, 32, 20, 27, 16]]
-5 [ 61  41: 93 [70, 21, 36, 23, 19, 30, 43, 15, 28, 35, 31, 29, 18, 33, 41, 11, 13, 14, 22, 32, 20, 27, 16]]
 3 [ 21 116:116 [30, 43, 15, 28, 31, 29, 70, 20]]
-3 [ 43 116:272 [65, 50, 49, 30, 43, 15, 28, 31, 29, 56, 61, 70, 47, 54, 66, 20]]
 6 [ 24 303:303 [65, 50, 49, 56, 61, 70, 47, 54, 66]]
-6 [ 28 303:318 [67, 65, 50, 49, 56, 61, 70, 47, 54, 66]]
-8 [ 33 330:345 [52, 65, 50, 49, 56, 57, 67, 61, 70, 47, 54, 66]]
-1 [ 33 369:369 [65, 50, 49, 52, 56, 57, 67, 61, 70, 47, 54, 66]]

Vehicle: 12  Cost: 70.46
Route: 1 8 6 -6 -8 -1 
 1 [ 10   0:  0 [17, 12, 34, 26]]
 8 [  3  24: 39 [34]]
 6 [  0  50: 50 []]
-6 [ 18  50:602 [62, 63, 51, 68, 53, 71, 58, 55]]
-8 [ 22 613:628 [59, 62, 63, 51, 68, 53, 71, 58, 55]]
-1 [ 22 652:652 [62, 63, 51, 68, 53, 71, 58, 55, 59]]

Vehicle: 15  Cost: 65.12
Route: 1 9 -9 -1 
 1 [ 12   0:  0 [10, 37, 40, 42, 45, 38, 44]]
 9 [  0  33: 33 []]
-9 [ 23  33:354 [64, 46, 74, 48, 72, 73, 60, 69]]
-1 [ 23 387:387 [64, 46, 74, 48, 72, 73, 60, 69]]

Vehicle: 301  Cost: 41.66
Route: 3 11 47 61 -3 
  3 [ 4 116:131]
 11 [ 0 152:157]
 47 [ 4 157:162]
 61 [ 6 180:185]
 -3 [ 6 203:203]

Vehicle: 302  Cost: 85.89
Route: 3 27 36 18 50 33 65 13 -3 
  3 [ 9 116:131]
 27 [ 7 155:160]
 36 [ 5 167:172]
 18 [ 4 180:185]
 50 [ 7 185:190]
 33 [ 6 197:202]
 65 [10 202:207]
 13 [ 7 239:244]
 -3 [ 7 253:253]

Vehicle: 303  Cost: 29.86
Route: 3 19 35 16 -3 
  3 [ 9 116:131]
 19 [ 5 141:146]
 35 [ 2 152:157]
 16 [ 0 300:305]
 -3 [ 0 316:316]

Vehicle: 304  Cost: 90.65
Route: 3 14 49 22 54 66 56 23 -3 
  3 [ 9 116:131]
 14 [ 5 156:161]
 49 [ 8 161:166]
 22 [ 4 184:189]
 54 [ 8 189:194]
 66 [ 9 210:215]
 56 [10 223:228]
 23 [ 9 228:233]
 -3 [ 9 257:257]

Vehicle: 305  Cost: 70.24
Route: 3 41 21 32 -3 
  3 [ 9 116:131]
 41 [ 8 136:141]
 21 [ 4 300:305]
 32 [ 0 420:425]
 -3 [ 0 460:460]

Vehicle: 501  Cost: 11.31
Route: 5 39 70 -5 
  5 [ 1  41: 56]
 39 [ 0  62: 67]
 70 [ 2  67: 72]
 -5 [ 2  78: 78]

Vehicle: 502  Cost: 23.50
Route: 5 25 24 -5 
  5 [ 5  41:291]
 25 [ 2 300:305]
 24 [ 0 420:425]
 -5 [ 0 433:433]

Vehicle: 601  Cost: 175.46
Route: 6 28 62 43 71 58 20 53 51 -6 
  6 [ 9 303:354]
 28 [ 5 420:425]
 62 [ 7 425:430]
 43 [ 4 438:443]
 71 [ 5 457:462]
 58 [ 6 476:481]
 20 [ 4 491:496]
 53 [ 5 496:501]
 51 [ 8 534:539]
 -6 [ 8 569:569]

Vehicle: 602  Cost: 206.01
Route: 6 29 15 30 68 31 63 55 -6 
  6 [10 303:346]
 29 [ 6 420:425]
 15 [ 4 442:447]
 30 [ 2 463:468]
 68 [ 4 489:494]
 31 [ 2 523:528]
 63 [ 6 528:533]
 55 [10 561:566]
 -6 [10 587:587]

Vehicle: 603  Cost: 24.41
Route: 6 34 67 -6 
  6 [ 3  50: 65]
 34 [ 0  77: 82]
 67 [ 4  82: 87]
 -6 [ 4 100:100]

Vehicle: 801  Cost: 37.42
Route: 8 17 26 59 -8 
  8 [ 3  24: 39]
 17 [ 1  45: 50]
 26 [ 0 420:425]
 59 [ 4 425:430]
 -8 [ 4 447:447]

Vehicle: 802  Cost: 78.04
Route: 8 52 57 12 -8 
  8 [ 4  24: 39]
 52 [ 5  61: 66]
 57 [ 9  88: 93]
 12 [ 5 101:106]
 -8 [ 5 132:132]

Vehicle: 901  Cost: 167.15
Route: 9 74 40 45 37 60 64 48 -9 
  9 [ 7  33: 48]
 74 [10 103:108]
 40 [ 9 124:129]
 45 [ 5 180:185]
 37 [ 3 227:232]
 60 [ 5 233:238]
 64 [ 8 300:305]
 48 [10 317:322]
 -9 [10 339:339]

Vehicle: 902  Cost: 14.69
Route: 9 42 46 10 -9 
  9 [ 3  33:293]
 42 [ 1 300:305]
 46 [ 4 310:315]
 10 [ 3 315:320]
 -9 [ 3 323:323]

Vehicle: 903  Cost: 50.73
Route: 9 72 69 38 44 73 -9 
  9 [ 2  33: 48]
 72 [ 5  63: 68]
 69 [ 9  78: 83]
 38 [ 8  83: 88]
 44 [ 7 300:305]
 73 [10 305:310]
 -9 [10 323:323]

Total Cost: 1374.36
 11:131.75, 65:75 [1, 5, -5, 3, -3, 6, -6, -8, -1]
 12:70.46, 22:75 [1, 8, 6, -6, -8, -1]
 15:65.12, 23:75 [1, 9, -9, -1]
301:41.66, 6:10 [3, 11, 47, 61, -3]
302:85.89, 10:10 [3, 27, 36, 18, 50, 33, 65, 13, -3]
303:29.86, 9:10 [3, 19, 35, 16, -3]
304:90.65, 10:10 [3, 14, 49, 22, 54, 66, 56, 23, -3]
305:70.24, 9:10 [3, 41, 21, 32, -3]
501:11.31, 2:10 [5, 39, 70, -5]
502:23.50, 5:10 [5, 25, 24, -5]
601:175.46, 9:10 [6, 28, 62, 43, 71, 58, 20, 53, 51, -6]
602:206.01, 10:10 [6, 29, 15, 30, 68, 31, 63, 55, -6]
603:24.41, 4:10 [6, 34, 67, -6]
801:37.42, 4:10 [8, 17, 26, 59, -8]
802:78.04, 9:10 [8, 52, 57, 12, -8]
901:167.15, 10:10 [9, 74, 40, 45, 37, 60, 64, 48, -9]
902:14.69, 4:10 [9, 42, 46, 10, -9]
903:50.73, 10:10 [9, 72, 69, 38, 44, 73, -9]
fe: 3, se: 15

!ALNS------------
100000,1374.3627219094976,395.054,241.132,3,15,0.4888888888888889,0.74,21.666666666666668,4.333333333333333
8 5 5 7 0 1 7 1 
9.459824535812693 19.665265657535862 9.72512712202953 11.069979342097959 36.41669299778732 18.83164337581827 16.279431693962835 28.53937536784272 
1 3 3 6 10 3 3 5 
14.344983786340055 13.272010284757096 14.627254120745446 14.431627317001844 13.574739860589197 15.920268724954338 13.188976254142469 16.351365046280144 

x[39] = 1.0
Vehicle: 12  Cost: 70.46
Route: 1 8 6 -6 -8 -1 
 1 [ 10   0:  0 [12, 17, 34, 26]]
 8 [  3  24: 39 [34]]
 6 [  0  50: 50 []]
-6 [ 20  50:646 [62, 58, 51, 63, 71, 53, 68, 55, 48]]
-8 [ 24 657:672 [59, 62, 58, 51, 63, 71, 53, 68, 55, 48]]
-1 [ 24 697:697 [62, 58, 59, 51, 63, 71, 53, 68, 55, 48]]

x[1726] = 1.0
Vehicle: 13  Cost: 65.12
Route: 1 9 -9 -1 
 1 [ 12   0:  0 [37, 44, 42, 38, 45, 10, 40]]
 9 [  0  33: 33 []]
-9 [ 27  33:359 [48, 64, 73, 72, 60, 57, 46, 69, 74]]
-1 [ 27 392:392 [48, 64, 73, 72, 60, 57, 46, 69, 74]]

x[2013] = 1.0
Vehicle: 11  Cost: 131.75
Route: 1 5 -5 3 -3 6 -6 -8 -1 
 1 [ 65   0:  0 [22, 19, 33, 31, 27, 20, 18, 28, 11, 41, 39, 25, 24, 43, 23, 29, 16, 30, 15, 21, 32, 35, 36, 14, 13]]
 5 [ 59  41: 41 [22, 19, 33, 31, 27, 20, 18, 28, 11, 41, 43, 23, 29, 16, 30, 15, 21, 32, 35, 36, 14, 13]]
-5 [ 61  41: 93 [70, 22, 19, 33, 31, 27, 20, 18, 28, 11, 41, 43, 23, 29, 16, 30, 15, 21, 32, 35, 36, 14, 13]]
 3 [ 21 116:116 [31, 20, 28, 43, 29, 30, 15, 70]]
-3 [ 43 116:304 [61, 47, 65, 54, 31, 50, 20, 28, 43, 56, 29, 49, 30, 15, 70, 66]]
 6 [ 24 336:336 [61, 47, 65, 54, 50, 56, 49, 70, 66]]
-6 [ 28 336:351 [67, 61, 47, 65, 54, 50, 56, 49, 70, 66]]
-8 [ 33 362:377 [52, 61, 47, 65, 54, 50, 57, 56, 49, 67, 70, 66]]
-1 [ 33 401:401 [61, 47, 52, 65, 54, 50, 57, 56, 49, 67, 70, 66]]

y[88] = 1.0
Vehicle: 901  Cost: 167.15
Route: 9 74 40 45 37 60 64 48 -9 
  9 [ 7  33: 48]
 74 [10 103:108]
 40 [ 9 124:129]
 45 [ 5 180:185]
 37 [ 3 227:232]
 60 [ 5 233:238]
 64 [ 8 300:305]
 48 [10 317:322]
 -9 [10 339:339]

y[246] = 1.0
Vehicle: 602  Cost: 206.01
Route: 6 29 15 30 68 63 31 55 -6 
  6 [10 202:358]
 29 [ 6 433:438]
 15 [ 4 454:459]
 30 [ 2 475:480]
 68 [ 4 501:506]
 63 [ 8 535:540]
 31 [ 6 540:545]
 55 [10 573:578]
 -6 [10 599:599]

y[398] = 1.0
Vehicle: 501  Cost: 23.50
Route: 5 24 25 -5 
  5 [ 5 422:437]
 24 [ 3 445:450]
 25 [ 0 456:461]
 -5 [ 0 471:471]

y[1128] = 1.0
Vehicle: 902  Cost: 50.73
Route: 9 72 69 38 44 73 -9 
  9 [ 2 243:258]
 72 [ 5 273:278]
 69 [ 9 288:293]
 38 [ 8 293:298]
 44 [ 7 311:316]
 73 [10 316:321]
 -9 [10 334:334]

y[2651] = 1.0
Vehicle: 301  Cost: 70.24
Route: 3 41 21 32 -3 
  3 [ 9 188:203]
 41 [ 8 208:213]
 21 [ 4 300:305]
 32 [ 0 420:425]
 -3 [ 0 460:460]

y[2713] = 1.0
Vehicle: 601  Cost: 175.46
Route: 6 28 62 43 71 58 53 20 51 -6 
  6 [ 9 345:360]
 28 [ 5 427:432]
 62 [ 7 432:437]
 43 [ 4 444:449]
 71 [ 5 464:469]
 58 [ 6 483:488]
 53 [ 7 497:502]
 20 [ 5 502:507]
 51 [ 8 540:545]
 -6 [ 8 576:576]

y[3958] = 1.0
Vehicle: 301  Cost: 90.65
Route: 3 56 23 66 22 54 14 49 -3 
  3 [ 9 116:131]
 56 [10 155:160]
 23 [ 9 160:165]
 66 [10 173:178]
 22 [ 6 194:199]
 54 [10 199:204]
 14 [ 6 222:227]
 49 [ 9 227:232]
 -3 [ 9 257:257]

y[4058] = 1.0
Vehicle: 305  Cost: 41.66
Route: 3 47 11 61 -3 
  3 [ 4 123:138]
 47 [ 8 159:164]
 11 [ 4 164:169]
 61 [ 6 180:185]
 -3 [ 6 203:203]

y[4497] = 1.0
Vehicle: 801  Cost: 37.42
Route: 8 17 59 26 -8 
  8 [ 3 273:288]
 17 [ 1 294:299]
 59 [ 5 420:425]
 26 [ 4 425:430]
 -8 [ 4 447:447]

y[4949] = 1.0
Vehicle: 302  Cost: 85.89
Route: 3 27 36 50 18 33 65 13 -3 
  3 [ 9 116:131]
 27 [ 7 155:160]
 36 [ 5 167:172]
 50 [ 8 180:185]
 18 [ 7 185:190]
 33 [ 6 197:202]
 65 [10 202:207]
 13 [ 7 239:244]
 -3 [ 7 253:253]

y[5006] = 1.0
Vehicle: 802  Cost: 78.04
Route: 8 52 57 12 -8 
  8 [ 4  24: 39]
 52 [ 5  61: 66]
 57 [ 9  88: 93]
 12 [ 5 101:106]
 -8 [ 5 132:132]

y[5423] = 1.0
Vehicle: 903  Cost: 14.69
Route: 9 42 46 10 -9 
  9 [ 3  67:293]
 42 [ 1 300:305]
 46 [ 4 310:315]
 10 [ 3 315:320]
 -9 [ 3 323:323]

y[5743] = 1.0
Vehicle: 603  Cost: 24.41
Route: 6 34 67 -6 
  6 [ 3  57: 72]
 34 [ 0  85: 90]
 67 [ 4  90: 95]
 -6 [ 4 107:107]

y[6488] = 1.0
Vehicle: 305  Cost: 29.86
Route: 3 19 35 16 -3 
  3 [ 9 141:156]
 19 [ 5 166:171]
 35 [ 2 176:181]
 16 [ 0 300:305]
 -3 [ 0 316:316]

y[6710] = 1.0
Vehicle: 502  Cost: 11.31
Route: 5 39 70 -5 
  5 [ 1  41: 56]
 39 [ 0  62: 67]
 70 [ 2  67: 72]
 -5 [ 2  78: 78]

FE: 3
SE: 15
!MIP-----
1374.3627219094976,583.1793940067291,9.8954476894892E-5,3,15,4289,7048

