NAME: bar-n100-1
LOCATION: Barcelona
COMMENT:  Sartori and Buriol (2019)
TYPE: PDPTW
SIZE: 11
DISTRIBUTION: cluster-random (7 / 1.5)
DEPOT: random
ROUTE-TIME: 240
TIME-WINDOW: 120
CAPACITY: 300
NODES
0 41.39753660 2.12356330 0 0 240 0 0 0
1 41.39825330 2.17687800 55 32 152 5 0 6
2 41.38104350 2.18867720 136 0 83 5 0 7
3 41.39843170 2.17893870 88 0 77 5 0 8
4 41.43074650 2.16251410 146 12 132 5 0 9
5 41.39716020 2.19588250 21 136 240 5 0 10
6 41.39245750 2.16795150 -55 41 161 5 1 0
7 41.39163460 2.18771500 -136 10 130 5 2 0
8 41.35864420 2.10061820 -88 22 142 5 3 0
9 41.38442060 2.14052840 -146 36 156 5 4 0
10 41.43955720 2.21901660 -21 157 222 5 5 0
EDGES
0 11 13 11 11 14 9 13 11 6 18
11 0 7 3 10 5 4 5 17 8 14
15 7 0 8 14 7 7 5 16 11 14
12 2 6 0 9 4 5 5 17 8 13
11 9 13 8 0 11 10 12 16 14 14
15 5 6 5 11 0 8 6 18 12 13
10 4 6 3 10 6 0 5 15 6 14
14 5 4 4 11 3 7 0 16 11 14
11 17 17 17 18 19 15 18 0 11 25
7 8 10 7 13 10 5 9 11 0 18
18 12 12 12 14 12 13 14 24 17 0
