NAME: bar-n100-2
LOCATION: Barcelona
COMMENT:  Sartori and Buriol (2019)
TYPE: PDPTW
SIZE: 21
DISTRIBUTION: cluster (7 / 1.2)
DEPOT: random
ROUTE-TIME: 480
TIME-WINDOW: 120
CAPACITY: 100
NODES
0 41.37381530 2.14590850 0 0 480 0 0 0
1 41.45906400 2.20147270 21 364 480 15 0 11
2 41.41269480 2.17883230 43 146 266 15 0 12
3 41.43823890 2.22461350 54 342 462 15 0 13
4 41.40879240 2.16481460 11 60 180 15 0 14
5 41.41095110 2.17330790 55 69 189 15 0 15
6 41.43838770 2.21857130 27 139 259 15 0 16
7 41.41204960 2.17015780 47 159 279 15 0 17
8 41.45269770 2.19346220 27 349 469 15 0 18
9 41.43039500 2.18446890 53 0 112 15 0 19
10 41.38968950 2.16709260 15 297 417 15 0 20
11 41.44854730 2.17560920 -21 388 463 15 1 0
12 41.40427200 2.17026680 -43 167 287 15 2 0
13 41.43819090 2.23299850 -54 360 460 15 3 0
14 41.40552510 2.18546920 -11 80 200 15 4 0
15 41.42281860 2.16412650 -55 91 211 15 5 0
16 41.43688070 2.21942810 -27 276 396 15 6 0
17 41.40355670 2.17818570 -47 178 298 15 7 0
18 41.45455310 2.21330970 -27 372 459 15 8 0
19 41.43134210 2.19329730 -53 18 138 15 9 0
20 41.38519950 2.18182640 -15 318 438 15 10 0
EDGES
0 19 10 17 10 10 18 10 18 13 7 19 8 17 9 14 17 8 20 14 9
20 0 11 8 13 12 8 12 6 8 16 8 14 8 12 11 8 13 4 7 14
12 11 0 11 5 3 11 4 10 5 8 12 5 11 4 6 10 4 12 7 9
18 9 11 0 13 12 4 12 10 9 14 12 12 3 10 14 3 11 7 8 12
10 12 3 13 0 3 13 3 11 7 6 12 4 12 5 6 12 3 13 9 8
11 11 3 12 4 0 13 2 10 6 7 12 5 12 5 6 11 3 12 8 9
18 7 10 3 13 11 0 11 9 8 14 11 12 5 10 13 2 11 6 7 13
10 11 3 12 3 2 12 0 10 6 7 11 4 11 4 5 11 3 12 8 8
19 6 10 10 12 11 9 11 0 8 15 7 13 10 11 10 9 11 7 6 15
15 8 6 9 9 7 9 7 7 0 12 9 9 10 7 8 9 8 9 3 13
7 15 7 14 6 6 14 7 15 10 0 16 5 12 6 11 13 5 16 11 6
17 7 9 11 11 10 10 10 6 8 15 0 12 11 12 9 10 11 8 7 16
9 12 3 12 3 3 12 3 11 6 5 13 0 11 4 7 11 2 13 8 7
20 10 13 5 15 13 7 14 11 12 16 13 14 0 12 16 6 13 8 10 13
10 11 4 9 6 4 10 4 10 5 6 13 4 9 0 8 8 3 12 6 8
14 11 6 14 7 6 13 6 10 5 11 11 8 14 8 0 13 7 12 7 12
17 8 10 3 13 11 3 11 9 8 13 11 11 5 9 13 0 10 7 7 12
9 12 3 11 5 3 11 4 12 7 5 13 3 9 2 8 10 0 13 8 6
21 4 12 7 14 13 7 13 7 9 18 9 15 7 13 12 8 14 0 8 16
15 7 6 8 9 7 7 7 6 2 11 9 9 9 7 7 7 7 7 0 12
9 15 8 14 8 8 15 8 16 11 6 18 7 13 6 12 14 6 16 12 0
