NAME: bar-n100-1
LOCATION: Barcelona
COMMENT:  Sartori and Buriol (2019)
TYPE: PDPTW
SIZE: 11
DISTRIBUTION: cluster-random (7 / 1.5)
DEPOT: random
ROUTE-TIME: 240
TIME-WINDOW: 120
CAPACITY: 300
NODES
0 41.39753660 2.12356330 0 0 240 0 0 0
1 41.43220000 2.16124700 127 49 169 5 0 6
2 41.43215450 2.18508420 178 52 172 5 0 7
3 41.44252360 2.17430660 169 30 150 5 0 8
4 41.38672140 2.17353810 55 0 72 5 0 9
5 41.38963490 2.10462520 14 48 168 5 0 10
6 41.42474170 2.17131170 -127 58 178 5 1 0
7 41.43119840 2.18743590 -178 59 179 5 2 0
8 41.32571630 2.09067340 -169 59 179 5 3 0
9 41.45231470 2.22570450 -55 93 213 5 4 0
10 41.39860540 2.16167630 -14 65 185 5 5 0
EDGES
0 11 14 10 11 6 12 16 16 17 10
11 0 6 7 12 13 4 7 23 12 9
14 7 0 6 12 17 6 2 26 9 8
12 6 7 0 14 13 7 9 23 8 10
12 12 11 14 0 14 12 13 18 16 6
5 12 15 11 12 0 13 17 15 18 11
11 4 4 6 10 14 0 6 23 11 6
15 8 2 6 12 17 6 0 26 10 9
15 22 23 21 15 15 23 25 0 24 18
18 13 11 10 18 20 13 11 28 0 16
9 10 9 11 4 10 9 11 18 16 0
