NAME: bar-n100-2
LOCATION: Barcelona
COMMENT:  Sartori and Buriol (2019)
TYPE: PDPTW
SIZE: 11
DISTRIBUTION: cluster (7 / 1.2)
DEPOT: random
ROUTE-TIME: 480
TIME-WINDOW: 120
CAPACITY: 100
NODES
0 41.37381530 2.14590850 0 0 480 0 0 0
1 41.41269480 2.17883230 43 146 266 15 0 6
2 41.43823890 2.22461350 54 342 462 15 0 7
3 41.43838770 2.21857130 27 139 259 15 0 8
4 41.41204960 2.17015780 47 159 279 15 0 9
5 41.45269770 2.19346220 27 349 469 15 0 10
6 41.40427200 2.17026680 -43 167 287 15 1 0
7 41.43819090 2.23299850 -54 360 460 15 2 0
8 41.43688070 2.21942810 -27 276 396 15 3 0
9 41.40355670 2.17818570 -47 178 298 15 4 0
10 41.45455310 2.21330970 -27 372 459 15 5 0
EDGES
0 10 17 18 10 18 8 17 17 8 20
12 0 11 11 4 10 5 11 10 4 12
18 11 0 4 12 10 12 3 3 11 7
18 10 3 0 11 9 12 5 2 11 6
10 3 12 12 0 10 4 11 11 3 12
19 10 10 9 11 0 13 10 9 11 7
9 3 12 12 3 11 0 11 11 2 13
20 13 5 7 14 11 14 0 6 13 8
17 10 3 3 11 9 11 5 0 10 7
9 3 11 11 4 12 3 9 10 0 13
21 12 7 7 13 7 15 7 8 14 0
