--Parameters Information--
speed=1
run=5
iteration= 100000
batch=100
restartPeriod=10000
largeRemovalOccurrence=500
initialLNS=250
lowerBoundSmallRemoval=4
smallRemoval=0.2
lowerBoundLargeRemoval=0.55
largeRemoval=0.8
initialWeight=1.0
decayRate=0.1
gamma1=9.0
gamma2=5.0
gamma3=2.0
gamma4=0.0
coolingRate=0.9995
temperatureControlParameter=0.05
initialAcceptanceProbability=0.5
perturbation=0.5
perturbationFactor=0.01
split=20000

Setup: Split
Data: A_100_1

Run: 1
Total Cost: 2360.54
Vehicle: 11  Cost: 77.79
Route: 1 2 -2 -1 
 1 [ 66   0:  0 [7, 72, 29, 26, 47, 74, 11, 37, 68, 58, 9, 18, 48, 45, 50, 15, 27, 43, 67, 22, 36, 62, 5, 75]]
 2 [  0  39: 39 []]
-2 [ 35  39:485 [106, 98, 83, 97, 130, 86, 95, 115, 123, 110, 129, 79, 77, 104]]
-1 [ 35 524:524 [106, 98, 83, 97, 130, 86, 95, 115, 123, 110, 129, 79, 77, 104]]

Vehicle: 12  Cost: 84.10
Route: 1 3 -3 -1 
 1 [ 75   0:  0 [13, 32, 54, 40, 6, 69, 55, 49, 21, 63, 30, 31, 41, 42, 25, 34, 59, 66, 53, 16, 10, 39, 57, 44, 46, 33, 8, 61, 51, 71, 38, 73, 65, 19, 52]]
 3 [  0  42: 42 []]
-3 [ 75  42:534 [93, 102, 105, 121, 127, 111, 90, 109, 91, 101, 128, 92, 114, 113, 125, 94, 80, 89, 81, 116, 108, 85, 112, 118, 88, 122, 131, 84, 96, 119, 78]]
-1 [ 75 576:576 [93, 102, 105, 121, 127, 111, 90, 109, 91, 101, 128, 92, 114, 113, 125, 94, 80, 89, 81, 116, 108, 85, 112, 118, 88, 122, 131, 84, 96, 119, 78]]

Vehicle: 13  Cost: 84.10
Route: 1 3 -3 -1 
 1 [ 39   0:  0 [64, 24, 35, 20, 70, 14, 17, 23, 56, 60, 4, 12, 28]]
 3 [  0  42: 42 []]
-3 [ 25  42:534 [99, 124, 82, 120, 107, 117, 103, 87, 126, 76, 100]]
-1 [ 25 576:576 [99, 124, 82, 120, 107, 117, 103, 87, 126, 76, 100]]

Vehicle: 201  Cost: 53.12
Route: 2 7 74 130 104 43 -2 
  2 [10  39: 54]
  7 [ 6  70: 75]
 74 [ 2  82: 87]
130 [ 5  87: 92]
104 [ 9 300:305]
 43 [ 7 305:310]
 -2 [ 7 336:336]

Vehicle: 203  Cost: 80.88
Route: 2 11 15 26 -2 
  2 [10  39: 55]
 11 [ 8  60: 65]
 15 [ 4  96:101]
 26 [ 0 114:119]
 -2 [ 0 151:151]

Vehicle: 204  Cost: 190.04
Route: 2 37 48 110 47 106 77 83 58 115 -2 
  2 [10  39: 54]
 37 [ 7  90: 95]
 48 [ 3 180:185]
110 [ 7 210:215]
 47 [ 6 226:231]
106 [ 8 231:236]
 77 [ 9 300:305]
 83 [10 319:324]
 58 [ 8 363:368]
115 [ 9 368:373]
 -2 [ 9 393:393]

Vehicle: 205  Cost: 107.68
Route: 2 62 45 50 95 75 -2 
  2 [10  39:259]
 62 [ 9 300:305]
 45 [ 5 311:316]
 50 [ 1 328:333]
 95 [ 4 420:425]
 75 [ 3 432:437]
 -2 [ 3 467:467]

Vehicle: 206  Cost: 58.82
Route: 2 72 68 123 22 67 86 -2 
  2 [10  39: 54]
 72 [ 8  61: 66]
 68 [ 6  77: 82]
123 [ 8  93: 98]
 22 [ 5 101:106]
 67 [ 2 109:114]
 86 [ 4 300:305]
 -2 [ 4 326:326]

Vehicle: 207  Cost: 77.82
Route: 2 5 9 79 29 -2 
  2 [ 9  39: 54]
  5 [ 6  65: 70]
  9 [ 4  78: 83]
 79 [ 6  97:102]
 29 [ 2 300:305]
 -2 [ 2 322:322]

Vehicle: 211  Cost: 37.34
Route: 2 27 18 97 36 98 129 -2 
  2 [ 7  39:175]
 27 [ 4 180:185]
 18 [ 1 420:425]
 97 [ 4 429:434]
 36 [ 3 438:443]
 98 [ 7 443:448]
129 [10 449:454]
 -2 [10 470:470]

Vehicle: 301  Cost: 125.64
Route: 3 122 63 100 40 81 51 108 -3 
  3 [ 6  42: 57]
122 [10 104:109]
 63 [ 7 109:114]
100 [ 8 118:123]
 40 [ 6 123:128]
 81 [ 7 136:141]
 51 [ 6 300:305]
108 [10 305:310]
 -3 [10 368:368]

Vehicle: 302  Cost: 42.70
Route: 3 131 42 103 12 -3 
  3 [ 7  42: 57]
131 [10  73: 78]
 42 [ 7 300:305]
103 [ 9 305:310]
 12 [ 5 316:321]
 -3 [ 5 341:341]

Vehicle: 303  Cost: 49.08
Route: 3 126 33 94 39 -3 
  3 [ 3  42: 57]
126 [ 7  80: 85]
 33 [ 6 300:305]
 94 [10 305:310]
 39 [ 8 420:425]
 -3 [ 8 441:441]

Vehicle: 304  Cost: 83.23
Route: 3 4 119 46 105 17 87 -3 
  3 [10  42:170]
  4 [ 7 180:185]
119 [10 196:201]
 46 [ 6 300:305]
105 [ 9 305:310]
 17 [ 6 314:319]
 87 [ 9 319:324]
 -3 [ 9 359:359]

Vehicle: 305  Cost: 136.88
Route: 3 28 54 70 23 91 114 76 -3 
  3 [10  42: 57]
 28 [ 7 111:116]
 54 [ 5 123:128]
 70 [ 4 133:138]
 23 [ 0 180:185]
 91 [ 1 199:204]
114 [ 4 230:235]
 76 [ 6 251:256]
 -3 [ 6 266:266]

Vehicle: 306  Cost: 95.71
Route: 3 32 93 21 90 69 127 -3 
  3 [10  42:269]
 32 [ 6 300:305]
 93 [ 8 305:310]
 21 [ 6 332:337]
 90 [ 7 337:342]
 69 [ 3 346:351]
127 [ 4 351:356]
 -3 [ 4 394:394]

Vehicle: 307  Cost: 149.45
Route: 3 10 16 107 56 111 41 102 -3 
  3 [ 9  42:268]
 10 [ 8 300:305]
 16 [ 4 319:324]
107 [ 7 362:367]
 56 [ 4 370:375]
111 [ 6 375:380]
 41 [ 5 420:425]
102 [ 9 425:430]
 -3 [ 9 483:483]

Vehicle: 308  Cost: 85.30
Route: 3 20 88 35 31 52 66 -3 
  3 [ 9  42: 57]
 20 [ 7  85: 90]
 88 [10  90: 95]
 35 [ 8  96:101]
 31 [ 7 300:305]
 52 [ 6 311:316]
 66 [ 3 319:324]
 -3 [ 3 363:363]

Vehicle: 309  Cost: 183.44
Route: 3 25 30 121 59 84 118 60 116 120 -3 
  3 [10  42:291]
 25 [ 9 300:305]
 30 [ 6 323:328]
121 [ 9 355:360]
 59 [ 5 393:398]
 84 [ 7 409:414]
118 [ 8 437:442]
 60 [ 6 442:447]
116 [ 8 472:477]
120 [10 491:496]
 -3 [10 519:519]

Vehicle: 310  Cost: 10.20
Route: 3 24 -3 
  3 [ 4  42:295]
 24 [ 0 300:305]
 -3 [ 0 310:310]

Vehicle: 311  Cost: 126.58
Route: 3 64 124 55 80 6 89 112 13 -3 
  3 [10  42:267]
 64 [ 6 300:305]
124 [ 8 305:310]
 55 [ 4 327:332]
 80 [ 8 349:354]
  6 [ 7 354:359]
 89 [ 9 366:371]
112 [10 403:408]
 13 [ 9 418:423]
 -3 [ 9 434:434]

Vehicle: 313  Cost: 160.84
Route: 3 61 117 34 53 109 96 44 92 8 82 -3 
  3 [ 6  42: 57]
 61 [ 4  78: 83]
117 [ 5  94: 99]
 34 [ 4 117:122]
 53 [ 3 147:152]
109 [ 4 152:157]
 96 [ 6 181:186]
 44 [ 5 201:206]
 92 [ 9 212:217]
  8 [ 8 236:241]
 82 [10 241:246]
 -3 [10 268:268]

Vehicle: 314  Cost: 131.04
Route: 3 14 73 99 101 65 125 71 -3 
  3 [10  42: 57]
 14 [ 6  89: 94]
 73 [ 4 107:112]
 99 [ 7 133:138]
101 [ 8 145:150]
 65 [ 6 176:181]
125 [10 181:186]
 71 [ 8 420:425]
 -3 [ 8 438:438]

Vehicle: 316  Cost: 128.77
Route: 3 57 113 49 38 19 85 128 78 -3 
  3 [10  42: 57]
 57 [ 7  96:101]
113 [ 8 101:106]
 49 [ 7 110:115]
 38 [ 4 300:305]
 19 [ 1 318:323]
 85 [ 5 333:338]
128 [ 7 350:355]
 78 [ 9 420:425]
 -3 [ 9 464:464]

Total Cost: 2360.54
 11:77.79, 66:75 [1, 2, -2, -1]
 12:84.10, 75:75 [1, 3, -3, -1]
 13:84.10, 39:75 [1, 3, -3, -1]
201:53.12, 10:10 [2, 7, 74, 130, 104, 43, -2]
203:80.88, 10:10 [2, 11, 15, 26, -2]
204:190.04, 10:10 [2, 37, 48, 110, 47, 106, 77, 83, 58, 115, -2]
205:107.68, 10:10 [2, 62, 45, 50, 95, 75, -2]
206:58.82, 10:10 [2, 72, 68, 123, 22, 67, 86, -2]
207:77.82, 9:10 [2, 5, 9, 79, 29, -2]
211:37.34, 10:10 [2, 27, 18, 97, 36, 98, 129, -2]
301:125.64, 10:10 [3, 122, 63, 100, 40, 81, 51, 108, -3]
302:42.70, 10:10 [3, 131, 42, 103, 12, -3]
303:49.08, 10:10 [3, 126, 33, 94, 39, -3]
304:83.23, 10:10 [3, 4, 119, 46, 105, 17, 87, -3]
305:136.88, 10:10 [3, 28, 54, 70, 23, 91, 114, 76, -3]
306:95.71, 10:10 [3, 32, 93, 21, 90, 69, 127, -3]
307:149.45, 9:10 [3, 10, 16, 107, 56, 111, 41, 102, -3]
308:85.30, 10:10 [3, 20, 88, 35, 31, 52, 66, -3]
309:183.44, 10:10 [3, 25, 30, 121, 59, 84, 118, 60, 116, 120, -3]
310:10.20, 4:10 [3, 24, -3]
311:126.58, 10:10 [3, 64, 124, 55, 80, 6, 89, 112, 13, -3]
313:160.84, 10:10 [3, 61, 117, 34, 53, 109, 96, 44, 92, 8, 82, -3]
314:131.04, 10:10 [3, 14, 73, 99, 101, 65, 125, 71, -3]
316:128.77, 10:10 [3, 57, 113, 49, 38, 19, 85, 128, 78, -3]
fe: 3, se: 21

!ALNS------------
100000,2360.5403471709096,572.671,327.208,3,21,0.8,0.9619047619047619,42.666666666666664,6.095238095238095
13 16 8 6 0 0 12 0 
21.913489100250775 51.780546836633434 23.51518450669569 37.94172829351332 NaN 150.86928728325492 24.741211571330076 18.98772514117536 
3 7 8 3 10 6 16 2 
25.750934773173995 28.00313287842895 37.18294013988087 26.837651209623942 31.408968789060502 37.59126631565468 23.808253448682766 40.25970439312085 

x[6505] = 1.0
Vehicle: 11  Cost: 77.79
Route: 1 2 -2 -1 
 1 [ 64   0:  0 [58, 18, 74, 62, 67, 50, 68, 37, 9, 45, 30, 29, 15, 26, 22, 72, 7, 5, 27, 11, 43, 75, 36]]
 2 [  0  39: 39 []]
-2 [ 33  39:485 [123, 98, 121, 95, 97, 86, 79, 104, 130, 129, 115, 114]]
-1 [ 33 524:524 [123, 98, 121, 95, 97, 86, 79, 104, 130, 129, 115, 114]]

x[24318] = 1.0
Vehicle: 13  Cost: 84.10
Route: 1 3 -3 -1 
 1 [ 41   0:  0 [28, 56, 57, 16, 13, 69, 46, 41, 59, 19, 49, 71, 35, 48, 65]]
 3 [  0  42: 42 []]
-3 [ 30  42:504 [119, 105, 78, 87, 125, 103, 124, 120, 94, 127, 91, 114]]
-1 [ 30 546:546 [119, 105, 78, 87, 125, 103, 124, 120, 94, 127, 91, 114]]

x[24780] = 1.0
Vehicle: 12  Cost: 84.10
Route: 1 3 -3 -1 
 1 [ 75   0:  0 [10, 4, 21, 12, 39, 6, 66, 52, 64, 14, 42, 60, 54, 23, 25, 8, 31, 17, 61, 24, 40, 70, 63, 51, 73, 33, 32, 55, 38, 20, 47, 34, 53, 44]]
 3 [  0  42: 42 []]
-3 [ 75  42:504 [108, 122, 99, 113, 81, 112, 109, 93, 84, 89, 100, 83, 107, 102, 111, 82, 118, 96, 76, 126, 92, 116, 80, 128, 117, 88, 90, 85, 131, 106, 101, 77, 110]]
-1 [ 75 546:546 [108, 122, 99, 113, 81, 112, 109, 93, 84, 89, 100, 83, 107, 102, 111, 82, 118, 96, 76, 126, 92, 116, 80, 128, 117, 88, 90, 85, 131, 106, 101, 77, 110]]

y[415] = 1.0
Vehicle: 314  Cost: 90.37
Route: 3 65 125 21 90 127 69 -3 
  3 [ 8  42: 57]
 65 [ 6  88: 93]
125 [10  93: 98]
 21 [ 8 300:305]
 90 [ 9 305:310]
127 [10 314:319]
 69 [ 6 319:324]
 -3 [ 6 363:363]

y[1311] = 1.0
Vehicle: 304  Cost: 72.82
Route: 3 20 88 64 124 93 112 -3 
  3 [ 6  42: 57]
 20 [ 4  85: 90]
 88 [ 7  90: 95]
 64 [ 3 300:305]
124 [ 5 305:310]
 93 [ 7 314:319]
112 [ 8 333:338]
 -3 [ 8 359:359]

y[2148] = 1.0
Vehicle: 211  Cost: 72.98
Route: 2 26 30 115 58 -2 
  2 [ 9  39: 54]
 26 [ 5  86: 91]
 30 [ 2 300:305]
115 [ 3 311:316]
 58 [ 1 316:321]
 -2 [ 1 341:341]

y[2276] = 1.0
Vehicle: 302  Cost: 42.70
Route: 3 131 42 103 12 -3 
  3 [ 7  87:102]
131 [10 118:123]
 42 [ 7 300:305]
103 [ 9 305:310]
 12 [ 5 316:321]
 -3 [ 5 341:341]

y[2470] = 1.0
Vehicle: 304  Cost: 166.68
Route: 3 28 54 48 110 106 41 102 -3 
  3 [10  42: 57]
 28 [ 7 111:116]
 54 [ 5 123:128]
 48 [ 1 180:185]
110 [ 5 210:215]
106 [ 7 226:231]
 41 [ 6 420:425]
102 [10 425:430]
 -3 [10 483:483]

y[3228] = 1.0
Vehicle: 304  Cost: 83.13
Route: 3 61 119 46 105 17 87 -3 
  3 [ 9  87:102]
 61 [ 7 123:128]
119 [10 128:133]
 46 [ 6 300:305]
105 [ 9 305:310]
 17 [ 6 314:319]
 87 [ 9 319:324]
 -3 [ 9 359:359]

y[4208] = 1.0
Vehicle: 316  Cost: 134.15
Route: 3 44 96 19 85 16 128 78 -3 
  3 [ 8  42: 57]
 44 [ 7  98:103]
 96 [ 9 118:123]
 19 [ 6 300:305]
 85 [10 315:320]
 16 [ 6 320:325]
128 [ 8 337:342]
 78 [10 420:425]
 -3 [10 464:464]

y[4864] = 1.0
Vehicle: 201  Cost: 53.12
Route: 2 7 130 74 43 104 -2 
  2 [10 100:115]
  7 [ 6 131:136]
130 [ 9 143:148]
 74 [ 5 148:153]
 43 [ 3 300:305]
104 [ 7 305:310]
 -2 [ 7 336:336]

y[4920] = 1.0
Vehicle: 207  Cost: 77.82
Route: 2 5 9 79 29 -2 
  2 [ 9 100:115]
  5 [ 6 126:131]
  9 [ 4 139:144]
 79 [ 6 158:163]
 29 [ 2 300:305]
 -2 [ 2 322:322]

y[6783] = 1.0
Vehicle: 210  Cost: 37.34
Route: 2 27 18 97 36 98 129 -2 
  2 [ 7 110:175]
 27 [ 4 180:185]
 18 [ 1 420:425]
 97 [ 4 429:434]
 36 [ 3 438:443]
 98 [ 7 443:448]
129 [10 449:454]
 -2 [10 470:470]

y[7192] = 1.0
Vehicle: 204  Cost: 49.93
Route: 2 68 67 22 123 72 -2 
  2 [10  39: 54]
 68 [ 8  70: 75]
 67 [ 5  89: 94]
 22 [ 2  97:102]
123 [ 4 105:110]
 72 [ 2 117:122]
 -2 [ 2 129:129]

y[11144] = 1.0
Vehicle: 312  Cost: 52.80
Route: 3 4 76 114 25 24 -3 
  3 [ 8  42:170]
  4 [ 5 180:185]
 76 [ 7 185:190]
114 [10 206:211]
 25 [ 9 300:305]
 24 [ 5 309:314]
 -3 [ 5 319:319]

y[11871] = 1.0
Vehicle: 314  Cost: 125.49
Route: 3 32 55 51 108 6 80 89 -3 
  3 [10  42:269]
 32 [ 6 300:305]
 55 [ 2 321:326]
 51 [ 1 338:343]
108 [ 5 343:348]
  6 [ 4 356:361]
 80 [ 8 361:366]
 89 [10 373:378]
 -3 [10 429:429]

y[13970] = 1.0
Vehicle: 314  Cost: 50.98
Route: 3 126 8 82 39 71 -3 
  3 [ 5  42: 57]
126 [ 9  80: 85]
  8 [ 8 180:185]
 82 [10 185:190]
 39 [ 8 420:425]
 71 [ 6 429:434]
 -3 [ 6 447:447]

y[16381] = 1.0
Vehicle: 314  Cost: 105.77
Route: 3 57 113 49 92 38 10 33 94 -3 
  3 [ 9  42: 57]
 57 [ 6  96:101]
113 [ 7 101:106]
 49 [ 6 110:115]
 92 [10 180:185]
 38 [ 7 300:305]
 10 [ 6 323:328]
 33 [ 5 339:344]
 94 [ 9 344:349]
 -3 [ 9 371:371]

y[17156] = 1.0
Vehicle: 206  Cost: 90.01
Route: 2 11 37 15 86 -2 
  2 [ 9  39: 55]
 11 [ 7  60: 65]
 37 [ 4  97:102]
 15 [ 0 113:118]
 86 [ 2 300:305]
 -2 [ 2 326:326]

y[18152] = 1.0
Vehicle: 205  Cost: 122.32
Route: 2 62 45 50 121 95 75 -2 
  2 [10  91:259]
 62 [ 9 300:305]
 45 [ 5 311:316]
 50 [ 1 328:333]
121 [ 4 343:348]
 95 [ 7 420:425]
 75 [ 6 432:437]
 -2 [ 6 467:467]

y[19277] = 1.0
Vehicle: 304  Cost: 84.66
Route: 3 14 66 52 31 13 -3 
  3 [10  42: 57]
 14 [ 6  89: 94]
 66 [ 3 300:305]
 52 [ 2 308:313]
 31 [ 1 319:324]
 13 [ 0 349:354]
 -3 [ 0 365:365]

y[20610] = 1.0
Vehicle: 305  Cost: 176.66
Route: 3 91 23 70 59 84 77 116 120 -3 
  3 [ 9  87:102]
 91 [10 149:154]
 23 [ 6 180:185]
 70 [ 5 190:195]
 59 [ 1 300:305]
 84 [ 3 316:321]
 77 [ 4 360:365]
116 [ 6 379:384]
120 [ 8 399:404]
 -3 [ 8 427:427]

y[20681] = 1.0
Vehicle: 301  Cost: 132.64
Route: 3 35 73 99 63 122 100 40 81 101 -3 
  3 [ 9  42: 57]
 35 [ 7  86: 91]
 73 [ 5 106:111]
 99 [ 8 132:137]
 63 [ 5 141:146]
122 [ 9 146:151]
100 [10 155:160]
 40 [ 8 160:165]
 81 [ 9 173:178]
101 [10 187:192]
 -3 [10 235:235]

y[20739] = 1.0
Vehicle: 332  Cost: 173.42
Route: 3 117 34 47 109 53 107 56 111 118 60 83 -3 
  3 [ 8  42: 57]
117 [ 9  88: 93]
 34 [ 8 112:117]
 47 [ 7 125:130]
109 [ 8 148:153]
 53 [ 7 153:158]
107 [10 300:305]
 56 [ 7 308:313]
111 [ 9 313:318]
118 [10 349:354]
 60 [ 8 354:359]
 83 [ 9 372:377]
 -3 [ 9 417:417]

FE: 3
SE: 21
!MIP-----
2241.7706043834924,5401.569808006287,0.029907524496581017,3,21,43665,21011

Run: 2
Total Cost: 2261.13
Vehicle: 11  Cost: 77.79
Route: 1 2 -2 -1 
 1 [ 65   0:  0 [11, 72, 18, 70, 15, 26, 22, 41, 36, 43, 67, 29, 74, 59, 23, 9, 45, 7, 5, 37, 27, 68, 62, 75]]
 2 [  0  39: 39 []]
-2 [ 33  39:522 [84, 98, 79, 95, 77, 104, 102, 129, 130, 97, 86, 123]]
-1 [ 33 561:561 [84, 98, 79, 95, 77, 104, 102, 129, 130, 97, 86, 123]]

Vehicle: 12  Cost: 84.10
Route: 1 3 -3 -1 
 1 [ 74   0:  0 [56, 47, 44, 38, 21, 28, 53, 64, 34, 49, 61, 14, 31, 58, 30, 66, 73, 13, 51, 50, 12, 60, 24, 35, 57, 48, 8, 16, 46, 19]]
 3 [  0  42: 42 []]
-3 [ 74  42:479 [125, 107, 87, 118, 112, 115, 127, 76, 124, 88, 109, 106, 101, 83, 114, 111, 100, 78, 99, 126, 92, 121, 80, 108, 110, 96, 82, 81, 122, 103, 116, 90]]
-1 [ 74 521:521 [125, 107, 87, 118, 112, 115, 127, 76, 124, 88, 109, 106, 101, 83, 114, 111, 100, 78, 99, 126, 92, 121, 80, 108, 110, 96, 82, 81, 122, 103, 116, 90]]

Vehicle: 13  Cost: 84.10
Route: 1 3 -3 -1 
 1 [ 41   0:  0 [40, 54, 55, 10, 6, 20, 39, 71, 69, 65, 33, 32, 52, 25, 63, 4, 42, 17]]
 3 [  0  42: 42 []]
-3 [ 28  42:479 [131, 94, 113, 93, 128, 89, 91, 117, 119, 85, 105, 120]]
-1 [ 28 521:521 [131, 94, 113, 93, 128, 89, 91, 117, 119, 85, 105, 120]]

Vehicle: 201  Cost: 37.34
Route: 2 27 18 97 98 36 129 -2 
  2 [ 7  39:175]
 27 [ 4 180:185]
 18 [ 1 420:425]
 97 [ 4 429:434]
 98 [ 8 438:443]
 36 [ 7 443:448]
129 [10 449:454]
 -2 [10 470:470]

Vehicle: 202  Cost: 77.82
Route: 2 5 9 79 29 -2 
  2 [ 9  39: 54]
  5 [ 6  65: 70]
  9 [ 4  78: 83]
 79 [ 6  97:102]
 29 [ 2 300:305]
 -2 [ 2 322:322]

Vehicle: 203  Cost: 53.12
Route: 2 7 130 74 104 43 -2 
  2 [10  39: 54]
  7 [ 6  70: 75]
130 [ 9  82: 87]
 74 [ 5  87: 92]
104 [ 9 300:305]
 43 [ 7 305:310]
 -2 [ 7 336:336]

Vehicle: 204  Cost: 49.93
Route: 2 68 67 22 123 72 -2 
  2 [10  39: 54]
 68 [ 8  70: 75]
 67 [ 5  89: 94]
 22 [ 2  97:102]
123 [ 4 105:110]
 72 [ 2 117:122]
 -2 [ 2 129:129]

Vehicle: 205  Cost: 87.38
Route: 2 11 26 15 86 -2 
  2 [10  39: 55]
 11 [ 8  60: 65]
 26 [ 4  92: 97]
 15 [ 0 110:115]
 86 [ 2 300:305]
 -2 [ 2 326:326]

Vehicle: 206  Cost: 103.41
Route: 2 37 62 45 95 75 -2 
  2 [ 9  39: 54]
 37 [ 6  90: 95]
 62 [ 5 300:305]
 45 [ 1 311:316]
 95 [ 4 420:425]
 75 [ 3 432:437]
 -2 [ 3 467:467]

Vehicle: 207  Cost: 206.57
Route: 2 23 70 59 84 77 102 41 -2 
  2 [10  39:121]
 23 [ 6 180:185]
 70 [ 5 190:195]
 59 [ 1 300:305]
 84 [ 3 316:321]
 77 [ 4 360:365]
102 [ 8 420:425]
 41 [ 7 425:430]
 -2 [ 7 507:507]

Vehicle: 301  Cost: 130.95
Route: 3 73 99 63 122 100 40 81 101 -3 
  3 [ 7  42: 57]
 73 [ 5  99:104]
 99 [ 8 125:130]
 63 [ 5 134:139]
122 [ 9 139:144]
100 [10 148:153]
 40 [ 8 153:158]
 81 [ 9 166:171]
101 [10 180:185]
 -3 [10 228:228]

Vehicle: 302  Cost: 158.26
Route: 3 91 28 54 48 110 117 119 -3 
  3 [ 9  42: 57]
 91 [10 103:108]
 28 [ 7 116:121]
 54 [ 5 129:134]
 48 [ 1 180:185]
110 [ 5 210:215]
117 [ 6 240:245]
119 [ 9 256:261]
 -3 [ 9 282:282]

Vehicle: 303  Cost: 100.12
Route: 3 57 113 49 92 38 33 94 -3 
  3 [ 8  42: 57]
 57 [ 5  96:101]
113 [ 6 101:106]
 49 [ 5 110:115]
 92 [ 9 180:185]
 38 [ 6 300:305]
 33 [ 5 328:333]
 94 [ 9 333:338]
 -3 [ 9 360:360]

Vehicle: 304  Cost: 57.71
Route: 3 30 58 115 25 24 -3 
  3 [10  42:275]
 30 [ 7 300:305]
 58 [ 5 311:316]
115 [ 6 316:321]
 25 [ 5 338:343]
 24 [ 1 348:353]
 -3 [ 1 358:358]

Vehicle: 305  Cost: 148.67
Route: 3 61 34 106 47 53 109 107 56 111 116 -3 
  3 [ 8  42: 57]
 61 [ 6  78: 83]
 34 [ 5 111:116]
106 [ 7 124:129]
 47 [ 6 129:134]
 53 [ 5 152:157]
109 [ 6 157:162]
107 [ 9 300:305]
 56 [ 6 308:313]
111 [ 8 313:318]
116 [10 340:345]
 -3 [10 383:383]

Vehicle: 306  Cost: 90.37
Route: 3 65 125 21 90 69 127 -3 
  3 [ 8  42: 57]
 65 [ 6  88: 93]
125 [10  93: 98]
 21 [ 8 300:305]
 90 [ 9 305:310]
 69 [ 5 314:319]
127 [ 6 319:324]
 -3 [ 6 363:363]

Vehicle: 307  Cost: 133.55
Route: 3 44 96 19 16 85 128 10 -3 
  3 [ 9  42: 57]
 44 [ 8  98:103]
 96 [10 118:123]
 19 [ 7 300:305]
 16 [ 3 315:320]
 85 [ 7 320:325]
128 [ 9 337:342]
 10 [ 8 357:362]
 -3 [ 8 394:394]

Vehicle: 308  Cost: 50.98
Route: 3 126 8 82 39 71 -3 
  3 [ 5  42: 57]
126 [ 9  80: 85]
  8 [ 8 180:185]
 82 [10 185:190]
 39 [ 8 420:425]
 71 [ 6 429:434]
 -3 [ 6 447:447]

Vehicle: 309  Cost: 81.77
Route: 3 4 76 17 87 46 105 78 -3 
  3 [10  42:170]
  4 [ 7 180:185]
 76 [ 9 185:190]
 17 [ 6 300:305]
 87 [ 9 305:310]
 46 [ 5 314:319]
105 [ 8 319:324]
 78 [10 420:425]
 -3 [10 464:464]

Vehicle: 310  Cost: 123.17
Route: 3 114 50 121 60 118 83 120 -3 
  3 [ 6  42: 57]
114 [ 9  78: 83]
 50 [ 5 300:305]
121 [ 8 315:320]
 60 [ 6 334:339]
118 [ 7 339:344]
 83 [ 8 357:362]
120 [10 381:386]
 -3 [10 409:409]

Vehicle: 311  Cost: 85.10
Route: 3 14 66 52 31 112 13 -3 
  3 [10  42: 57]
 14 [ 6  89: 94]
 66 [ 3 300:305]
 52 [ 2 308:313]
 31 [ 1 319:324]
112 [ 2 339:344]
 13 [ 1 355:360]
 -3 [ 1 370:370]

Vehicle: 312  Cost: 42.70
Route: 3 131 42 103 12 -3 
  3 [ 7  42: 57]
131 [10  73: 78]
 42 [ 7 300:305]
103 [ 9 305:310]
 12 [ 5 316:321]
 -3 [ 5 341:341]

Vehicle: 313  Cost: 125.49
Route: 3 32 55 51 108 80 6 89 -3 
  3 [10  42:269]
 32 [ 6 300:305]
 55 [ 2 321:326]
 51 [ 1 338:343]
108 [ 5 343:348]
 80 [ 9 356:361]
  6 [ 8 361:366]
 89 [10 373:378]
 -3 [10 429:429]

Vehicle: 316  Cost: 70.73
Route: 3 20 88 35 64 124 93 -3 
  3 [ 8  42: 57]
 20 [ 6  85: 90]
 88 [ 9  90: 95]
 35 [ 7  96:101]
 64 [ 3 300:305]
124 [ 5 305:310]
 93 [ 7 314:319]
 -3 [ 7 351:351]

Total Cost: 2261.13
 11:77.79, 65:75 [1, 2, -2, -1]
 12:84.10, 74:75 [1, 3, -3, -1]
 13:84.10, 41:75 [1, 3, -3, -1]
201:37.34, 10:10 [2, 27, 18, 97, 98, 36, 129, -2]
202:77.82, 9:10 [2, 5, 9, 79, 29, -2]
203:53.12, 10:10 [2, 7, 130, 74, 104, 43, -2]
204:49.93, 10:10 [2, 68, 67, 22, 123, 72, -2]
205:87.38, 10:10 [2, 11, 26, 15, 86, -2]
206:103.41, 9:10 [2, 37, 62, 45, 95, 75, -2]
207:206.57, 10:10 [2, 23, 70, 59, 84, 77, 102, 41, -2]
301:130.95, 10:10 [3, 73, 99, 63, 122, 100, 40, 81, 101, -3]
302:158.26, 10:10 [3, 91, 28, 54, 48, 110, 117, 119, -3]
303:100.12, 9:10 [3, 57, 113, 49, 92, 38, 33, 94, -3]
304:57.71, 10:10 [3, 30, 58, 115, 25, 24, -3]
305:148.67, 10:10 [3, 61, 34, 106, 47, 53, 109, 107, 56, 111, 116, -3]
306:90.37, 10:10 [3, 65, 125, 21, 90, 69, 127, -3]
307:133.55, 10:10 [3, 44, 96, 19, 16, 85, 128, 10, -3]
308:50.98, 10:10 [3, 126, 8, 82, 39, 71, -3]
309:81.77, 10:10 [3, 4, 76, 17, 87, 46, 105, 78, -3]
310:123.17, 10:10 [3, 114, 50, 121, 60, 118, 83, 120, -3]
311:85.10, 10:10 [3, 14, 66, 52, 31, 112, 13, -3]
312:42.70, 10:10 [3, 131, 42, 103, 12, -3]
313:125.49, 10:10 [3, 32, 55, 51, 108, 80, 6, 89, -3]
316:70.73, 9:10 [3, 20, 88, 35, 64, 124, 93, -3]
fe: 3, se: 21

!ALNS------------
100000,2261.1258803827964,610.439,490.87,3,21,0.8,0.9809523809523809,42.666666666666664,6.095238095238095
26 18 18 11 0 0 9 7 
17.840280840739943 48.94098879077187 25.645638185594454 24.753865085838907 NaN 79.35765598888224 26.484987691850513 26.537068754789217 
7 18 12 7 7 6 24 8 
26.57375578548785 24.842978257067106 29.249622060675378 30.856123927623067 25.278529687712716 33.05001495134432 26.135361636350527 36.465730988619526 

x[17896] = 1.0
Vehicle: 12  Cost: 84.10
Route: 1 3 -3 -1 
 1 [ 75   0:  0 [48, 57, 8, 25, 6, 13, 34, 33, 30, 39, 44, 49, 50, 60, 14, 38, 52, 73, 75, 55, 42, 63, 65, 40, 71, 54, 31, 66, 24, 10, 53, 32, 64, 35]]
 3 [  0  42: 42 []]
-3 [ 75  42:479 [119, 106, 109, 113, 117, 131, 83, 85, 103, 127, 101, 89, 122, 116, 82, 87, 99, 90, 78, 126, 118, 92, 96, 120, 81, 80, 100, 91, 114, 121, 128, 111, 88, 124, 112]]
-1 [ 75 521:521 [119, 106, 109, 113, 117, 131, 83, 85, 103, 127, 101, 89, 122, 116, 82, 87, 99, 90, 78, 126, 118, 92, 96, 120, 81, 80, 100, 91, 114, 121, 128, 111, 88, 124, 112]]

x[22878] = 1.0
Vehicle: 13  Cost: 84.10
Route: 1 3 -3 -1 
 1 [ 39   0:  0 [12, 51, 69, 61, 56, 4, 46, 28, 17, 19, 16, 21, 47, 20]]
 3 [  0  42: 42 []]
-3 [ 26  42:479 [94, 107, 76, 105, 110, 108, 125, 93]]
-1 [ 26 521:521 [94, 107, 76, 105, 110, 108, 125, 93]]

x[43443] = 1.0
Vehicle: 11  Cost: 77.79
Route: 1 2 -2 -1 
 1 [ 66   0:  0 [22, 23, 68, 41, 67, 45, 36, 43, 59, 9, 15, 70, 74, 5, 62, 7, 29, 37, 26, 58, 18, 72, 27, 11]]
 2 [  0  39: 39 []]
-2 [ 34  39:532 [98, 86, 84, 77, 104, 97, 102, 130, 129, 79, 95, 115, 123]]
-1 [ 34 571:571 [98, 86, 84, 77, 104, 97, 102, 130, 129, 79, 95, 115, 123]]

y[263] = 1.0
Vehicle: 307  Cost: 134.15
Route: 3 44 96 19 85 16 128 78 -3 
  3 [ 8  87:102]
 44 [ 7 143:148]
 96 [ 9 163:168]
 19 [ 6 300:305]
 85 [10 315:320]
 16 [ 6 320:325]
128 [ 8 337:342]
 78 [10 420:425]
 -3 [10 464:464]

y[2224] = 1.0
Vehicle: 201  Cost: 37.34
Route: 2 27 18 97 98 36 129 -2 
  2 [ 7  91:175]
 27 [ 4 180:185]
 18 [ 1 420:425]
 97 [ 4 429:434]
 98 [ 8 438:443]
 36 [ 7 443:448]
129 [10 449:454]
 -2 [10 470:470]

y[2254] = 1.0
Vehicle: 314  Cost: 42.70
Route: 3 131 42 103 12 -3 
  3 [ 7  87:102]
131 [10 118:123]
 42 [ 7 300:305]
103 [ 9 305:310]
 12 [ 5 316:321]
 -3 [ 5 341:341]

y[2631] = 1.0
Vehicle: 311  Cost: 85.10
Route: 3 14 66 52 31 112 13 -3 
  3 [10  87:102]
 14 [ 6 135:140]
 66 [ 3 300:305]
 52 [ 2 308:313]
 31 [ 1 319:324]
112 [ 2 339:344]
 13 [ 1 355:360]
 -3 [ 1 370:370]

y[3218] = 1.0
Vehicle: 316  Cost: 73.57
Route: 3 20 88 64 124 93 71 -3 
  3 [ 8  42: 57]
 20 [ 6  85: 90]
 88 [ 9  90: 95]
 64 [ 5 300:305]
124 [ 7 305:310]
 93 [ 9 314:319]
 71 [ 7 420:425]
 -3 [ 7 438:438]

y[3228] = 1.0
Vehicle: 309  Cost: 83.13
Route: 3 61 119 46 105 17 87 -3 
  3 [ 9  87:102]
 61 [ 7 123:128]
119 [10 128:133]
 46 [ 6 300:305]
105 [ 9 305:310]
 17 [ 6 314:319]
 87 [ 9 319:324]
 -3 [ 9 359:359]

y[3657] = 1.0
Vehicle: 310  Cost: 55.51
Route: 3 76 4 126 8 82 39 -3 
  3 [ 6  42:170]
 76 [ 8 180:185]
  4 [ 5 185:190]
126 [ 9 208:213]
  8 [ 8 216:221]
 82 [10 221:226]
 39 [ 8 420:425]
 -3 [ 8 441:441]

y[4964] = 1.0
Vehicle: 202  Cost: 77.82
Route: 2 5 9 79 29 -2 
  2 [ 9 100:115]
  5 [ 6 126:131]
  9 [ 4 139:144]
 79 [ 6 158:163]
 29 [ 2 300:305]
 -2 [ 2 322:322]

y[8166] = 1.0
Vehicle: 209  Cost: 98.67
Route: 2 37 62 45 58 115 -2 
  2 [10  91:106]
 37 [ 7 142:147]
 62 [ 6 300:305]
 45 [ 2 311:316]
 58 [ 0 348:353]
115 [ 1 353:358]
 -2 [ 1 377:377]

y[9056] = 1.0
Vehicle: 306  Cost: 90.37
Route: 3 65 125 21 90 127 69 -3 
  3 [ 8  87:102]
 65 [ 6 134:139]
125 [10 139:144]
 21 [ 8 300:305]
 90 [ 9 305:310]
127 [10 314:319]
 69 [ 6 319:324]
 -3 [ 6 363:363]

y[9067] = 1.0
Vehicle: 305  Cost: 148.67
Route: 3 34 106 47 109 53 107 56 111 116 -3 
  3 [ 6  87:102]
 34 [ 5 151:156]
106 [ 7 164:169]
 47 [ 6 169:174]
109 [ 7 193:198]
 53 [ 6 198:203]
107 [ 9 300:305]
 56 [ 6 308:313]
111 [ 8 313:318]
116 [10 340:345]
 -3 [10 383:383]

y[9688] = 1.0
Vehicle: 207  Cost: 211.40
Route: 2 23 70 59 84 77 102 41 95 -2 
  2 [10  39:121]
 23 [ 6 180:185]
 70 [ 5 190:195]
 59 [ 1 300:305]
 84 [ 3 316:321]
 77 [ 4 360:365]
102 [ 8 420:425]
 41 [ 7 425:430]
 95 [10 475:480]
 -2 [10 517:517]

y[10700] = 1.0
Vehicle: 302  Cost: 165.88
Route: 3 91 28 54 48 110 117 114 -3 
  3 [ 9  87:102]
 91 [10 149:154]
 28 [ 7 162:167]
 54 [ 5 174:179]
 48 [ 1 194:199]
110 [ 5 224:229]
117 [ 6 254:259]
114 [ 9 278:283]
 -3 [ 9 303:303]

y[12051] = 1.0
Vehicle: 313  Cost: 125.49
Route: 3 32 55 51 108 6 80 89 -3 
  3 [10  42:269]
 32 [ 6 300:305]
 55 [ 2 321:326]
 51 [ 1 338:343]
108 [ 5 343:348]
  6 [ 4 356:361]
 80 [ 8 361:366]
 89 [10 373:378]
 -3 [10 429:429]

y[13336] = 1.0
Vehicle: 310  Cost: 127.56
Route: 3 30 75 50 121 118 60 83 120 -3 
  3 [10  42:275]
 30 [ 7 300:305]
 75 [ 6 311:316]
 50 [ 2 334:339]
121 [ 5 349:354]
118 [ 6 368:373]
 60 [ 4 373:378]
 83 [ 5 391:396]
120 [ 7 414:419]
 -3 [ 7 442:442]

y[13927] = 1.0
Vehicle: 210  Cost: 53.12
Route: 2 7 130 74 104 43 -2 
  2 [10 111:126]
  7 [ 6 142:147]
130 [ 9 154:159]
 74 [ 5 159:164]
104 [ 9 300:305]
 43 [ 7 305:310]
 -2 [ 7 336:336]

y[15778] = 1.0
Vehicle: 205  Cost: 87.38
Route: 2 11 26 15 86 -2 
  2 [10 100:115]
 11 [ 8 120:125]
 26 [ 4 152:157]
 15 [ 0 170:175]
 86 [ 2 300:305]
 -2 [ 2 326:326]

y[18051] = 1.0
Vehicle: 204  Cost: 49.93
Route: 2 68 67 22 123 72 -2 
  2 [10  91:106]
 68 [ 8 122:127]
 67 [ 5 140:145]
 22 [ 2 148:153]
123 [ 4 156:161]
 72 [ 2 169:174]
 -2 [ 2 181:181]

y[20679] = 1.0
Vehicle: 303  Cost: 105.77
Route: 3 113 57 49 92 38 10 94 33 -3 
  3 [ 9  87:102]
113 [10 141:146]
 57 [ 7 146:151]
 49 [ 6 156:161]
 92 [10 180:185]
 38 [ 7 300:305]
 10 [ 6 323:328]
 94 [10 339:344]
 33 [ 9 344:349]
 -3 [ 9 371:371]

y[20810] = 1.0
Vehicle: 301  Cost: 132.64
Route: 3 35 73 99 63 122 40 100 81 101 -3 
  3 [ 9  42: 57]
 35 [ 7  86: 91]
 73 [ 5 106:111]
 99 [ 8 132:137]
 63 [ 5 141:146]
122 [ 9 146:151]
 40 [ 7 155:160]
100 [ 8 160:165]
 81 [ 9 173:178]
101 [10 187:192]
 -3 [10 235:235]

y[21094] = 1.0
Vehicle: 311  Cost: 18.44
Route: 3 24 25 -3 
  3 [ 5  42:295]
 24 [ 1 300:305]
 25 [ 0 309:314]
 -3 [ 0 323:323]

FE: 3
SE: 21
!MIP-----
2250.6018476108798,5406.377599954605,0.03677665192264678,3,21,46469,21101

Run: 3
Total Cost: 2297.93
Vehicle: 11  Cost: 77.79
Route: 1 2 -2 -1 
 1 [ 47   0:  0 [67, 11, 18, 43, 5, 62, 27, 29, 36, 72, 9, 22, 15, 74, 45, 7, 68]]
 2 [  0  39: 39 []]
-2 [ 23  39:485 [97, 129, 98, 79, 86, 104, 130, 123]]
-1 [ 23 524:524 [97, 129, 98, 79, 86, 104, 130, 123]]

Vehicle: 12  Cost: 84.10
Route: 1 3 -3 -1 
 1 [ 74   0:  0 [40, 57, 20, 75, 14, 39, 61, 64, 73, 56, 53, 58, 24, 50, 71, 41, 31, 25, 4, 42, 17, 52, 13, 8, 10, 16, 59, 54, 51, 37, 21, 32]]
 3 [  0  42: 42 []]
-3 [ 75  42:503 [88, 113, 100, 99, 117, 127, 121, 95, 115, 76, 87, 105, 92, 80, 96, 116, 84, 118, 102, 91, 124, 78, 101, 85, 109, 122, 107, 106, 126, 82, 108, 112]]
-1 [ 75 546:546 [88, 113, 100, 99, 117, 127, 121, 95, 115, 76, 87, 105, 92, 80, 96, 116, 84, 118, 102, 91, 124, 78, 101, 85, 109, 122, 107, 106, 126, 82, 108, 112]]

Vehicle: 13  Cost: 84.10
Route: 1 3 -3 -1 
 1 [ 59   0:  0 [66, 69, 6, 38, 12, 28, 19, 63, 34, 33, 49, 65, 60, 44, 70, 55, 23, 47, 48, 26, 46, 35, 30]]
 3 [  0  42: 42 []]
-3 [ 37  42:503 [125, 103, 111, 131, 83, 81, 110, 93, 94, 90, 128, 120, 119, 77, 114, 89]]
-1 [ 37 546:546 [125, 103, 111, 131, 83, 81, 110, 93, 94, 90, 128, 120, 119, 77, 114, 89]]

Vehicle: 201  Cost: 58.82
Route: 2 72 68 123 22 67 86 -2 
  2 [10  39: 54]
 72 [ 8  61: 66]
 68 [ 6  77: 82]
123 [ 8  93: 98]
 22 [ 5 101:106]
 67 [ 2 109:114]
 86 [ 4 300:305]
 -2 [ 4 326:326]

Vehicle: 202  Cost: 99.72
Route: 2 15 45 62 -2 
  2 [ 9  39: 54]
 15 [ 5  90: 95]
 45 [ 1 300:305]
 62 [ 0 311:316]
 -2 [ 0 357:357]

Vehicle: 203  Cost: 53.12
Route: 2 7 74 130 104 43 -2 
  2 [10  39: 54]
  7 [ 6  70: 75]
 74 [ 2  82: 87]
130 [ 5  87: 92]
104 [ 9 300:305]
 43 [ 7 305:310]
 -2 [ 7 336:336]

Vehicle: 204  Cost: 45.79
Route: 2 11 27 18 97 36 98 129 -2 
  2 [ 9  39: 55]
 11 [ 7  60: 65]
 27 [ 4 180:185]
 18 [ 1 420:425]
 97 [ 4 429:434]
 36 [ 3 438:443]
 98 [ 7 443:448]
129 [10 449:454]
 -2 [10 470:470]

Vehicle: 205  Cost: 77.82
Route: 2 5 9 79 29 -2 
  2 [ 9  39: 54]
  5 [ 6  65: 70]
  9 [ 4  78: 83]
 79 [ 6  97:102]
 29 [ 2 300:305]
 -2 [ 2 322:322]

Vehicle: 301  Cost: 125.49
Route: 3 32 55 108 51 80 6 89 -3 
  3 [10  42:269]
 32 [ 6 300:305]
 55 [ 2 321:326]
108 [ 6 338:343]
 51 [ 5 343:348]
 80 [ 9 356:361]
  6 [ 8 361:366]
 89 [10 373:378]
 -3 [10 429:429]

Vehicle: 302  Cost: 130.95
Route: 3 73 99 63 122 100 40 81 101 -3 
  3 [ 7  42: 57]
 73 [ 5  99:104]
 99 [ 8 125:130]
 63 [ 5 134:139]
122 [ 9 139:144]
100 [10 148:153]
 40 [ 8 153:158]
 81 [ 9 166:171]
101 [10 180:185]
 -3 [10 228:228]

Vehicle: 303  Cost: 134.79
Route: 3 44 96 19 128 78 46 105 -3 
  3 [ 8  42: 57]
 44 [ 7  98:103]
 96 [ 9 118:123]
 19 [ 6 300:305]
128 [ 8 326:331]
 78 [10 420:425]
 46 [ 6 427:432]
105 [ 9 432:437]
 -3 [ 9 476:476]

Vehicle: 304  Cost: 171.59
Route: 3 23 48 110 106 47 34 120 -3 
  3 [10  42:120]
 23 [ 6 180:185]
 48 [ 2 203:208]
110 [ 6 233:238]
106 [ 8 250:255]
 47 [ 7 255:260]
 34 [ 6 267:272]
120 [ 8 300:305]
 -3 [ 8 328:328]

Vehicle: 305  Cost: 89.09
Route: 3 92 113 57 65 125 -3 
  3 [ 5  42:139]
 92 [ 9 180:185]
113 [10 194:199]
 57 [ 7 199:204]
 65 [ 5 212:217]
125 [ 9 217:222]
 -3 [ 9 253:253]

Vehicle: 306  Cost: 114.98
Route: 3 4 61 117 83 121 50 95 75 -3 
  3 [10  42:170]
  4 [ 7 180:185]
 61 [ 5 196:201]
117 [ 6 212:217]
 83 [ 7 300:305]
121 [10 320:325]
 50 [ 6 335:340]
 95 [ 9 420:425]
 75 [ 8 432:437]
 -3 [ 8 468:468]

Vehicle: 307  Cost: 33.02
Route: 3 131 42 103 -3 
  3 [ 3  42: 57]
131 [ 6  73: 78]
 42 [ 3 300:305]
103 [ 5 305:310]
 -3 [ 5 326:326]

Vehicle: 308  Cost: 57.71
Route: 3 24 25 58 115 30 -3 
  3 [10  42:295]
 24 [ 6 300:305]
 25 [ 5 309:314]
 58 [ 3 331:336]
115 [ 4 336:341]
 30 [ 1 348:353]
 -3 [ 1 378:378]

Vehicle: 309  Cost: 53.16
Route: 3 82 8 126 12 -3 
  3 [ 5  42:158]
 82 [ 7 180:185]
  8 [ 6 185:190]
126 [10 193:198]
 12 [ 6 300:305]
 -3 [ 6 325:325]

Vehicle: 310  Cost: 87.97
Route: 3 69 127 21 90 39 71 -3 
  3 [10  42:261]
 69 [ 6 300:305]
127 [ 7 305:310]
 21 [ 5 314:319]
 90 [ 6 319:324]
 39 [ 4 420:425]
 71 [ 2 429:434]
 -3 [ 2 447:447]

Vehicle: 312  Cost: 134.21
Route: 3 109 53 107 56 111 17 87 -3 
  3 [ 7  42: 57]
109 [ 8 114:119]
 53 [ 7 119:124]
107 [10 300:305]
 56 [ 7 308:313]
111 [ 9 313:318]
 17 [ 6 347:352]
 87 [ 9 352:357]
 -3 [ 9 392:392]

Vehicle: 314  Cost: 139.85
Route: 3 26 37 28 91 114 119 76 -3 
  3 [10  42: 57]
 26 [ 6  97:102]
 37 [ 3 107:112]
 28 [ 0 137:142]
 91 [ 1 150:155]
114 [ 4 181:186]
119 [ 7 201:206]
 76 [ 9 217:222]
 -3 [ 9 232:232]

Vehicle: 315  Cost: 70.73
Route: 3 20 88 35 124 64 93 -3 
  3 [ 8  42: 57]
 20 [ 6  85: 90]
 88 [ 9  90: 95]
 35 [ 7  96:101]
124 [ 9 300:305]
 64 [ 5 305:310]
 93 [ 7 314:319]
 -3 [ 7 351:351]

Vehicle: 316  Cost: 85.10
Route: 3 14 66 52 31 112 13 -3 
  3 [10  42: 57]
 14 [ 6  89: 94]
 66 [ 3 300:305]
 52 [ 2 308:313]
 31 [ 1 319:324]
112 [ 2 339:344]
 13 [ 1 355:360]
 -3 [ 1 370:370]

Vehicle: 318  Cost: 104.33
Route: 3 49 38 16 85 10 33 94 -3 
  3 [10  87:102]
 49 [ 9 144:149]
 38 [ 6 300:305]
 16 [ 2 318:323]
 85 [ 6 323:328]
 10 [ 5 342:347]
 33 [ 4 358:363]
 94 [ 8 363:368]
 -3 [ 8 390:390]

Vehicle: 319  Cost: 183.72
Route: 3 54 70 59 84 60 118 77 102 41 116 -3 
  3 [10  42: 57]
 54 [ 8 117:122]
 70 [ 7 127:132]
 59 [ 3 300:305]
 84 [ 5 316:321]
 60 [ 3 344:349]
118 [ 4 349:354]
 77 [ 5 371:376]
102 [ 9 420:425]
 41 [ 8 425:430]
116 [10 446:451]
 -3 [10 488:488]

Total Cost: 2297.93
 11:77.79, 47:75 [1, 2, -2, -1]
 12:84.10, 75:75 [1, 3, -3, -1]
 13:84.10, 59:75 [1, 3, -3, -1]
201:58.82, 10:10 [2, 72, 68, 123, 22, 67, 86, -2]
202:99.72, 9:10 [2, 15, 45, 62, -2]
203:53.12, 10:10 [2, 7, 74, 130, 104, 43, -2]
204:45.79, 10:10 [2, 11, 27, 18, 97, 36, 98, 129, -2]
205:77.82, 9:10 [2, 5, 9, 79, 29, -2]
301:125.49, 10:10 [3, 32, 55, 108, 51, 80, 6, 89, -3]
302:130.95, 10:10 [3, 73, 99, 63, 122, 100, 40, 81, 101, -3]
303:134.79, 10:10 [3, 44, 96, 19, 128, 78, 46, 105, -3]
304:171.59, 10:10 [3, 23, 48, 110, 106, 47, 34, 120, -3]
305:89.09, 10:10 [3, 92, 113, 57, 65, 125, -3]
306:114.98, 10:10 [3, 4, 61, 117, 83, 121, 50, 95, 75, -3]
307:33.02, 6:10 [3, 131, 42, 103, -3]
308:57.71, 10:10 [3, 24, 25, 58, 115, 30, -3]
309:53.16, 10:10 [3, 82, 8, 126, 12, -3]
310:87.97, 10:10 [3, 69, 127, 21, 90, 39, 71, -3]
312:134.21, 10:10 [3, 109, 53, 107, 56, 111, 17, 87, -3]
314:139.85, 10:10 [3, 26, 37, 28, 91, 114, 119, 76, -3]
315:70.73, 9:10 [3, 20, 88, 35, 124, 64, 93, -3]
316:85.10, 10:10 [3, 14, 66, 52, 31, 112, 13, -3]
318:104.33, 10:10 [3, 49, 38, 16, 85, 10, 33, 94, -3]
319:183.72, 10:10 [3, 54, 70, 59, 84, 60, 118, 77, 102, 41, 116, -3]
fe: 3, se: 21

!ALNS------------
100000,2297.9283400798636,699.602,578.637,3,21,0.8044444444444444,0.9666666666666667,42.666666666666664,6.095238095238095
29 14 17 8 0 0 19 0 
18.11206116920495 50.53542403755356 26.573692068190226 26.92453647734676 NaN 390.81984956944564 37.65127869614718 23.254064411306253 
10 22 12 8 9 7 16 3 
34.78938172993552 28.745894940441787 38.713420149624575 27.886622540676147 31.12811564929578 32.48873974573553 25.379003197409485 27.80504874228184 

x[191] = 1.0
Vehicle: 11  Cost: 77.79
Route: 1 2 -2 -1 
 1 [ 56   0:  0 [36, 11, 5, 7, 75, 22, 67, 50, 27, 43, 45, 9, 62, 74, 68, 26, 18, 72, 29, 15]]
 2 [  0  39: 39 []]
-2 [ 29  39:485 [130, 98, 129, 86, 97, 95, 104, 121, 79, 123]]
-1 [ 29 524:524 [130, 98, 129, 86, 97, 95, 104, 121, 79, 123]]

x[17416] = 1.0
Vehicle: 12  Cost: 84.10
Route: 1 3 -3 -1 
 1 [ 75   0:  0 [20, 60, 49, 57, 66, 35, 65, 59, 34, 48, 19, 24, 42, 46, 53, 54, 56, 16, 70, 44, 52, 61, 51, 55, 39, 73, 13, 47, 31, 21, 32, 71, 40]]
 3 [  0  42: 42 []]
-3 [ 75  42:566 [99, 128, 111, 82, 119, 94, 105, 124, 120, 87, 127, 126, 90, 76, 116, 113, 96, 101, 109, 122, 89, 117, 93, 118, 84, 100, 106, 107, 103, 115, 81, 108, 112, 83, 78, 85]]
-1 [ 75 609:609 [99, 128, 111, 82, 119, 94, 105, 124, 120, 87, 127, 126, 90, 76, 116, 113, 96, 101, 109, 122, 89, 117, 93, 118, 84, 100, 106, 107, 103, 115, 81, 108, 112, 83, 78, 85]]

x[34924] = 1.0
Vehicle: 13  Cost: 84.10
Route: 1 3 -3 -1 
 1 [ 49   0:  0 [28, 14, 8, 37, 23, 41, 58, 33, 25, 12, 17, 30, 64, 6, 4, 69, 38, 63, 10]]
 3 [  0  42: 42 []]
-3 [ 31  42:566 [125, 88, 110, 114, 92, 102, 77, 91, 80, 131]]
-1 [ 31 609:609 [125, 88, 110, 114, 92, 102, 77, 91, 80, 131]]

y[388] = 1.0
Vehicle: 309  Cost: 90.37
Route: 3 65 125 21 90 127 69 -3 
  3 [ 8  42: 57]
 65 [ 6  88: 93]
125 [10  93: 98]
 21 [ 8 300:305]
 90 [ 9 305:310]
127 [10 314:319]
 69 [ 6 319:324]
 -3 [ 6 363:363]

y[2190] = 1.0
Vehicle: 204  Cost: 37.34
Route: 2 27 18 97 36 98 129 -2 
  2 [ 7  91:175]
 27 [ 4 180:185]
 18 [ 1 420:425]
 97 [ 4 429:434]
 36 [ 3 438:443]
 98 [ 7 443:448]
129 [10 449:454]
 -2 [10 470:470]

y[2769] = 1.0
Vehicle: 312  Cost: 136.07
Route: 3 4 61 53 109 107 56 111 41 102 -3 
  3 [10  42:170]
  4 [ 7 180:185]
 61 [ 5 196:201]
 53 [ 4 240:245]
109 [ 5 245:250]
107 [ 8 300:305]
 56 [ 5 308:313]
111 [ 7 313:318]
 41 [ 6 420:425]
102 [10 425:430]
 -3 [10 483:483]

y[3163] = 1.0
Vehicle: 315  Cost: 73.57
Route: 3 20 88 64 124 93 71 -3 
  3 [ 8  42: 57]
 20 [ 6  85: 90]
 88 [ 9  90: 95]
 64 [ 5 300:305]
124 [ 7 305:310]
 93 [ 9 314:319]
 71 [ 7 420:425]
 -3 [ 7 438:438]

y[3812] = 1.0
Vehicle: 205  Cost: 77.82
Route: 2 5 9 79 29 -2 
  2 [ 9  91:106]
  5 [ 6 117:122]
  9 [ 4 129:134]
 79 [ 6 149:154]
 29 [ 2 300:305]
 -2 [ 2 322:322]

y[3923] = 1.0
Vehicle: 207  Cost: 53.12
Route: 2 7 74 130 43 104 -2 
  2 [10  91:106]
  7 [ 6 122:127]
 74 [ 2 134:139]
130 [ 5 139:144]
 43 [ 3 300:305]
104 [ 7 305:310]
 -2 [ 7 336:336]

y[4100] = 1.0
Vehicle: 316  Cost: 85.10
Route: 3 14 66 52 31 112 13 -3 
  3 [10  96:111]
 14 [ 6 143:148]
 66 [ 3 300:305]
 52 [ 2 308:313]
 31 [ 1 319:324]
112 [ 2 339:344]
 13 [ 1 355:360]
 -3 [ 1 370:370]

y[4882] = 1.0
Vehicle: 308  Cost: 171.46
Route: 3 117 28 48 110 47 106 34 77 116 -3 
  3 [ 9  42: 57]
117 [10  88: 93]
 28 [ 7 124:129]
 48 [ 3 180:185]
110 [ 7 210:215]
 47 [ 6 226:231]
106 [ 8 231:236]
 34 [ 7 244:249]
 77 [ 8 300:305]
116 [10 319:324]
 -3 [10 361:361]

y[5027] = 1.0
Vehicle: 314  Cost: 153.30
Route: 3 37 23 70 54 91 114 119 76 -3 
  3 [10  42: 57]
 37 [ 7 102:107]
 23 [ 3 180:185]
 70 [ 2 190:195]
 54 [ 0 200:205]
 91 [ 1 219:224]
114 [ 4 249:254]
119 [ 7 269:274]
 76 [ 9 285:290]
 -3 [ 9 300:300]

y[6743] = 1.0
Vehicle: 308  Cost: 49.51
Route: 3 131 126 33 39 -3 
  3 [ 3  87:102]
131 [ 6 118:123]
126 [10 130:135]
 33 [ 9 300:305]
 39 [ 7 420:425]
 -3 [ 7 441:441]

y[7043] = 1.0
Vehicle: 204  Cost: 49.93
Route: 2 68 67 22 123 72 -2 
  2 [10  39: 54]
 68 [ 8  70: 75]
 67 [ 5  89: 94]
 22 [ 2  97:102]
123 [ 4 105:110]
 72 [ 2 117:122]
 -2 [ 2 129:129]

y[7704] = 1.0
Vehicle: 203  Cost: 87.38
Route: 2 11 26 15 86 -2 
  2 [10  39: 55]
 11 [ 8  60: 65]
 26 [ 4  92: 97]
 15 [ 0 110:115]
 86 [ 2 300:305]
 -2 [ 2 326:326]

y[11257] = 1.0
Vehicle: 312  Cost: 96.13
Route: 3 42 87 17 105 46 78 128 -3 
  3 [10  87:284]
 42 [ 7 300:305]
 87 [10 326:331]
 17 [ 7 331:336]
105 [10 340:345]
 46 [ 6 345:350]
 78 [ 8 420:425]
128 [10 433:438]
 -3 [10 483:483]

y[13148] = 1.0
Vehicle: 303  Cost: 122.02
Route: 3 44 96 19 16 85 10 94 -3 
  3 [ 9  42: 57]
 44 [ 8  98:103]
 96 [10 118:123]
 19 [ 7 300:305]
 16 [ 3 315:320]
 85 [ 7 320:325]
 10 [ 6 339:344]
 94 [10 355:360]
 -3 [10 382:382]

y[15510] = 1.0
Vehicle: 305  Cost: 171.29
Route: 3 59 84 60 118 83 120 12 -3 
  3 [10  42:226]
 59 [ 6 300:305]
 84 [ 8 316:321]
 60 [ 6 344:349]
118 [ 7 349:354]
 83 [ 8 367:372]
120 [10 390:395]
 12 [ 6 408:413]
 -3 [ 6 433:433]

y[16841] = 1.0
Vehicle: 201  Cost: 122.32
Route: 2 62 45 50 121 95 75 -2 
  2 [10  39:259]
 62 [ 9 300:305]
 45 [ 5 311:316]
 50 [ 1 328:333]
121 [ 4 343:348]
 95 [ 7 420:425]
 75 [ 6 432:437]
 -2 [ 6 467:467]

y[17978] = 1.0
Vehicle: 301  Cost: 125.49
Route: 3 32 55 108 51 80 6 89 -3 
  3 [10  87:269]
 32 [ 6 300:305]
 55 [ 2 321:326]
108 [ 6 338:343]
 51 [ 5 343:348]
 80 [ 9 356:361]
  6 [ 8 361:366]
 89 [10 373:378]
 -3 [10 429:429]

y[18119] = 1.0
Vehicle: 308  Cost: 57.71
Route: 3 30 58 115 25 24 -3 
  3 [10  96:275]
 30 [ 7 300:305]
 58 [ 5 311:316]
115 [ 6 316:321]
 25 [ 5 338:343]
 24 [ 1 348:353]
 -3 [ 1 358:358]

y[18994] = 1.0
Vehicle: 304  Cost: 101.77
Route: 3 82 8 113 57 49 92 38 103 -3 
  3 [ 8  42:158]
 82 [10 180:185]
  8 [ 9 185:190]
113 [10 208:213]
 57 [ 7 213:218]
 49 [ 6 222:227]
 92 [10 233:238]
 38 [ 7 300:305]
103 [ 9 334:339]
 -3 [ 9 356:356]

y[19989] = 1.0
Vehicle: 302  Cost: 132.64
Route: 3 35 73 99 63 122 100 40 81 101 -3 
  3 [ 9  42: 57]
 35 [ 7  86: 91]
 73 [ 5 106:111]
 99 [ 8 132:137]
 63 [ 5 141:146]
122 [ 9 146:151]
100 [10 155:160]
 40 [ 8 160:165]
 81 [ 9 173:178]
101 [10 187:192]
 -3 [10 235:235]

FE: 3
SE: 20
!MIP-----
2240.306481335564,5405.367841959,0.027889788107309427,3,20,50209,20281

Run: 4
Total Cost: 2268.49
Vehicle: 11  Cost: 77.79
Route: 1 2 -2 -1 
 1 [ 66   0:  0 [23, 26, 37, 62, 43, 36, 18, 58, 48, 9, 7, 11, 54, 29, 22, 72, 74, 15, 27, 45, 68, 67, 5]]
 2 [  0  39: 39 []]
-2 [ 35  39:488 [123, 86, 114, 98, 110, 117, 130, 95, 129, 104, 79, 97, 115]]
-1 [ 35 527:527 [123, 86, 114, 98, 110, 117, 130, 95, 129, 104, 79, 97, 115]]

Vehicle: 12  Cost: 84.10
Route: 1 3 -3 -1 
 1 [ 75   0:  0 [50, 24, 63, 6, 21, 40, 65, 35, 49, 28, 70, 12, 14, 41, 32, 59, 38, 69, 25, 73, 60, 52, 64, 31, 16, 56, 19, 4, 34, 10]]
 3 [  0  42: 42 []]
-3 [ 75  42:503 [109, 99, 127, 85, 119, 89, 116, 125, 90, 106, 101, 94, 76, 81, 87, 107, 120, 126, 84, 93, 80, 78, 113, 108, 100, 128, 112, 103, 96, 111, 121, 122]]
-1 [ 75 545:545 [109, 99, 127, 85, 119, 89, 116, 125, 90, 106, 101, 94, 76, 81, 87, 107, 120, 126, 84, 93, 80, 78, 113, 108, 100, 128, 112, 103, 96, 111, 121, 122]]

Vehicle: 13  Cost: 84.10
Route: 1 3 -3 -1 
 1 [ 39   0:  0 [51, 17, 20, 46, 30, 42, 57, 61, 33, 75, 55, 71, 39, 8, 13, 66, 53, 47, 44]]
 3 [  0  42: 42 []]
-3 [ 25  42:503 [92, 105, 102, 91, 82, 131, 88, 118, 83, 124, 77]]
-1 [ 25 545:545 [92, 105, 102, 91, 82, 131, 88, 118, 83, 124, 77]]

Vehicle: 201  Cost: 77.82
Route: 2 5 9 79 29 -2 
  2 [ 9  39: 54]
  5 [ 6  65: 70]
  9 [ 4  78: 83]
 79 [ 6  97:102]
 29 [ 2 300:305]
 -2 [ 2 322:322]

Vehicle: 202  Cost: 180.57
Route: 2 23 54 48 110 117 114 -2 
  2 [10  39:121]
 23 [ 6 180:185]
 54 [ 4 189:194]
 48 [ 0 208:213]
110 [ 4 238:243]
117 [ 5 268:273]
114 [ 8 292:297]
 -2 [ 8 331:331]

Vehicle: 203  Cost: 87.38
Route: 2 11 26 15 86 -2 
  2 [10  39: 55]
 11 [ 8  60: 65]
 26 [ 4  92: 97]
 15 [ 0 110:115]
 86 [ 2 300:305]
 -2 [ 2 326:326]

Vehicle: 204  Cost: 53.12
Route: 2 7 130 74 104 43 -2 
  2 [10  39: 54]
  7 [ 6  70: 75]
130 [ 9  82: 87]
 74 [ 5  87: 92]
104 [ 9 300:305]
 43 [ 7 305:310]
 -2 [ 7 336:336]

Vehicle: 205  Cost: 37.34
Route: 2 27 18 97 98 36 129 -2 
  2 [ 7  39:175]
 27 [ 4 180:185]
 18 [ 1 420:425]
 97 [ 4 429:434]
 98 [ 8 438:443]
 36 [ 7 443:448]
129 [10 449:454]
 -2 [10 470:470]

Vehicle: 206  Cost: 103.86
Route: 2 37 62 45 95 115 58 -2 
  2 [10  39: 54]
 37 [ 7  90: 95]
 62 [ 6 300:305]
 45 [ 2 311:316]
 95 [ 5 420:425]
115 [ 6 443:448]
 58 [ 4 448:453]
 -2 [ 4 473:473]

Vehicle: 208  Cost: 49.93
Route: 2 68 67 22 123 72 -2 
  2 [10  39: 54]
 68 [ 8  70: 75]
 67 [ 5  89: 94]
 22 [ 2  97:102]
123 [ 4 105:110]
 72 [ 2 117:122]
 -2 [ 2 129:129]

Vehicle: 301  Cost: 100.12
Route: 3 113 57 49 92 38 94 33 -3 
  3 [ 8  42: 57]
113 [ 9  96:101]
 57 [ 6 101:106]
 49 [ 5 110:115]
 92 [ 9 180:185]
 38 [ 6 300:305]
 94 [10 328:333]
 33 [ 9 333:338]
 -3 [ 9 360:360]

Vehicle: 302  Cost: 90.37
Route: 3 65 125 21 90 69 127 -3 
  3 [ 8  42: 57]
 65 [ 6  88: 93]
125 [10  93: 98]
 21 [ 8 300:305]
 90 [ 9 305:310]
 69 [ 5 314:319]
127 [ 6 319:324]
 -3 [ 6 363:363]

Vehicle: 303  Cost: 133.55
Route: 3 44 96 19 16 85 128 10 -3 
  3 [ 9  42: 57]
 44 [ 8  98:103]
 96 [10 118:123]
 19 [ 7 300:305]
 16 [ 3 315:320]
 85 [ 7 320:325]
128 [ 9 337:342]
 10 [ 8 357:362]
 -3 [ 8 394:394]

Vehicle: 304  Cost: 110.62
Route: 3 99 63 122 100 40 81 101 -3 
  3 [ 5  42: 57]
 99 [ 8 100:105]
 63 [ 5 109:114]
122 [ 9 114:119]
100 [10 123:128]
 40 [ 8 128:133]
 81 [ 9 141:146]
101 [10 155:160]
 -3 [10 203:203]

Vehicle: 305  Cost: 50.98
Route: 3 126 8 82 39 71 -3 
  3 [ 5  42: 57]
126 [ 9  80: 85]
  8 [ 8 180:185]
 82 [10 185:190]
 39 [ 8 420:425]
 71 [ 6 429:434]
 -3 [ 6 447:447]

Vehicle: 306  Cost: 80.41
Route: 3 87 17 78 46 105 -3 
  3 [ 7  42:265]
 87 [10 300:305]
 17 [ 7 305:310]
 78 [ 9 420:425]
 46 [ 5 427:432]
105 [ 8 432:437]
 -3 [ 8 476:476]

Vehicle: 307  Cost: 94.16
Route: 3 13 66 52 31 124 64 93 -3 
  3 [10  42:289]
 13 [ 9 300:305]
 66 [ 6 333:338]
 52 [ 5 341:346]
 31 [ 4 353:358]
124 [ 6 368:373]
 64 [ 2 373:378]
 93 [ 4 382:387]
 -3 [ 4 418:418]

Vehicle: 308  Cost: 185.08
Route: 3 91 28 70 59 84 77 41 102 120 -3 
  3 [ 9  42: 57]
 91 [10 103:108]
 28 [ 7 116:121]
 70 [ 6 133:138]
 59 [ 2 300:305]
 84 [ 4 316:321]
 77 [ 5 360:365]
 41 [ 4 420:425]
102 [ 8 425:430]
120 [10 460:465]
 -3 [10 488:488]

Vehicle: 309  Cost: 125.49
Route: 3 32 55 108 51 80 6 89 -3 
  3 [10  42:269]
 32 [ 6 300:305]
 55 [ 2 321:326]
108 [ 6 338:343]
 51 [ 5 343:348]
 80 [ 9 356:361]
  6 [ 8 361:366]
 89 [10 373:378]
 -3 [10 429:429]

Vehicle: 310  Cost: 55.02
Route: 3 4 76 61 119 25 24 -3 
  3 [10  42:170]
  4 [ 7 180:185]
 76 [ 9 185:190]
 61 [ 7 201:206]
119 [10 206:211]
 25 [ 9 300:305]
 24 [ 5 309:314]
 -3 [ 5 319:319]

Vehicle: 311  Cost: 42.70
Route: 3 131 42 103 12 -3 
  3 [ 7  42: 57]
131 [10  73: 78]
 42 [ 7 300:305]
103 [ 9 305:310]
 12 [ 5 316:321]
 -3 [ 5 341:341]

Vehicle: 312  Cost: 148.67
Route: 3 34 47 106 53 109 107 56 111 116 -3 
  3 [ 6  42: 57]
 34 [ 5 106:111]
 47 [ 4 119:124]
106 [ 6 124:129]
 53 [ 5 147:152]
109 [ 6 152:157]
107 [ 9 300:305]
 56 [ 6 308:313]
111 [ 8 313:318]
116 [10 340:345]
 -3 [10 383:383]

Vehicle: 314  Cost: 89.59
Route: 3 14 73 35 88 20 112 -3 
  3 [10  42: 57]
 14 [ 6  89: 94]
 73 [ 4 107:112]
 35 [ 2 127:132]
 88 [ 5 133:138]
 20 [ 3 138:143]
112 [ 4 300:305]
 -3 [ 4 326:326]

Vehicle: 318  Cost: 125.74
Route: 3 30 75 50 121 118 60 83 -3 
  3 [10  42:275]
 30 [ 7 300:305]
 75 [ 6 311:316]
 50 [ 2 334:339]
121 [ 5 349:354]
118 [ 6 368:373]
 60 [ 4 373:378]
 83 [ 5 391:396]
 -3 [ 5 436:436]

Total Cost: 2268.49
 11:77.79, 66:75 [1, 2, -2, -1]
 12:84.10, 75:75 [1, 3, -3, -1]
 13:84.10, 39:75 [1, 3, -3, -1]
201:77.82, 9:10 [2, 5, 9, 79, 29, -2]
202:180.57, 10:10 [2, 23, 54, 48, 110, 117, 114, -2]
203:87.38, 10:10 [2, 11, 26, 15, 86, -2]
204:53.12, 10:10 [2, 7, 130, 74, 104, 43, -2]
205:37.34, 10:10 [2, 27, 18, 97, 98, 36, 129, -2]
206:103.86, 10:10 [2, 37, 62, 45, 95, 115, 58, -2]
208:49.93, 10:10 [2, 68, 67, 22, 123, 72, -2]
301:100.12, 10:10 [3, 113, 57, 49, 92, 38, 94, 33, -3]
302:90.37, 10:10 [3, 65, 125, 21, 90, 69, 127, -3]
303:133.55, 10:10 [3, 44, 96, 19, 16, 85, 128, 10, -3]
304:110.62, 10:10 [3, 99, 63, 122, 100, 40, 81, 101, -3]
305:50.98, 10:10 [3, 126, 8, 82, 39, 71, -3]
306:80.41, 10:10 [3, 87, 17, 78, 46, 105, -3]
307:94.16, 10:10 [3, 13, 66, 52, 31, 124, 64, 93, -3]
308:185.08, 10:10 [3, 91, 28, 70, 59, 84, 77, 41, 102, 120, -3]
309:125.49, 10:10 [3, 32, 55, 108, 51, 80, 6, 89, -3]
310:55.02, 10:10 [3, 4, 76, 61, 119, 25, 24, -3]
311:42.70, 10:10 [3, 131, 42, 103, 12, -3]
312:148.67, 10:10 [3, 34, 47, 106, 53, 109, 107, 56, 111, 116, -3]
314:89.59, 10:10 [3, 14, 73, 35, 88, 20, 112, -3]
318:125.74, 10:10 [3, 30, 75, 50, 121, 118, 60, 83, -3]
fe: 3, se: 21

!ALNS------------
100000,2268.4943734034073,764.298,706.186,3,21,0.8,0.9952380952380953,42.666666666666664,6.095238095238095
30 23 23 9 0 0 12 2 
18.523765754646128 57.596362207889015 26.05982319082171 25.18710441273131 NaN 26.17252395987964 22.924907897984482 24.269583712650515 
6 21 17 9 6 5 26 9 
28.073689668710706 28.60607823467171 31.696123954503175 28.488211548381344 18.682534968915498 31.52558440151328 29.534684836557442 46.22861175027554 

x[15831] = 1.0
Vehicle: 11  Cost: 77.79
Route: 1 2 -2 -1 
 1 [ 56   0:  0 [37, 67, 22, 11, 18, 74, 68, 58, 45, 26, 27, 36, 43, 5, 72, 15, 9, 62, 7, 29]]
 2 [  0  39: 39 []]
-2 [ 27  39:485 [123, 130, 129, 98, 115, 104, 86, 114, 79, 97]]
-1 [ 27 524:524 [123, 130, 129, 98, 115, 104, 86, 114, 79, 97]]

x[43483] = 1.0
Vehicle: 12  Cost: 84.10
Route: 1 3 -3 -1 
 1 [ 75   0:  0 [60, 65, 46, 33, 14, 10, 40, 4, 23, 59, 30, 28, 71, 32, 55, 42, 69, 8, 61, 70, 51, 75, 35, 6, 47, 49, 53, 19, 64, 66, 13, 52, 31]]
 3 [  0  42: 42 []]
-3 [ 75  42:546 [108, 118, 99, 121, 102, 77, 127, 87, 117, 119, 80, 100, 91, 120, 128, 116, 124, 95, 90, 110, 122, 76, 106, 84, 83, 85, 89, 93, 101, 103, 78, 107, 111]]
-1 [ 75 588:588 [108, 118, 99, 121, 102, 77, 127, 87, 117, 119, 80, 100, 91, 120, 128, 116, 124, 95, 90, 110, 122, 76, 106, 84, 83, 85, 89, 93, 101, 103, 78, 107, 111]]

x[46318] = 1.0
Vehicle: 13  Cost: 84.10
Route: 1 3 -3 -1 
 1 [ 49   0:  0 [63, 16, 21, 48, 73, 20, 44, 25, 12, 57, 24, 54, 50, 38, 56, 17, 41, 34, 39]]
 3 [  0  42: 42 []]
-3 [ 36  42:498 [131, 81, 125, 114, 113, 92, 82, 112, 88, 94, 105, 96, 109, 126]]
-1 [ 36 541:541 [131, 81, 125, 114, 113, 92, 82, 112, 88, 94, 105, 96, 109, 126]]

y[992] = 1.0
Vehicle: 202  Cost: 106.12
Route: 2 11 15 26 114 -2 
  2 [10  39: 55]
 11 [ 8  60: 65]
 15 [ 4  96:101]
 26 [ 0 114:119]
114 [ 3 142:147]
 -2 [ 3 181:181]

y[1337] = 1.0
Vehicle: 318  Cost: 127.56
Route: 3 30 75 50 121 60 118 83 120 -3 
  3 [10  87:275]
 30 [ 7 300:305]
 75 [ 6 311:316]
 50 [ 2 334:339]
121 [ 5 349:354]
 60 [ 3 368:373]
118 [ 4 373:378]
 83 [ 5 391:396]
120 [ 7 414:419]
 -3 [ 7 442:442]

y[2051] = 1.0
Vehicle: 310  Cost: 42.70
Route: 3 131 42 103 12 -3 
  3 [ 7  87:102]
131 [10 118:123]
 42 [ 7 300:305]
103 [ 9 305:310]
 12 [ 5 316:321]
 -3 [ 5 341:341]

y[2382] = 1.0
Vehicle: 307  Cost: 85.10
Route: 3 14 66 52 31 112 13 -3 
  3 [10  87:102]
 14 [ 6 135:140]
 66 [ 3 300:305]
 52 [ 2 308:313]
 31 [ 1 319:324]
112 [ 2 339:344]
 13 [ 1 355:360]
 -3 [ 1 370:370]

y[2940] = 1.0
Vehicle: 314  Cost: 73.57
Route: 3 20 88 64 124 93 71 -3 
  3 [ 8  42: 57]
 20 [ 6  85: 90]
 88 [ 9  90: 95]
 64 [ 5 300:305]
124 [ 7 305:310]
 93 [ 9 314:319]
 71 [ 7 420:425]
 -3 [ 7 438:438]

y[3552] = 1.0
Vehicle: 204  Cost: 77.82
Route: 2 5 9 79 29 -2 
  2 [ 9  91:106]
  5 [ 6 117:122]
  9 [ 4 129:134]
 79 [ 6 149:154]
 29 [ 2 300:305]
 -2 [ 2 322:322]

y[3690] = 1.0
Vehicle: 208  Cost: 53.12
Route: 2 7 130 74 43 104 -2 
  2 [10  91:106]
  7 [ 6 122:127]
130 [ 9 134:139]
 74 [ 5 139:144]
 43 [ 3 300:305]
104 [ 7 305:310]
 -2 [ 7 336:336]

y[3943] = 1.0
Vehicle: 303  Cost: 134.15
Route: 3 44 96 19 16 85 128 78 -3 
  3 [ 8  42: 57]
 44 [ 7  98:103]
 96 [ 9 118:123]
 19 [ 6 300:305]
 16 [ 2 315:320]
 85 [ 6 320:325]
128 [ 8 337:342]
 78 [10 420:425]
 -3 [10 464:464]

y[7861] = 1.0
Vehicle: 308  Cost: 154.12
Route: 3 91 23 70 59 84 95 -3 
  3 [ 9  42: 57]
 91 [10 103:108]
 23 [ 6 180:185]
 70 [ 5 190:195]
 59 [ 1 300:305]
 84 [ 3 316:321]
 95 [ 6 420:425]
 -3 [ 6 459:459]

y[8059] = 1.0
Vehicle: 206  Cost: 98.67
Route: 2 37 62 45 115 58 -2 
  2 [10  39: 54]
 37 [ 7  90: 95]
 62 [ 6 300:305]
 45 [ 2 311:316]
115 [ 3 348:353]
 58 [ 1 353:358]
 -2 [ 1 377:377]

y[8320] = 1.0
Vehicle: 312  Cost: 83.13
Route: 3 61 119 46 105 17 87 -3 
  3 [ 9  42: 57]
 61 [ 7  78: 83]
119 [10  83: 88]
 46 [ 6 300:305]
105 [ 9 305:310]
 17 [ 6 314:319]
 87 [ 9 319:324]
 -3 [ 9 359:359]

y[12073] = 1.0
Vehicle: 304  Cost: 132.64
Route: 3 35 73 99 63 122 40 100 81 101 -3 
  3 [ 9  87:102]
 35 [ 7 131:136]
 73 [ 5 151:156]
 99 [ 8 177:182]
 63 [ 5 186:191]
122 [ 9 191:196]
 40 [ 7 200:205]
100 [ 8 205:210]
 81 [ 9 218:223]
101 [10 232:237]
 -3 [10 280:280]

y[12295] = 1.0
Vehicle: 203  Cost: 37.34
Route: 2 27 18 97 36 98 129 -2 
  2 [ 7  39:175]
 27 [ 4 180:185]
 18 [ 1 420:425]
 97 [ 4 429:434]
 36 [ 3 438:443]
 98 [ 7 443:448]
129 [10 449:454]
 -2 [10 470:470]

y[14358] = 1.0
Vehicle: 311  Cost: 55.51
Route: 3 76 4 126 8 82 39 -3 
  3 [ 6  87:170]
 76 [ 8 180:185]
  4 [ 5 185:190]
126 [ 9 208:213]
  8 [ 8 216:221]
 82 [10 221:226]
 39 [ 8 420:425]
 -3 [ 8 441:441]

y[16493] = 1.0
Vehicle: 312  Cost: 154.41
Route: 3 117 34 106 47 109 53 107 56 111 77 -3 
  3 [ 6  42: 57]
117 [ 7  88: 93]
 34 [ 6 112:117]
106 [ 8 125:130]
 47 [ 7 130:135]
109 [ 8 153:158]
 53 [ 7 158:163]
107 [10 300:305]
 56 [ 7 308:313]
111 [ 9 313:318]
 77 [10 333:338]
 -3 [10 388:388]

y[17529] = 1.0
Vehicle: 309  Cost: 125.49
Route: 3 32 55 108 51 6 80 89 -3 
  3 [10  87:269]
 32 [ 6 300:305]
 55 [ 2 321:326]
108 [ 6 338:343]
 51 [ 5 343:348]
  6 [ 4 356:361]
 80 [ 8 361:366]
 89 [10 373:378]
 -3 [10 429:429]

y[17676] = 1.0
Vehicle: 208  Cost: 58.82
Route: 2 72 68 123 22 67 86 -2 
  2 [10  91:106]
 72 [ 8 113:118]
 68 [ 6 128:133]
123 [ 8 144:149]
 22 [ 5 152:157]
 67 [ 2 160:165]
 86 [ 4 300:305]
 -2 [ 4 326:326]

y[18304] = 1.0
Vehicle: 303  Cost: 18.44
Route: 3 24 25 -3 
  3 [ 5  87:295]
 24 [ 1 300:305]
 25 [ 0 309:314]
 -3 [ 0 323:323]

y[18793] = 1.0
Vehicle: 302  Cost: 90.37
Route: 3 65 125 21 90 127 69 -3 
  3 [ 8 170:185]
 65 [ 6 217:222]
125 [10 222:227]
 21 [ 8 300:305]
 90 [ 9 305:310]
127 [10 314:319]
 69 [ 6 319:324]
 -3 [ 6 363:363]

y[19334] = 1.0
Vehicle: 303  Cost: 105.77
Route: 3 113 57 49 92 38 10 33 94 -3 
  3 [ 9  87:102]
113 [10 141:146]
 57 [ 7 146:151]
 49 [ 6 156:161]
 92 [10 180:185]
 38 [ 7 300:305]
 10 [ 6 323:328]
 33 [ 5 339:344]
 94 [ 9 344:349]
 -3 [ 9 371:371]

y[19401] = 1.0
Vehicle: 308  Cost: 164.67
Route: 3 28 54 48 110 102 41 116 -3 
  3 [10  42: 57]
 28 [ 7 111:116]
 54 [ 5 123:128]
 48 [ 1 180:185]
110 [ 5 210:215]
102 [ 9 420:425]
 41 [ 8 425:430]
116 [10 446:451]
 -3 [10 488:488]

FE: 3
SE: 21
!MIP-----
2225.493563618477,5402.145275115967,0.02713316872416474,3,21,47304,19720

Run: 5
Total Cost: 2267.76
Vehicle: 11  Cost: 77.79
Route: 1 2 -2 -1 
 1 [ 57   0:  0 [67, 18, 74, 72, 75, 58, 22, 36, 15, 26, 27, 11, 5, 68, 62, 43, 9, 45, 37, 7, 29]]
 2 [  0  39: 39 []]
-2 [ 24  39:485 [129, 130, 86, 123, 98, 97, 104, 115, 79]]
-1 [ 24 524:524 [129, 130, 86, 123, 98, 97, 104, 115, 79]]

Vehicle: 12  Cost: 84.10
Route: 1 3 -3 -1 
 1 [ 75   0:  0 [17, 69, 31, 10, 8, 70, 41, 25, 52, 44, 28, 49, 61, 55, 19, 53, 64, 30, 56, 16, 40, 65, 35, 20, 21, 23, 51, 47, 59, 60, 34, 14, 73, 38]]
 3 [  0  42: 42 []]
-3 [ 74  42:501 [77, 119, 87, 121, 110, 124, 108, 118, 100, 85, 101, 117, 89, 80, 99, 112, 109, 88, 90, 78, 84, 106, 126, 113, 127, 120, 114, 92, 96, 83, 105, 102]]
-1 [ 74 543:543 [77, 119, 87, 121, 110, 124, 108, 118, 100, 85, 101, 117, 89, 80, 99, 112, 109, 88, 90, 78, 84, 106, 126, 113, 127, 120, 114, 92, 96, 83, 105, 102]]

Vehicle: 13  Cost: 84.10
Route: 1 3 -3 -1 
 1 [ 48   0:  0 [71, 39, 13, 33, 32, 6, 48, 66, 4, 46, 63, 12, 42, 24, 57, 50, 54]]
 3 [  0  42: 42 []]
-3 [ 37  42:474 [91, 131, 76, 122, 95, 116, 94, 81, 107, 82, 111, 125, 128, 103, 93]]
-1 [ 37 516:516 [91, 131, 76, 122, 95, 116, 94, 81, 107, 82, 111, 125, 128, 103, 93]]

Vehicle: 201  Cost: 58.82
Route: 2 72 68 123 22 67 86 -2 
  2 [10  39: 54]
 72 [ 8  61: 66]
 68 [ 6  77: 82]
123 [ 8  93: 98]
 22 [ 5 101:106]
 67 [ 2 109:114]
 86 [ 4 300:305]
 -2 [ 4 326:326]

Vehicle: 202  Cost: 99.72
Route: 2 15 45 62 -2 
  2 [ 9  39: 54]
 15 [ 5  90: 95]
 45 [ 1 300:305]
 62 [ 0 311:316]
 -2 [ 0 357:357]

Vehicle: 203  Cost: 53.12
Route: 2 7 130 74 43 104 -2 
  2 [10  39: 54]
  7 [ 6  70: 75]
130 [ 9  82: 87]
 74 [ 5  87: 92]
 43 [ 3 300:305]
104 [ 7 305:310]
 -2 [ 7 336:336]

Vehicle: 204  Cost: 81.54
Route: 2 26 37 75 115 58 -2 
  2 [10  39: 54]
 26 [ 6  86: 91]
 37 [ 3  96:101]
 75 [ 2 300:305]
115 [ 3 316:321]
 58 [ 1 321:326]
 -2 [ 1 346:346]

Vehicle: 206  Cost: 77.82
Route: 2 5 9 79 29 -2 
  2 [ 9  39: 54]
  5 [ 6  65: 70]
  9 [ 4  78: 83]
 79 [ 6  97:102]
 29 [ 2 300:305]
 -2 [ 2 322:322]

Vehicle: 207  Cost: 45.79
Route: 2 11 27 18 97 36 98 129 -2 
  2 [ 9  39: 55]
 11 [ 7  60: 65]
 27 [ 4 180:185]
 18 [ 1 420:425]
 97 [ 4 429:434]
 36 [ 3 438:443]
 98 [ 7 443:448]
129 [10 449:454]
 -2 [10 470:470]

Vehicle: 301  Cost: 152.28
Route: 3 91 23 70 59 84 121 -3 
  3 [ 9  42: 57]
 91 [10 103:108]
 23 [ 6 180:185]
 70 [ 5 190:195]
 59 [ 1 300:305]
 84 [ 3 316:321]
121 [ 6 344:349]
 -3 [ 6 392:392]

Vehicle: 302  Cost: 133.55
Route: 3 44 96 19 16 85 128 10 -3 
  3 [ 9  42: 57]
 44 [ 8  98:103]
 96 [10 118:123]
 19 [ 7 300:305]
 16 [ 3 315:320]
 85 [ 7 320:325]
128 [ 9 337:342]
 10 [ 8 357:362]
 -3 [ 8 394:394]

Vehicle: 303  Cost: 100.12
Route: 3 57 113 49 92 38 94 33 -3 
  3 [ 8  42: 57]
 57 [ 5  96:101]
113 [ 6 101:106]
 49 [ 5 110:115]
 92 [ 9 180:185]
 38 [ 6 300:305]
 94 [10 328:333]
 33 [ 9 333:338]
 -3 [ 9 360:360]

Vehicle: 304  Cost: 70.73
Route: 3 20 88 35 64 124 93 -3 
  3 [ 8  42: 57]
 20 [ 6  85: 90]
 88 [ 9  90: 95]
 35 [ 7  96:101]
 64 [ 3 300:305]
124 [ 5 305:310]
 93 [ 7 314:319]
 -3 [ 7 351:351]

Vehicle: 305  Cost: 130.95
Route: 3 73 99 63 122 40 100 81 101 -3 
  3 [ 7  42: 57]
 73 [ 5  99:104]
 99 [ 8 125:130]
 63 [ 5 134:139]
122 [ 9 139:144]
 40 [ 7 148:153]
100 [ 8 153:158]
 81 [ 9 166:171]
101 [10 180:185]
 -3 [10 228:228]

Vehicle: 306  Cost: 121.55
Route: 3 4 76 117 83 60 118 50 95 -3 
  3 [ 9  42:170]
  4 [ 6 180:185]
 76 [ 8 185:190]
117 [ 9 212:217]
 83 [10 300:305]
 60 [ 8 318:323]
118 [ 9 323:328]
 50 [ 5 351:356]
 95 [ 8 420:425]
 -3 [ 8 459:459]

Vehicle: 307  Cost: 84.80
Route: 3 17 87 78 46 105 120 -3 
  3 [ 7  42:265]
 17 [ 4 300:305]
 87 [ 7 305:310]
 78 [ 9 420:425]
 46 [ 5 427:432]
105 [ 8 432:437]
120 [10 457:462]
 -3 [10 486:486]

Vehicle: 308  Cost: 85.10
Route: 3 14 66 52 31 112 13 -3 
  3 [10  42: 57]
 14 [ 6  89: 94]
 66 [ 3 300:305]
 52 [ 2 308:313]
 31 [ 1 319:324]
112 [ 2 339:344]
 13 [ 1 355:360]
 -3 [ 1 370:370]

Vehicle: 309  Cost: 68.97
Route: 3 65 125 82 8 126 -3 
  3 [ 3  42: 57]
 65 [ 1  88: 93]
125 [ 5  93: 98]
 82 [ 7 180:185]
  8 [ 6 185:190]
126 [10 193:198]
 -3 [10 221:221]

Vehicle: 310  Cost: 42.70
Route: 3 131 42 103 12 -3 
  3 [ 7  42: 57]
131 [10  73: 78]
 42 [ 7 300:305]
103 [ 9 305:310]
 12 [ 5 316:321]
 -3 [ 5 341:341]

Vehicle: 311  Cost: 74.19
Route: 3 61 119 114 30 25 -3 
  3 [ 6  42: 57]
 61 [ 4  78: 83]
119 [ 7  83: 88]
114 [10 103:108]
 30 [ 7 300:305]
 25 [ 6 323:328]
 -3 [ 6 338:338]

Vehicle: 312  Cost: 167.73
Route: 3 28 54 48 110 77 102 41 -3 
  3 [10  42: 57]
 28 [ 7 111:116]
 54 [ 5 123:128]
 48 [ 1 180:185]
110 [ 5 210:215]
 77 [ 6 300:305]
102 [10 420:425]
 41 [ 9 425:430]
 -3 [ 9 483:483]

Vehicle: 313  Cost: 125.49
Route: 3 32 55 51 108 6 80 89 -3 
  3 [10  42:269]
 32 [ 6 300:305]
 55 [ 2 321:326]
 51 [ 1 338:343]
108 [ 5 343:348]
  6 [ 4 356:361]
 80 [ 8 361:366]
 89 [10 373:378]
 -3 [10 429:429]

Vehicle: 314  Cost: 10.20
Route: 3 24 -3 
  3 [ 4  42:295]
 24 [ 0 300:305]
 -3 [ 0 310:310]

Vehicle: 316  Cost: 148.67
Route: 3 34 47 106 109 53 107 56 111 116 -3 
  3 [ 6  42: 57]
 34 [ 5 106:111]
 47 [ 4 119:124]
106 [ 6 124:129]
109 [ 7 147:152]
 53 [ 6 152:157]
107 [ 9 300:305]
 56 [ 6 308:313]
111 [ 8 313:318]
116 [10 340:345]
 -3 [10 383:383]

Vehicle: 317  Cost: 87.97
Route: 3 69 127 21 90 39 71 -3 
  3 [10  42:261]
 69 [ 6 300:305]
127 [ 7 305:310]
 21 [ 5 314:319]
 90 [ 6 319:324]
 39 [ 4 420:425]
 71 [ 2 429:434]
 -3 [ 2 447:447]

Total Cost: 2267.76
 11:77.79, 57:75 [1, 2, -2, -1]
 12:84.10, 75:75 [1, 3, -3, -1]
 13:84.10, 48:75 [1, 3, -3, -1]
201:58.82, 10:10 [2, 72, 68, 123, 22, 67, 86, -2]
202:99.72, 9:10 [2, 15, 45, 62, -2]
203:53.12, 10:10 [2, 7, 130, 74, 43, 104, -2]
204:81.54, 10:10 [2, 26, 37, 75, 115, 58, -2]
206:77.82, 9:10 [2, 5, 9, 79, 29, -2]
207:45.79, 10:10 [2, 11, 27, 18, 97, 36, 98, 129, -2]
301:152.28, 10:10 [3, 91, 23, 70, 59, 84, 121, -3]
302:133.55, 10:10 [3, 44, 96, 19, 16, 85, 128, 10, -3]
303:100.12, 10:10 [3, 57, 113, 49, 92, 38, 94, 33, -3]
304:70.73, 9:10 [3, 20, 88, 35, 64, 124, 93, -3]
305:130.95, 10:10 [3, 73, 99, 63, 122, 40, 100, 81, 101, -3]
306:121.55, 10:10 [3, 4, 76, 117, 83, 60, 118, 50, 95, -3]
307:84.80, 10:10 [3, 17, 87, 78, 46, 105, 120, -3]
308:85.10, 10:10 [3, 14, 66, 52, 31, 112, 13, -3]
309:68.97, 10:10 [3, 65, 125, 82, 8, 126, -3]
310:42.70, 10:10 [3, 131, 42, 103, 12, -3]
311:74.19, 10:10 [3, 61, 119, 114, 30, 25, -3]
312:167.73, 10:10 [3, 28, 54, 48, 110, 77, 102, 41, -3]
313:125.49, 10:10 [3, 32, 55, 51, 108, 6, 80, 89, -3]
314:10.20, 4:10 [3, 24, -3]
316:148.67, 10:10 [3, 34, 47, 106, 109, 53, 107, 56, 111, 116, -3]
317:87.97, 10:10 [3, 69, 127, 21, 90, 39, 71, -3]
fe: 3, se: 22

!ALNS------------
100000,2267.759983163094,843.372,441.935,3,22,0.8,0.9590909090909091,42.666666666666664,5.818181818181818
23 20 32 13 0 0 11 2 
21.805458155022784 53.49303743530787 23.36486003929709 42.75540316281102 154.29057525573646 181.99751433841902 24.93250328892534 23.102634123693868 
11 10 10 14 12 17 24 3 
26.06649050427287 24.901117830716267 34.40262321769567 39.87026623614138 28.7322192760883 38.21257237375978 29.307710737587467 29.73429396536511 

x[28117] = 1.0
Vehicle: 11  Cost: 77.79
Route: 1 2 -2 -1 
 1 [ 56   0:  0 [26, 5, 43, 75, 37, 68, 62, 74, 7, 18, 29, 67, 27, 22, 9, 72, 58, 36, 15, 30, 11]]
 2 [  0  39: 39 []]
-2 [ 27  39:499 [115, 129, 86, 123, 95, 79, 97, 98, 104, 130]]
-1 [ 27 538:538 [115, 129, 86, 123, 95, 79, 97, 98, 104, 130]]

x[30621] = 1.0
Vehicle: 13  Cost: 84.10
Route: 1 3 -3 -1 
 1 [ 49   0:  0 [6, 65, 56, 54, 8, 16, 71, 21, 17, 40, 44, 46, 64, 73, 59, 28, 69, 13, 35, 70, 53]]
 3 [  0  42: 42 []]
-3 [ 36  42:503 [84, 120, 125, 112, 107, 105, 80, 88, 96, 90, 127, 102, 87, 121]]
-1 [ 36 546:546 [84, 120, 125, 112, 107, 105, 80, 88, 96, 90, 127, 102, 87, 121]]

x[43728] = 1.0
Vehicle: 12  Cost: 84.10
Route: 1 3 -3 -1 
 1 [ 75   0:  0 [4, 10, 20, 52, 55, 61, 42, 41, 12, 66, 32, 38, 14, 50, 47, 31, 19, 25, 49, 24, 60, 57, 34, 45, 48, 39, 51, 33, 23, 63]]
 3 [  0  42: 42 []]
-3 [ 75  42:503 [118, 122, 110, 126, 106, 109, 100, 91, 77, 113, 94, 78, 128, 117, 108, 99, 101, 119, 111, 85, 92, 81, 114, 131, 103, 82, 93, 124, 116, 83, 76, 89, 95]]
-1 [ 75 546:546 [118, 122, 110, 126, 106, 109, 100, 91, 77, 113, 94, 78, 128, 117, 108, 99, 101, 119, 111, 85, 92, 81, 114, 131, 103, 82, 93, 124, 116, 83, 76, 89, 95]]

y[837] = 1.0
Vehicle: 207  Cost: 37.34
Route: 2 27 18 97 98 36 129 -2 
  2 [ 7 225:240]
 27 [ 4 245:250]
 18 [ 1 420:425]
 97 [ 4 429:434]
 98 [ 8 438:443]
 36 [ 7 443:448]
129 [10 449:454]
 -2 [10 470:470]

y[2030] = 1.0
Vehicle: 313  Cost: 52.80
Route: 3 4 76 114 25 24 -3 
  3 [ 8  87:170]
  4 [ 5 180:185]
 76 [ 7 185:190]
114 [10 206:211]
 25 [ 9 300:305]
 24 [ 5 309:314]
 -3 [ 5 319:319]

y[4088] = 1.0
Vehicle: 302  Cost: 134.15
Route: 3 44 96 19 16 85 128 78 -3 
  3 [ 8  42: 57]
 44 [ 7  98:103]
 96 [ 9 118:123]
 19 [ 6 300:305]
 16 [ 2 315:320]
 85 [ 6 320:325]
128 [ 8 337:342]
 78 [10 420:425]
 -3 [10 464:464]

y[4716] = 1.0
Vehicle: 203  Cost: 53.12
Route: 2 7 130 74 43 104 -2 
  2 [10 100:115]
  7 [ 6 131:136]
130 [ 9 143:148]
 74 [ 5 148:153]
 43 [ 3 300:305]
104 [ 7 305:310]
 -2 [ 7 336:336]

y[7008] = 1.0
Vehicle: 207  Cost: 93.35
Route: 2 11 15 37 62 -2 
  2 [10  39: 55]
 11 [ 8  60: 65]
 15 [ 4  96:101]
 37 [ 1 112:117]
 62 [ 0 300:305]
 -2 [ 0 346:346]

y[7105] = 1.0
Vehicle: 310  Cost: 42.70
Route: 3 131 42 103 12 -3 
  3 [ 7 205:220]
131 [10 236:241]
 42 [ 7 300:305]
103 [ 9 305:310]
 12 [ 5 316:321]
 -3 [ 5 341:341]

y[8020] = 1.0
Vehicle: 301  Cost: 154.12
Route: 3 91 23 70 59 84 95 -3 
  3 [ 9  42: 57]
 91 [10 103:108]
 23 [ 6 180:185]
 70 [ 5 190:195]
 59 [ 1 300:305]
 84 [ 3 316:321]
 95 [ 6 420:425]
 -3 [ 6 459:459]

y[8488] = 1.0
Vehicle: 308  Cost: 83.13
Route: 3 61 119 46 105 17 87 -3 
  3 [ 9  42: 57]
 61 [ 7  78: 83]
119 [10  83: 88]
 46 [ 6 300:305]
105 [ 9 305:310]
 17 [ 6 314:319]
 87 [ 9 319:324]
 -3 [ 9 359:359]

y[8553] = 1.0
Vehicle: 304  Cost: 90.37
Route: 3 65 125 21 90 127 69 -3 
  3 [ 8  87:102]
 65 [ 6 134:139]
125 [10 139:144]
 21 [ 8 300:305]
 90 [ 9 305:310]
127 [10 314:319]
 69 [ 6 319:324]
 -3 [ 6 363:363]

y[9137] = 1.0
Vehicle: 312  Cost: 164.67
Route: 3 28 54 48 110 102 41 116 -3 
  3 [10  87:102]
 28 [ 7 156:161]
 54 [ 5 168:173]
 48 [ 1 188:193]
110 [ 5 218:223]
102 [ 9 420:425]
 41 [ 8 425:430]
116 [10 446:451]
 -3 [10 488:488]

y[11429] = 1.0
Vehicle: 310  Cost: 125.49
Route: 3 32 55 108 51 6 80 89 -3 
  3 [10  42:269]
 32 [ 6 300:305]
 55 [ 2 321:326]
108 [ 6 338:343]
 51 [ 5 343:348]
  6 [ 4 356:361]
 80 [ 8 361:366]
 89 [10 373:378]
 -3 [10 429:429]

y[13411] = 1.0
Vehicle: 315  Cost: 50.98
Route: 3 126 8 82 39 71 -3 
  3 [ 5  42: 57]
126 [ 9  80: 85]
  8 [ 8 180:185]
 82 [10 185:190]
 39 [ 8 420:425]
 71 [ 6 429:434]
 -3 [ 6 447:447]

y[14074] = 1.0
Vehicle: 305  Cost: 130.95
Route: 3 73 99 63 122 40 100 81 101 -3 
  3 [ 7  87:102]
 73 [ 5 145:150]
 99 [ 8 170:175]
 63 [ 5 180:185]
122 [ 9 185:190]
 40 [ 7 193:198]
100 [ 8 198:203]
 81 [ 9 212:217]
101 [10 225:230]
 -3 [10 273:273]

y[16369] = 1.0
Vehicle: 308  Cost: 85.10
Route: 3 14 66 52 31 112 13 -3 
  3 [10 239:254]
 14 [ 6 286:291]
 66 [ 3 300:305]
 52 [ 2 308:313]
 31 [ 1 319:324]
112 [ 2 339:344]
 13 [ 1 355:360]
 -3 [ 1 370:370]

y[16785] = 1.0
Vehicle: 316  Cost: 154.41
Route: 3 117 34 47 106 109 53 107 56 111 77 -3 
  3 [ 6  42: 57]
117 [ 7  88: 93]
 34 [ 6 112:117]
 47 [ 5 125:130]
106 [ 7 130:135]
109 [ 8 153:158]
 53 [ 7 158:163]
107 [10 300:305]
 56 [ 7 308:313]
111 [ 9 313:318]
 77 [10 333:338]
 -3 [10 388:388]

y[17257] = 1.0
Vehicle: 206  Cost: 77.82
Route: 2 5 9 79 29 -2 
  2 [ 9 177:192]
  5 [ 6 203:208]
  9 [ 4 216:221]
 79 [ 6 235:240]
 29 [ 2 300:305]
 -2 [ 2 322:322]

y[17890] = 1.0
Vehicle: 204  Cost: 74.20
Route: 2 26 75 30 58 115 -2 
  2 [10  91:106]
 26 [ 6 137:142]
 75 [ 5 300:305]
 30 [ 2 311:316]
 58 [ 0 323:328]
115 [ 1 328:333]
 -2 [ 1 352:352]

y[17976] = 1.0
Vehicle: 201  Cost: 58.82
Route: 2 72 68 123 22 67 86 -2 
  2 [10  91:106]
 72 [ 8 113:118]
 68 [ 6 128:133]
123 [ 8 144:149]
 22 [ 5 152:157]
 67 [ 2 160:165]
 86 [ 4 300:305]
 -2 [ 4 326:326]

y[18617] = 1.0
Vehicle: 306  Cost: 143.21
Route: 3 45 50 121 60 118 83 120 -3 
  3 [10  87:248]
 45 [ 6 300:305]
 50 [ 2 317:322]
121 [ 5 332:337]
 60 [ 3 351:356]
118 [ 4 356:361]
 83 [ 5 374:379]
120 [ 7 398:403]
 -3 [ 7 426:426]

y[18792] = 1.0
Vehicle: 304  Cost: 70.73
Route: 3 20 88 35 64 124 93 -3 
  3 [ 8  87:102]
 20 [ 6 130:135]
 88 [ 9 135:140]
 35 [ 7 141:146]
 64 [ 3 300:305]
124 [ 5 305:310]
 93 [ 7 314:319]
 -3 [ 7 351:351]

y[19665] = 1.0
Vehicle: 303  Cost: 105.77
Route: 3 113 57 49 92 38 10 94 33 -3 
  3 [ 9  87:102]
113 [10 141:146]
 57 [ 7 146:151]
 49 [ 6 156:161]
 92 [10 180:185]
 38 [ 7 300:305]
 10 [ 6 323:328]
 94 [10 339:344]
 33 [ 9 344:349]
 -3 [ 9 371:371]

FE: 3
SE: 21
!MIP-----
2229.2125461854994,5402.767841100693,0.02760051370767304,3,21,48298,20128

