--Parameters Information--
speed=1
run=5
iteration= 100000
batch=100
restartPeriod=10000
largeRemovalOccurrence=500
initialLNS=250
lowerBoundSmallRemoval=4
smallRemoval=0.2
lowerBoundLargeRemoval=0.55
largeRemoval=0.8
initialWeight=1.0
decayRate=0.1
gamma1=9.0
gamma2=5.0
gamma3=2.0
gamma4=0.0
coolingRate=0.9995
temperatureControlParameter=0.05
initialAcceptanceProbability=0.5
perturbation=0.5
perturbationFactor=0.01
split=20000

Setup: Split
Data: A_100_7

Run: 1
Total Cost: 2307.25
Vehicle: 11  Cost: 118.02
Route: 1 2 -2 -1 
 1 [ 74   0:  0 [11, 44, 51, 12, 64, 55, 46, 37, 4, 35, 27, 25, 47, 57, 31, 59, 42, 9, 50, 20, 36, 29, 6, 60, 75, 38, 62, 33, 56]]
 2 [  0  59: 59 []]
-2 [ 75  59:530 [95, 82, 114, 117, 100, 78, 86, 83, 98, 113, 123, 89, 102, 79, 115, 101, 94, 111, 112, 90, 99, 103, 121, 91, 107, 85, 119, 126, 109, 97, 84]]
-1 [ 75 589:589 [95, 82, 114, 117, 100, 78, 86, 83, 98, 113, 123, 89, 102, 79, 115, 101, 94, 111, 112, 90, 99, 103, 121, 91, 107, 85, 119, 126, 109, 97, 84]]

Vehicle: 12  Cost: 118.02
Route: 1 2 -2 -1 
 1 [ 53   0:  0 [43, 16, 70, 63, 61, 18, 13, 48, 69, 24, 67, 19, 34, 22, 68, 66, 21, 74]]
 2 [  0  59: 59 []]
-2 [ 21  59:368 [92, 125, 88, 120, 105, 96, 122]]
-1 [ 21 427:427 [92, 125, 88, 120, 105, 96, 122]]

Vehicle: 13  Cost: 138.58
Route: 1 3 -3 -1 
 1 [ 67   0:  0 [71, 73, 7, 10, 26, 72, 58, 41, 14, 65, 28, 32, 49, 8, 23, 40, 54, 39, 53, 30, 77, 76, 52, 45, 17, 15, 5]]
 3 [  0  69: 69 []]
-3 [ 39  69:500 [80, 104, 116, 124, 81, 129, 106, 127, 110, 87, 128, 93, 108, 118]]
-1 [ 39 569:569 [80, 104, 116, 124, 81, 129, 106, 127, 110, 87, 128, 93, 108, 118]]

Vehicle: 201  Cost: 49.50
Route: 2 44 96 123 43 16 -2 
  2 [ 9  59: 74]
 44 [ 5  81: 86]
 96 [ 8  89: 94]
123 [ 9 300:305]
 43 [ 6 314:319]
 16 [ 4 332:337]
 -2 [ 4 346:346]

Vehicle: 202  Cost: 65.62
Route: 2 56 112 66 120 67 125 -2 
  2 [ 7  59: 74]
 56 [ 6 105:110]
112 [ 9 110:115]
 66 [ 5 300:305]
120 [ 9 307:312]
 67 [ 7 312:317]
125 [ 9 323:328]
 -2 [ 9 353:353]

Vehicle: 203  Cost: 142.84
Route: 2 12 90 51 85 11 99 38 103 119 -2 
  2 [10  59: 74]
 12 [ 7 110:115]
 90 [ 9 127:132]
 51 [ 5 140:145]
 85 [ 8 149:154]
 11 [ 6 154:159]
 99 [ 9 171:176]
 38 [ 8 181:186]
103 [ 9 186:191]
119 [10 214:219]
 -2 [10 262:262]

Vehicle: 204  Cost: 77.97
Route: 2 34 29 95 91 19 86 -2 
  2 [10  59:281]
 34 [ 8 300:305]
 29 [ 4 316:321]
 95 [ 7 321:326]
 91 [ 9 332:337]
 19 [ 5 337:342]
 86 [ 9 365:370]
 -2 [ 9 389:389]

Vehicle: 205  Cost: 94.44
Route: 2 25 55 126 64 89 18 -2 
  2 [10  59:176]
 25 [ 9 180:185]
 55 [ 6 420:425]
126 [ 9 437:442]
 64 [ 5 448:453]
 89 [ 9 459:464]
 18 [ 7 464:469]
 -2 [ 7 515:515]

Vehicle: 206  Cost: 134.46
Route: 2 57 113 62 83 31 97 -2 
  2 [ 9  59: 74]
 57 [ 6 109:114]
113 [10 114:119]
 62 [ 6 138:143]
 83 [ 8 161:166]
 31 [ 6 170:175]
 97 [ 9 175:180]
 -2 [ 9 238:238]

Vehicle: 207  Cost: 72.81
Route: 2 4 78 37 46 36 100 47 -2 
  2 [10  59: 74]
  4 [ 6 104:109]
 78 [ 8 109:114]
 37 [ 7 300:305]
 46 [ 4 308:313]
 36 [ 3 328:333]
100 [ 6 333:338]
 47 [ 5 354:359]
 -2 [ 5 365:365]

Vehicle: 208  Cost: 108.86
Route: 2 60 102 6 79 75 84 109 -2 
  2 [10  59: 74]
 60 [ 6 100:105]
102 [ 9 126:131]
  6 [ 5 133:138]
 79 [ 6 138:143]
 75 [ 4 154:159]
 84 [ 8 300:305]
109 [ 9 420:425]
 -2 [ 9 461:461]

Vehicle: 209  Cost: 75.20
Route: 2 33 105 98 70 122 -2 
  2 [ 7  59: 74]
 33 [ 4  90: 95]
105 [ 8 106:111]
 98 [10 118:123]
 70 [ 6 300:305]
122 [ 8 305:310]
 -2 [ 8 340:340]

Vehicle: 211  Cost: 117.22
Route: 2 24 20 9 82 107 50 -2 
  2 [10  59: 74]
 24 [ 8 113:118]
 20 [ 7 300:305]
  9 [ 3 314:319]
 82 [ 4 319:324]
107 [ 6 336:341]
 50 [ 3 341:346]
 -2 [ 3 390:390]

Vehicle: 212  Cost: 88.79
Route: 2 42 74 59 114 121 69 -2 
  2 [10  59:282]
 42 [ 8 300:305]
 74 [ 5 314:319]
 59 [ 4 339:344]
114 [ 7 344:349]
121 [ 8 420:425]
 69 [ 4 425:430]
 -2 [ 4 459:459]

Vehicle: 213  Cost: 75.71
Route: 2 22 92 21 68 -2 
  2 [10  59: 74]
 22 [ 8  81: 86]
 92 [10  86: 91]
 21 [ 6 122:127]
 68 [ 2 300:305]
 -2 [ 2 323:323]

Vehicle: 217  Cost: 159.44
Route: 2 13 115 48 101 35 94 27 88 -2 
  2 [10  59: 74]
 13 [ 6 108:113]
115 [ 8 144:149]
 48 [ 6 180:185]
101 [ 9 188:193]
 35 [ 8 200:205]
 94 [ 9 218:223]
 27 [ 6 223:228]
 88 [10 251:256]
 -2 [10 291:291]

Vehicle: 219  Cost: 40.01
Route: 2 111 63 61 117 -2 
  2 [ 5  59: 74]
111 [ 9  90: 95]
 63 [ 7 101:106]
 61 [ 4 300:305]
117 [ 7 305:310]
 -2 [ 7 326:326]

Vehicle: 301  Cost: 60.83
Route: 3 81 23 72 124 116 -3 
  3 [ 8  69: 84]
 81 [10 100:105]
 23 [ 6 120:125]
 72 [ 2 129:134]
124 [ 6 134:139]
116 [ 8 149:154]
 -3 [ 8 170:170]

Vehicle: 302  Cost: 114.77
Route: 3 41 127 32 87 77 49 110 -3 
  3 [ 9  69: 84]
 41 [ 8  94: 99]
127 [ 9 180:185]
 32 [ 5 189:194]
 87 [ 9 205:210]
 77 [ 6 300:305]
 49 [ 5 420:425]
110 [ 7 440:445]
 -3 [ 7 474:474]

Vehicle: 303  Cost: 148.24
Route: 3 7 52 80 28 45 106 -3 
  3 [ 9  69: 84]
  7 [ 5 145:150]
 52 [ 2 300:305]
 80 [ 6 331:336]
 28 [ 5 420:425]
 45 [ 4 451:456]
106 [ 8 456:461]
 -3 [ 8 485:485]

Vehicle: 304  Cost: 103.53
Route: 3 8 73 71 128 118 14 65 -3 
  3 [10  69:281]
  8 [ 9 300:305]
 73 [ 5 316:321]
 71 [ 3 336:341]
128 [ 6 349:354]
118 [10 360:365]
 14 [ 9 369:374]
 65 [ 7 380:385]
 -3 [ 7 419:419]

Vehicle: 305  Cost: 30.69
Route: 3 5 15 39 -3 
  3 [ 7  69: 84]
  5 [ 3  97:102]
 15 [ 2 300:305]
 39 [ 0 309:314]
 -3 [ 0 319:319]

Vehicle: 306  Cost: 65.42
Route: 3 30 10 58 53 -3 
  3 [10  69:285]
 30 [ 7 300:305]
 10 [ 6 309:314]
 58 [ 4 318:323]
 53 [ 0 420:425]
 -3 [ 0 454:454]

Vehicle: 307  Cost: 59.16
Route: 3 76 26 17 -3 
  3 [10  69: 84]
 76 [ 6 106:111]
 26 [ 3 122:127]
 17 [ 0 300:305]
 -3 [ 0 329:329]

Vehicle: 313  Cost: 47.13
Route: 3 40 104 129 93 54 108 -3 
  3 [ 4  69: 84]
 40 [ 2  97:102]
104 [ 4 102:107]
129 [ 7 115:120]
 93 [ 9 126:131]
 54 [ 7 300:305]
108 [ 9 305:310]
 -3 [ 9 316:316]

Total Cost: 2307.25
 11:118.02, 75:75 [1, 2, -2, -1]
 12:118.02, 53:75 [1, 2, -2, -1]
 13:138.58, 67:75 [1, 3, -3, -1]
201:49.50, 9:10 [2, 44, 96, 123, 43, 16, -2]
202:65.62, 9:10 [2, 56, 112, 66, 120, 67, 125, -2]
203:142.84, 10:10 [2, 12, 90, 51, 85, 11, 99, 38, 103, 119, -2]
204:77.97, 10:10 [2, 34, 29, 95, 91, 19, 86, -2]
205:94.44, 10:10 [2, 25, 55, 126, 64, 89, 18, -2]
206:134.46, 10:10 [2, 57, 113, 62, 83, 31, 97, -2]
207:72.81, 10:10 [2, 4, 78, 37, 46, 36, 100, 47, -2]
208:108.86, 10:10 [2, 60, 102, 6, 79, 75, 84, 109, -2]
209:75.20, 10:10 [2, 33, 105, 98, 70, 122, -2]
211:117.22, 10:10 [2, 24, 20, 9, 82, 107, 50, -2]
212:88.79, 10:10 [2, 42, 74, 59, 114, 121, 69, -2]
213:75.71, 10:10 [2, 22, 92, 21, 68, -2]
217:159.44, 10:10 [2, 13, 115, 48, 101, 35, 94, 27, 88, -2]
219:40.01, 9:10 [2, 111, 63, 61, 117, -2]
301:60.83, 10:10 [3, 81, 23, 72, 124, 116, -3]
302:114.77, 9:10 [3, 41, 127, 32, 87, 77, 49, 110, -3]
303:148.24, 9:10 [3, 7, 52, 80, 28, 45, 106, -3]
304:103.53, 10:10 [3, 8, 73, 71, 128, 118, 14, 65, -3]
305:30.69, 7:10 [3, 5, 15, 39, -3]
306:65.42, 10:10 [3, 30, 10, 58, 53, -3]
307:59.16, 10:10 [3, 76, 26, 17, -3]
313:47.13, 9:10 [3, 40, 104, 129, 93, 54, 108, -3]
fe: 3, se: 22

!ALNS------------
100000,2307.2535935439664,652.247,227.381,3,22,0.8666666666666667,0.9590909090909091,42.0,5.7272727272727275
14 16 7 6 0 0 7 1 
23.97274633907033 51.56954009693403 36.13586310837711 29.63909605134468 NaN 121.77107382372037 31.095770804743893 26.94897098227644 
3 7 10 5 9 7 10 0 
36.05071050442778 32.720411931211615 31.930637409907717 29.72069621251589 47.32109718976454 35.4387623055166 28.276753551024424 39.84957795778813 

x[11968] = 1.0
Vehicle: 11  Cost: 118.02
Route: 1 2 -2 -1 
 1 [ 75   0:  0 [64, 37, 22, 44, 35, 75, 36, 16, 29, 27, 46, 21, 34, 33, 59, 42, 68, 55, 28, 47, 62, 50, 74, 56, 31, 61, 70, 4, 38, 63]]
 2 [  0  59: 59 []]
-2 [ 75  59:530 [93, 119, 89, 90, 120, 100, 84, 101, 83, 80, 121, 82, 102, 122, 97, 96, 111, 126, 79, 114, 78, 107, 85, 115, 91, 95, 105, 103, 125, 109]]
-1 [ 75 589:589 [93, 119, 89, 90, 120, 100, 84, 101, 83, 80, 121, 82, 102, 122, 97, 96, 111, 126, 79, 114, 78, 107, 85, 115, 91, 95, 105, 103, 125, 109]]

x[27565] = 1.0
Vehicle: 12  Cost: 118.02
Route: 1 2 -2 -1 
 1 [ 47   0:  0 [51, 60, 13, 25, 9, 69, 67, 24, 66, 12, 6, 48, 11, 20, 19, 18]]
 2 [  0  59: 59 []]
-2 [ 18  59:481 [92, 117, 94, 98, 99, 88, 112]]
-1 [ 18 540:540 [92, 117, 94, 98, 99, 88, 112]]

x[44098] = 1.0
Vehicle: 13  Cost: 138.58
Route: 1 3 -3 -1 
 1 [ 72   0:  0 [10, 7, 39, 58, 41, 45, 73, 43, 30, 32, 8, 76, 17, 71, 49, 23, 72, 15, 52, 53, 40, 14, 26, 77, 5, 65, 54, 57]]
 3 [  0  69: 69 []]
-3 [ 42  69:508 [123, 127, 86, 128, 87, 104, 129, 116, 124, 118, 113, 110, 106, 81, 108]]
-1 [ 42 578:578 [123, 127, 86, 128, 87, 104, 129, 116, 124, 118, 113, 110, 106, 81, 108]]

y[533] = 1.0
Vehicle: 204  Cost: 93.83
Route: 2 70 122 18 89 64 126 -2 
  2 [10  59:270]
 70 [ 6 300:305]
122 [ 8 305:310]
 18 [ 6 326:331]
 89 [10 331:336]
 64 [ 6 420:425]
126 [ 9 431:436]
 -2 [ 9 472:472]

y[1956] = 1.0
Vehicle: 202  Cost: 65.62
Route: 2 56 112 66 67 120 125 -2 
  2 [ 7 110:125]
 56 [ 6 156:161]
112 [ 9 161:166]
 66 [ 5 300:305]
 67 [ 3 307:312]
120 [ 7 312:317]
125 [ 9 323:328]
 -2 [ 9 353:353]

y[2037] = 1.0
Vehicle: 203  Cost: 96.01
Route: 2 75 79 6 102 69 121 -2 
  2 [10  59: 74]
 75 [ 8 119:124]
 79 [ 9 135:140]
  6 [ 5 140:145]
102 [ 8 147:152]
 69 [ 4 420:425]
121 [ 5 425:430]
 -2 [ 5 459:459]

y[4140] = 1.0
Vehicle: 210  Cost: 120.06
Route: 2 21 31 97 83 62 -2 
  2 [10  59: 74]
 21 [ 6 107:112]
 31 [ 4 138:143]
 97 [ 7 143:148]
 83 [ 9 152:157]
 62 [ 5 175:180]
 -2 [ 5 219:219]

y[7027] = 1.0
Vehicle: 304  Cost: 98.99
Route: 3 129 73 71 128 14 118 -3 
  3 [ 7  69: 84]
129 [10  99:104]
 73 [ 6 300:305]
 71 [ 4 320:325]
128 [ 7 333:338]
 14 [ 6 346:351]
118 [10 356:361]
 -3 [10 394:394]

y[7434] = 1.0
Vehicle: 305  Cost: 57.69
Route: 3 5 26 17 -3 
  3 [10 100:115]
  5 [ 6 127:132]
 26 [ 3 150:155]
 17 [ 0 300:305]
 -3 [ 0 329:329]

y[8496] = 1.0
Vehicle: 204  Cost: 66.65
Route: 2 63 98 19 91 29 95 -2 
  2 [10 110:125]
 63 [ 8 140:145]
 98 [10 157:162]
 19 [ 6 300:305]
 91 [ 8 305:310]
 29 [ 4 316:321]
 95 [ 7 321:326]
 -2 [ 7 353:353]

y[8685] = 1.0
Vehicle: 313  Cost: 60.88
Route: 3 39 86 8 10 30 15 -3 
  3 [ 8  69:295]
 39 [ 6 300:305]
 86 [10 321:326]
  8 [ 9 329:334]
 10 [ 8 352:357]
 30 [ 5 361:366]
 15 [ 4 375:380]
 -3 [ 4 386:386]

y[9443] = 1.0
Vehicle: 307  Cost: 138.94
Route: 3 7 52 77 106 -3 
  3 [10 100:115]
  7 [ 6 176:181]
 52 [ 3 300:305]
 77 [ 0 328:333]
106 [ 4 359:364]
 -3 [ 4 388:388]

y[10368] = 1.0
Vehicle: 209  Cost: 53.02
Route: 2 25 61 117 34 55 -2 
  2 [ 9  59:176]
 25 [ 8 180:185]
 61 [ 5 300:305]
117 [ 8 305:310]
 34 [ 6 314:319]
 55 [ 3 420:425]
 -2 [ 3 449:449]

y[11066] = 1.0
Vehicle: 210  Cost: 142.84
Route: 2 12 90 51 11 85 99 103 38 119 -2 
  2 [10  59: 74]
 12 [ 7 110:115]
 90 [ 9 127:132]
 51 [ 5 140:145]
 11 [ 3 149:154]
 85 [ 6 154:159]
 99 [ 9 171:176]
103 [10 181:186]
 38 [ 9 186:191]
119 [10 214:219]
 -2 [10 262:262]

y[12168] = 1.0
Vehicle: 207  Cost: 103.68
Route: 2 4 78 37 46 80 28 100 36 -2 
  2 [10  59: 74]
  4 [ 6 104:109]
 78 [ 8 109:114]
 37 [ 7 300:305]
 46 [ 4 308:313]
 80 [ 8 329:334]
 28 [ 7 420:425]
100 [10 450:455]
 36 [ 9 455:460]
 -2 [ 9 480:480]

y[12742] = 1.0
Vehicle: 229  Cost: 78.59
Route: 2 33 60 105 111 93 -2 
  2 [ 7  59: 74]
 33 [ 4  90: 95]
 60 [ 0 106:111]
105 [ 4 131:136]
111 [ 8 145:150]
 93 [10 157:162]
 -2 [10 178:178]

y[13853] = 1.0
Vehicle: 302  Cost: 98.98
Route: 3 41 76 127 32 87 49 110 -3 
  3 [10 100:115]
 41 [ 9 125:130]
 76 [ 5 142:147]
127 [ 6 180:185]
 32 [ 2 189:194]
 87 [ 6 205:210]
 49 [ 5 420:425]
110 [ 7 440:445]
 -3 [ 7 474:474]

y[14208] = 1.0
Vehicle: 211  Cost: 117.22
Route: 2 24 20 82 9 107 50 -2 
  2 [10 110:125]
 24 [ 8 164:169]
 20 [ 7 300:305]
 82 [ 8 314:319]
  9 [ 4 319:324]
107 [ 6 336:341]
 50 [ 3 341:346]
 -2 [ 3 390:390]

y[15070] = 1.0
Vehicle: 219  Cost: 31.46
Route: 2 44 96 22 92 16 47 -2 
  2 [ 9  59: 74]
 44 [ 5  81: 86]
 96 [ 8  89: 94]
 22 [ 6 100:105]
 92 [ 8 105:110]
 16 [ 6 300:305]
 47 [ 5 311:316]
 -2 [ 5 322:322]

y[15338] = 1.0
Vehicle: 217  Cost: 159.44
Route: 2 13 115 48 101 35 94 27 88 -2 
  2 [10  59: 74]
 13 [ 6 108:113]
115 [ 8 144:149]
 48 [ 6 180:185]
101 [ 9 188:193]
 35 [ 8 200:205]
 94 [ 9 218:223]
 27 [ 6 223:228]
 88 [10 251:256]
 -2 [10 291:291]

y[15367] = 1.0
Vehicle: 309  Cost: 73.34
Route: 3 40 104 65 53 58 -3 
  3 [10  69: 84]
 40 [ 8  97:102]
104 [10 102:107]
 65 [ 8 300:305]
 53 [ 4 420:425]
 58 [ 2 438:443]
 -3 [ 2 461:461]

y[17988] = 1.0
Vehicle: 308  Cost: 60.83
Route: 3 116 72 124 23 81 -3 
  3 [ 8  69: 84]
116 [10 100:105]
 72 [ 6 115:120]
124 [10 120:125]
 23 [ 6 129:134]
 81 [ 8 150:155]
 -3 [ 8 170:170]

y[18357] = 1.0
Vehicle: 305  Cost: 73.04
Route: 3 57 113 45 43 123 54 108 -3 
  3 [ 9  69: 84]
 57 [ 6 117:122]
113 [10 122:127]
 45 [ 9 300:305]
 43 [ 6 314:319]
123 [ 7 328:333]
 54 [ 5 340:345]
108 [ 7 345:350]
 -3 [ 7 356:356]

y[18816] = 1.0
Vehicle: 212  Cost: 96.70
Route: 2 68 42 74 114 59 84 109 -2 
  2 [10  59:282]
 68 [ 6 300:305]
 42 [ 4 306:311]
 74 [ 1 320:325]
114 [ 4 345:350]
 59 [ 3 350:355]
 84 [ 7 362:367]
109 [ 8 420:425]
 -2 [ 8 461:461]

FE: 3
SE: 21
!MIP-----
2262.423616357719,5400.825544118881,0.0365542884606761,3,21,46093,20155

Run: 2
Total Cost: 2286.01
Vehicle: 11  Cost: 118.02
Route: 1 2 -2 -1 
 1 [ 75   0:  0 [16, 62, 44, 22, 6, 4, 29, 37, 38, 47, 19, 18, 25, 63, 70, 59, 55, 9, 35, 48, 73, 46, 27, 60, 36, 71, 61, 75, 11]]
 2 [  0  59: 59 []]
-2 [ 75  59:511 [88, 84, 111, 93, 94, 78, 91, 109, 95, 121, 82, 122, 101, 128, 114, 98, 92, 105, 89, 96, 117, 129, 115, 119, 103, 85, 90, 86, 126, 107]]
-1 [ 75 570:570 [88, 84, 111, 93, 94, 78, 91, 109, 95, 121, 82, 122, 101, 128, 114, 98, 92, 105, 89, 96, 117, 129, 115, 119, 103, 85, 90, 86, 126, 107]]

Vehicle: 12  Cost: 118.02
Route: 1 2 -2 -1 
 1 [ 45   0:  0 [64, 74, 42, 51, 34, 33, 68, 13, 12, 50, 24, 31, 20, 21, 69]]
 2 [  0  59: 59 []]
-2 [ 15  59:394 [97, 100, 102, 79, 99, 83]]
-1 [ 15 453:453 [97, 100, 102, 79, 99, 83]]

Vehicle: 13  Cost: 138.58
Route: 1 3 -3 -1 
 1 [ 74   0:  0 [40, 15, 65, 28, 41, 57, 53, 66, 23, 49, 32, 58, 54, 7, 8, 39, 43, 14, 52, 77, 5, 72, 17, 67, 45, 56, 76, 30, 10, 26]]
 3 [  0  69: 69 []]
-3 [ 45  69:500 [120, 104, 87, 112, 110, 124, 116, 81, 113, 123, 118, 106, 80, 127, 108, 125]]
-1 [ 45 569:569 [120, 104, 87, 112, 110, 124, 116, 81, 113, 123, 118, 106, 80, 127, 108, 125]]

Vehicle: 201  Cost: 142.84
Route: 2 12 90 51 11 85 99 103 38 119 -2 
  2 [10  59: 74]
 12 [ 7 110:115]
 90 [ 9 127:132]
 51 [ 5 140:145]
 11 [ 3 149:154]
 85 [ 6 154:159]
 99 [ 9 171:176]
103 [10 181:186]
 38 [ 9 186:191]
119 [10 214:219]
 -2 [10 262:262]

Vehicle: 202  Cost: 97.19
Route: 2 19 91 71 128 73 86 -2 
  2 [10  59:267]
 19 [ 6 300:305]
 91 [ 8 305:310]
 71 [ 6 321:326]
128 [ 9 334:339]
 73 [ 5 354:359]
 86 [ 9 371:376]
 -2 [ 9 394:394]

Vehicle: 203  Cost: 55.74
Route: 2 63 105 98 29 95 -2 
  2 [ 6  59: 74]
 63 [ 4  89: 94]
105 [ 8  99:104]
 98 [10 111:116]
 29 [ 6 300:305]
 95 [ 9 305:310]
 -2 [ 9 337:337]

Vehicle: 204  Cost: 60.75
Route: 2 33 60 55 -2 
  2 [10  59: 74]
 33 [ 7  90: 95]
 60 [ 3 106:111]
 55 [ 0 420:425]
 -2 [ 0 449:449]

Vehicle: 205  Cost: 48.63
Route: 2 92 22 44 96 129 93 -2 
  2 [ 6  59: 74]
 92 [ 8  81: 86]
 22 [ 6  86: 91]
 44 [ 2  96:101]
 96 [ 5 103:108]
129 [ 8 121:126]
 93 [10 132:137]
 -2 [10 153:153]

Vehicle: 206  Cost: 80.64
Route: 2 21 46 16 -2 
  2 [ 9  59: 74]
 21 [ 5 107:112]
 46 [ 2 300:305]
 16 [ 0 334:339]
 -2 [ 0 349:349]

Vehicle: 207  Cost: 99.69
Route: 2 25 102 6 79 75 59 114 -2 
  2 [ 8  59:176]
 25 [ 7 180:185]
102 [10 215:220]
  6 [ 6 222:227]
 79 [ 7 227:232]
 75 [ 5 243:248]
 59 [ 4 300:305]
114 [ 7 305:310]
 -2 [ 7 350:350]

Vehicle: 208  Cost: 101.13
Route: 2 13 88 69 121 84 109 -2 
  2 [ 8  59: 74]
 13 [ 4 108:113]
 88 [ 8 113:118]
 69 [ 4 420:425]
121 [ 5 425:430]
 84 [ 9 444:449]
109 [10 454:459]
 -2 [10 496:496]

Vehicle: 209  Cost: 48.16
Route: 2 111 34 61 117 -2 
  2 [ 5  59: 74]
111 [ 9  90: 95]
 34 [ 7 300:305]
 61 [ 4 309:314]
117 [ 7 314:319]
 -2 [ 7 335:335]

Vehicle: 210  Cost: 78.04
Route: 2 4 78 62 37 47 -2 
  2 [10  59: 74]
  4 [ 6 104:109]
 78 [ 8 109:114]
 62 [ 4 123:128]
 37 [ 3 300:305]
 47 [ 2 331:336]
 -2 [ 2 342:342]

Vehicle: 211  Cost: 54.84
Route: 2 68 42 74 -2 
  2 [ 9  59:282]
 68 [ 5 300:305]
 42 [ 3 306:311]
 74 [ 0 320:325]
 -2 [ 0 352:352]

Vehicle: 214  Cost: 124.29
Route: 2 24 83 31 97 20 50 107 36 100 -2 
  2 [ 9  59: 74]
 24 [ 7 113:118]
 83 [ 9 133:138]
 31 [ 7 143:148]
 97 [10 148:153]
 20 [ 9 300:305]
 50 [ 6 314:319]
107 [ 8 319:324]
 36 [ 7 348:353]
100 [10 353:358]
 -2 [10 379:379]

Vehicle: 215  Cost: 180.33
Route: 2 27 115 48 101 35 94 9 82 -2 
  2 [10  59: 74]
 27 [ 7 127:132]
115 [ 9 162:167]
 48 [ 7 181:186]
101 [10 189:194]
 35 [ 9 201:206]
 94 [10 219:224]
  9 [ 6 300:305]
 82 [ 7 305:310]
 -2 [ 7 367:367]

Vehicle: 220  Cost: 93.83
Route: 2 70 122 18 89 64 126 -2 
  2 [10  59:270]
 70 [ 6 300:305]
122 [ 8 305:310]
 18 [ 6 326:331]
 89 [10 331:336]
 64 [ 6 420:425]
126 [ 9 431:436]
 -2 [ 9 472:472]

Vehicle: 301  Cost: 59.16
Route: 3 76 26 17 -3 
  3 [10  69: 84]
 76 [ 6 106:111]
 26 [ 3 122:127]
 17 [ 0 300:305]
 -3 [ 0 329:329]

Vehicle: 302  Cost: 72.30
Route: 3 57 113 43 123 108 54 -3 
  3 [ 8  69: 84]
 57 [ 5 117:122]
113 [ 9 122:127]
 43 [ 6 300:305]
123 [ 7 314:319]
108 [ 9 326:331]
 54 [ 7 331:336]
 -3 [ 7 342:342]

Vehicle: 303  Cost: 59.55
Route: 3 23 72 124 116 104 39 -3 
  3 [10  69: 84]
 23 [ 6 111:116]
 72 [ 2 121:126]
124 [ 6 126:131]
116 [ 8 140:145]
104 [10 151:156]
 39 [ 8 300:305]
 -3 [ 8 310:310]

Vehicle: 304  Cost: 39.68
Route: 3 5 81 30 15 -3 
  3 [ 8  69: 84]
  5 [ 4  97:102]
 81 [ 6 110:115]
 30 [ 3 300:305]
 15 [ 2 314:319]
 -3 [ 2 325:325]

Vehicle: 305  Cost: 148.24
Route: 3 7 52 80 28 45 106 -3 
  3 [ 9  69: 84]
  7 [ 5 145:150]
 52 [ 2 300:305]
 80 [ 6 331:336]
 28 [ 5 420:425]
 45 [ 4 451:456]
106 [ 8 456:461]
 -3 [ 8 485:485]

Vehicle: 306  Cost: 114.77
Route: 3 41 127 32 87 77 49 110 -3 
  3 [ 9  69: 84]
 41 [ 8  94: 99]
127 [ 9 180:185]
 32 [ 5 189:194]
 87 [ 9 205:210]
 77 [ 6 300:305]
 49 [ 5 420:425]
110 [ 7 440:445]
 -3 [ 7 474:474]

Vehicle: 307  Cost: 70.75
Route: 3 40 56 112 66 67 120 125 8 -3 
  3 [10  69: 84]
 40 [ 8  97:102]
 56 [ 7 120:125]
112 [10 125:130]
 66 [ 6 300:305]
 67 [ 4 307:312]
120 [ 8 312:317]
125 [10 323:328]
  8 [ 9 339:344]
 -3 [ 9 363:363]

Vehicle: 308  Cost: 80.86
Route: 3 10 58 65 14 118 53 -3 
  3 [10  69:285]
 10 [ 9 300:305]
 58 [ 7 309:314]
 65 [ 5 330:335]
 14 [ 4 341:346]
118 [ 8 351:356]
 53 [ 4 420:425]
 -3 [ 4 454:454]

Total Cost: 2286.01
 11:118.02, 75:75 [1, 2, -2, -1]
 12:118.02, 45:75 [1, 2, -2, -1]
 13:138.58, 74:75 [1, 3, -3, -1]
201:142.84, 10:10 [2, 12, 90, 51, 11, 85, 99, 103, 38, 119, -2]
202:97.19, 10:10 [2, 19, 91, 71, 128, 73, 86, -2]
203:55.74, 10:10 [2, 63, 105, 98, 29, 95, -2]
204:60.75, 10:10 [2, 33, 60, 55, -2]
205:48.63, 10:10 [2, 92, 22, 44, 96, 129, 93, -2]
206:80.64, 9:10 [2, 21, 46, 16, -2]
207:99.69, 10:10 [2, 25, 102, 6, 79, 75, 59, 114, -2]
208:101.13, 10:10 [2, 13, 88, 69, 121, 84, 109, -2]
209:48.16, 9:10 [2, 111, 34, 61, 117, -2]
210:78.04, 10:10 [2, 4, 78, 62, 37, 47, -2]
211:54.84, 9:10 [2, 68, 42, 74, -2]
214:124.29, 10:10 [2, 24, 83, 31, 97, 20, 50, 107, 36, 100, -2]
215:180.33, 10:10 [2, 27, 115, 48, 101, 35, 94, 9, 82, -2]
220:93.83, 10:10 [2, 70, 122, 18, 89, 64, 126, -2]
301:59.16, 10:10 [3, 76, 26, 17, -3]
302:72.30, 9:10 [3, 57, 113, 43, 123, 108, 54, -3]
303:59.55, 10:10 [3, 23, 72, 124, 116, 104, 39, -3]
304:39.68, 8:10 [3, 5, 81, 30, 15, -3]
305:148.24, 9:10 [3, 7, 52, 80, 28, 45, 106, -3]
306:114.77, 9:10 [3, 41, 127, 32, 87, 77, 49, 110, -3]
307:70.75, 10:10 [3, 40, 56, 112, 66, 67, 120, 125, 8, -3]
308:80.86, 10:10 [3, 10, 58, 65, 14, 118, 53, -3]
fe: 3, se: 22

!ALNS------------
100000,2286.0123743545378,489.018,179.149,3,22,0.8622222222222222,0.9636363636363636,42.0,5.7272727272727275
17 18 11 6 0 0 5 1 
24.182831718151498 50.600408753378126 26.27566479100778 36.234613423056935 37.737536135605296 72.19787479287888 36.027369760845865 26.70272307981209 
3 10 6 9 6 7 12 5 
36.63169837602737 23.216426577217916 46.52074289099311 34.72866429095579 37.789623365660404 32.45127884372505 28.42326836292504 36.975831415084656 

x[15165] = 1.0
Vehicle: 13  Cost: 138.58
Route: 1 3 -3 -1 
 1 [ 74   0:  0 [72, 32, 30, 56, 40, 45, 76, 5, 23, 52, 58, 43, 7, 28, 77, 57, 17, 10, 39, 41, 15, 14, 49, 73, 53, 26, 8, 54, 65, 67]]
 3 [  0  69: 69 []]
-3 [ 52  69:500 [113, 106, 125, 127, 116, 120, 128, 112, 123, 118, 110, 124, 104, 108, 86, 80, 87, 81]]
-1 [ 52 569:569 [113, 106, 125, 127, 116, 120, 128, 112, 123, 118, 110, 124, 104, 108, 86, 80, 87, 81]]

x[30142] = 1.0
Vehicle: 12  Cost: 118.02
Route: 1 2 -2 -1 
 1 [ 45   0:  0 [47, 63, 71, 50, 36, 21, 61, 70, 68, 13, 6, 48, 37, 59, 4, 38, 75, 22]]
 2 [  0  59: 59 []]
-2 [ 15  59:487 [89, 95, 100, 117, 82, 79]]
-1 [ 15 546:546 [89, 95, 100, 117, 82, 79]]

x[44074] = 1.0
Vehicle: 11  Cost: 118.02
Route: 1 2 -2 -1 
 1 [ 75   0:  0 [66, 24, 62, 46, 20, 69, 35, 60, 25, 9, 27, 11, 12, 33, 42, 31, 34, 19, 44, 64, 29, 51, 18, 55, 74, 16]]
 2 [  0  59: 59 []]
-2 [ 75  59:487 [94, 91, 122, 88, 119, 90, 111, 109, 96, 85, 92, 93, 98, 121, 114, 115, 84, 105, 128, 78, 129, 102, 107, 103, 126, 120, 83, 97, 101, 99]]
-1 [ 75 546:546 [94, 91, 122, 88, 119, 90, 111, 109, 96, 85, 92, 93, 98, 121, 114, 115, 84, 105, 128, 78, 129, 102, 107, 103, 126, 120, 83, 97, 101, 99]]

y[765] = 1.0
Vehicle: 205  Cost: 28.49
Route: 2 44 96 92 22 16 -2 
  2 [ 8 110:125]
 44 [ 4 132:137]
 96 [ 7 140:145]
 92 [ 9 151:156]
 22 [ 7 156:161]
 16 [ 5 300:305]
 -2 [ 5 314:314]

y[766] = 1.0
Vehicle: 301  Cost: 114.77
Route: 3 41 127 32 87 77 49 110 -3 
  3 [ 9 100:115]
 41 [ 8 125:130]
127 [ 9 180:185]
 32 [ 5 189:194]
 87 [ 9 205:210]
 77 [ 6 300:305]
 49 [ 5 420:425]
110 [ 7 440:445]
 -3 [ 7 474:474]

y[980] = 1.0
Vehicle: 203  Cost: 55.74
Route: 2 63 105 98 29 95 -2 
  2 [ 6 110:125]
 63 [ 4 140:145]
105 [ 8 150:155]
 98 [10 162:167]
 29 [ 6 300:305]
 95 [ 9 305:310]
 -2 [ 9 337:337]

y[1975] = 1.0
Vehicle: 214  Cost: 96.01
Route: 2 75 79 6 102 121 69 -2 
  2 [10  59: 74]
 75 [ 8 119:124]
 79 [ 9 135:140]
  6 [ 5 140:145]
102 [ 8 147:152]
121 [ 9 420:425]
 69 [ 5 425:430]
 -2 [ 5 459:459]

y[2400] = 1.0
Vehicle: 208  Cost: 96.70
Route: 2 68 42 74 114 59 84 109 -2 
  2 [10 110:282]
 68 [ 6 300:305]
 42 [ 4 306:311]
 74 [ 1 320:325]
114 [ 4 345:350]
 59 [ 3 350:355]
 84 [ 7 362:367]
109 [ 8 420:425]
 -2 [ 8 461:461]

y[2519] = 1.0
Vehicle: 302  Cost: 72.30
Route: 3 57 113 43 123 54 108 -3 
  3 [ 8 100:115]
 57 [ 5 148:153]
113 [ 9 153:158]
 43 [ 6 300:305]
123 [ 7 314:319]
 54 [ 5 326:331]
108 [ 7 331:336]
 -3 [ 7 342:342]

y[4226] = 1.0
Vehicle: 202  Cost: 120.06
Route: 2 21 31 97 83 62 -2 
  2 [10  59: 74]
 21 [ 6 107:112]
 31 [ 4 138:143]
 97 [ 7 143:148]
 83 [ 9 152:157]
 62 [ 5 175:180]
 -2 [ 5 219:219]

y[7984] = 1.0
Vehicle: 204  Cost: 86.37
Route: 2 60 33 111 93 129 -2 
  2 [ 7  59: 74]
 60 [ 3 100:105]
 33 [ 0 116:121]
111 [ 4 136:141]
 93 [ 6 149:154]
129 [ 9 160:165]
 -2 [ 9 185:185]

y[8055] = 1.0
Vehicle: 306  Cost: 59.16
Route: 3 76 26 17 -3 
  3 [10 100:115]
 76 [ 6 137:142]
 26 [ 3 152:157]
 17 [ 0 300:305]
 -3 [ 0 329:329]

y[10550] = 1.0
Vehicle: 203  Cost: 53.02
Route: 2 25 61 117 34 55 -2 
  2 [ 9  59:176]
 25 [ 8 180:185]
 61 [ 5 300:305]
117 [ 8 305:310]
 34 [ 6 314:319]
 55 [ 3 420:425]
 -2 [ 3 449:449]

y[11244] = 1.0
Vehicle: 201  Cost: 142.84
Route: 2 12 90 51 11 85 99 103 38 119 -2 
  2 [10  59: 74]
 12 [ 7 110:115]
 90 [ 9 127:132]
 51 [ 5 140:145]
 11 [ 3 149:154]
 85 [ 6 154:159]
 99 [ 9 171:176]
103 [10 181:186]
 38 [ 9 186:191]
119 [10 214:219]
 -2 [10 262:262]

y[11807] = 1.0
Vehicle: 308  Cost: 80.86
Route: 3 10 58 65 14 118 53 -3 
  3 [10 100:285]
 10 [ 9 300:305]
 58 [ 7 309:314]
 65 [ 5 330:335]
 14 [ 4 341:346]
118 [ 8 351:356]
 53 [ 4 420:425]
 -3 [ 4 454:454]

y[13681] = 1.0
Vehicle: 206  Cost: 72.81
Route: 2 4 78 37 46 100 36 47 -2 
  2 [10  59: 74]
  4 [ 6 104:109]
 78 [ 8 109:114]
 37 [ 7 300:305]
 46 [ 4 308:313]
100 [ 7 328:333]
 36 [ 6 333:338]
 47 [ 5 354:359]
 -2 [ 5 365:365]

y[13896] = 1.0
Vehicle: 303  Cost: 59.55
Route: 3 23 124 72 116 104 39 -3 
  3 [10  69: 84]
 23 [ 6 111:116]
124 [10 121:126]
 72 [ 6 126:131]
116 [ 8 140:145]
104 [10 151:156]
 39 [ 8 300:305]
 -3 [ 8 310:310]

y[14407] = 1.0
Vehicle: 215  Cost: 117.22
Route: 2 24 20 9 82 107 50 -2 
  2 [10 110:125]
 24 [ 8 164:169]
 20 [ 7 300:305]
  9 [ 3 314:319]
 82 [ 4 319:324]
107 [ 6 336:341]
 50 [ 3 341:346]
 -2 [ 3 390:390]

y[15608] = 1.0
Vehicle: 208  Cost: 159.44
Route: 2 13 115 48 101 35 94 27 88 -2 
  2 [10  59: 74]
 13 [ 6 108:113]
115 [ 8 144:149]
 48 [ 6 180:185]
101 [ 9 188:193]
 35 [ 8 200:205]
 94 [ 9 218:223]
 27 [ 6 223:228]
 88 [10 251:256]
 -2 [10 291:291]

y[16085] = 1.0
Vehicle: 220  Cost: 93.83
Route: 2 70 122 18 89 64 126 -2 
  2 [10 110:270]
 70 [ 6 300:305]
122 [ 8 305:310]
 18 [ 6 326:331]
 89 [10 331:336]
 64 [ 6 420:425]
126 [ 9 431:436]
 -2 [ 9 472:472]

y[16172] = 1.0
Vehicle: 202  Cost: 93.93
Route: 2 19 91 71 128 66 120 -2 
  2 [10  59:267]
 19 [ 6 300:305]
 91 [ 8 305:310]
 71 [ 6 321:326]
128 [ 9 334:339]
 66 [ 5 348:353]
120 [ 9 355:360]
 -2 [ 9 391:391]

y[16545] = 1.0
Vehicle: 303  Cost: 148.24
Route: 3 7 52 80 28 45 106 -3 
  3 [ 9  69: 84]
  7 [ 5 145:150]
 52 [ 2 300:305]
 80 [ 6 331:336]
 28 [ 5 420:425]
 45 [ 4 451:456]
106 [ 8 456:461]
 -3 [ 8 485:485]

y[17260] = 1.0
Vehicle: 307  Cost: 73.87
Route: 3 40 56 112 67 73 125 8 86 -3 
  3 [10  69: 84]
 40 [ 8  97:102]
 56 [ 7 120:125]
112 [10 125:130]
 67 [ 8 300:305]
 73 [ 4 311:316]
125 [ 6 316:321]
  8 [ 5 332:337]
 86 [ 9 341:346]
 -3 [ 9 365:365]

y[17636] = 1.0
Vehicle: 304  Cost: 39.68
Route: 3 5 81 30 15 -3 
  3 [ 8 100:115]
  5 [ 4 127:132]
 81 [ 6 140:145]
 30 [ 3 300:305]
 15 [ 2 314:319]
 -3 [ 2 325:325]

FE: 3
SE: 21
!MIP-----
2239.4785583580624,5400.94656920433,0.028031111562874234,3,21,44627,20528

Run: 3
Total Cost: 2306.94
Vehicle: 11  Cost: 118.02
Route: 1 2 -2 -1 
 1 [ 75   0:  0 [19, 45, 42, 69, 21, 31, 24, 74, 11, 70, 44, 18, 62, 51, 35, 25, 36, 28, 37, 59, 73, 29, 60, 68, 55, 33, 61, 75]]
 2 [  0  59: 59 []]
-2 [ 75  59:511 [100, 121, 122, 97, 79, 95, 126, 78, 107, 98, 102, 105, 90, 119, 115, 101, 85, 99, 82, 91, 103, 86, 84, 114, 113, 123, 94, 125, 89, 111, 109]]
-1 [ 75 570:570 [100, 121, 122, 97, 79, 95, 126, 78, 107, 98, 102, 105, 90, 119, 115, 101, 85, 99, 82, 91, 103, 86, 84, 114, 113, 123, 94, 125, 89, 111, 109]]

Vehicle: 12  Cost: 118.02
Route: 1 2 -2 -1 
 1 [ 48   0:  0 [57, 50, 63, 12, 38, 22, 16, 47, 64, 13, 4, 6, 46, 9, 27, 48, 34, 20]]
 2 [  0  59: 59 []]
-2 [ 24  59:495 [83, 88, 92, 93, 106, 117, 80, 96]]
-1 [ 24 554:554 [83, 88, 92, 93, 106, 117, 80, 96]]

Vehicle: 13  Cost: 138.58
Route: 1 3 -3 -1 
 1 [ 71   0:  0 [41, 7, 77, 40, 67, 53, 17, 65, 39, 54, 66, 49, 56, 43, 32, 5, 10, 58, 8, 72, 23, 76, 52, 26, 30, 71, 15, 14]]
 3 [  0  69: 69 []]
-3 [ 36  69:493 [128, 108, 118, 104, 127, 87, 81, 116, 112, 110, 124, 120, 129]]
-1 [ 36 562:562 [128, 108, 118, 104, 127, 87, 81, 116, 112, 110, 124, 120, 129]]

Vehicle: 201  Cost: 54.91
Route: 2 93 86 73 125 -2 
  2 [ 4  59: 74]
 93 [ 6  89: 94]
 86 [10 300:305]
 73 [ 6 316:321]
125 [ 8 321:326]
 -2 [ 8 351:351]

Vehicle: 202  Cost: 86.38
Route: 2 68 42 69 121 84 109 -2 
  2 [10  59:282]
 68 [ 6 300:305]
 42 [ 4 306:311]
 69 [ 0 420:425]
121 [ 1 425:430]
 84 [ 5 444:449]
109 [ 6 454:459]
 -2 [ 6 496:496]

Vehicle: 203  Cost: 31.46
Route: 2 44 96 22 92 16 47 -2 
  2 [ 9  59: 74]
 44 [ 5  81: 86]
 96 [ 8  89: 94]
 22 [ 6 100:105]
 92 [ 8 105:110]
 16 [ 6 300:305]
 47 [ 5 311:316]
 -2 [ 5 322:322]

Vehicle: 204  Cost: 48.99
Route: 2 111 105 34 -2 
  2 [ 2  59: 74]
111 [ 6  90: 95]
105 [10 104:109]
 34 [ 8 300:305]
 -2 [ 8 324:324]

Vehicle: 205  Cost: 93.83
Route: 2 70 122 18 89 64 126 -2 
  2 [10  59:270]
 70 [ 6 300:305]
122 [ 8 305:310]
 18 [ 6 326:331]
 89 [10 331:336]
 64 [ 6 420:425]
126 [ 9 431:436]
 -2 [ 9 472:472]

Vehicle: 206  Cost: 66.65
Route: 2 63 98 19 91 29 95 -2 
  2 [10  59: 74]
 63 [ 8  89: 94]
 98 [10 106:111]
 19 [ 6 300:305]
 91 [ 8 305:310]
 29 [ 4 316:321]
 95 [ 7 321:326]
 -2 [ 7 353:353]

Vehicle: 207  Cost: 51.04
Route: 2 33 55 61 117 -2 
  2 [ 9  59: 74]
 33 [ 6  90: 95]
 55 [ 3 420:425]
 61 [ 0 436:441]
117 [ 3 441:446]
 -2 [ 3 462:462]

Vehicle: 208  Cost: 110.77
Route: 2 24 62 113 57 106 45 123 -2 
  2 [10  59: 74]
 24 [ 8 113:118]
 62 [ 4 128:133]
113 [ 8 152:157]
 57 [ 5 157:162]
106 [ 9 300:305]
 45 [ 8 305:310]
123 [ 9 328:333]
 -2 [ 9 349:349]

Vehicle: 209  Cost: 97.59
Route: 2 13 88 50 107 74 -2 
  2 [10  59: 74]
 13 [ 6 108:113]
 88 [10 113:118]
 50 [ 7 300:305]
107 [ 9 305:310]
 74 [ 6 330:335]
 -2 [ 6 362:362]

Vehicle: 211  Cost: 103.68
Route: 2 4 78 37 46 80 28 36 100 -2 
  2 [10  59: 74]
  4 [ 6 104:109]
 78 [ 8 109:114]
 37 [ 7 300:305]
 46 [ 4 308:313]
 80 [ 8 329:334]
 28 [ 7 420:425]
 36 [ 6 450:455]
100 [ 9 455:460]
 -2 [ 9 480:480]

Vehicle: 212  Cost: 95.58
Route: 2 25 60 102 6 79 59 114 -2 
  2 [10  59:176]
 25 [ 9 180:185]
 60 [ 5 207:212]
102 [ 8 233:238]
  6 [ 4 239:244]
 79 [ 5 244:249]
 59 [ 4 300:305]
114 [ 7 305:310]
 -2 [ 7 350:350]

Vehicle: 213  Cost: 132.05
Route: 2 21 83 31 97 27 94 20 -2 
  2 [10  59: 74]
 21 [ 6 107:112]
 83 [ 8 134:139]
 31 [ 6 144:149]
 97 [ 9 149:154]
 27 [ 6 170:175]
 94 [ 7 175:180]
 20 [ 6 300:305]
 -2 [ 6 355:355]

Vehicle: 214  Cost: 172.62
Route: 2 75 115 48 101 35 9 82 -2 
  2 [ 9  59: 74]
 75 [ 7 119:124]
115 [ 9 160:165]
 48 [ 7 180:185]
101 [10 188:193]
 35 [ 9 200:205]
  9 [ 5 300:305]
 82 [ 6 305:310]
 -2 [ 6 367:367]

Vehicle: 215  Cost: 142.84
Route: 2 12 90 51 11 85 99 38 103 119 -2 
  2 [10  59: 74]
 12 [ 7 110:115]
 90 [ 9 127:132]
 51 [ 5 140:145]
 11 [ 3 149:154]
 85 [ 6 154:159]
 99 [ 9 171:176]
 38 [ 8 181:186]
103 [ 9 186:191]
119 [10 214:219]
 -2 [10 262:262]

Vehicle: 301  Cost: 77.11
Route: 3 10 58 65 14 53 -3 
  3 [10  69:285]
 10 [ 9 300:305]
 58 [ 7 309:314]
 65 [ 5 330:335]
 14 [ 4 341:346]
 53 [ 0 420:425]
 -3 [ 0 454:454]

Vehicle: 302  Cost: 67.71
Route: 3 76 26 110 17 -3 
  3 [10  69: 84]
 76 [ 6 106:111]
 26 [ 3 122:127]
110 [ 5 300:305]
 17 [ 2 312:317]
 -3 [ 2 340:340]

Vehicle: 303  Cost: 59.55
Route: 3 23 72 124 116 104 39 -3 
  3 [10  69: 84]
 23 [ 6 111:116]
 72 [ 2 121:126]
124 [ 6 126:131]
116 [ 8 140:145]
104 [10 151:156]
 39 [ 8 300:305]
 -3 [ 8 310:310]

Vehicle: 305  Cost: 102.49
Route: 3 41 127 32 87 49 43 -3 
  3 [ 9  69: 84]
 41 [ 8  94: 99]
127 [ 9 180:185]
 32 [ 5 189:194]
 87 [ 9 205:210]
 49 [ 8 420:425]
 43 [ 5 456:461]
 -3 [ 5 478:478]

Vehicle: 306  Cost: 71.47
Route: 3 40 112 56 67 120 8 54 108 -3 
  3 [ 8  69: 84]
 40 [ 6  97:102]
112 [ 9 120:125]
 56 [ 8 125:130]
 67 [ 6 300:305]
120 [10 305:310]
  8 [ 9 324:329]
 54 [ 7 346:351]
108 [ 9 351:356]
 -3 [ 9 362:362]

Vehicle: 307  Cost: 134.99
Route: 3 7 52 77 -3 
  3 [10  69: 84]
  7 [ 6 145:150]
 52 [ 3 300:305]
 77 [ 0 328:333]
 -3 [ 0 379:379]

Vehicle: 308  Cost: 39.68
Route: 3 5 81 30 15 -3 
  3 [ 8  69: 84]
  5 [ 4  97:102]
 81 [ 6 110:115]
 30 [ 3 300:305]
 15 [ 2 314:319]
 -3 [ 2 325:325]

Vehicle: 309  Cost: 90.95
Route: 3 129 66 71 128 118 -3 
  3 [ 6  69: 84]
129 [ 9  99:104]
 66 [ 5 300:305]
 71 [ 3 316:321]
128 [ 6 329:334]
118 [10 340:345]
 -3 [10 379:379]

Total Cost: 2306.94
 11:118.02, 75:75 [1, 2, -2, -1]
 12:118.02, 48:75 [1, 2, -2, -1]
 13:138.58, 71:75 [1, 3, -3, -1]
201:54.91, 10:10 [2, 93, 86, 73, 125, -2]
202:86.38, 10:10 [2, 68, 42, 69, 121, 84, 109, -2]
203:31.46, 9:10 [2, 44, 96, 22, 92, 16, 47, -2]
204:48.99, 10:10 [2, 111, 105, 34, -2]
205:93.83, 10:10 [2, 70, 122, 18, 89, 64, 126, -2]
206:66.65, 10:10 [2, 63, 98, 19, 91, 29, 95, -2]
207:51.04, 9:10 [2, 33, 55, 61, 117, -2]
208:110.77, 10:10 [2, 24, 62, 113, 57, 106, 45, 123, -2]
209:97.59, 10:10 [2, 13, 88, 50, 107, 74, -2]
211:103.68, 10:10 [2, 4, 78, 37, 46, 80, 28, 36, 100, -2]
212:95.58, 10:10 [2, 25, 60, 102, 6, 79, 59, 114, -2]
213:132.05, 10:10 [2, 21, 83, 31, 97, 27, 94, 20, -2]
214:172.62, 10:10 [2, 75, 115, 48, 101, 35, 9, 82, -2]
215:142.84, 10:10 [2, 12, 90, 51, 11, 85, 99, 38, 103, 119, -2]
301:77.11, 10:10 [3, 10, 58, 65, 14, 53, -3]
302:67.71, 10:10 [3, 76, 26, 110, 17, -3]
303:59.55, 10:10 [3, 23, 72, 124, 116, 104, 39, -3]
305:102.49, 9:10 [3, 41, 127, 32, 87, 49, 43, -3]
306:71.47, 10:10 [3, 40, 112, 56, 67, 120, 8, 54, 108, -3]
307:134.99, 10:10 [3, 7, 52, 77, -3]
308:39.68, 8:10 [3, 5, 81, 30, 15, -3]
309:90.95, 10:10 [3, 129, 66, 71, 128, 118, -3]
fe: 3, se: 22

!ALNS------------
100000,2306.940410050931,544.466,432.833,3,22,0.8622222222222222,0.9772727272727273,42.0,5.7272727272727275
16 17 17 8 0 0 14 0 
23.069925070228646 59.880786362820736 27.524403606598273 46.395876302941865 105.56249576981486 110.11377929375082 31.392190763698736 32.75162088619146 
7 11 10 4 11 6 18 5 
40.15887066585101 34.15696230565764 39.570079744619626 38.93818154753942 39.543066631896735 32.71752895031069 29.750605879240762 41.10333278321167 

x[10544] = 1.0
Vehicle: 12  Cost: 118.02
Route: 1 2 -2 -1 
 1 [ 51   0:  0 [44, 34, 61, 68, 6, 31, 36, 75, 35, 51, 19, 4, 69, 74, 28, 21, 64]]
 2 [  0  59: 59 []]
-2 [ 20  59:513 [100, 89, 115, 126, 78, 102, 99]]
-1 [ 20 572:572 [100, 89, 115, 126, 78, 102, 99]]

x[16045] = 1.0
Vehicle: 11  Cost: 118.02
Route: 1 2 -2 -1 
 1 [ 74   0:  0 [47, 27, 33, 20, 73, 12, 66, 24, 67, 16, 9, 42, 48, 18, 38, 22, 70, 62, 29, 46, 55, 37, 59, 63, 11, 60, 13, 25, 50]]
 2 [  0  59: 59 []]
-2 [ 74  59:531 [85, 125, 117, 103, 98, 86, 91, 114, 92, 111, 105, 88, 119, 122, 84, 94, 83, 93, 107, 80, 95, 121, 120, 96, 97, 101, 90, 79, 82, 109]]
-1 [ 74 590:590 [85, 125, 117, 103, 98, 86, 91, 114, 92, 111, 105, 88, 119, 122, 84, 94, 83, 93, 107, 80, 95, 121, 120, 96, 97, 101, 90, 79, 82, 109]]

x[40901] = 1.0
Vehicle: 13  Cost: 138.58
Route: 1 3 -3 -1 
 1 [ 69   0:  0 [56, 58, 76, 72, 49, 32, 10, 8, 23, 53, 57, 26, 5, 40, 14, 7, 15, 30, 45, 17, 43, 41, 77, 71, 52, 65, 39, 54]]
 3 [  0  69: 69 []]
-3 [ 43  69:527 [81, 113, 124, 112, 127, 116, 104, 129, 108, 106, 110, 123, 87, 128, 93, 118]]
-1 [ 43 596:596 [81, 113, 124, 112, 127, 116, 104, 129, 108, 106, 110, 123, 87, 128, 93, 118]]

y[347] = 1.0
Vehicle: 210  Cost: 53.02
Route: 2 25 61 117 34 55 -2 
  2 [ 9 110:176]
 25 [ 8 180:185]
 61 [ 5 300:305]
117 [ 8 305:310]
 34 [ 6 314:319]
 55 [ 3 420:425]
 -2 [ 3 449:449]

y[2012] = 1.0
Vehicle: 210  Cost: 96.01
Route: 2 75 79 6 102 69 121 -2 
  2 [10  59: 74]
 75 [ 8 119:124]
 79 [ 9 135:140]
  6 [ 5 140:145]
102 [ 8 147:152]
 69 [ 4 420:425]
121 [ 5 425:430]
 -2 [ 5 459:459]

y[2275] = 1.0
Vehicle: 301  Cost: 57.69
Route: 3 5 26 17 -3 
  3 [10  69: 84]
  5 [ 6  97:102]
 26 [ 3 120:125]
 17 [ 0 300:305]
 -3 [ 0 329:329]

y[3387] = 1.0
Vehicle: 308  Cost: 34.80
Route: 3 81 30 15 -3 
  3 [ 4 100:115]
 81 [ 6 130:135]
 30 [ 3 300:305]
 15 [ 2 314:319]
 -3 [ 2 325:325]

y[3480] = 1.0
Vehicle: 309  Cost: 111.95
Route: 3 8 71 128 14 65 53 118 -3 
  3 [10  69:281]
  8 [ 9 300:305]
 71 [ 7 329:334]
128 [10 342:347]
 14 [ 9 355:360]
 65 [ 7 366:371]
 53 [ 3 420:425]
118 [ 7 431:436]
 -3 [ 7 469:469]

y[3750] = 1.0
Vehicle: 213  Cost: 118.78
Route: 2 21 31 97 83 46 37 -2 
  2 [10  59: 74]
 21 [ 6 107:112]
 31 [ 4 138:143]
 97 [ 7 143:148]
 83 [ 9 152:157]
 46 [ 6 300:305]
 37 [ 5 308:313]
 -2 [ 5 345:345]

y[4593] = 1.0
Vehicle: 302  Cost: 98.98
Route: 3 41 76 127 32 87 49 110 -3 
  3 [10  69: 84]
 41 [ 9  94: 99]
 76 [ 5 111:116]
127 [ 6 180:185]
 32 [ 2 189:194]
 87 [ 6 205:210]
 49 [ 5 420:425]
110 [ 7 440:445]
 -3 [ 7 474:474]

y[6196] = 1.0
Vehicle: 309  Cost: 40.02
Route: 3 104 40 116 58 10 39 -3 
  3 [ 7  69: 84]
104 [ 9  97:102]
 40 [ 7 102:107]
116 [ 9 113:118]
 58 [ 7 300:305]
 10 [ 6 309:314]
 39 [ 4 324:329]
 -3 [ 4 334:334]

y[8425] = 1.0
Vehicle: 202  Cost: 66.65
Route: 2 63 98 19 91 29 95 -2 
  2 [10 110:125]
 63 [ 8 140:145]
 98 [10 157:162]
 19 [ 6 300:305]
 91 [ 8 305:310]
 29 [ 4 316:321]
 95 [ 7 321:326]
 -2 [ 7 353:353]

y[9438] = 1.0
Vehicle: 304  Cost: 138.94
Route: 3 7 52 77 106 -3 
  3 [10 100:115]
  7 [ 6 176:181]
 52 [ 3 300:305]
 77 [ 0 328:333]
106 [ 4 359:364]
 -3 [ 4 388:388]

y[11051] = 1.0
Vehicle: 213  Cost: 142.84
Route: 2 12 90 51 85 11 99 103 38 119 -2 
  2 [10  59: 74]
 12 [ 7 110:115]
 90 [ 9 127:132]
 51 [ 5 140:145]
 85 [ 8 149:154]
 11 [ 6 154:159]
 99 [ 9 171:176]
103 [10 181:186]
 38 [ 9 186:191]
119 [10 214:219]
 -2 [10 262:262]

y[12289] = 1.0
Vehicle: 213  Cost: 100.53
Route: 2 4 78 62 80 28 100 36 -2 
  2 [10  59: 74]
  4 [ 6 104:109]
 78 [ 8 109:114]
 62 [ 4 123:128]
 80 [ 8 300:305]
 28 [ 7 420:425]
100 [10 450:455]
 36 [ 9 455:460]
 -2 [ 9 480:480]

y[12765] = 1.0
Vehicle: 202  Cost: 78.59
Route: 2 33 60 105 111 93 -2 
  2 [ 7  59: 74]
 33 [ 4  90: 95]
 60 [ 0 106:111]
105 [ 4 131:136]
111 [ 8 145:150]
 93 [10 157:162]
 -2 [10 178:178]

y[13663] = 1.0
Vehicle: 217  Cost: 67.06
Route: 2 73 125 67 120 66 86 -2 
  2 [10  59:275]
 73 [ 6 300:305]
125 [ 8 305:310]
 67 [ 6 316:321]
120 [10 321:326]
 66 [ 6 328:333]
 86 [10 349:354]
 -2 [10 372:372]

y[13777] = 1.0
Vehicle: 308  Cost: 84.11
Route: 3 23 72 124 56 112 129 -3 
  3 [ 9  69: 84]
 23 [ 5 111:116]
 72 [ 1 121:126]
124 [ 5 126:131]
 56 [ 4 153:158]
112 [ 7 158:163]
129 [10 179:184]
 -3 [10 198:198]

y[14647] = 1.0
Vehicle: 225  Cost: 117.22
Route: 2 24 20 82 9 50 107 -2 
  2 [10  59: 74]
 24 [ 8 113:118]
 20 [ 7 300:305]
 82 [ 8 314:319]
  9 [ 4 319:324]
 50 [ 1 336:341]
107 [ 3 341:346]
 -2 [ 3 390:390]

y[15036] = 1.0
Vehicle: 205  Cost: 31.46
Route: 2 44 96 22 92 16 47 -2 
  2 [ 9  59: 74]
 44 [ 5  81: 86]
 96 [ 8  89: 94]
 22 [ 6 100:105]
 92 [ 8 105:110]
 16 [ 6 300:305]
 47 [ 5 311:316]
 -2 [ 5 322:322]

y[15316] = 1.0
Vehicle: 210  Cost: 159.44
Route: 2 13 115 48 101 35 94 27 88 -2 
  2 [10  59: 74]
 13 [ 6 108:113]
115 [ 8 144:149]
 48 [ 6 180:185]
101 [ 9 188:193]
 35 [ 8 200:205]
 94 [ 9 218:223]
 27 [ 6 223:228]
 88 [10 251:256]
 -2 [10 291:291]

y[15758] = 1.0
Vehicle: 216  Cost: 93.83
Route: 2 70 122 18 89 64 126 -2 
  2 [10 110:270]
 70 [ 6 300:305]
122 [ 8 305:310]
 18 [ 6 326:331]
 89 [10 331:336]
 64 [ 6 420:425]
126 [ 9 431:436]
 -2 [ 9 472:472]

y[18298] = 1.0
Vehicle: 305  Cost: 73.04
Route: 3 57 113 45 43 123 54 108 -3 
  3 [ 9  69: 84]
 57 [ 6 117:122]
113 [10 122:127]
 45 [ 9 300:305]
 43 [ 6 314:319]
123 [ 7 328:333]
 54 [ 5 340:345]
108 [ 7 345:350]
 -3 [ 7 356:356]

y[18739] = 1.0
Vehicle: 201  Cost: 96.70
Route: 2 68 42 74 59 114 84 109 -2 
  2 [10  59:282]
 68 [ 6 300:305]
 42 [ 4 306:311]
 74 [ 1 320:325]
 59 [ 0 345:350]
114 [ 3 350:355]
 84 [ 7 362:367]
109 [ 8 420:425]
 -2 [ 8 461:461]

FE: 3
SE: 21
!MIP-----
2236.2750426822777,5400.933132886887,0.02385871948433053,3,21,46761,20067

Run: 4
Total Cost: 2289.02
Vehicle: 11  Cost: 118.02
Route: 1 2 -2 -1 
 1 [ 75   0:  0 [9, 18, 24, 28, 50, 21, 59, 11, 27, 19, 57, 37, 48, 51, 20, 8, 46, 74, 13, 75, 35, 36, 66, 47, 69, 71, 67, 70, 73, 34]]
 2 [  0  59: 59 []]
-2 [ 74  59:487 [125, 93, 122, 82, 128, 120, 91, 114, 94, 78, 100, 103, 101, 126, 112, 79, 86, 85, 92, 119, 109, 83, 84, 121, 97, 88, 80, 105, 107, 102]]
-1 [ 74 546:546 [125, 93, 122, 82, 128, 120, 91, 114, 94, 78, 100, 103, 101, 126, 112, 79, 86, 85, 92, 119, 109, 83, 84, 121, 97, 88, 80, 105, 107, 102]]

Vehicle: 12  Cost: 118.02
Route: 1 2 -2 -1 
 1 [ 58   0:  0 [29, 38, 22, 45, 12, 56, 6, 31, 16, 64, 4, 44, 68, 62, 42, 60, 55, 33, 61, 63, 25]]
 2 [  0  59: 59 []]
-2 [ 34  59:487 [89, 99, 113, 95, 90, 96, 106, 98, 115, 111, 117]]
-1 [ 34 546:546 [89, 99, 113, 95, 90, 96, 106, 98, 115, 111, 117]]

Vehicle: 13  Cost: 138.58
Route: 1 3 -3 -1 
 1 [ 61   0:  0 [14, 32, 54, 41, 53, 65, 17, 49, 40, 23, 26, 5, 43, 58, 7, 72, 30, 39, 76, 77, 52, 15, 10]]
 3 [  0  69: 69 []]
-3 [ 27  69:489 [81, 127, 104, 124, 129, 110, 118, 87, 123, 116, 108]]
-1 [ 27 559:559 [81, 127, 104, 124, 129, 110, 118, 87, 123, 116, 108]]

Vehicle: 201  Cost: 159.44
Route: 2 13 115 48 101 35 27 94 88 -2 
  2 [10  59: 74]
 13 [ 6 108:113]
115 [ 8 144:149]
 48 [ 6 180:185]
101 [ 9 188:193]
 35 [ 8 200:205]
 27 [ 5 218:223]
 94 [ 6 223:228]
 88 [10 251:256]
 -2 [10 291:291]

Vehicle: 202  Cost: 22.93
Route: 2 44 96 92 22 -2 
  2 [ 6  59: 74]
 44 [ 2  81: 86]
 96 [ 5  89: 94]
 92 [ 7 100:105]
 22 [ 5 105:110]
 -2 [ 5 117:117]

Vehicle: 203  Cost: 74.47
Route: 2 33 98 70 122 55 -2 
  2 [10  59: 74]
 33 [ 7  90: 95]
 98 [ 9 111:116]
 70 [ 5 300:305]
122 [ 7 305:310]
 55 [ 4 420:425]
 -2 [ 4 449:449]

Vehicle: 204  Cost: 129.47
Route: 2 21 24 97 31 83 80 28 -2 
  2 [ 9  59: 74]
 21 [ 5 107:112]
 24 [ 3 120:125]
 97 [ 6 144:149]
 31 [ 4 149:154]
 83 [ 6 158:163]
 80 [10 300:305]
 28 [ 9 420:425]
 -2 [ 9 466:466]

Vehicle: 205  Cost: 92.25
Route: 2 29 95 19 91 71 128 -2 
  2 [10  59:273]
 29 [ 6 300:305]
 95 [ 9 305:310]
 19 [ 5 316:321]
 91 [ 7 321:326]
 71 [ 5 337:342]
128 [ 8 350:355]
 -2 [ 8 395:395]

Vehicle: 206  Cost: 47.67
Route: 2 25 63 105 34 61 117 -2 
  2 [ 8  59:176]
 25 [ 7 180:185]
 63 [ 5 198:203]
105 [ 9 208:213]
 34 [ 7 300:305]
 61 [ 4 309:314]
117 [ 7 314:319]
 -2 [ 7 335:335]

Vehicle: 207  Cost: 54.84
Route: 2 74 42 68 -2 
  2 [ 9  59:273]
 74 [ 6 300:305]
 42 [ 4 314:319]
 68 [ 0 320:325]
 -2 [ 0 343:343]

Vehicle: 208  Cost: 116.54
Route: 2 50 107 82 9 20 36 100 47 -2 
  2 [10  59:255]
 50 [ 7 300:305]
107 [ 9 305:310]
 82 [10 322:327]
  9 [ 6 327:332]
 20 [ 5 341:346]
 36 [ 4 375:380]
100 [ 7 380:385]
 47 [ 6 401:406]
 -2 [ 6 412:412]

Vehicle: 209  Cost: 100.31
Route: 2 60 119 18 89 64 126 -2 
  2 [10  59: 74]
 60 [ 6 100:105]
119 [ 7 128:133]
 18 [ 5 300:305]
 89 [ 9 305:310]
 64 [ 5 420:425]
126 [ 8 431:436]
 -2 [ 8 472:472]

Vehicle: 210  Cost: 96.01
Route: 2 75 79 6 102 69 121 -2 
  2 [10  59: 74]
 75 [ 8 119:124]
 79 [ 9 135:140]
  6 [ 5 140:145]
102 [ 8 147:152]
 69 [ 4 420:425]
121 [ 5 425:430]
 -2 [ 5 459:459]

Vehicle: 212  Cost: 96.54
Route: 2 62 113 57 45 106 16 -2 
  2 [10  59: 74]
 62 [ 6 113:118]
113 [10 136:141]
 57 [ 7 141:146]
 45 [ 6 300:305]
106 [10 305:310]
 16 [ 8 331:336]
 -2 [ 8 345:345]

Vehicle: 213  Cost: 126.43
Route: 2 4 78 37 46 59 114 84 109 -2 
  2 [ 9  59: 74]
  4 [ 5 104:109]
 78 [ 7 109:114]
 37 [ 6 300:305]
 46 [ 3 308:313]
 59 [ 2 355:360]
114 [ 5 360:365]
 84 [ 9 372:377]
109 [10 420:425]
 -2 [10 461:461]

Vehicle: 214  Cost: 141.37
Route: 2 12 90 51 85 11 99 103 38 -2 
  2 [10  59: 74]
 12 [ 7 110:115]
 90 [ 9 127:132]
 51 [ 5 140:145]
 85 [ 8 149:154]
 11 [ 6 154:159]
 99 [ 9 171:176]
103 [10 181:186]
 38 [ 9 186:191]
 -2 [ 9 255:255]

Vehicle: 215  Cost: 68.67
Route: 2 93 56 112 66 8 86 -2 
  2 [ 6  59: 74]
 93 [ 8  89: 94]
 56 [ 7 111:116]
112 [10 116:121]
 66 [ 6 300:305]
  8 [ 5 318:323]
 86 [ 9 327:332]
 -2 [ 9 350:350]

Vehicle: 217  Cost: 62.67
Route: 2 111 73 125 67 120 -2 
  2 [ 6  59: 74]
111 [10  90: 95]
 73 [ 6 300:305]
125 [ 8 305:310]
 67 [ 6 316:321]
120 [10 321:326]
 -2 [10 358:358]

Vehicle: 301  Cost: 57.69
Route: 3 5 26 17 -3 
  3 [10  69: 84]
  5 [ 6  97:102]
 26 [ 3 120:125]
 17 [ 0 300:305]
 -3 [ 0 329:329]

Vehicle: 302  Cost: 71.12
Route: 3 81 23 72 124 129 -3 
  3 [ 8  69: 84]
 81 [10 100:105]
 23 [ 6 120:125]
 72 [ 2 129:134]
124 [ 6 134:139]
129 [ 9 161:166]
 -3 [ 9 180:180]

Vehicle: 303  Cost: 134.99
Route: 3 7 52 77 -3 
  3 [10  69: 84]
  7 [ 6 145:150]
 52 [ 3 300:305]
 77 [ 0 328:333]
 -3 [ 0 379:379]

Vehicle: 304  Cost: 80.94
Route: 3 15 58 65 14 118 53 -3 
  3 [10  69:294]
 15 [ 9 300:305]
 58 [ 7 318:323]
 65 [ 5 340:345]
 14 [ 4 351:356]
118 [ 8 360:365]
 53 [ 4 420:425]
 -3 [ 4 454:454]

Vehicle: 305  Cost: 42.35
Route: 3 40 104 116 10 30 39 -3 
  3 [ 8  69: 84]
 40 [ 6  97:102]
104 [ 8 102:107]
116 [10 113:118]
 10 [ 9 300:305]
 30 [ 6 309:314]
 39 [ 4 326:331]
 -3 [ 4 336:336]

Vehicle: 306  Cost: 98.98
Route: 3 41 76 127 32 87 49 110 -3 
  3 [10  69: 84]
 41 [ 9  94: 99]
 76 [ 5 111:116]
127 [ 6 180:185]
 32 [ 2 189:194]
 87 [ 6 205:210]
 49 [ 5 420:425]
110 [ 7 440:445]
 -3 [ 7 474:474]

Vehicle: 307  Cost: 38.74
Route: 3 43 123 108 54 -3 
  3 [ 5  69:283]
 43 [ 2 300:305]
123 [ 3 314:319]
108 [ 5 326:331]
 54 [ 3 331:336]
 -3 [ 3 342:342]

Total Cost: 2289.02
 11:118.02, 75:75 [1, 2, -2, -1]
 12:118.02, 58:75 [1, 2, -2, -1]
 13:138.58, 61:75 [1, 3, -3, -1]
201:159.44, 10:10 [2, 13, 115, 48, 101, 35, 27, 94, 88, -2]
202:22.93, 7:10 [2, 44, 96, 92, 22, -2]
203:74.47, 10:10 [2, 33, 98, 70, 122, 55, -2]
204:129.47, 10:10 [2, 21, 24, 97, 31, 83, 80, 28, -2]
205:92.25, 10:10 [2, 29, 95, 19, 91, 71, 128, -2]
206:47.67, 9:10 [2, 25, 63, 105, 34, 61, 117, -2]
207:54.84, 9:10 [2, 74, 42, 68, -2]
208:116.54, 10:10 [2, 50, 107, 82, 9, 20, 36, 100, 47, -2]
209:100.31, 10:10 [2, 60, 119, 18, 89, 64, 126, -2]
210:96.01, 10:10 [2, 75, 79, 6, 102, 69, 121, -2]
212:96.54, 10:10 [2, 62, 113, 57, 45, 106, 16, -2]
213:126.43, 10:10 [2, 4, 78, 37, 46, 59, 114, 84, 109, -2]
214:141.37, 10:10 [2, 12, 90, 51, 85, 11, 99, 103, 38, -2]
215:68.67, 10:10 [2, 93, 56, 112, 66, 8, 86, -2]
217:62.67, 10:10 [2, 111, 73, 125, 67, 120, -2]
301:57.69, 10:10 [3, 5, 26, 17, -3]
302:71.12, 10:10 [3, 81, 23, 72, 124, 129, -3]
303:134.99, 10:10 [3, 7, 52, 77, -3]
304:80.94, 10:10 [3, 15, 58, 65, 14, 118, 53, -3]
305:42.35, 10:10 [3, 40, 104, 116, 10, 30, 39, -3]
306:98.98, 10:10 [3, 41, 76, 127, 32, 87, 49, 110, -3]
307:38.74, 5:10 [3, 43, 123, 108, 54, -3]
fe: 3, se: 22

!ALNS------------
100000,2289.016827487423,820.881,718.061,3,22,0.8622222222222222,0.9545454545454546,42.0,5.7272727272727275
25 16 18 9 0 0 9 2 
27.575186827447567 55.83618365807058 43.04439206139448 48.10141278869763 NaN 8.342530629466637 40.23745940823856 31.84490950117306 
6 10 10 6 10 8 21 8 
35.689098200343125 42.421403993900505 56.89920893955277 42.40136680058029 42.57719869470793 38.63964069345164 33.34284017627283 44.5355152414099 

x[179] = 1.0
Vehicle: 13  Cost: 138.58
Route: 1 3 -3 -1 
 1 [ 66   0:  0 [15, 39, 72, 65, 5, 53, 23, 43, 10, 77, 76, 54, 58, 32, 26, 52, 40, 49, 30, 7, 14, 17, 41, 28, 57, 45]]
 3 [  0  69: 69 []]
-3 [ 39  69:502 [124, 80, 104, 87, 113, 110, 127, 106, 123, 108, 118, 81, 129, 116]]
-1 [ 39 572:572 [124, 80, 104, 87, 113, 110, 127, 106, 123, 108, 118, 81, 129, 116]]

x[14204] = 1.0
Vehicle: 12  Cost: 118.02
Route: 1 2 -2 -1 
 1 [ 53   0:  0 [67, 63, 46, 51, 34, 50, 74, 73, 69, 44, 47, 9, 36, 61, 29, 64, 37, 6]]
 2 [  0  59: 59 []]
-2 [ 28  59:494 [99, 93, 120, 114, 97, 92, 129, 88, 103, 112]]
-1 [ 28 553:553 [99, 93, 120, 114, 97, 92, 129, 88, 103, 112]]

x[44201] = 1.0
Vehicle: 11  Cost: 118.02
Route: 1 2 -2 -1 
 1 [ 75   0:  0 [66, 12, 75, 21, 55, 4, 25, 27, 33, 48, 18, 8, 22, 71, 31, 24, 11, 38, 20, 13, 70, 19, 56, 42, 59, 68, 16, 62, 60, 35]]
 2 [  0  59: 59 []]
-2 [ 75  59:513 [94, 85, 89, 105, 115, 109, 83, 78, 96, 126, 113, 84, 119, 122, 125, 95, 128, 100, 101, 117, 107, 91, 90, 86, 121, 98, 79, 82, 102, 111]]
-1 [ 75 572:572 [94, 85, 89, 105, 115, 109, 83, 78, 96, 126, 113, 84, 119, 122, 125, 95, 128, 100, 101, 117, 107, 91, 90, 86, 121, 98, 79, 82, 102, 111]]

y[299] = 1.0
Vehicle: 209  Cost: 61.68
Route: 2 60 55 61 117 -2 
  2 [10  59: 74]
 60 [ 6 100:105]
 55 [ 3 420:425]
 61 [ 0 436:441]
117 [ 3 441:446]
 -2 [ 3 462:462]

y[547] = 1.0
Vehicle: 211  Cost: 93.83
Route: 2 70 122 18 89 64 126 -2 
  2 [10  59:270]
 70 [ 6 300:305]
122 [ 8 305:310]
 18 [ 6 326:331]
 89 [10 331:336]
 64 [ 6 420:425]
126 [ 9 431:436]
 -2 [ 9 472:472]

y[697] = 1.0
Vehicle: 202  Cost: 28.49
Route: 2 44 96 92 22 16 -2 
  2 [ 8 110:125]
 44 [ 4 132:137]
 96 [ 7 140:145]
 92 [ 9 151:156]
 22 [ 7 156:161]
 16 [ 5 300:305]
 -2 [ 5 314:314]

y[699] = 1.0
Vehicle: 304  Cost: 114.77
Route: 3 41 127 32 87 77 49 110 -3 
  3 [ 9 100:115]
 41 [ 8 125:130]
127 [ 9 180:185]
 32 [ 5 189:194]
 87 [ 9 205:210]
 77 [ 6 300:305]
 49 [ 5 420:425]
110 [ 7 440:445]
 -3 [ 7 474:474]

y[1864] = 1.0
Vehicle: 211  Cost: 96.01
Route: 2 75 79 6 102 69 121 -2 
  2 [10  59: 74]
 75 [ 8 119:124]
 79 [ 9 135:140]
  6 [ 5 140:145]
102 [ 8 147:152]
 69 [ 4 420:425]
121 [ 5 425:430]
 -2 [ 5 459:459]

y[2310] = 1.0
Vehicle: 306  Cost: 80.94
Route: 3 15 58 65 14 118 53 -3 
  3 [10  69:294]
 15 [ 9 300:305]
 58 [ 7 318:323]
 65 [ 5 340:345]
 14 [ 4 351:356]
118 [ 8 360:365]
 53 [ 4 420:425]
 -3 [ 4 454:454]

y[3781] = 1.0
Vehicle: 204  Cost: 120.06
Route: 2 21 97 31 83 62 -2 
  2 [10  59: 74]
 21 [ 6 107:112]
 97 [ 9 138:143]
 31 [ 7 143:148]
 83 [ 9 152:157]
 62 [ 5 175:180]
 -2 [ 5 219:219]

y[4199] = 1.0
Vehicle: 205  Cost: 95.07
Route: 2 34 91 19 71 128 67 120 -2 
  2 [10  59:281]
 34 [ 8 300:305]
 91 [10 321:326]
 19 [ 6 326:331]
 71 [ 4 342:347]
128 [ 7 355:360]
 67 [ 5 369:374]
120 [ 9 374:379]
 -2 [ 9 411:411]

y[6761] = 1.0
Vehicle: 303  Cost: 72.30
Route: 3 57 113 43 123 54 108 -3 
  3 [ 8  69: 84]
 57 [ 5 117:122]
113 [ 9 122:127]
 43 [ 6 300:305]
123 [ 7 314:319]
 54 [ 5 326:331]
108 [ 7 331:336]
 -3 [ 7 342:342]

y[7372] = 1.0
Vehicle: 305  Cost: 59.16
Route: 3 76 26 17 -3 
  3 [10 100:115]
 76 [ 6 137:142]
 26 [ 3 152:157]
 17 [ 0 300:305]
 -3 [ 0 329:329]

y[8189] = 1.0
Vehicle: 302  Cost: 56.56
Route: 3 5 81 116 10 30 39 -3 
  3 [10  69: 84]
  5 [ 6  97:102]
 81 [ 8 110:115]
116 [10 127:132]
 10 [ 9 300:305]
 30 [ 6 309:314]
 39 [ 4 326:331]
 -3 [ 4 336:336]

y[10013] = 1.0
Vehicle: 301  Cost: 68.42
Route: 3 23 72 124 40 104 129 -3 
  3 [10 100:115]
 23 [ 6 142:147]
 72 [ 2 151:156]
124 [ 6 156:161]
 40 [ 4 176:181]
104 [ 6 181:186]
129 [ 9 194:199]
 -3 [ 9 213:213]

y[10246] = 1.0
Vehicle: 214  Cost: 142.84
Route: 2 12 90 51 11 85 99 38 103 119 -2 
  2 [10  59: 74]
 12 [ 7 110:115]
 90 [ 9 127:132]
 51 [ 5 140:145]
 11 [ 3 149:154]
 85 [ 6 154:159]
 99 [ 9 171:176]
 38 [ 8 181:186]
103 [ 9 186:191]
119 [10 214:219]
 -2 [10 262:262]

y[11670] = 1.0
Vehicle: 215  Cost: 66.22
Route: 2 33 63 105 98 29 95 -2 
  2 [ 9  59: 74]
 33 [ 6  90: 95]
 63 [ 4 104:109]
105 [ 8 115:120]
 98 [10 126:131]
 29 [ 6 300:305]
 95 [ 9 305:310]
 -2 [ 9 337:337]

y[13567] = 1.0
Vehicle: 208  Cost: 117.22
Route: 2 24 20 82 9 107 50 -2 
  2 [10  59: 74]
 24 [ 8 113:118]
 20 [ 7 300:305]
 82 [ 8 314:319]
  9 [ 4 319:324]
107 [ 6 336:341]
 50 [ 3 341:346]
 -2 [ 3 390:390]

y[14221] = 1.0
Vehicle: 215  Cost: 159.44
Route: 2 13 115 48 101 35 94 27 88 -2 
  2 [10  59: 74]
 13 [ 6 108:113]
115 [ 8 144:149]
 48 [ 6 180:185]
101 [ 9 188:193]
 35 [ 8 200:205]
 94 [ 9 218:223]
 27 [ 6 223:228]
 88 [10 251:256]
 -2 [10 291:291]

y[15117] = 1.0
Vehicle: 314  Cost: 148.24
Route: 3 7 52 80 28 106 45 -3 
  3 [ 9  69: 84]
  7 [ 5 145:150]
 52 [ 2 300:305]
 80 [ 6 331:336]
 28 [ 5 420:425]
106 [ 9 451:456]
 45 [ 8 456:461]
 -3 [ 8 485:485]

y[17368] = 1.0
Vehicle: 214  Cost: 72.81
Route: 2 4 78 37 46 100 36 47 -2 
  2 [10 110:125]
  4 [ 6 155:160]
 78 [ 8 160:165]
 37 [ 7 300:305]
 46 [ 4 308:313]
100 [ 7 328:333]
 36 [ 6 333:338]
 47 [ 5 354:359]
 -2 [ 5 365:365]

y[17470] = 1.0
Vehicle: 204  Cost: 96.70
Route: 2 68 42 74 59 114 84 109 -2 
  2 [10  59:282]
 68 [ 6 300:305]
 42 [ 4 306:311]
 74 [ 1 320:325]
 59 [ 0 345:350]
114 [ 3 350:355]
 84 [ 7 362:367]
109 [ 8 420:425]
 -2 [ 8 461:461]

y[17584] = 1.0
Vehicle: 217  Cost: 54.07
Route: 2 25 111 73 125 -2 
  2 [ 5  59:176]
 25 [ 4 180:185]
111 [ 8 201:206]
 73 [ 4 300:305]
125 [ 6 305:310]
 -2 [ 6 335:335]

y[17873] = 1.0
Vehicle: 205  Cost: 68.67
Route: 2 93 56 112 66 8 86 -2 
  2 [ 6  59: 74]
 93 [ 8  89: 94]
 56 [ 7 111:116]
112 [10 116:121]
 66 [ 6 300:305]
  8 [ 5 318:323]
 86 [ 9 327:332]
 -2 [ 9 350:350]

FE: 3
SE: 21
!MIP-----
2248.1086302282015,5401.087884187698,0.028796785324657577,3,21,46011,18729

Run: 5
Total Cost: 2280.09
Vehicle: 11  Cost: 118.02
Route: 1 2 -2 -1 
 1 [ 75   0:  0 [28, 31, 20, 11, 38, 18, 63, 55, 46, 47, 66, 75, 68, 60, 6, 44, 16, 67, 19, 48, 59, 36, 42, 12, 35, 64, 13, 29, 33, 22]]
 2 [  0  59: 59 []]
-2 [ 75  59:530 [92, 91, 85, 89, 120, 84, 105, 80, 83, 117, 97, 82, 94, 123, 86, 121, 79, 96, 98, 101, 103, 78, 114, 108, 107, 102, 99, 119, 122, 106]]
-1 [ 75 589:589 [92, 91, 85, 89, 120, 84, 105, 80, 83, 117, 97, 82, 94, 123, 86, 121, 79, 96, 98, 101, 103, 78, 114, 108, 107, 102, 99, 119, 122, 106]]

Vehicle: 12  Cost: 118.02
Route: 1 2 -2 -1 
 1 [ 56   0:  0 [61, 27, 45, 70, 51, 62, 24, 54, 74, 73, 4, 25, 37, 21, 69, 43, 34, 50, 9]]
 2 [  0  59: 59 []]
-2 [ 26  59:530 [125, 93, 88, 111, 90, 115, 109, 126, 95, 100]]
-1 [ 26 589:589 [125, 93, 88, 111, 90, 115, 109, 126, 95, 100]]

Vehicle: 13  Cost: 138.58
Route: 1 3 -3 -1 
 1 [ 63   0:  0 [58, 17, 56, 40, 39, 65, 57, 5, 71, 23, 53, 32, 72, 76, 26, 41, 30, 14, 10, 8, 15, 52, 7, 77, 49]]
 3 [  0  69: 69 []]
-3 [ 34  69:478 [128, 112, 124, 113, 116, 87, 104, 129, 81, 110, 118, 127]]
-1 [ 34 547:547 [128, 112, 124, 113, 116, 87, 104, 129, 81, 110, 118, 127]]

Vehicle: 201  Cost: 88.79
Route: 2 42 74 59 114 121 69 -2 
  2 [10  59:282]
 42 [ 8 300:305]
 74 [ 5 314:319]
 59 [ 4 339:344]
114 [ 7 344:349]
121 [ 8 420:425]
 69 [ 4 425:430]
 -2 [ 4 459:459]

Vehicle: 202  Cost: 66.65
Route: 2 63 98 19 91 29 95 -2 
  2 [10  59: 74]
 63 [ 8  89: 94]
 98 [10 106:111]
 19 [ 6 300:305]
 91 [ 8 305:310]
 29 [ 4 316:321]
 95 [ 7 321:326]
 -2 [ 7 353:353]

Vehicle: 203  Cost: 100.53
Route: 2 4 78 62 80 28 100 36 -2 
  2 [10  59: 74]
  4 [ 6 104:109]
 78 [ 8 109:114]
 62 [ 4 123:128]
 80 [ 8 300:305]
 28 [ 7 420:425]
100 [10 450:455]
 36 [ 9 455:460]
 -2 [ 9 480:480]

Vehicle: 204  Cost: 142.84
Route: 2 12 90 51 11 85 99 103 38 119 -2 
  2 [10  59: 74]
 12 [ 7 110:115]
 90 [ 9 127:132]
 51 [ 5 140:145]
 11 [ 3 149:154]
 85 [ 6 154:159]
 99 [ 9 171:176]
103 [10 181:186]
 38 [ 9 186:191]
119 [10 214:219]
 -2 [10 262:262]

Vehicle: 205  Cost: 94.44
Route: 2 25 55 126 64 18 89 -2 
  2 [10  59:176]
 25 [ 9 180:185]
 55 [ 6 420:425]
126 [ 9 437:442]
 64 [ 5 448:453]
 18 [ 3 459:464]
 89 [ 7 464:469]
 -2 [ 7 515:515]

Vehicle: 206  Cost: 74.16
Route: 2 44 96 54 108 123 43 45 106 -2 
  2 [10  59: 74]
 44 [ 6  81: 86]
 96 [ 9  89: 94]
 54 [ 7 300:305]
108 [ 9 305:310]
123 [10 317:322]
 43 [ 7 331:336]
 45 [ 6 345:350]
106 [10 350:355]
 -2 [10 385:385]

Vehicle: 207  Cost: 46.78
Route: 2 93 111 61 117 -2 
  2 [ 3  59: 74]
 93 [ 5  89: 94]
111 [ 9 102:107]
 61 [ 6 300:305]
117 [ 9 305:310]
 -2 [ 9 326:326]

Vehicle: 208  Cost: 67.06
Route: 2 73 125 67 120 66 86 -2 
  2 [10  59:275]
 73 [ 6 300:305]
125 [ 8 305:310]
 67 [ 6 316:321]
120 [10 321:326]
 66 [ 6 328:333]
 86 [10 349:354]
 -2 [10 372:372]

Vehicle: 209  Cost: 108.86
Route: 2 60 102 79 6 75 84 109 -2 
  2 [10  59: 74]
 60 [ 6 100:105]
102 [ 9 126:131]
 79 [10 133:138]
  6 [ 6 138:143]
 75 [ 4 154:159]
 84 [ 8 300:305]
109 [ 9 420:425]
 -2 [ 9 461:461]

Vehicle: 210  Cost: 118.78
Route: 2 21 97 31 83 46 37 -2 
  2 [10  59: 74]
 21 [ 6 107:112]
 97 [ 9 138:143]
 31 [ 7 143:148]
 83 [ 9 152:157]
 46 [ 6 300:305]
 37 [ 5 308:313]
 -2 [ 5 345:345]

Vehicle: 212  Cost: 159.44
Route: 2 13 115 48 101 35 94 27 88 -2 
  2 [10  59: 74]
 13 [ 6 108:113]
115 [ 8 144:149]
 48 [ 6 180:185]
101 [ 9 188:193]
 35 [ 8 200:205]
 94 [ 9 218:223]
 27 [ 6 223:228]
 88 [10 251:256]
 -2 [10 291:291]

Vehicle: 213  Cost: 48.96
Route: 2 22 92 16 47 68 -2 
  2 [ 9  59: 74]
 22 [ 7  81: 86]
 92 [ 9  86: 91]
 16 [ 7 300:305]
 47 [ 6 311:316]
 68 [ 2 332:337]
 -2 [ 2 354:354]

Vehicle: 218  Cost: 117.22
Route: 2 24 20 9 82 107 50 -2 
  2 [10  59: 74]
 24 [ 8 113:118]
 20 [ 7 300:305]
  9 [ 3 314:319]
 82 [ 4 319:324]
107 [ 6 336:341]
 50 [ 3 341:346]
 -2 [ 3 390:390]

Vehicle: 220  Cost: 71.64
Route: 2 33 105 70 122 34 -2 
  2 [ 9  59: 74]
 33 [ 6  90: 95]
105 [10 106:111]
 70 [ 6 300:305]
122 [ 8 305:310]
 34 [ 6 321:326]
 -2 [ 6 346:346]

Vehicle: 301  Cost: 134.99
Route: 3 7 52 77 -3 
  3 [10  69: 84]
  7 [ 6 145:150]
 52 [ 3 300:305]
 77 [ 0 328:333]
 -3 [ 0 379:379]

Vehicle: 303  Cost: 67.71
Route: 3 76 26 110 17 -3 
  3 [10  69: 84]
 76 [ 6 106:111]
 26 [ 3 122:127]
110 [ 5 300:305]
 17 [ 2 312:317]
 -3 [ 2 340:340]

Vehicle: 304  Cost: 41.32
Route: 3 5 81 30 39 -3 
  3 [ 9  69: 84]
  5 [ 5  97:102]
 81 [ 7 110:115]
 30 [ 4 300:305]
 39 [ 2 316:321]
 -3 [ 2 326:326]

Vehicle: 305  Cost: 59.48
Route: 3 23 72 124 116 104 40 -3 
  3 [10  69: 84]
 23 [ 6 111:116]
 72 [ 2 121:126]
124 [ 6 126:131]
116 [ 8 140:145]
104 [10 151:156]
 40 [ 8 156:161]
 -3 [ 8 174:174]

Vehicle: 306  Cost: 70.66
Route: 3 129 56 112 53 -3 
  3 [ 5  69: 84]
129 [ 8  99:104]
 56 [ 7 120:125]
112 [10 125:130]
 53 [ 6 420:425]
 -3 [ 6 454:454]

Vehicle: 307  Cost: 103.56
Route: 3 15 10 58 65 14 118 128 71 8 -3 
  3 [10  69:294]
 15 [ 9 300:305]
 10 [ 8 315:320]
 58 [ 6 324:329]
 65 [ 4 345:350]
 14 [ 3 356:361]
118 [ 7 366:371]
128 [10 376:381]
 71 [ 8 389:394]
  8 [ 7 419:424]
 -3 [ 7 443:443]

Vehicle: 308  Cost: 121.61
Route: 3 41 57 113 127 32 87 49 -3 
  3 [ 9  69: 84]
 41 [ 8  94: 99]
 57 [ 5 127:132]
113 [ 9 132:137]
127 [10 180:185]
 32 [ 6 189:194]
 87 [10 205:210]
 49 [ 9 420:425]
 -3 [ 9 463:463]

Total Cost: 2280.09
 11:118.02, 75:75 [1, 2, -2, -1]
 12:118.02, 56:75 [1, 2, -2, -1]
 13:138.58, 63:75 [1, 3, -3, -1]
201:88.79, 10:10 [2, 42, 74, 59, 114, 121, 69, -2]
202:66.65, 10:10 [2, 63, 98, 19, 91, 29, 95, -2]
203:100.53, 10:10 [2, 4, 78, 62, 80, 28, 100, 36, -2]
204:142.84, 10:10 [2, 12, 90, 51, 11, 85, 99, 103, 38, 119, -2]
205:94.44, 10:10 [2, 25, 55, 126, 64, 18, 89, -2]
206:74.16, 10:10 [2, 44, 96, 54, 108, 123, 43, 45, 106, -2]
207:46.78, 9:10 [2, 93, 111, 61, 117, -2]
208:67.06, 10:10 [2, 73, 125, 67, 120, 66, 86, -2]
209:108.86, 10:10 [2, 60, 102, 79, 6, 75, 84, 109, -2]
210:118.78, 10:10 [2, 21, 97, 31, 83, 46, 37, -2]
212:159.44, 10:10 [2, 13, 115, 48, 101, 35, 94, 27, 88, -2]
213:48.96, 9:10 [2, 22, 92, 16, 47, 68, -2]
218:117.22, 10:10 [2, 24, 20, 9, 82, 107, 50, -2]
220:71.64, 10:10 [2, 33, 105, 70, 122, 34, -2]
301:134.99, 10:10 [3, 7, 52, 77, -3]
303:67.71, 10:10 [3, 76, 26, 110, 17, -3]
304:41.32, 9:10 [3, 5, 81, 30, 39, -3]
305:59.48, 10:10 [3, 23, 72, 124, 116, 104, 40, -3]
306:70.66, 10:10 [3, 129, 56, 112, 53, -3]
307:103.56, 10:10 [3, 15, 10, 58, 65, 14, 118, 128, 71, 8, -3]
308:121.61, 10:10 [3, 41, 57, 113, 127, 32, 87, 49, -3]
fe: 3, se: 21

!ALNS------------
100000,2280.0891312513168,485.791,271.343,3,21,0.8622222222222222,0.9857142857142858,42.0,6.0
11 11 18 10 0 0 13 0 
18.52099482306358 49.26359875878119 28.353436484585743 25.314460316429308 NaN NaN 21.327968022466138 29.012374882695987 
6 9 9 4 7 9 13 6 
30.53551705050951 26.61504456299911 28.680895507454995 30.696757329057153 28.821167176748407 29.31630799398428 22.809359744632808 45.696528623661905 

x[6321] = 1.0
Vehicle: 13  Cost: 138.58
Route: 1 3 -3 -1 
 1 [ 69   0:  0 [45, 41, 7, 39, 77, 17, 14, 65, 72, 26, 23, 15, 76, 52, 49, 10, 5, 54, 8, 58, 30, 57, 40, 56, 32, 53, 43, 71]]
 3 [  0  69: 69 []]
-3 [ 41  69:533 [108, 112, 118, 87, 106, 110, 128, 113, 116, 81, 129, 123, 104, 124, 127]]
-1 [ 41 603:603 [108, 112, 118, 87, 106, 110, 128, 113, 116, 81, 129, 123, 104, 124, 127]]

x[28629] = 1.0
Vehicle: 12  Cost: 118.02
Route: 1 2 -2 -1 
 1 [ 50   0:  0 [35, 28, 51, 46, 63, 69, 59, 19, 55, 4, 29, 36, 73, 37, 74, 11, 34, 25, 42, 47, 22]]
 2 [  0  59: 59 []]
-2 [ 19  59:495 [90, 78, 105, 119, 121, 92, 122, 91, 95]]
-1 [ 19 554:554 [90, 78, 105, 119, 121, 92, 122, 91, 95]]

x[34214] = 1.0
Vehicle: 11  Cost: 118.02
Route: 1 2 -2 -1 
 1 [ 75   0:  0 [9, 48, 66, 61, 27, 33, 64, 6, 31, 24, 18, 50, 38, 75, 20, 67, 70, 62, 60, 44, 21, 12, 13, 68, 16]]
 2 [  0  59: 59 []]
-2 [ 75  59:521 [103, 114, 126, 79, 102, 88, 83, 89, 84, 101, 97, 125, 120, 94, 107, 109, 80, 99, 85, 117, 96, 115, 86, 111, 100, 93, 82, 98]]
-1 [ 75 580:580 [103, 114, 126, 79, 102, 88, 83, 89, 84, 101, 97, 125, 120, 94, 107, 109, 80, 99, 85, 117, 96, 115, 86, 111, 100, 93, 82, 98]]

y[467] = 1.0
Vehicle: 218  Cost: 93.83
Route: 2 70 122 18 89 64 126 -2 
  2 [10  59:270]
 70 [ 6 300:305]
122 [ 8 305:310]
 18 [ 6 326:331]
 89 [10 331:336]
 64 [ 6 420:425]
126 [ 9 431:436]
 -2 [ 9 472:472]

y[1451] = 1.0
Vehicle: 214  Cost: 31.46
Route: 2 44 96 22 92 16 47 -2 
  2 [ 9 110:125]
 44 [ 5 132:137]
 96 [ 8 140:145]
 22 [ 6 151:156]
 92 [ 8 156:161]
 16 [ 6 300:305]
 47 [ 5 311:316]
 -2 [ 5 322:322]

y[1609] = 1.0
Vehicle: 213  Cost: 96.01
Route: 2 75 79 6 102 121 69 -2 
  2 [10  59: 74]
 75 [ 8 119:124]
 79 [ 9 135:140]
  6 [ 5 140:145]
102 [ 8 147:152]
121 [ 9 420:425]
 69 [ 5 425:430]
 -2 [ 5 459:459]

y[3121] = 1.0
Vehicle: 210  Cost: 118.78
Route: 2 21 31 97 83 46 37 -2 
  2 [10  59: 74]
 21 [ 6 107:112]
 31 [ 4 138:143]
 97 [ 7 143:148]
 83 [ 9 152:157]
 46 [ 6 300:305]
 37 [ 5 308:313]
 -2 [ 5 345:345]

y[3815] = 1.0
Vehicle: 309  Cost: 98.98
Route: 3 41 76 127 32 87 49 110 -3 
  3 [10  69: 84]
 41 [ 9  94: 99]
 76 [ 5 111:116]
127 [ 6 180:185]
 32 [ 2 189:194]
 87 [ 6 205:210]
 49 [ 5 420:425]
110 [ 7 440:445]
 -3 [ 7 474:474]

y[6060] = 1.0
Vehicle: 303  Cost: 57.69
Route: 3 5 26 17 -3 
  3 [10 100:115]
  5 [ 6 127:132]
 26 [ 3 150:155]
 17 [ 0 300:305]
 -3 [ 0 329:329]

y[7758] = 1.0
Vehicle: 304  Cost: 36.44
Route: 3 81 30 39 -3 
  3 [ 5 100:115]
 81 [ 7 130:135]
 30 [ 4 300:305]
 39 [ 2 316:321]
 -3 [ 2 326:326]

y[8499] = 1.0
Vehicle: 211  Cost: 53.02
Route: 2 25 61 117 34 55 -2 
  2 [ 9  59:176]
 25 [ 8 180:185]
 61 [ 5 300:305]
117 [ 8 305:310]
 34 [ 6 314:319]
 55 [ 3 420:425]
 -2 [ 3 449:449]

y[9092] = 1.0
Vehicle: 209  Cost: 142.84
Route: 2 12 90 51 11 85 99 38 103 119 -2 
  2 [10  59: 74]
 12 [ 7 110:115]
 90 [ 9 127:132]
 51 [ 5 140:145]
 11 [ 3 149:154]
 85 [ 6 154:159]
 99 [ 9 171:176]
 38 [ 8 181:186]
103 [ 9 186:191]
119 [10 214:219]
 -2 [10 262:262]

y[10052] = 1.0
Vehicle: 203  Cost: 100.53
Route: 2 4 78 62 80 28 36 100 -2 
  2 [10  59: 74]
  4 [ 6 104:109]
 78 [ 8 109:114]
 62 [ 4 123:128]
 80 [ 8 300:305]
 28 [ 7 420:425]
 36 [ 6 450:455]
100 [ 9 455:460]
 -2 [ 9 480:480]

y[10450] = 1.0
Vehicle: 213  Cost: 78.59
Route: 2 33 60 105 111 93 -2 
  2 [ 7  59: 74]
 33 [ 4  90: 95]
 60 [ 0 106:111]
105 [ 4 131:136]
111 [ 8 145:150]
 93 [10 157:162]
 -2 [10 178:178]

y[11161] = 1.0
Vehicle: 208  Cost: 67.06
Route: 2 73 125 67 120 66 86 -2 
  2 [10  59:275]
 73 [ 6 300:305]
125 [ 8 305:310]
 67 [ 6 316:321]
120 [10 321:326]
 66 [ 6 328:333]
 86 [10 349:354]
 -2 [10 372:372]

y[12024] = 1.0
Vehicle: 213  Cost: 117.22
Route: 2 24 20 82 9 107 50 -2 
  2 [10  59: 74]
 24 [ 8 113:118]
 20 [ 7 300:305]
 82 [ 8 314:319]
  9 [ 4 319:324]
107 [ 6 336:341]
 50 [ 3 341:346]
 -2 [ 3 390:390]

y[12487] = 1.0
Vehicle: 207  Cost: 66.65
Route: 2 63 98 19 91 29 95 -2 
  2 [10  59: 74]
 63 [ 8  89: 94]
 98 [10 106:111]
 19 [ 6 300:305]
 91 [ 8 305:310]
 29 [ 4 316:321]
 95 [ 7 321:326]
 -2 [ 7 353:353]

y[12628] = 1.0
Vehicle: 212  Cost: 159.44
Route: 2 13 115 48 101 35 27 94 88 -2 
  2 [10  59: 74]
 13 [ 6 108:113]
115 [ 8 144:149]
 48 [ 6 180:185]
101 [ 9 188:193]
 35 [ 8 200:205]
 27 [ 5 218:223]
 94 [ 6 223:228]
 88 [10 251:256]
 -2 [10 291:291]

y[13888] = 1.0
Vehicle: 306  Cost: 138.94
Route: 3 7 52 77 106 -3 
  3 [10  69: 84]
  7 [ 6 145:150]
 52 [ 3 300:305]
 77 [ 0 328:333]
106 [ 4 359:364]
 -3 [ 4 388:388]

y[15205] = 1.0
Vehicle: 309  Cost: 73.04
Route: 3 57 113 45 43 123 108 54 -3 
  3 [ 9  69: 84]
 57 [ 6 117:122]
113 [10 122:127]
 45 [ 9 300:305]
 43 [ 6 314:319]
123 [ 7 328:333]
108 [ 9 340:345]
 54 [ 7 345:350]
 -3 [ 7 356:356]

y[15582] = 1.0
Vehicle: 203  Cost: 96.70
Route: 2 68 42 74 114 59 84 109 -2 
  2 [10  59:282]
 68 [ 6 300:305]
 42 [ 4 306:311]
 74 [ 1 320:325]
114 [ 4 345:350]
 59 [ 3 350:355]
 84 [ 7 362:367]
109 [ 8 420:425]
 -2 [ 8 461:461]

y[15965] = 1.0
Vehicle: 306  Cost: 70.66
Route: 3 129 56 112 53 -3 
  3 [ 5 100:115]
129 [ 8 129:134]
 56 [ 7 150:155]
112 [10 155:160]
 53 [ 6 420:425]
 -3 [ 6 454:454]

y[16195] = 1.0
Vehicle: 305  Cost: 59.48
Route: 3 23 72 124 116 104 40 -3 
  3 [10 112:127]
 23 [ 6 155:160]
 72 [ 2 164:169]
124 [ 6 169:174]
116 [ 8 184:189]
104 [10 194:199]
 40 [ 8 199:204]
 -3 [ 8 217:217]

y[16268] = 1.0
Vehicle: 307  Cost: 103.56
Route: 3 15 10 58 65 14 118 128 71 8 -3 
  3 [10 112:294]
 15 [ 9 300:305]
 10 [ 8 315:320]
 58 [ 6 324:329]
 65 [ 4 345:350]
 14 [ 3 356:361]
118 [ 7 366:371]
128 [10 376:381]
 71 [ 8 389:394]
  8 [ 7 419:424]
 -3 [ 7 443:443]

FE: 3
SE: 21
!MIP-----
2235.5341132296244,5400.806543111801,0.0229663122598041,3,21,45740,16691

