--Parameters Information--
speed=1
run=5
iteration= 100000
batch=100
restartPeriod=10000
largeRemovalOccurrence=500
initialLNS=250
lowerBoundSmallRemoval=4
smallRemoval=0.2
lowerBoundLargeRemoval=0.55
largeRemoval=0.8
initialWeight=1.0
decayRate=0.1
gamma1=9.0
gamma2=5.0
gamma3=2.0
gamma4=0.0
coolingRate=0.9995
temperatureControlParameter=0.05
initialAcceptanceProbability=0.5
perturbation=0.5
perturbationFactor=0.01
split=20000

Setup: Split
Data: A_50_1

Run: 1
Total Cost: 1245.63
Vehicle: 11  Cost: 77.79
Route: 1 2 -2 -1 
 1 [ 47   0:  0 [18, 9, 5, 22, 37, 16, 27, 15, 29, 36, 28, 26, 11, 23, 7]]
 2 [  0  39: 39 []]
-2 [ 17  39:477 [61, 59, 55, 43, 50, 62, 48]]
-1 [ 17 516:516 [61, 59, 55, 43, 50, 62, 48]]

Vehicle: 12  Cost: 84.10
Route: 1 3 -3 -1 
 1 [ 47   0:  0 [6, 30, 33, 4, 17, 25, 24, 10, 8, 14, 12, 38, 39, 34, 19, 32, 21, 20, 35, 13, 31]]
 3 [  0  42: 42 []]
-3 [ 41  42:479 [40, 46, 42, 60, 41, 44, 56, 49, 47, 58, 51, 63, 52, 53, 57, 45, 54]]
-1 [ 41 521:521 [40, 46, 42, 60, 41, 44, 56, 49, 47, 58, 51, 63, 52, 53, 57, 45, 54]]

Vehicle: 201  Cost: 80.88
Route: 2 26 15 11 -2 
  2 [10  39: 54]
 26 [ 6  86: 91]
 15 [ 2 104:109]
 11 [ 0 140:145]
 -2 [ 0 150:150]

Vehicle: 202  Cost: 155.77
Route: 2 37 55 28 23 48 59 -2 
  2 [10  39: 54]
 37 [ 7  90: 95]
 55 [ 8 113:118]
 28 [ 5 127:132]
 23 [ 1 180:185]
 48 [ 3 300:305]
 59 [ 6 420:425]
 -2 [ 6 462:462]

Vehicle: 203  Cost: 53.17
Route: 2 27 22 50 16 -2 
  2 [10  39:175]
 27 [ 7 180:185]
 22 [ 4 206:211]
 50 [ 6 300:305]
 16 [ 2 305:310]
 -2 [ 2 331:331]

Vehicle: 204  Cost: 38.70
Route: 2 7 29 -2 
  2 [ 8  39: 54]
  7 [ 4  70: 75]
 29 [ 0 300:305]
 -2 [ 0 322:322]

Vehicle: 206  Cost: 78.96
Route: 2 5 9 43 61 18 62 36 -2 
  2 [ 9  39: 54]
  5 [ 6  65: 70]
  9 [ 4  78: 83]
 43 [ 6  97:102]
 61 [ 9 300:305]
 18 [ 6 420:425]
 62 [10 430:435]
 36 [ 9 435:440]
 -2 [ 9 455:455]

Vehicle: 301  Cost: 125.21
Route: 3 20 52 35 63 45 21 54 13 -3 
  3 [ 7  42: 57]
 20 [ 5  85: 90]
 52 [ 8  90: 95]
 35 [ 6  96:101]
 63 [ 9 118:123]
 45 [10 134:139]
 21 [ 8 300:305]
 54 [ 9 305:310]
 13 [ 8 348:353]
 -3 [ 8 364:364]

Vehicle: 302  Cost: 124.39
Route: 3 34 41 47 30 25 24 -3 
  3 [ 9  42: 57]
 34 [ 8 106:111]
 41 [ 9 300:305]
 47 [10 319:324]
 30 [ 7 357:362]
 25 [ 6 380:385]
 24 [ 2 389:394]
 -3 [ 2 399:399]

Vehicle: 303  Cost: 129.43
Route: 3 14 31 44 6 53 32 57 -3 
  3 [10  42: 57]
 14 [ 6  89: 94]
 31 [ 5 300:305]
 44 [ 9 332:337]
  6 [ 8 337:342]
 53 [10 349:354]
 32 [ 6 375:380]
 57 [ 8 380:385]
 -3 [ 8 416:416]

Vehicle: 304  Cost: 118.75
Route: 3 56 38 51 17 42 -3 
  3 [ 6  42:139]
 56 [10 180:185]
 38 [ 7 300:305]
 51 [10 334:339]
 17 [ 7 339:344]
 42 [ 9 420:425]
 -3 [ 9 464:464]

Vehicle: 305  Cost: 121.67
Route: 3 8 46 60 19 49 10 -3 
  3 [ 5  42:158]
  8 [ 4 180:185]
 46 [ 6 185:190]
 60 [ 8 224:229]
 19 [ 5 300:305]
 49 [ 9 315:320]
 10 [ 8 334:339]
 -3 [ 8 371:371]

Vehicle: 306  Cost: 56.79
Route: 3 4 40 12 58 33 39 -3 
  3 [10  42:170]
  4 [ 7 180:185]
 40 [ 9 185:190]
 12 [ 5 300:305]
 58 [ 9 314:319]
 33 [ 8 319:324]
 39 [ 6 420:425]
 -3 [ 6 441:441]

Total Cost: 1245.63
 11:77.79, 47:75 [1, 2, -2, -1]
 12:84.10, 47:75 [1, 3, -3, -1]
201:80.88, 10:10 [2, 26, 15, 11, -2]
202:155.77, 10:10 [2, 37, 55, 28, 23, 48, 59, -2]
203:53.17, 10:10 [2, 27, 22, 50, 16, -2]
204:38.70, 8:10 [2, 7, 29, -2]
206:78.96, 10:10 [2, 5, 9, 43, 61, 18, 62, 36, -2]
301:125.21, 10:10 [3, 20, 52, 35, 63, 45, 21, 54, 13, -3]
302:124.39, 10:10 [3, 34, 41, 47, 30, 25, 24, -3]
303:129.43, 10:10 [3, 14, 31, 44, 6, 53, 32, 57, -3]
304:118.75, 10:10 [3, 56, 38, 51, 17, 42, -3]
305:121.67, 9:10 [3, 8, 46, 60, 19, 49, 10, -3]
306:56.79, 10:10 [3, 4, 40, 12, 58, 33, 39, -3]
fe: 2, se: 11

!ALNS------------
100000,1245.6254055482923,98.6,43.726,2,11,0.6266666666666667,0.9727272727272728,30.0,5.454545454545454
0 5 1 3 0 0 3 0 
15.11716775548447 29.039998714765943 16.780342256670068 22.443476272231514 15.799716756290573 43.603928262826905 19.763688227680774 46.73584130574454 
1 1 1 0 2 1 4 2 
22.007258139054553 18.409261630876998 22.272910460728475 23.230586978542526 23.493308234412556 22.6571557711354 20.962674793801156 22.125440474983407 

x[1119] = 1.0
Vehicle: 11  Cost: 77.79
Route: 1 2 -2 -1 
 1 [ 47   0:  0 [11, 18, 23, 22, 36, 28, 27, 26, 7, 15, 29, 9, 37, 16, 5]]
 2 [  0  39: 39 []]
-2 [ 17  39:512 [62, 43, 59, 61, 55, 50, 48]]
-1 [ 17 551:551 [62, 43, 59, 61, 55, 50, 48]]

x[5439] = 1.0
Vehicle: 12  Cost: 84.10
Route: 1 3 -3 -1 
 1 [ 47   0:  0 [6, 35, 25, 10, 33, 30, 17, 14, 31, 19, 38, 39, 4, 24, 8, 21, 32, 13, 12, 20, 34]]
 3 [  0  42: 42 []]
-3 [ 41  42:487 [58, 51, 54, 60, 42, 44, 56, 53, 46, 45, 47, 57, 41, 52, 63, 49, 40]]
-1 [ 41 529:529 [58, 51, 54, 60, 42, 44, 56, 53, 46, 45, 47, 57, 41, 52, 63, 49, 40]]

y[220] = 1.0
Vehicle: 308  Cost: 137.21
Route: 3 10 38 19 49 17 51 42 -3 
  3 [10  87:268]
 10 [ 9 300:305]
 38 [ 6 323:328]
 19 [ 3 341:346]
 49 [ 7 356:361]
 17 [ 4 382:387]
 51 [ 7 387:392]
 42 [ 9 420:425]
 -3 [ 9 464:464]

y[232] = 1.0
Vehicle: 202  Cost: 80.88
Route: 2 11 15 26 -2 
  2 [10  39: 55]
 11 [ 8  60: 65]
 15 [ 4  96:101]
 26 [ 0 114:119]
 -2 [ 0 151:151]

y[317] = 1.0
Vehicle: 202  Cost: 78.96
Route: 2 5 9 43 61 18 62 36 -2 
  2 [ 9  39: 54]
  5 [ 6  65: 70]
  9 [ 4  78: 83]
 43 [ 6  97:102]
 61 [ 9 300:305]
 18 [ 6 420:425]
 62 [10 430:435]
 36 [ 9 435:440]
 -2 [ 9 455:455]

y[1416] = 1.0
Vehicle: 302  Cost: 125.21
Route: 3 20 52 35 63 45 21 54 13 -3 
  3 [ 7  42: 57]
 20 [ 5  85: 90]
 52 [ 8  90: 95]
 35 [ 6  96:101]
 63 [ 9 118:123]
 45 [10 134:139]
 21 [ 8 300:305]
 54 [ 9 305:310]
 13 [ 8 348:353]
 -3 [ 8 364:364]

y[2592] = 1.0
Vehicle: 202  Cost: 38.70
Route: 2 7 29 -2 
  2 [ 8  91:106]
  7 [ 4 122:127]
 29 [ 0 300:305]
 -2 [ 0 322:322]

y[2899] = 1.0
Vehicle: 206  Cost: 155.77
Route: 2 37 55 28 23 48 59 -2 
  2 [10  39: 54]
 37 [ 7  90: 95]
 55 [ 8 113:118]
 28 [ 5 127:132]
 23 [ 1 180:185]
 48 [ 3 300:305]
 59 [ 6 420:425]
 -2 [ 6 462:462]

y[2974] = 1.0
Vehicle: 306  Cost: 56.79
Route: 3 4 40 12 58 33 39 -3 
  3 [10  87:170]
  4 [ 7 180:185]
 40 [ 9 185:190]
 12 [ 5 300:305]
 58 [ 9 314:319]
 33 [ 8 319:324]
 39 [ 6 420:425]
 -3 [ 6 441:441]

y[3281] = 1.0
Vehicle: 301  Cost: 157.57
Route: 3 8 46 56 60 34 41 47 -3 
  3 [ 2  42:158]
  8 [ 1 180:185]
 46 [ 3 185:190]
 56 [ 7 209:214]
 60 [ 9 232:237]
 34 [ 8 281:286]
 41 [ 9 300:305]
 47 [10 319:324]
 -3 [10 363:363]

y[4052] = 1.0
Vehicle: 303  Cost: 129.43
Route: 3 14 31 44 6 53 32 57 -3 
  3 [10  42: 57]
 14 [ 6  89: 94]
 31 [ 5 300:305]
 44 [ 9 332:337]
  6 [ 8 337:342]
 53 [10 349:354]
 32 [ 6 375:380]
 57 [ 8 380:385]
 -3 [ 8 416:416]

y[5274] = 1.0
Vehicle: 306  Cost: 52.74
Route: 3 24 25 30 -3 
  3 [ 8  42:295]
 24 [ 4 300:305]
 25 [ 3 309:314]
 30 [ 0 333:338]
 -3 [ 0 363:363]

y[5851] = 1.0
Vehicle: 203  Cost: 53.17
Route: 2 27 22 16 50 -2 
  2 [10  91:175]
 27 [ 7 180:185]
 22 [ 4 206:211]
 16 [ 0 300:305]
 50 [ 2 305:310]
 -2 [ 2 331:331]

FE: 2
SE: 11
!MIP-----
1228.33552333005,12.618911027908325,0.0,2,11,5569,5885

Run: 2
Total Cost: 1251.79
Vehicle: 11  Cost: 77.79
Route: 1 2 -2 -1 
 1 [ 43   0:  0 [37, 26, 5, 27, 30, 9, 36, 11, 29, 7, 22, 18, 16, 15]]
 2 [  0  39: 39 []]
-2 [ 14  39:483 [62, 61, 59, 50, 43]]
-1 [ 14 522:522 [62, 61, 59, 50, 43]]

Vehicle: 12  Cost: 84.10
Route: 1 3 -3 -1 
 1 [ 51   0:  0 [4, 25, 8, 39, 38, 31, 35, 6, 34, 28, 23, 19, 21, 24, 32, 14, 10, 12, 20, 33, 13, 17]]
 3 [  0  42: 42 []]
-3 [ 44  42:484 [42, 54, 52, 60, 56, 41, 63, 53, 44, 57, 51, 40, 58, 49, 46, 45, 47, 55, 48]]
-1 [ 44 526:526 [42, 54, 52, 60, 56, 41, 63, 53, 44, 57, 51, 40, 58, 49, 46, 45, 47, 55, 48]]

Vehicle: 201  Cost: 77.82
Route: 2 5 9 43 29 -2 
  2 [ 9  39: 54]
  5 [ 6  65: 70]
  9 [ 4  78: 83]
 43 [ 6  97:102]
 29 [ 2 300:305]
 -2 [ 2 322:322]

Vehicle: 202  Cost: 34.27
Route: 2 27 36 62 61 18 -2 
  2 [ 7  39:175]
 27 [ 4 180:185]
 36 [ 3 420:425]
 62 [ 7 425:430]
 61 [10 433:438]
 18 [ 7 443:448]
 -2 [ 7 458:458]

Vehicle: 203  Cost: 47.21
Route: 2 22 7 -2 
  2 [ 7  39: 54]
 22 [ 4  70: 75]
  7 [ 0  90: 95]
 -2 [ 0 111:111]

Vehicle: 204  Cost: 89.25
Route: 2 26 37 59 30 -2 
  2 [10  39: 54]
 26 [ 6  86: 91]
 37 [ 3  96:101]
 59 [ 6 420:425]
 30 [ 3 437:442]
 -2 [ 3 468:468]

Vehicle: 205  Cost: 78.11
Route: 2 11 15 16 50 -2 
  2 [10  39: 55]
 11 [ 8  60: 65]
 15 [ 4  96:101]
 16 [ 0 300:305]
 50 [ 2 305:310]
 -2 [ 2 331:331]

Vehicle: 301  Cost: 119.74
Route: 3 34 41 17 51 42 12 -3 
  3 [ 8  42: 57]
 34 [ 7 106:111]
 41 [ 8 300:305]
 17 [ 5 331:336]
 51 [ 8 336:341]
 42 [10 420:425]
 12 [ 6 444:449]
 -3 [ 6 469:469]

Vehicle: 302  Cost: 124.82
Route: 3 60 19 49 10 39 -3 
  3 [ 6  42: 57]
 60 [ 8 112:117]
 19 [ 5 300:305]
 49 [ 9 315:320]
 10 [ 8 334:339]
 39 [ 6 420:425]
 -3 [ 6 441:441]

Vehicle: 303  Cost: 153.89
Route: 3 4 40 55 28 23 48 47 -3 
  3 [10  42:170]
  4 [ 7 180:185]
 40 [ 9 185:190]
 55 [10 230:235]
 28 [ 7 243:248]
 23 [ 3 258:263]
 48 [ 5 300:305]
 47 [ 6 339:344]
 -3 [ 6 384:384]

Vehicle: 304  Cost: 125.21
Route: 3 20 52 35 63 45 21 54 13 -3 
  3 [ 7  42: 57]
 20 [ 5  85: 90]
 52 [ 8  90: 95]
 35 [ 6  96:101]
 63 [ 9 118:123]
 45 [10 134:139]
 21 [ 8 300:305]
 54 [ 9 305:310]
 13 [ 8 348:353]
 -3 [ 8 364:364]

Vehicle: 305  Cost: 18.44
Route: 3 24 25 -3 
  3 [ 5  42:295]
 24 [ 1 300:305]
 25 [ 0 309:314]
 -3 [ 0 323:323]

Vehicle: 306  Cost: 91.70
Route: 3 46 8 56 38 33 58 -3 
  3 [ 5  42:158]
 46 [ 7 180:185]
  8 [ 6 185:190]
 56 [10 209:214]
 38 [ 7 300:305]
 33 [ 6 328:333]
 58 [10 333:338]
 -3 [10 360:360]

Vehicle: 309  Cost: 129.43
Route: 3 14 31 44 6 53 32 57 -3 
  3 [10  42: 57]
 14 [ 6  89: 94]
 31 [ 5 300:305]
 44 [ 9 332:337]
  6 [ 8 337:342]
 53 [10 349:354]
 32 [ 6 375:380]
 57 [ 8 380:385]
 -3 [ 8 416:416]

Total Cost: 1251.79
 11:77.79, 43:75 [1, 2, -2, -1]
 12:84.10, 51:75 [1, 3, -3, -1]
201:77.82, 9:10 [2, 5, 9, 43, 29, -2]
202:34.27, 10:10 [2, 27, 36, 62, 61, 18, -2]
203:47.21, 7:10 [2, 22, 7, -2]
204:89.25, 10:10 [2, 26, 37, 59, 30, -2]
205:78.11, 10:10 [2, 11, 15, 16, 50, -2]
301:119.74, 10:10 [3, 34, 41, 17, 51, 42, 12, -3]
302:124.82, 9:10 [3, 60, 19, 49, 10, 39, -3]
303:153.89, 10:10 [3, 4, 40, 55, 28, 23, 48, 47, -3]
304:125.21, 10:10 [3, 20, 52, 35, 63, 45, 21, 54, 13, -3]
305:18.44, 5:10 [3, 24, 25, -3]
306:91.70, 10:10 [3, 46, 8, 56, 38, 33, 58, -3]
309:129.43, 10:10 [3, 14, 31, 44, 6, 53, 32, 57, -3]
fe: 2, se: 12

!ALNS------------
100000,1251.7879275608066,122.813,77.056,2,12,0.6266666666666667,0.9166666666666666,30.0,5.0
6 5 2 5 0 0 4 0 
11.837623219333913 24.062607900697458 12.165179815760945 18.10158615667981 NaN 8.775427026290117 15.917475332662063 43.67280027912433 
2 5 2 2 1 3 3 4 
17.417593699032622 19.664287300861098 16.77397565172581 17.94251540209493 17.60607994228089 14.778003448267148 17.869169631448372 17.669938903044955 

x[163] = 1.0
Vehicle: 11  Cost: 77.79
Route: 1 2 -2 -1 
 1 [ 47   0:  0 [9, 11, 28, 22, 5, 37, 23, 15, 29, 36, 18, 27, 26, 7, 16]]
 2 [  0  39: 39 []]
-2 [ 19  39:483 [48, 61, 59, 50, 62, 55, 43, 41, 47]]
-1 [ 19 522:522 [48, 61, 59, 50, 62, 55, 43, 41, 47]]

x[3531] = 1.0
Vehicle: 12  Cost: 84.10
Route: 1 3 -3 -1 
 1 [ 47   0:  0 [6, 39, 35, 31, 24, 21, 30, 20, 19, 38, 10, 14, 17, 25, 34, 33, 4, 12, 8, 32, 13]]
 3 [  0  42: 42 []]
-3 [ 46  42:493 [57, 47, 63, 48, 40, 46, 42, 49, 51, 53, 45, 41, 59, 54, 56, 52, 44, 60, 58]]
-1 [ 46 535:535 [57, 47, 63, 48, 40, 46, 42, 49, 51, 53, 45, 41, 59, 54, 56, 52, 44, 60, 58]]

y[530] = 1.0
Vehicle: 203  Cost: 155.77
Route: 2 37 55 28 23 48 59 -2 
  2 [10  91:106]
 37 [ 7 142:147]
 55 [ 8 165:170]
 28 [ 5 178:183]
 23 [ 1 193:198]
 48 [ 3 300:305]
 59 [ 6 420:425]
 -2 [ 6 462:462]

y[609] = 1.0
Vehicle: 304  Cost: 125.21
Route: 3 52 20 35 63 45 21 54 13 -3 
  3 [ 7  87:102]
 52 [10 130:135]
 20 [ 8 135:140]
 35 [ 6 141:146]
 63 [ 9 164:169]
 45 [10 180:185]
 21 [ 8 300:305]
 54 [ 9 305:310]
 13 [ 8 348:353]
 -3 [ 8 364:364]

y[1583] = 1.0
Vehicle: 202  Cost: 78.96
Route: 2 5 9 43 61 18 62 36 -2 
  2 [ 9  91:106]
  5 [ 6 117:122]
  9 [ 4 129:134]
 43 [ 6 149:154]
 61 [ 9 300:305]
 18 [ 6 420:425]
 62 [10 430:435]
 36 [ 9 435:440]
 -2 [ 9 455:455]

y[1732] = 1.0
Vehicle: 205  Cost: 80.88
Route: 2 11 15 26 -2 
  2 [10  91:106]
 11 [ 8 111:116]
 15 [ 4 147:152]
 26 [ 0 165:170]
 -2 [ 0 201:201]

y[2233] = 1.0
Vehicle: 201  Cost: 38.70
Route: 2 7 29 -2 
  2 [ 8  91:106]
  7 [ 4 122:127]
 29 [ 0 300:305]
 -2 [ 0 322:322]

y[2283] = 1.0
Vehicle: 309  Cost: 129.43
Route: 3 14 31 6 44 53 32 57 -3 
  3 [10  87:102]
 14 [ 6 135:140]
 31 [ 5 300:305]
  6 [ 4 332:337]
 44 [ 8 337:342]
 53 [10 349:354]
 32 [ 6 375:380]
 57 [ 8 380:385]
 -3 [ 8 416:416]

y[2795] = 1.0
Vehicle: 301  Cost: 157.57
Route: 3 8 46 56 60 34 41 47 -3 
  3 [ 2  42:158]
  8 [ 1 180:185]
 46 [ 3 185:190]
 56 [ 7 209:214]
 60 [ 9 232:237]
 34 [ 8 281:286]
 41 [ 9 300:305]
 47 [10 319:324]
 -3 [10 363:363]

y[3180] = 1.0
Vehicle: 202  Cost: 53.17
Route: 2 27 22 50 16 -2 
  2 [10  39:175]
 27 [ 7 180:185]
 22 [ 4 206:211]
 50 [ 6 300:305]
 16 [ 2 305:310]
 -2 [ 2 331:331]

y[3838] = 1.0
Vehicle: 306  Cost: 137.21
Route: 3 10 38 19 49 17 51 42 -3 
  3 [10  42:268]
 10 [ 9 300:305]
 38 [ 6 323:328]
 19 [ 3 341:346]
 49 [ 7 356:361]
 17 [ 4 382:387]
 51 [ 7 387:392]
 42 [ 9 420:425]
 -3 [ 9 464:464]

y[3961] = 1.0
Vehicle: 302  Cost: 56.79
Route: 3 4 40 12 33 58 39 -3 
  3 [10  42:170]
  4 [ 7 180:185]
 40 [ 9 185:190]
 12 [ 5 300:305]
 33 [ 4 314:319]
 58 [ 8 319:324]
 39 [ 6 420:425]
 -3 [ 6 441:441]

y[4537] = 1.0
Vehicle: 302  Cost: 52.74
Route: 3 24 25 30 -3 
  3 [ 8  42:295]
 24 [ 4 300:305]
 25 [ 3 309:314]
 30 [ 0 333:338]
 -3 [ 0 363:363]

FE: 2
SE: 11
!MIP-----
1228.33552333005,6.869708061218262,0.0,2,11,5191,5046

Run: 3
Total Cost: 1233.93
Vehicle: 11  Cost: 77.79
Route: 1 2 -2 -1 
 1 [ 47   0:  0 [29, 5, 7, 11, 36, 9, 18, 23, 15, 22, 37, 26, 28, 27, 16]]
 2 [  0  39: 39 []]
-2 [ 17  39:477 [43, 50, 62, 61, 48, 55, 59]]
-1 [ 17 516:516 [43, 50, 62, 61, 48, 55, 59]]

Vehicle: 12  Cost: 84.10
Route: 1 3 -3 -1 
 1 [ 47   0:  0 [25, 6, 20, 38, 35, 12, 17, 19, 8, 33, 21, 32, 39, 31, 34, 14, 13, 4, 30, 24, 10]]
 3 [  0  42: 42 []]
-3 [ 41  42:479 [45, 41, 51, 47, 56, 57, 44, 53, 58, 52, 63, 54, 46, 60, 49, 42, 40]]
-1 [ 41 521:521 [45, 41, 51, 47, 56, 57, 44, 53, 58, 52, 63, 54, 46, 60, 49, 42, 40]]

Vehicle: 201  Cost: 78.96
Route: 2 5 9 43 61 18 36 62 -2 
  2 [ 9  39: 54]
  5 [ 6  65: 70]
  9 [ 4  78: 83]
 43 [ 6  97:102]
 61 [ 9 300:305]
 18 [ 6 420:425]
 36 [ 5 430:435]
 62 [ 9 435:440]
 -2 [ 9 455:455]

Vehicle: 202  Cost: 80.88
Route: 2 11 15 26 -2 
  2 [10  39: 55]
 11 [ 8  60: 65]
 15 [ 4  96:101]
 26 [ 0 114:119]
 -2 [ 0 151:151]

Vehicle: 203  Cost: 38.70
Route: 2 7 29 -2 
  2 [ 8  39: 54]
  7 [ 4  70: 75]
 29 [ 0 300:305]
 -2 [ 0 322:322]

Vehicle: 204  Cost: 53.17
Route: 2 27 22 16 50 -2 
  2 [10  39:175]
 27 [ 7 180:185]
 22 [ 4 206:211]
 16 [ 0 300:305]
 50 [ 2 305:310]
 -2 [ 2 331:331]

Vehicle: 205  Cost: 155.77
Route: 2 37 55 28 23 48 59 -2 
  2 [10  39: 54]
 37 [ 7  90: 95]
 55 [ 8 113:118]
 28 [ 5 127:132]
 23 [ 1 180:185]
 48 [ 3 300:305]
 59 [ 6 420:425]
 -2 [ 6 462:462]

Vehicle: 301  Cost: 81.17
Route: 3 4 40 12 17 51 42 -3 
  3 [10  42:170]
  4 [ 7 180:185]
 40 [ 9 185:190]
 12 [ 5 300:305]
 17 [ 2 320:325]
 51 [ 5 325:330]
 42 [ 7 420:425]
 -3 [ 7 464:464]

Vehicle: 302  Cost: 118.43
Route: 3 38 19 49 10 33 58 39 -3 
  3 [10  42:256]
 38 [ 7 300:305]
 19 [ 4 318:323]
 49 [ 8 333:338]
 10 [ 7 353:358]
 33 [ 6 369:374]
 58 [10 374:379]
 39 [ 8 420:425]
 -3 [ 8 441:441]

Vehicle: 304  Cost: 52.74
Route: 3 30 25 24 -3 
  3 [ 8  42:275]
 30 [ 5 300:305]
 25 [ 4 323:328]
 24 [ 0 333:338]
 -3 [ 0 343:343]

Vehicle: 305  Cost: 125.21
Route: 3 52 20 35 63 45 21 54 13 -3 
  3 [ 7  42: 57]
 52 [10  85: 90]
 20 [ 8  90: 95]
 35 [ 6  96:101]
 63 [ 9 118:123]
 45 [10 134:139]
 21 [ 8 300:305]
 54 [ 9 305:310]
 13 [ 8 348:353]
 -3 [ 8 364:364]

Vehicle: 306  Cost: 157.57
Route: 3 46 8 56 60 34 41 47 -3 
  3 [ 2  42:158]
 46 [ 4 180:185]
  8 [ 3 185:190]
 56 [ 7 209:214]
 60 [ 9 232:237]
 34 [ 8 281:286]
 41 [ 9 300:305]
 47 [10 319:324]
 -3 [10 363:363]

Vehicle: 310  Cost: 129.43
Route: 3 14 31 44 6 53 32 57 -3 
  3 [10  42: 57]
 14 [ 6  89: 94]
 31 [ 5 300:305]
 44 [ 9 332:337]
  6 [ 8 337:342]
 53 [10 349:354]
 32 [ 6 375:380]
 57 [ 8 380:385]
 -3 [ 8 416:416]

Total Cost: 1233.93
 11:77.79, 47:75 [1, 2, -2, -1]
 12:84.10, 47:75 [1, 3, -3, -1]
201:78.96, 9:10 [2, 5, 9, 43, 61, 18, 36, 62, -2]
202:80.88, 10:10 [2, 11, 15, 26, -2]
203:38.70, 8:10 [2, 7, 29, -2]
204:53.17, 10:10 [2, 27, 22, 16, 50, -2]
205:155.77, 10:10 [2, 37, 55, 28, 23, 48, 59, -2]
301:81.17, 10:10 [3, 4, 40, 12, 17, 51, 42, -3]
302:118.43, 10:10 [3, 38, 19, 49, 10, 33, 58, 39, -3]
304:52.74, 8:10 [3, 30, 25, 24, -3]
305:125.21, 10:10 [3, 52, 20, 35, 63, 45, 21, 54, 13, -3]
306:157.57, 10:10 [3, 46, 8, 56, 60, 34, 41, 47, -3]
310:129.43, 10:10 [3, 14, 31, 44, 6, 53, 32, 57, -3]
fe: 2, se: 11

!ALNS------------
100000,1233.9316507879053,115.97,53.434,2,11,0.6266666666666667,0.9545454545454546,30.0,5.454545454545454
6 7 7 3 0 0 3 0 
15.501372518898448 29.0736483891064 14.70604356527464 16.932414321094864 46.10459037155068 29.44496552321159 15.573835213580931 33.96075361185253 
2 4 4 6 5 1 4 0 
20.619117128354645 17.202399421205115 19.738177647391513 19.18002689840185 19.33818374628305 20.4107093215014 18.706992254878152 23.27797705780579 

x[202] = 1.0
Vehicle: 11  Cost: 77.79
Route: 1 2 -2 -1 
 1 [ 47   0:  0 [18, 28, 36, 5, 16, 22, 37, 11, 23, 15, 26, 27, 29, 7, 9]]
 2 [  0  39: 39 []]
-2 [ 18  39:483 [61, 50, 48, 59, 47, 55, 43, 62]]
-1 [ 18 522:522 [61, 50, 48, 59, 47, 55, 43, 62]]

x[4863] = 1.0
Vehicle: 12  Cost: 84.10
Route: 1 3 -3 -1 
 1 [ 47   0:  0 [12, 35, 39, 10, 31, 4, 38, 8, 32, 17, 21, 6, 19, 30, 14, 25, 33, 24, 20, 13, 34]]
 3 [  0  42: 42 []]
-3 [ 41  42:559 [46, 60, 51, 53, 52, 57, 41, 58, 40, 56, 49, 63, 47, 44, 42, 45, 54]]
-1 [ 41 601:601 [46, 60, 51, 53, 52, 57, 41, 58, 40, 56, 49, 63, 47, 44, 42, 45, 54]]

y[332] = 1.0
Vehicle: 205  Cost: 155.77
Route: 2 37 55 28 23 48 59 -2 
  2 [10  91:106]
 37 [ 7 142:147]
 55 [ 8 165:170]
 28 [ 5 178:183]
 23 [ 1 193:198]
 48 [ 3 300:305]
 59 [ 6 420:425]
 -2 [ 6 462:462]

y[972] = 1.0
Vehicle: 201  Cost: 78.96
Route: 2 5 9 43 61 18 36 62 -2 
  2 [ 9  91:106]
  5 [ 6 117:122]
  9 [ 4 129:134]
 43 [ 6 149:154]
 61 [ 9 300:305]
 18 [ 6 420:425]
 36 [ 5 430:435]
 62 [ 9 435:440]
 -2 [ 9 455:455]

y[1110] = 1.0
Vehicle: 306  Cost: 157.57
Route: 3 46 8 56 60 34 41 47 -3 
  3 [ 2  87:158]
 46 [ 4 180:185]
  8 [ 3 185:190]
 56 [ 7 209:214]
 60 [ 9 232:237]
 34 [ 8 281:286]
 41 [ 9 300:305]
 47 [10 319:324]
 -3 [10 363:363]

y[1379] = 1.0
Vehicle: 207  Cost: 38.70
Route: 2 7 29 -2 
  2 [ 8  91:106]
  7 [ 4 122:127]
 29 [ 0 300:305]
 -2 [ 0 322:322]

y[1407] = 1.0
Vehicle: 310  Cost: 129.43
Route: 3 14 31 6 44 53 32 57 -3 
  3 [10  87:102]
 14 [ 6 135:140]
 31 [ 5 300:305]
  6 [ 4 332:337]
 44 [ 8 337:342]
 53 [10 349:354]
 32 [ 6 375:380]
 57 [ 8 380:385]
 -3 [ 8 416:416]

y[2409] = 1.0
Vehicle: 304  Cost: 56.79
Route: 3 4 40 12 33 58 39 -3 
  3 [10  42:170]
  4 [ 7 180:185]
 40 [ 9 185:190]
 12 [ 5 300:305]
 33 [ 4 314:319]
 58 [ 8 319:324]
 39 [ 6 420:425]
 -3 [ 6 441:441]

y[3466] = 1.0000000000017033
Vehicle: 305  Cost: 125.21
Route: 3 52 20 35 63 45 21 54 13 -3 
  3 [ 7  87:102]
 52 [10 130:135]
 20 [ 8 135:140]
 35 [ 6 141:146]
 63 [ 9 164:169]
 45 [10 180:185]
 21 [ 8 300:305]
 54 [ 9 305:310]
 13 [ 8 348:353]
 -3 [ 8 364:364]

y[3855] = 1.0
Vehicle: 306  Cost: 52.74
Route: 3 24 25 30 -3 
  3 [ 8  87:295]
 24 [ 4 300:305]
 25 [ 3 309:314]
 30 [ 0 333:338]
 -3 [ 0 363:363]

y[4180] = 1.0
Vehicle: 202  Cost: 80.88
Route: 2 11 15 26 -2 
  2 [10  91:106]
 11 [ 8 111:116]
 15 [ 4 147:152]
 26 [ 0 165:170]
 -2 [ 0 201:201]

y[5090] = 1.0
Vehicle: 205  Cost: 53.17
Route: 2 27 22 50 16 -2 
  2 [10  39:175]
 27 [ 7 180:185]
 22 [ 4 206:211]
 50 [ 6 300:305]
 16 [ 2 305:310]
 -2 [ 2 331:331]

y[5466] = 1.0
Vehicle: 302  Cost: 137.21
Route: 3 10 38 19 49 17 51 42 -3 
  3 [10  42:268]
 10 [ 9 300:305]
 38 [ 6 323:328]
 19 [ 3 341:346]
 49 [ 7 356:361]
 17 [ 4 382:387]
 51 [ 7 387:392]
 42 [ 9 420:425]
 -3 [ 9 464:464]

FE: 2
SE: 11
!MIP-----
1228.33552333005,10.195667028427124,0.0,2,11,6006,6194

Run: 4
Total Cost: 1255.38
Vehicle: 11  Cost: 77.79
Route: 1 2 -2 -1 
 1 [ 37   0:  0 [18, 5, 27, 7, 36, 29, 11, 16, 22, 26, 15, 9]]
 2 [  0  39: 39 []]
-2 [ 11  39:470 [50, 43, 61, 62]]
-1 [ 11 509:509 [50, 43, 61, 62]]

Vehicle: 12  Cost: 84.10
Route: 1 3 -3 -1 
 1 [ 57   0:  0 [38, 24, 37, 31, 25, 35, 28, 13, 12, 10, 4, 21, 6, 23, 19, 30, 17, 33, 32, 14, 20, 39, 8, 34]]
 3 [  0  42: 42 []]
-3 [ 47  42:479 [57, 52, 45, 51, 41, 63, 60, 59, 56, 58, 48, 47, 42, 40, 54, 44, 49, 46, 53, 55]]
-1 [ 47 521:521 [57, 52, 45, 51, 41, 63, 60, 59, 56, 58, 48, 47, 42, 40, 54, 44, 49, 46, 53, 55]]

Vehicle: 201  Cost: 53.17
Route: 2 27 22 16 50 -2 
  2 [10  39:175]
 27 [ 7 180:185]
 22 [ 4 206:211]
 16 [ 0 300:305]
 50 [ 2 305:310]
 -2 [ 2 331:331]

Vehicle: 202  Cost: 80.88
Route: 2 26 15 11 -2 
  2 [10  39: 54]
 26 [ 6  86: 91]
 15 [ 2 104:109]
 11 [ 0 140:145]
 -2 [ 0 150:150]

Vehicle: 203  Cost: 78.96
Route: 2 5 9 43 61 18 62 36 -2 
  2 [ 9  39: 54]
  5 [ 6  65: 70]
  9 [ 4  78: 83]
 43 [ 6  97:102]
 61 [ 9 300:305]
 18 [ 6 420:425]
 62 [10 430:435]
 36 [ 9 435:440]
 -2 [ 9 455:455]

Vehicle: 204  Cost: 38.70
Route: 2 7 29 -2 
  2 [ 8  39: 54]
  7 [ 4  70: 75]
 29 [ 0 300:305]
 -2 [ 0 322:322]

Vehicle: 301  Cost: 160.93
Route: 3 37 55 28 23 48 59 -3 
  3 [10  42: 57]
 37 [ 7 102:107]
 55 [ 8 125:130]
 28 [ 5 138:143]
 23 [ 1 180:185]
 48 [ 3 300:305]
 59 [ 6 420:425]
 -3 [ 6 459:459]

Vehicle: 302  Cost: 52.74
Route: 3 24 25 30 -3 
  3 [ 8  42:295]
 24 [ 4 300:305]
 25 [ 3 309:314]
 30 [ 0 333:338]
 -3 [ 0 363:363]

Vehicle: 303  Cost: 131.44
Route: 3 38 19 49 17 51 42 -3 
  3 [ 9  42:256]
 38 [ 6 300:305]
 19 [ 3 318:323]
 49 [ 7 333:338]
 17 [ 4 359:364]
 51 [ 7 364:369]
 42 [ 9 420:425]
 -3 [ 9 464:464]

Vehicle: 304  Cost: 114.32
Route: 3 8 46 56 60 10 33 -3 
  3 [ 3  42:158]
  8 [ 2 180:185]
 46 [ 4 185:190]
 56 [ 8 209:214]
 60 [10 232:237]
 10 [ 9 300:305]
 33 [ 8 316:321]
 -3 [ 8 343:343]

Vehicle: 305  Cost: 127.70
Route: 3 4 40 34 41 47 12 58 39 -3 
  3 [10  42:170]
  4 [ 7 180:185]
 40 [ 9 185:190]
 34 [ 8 229:234]
 41 [ 9 300:305]
 47 [10 319:324]
 12 [ 6 353:358]
 58 [10 367:372]
 39 [ 8 420:425]
 -3 [ 8 441:441]

Vehicle: 306  Cost: 129.43
Route: 3 14 31 44 6 53 32 57 -3 
  3 [10  42: 57]
 14 [ 6  89: 94]
 31 [ 5 300:305]
 44 [ 9 332:337]
  6 [ 8 337:342]
 53 [10 349:354]
 32 [ 6 375:380]
 57 [ 8 380:385]
 -3 [ 8 416:416]

Vehicle: 308  Cost: 125.21
Route: 3 20 52 35 63 45 21 54 13 -3 
  3 [ 7  42: 57]
 20 [ 5  85: 90]
 52 [ 8  90: 95]
 35 [ 6  96:101]
 63 [ 9 118:123]
 45 [10 134:139]
 21 [ 8 300:305]
 54 [ 9 305:310]
 13 [ 8 348:353]
 -3 [ 8 364:364]

Total Cost: 1255.38
 11:77.79, 37:75 [1, 2, -2, -1]
 12:84.10, 57:75 [1, 3, -3, -1]
201:53.17, 10:10 [2, 27, 22, 16, 50, -2]
202:80.88, 10:10 [2, 26, 15, 11, -2]
203:78.96, 10:10 [2, 5, 9, 43, 61, 18, 62, 36, -2]
204:38.70, 8:10 [2, 7, 29, -2]
301:160.93, 10:10 [3, 37, 55, 28, 23, 48, 59, -3]
302:52.74, 8:10 [3, 24, 25, 30, -3]
303:131.44, 9:10 [3, 38, 19, 49, 17, 51, 42, -3]
304:114.32, 10:10 [3, 8, 46, 56, 60, 10, 33, -3]
305:127.70, 10:10 [3, 4, 40, 34, 41, 47, 12, 58, 39, -3]
306:129.43, 10:10 [3, 14, 31, 44, 6, 53, 32, 57, -3]
308:125.21, 10:10 [3, 20, 52, 35, 63, 45, 21, 54, 13, -3]
fe: 2, se: 11

!ALNS------------
100000,1255.3841603799247,116.78,114.922,2,11,0.6266666666666667,0.9545454545454546,30.0,5.454545454545454
1 5 1 1 0 0 0 0 
15.936190857914307 32.85726825981841 19.492402902171246 20.912826166738203 NaN 88.80281273534666 14.375459973338776 52.62480706035761 
0 2 1 1 1 2 0 1 
21.733661720100997 22.98075569562398 22.746490651533275 22.52138068845858 18.103249463999536 22.760710972587177 22.593501243800354 25.197270405628625 

x[474] = 1.0
Vehicle: 12  Cost: 84.10
Route: 1 3 -3 -1 
 1 [ 47   0:  0 [33, 35, 38, 20, 13, 8, 17, 10, 32, 4, 6, 24, 34, 25, 19, 31, 14, 21, 39, 12, 30]]
 3 [  0  42: 42 []]
-3 [ 41  42:484 [53, 47, 63, 52, 46, 56, 41, 54, 40, 49, 58, 44, 60, 42, 51, 57, 45]]
-1 [ 41 526:526 [53, 47, 63, 52, 46, 56, 41, 54, 40, 49, 58, 44, 60, 42, 51, 57, 45]]

x[3690] = 1.0
Vehicle: 11  Cost: 77.79
Route: 1 2 -2 -1 
 1 [ 47   0:  0 [11, 29, 15, 9, 36, 26, 16, 7, 22, 28, 23, 5, 37, 18, 27]]
 2 [  0  39: 39 []]
-2 [ 19  39:477 [62, 48, 47, 50, 59, 41, 43, 55, 61]]
-1 [ 19 516:516 [62, 48, 47, 50, 59, 41, 43, 55, 61]]

y[216] = 1.0
Vehicle: 205  Cost: 80.88
Route: 2 11 15 26 -2 
  2 [10  39: 55]
 11 [ 8  60: 65]
 15 [ 4  96:101]
 26 [ 0 114:119]
 -2 [ 0 151:151]

y[298] = 1.0
Vehicle: 203  Cost: 78.96
Route: 2 5 9 43 61 18 36 62 -2 
  2 [ 9  39: 54]
  5 [ 6  65: 70]
  9 [ 4  78: 83]
 43 [ 6  97:102]
 61 [ 9 300:305]
 18 [ 6 420:425]
 36 [ 5 430:435]
 62 [ 9 435:440]
 -2 [ 9 455:455]

y[629] = 1.0
Vehicle: 205  Cost: 155.77
Route: 2 37 55 28 23 48 59 -2 
  2 [10  91:106]
 37 [ 7 142:147]
 55 [ 8 165:170]
 28 [ 5 178:183]
 23 [ 1 193:198]
 48 [ 3 300:305]
 59 [ 6 420:425]
 -2 [ 6 462:462]

y[1410] = 1.0
Vehicle: 305  Cost: 52.74
Route: 3 24 25 30 -3 
  3 [ 8  87:295]
 24 [ 4 300:305]
 25 [ 3 309:314]
 30 [ 0 333:338]
 -3 [ 0 363:363]

y[1414] = 1.0
Vehicle: 308  Cost: 125.21
Route: 3 20 52 35 63 45 21 54 13 -3 
  3 [ 7  42: 57]
 20 [ 5  85: 90]
 52 [ 8  90: 95]
 35 [ 6  96:101]
 63 [ 9 118:123]
 45 [10 134:139]
 21 [ 8 300:305]
 54 [ 9 305:310]
 13 [ 8 348:353]
 -3 [ 8 364:364]

y[2611] = 1.0
Vehicle: 204  Cost: 38.70
Route: 2 7 29 -2 
  2 [ 8  91:106]
  7 [ 4 122:127]
 29 [ 0 300:305]
 -2 [ 0 322:322]

y[2670] = 1.0
Vehicle: 306  Cost: 129.43
Route: 3 14 31 6 44 53 32 57 -3 
  3 [10  87:102]
 14 [ 6 135:140]
 31 [ 5 300:305]
  6 [ 4 332:337]
 44 [ 8 337:342]
 53 [10 349:354]
 32 [ 6 375:380]
 57 [ 8 380:385]
 -3 [ 8 416:416]

y[3337] = 1.0
Vehicle: 301  Cost: 157.57
Route: 3 8 46 56 60 34 41 47 -3 
  3 [ 2  42:158]
  8 [ 1 180:185]
 46 [ 3 185:190]
 56 [ 7 209:214]
 60 [ 9 232:237]
 34 [ 8 281:286]
 41 [ 9 300:305]
 47 [10 319:324]
 -3 [10 363:363]

y[4463] = 1.0
Vehicle: 305  Cost: 137.21
Route: 3 10 38 19 49 17 51 42 -3 
  3 [10  42:268]
 10 [ 9 300:305]
 38 [ 6 323:328]
 19 [ 3 341:346]
 49 [ 7 356:361]
 17 [ 4 382:387]
 51 [ 7 387:392]
 42 [ 9 420:425]
 -3 [ 9 464:464]

y[4603] = 1.0
Vehicle: 302  Cost: 56.79
Route: 3 4 40 12 58 33 39 -3 
  3 [10  42:170]
  4 [ 7 180:185]
 40 [ 9 185:190]
 12 [ 5 300:305]
 58 [ 9 314:319]
 33 [ 8 319:324]
 39 [ 6 420:425]
 -3 [ 6 441:441]

y[5781] = 1.0
Vehicle: 201  Cost: 53.17
Route: 2 27 22 50 16 -2 
  2 [10  91:175]
 27 [ 7 180:185]
 22 [ 4 206:211]
 50 [ 6 300:305]
 16 [ 2 305:310]
 -2 [ 2 331:331]

FE: 2
SE: 11
!MIP-----
1228.33552333005,7.4172351360321045,0.0,2,11,5426,5817

Run: 5
Total Cost: 1233.50
Vehicle: 11  Cost: 77.79
Route: 1 2 -2 -1 
 1 [ 37   0:  0 [15, 29, 5, 16, 26, 7, 22, 9, 36, 18, 11, 27]]
 2 [  0  39: 39 []]
-2 [ 11  39:470 [43, 50, 62, 61]]
-1 [ 11 509:509 [43, 50, 62, 61]]

Vehicle: 12  Cost: 84.10
Route: 1 3 -3 -1 
 1 [ 57   0:  0 [6, 21, 17, 31, 4, 39, 12, 37, 35, 30, 10, 33, 13, 23, 20, 19, 34, 32, 24, 28, 38, 14, 8, 25]]
 3 [  0  42: 42 []]
-3 [ 47  42:479 [55, 49, 56, 59, 45, 63, 60, 47, 46, 54, 48, 52, 40, 58, 57, 51, 42, 41, 44, 53]]
-1 [ 47 521:521 [55, 49, 56, 59, 45, 63, 60, 47, 46, 54, 48, 52, 40, 58, 57, 51, 42, 41, 44, 53]]

Vehicle: 202  Cost: 78.96
Route: 2 5 9 43 61 18 62 36 -2 
  2 [ 9  39: 54]
  5 [ 6  65: 70]
  9 [ 4  78: 83]
 43 [ 6  97:102]
 61 [ 9 300:305]
 18 [ 6 420:425]
 62 [10 430:435]
 36 [ 9 435:440]
 -2 [ 9 455:455]

Vehicle: 203  Cost: 80.88
Route: 2 11 15 26 -2 
  2 [10  39: 55]
 11 [ 8  60: 65]
 15 [ 4  96:101]
 26 [ 0 114:119]
 -2 [ 0 151:151]

Vehicle: 204  Cost: 53.17
Route: 2 27 22 50 16 -2 
  2 [10  39:175]
 27 [ 7 180:185]
 22 [ 4 206:211]
 50 [ 6 300:305]
 16 [ 2 305:310]
 -2 [ 2 331:331]

Vehicle: 205  Cost: 38.70
Route: 2 7 29 -2 
  2 [ 8  39: 54]
  7 [ 4  70: 75]
 29 [ 0 300:305]
 -2 [ 0 322:322]

Vehicle: 301  Cost: 52.74
Route: 3 24 25 30 -3 
  3 [ 8  42:295]
 24 [ 4 300:305]
 25 [ 3 309:314]
 30 [ 0 333:338]
 -3 [ 0 363:363]

Vehicle: 302  Cost: 157.57
Route: 3 8 46 56 60 34 41 47 -3 
  3 [ 2  42:158]
  8 [ 1 180:185]
 46 [ 3 185:190]
 56 [ 7 209:214]
 60 [ 9 232:237]
 34 [ 8 281:286]
 41 [ 9 300:305]
 47 [10 319:324]
 -3 [10 363:363]

Vehicle: 303  Cost: 125.21
Route: 3 52 20 35 63 45 21 54 13 -3 
  3 [ 7  42: 57]
 52 [10  85: 90]
 20 [ 8  90: 95]
 35 [ 6  96:101]
 63 [ 9 118:123]
 45 [10 134:139]
 21 [ 8 300:305]
 54 [ 9 305:310]
 13 [ 8 348:353]
 -3 [ 8 364:364]

Vehicle: 304  Cost: 137.21
Route: 3 10 38 19 49 51 17 42 -3 
  3 [10  42:268]
 10 [ 9 300:305]
 38 [ 6 323:328]
 19 [ 3 341:346]
 49 [ 7 356:361]
 51 [10 382:387]
 17 [ 7 387:392]
 42 [ 9 420:425]
 -3 [ 9 464:464]

Vehicle: 306  Cost: 56.79
Route: 3 4 40 12 58 33 39 -3 
  3 [10  42:170]
  4 [ 7 180:185]
 40 [ 9 185:190]
 12 [ 5 300:305]
 58 [ 9 314:319]
 33 [ 8 319:324]
 39 [ 6 420:425]
 -3 [ 6 441:441]

Vehicle: 307  Cost: 160.93
Route: 3 37 55 28 23 48 59 -3 
  3 [10  42: 57]
 37 [ 7 102:107]
 55 [ 8 125:130]
 28 [ 5 138:143]
 23 [ 1 180:185]
 48 [ 3 300:305]
 59 [ 6 420:425]
 -3 [ 6 459:459]

Vehicle: 308  Cost: 129.43
Route: 3 14 31 44 6 53 32 57 -3 
  3 [10  42: 57]
 14 [ 6  89: 94]
 31 [ 5 300:305]
 44 [ 9 332:337]
  6 [ 8 337:342]
 53 [10 349:354]
 32 [ 6 375:380]
 57 [ 8 380:385]
 -3 [ 8 416:416]

Total Cost: 1233.50
 11:77.79, 37:75 [1, 2, -2, -1]
 12:84.10, 57:75 [1, 3, -3, -1]
202:78.96, 10:10 [2, 5, 9, 43, 61, 18, 62, 36, -2]
203:80.88, 10:10 [2, 11, 15, 26, -2]
204:53.17, 10:10 [2, 27, 22, 50, 16, -2]
205:38.70, 8:10 [2, 7, 29, -2]
301:52.74, 8:10 [3, 24, 25, 30, -3]
302:157.57, 10:10 [3, 8, 46, 56, 60, 34, 41, 47, -3]
303:125.21, 10:10 [3, 52, 20, 35, 63, 45, 21, 54, 13, -3]
304:137.21, 10:10 [3, 10, 38, 19, 49, 51, 17, 42, -3]
306:56.79, 10:10 [3, 4, 40, 12, 58, 33, 39, -3]
307:160.93, 10:10 [3, 37, 55, 28, 23, 48, 59, -3]
308:129.43, 10:10 [3, 14, 31, 44, 6, 53, 32, 57, -3]
fe: 2, se: 11

!ALNS------------
100000,1233.499518033639,125.874,11.439,2,11,0.6266666666666667,0.9636363636363636,30.0,5.454545454545454
8 5 4 7 0 0 5 0 
14.496165752298165 25.037454489880535 14.745908546761543 13.648204171556118 NaN NaN 16.635996342562894 44.1715889264953 
5 2 5 0 3 3 7 4 
18.300557339214947 18.77396076589537 17.76636453096123 15.878724822763857 18.805820925457827 18.68149284860082 20.00480721621221 15.813025173218795 

x[2413] = 1.0
Vehicle: 11  Cost: 77.79
Route: 1 2 -2 -1 
 1 [ 47   0:  0 [7, 11, 23, 15, 9, 16, 37, 28, 27, 26, 22, 18, 29, 36, 5]]
 2 [  0  39: 39 []]
-2 [ 17  39:478 [48, 61, 50, 62, 59, 43, 55]]
-1 [ 17 517:517 [48, 61, 50, 62, 59, 43, 55]]

x[2779] = 1.0
Vehicle: 12  Cost: 84.10
Route: 1 3 -3 -1 
 1 [ 47   0:  0 [39, 31, 32, 33, 34, 21, 13, 25, 12, 10, 35, 17, 8, 6, 4, 24, 20, 38, 30, 19, 14]]
 3 [  0  42: 42 []]
-3 [ 41  42:534 [40, 56, 41, 54, 58, 57, 51, 53, 47, 44, 42, 60, 63, 52, 45, 49, 46]]
-1 [ 41 576:576 [40, 56, 41, 54, 58, 57, 51, 53, 47, 44, 42, 60, 63, 52, 45, 49, 46]]

y[165] = 1.0
Vehicle: 205  Cost: 80.88
Route: 2 11 15 26 -2 
  2 [10  39: 55]
 11 [ 8  60: 65]
 15 [ 4  96:101]
 26 [ 0 114:119]
 -2 [ 0 151:151]

y[229] = 1.0
Vehicle: 202  Cost: 78.96
Route: 2 5 9 43 61 18 36 62 -2 
  2 [ 9  39: 54]
  5 [ 6  65: 70]
  9 [ 4  78: 83]
 43 [ 6  97:102]
 61 [ 9 300:305]
 18 [ 6 420:425]
 36 [ 5 430:435]
 62 [ 9 435:440]
 -2 [ 9 455:455]

y[520] = 1.0
Vehicle: 303  Cost: 125.21
Route: 3 52 20 35 63 45 21 54 13 -3 
  3 [ 7  87:102]
 52 [10 130:135]
 20 [ 8 135:140]
 35 [ 6 141:146]
 63 [ 9 164:169]
 45 [10 180:185]
 21 [ 8 300:305]
 54 [ 9 305:310]
 13 [ 8 348:353]
 -3 [ 8 364:364]

y[1525] = 1.0
Vehicle: 302  Cost: 157.57
Route: 3 8 46 56 60 34 41 47 -3 
  3 [ 2  87:158]
  8 [ 1 180:185]
 46 [ 3 185:190]
 56 [ 7 209:214]
 60 [ 9 232:237]
 34 [ 8 281:286]
 41 [ 9 300:305]
 47 [10 319:324]
 -3 [10 363:363]

y[1915] = 1.0
Vehicle: 201  Cost: 38.70
Route: 2 7 29 -2 
  2 [ 8  91:106]
  7 [ 4 122:127]
 29 [ 0 300:305]
 -2 [ 0 322:322]

y[1950] = 1.0
Vehicle: 308  Cost: 129.43
Route: 3 14 31 44 6 53 32 57 -3 
  3 [10  87:102]
 14 [ 6 135:140]
 31 [ 5 300:305]
 44 [ 9 332:337]
  6 [ 8 337:342]
 53 [10 349:354]
 32 [ 6 375:380]
 57 [ 8 380:385]
 -3 [ 8 416:416]

y[2114] = 1.0
Vehicle: 216  Cost: 155.77
Route: 2 37 55 28 23 48 59 -2 
  2 [10  39: 54]
 37 [ 7  90: 95]
 55 [ 8 113:118]
 28 [ 5 127:132]
 23 [ 1 180:185]
 48 [ 3 300:305]
 59 [ 6 420:425]
 -2 [ 6 462:462]

y[2159] = 1.0
Vehicle: 306  Cost: 56.79
Route: 3 4 40 12 58 33 39 -3 
  3 [10  87:170]
  4 [ 7 180:185]
 40 [ 9 185:190]
 12 [ 5 300:305]
 58 [ 9 314:319]
 33 [ 8 319:324]
 39 [ 6 420:425]
 -3 [ 6 441:441]

y[2304] = 1.0
Vehicle: 301  Cost: 52.74
Route: 3 24 25 30 -3 
  3 [ 8 131:295]
 24 [ 4 300:305]
 25 [ 3 309:314]
 30 [ 0 333:338]
 -3 [ 0 363:363]

y[3191] = 1.0
Vehicle: 302  Cost: 137.21
Route: 3 10 38 19 49 17 51 42 -3 
  3 [10  42:268]
 10 [ 9 300:305]
 38 [ 6 323:328]
 19 [ 3 341:346]
 49 [ 7 356:361]
 17 [ 4 382:387]
 51 [ 7 387:392]
 42 [ 9 420:425]
 -3 [ 9 464:464]

y[4174] = 1.0
Vehicle: 204  Cost: 53.17
Route: 2 27 22 50 16 -2 
  2 [10  91:175]
 27 [ 7 180:185]
 22 [ 4 206:211]
 50 [ 6 300:305]
 16 [ 2 305:310]
 -2 [ 2 331:331]

FE: 2
SE: 11
!MIP-----
1228.33552333005,6.670359134674072,0.0,2,11,4164,4195

