--Parameters Information--
speed=1
run=5
iteration= 100000
batch=100
restartPeriod=10000
largeRemovalOccurrence=500
initialLNS=250
lowerBoundSmallRemoval=4
smallRemoval=0.2
lowerBoundLargeRemoval=0.55
largeRemoval=0.8
initialWeight=1.0
decayRate=0.1
gamma1=9.0
gamma2=5.0
gamma3=2.0
gamma4=0.0
coolingRate=0.9995
temperatureControlParameter=0.05
initialAcceptanceProbability=0.5
perturbation=0.5
perturbationFactor=0.01
split=20000

Setup: Split
Data: A_50_10

Run: 1
Total Cost: 1288.13
Vehicle: 11  Cost: 108.46
Route: 1 2 -2 -1 
 1 [ 52   0:  0 [14, 43, 13, 5, 27, 32, 24, 10, 6, 17, 29, 20, 21, 22, 7, 33, 40, 38, 26, 34, 9]]
 2 [  0  54: 54 []]
-2 [ 24  54:436 [51, 68, 69, 53, 46, 62, 57, 64, 63, 52, 47, 49, 65, 44, 48, 60]]
-1 [ 24 490:490 [51, 68, 69, 53, 46, 62, 57, 64, 63, 52, 47, 49, 65, 44, 48, 60]]

Vehicle: 12  Cost: 40.79
Route: 1 3 -3 -1 
 1 [ 46   0:  0 [8, 42, 37, 36, 23, 12, 11, 41, 16, 4, 19, 35, 30, 28, 39, 15, 31, 18, 25]]
 3 [  0  20: 20 []]
-3 [ 24  20:494 [55, 58, 45, 54, 61, 56, 50, 59, 66, 67]]
-1 [ 24 514:514 [55, 58, 45, 54, 61, 56, 50, 59, 66, 67]]

Vehicle: 201  Cost: 118.65
Route: 2 13 63 69 14 51 38 62 -2 
  2 [ 7  54: 69]
 13 [ 6  91: 96]
 63 [ 7 125:130]
 69 [10 152:157]
 14 [ 6 300:305]
 51 [ 7 305:310]
 38 [ 5 329:334]
 62 [ 6 334:339]
 -2 [ 6 361:361]

Vehicle: 202  Cost: 56.75
Route: 2 34 22 9 24 -2 
  2 [10  54: 69]
 34 [ 6  82: 87]
 22 [ 4  96:101]
  9 [ 1 300:305]
 24 [ 0 310:315]
 -2 [ 0 333:333]

Vehicle: 203  Cost: 68.48
Route: 2 64 48 7 21 60 32 -2 
  2 [ 5  54: 69]
 64 [ 8  86: 91]
 48 [ 9 300:305]
  7 [ 6 305:310]
 21 [ 5 328:333]
 60 [ 6 334:339]
 32 [ 5 354:359]
 -2 [ 5 372:372]

Vehicle: 204  Cost: 90.90
Route: 2 27 53 46 5 52 20 -2 
  2 [10  54: 69]
 27 [ 6  83: 88]
 53 [ 7 104:109]
 46 [ 8 117:122]
  5 [ 4 122:127]
 52 [ 5 132:137]
 20 [ 3 300:305]
 -2 [ 3 348:348]

Vehicle: 205  Cost: 68.07
Route: 2 17 26 57 33 -2 
  2 [10  54: 69]
 17 [ 6  89: 94]
 26 [ 3 300:305]
 57 [ 5 305:310]
 33 [ 2 319:324]
 -2 [ 2 349:349]

Vehicle: 206  Cost: 190.85
Route: 2 10 49 29 43 68 44 47 6 65 40 -2 
  2 [10  54: 69]
 10 [ 7 100:105]
 49 [ 8 105:110]
 29 [ 6 127:132]
 43 [ 5 180:185]
 68 [ 6 185:190]
 44 [ 8 300:305]
 47 [ 9 339:344]
  6 [ 7 344:349]
 65 [10 383:388]
 40 [ 8 388:393]
 -2 [ 8 421:421]

Vehicle: 301  Cost: 99.47
Route: 3 19 61 35 15 -3 
  3 [10  20: 35]
 19 [ 6  63: 68]
 61 [ 8 300:305]
 35 [ 6 305:310]
 15 [ 2 344:349]
 -3 [ 2 373:373]

Vehicle: 302  Cost: 149.25
Route: 3 31 41 50 11 8 45 4 67 42 66 -3 
  3 [10  20: 35]
 31 [ 9  55: 60]
 41 [ 8  78: 83]
 50 [ 9 103:108]
 11 [ 7 108:113]
  8 [ 4 128:133]
 45 [ 5 180:185]
  4 [ 3 185:190]
 67 [ 6 233:238]
 42 [ 5 238:243]
 66 [ 8 263:268]
 -3 [ 8 278:278]

Vehicle: 303  Cost: 64.16
Route: 3 25 56 16 37 -3 
  3 [ 8  20: 35]
 25 [ 5  59: 64]
 56 [ 9  64: 69]
 16 [ 7  76: 81]
 37 [ 4 300:305]
 -3 [ 4 335:335]

Vehicle: 304  Cost: 170.04
Route: 3 12 55 23 59 30 28 54 58 -3 
  3 [10  20: 35]
 12 [ 8  75: 80]
 55 [ 9  97:102]
 23 [ 8 102:107]
 59 [10 180:185]
 30 [ 6 185:190]
 28 [ 3 300:305]
 54 [ 6 308:313]
 58 [10 420:425]
 -3 [10 479:479]

Vehicle: 306  Cost: 62.26
Route: 3 39 18 36 -3 
  3 [ 8  20:399]
 39 [ 5 420:425]
 18 [ 1 436:441]
 36 [ 0 451:456]
 -3 [ 0 477:477]

Total Cost: 1288.13
 11:108.46, 52:75 [1, 2, -2, -1]
 12:40.79, 46:75 [1, 3, -3, -1]
201:118.65, 10:10 [2, 13, 63, 69, 14, 51, 38, 62, -2]
202:56.75, 10:10 [2, 34, 22, 9, 24, -2]
203:68.48, 9:10 [2, 64, 48, 7, 21, 60, 32, -2]
204:90.90, 10:10 [2, 27, 53, 46, 5, 52, 20, -2]
205:68.07, 10:10 [2, 17, 26, 57, 33, -2]
206:190.85, 10:10 [2, 10, 49, 29, 43, 68, 44, 47, 6, 65, 40, -2]
301:99.47, 10:10 [3, 19, 61, 35, 15, -3]
302:149.25, 10:10 [3, 31, 41, 50, 11, 8, 45, 4, 67, 42, 66, -3]
303:64.16, 9:10 [3, 25, 56, 16, 37, -3]
304:170.04, 10:10 [3, 12, 55, 23, 59, 30, 28, 54, 58, -3]
306:62.26, 8:10 [3, 39, 18, 36, -3]
fe: 2, se: 11

!ALNS------------
100000,1288.1336321404858,128.34,79.108,2,11,0.6533333333333333,0.9636363636363636,33.0,6.0
7 8 4 4 0 0 4 0 
19.02946155618656 37.93710198215612 25.25800779542443 25.620410357169316 53.53372390241744 42.622955040096336 22.722735199137873 49.445379148918434 
2 3 7 4 2 4 2 3 
28.645772995889978 26.625371889715428 23.46211123837796 24.304694095167065 29.805452883249945 37.729458044276726 28.69773916652445 31.13532059177886 

x[8199] = 1.0
Vehicle: 11  Cost: 108.46
Route: 1 2 -2 -1 
 1 [ 52   0:  0 [43, 27, 7, 29, 10, 34, 26, 33, 22, 9, 14, 38, 40, 5, 13, 6, 21, 32, 20, 17, 24]]
 2 [  0  54: 54 []]
-2 [ 24  54:487 [62, 64, 63, 48, 53, 47, 60, 49, 46, 52, 44, 68, 57, 65, 51, 69]]
-1 [ 24 541:541 [62, 64, 63, 48, 53, 47, 60, 49, 46, 52, 44, 68, 57, 65, 51, 69]]

x[9128] = 1.0
Vehicle: 12  Cost: 40.79
Route: 1 3 -3 -1 
 1 [ 46   0:  0 [36, 8, 4, 37, 16, 41, 11, 15, 28, 42, 30, 12, 35, 23, 19, 18, 31, 25, 39]]
 3 [  0  20: 20 []]
-3 [ 24  20:557 [67, 50, 59, 45, 61, 54, 55, 58, 66, 56]]
-1 [ 24 578:578 [67, 50, 59, 45, 61, 54, 55, 58, 66, 56]]

y[489] = 1.0
Vehicle: 203  Cost: 68.48
Route: 2 64 48 7 21 60 32 -2 
  2 [ 5  70: 85]
 64 [ 8 101:106]
 48 [ 9 300:305]
  7 [ 6 305:310]
 21 [ 5 328:333]
 60 [ 6 334:339]
 32 [ 5 354:359]
 -2 [ 5 372:372]

y[627] = 1.0
Vehicle: 222  Cost: 56.75
Route: 2 34 22 9 24 -2 
  2 [10 175:190]
 34 [ 6 202:207]
 22 [ 4 217:222]
  9 [ 1 300:305]
 24 [ 0 310:315]
 -2 [ 0 333:333]

y[658] = 1.0
Vehicle: 202  Cost: 90.90
Route: 2 27 53 5 46 52 20 -2 
  2 [10  70: 85]
 27 [ 6  99:104]
 53 [ 7 119:124]
  5 [ 3 133:138]
 46 [ 4 138:143]
 52 [ 5 148:153]
 20 [ 3 300:305]
 -2 [ 3 348:348]

y[1145] = 1.0
Vehicle: 206  Cost: 190.85
Route: 2 10 49 29 43 68 44 47 6 65 40 -2 
  2 [10  70: 85]
 10 [ 7 115:120]
 49 [ 8 120:125]
 29 [ 6 142:147]
 43 [ 5 180:185]
 68 [ 6 185:190]
 44 [ 8 300:305]
 47 [ 9 339:344]
  6 [ 7 344:349]
 65 [10 383:388]
 40 [ 8 388:393]
 -2 [ 8 421:421]

y[1341] = 1.0
Vehicle: 205  Cost: 68.07
Route: 2 17 26 57 33 -2 
  2 [10  88:103]
 17 [ 6 124:129]
 26 [ 3 300:305]
 57 [ 5 305:310]
 33 [ 2 319:324]
 -2 [ 2 349:349]

y[1489] = 1.0
Vehicle: 303  Cost: 61.86
Route: 3 25 56 16 15 -3 
  3 [ 9 104:119]
 25 [ 6 142:147]
 56 [10 147:152]
 16 [ 8 160:165]
 15 [ 4 300:305]
 -3 [ 4 329:329]

y[1633] = 1.0
Vehicle: 306  Cost: 62.26
Route: 3 39 18 36 -3 
  3 [ 8 480:495]
 39 [ 5 516:521]
 18 [ 1 531:536]
 36 [ 0 547:552]
 -3 [ 0 572:572]

y[1832] = 0.9999999999999999
Vehicle: 304  Cost: 139.10
Route: 3 23 55 30 59 28 54 61 35 -3 
  3 [10  20: 35]
 23 [ 9  86: 91]
 55 [10  91: 96]
 30 [ 6 180:185]
 59 [ 8 185:190]
 28 [ 5 300:305]
 54 [ 8 308:313]
 61 [10 332:337]
 35 [ 8 337:342]
 -3 [ 8 383:383]

y[2947] = 1.0
Vehicle: 302  Cost: 149.25
Route: 3 31 41 50 11 8 45 4 67 42 66 -3 
  3 [10  20: 35]
 31 [ 9  55: 60]
 41 [ 8  78: 83]
 50 [ 9 103:108]
 11 [ 7 108:113]
  8 [ 4 128:133]
 45 [ 5 180:185]
  4 [ 3 185:190]
 67 [ 6 233:238]
 42 [ 5 238:243]
 66 [ 8 263:268]
 -3 [ 8 278:278]

y[4639] = 0.9999999999999999
Vehicle: 307  Cost: 124.76
Route: 3 19 12 58 37 -3 
  3 [ 9  20: 35]
 19 [ 5  63: 68]
 12 [ 3  87: 92]
 58 [ 7 420:425]
 37 [ 4 453:458]
 -3 [ 4 487:487]

y[6309] = 1.0
Vehicle: 201  Cost: 118.65
Route: 2 13 63 69 14 51 38 62 -2 
  2 [ 7 175:190]
 13 [ 6 211:216]
 63 [ 7 245:250]
 69 [10 273:278]
 14 [ 6 300:305]
 51 [ 7 305:310]
 38 [ 5 329:334]
 62 [ 6 334:339]
 -2 [ 6 361:361]

FE: 2
SE: 11
!MIP-----
1280.1900405761394,161.40665102005005,1.5590263825123167E-5,2,11,9590,6544

Run: 2
Total Cost: 1283.63
Vehicle: 11  Cost: 108.46
Route: 1 2 -2 -1 
 1 [ 59   0:  0 [10, 27, 13, 40, 20, 43, 5, 34, 30, 8, 11, 38, 4, 7, 24, 14, 9, 6, 21, 22, 17, 32, 29, 41, 31]]
 2 [  0  54: 54 []]
-2 [ 26  54:419 [69, 51, 47, 60, 49, 50, 46, 62, 68, 48, 59, 52, 45, 53, 65, 64, 44, 63]]
-1 [ 26 473:473 [69, 51, 47, 60, 49, 50, 46, 62, 68, 48, 59, 52, 45, 53, 65, 64, 44, 63]]

Vehicle: 12  Cost: 40.79
Route: 1 3 -3 -1 
 1 [ 39   0:  0 [15, 26, 37, 35, 23, 33, 36, 25, 28, 12, 39, 16, 18, 42, 19]]
 3 [  0  20: 20 []]
-3 [ 22  20:494 [57, 56, 58, 61, 54, 67, 55, 66]]
-1 [ 22 514:514 [57, 56, 58, 61, 54, 67, 55, 66]]

Vehicle: 201  Cost: 90.90
Route: 2 27 53 5 46 52 20 -2 
  2 [10  54: 69]
 27 [ 6  83: 88]
 53 [ 7 104:109]
  5 [ 3 117:122]
 46 [ 4 122:127]
 52 [ 5 132:137]
 20 [ 3 300:305]
 -2 [ 3 348:348]

Vehicle: 202  Cost: 189.99
Route: 2 29 59 30 68 43 44 6 47 -2 
  2 [ 9  54: 69]
 29 [ 7 115:120]
 59 [ 9 180:185]
 30 [ 5 185:190]
 68 [ 6 198:203]
 43 [ 5 203:208]
 44 [ 7 300:305]
  6 [ 5 339:344]
 47 [ 6 344:349]
 -2 [ 6 404:404]

Vehicle: 203  Cost: 114.86
Route: 2 41 45 4 8 11 50 21 60 32 -2 
  2 [10  54: 69]
 41 [ 9  89: 94]
 45 [10 180:185]
  4 [ 8 185:190]
  8 [ 5 194:199]
 11 [ 3 214:219]
 50 [ 4 219:224]
 21 [ 3 300:305]
 60 [ 4 306:311]
 32 [ 3 327:332]
 -2 [ 3 344:344]

Vehicle: 204  Cost: 60.96
Route: 2 17 49 10 65 40 -2 
  2 [ 9  54: 69]
 17 [ 5  89: 94]
 49 [ 6 105:110]
 10 [ 3 110:115]
 65 [ 6 300:305]
 40 [ 4 305:310]
 -2 [ 4 338:338]

Vehicle: 205  Cost: 51.62
Route: 2 31 64 7 48 -2 
  2 [ 4  54: 69]
 31 [ 3  84: 89]
 64 [ 6 100:105]
  7 [ 3 300:305]
 48 [ 4 305:310]
 -2 [ 4 331:331]

Vehicle: 206  Cost: 118.65
Route: 2 13 63 69 14 51 38 62 -2 
  2 [ 7  54: 69]
 13 [ 6  91: 96]
 63 [ 7 125:130]
 69 [10 152:157]
 14 [ 6 300:305]
 51 [ 7 305:310]
 38 [ 5 329:334]
 62 [ 6 334:339]
 -2 [ 6 361:361]

Vehicle: 207  Cost: 56.75
Route: 2 34 22 9 24 -2 
  2 [10  54: 69]
 34 [ 6  82: 87]
 22 [ 4  96:101]
  9 [ 1 300:305]
 24 [ 0 310:315]
 -2 [ 0 333:333]

Vehicle: 301  Cost: 64.28
Route: 3 16 37 15 -3 
  3 [ 9  20: 35]
 16 [ 7  66: 71]
 37 [ 4 300:305]
 15 [ 0 311:316]
 -3 [ 0 340:340]

Vehicle: 302  Cost: 174.76
Route: 3 12 55 23 61 35 28 54 58 -3 
  3 [ 8  20: 35]
 12 [ 6  75: 80]
 55 [ 7  97:102]
 23 [ 6 102:107]
 61 [ 8 300:305]
 35 [ 6 305:310]
 28 [ 3 331:336]
 54 [ 6 339:344]
 58 [10 420:425]
 -3 [10 479:479]

Vehicle: 303  Cost: 84.38
Route: 3 19 57 26 33 -3 
  3 [10  20: 35]
 19 [ 6  63: 68]
 57 [ 8 300:305]
 26 [ 5 305:310]
 33 [ 2 319:324]
 -3 [ 2 356:356]

Vehicle: 304  Cost: 64.96
Route: 3 66 25 56 42 67 -3 
  3 [ 4  20: 35]
 66 [ 7  45: 50]
 25 [ 4  66: 71]
 56 [ 8  71: 76]
 42 [ 7  98:103]
 67 [10 103:108]
 -3 [10 125:125]

Vehicle: 305  Cost: 62.26
Route: 3 39 18 36 -3 
  3 [ 8  20:399]
 39 [ 5 420:425]
 18 [ 1 436:441]
 36 [ 0 451:456]
 -3 [ 0 477:477]

Total Cost: 1283.63
 11:108.46, 59:75 [1, 2, -2, -1]
 12:40.79, 39:75 [1, 3, -3, -1]
201:90.90, 10:10 [2, 27, 53, 5, 46, 52, 20, -2]
202:189.99, 9:10 [2, 29, 59, 30, 68, 43, 44, 6, 47, -2]
203:114.86, 10:10 [2, 41, 45, 4, 8, 11, 50, 21, 60, 32, -2]
204:60.96, 9:10 [2, 17, 49, 10, 65, 40, -2]
205:51.62, 6:10 [2, 31, 64, 7, 48, -2]
206:118.65, 10:10 [2, 13, 63, 69, 14, 51, 38, 62, -2]
207:56.75, 10:10 [2, 34, 22, 9, 24, -2]
301:64.28, 9:10 [3, 16, 37, 15, -3]
302:174.76, 10:10 [3, 12, 55, 23, 61, 35, 28, 54, 58, -3]
303:84.38, 10:10 [3, 19, 57, 26, 33, -3]
304:64.96, 10:10 [3, 66, 25, 56, 42, 67, -3]
305:62.26, 8:10 [3, 39, 18, 36, -3]
fe: 2, se: 12

!ALNS------------
100000,1283.6250522131957,143.577,14.26,2,12,0.6533333333333333,0.925,33.0,5.5
8 10 6 4 0 1 1 0 
20.063550412382213 36.14230413173549 17.575390273058606 23.73802890494384 20.32783239985997 15.778298777364398 19.478152237869214 52.1965827619347 
3 7 4 3 1 2 9 1 
25.57901673763236 23.59763027413924 28.345449369212595 28.346807155333114 31.889494172255212 24.109015841596513 22.550958100868847 28.863911882896158 

x[2170] = 1.0
Vehicle: 11  Cost: 108.46
Route: 1 2 -2 -1 
 1 [ 59   0:  0 [10, 13, 5, 34, 8, 11, 38, 4, 7, 14, 22, 43, 30, 6, 29, 20, 21, 40, 9, 41, 17, 24, 31, 27, 32]]
 2 [  0  54: 54 []]
-2 [ 28  54:419 [47, 60, 49, 46, 62, 52, 45, 65, 64, 44, 63, 68, 59, 51, 50, 69, 53, 48, 57]]
-1 [ 28 473:473 [47, 60, 49, 46, 62, 52, 45, 65, 64, 44, 63, 68, 59, 51, 50, 69, 53, 48, 57]]

x[3963] = 1.0
Vehicle: 12  Cost: 40.79
Route: 1 3 -3 -1 
 1 [ 39   0:  0 [37, 42, 15, 36, 39, 25, 35, 16, 19, 23, 28, 26, 33, 12, 18]]
 3 [  0  20: 20 []]
-3 [ 22  20:563 [57, 56, 67, 61, 55, 66, 54, 58]]
-1 [ 22 583:583 [57, 56, 67, 61, 55, 66, 54, 58]]

y[100] = 1.0
Vehicle: 204  Cost: 60.96
Route: 2 17 10 49 40 65 -2 
  2 [ 9 122:137]
 17 [ 5 157:162]
 10 [ 2 173:178]
 49 [ 3 178:183]
 40 [ 1 300:305]
 65 [ 4 305:310]
 -2 [ 4 338:338]

y[902] = 1.0
Vehicle: 301  Cost: 64.28
Route: 3 16 37 15 -3 
  3 [ 9 104:119]
 16 [ 7 150:155]
 37 [ 4 300:305]
 15 [ 0 311:316]
 -3 [ 0 340:340]

y[929] = 1.0
Vehicle: 205  Cost: 69.14
Route: 2 34 22 41 64 48 7 -2 
  2 [10  54: 69]
 34 [ 6  82: 87]
 22 [ 4  96:101]
 41 [ 3 114:119]
 64 [ 6 127:132]
 48 [ 7 300:305]
  7 [ 4 305:310]
 -2 [ 4 331:331]

y[1205] = 1.0
Vehicle: 206  Cost: 232.69
Route: 2 13 63 29 30 59 43 68 44 47 6 -2 
  2 [10  54: 69]
 13 [ 9  91: 96]
 63 [10 125:130]
 29 [ 8 167:172]
 30 [ 4 199:204]
 59 [ 6 204:209]
 43 [ 5 217:222]
 68 [ 6 222:227]
 44 [ 8 300:305]
 47 [ 9 339:344]
  6 [ 7 344:349]
 -2 [ 7 404:404]

y[1331] = 0.9999999999999999
Vehicle: 206  Cost: 94.53
Route: 2 27 53 69 14 51 62 38 -2 
  2 [10  54: 69]
 27 [ 6  83: 88]
 53 [ 7 104:109]
 69 [10 128:133]
 14 [ 6 300:305]
 51 [ 7 305:310]
 62 [ 8 329:334]
 38 [ 6 334:339]
 -2 [ 6 361:361]

y[2482] = 1.0
Vehicle: 303  Cost: 84.38
Route: 3 19 57 26 33 -3 
  3 [10 104:119]
 19 [ 6 146:151]
 57 [ 8 300:305]
 26 [ 5 305:310]
 33 [ 2 319:324]
 -3 [ 2 356:356]

y[2486] = 0.9999999999999999
Vehicle: 201  Cost: 104.60
Route: 2 5 46 52 20 9 24 -2 
  2 [10  54: 69]
  5 [ 6 104:109]
 46 [ 7 109:114]
 52 [ 8 119:124]
 20 [ 6 300:305]
  9 [ 3 342:347]
 24 [ 2 352:357]
 -2 [ 2 375:375]

y[2891] = 1.0
Vehicle: 302  Cost: 174.76
Route: 3 12 55 23 35 61 28 54 58 -3 
  3 [ 8 104:119]
 12 [ 6 159:164]
 55 [ 7 180:185]
 23 [ 6 185:190]
 35 [ 4 300:305]
 61 [ 6 305:310]
 28 [ 3 331:336]
 54 [ 6 339:344]
 58 [10 420:425]
 -3 [10 479:479]

y[3479] = 1.0
Vehicle: 305  Cost: 62.26
Route: 3 39 18 36 -3 
  3 [ 8 469:484]
 39 [ 5 505:510]
 18 [ 1 520:525]
 36 [ 0 536:541]
 -3 [ 0 561:561]

y[3571] = 1.0
Vehicle: 304  Cost: 64.96
Route: 3 66 25 56 42 67 -3 
  3 [ 4  20: 35]
 66 [ 7  45: 50]
 25 [ 4  66: 71]
 56 [ 8  71: 76]
 42 [ 7  98:103]
 67 [10 103:108]
 -3 [10 125:125]

y[4220] = 1.0
Vehicle: 203  Cost: 120.45
Route: 2 31 4 45 8 11 50 21 60 32 -2 
  2 [10  54: 69]
 31 [ 9  84: 89]
  4 [ 7 180:185]
 45 [ 8 185:190]
  8 [ 5 194:199]
 11 [ 3 214:219]
 50 [ 4 219:224]
 21 [ 3 300:305]
 60 [ 4 306:311]
 32 [ 3 327:332]
 -2 [ 3 344:344]

FE: 2
SE: 11
!MIP-----
1282.268946820657,284.7999749183655,6.433163902397858E-5,2,11,6528,4290

Run: 3
Total Cost: 1291.96
Vehicle: 11  Cost: 108.46
Route: 1 2 -2 -1 
 1 [ 61   0:  0 [5, 8, 4, 17, 32, 38, 43, 29, 20, 14, 41, 33, 24, 6, 10, 31, 26, 27, 9, 40, 21, 7, 13, 22, 11, 34]]
 2 [  0  54: 54 []]
-2 [ 26  54:458 [65, 46, 68, 47, 57, 62, 49, 50, 69, 51, 48, 45, 52, 63, 53, 44, 64, 60]]
-1 [ 26 512:512 [65, 46, 68, 47, 57, 62, 49, 50, 69, 51, 48, 45, 52, 63, 53, 44, 64, 60]]

Vehicle: 12  Cost: 40.79
Route: 1 3 -3 -1 
 1 [ 37   0:  0 [12, 28, 37, 42, 18, 19, 30, 16, 23, 39, 15, 36, 25, 35]]
 3 [  0  20: 20 []]
-3 [ 22  20:494 [59, 56, 67, 54, 66, 58, 61, 55]]
-1 [ 22 514:514 [59, 56, 67, 54, 66, 58, 61, 55]]

Vehicle: 201  Cost: 128.26
Route: 2 13 63 69 14 51 20 -2 
  2 [ 7  54: 69]
 13 [ 6  91: 96]
 63 [ 7 125:130]
 69 [10 152:157]
 14 [ 6 300:305]
 51 [ 7 305:310]
 20 [ 5 318:323]
 -2 [ 5 366:366]

Vehicle: 202  Cost: 81.84
Route: 2 27 53 46 5 52 62 38 -2 
  2 [10  54: 69]
 27 [ 6  83: 88]
 53 [ 7 104:109]
 46 [ 8 117:122]
  5 [ 4 122:127]
 52 [ 5 132:137]
 62 [ 6 300:305]
 38 [ 4 305:310]
 -2 [ 4 332:332]

Vehicle: 203  Cost: 201.01
Route: 2 29 68 43 44 6 47 26 57 40 65 -2 
  2 [10  54: 69]
 29 [ 8 115:120]
 68 [ 9 180:185]
 43 [ 8 185:190]
 44 [10 300:305]
  6 [ 8 339:344]
 47 [ 9 344:349]
 26 [ 6 387:392]
 57 [ 8 392:397]
 40 [ 6 406:411]
 65 [ 9 411:416]
 -2 [ 9 443:443]

Vehicle: 204  Cost: 56.75
Route: 2 34 22 9 24 -2 
  2 [10  54: 69]
 34 [ 6  82: 87]
 22 [ 4  96:101]
  9 [ 1 300:305]
 24 [ 0 310:315]
 -2 [ 0 333:333]

Vehicle: 205  Cost: 114.86
Route: 2 41 45 4 8 11 50 21 60 32 -2 
  2 [10  54: 69]
 41 [ 9  89: 94]
 45 [10 180:185]
  4 [ 8 185:190]
  8 [ 5 194:199]
 11 [ 3 214:219]
 50 [ 4 219:224]
 21 [ 3 300:305]
 60 [ 4 306:311]
 32 [ 3 327:332]
 -2 [ 3 344:344]

Vehicle: 206  Cost: 51.62
Route: 2 31 64 7 48 -2 
  2 [ 4  54: 69]
 31 [ 3  84: 89]
 64 [ 6 100:105]
  7 [ 3 300:305]
 48 [ 4 305:310]
 -2 [ 4 331:331]

Vehicle: 207  Cost: 63.90
Route: 2 17 10 49 33 -2 
  2 [10  54: 69]
 17 [ 6  89: 94]
 10 [ 3 105:110]
 49 [ 4 110:115]
 33 [ 1 300:305]
 -2 [ 1 329:329]

Vehicle: 301  Cost: 84.62
Route: 3 66 19 35 61 -3 
  3 [ 6  20: 35]
 66 [ 9  45: 50]
 19 [ 5  69: 74]
 35 [ 3 300:305]
 61 [ 5 305:310]
 -3 [ 5 351:351]

Vehicle: 302  Cost: 170.04
Route: 3 12 55 23 30 59 28 54 58 -3 
  3 [10  20: 35]
 12 [ 8  75: 80]
 55 [ 9  97:102]
 23 [ 8 102:107]
 30 [ 4 180:185]
 59 [ 6 185:190]
 28 [ 3 300:305]
 54 [ 6 308:313]
 58 [10 420:425]
 -3 [10 479:479]

Vehicle: 303  Cost: 62.26
Route: 3 39 18 36 -3 
  3 [ 8  20:399]
 39 [ 5 420:425]
 18 [ 1 436:441]
 36 [ 0 451:456]
 -3 [ 0 477:477]

Vehicle: 304  Cost: 77.98
Route: 3 42 67 16 37 -3 
  3 [ 6  20: 35]
 42 [ 5  53: 58]
 67 [ 8  58: 63]
 16 [ 6  90: 95]
 37 [ 3 300:305]
 -3 [ 3 335:335]

Vehicle: 305  Cost: 49.58
Route: 3 25 56 15 -3 
  3 [ 7  20: 35]
 25 [ 4  59: 64]
 56 [ 8  64: 69]
 15 [ 4 300:305]
 -3 [ 4 329:329]

Total Cost: 1291.96
 11:108.46, 61:75 [1, 2, -2, -1]
 12:40.79, 37:75 [1, 3, -3, -1]
201:128.26, 10:10 [2, 13, 63, 69, 14, 51, 20, -2]
202:81.84, 10:10 [2, 27, 53, 46, 5, 52, 62, 38, -2]
203:201.01, 10:10 [2, 29, 68, 43, 44, 6, 47, 26, 57, 40, 65, -2]
204:56.75, 10:10 [2, 34, 22, 9, 24, -2]
205:114.86, 10:10 [2, 41, 45, 4, 8, 11, 50, 21, 60, 32, -2]
206:51.62, 6:10 [2, 31, 64, 7, 48, -2]
207:63.90, 10:10 [2, 17, 10, 49, 33, -2]
301:84.62, 9:10 [3, 66, 19, 35, 61, -3]
302:170.04, 10:10 [3, 12, 55, 23, 30, 59, 28, 54, 58, -3]
303:62.26, 8:10 [3, 39, 18, 36, -3]
304:77.98, 8:10 [3, 42, 67, 16, 37, -3]
305:49.58, 8:10 [3, 25, 56, 15, -3]
fe: 2, se: 12

!ALNS------------
100000,1291.964982339582,139.143,138.866,2,12,0.6533333333333333,0.9083333333333333,33.0,5.5
4 10 4 6 0 0 5 0 
16.508673505304763 29.878674769479453 25.09514550611879 24.037219573409118 NaN 28.732922531494506 17.98663820351389 50.071823312519506 
5 2 6 3 2 4 4 3 
23.60640575324664 22.411480388520076 29.397257679617933 22.66208202569184 23.683173471572655 24.380841918124723 24.281962812461913 26.95613753931759 

x[668] = 1.0
Vehicle: 12  Cost: 40.79
Route: 1 3 -3 -1 
 1 [ 37   0:  0 [42, 12, 39, 23, 30, 35, 36, 19, 37, 25, 18, 28, 15, 16]]
 3 [  0  20: 20 []]
-3 [ 22  20:502 [61, 56, 67, 58, 54, 55, 66, 59]]
-1 [ 22 523:523 [61, 56, 67, 58, 54, 55, 66, 59]]

x[6069] = 1.0
Vehicle: 11  Cost: 108.46
Route: 1 2 -2 -1 
 1 [ 61   0:  0 [38, 7, 5, 10, 6, 4, 27, 32, 29, 22, 20, 14, 17, 43, 31, 34, 24, 41, 40, 33, 9, 21, 26, 11, 8, 13]]
 2 [  0  54: 54 []]
-2 [ 28  54:492 [52, 62, 68, 47, 50, 53, 65, 61, 63, 64, 69, 60, 48, 49, 57, 46, 45, 44, 51]]
-1 [ 28 546:546 [52, 62, 68, 47, 50, 53, 65, 61, 63, 64, 69, 60, 48, 49, 57, 46, 45, 44, 51]]

y[316] = 1.0
Vehicle: 205  Cost: 56.75
Route: 2 34 22 9 24 -2 
  2 [10 234:249]
 34 [ 6 261:266]
 22 [ 4 276:281]
  9 [ 1 300:305]
 24 [ 0 310:315]
 -2 [ 0 333:333]

y[386] = 1.0
Vehicle: 303  Cost: 62.26
Route: 3 39 18 36 -3 
  3 [ 8 504:519]
 39 [ 5 540:545]
 18 [ 1 556:561]
 36 [ 0 571:576]
 -3 [ 0 597:597]

y[776] = 1.0
Vehicle: 303  Cost: 47.60
Route: 3 66 42 67 -3 
  3 [ 1  20: 35]
 66 [ 4  45: 50]
 42 [ 3  70: 75]
 67 [ 6  75: 80]
 -3 [ 6  98: 98]

y[1004] = 1.0
Vehicle: 202  Cost: 90.90
Route: 2 27 53 46 5 52 20 -2 
  2 [10  70: 85]
 27 [ 6  99:104]
 53 [ 7 119:124]
 46 [ 8 133:138]
  5 [ 4 138:143]
 52 [ 5 148:153]
 20 [ 3 300:305]
 -2 [ 3 348:348]

y[1828] = 1.0
Vehicle: 207  Cost: 68.07
Route: 2 17 26 57 33 -2 
  2 [10  70: 85]
 17 [ 6 105:110]
 26 [ 3 300:305]
 57 [ 5 305:310]
 33 [ 2 319:324]
 -2 [ 2 349:349]

y[1997] = 1.0
Vehicle: 215  Cost: 114.86
Route: 2 41 45 4 8 50 11 21 60 32 -2 
  2 [10  88:103]
 41 [ 9 123:128]
 45 [10 180:185]
  4 [ 8 185:190]
  8 [ 5 194:199]
 50 [ 6 214:219]
 11 [ 4 219:224]
 21 [ 3 300:305]
 60 [ 4 306:311]
 32 [ 3 327:332]
 -2 [ 3 344:344]

y[2112] = 1.0
Vehicle: 302  Cost: 124.76
Route: 3 19 12 58 37 -3 
  3 [ 9  20: 35]
 19 [ 5  63: 68]
 12 [ 3  87: 92]
 58 [ 7 420:425]
 37 [ 4 453:458]
 -3 [ 4 487:487]

y[2343] = 1.0
Vehicle: 305  Cost: 61.86
Route: 3 25 56 16 15 -3 
  3 [ 9 104:119]
 25 [ 6 142:147]
 56 [10 147:152]
 16 [ 8 160:165]
 15 [ 4 300:305]
 -3 [ 4 329:329]

y[2895] = 1.0
Vehicle: 301  Cost: 139.10
Route: 3 23 55 30 59 28 54 61 35 -3 
  3 [10  20: 35]
 23 [ 9  86: 91]
 55 [10  91: 96]
 30 [ 6 180:185]
 59 [ 8 185:190]
 28 [ 5 300:305]
 54 [ 8 308:313]
 61 [10 332:337]
 35 [ 8 337:342]
 -3 [ 8 383:383]

y[4737] = 1.0
Vehicle: 203  Cost: 190.85
Route: 2 10 49 29 43 68 44 47 6 65 40 -2 
  2 [10  88:103]
 10 [ 7 134:139]
 49 [ 8 139:144]
 29 [ 6 161:166]
 43 [ 5 192:197]
 68 [ 6 197:202]
 44 [ 8 300:305]
 47 [ 9 339:344]
  6 [ 7 344:349]
 65 [10 383:388]
 40 [ 8 388:393]
 -2 [ 8 421:421]

y[4738] = 1.0
Vehicle: 201  Cost: 118.65
Route: 2 13 63 69 14 51 62 38 -2 
  2 [ 7 190:205]
 13 [ 6 226:231]
 63 [ 7 260:265]
 69 [10 288:293]
 14 [ 6 300:305]
 51 [ 7 305:310]
 62 [ 8 329:334]
 38 [ 6 334:339]
 -2 [ 6 361:361]

y[4758] = 1.0
Vehicle: 206  Cost: 51.62
Route: 2 31 64 48 7 -2 
  2 [ 4  70: 85]
 31 [ 3 100:105]
 64 [ 6 115:120]
 48 [ 7 300:305]
  7 [ 4 305:310]
 -2 [ 4 331:331]

FE: 2
SE: 12
!MIP-----
1276.5379779029117,69.5639750957489,8.440548805038896E-5,2,12,6737,5181

Run: 4
Total Cost: 1289.78
Vehicle: 11  Cost: 108.46
Route: 1 2 -2 -1 
 1 [ 49   0:  0 [10, 14, 27, 6, 30, 21, 38, 22, 29, 20, 32, 5, 43, 17, 40, 11, 13, 34, 24, 9]]
 2 [  0  54: 54 []]
-2 [ 21  54:419 [62, 46, 68, 47, 60, 65, 63, 44, 59, 50, 49, 53, 69, 52, 51]]
-1 [ 21 473:473 [62, 46, 68, 47, 60, 65, 63, 44, 59, 50, 49, 53, 69, 52, 51]]

Vehicle: 12  Cost: 40.79
Route: 1 3 -3 -1 
 1 [ 49   0:  0 [12, 35, 28, 42, 15, 19, 18, 36, 41, 33, 4, 39, 37, 26, 31, 16, 8, 25, 23, 7]]
 3 [  0  20: 20 []]
-3 [ 27  20:494 [66, 54, 55, 56, 57, 67, 48, 45, 61, 58, 64]]
-1 [ 27 514:514 [66, 54, 55, 56, 57, 67, 48, 45, 61, 58, 64]]

Vehicle: 201  Cost: 104.60
Route: 2 5 46 52 20 9 24 -2 
  2 [10  54: 69]
  5 [ 6 104:109]
 46 [ 7 109:114]
 52 [ 8 119:124]
 20 [ 6 300:305]
  9 [ 3 342:347]
 24 [ 2 352:357]
 -2 [ 2 375:375]

Vehicle: 203  Cost: 88.61
Route: 2 34 22 50 11 21 60 32 -2 
  2 [10  54: 69]
 34 [ 6  82: 87]
 22 [ 4  96:101]
 50 [ 5 124:129]
 11 [ 3 129:134]
 21 [ 2 300:305]
 60 [ 3 306:311]
 32 [ 2 327:332]
 -2 [ 2 344:344]

Vehicle: 204  Cost: 232.69
Route: 2 13 63 29 59 30 43 68 44 47 6 -2 
  2 [10  54: 69]
 13 [ 9  91: 96]
 63 [10 125:130]
 29 [ 8 167:172]
 59 [10 199:204]
 30 [ 6 204:209]
 43 [ 5 217:222]
 68 [ 6 222:227]
 44 [ 8 300:305]
 47 [ 9 339:344]
  6 [ 7 344:349]
 -2 [ 7 404:404]

Vehicle: 206  Cost: 60.96
Route: 2 17 49 10 40 65 -2 
  2 [ 9  54: 69]
 17 [ 5  89: 94]
 49 [ 6 105:110]
 10 [ 3 110:115]
 40 [ 1 300:305]
 65 [ 4 305:310]
 -2 [ 4 338:338]

Vehicle: 207  Cost: 94.53
Route: 2 27 53 69 14 51 38 62 -2 
  2 [10  54: 69]
 27 [ 6  83: 88]
 53 [ 7 104:109]
 69 [10 128:133]
 14 [ 6 300:305]
 51 [ 7 305:310]
 38 [ 5 329:334]
 62 [ 6 334:339]
 -2 [ 6 361:361]

Vehicle: 301  Cost: 64.28
Route: 3 16 37 15 -3 
  3 [ 9  20: 35]
 16 [ 7  66: 71]
 37 [ 4 300:305]
 15 [ 0 311:316]
 -3 [ 0 340:340]

Vehicle: 302  Cost: 174.76
Route: 3 12 23 55 61 35 28 54 58 -3 
  3 [ 8  20: 35]
 12 [ 6  75: 80]
 23 [ 5  97:102]
 55 [ 6 102:107]
 61 [ 8 300:305]
 35 [ 6 305:310]
 28 [ 3 331:336]
 54 [ 6 339:344]
 58 [10 420:425]
 -3 [10 479:479]

Vehicle: 303  Cost: 64.96
Route: 3 67 42 25 56 66 -3 
  3 [ 4  20: 35]
 67 [ 7  53: 58]
 42 [ 6  58: 63]
 25 [ 3  85: 90]
 56 [ 7  90: 95]
 66 [10 111:116]
 -3 [10 125:125]

Vehicle: 304  Cost: 83.31
Route: 3 31 64 41 7 48 39 -3 
  3 [ 8  20: 35]
 31 [ 7  55: 60]
 64 [10  70: 75]
 41 [ 9  83: 88]
  7 [ 6 300:305]
 48 [ 7 305:310]
 39 [ 4 420:425]
 -3 [ 4 446:446]

Vehicle: 305  Cost: 84.38
Route: 3 19 26 57 33 -3 
  3 [10  20: 35]
 19 [ 6  63: 68]
 26 [ 3 300:305]
 57 [ 5 305:310]
 33 [ 2 319:324]
 -3 [ 2 356:356]

Vehicle: 309  Cost: 87.43
Route: 3 8 4 45 18 36 -3 
  3 [10  20: 35]
  8 [ 7  77: 82]
  4 [ 5 180:185]
 45 [ 6 185:190]
 18 [ 2 300:305]
 36 [ 1 316:321]
 -3 [ 1 341:341]

Total Cost: 1289.78
 11:108.46, 49:75 [1, 2, -2, -1]
 12:40.79, 49:75 [1, 3, -3, -1]
201:104.60, 10:10 [2, 5, 46, 52, 20, 9, 24, -2]
203:88.61, 10:10 [2, 34, 22, 50, 11, 21, 60, 32, -2]
204:232.69, 10:10 [2, 13, 63, 29, 59, 30, 43, 68, 44, 47, 6, -2]
206:60.96, 9:10 [2, 17, 49, 10, 40, 65, -2]
207:94.53, 10:10 [2, 27, 53, 69, 14, 51, 38, 62, -2]
301:64.28, 9:10 [3, 16, 37, 15, -3]
302:174.76, 10:10 [3, 12, 23, 55, 61, 35, 28, 54, 58, -3]
303:64.96, 10:10 [3, 67, 42, 25, 56, 66, -3]
304:83.31, 10:10 [3, 31, 64, 41, 7, 48, 39, -3]
305:84.38, 10:10 [3, 19, 26, 57, 33, -3]
309:87.43, 10:10 [3, 8, 4, 45, 18, 36, -3]
fe: 2, se: 11

!ALNS------------
100000,1289.7782834439513,121.643,60.649,2,11,0.6533333333333333,0.9818181818181818,33.0,6.0
6 13 5 4 0 0 4 0 
16.461117455168047 24.380633781764715 19.9664868915055 20.631992141028363 NaN NaN 16.2475303352585 53.10092182151083 
4 6 3 7 3 1 5 3 
22.213419549342852 17.719362664906765 30.748289998650943 20.660313881202807 30.796346701636434 15.165216836981367 17.520621111952295 23.0652858382529 

x[1078] = 1.0
Vehicle: 11  Cost: 108.46
Route: 1 2 -2 -1 
 1 [ 61   0:  0 [41, 33, 17, 14, 38, 5, 11, 29, 40, 13, 24, 10, 20, 7, 43, 32, 21, 9, 8, 34, 4, 26, 31, 27, 22, 6]]
 2 [  0  54: 54 []]
-2 [ 26  54:436 [48, 52, 47, 64, 57, 62, 50, 69, 46, 44, 60, 63, 51, 49, 45, 68, 65, 53]]
-1 [ 26 490:490 [48, 52, 47, 64, 57, 62, 50, 69, 46, 44, 60, 63, 51, 49, 45, 68, 65, 53]]

x[1443] = 1.0
Vehicle: 12  Cost: 40.79
Route: 1 3 -3 -1 
 1 [ 37   0:  0 [36, 30, 19, 12, 35, 15, 23, 37, 18, 28, 39, 42, 16, 25]]
 3 [  0  20: 20 []]
-3 [ 22  20:494 [55, 66, 61, 58, 56, 59, 54, 67]]
-1 [ 22 514:514 [55, 66, 61, 58, 56, 59, 54, 67]]

y[10] = 1.0
Vehicle: 302  Cost: 84.62
Route: 3 66 19 35 61 -3 
  3 [ 6  20: 35]
 66 [ 9  45: 50]
 19 [ 5  69: 74]
 35 [ 3 300:305]
 61 [ 5 305:310]
 -3 [ 5 351:351]

y[531] = 1.0
Vehicle: 301  Cost: 64.16
Route: 3 25 56 16 37 -3 
  3 [ 8  20: 35]
 25 [ 5  59: 64]
 56 [ 9  64: 69]
 16 [ 7  76: 81]
 37 [ 4 300:305]
 -3 [ 4 335:335]

y[756] = 1.0
Vehicle: 201  Cost: 90.90
Route: 2 27 53 5 46 52 20 -2 
  2 [10  70: 85]
 27 [ 6  99:104]
 53 [ 7 119:124]
  5 [ 3 133:138]
 46 [ 4 138:143]
 52 [ 5 148:153]
 20 [ 3 300:305]
 -2 [ 3 348:348]

y[1049] = 1.0
Vehicle: 207  Cost: 118.65
Route: 2 13 63 69 14 51 38 62 -2 
  2 [ 7  70: 85]
 13 [ 6 106:111]
 63 [ 7 140:145]
 69 [10 168:173]
 14 [ 6 300:305]
 51 [ 7 305:310]
 38 [ 5 329:334]
 62 [ 6 334:339]
 -2 [ 6 361:361]

y[1581] = 1.0
Vehicle: 220  Cost: 68.07
Route: 2 17 57 26 33 -2 
  2 [10  88:103]
 17 [ 6 124:129]
 57 [ 8 300:305]
 26 [ 5 305:310]
 33 [ 2 319:324]
 -2 [ 2 349:349]

y[1851] = 1.0
Vehicle: 303  Cost: 62.26
Route: 3 39 18 36 -3 
  3 [ 8 480:495]
 39 [ 5 516:521]
 18 [ 1 531:536]
 36 [ 0 547:552]
 -3 [ 0 572:572]

y[2191] = 1.0
Vehicle: 204  Cost: 190.85
Route: 2 10 49 29 43 68 44 6 47 40 65 -2 
  2 [10  54: 69]
 10 [ 7 100:105]
 49 [ 8 105:110]
 29 [ 6 127:132]
 43 [ 5 180:185]
 68 [ 6 185:190]
 44 [ 8 300:305]
  6 [ 6 339:344]
 47 [ 7 344:349]
 40 [ 5 383:388]
 65 [ 8 388:393]
 -2 [ 8 421:421]

y[2363] = 1.0
Vehicle: 203  Cost: 51.62
Route: 2 31 64 7 48 -2 
  2 [ 4  54: 69]
 31 [ 3  84: 89]
 64 [ 6 100:105]
  7 [ 3 300:305]
 48 [ 4 305:310]
 -2 [ 4 331:331]

y[2613] = 1.0
Vehicle: 303  Cost: 62.35
Route: 3 42 67 15 -3 
  3 [ 5  20: 35]
 42 [ 4  53: 58]
 67 [ 7  58: 63]
 15 [ 3 300:305]
 -3 [ 3 329:329]

y[2873] = 1.0
Vehicle: 205  Cost: 56.75
Route: 2 34 22 9 24 -2 
  2 [10  70: 85]
 34 [ 6  97:102]
 22 [ 4 112:117]
  9 [ 1 300:305]
 24 [ 0 310:315]
 -2 [ 0 333:333]

y[3443] = 1.0
Vehicle: 302  Cost: 170.04
Route: 3 12 23 55 59 30 28 54 58 -3 
  3 [10  20: 35]
 12 [ 8  75: 80]
 23 [ 7  97:102]
 55 [ 8 102:107]
 59 [10 180:185]
 30 [ 6 185:190]
 28 [ 3 300:305]
 54 [ 6 308:313]
 58 [10 420:425]
 -3 [10 479:479]

y[3571] = 1.0
Vehicle: 203  Cost: 114.86
Route: 2 41 4 45 8 50 11 21 60 32 -2 
  2 [10  54: 69]
 41 [ 9  89: 94]
  4 [ 7 180:185]
 45 [ 8 185:190]
  8 [ 5 194:199]
 50 [ 6 214:219]
 11 [ 4 219:224]
 21 [ 3 300:305]
 60 [ 4 306:311]
 32 [ 3 327:332]
 -2 [ 3 344:344]

FE: 2
SE: 12
!MIP-----
1284.3813849460296,94.56276082992554,6.999385941453371E-5,2,12,5246,3843

Run: 5
Total Cost: 1285.52
Vehicle: 11  Cost: 108.46
Route: 1 2 -2 -1 
 1 [ 69   0:  0 [5, 8, 11, 14, 6, 13, 41, 40, 33, 26, 29, 27, 38, 21, 4, 34, 30, 31, 22, 20, 32, 43, 7, 10, 24, 9, 17, 19]]
 2 [  0  54: 54 []]
-2 [ 28  54:419 [51, 53, 47, 49, 65, 68, 52, 57, 62, 50, 63, 46, 59, 48, 60, 69, 64, 45, 44]]
-1 [ 28 473:473 [51, 53, 47, 49, 65, 68, 52, 57, 62, 50, 63, 46, 59, 48, 60, 69, 64, 45, 44]]

Vehicle: 12  Cost: 40.79
Route: 1 3 -3 -1 
 1 [ 29   0:  0 [15, 28, 36, 35, 16, 39, 23, 42, 12, 37, 25, 18]]
 3 [  0  20: 20 []]
-3 [ 20  20:494 [61, 55, 56, 67, 54, 66, 58]]
-1 [ 20 514:514 [61, 55, 56, 67, 54, 66, 58]]

Vehicle: 201  Cost: 104.60
Route: 2 5 46 52 20 9 24 -2 
  2 [10  54: 69]
  5 [ 6 104:109]
 46 [ 7 109:114]
 52 [ 8 119:124]
 20 [ 6 300:305]
  9 [ 3 342:347]
 24 [ 2 352:357]
 -2 [ 2 375:375]

Vehicle: 202  Cost: 94.53
Route: 2 27 53 69 14 51 62 38 -2 
  2 [10  54: 69]
 27 [ 6  83: 88]
 53 [ 7 104:109]
 69 [10 128:133]
 14 [ 6 300:305]
 51 [ 7 305:310]
 62 [ 8 329:334]
 38 [ 6 334:339]
 -2 [ 6 361:361]

Vehicle: 203  Cost: 69.14
Route: 2 34 22 41 64 7 48 -2 
  2 [10  54: 69]
 34 [ 6  82: 87]
 22 [ 4  96:101]
 41 [ 3 114:119]
 64 [ 6 127:132]
  7 [ 3 300:305]
 48 [ 4 305:310]
 -2 [ 4 331:331]

Vehicle: 204  Cost: 120.45
Route: 2 31 45 4 8 50 11 21 60 32 -2 
  2 [10  54: 69]
 31 [ 9  84: 89]
 45 [10 180:185]
  4 [ 8 185:190]
  8 [ 5 194:199]
 50 [ 6 214:219]
 11 [ 4 219:224]
 21 [ 3 300:305]
 60 [ 4 306:311]
 32 [ 3 327:332]
 -2 [ 3 344:344]

Vehicle: 205  Cost: 87.63
Route: 2 19 57 26 33 -2 
  2 [10  54: 69]
 19 [ 6 108:113]
 57 [ 8 300:305]
 26 [ 5 305:310]
 33 [ 2 319:324]
 -2 [ 2 349:349]

Vehicle: 206  Cost: 60.96
Route: 2 17 10 49 40 65 -2 
  2 [ 9  54: 69]
 17 [ 5  89: 94]
 10 [ 2 105:110]
 49 [ 3 110:115]
 40 [ 1 300:305]
 65 [ 4 305:310]
 -2 [ 4 338:338]

Vehicle: 207  Cost: 232.69
Route: 2 13 63 29 30 59 43 68 44 47 6 -2 
  2 [10  54: 69]
 13 [ 9  91: 96]
 63 [10 125:130]
 29 [ 8 167:172]
 30 [ 4 199:204]
 59 [ 6 204:209]
 43 [ 5 217:222]
 68 [ 6 222:227]
 44 [ 8 300:305]
 47 [ 9 339:344]
  6 [ 7 344:349]
 -2 [ 7 404:404]

Vehicle: 301  Cost: 62.26
Route: 3 36 18 39 -3 
  3 [ 8  20:280]
 36 [ 7 300:305]
 18 [ 3 316:321]
 39 [ 0 420:425]
 -3 [ 0 446:446]

Vehicle: 302  Cost: 64.96
Route: 3 67 42 25 56 66 -3 
  3 [ 4  20: 35]
 67 [ 7  53: 58]
 42 [ 6  58: 63]
 25 [ 3  85: 90]
 56 [ 7  90: 95]
 66 [10 111:116]
 -3 [10 125:125]

Vehicle: 303  Cost: 64.28
Route: 3 16 37 15 -3 
  3 [ 9  20: 35]
 16 [ 7  66: 71]
 37 [ 4 300:305]
 15 [ 0 311:316]
 -3 [ 0 340:340]

Vehicle: 305  Cost: 174.76
Route: 3 12 55 23 35 61 28 54 58 -3 
  3 [ 8  20: 35]
 12 [ 6  75: 80]
 55 [ 7  97:102]
 23 [ 6 102:107]
 35 [ 4 300:305]
 61 [ 6 305:310]
 28 [ 3 331:336]
 54 [ 6 339:344]
 58 [10 420:425]
 -3 [10 479:479]

Total Cost: 1285.52
 11:108.46, 69:75 [1, 2, -2, -1]
 12:40.79, 29:75 [1, 3, -3, -1]
201:104.60, 10:10 [2, 5, 46, 52, 20, 9, 24, -2]
202:94.53, 10:10 [2, 27, 53, 69, 14, 51, 62, 38, -2]
203:69.14, 10:10 [2, 34, 22, 41, 64, 7, 48, -2]
204:120.45, 10:10 [2, 31, 45, 4, 8, 50, 11, 21, 60, 32, -2]
205:87.63, 10:10 [2, 19, 57, 26, 33, -2]
206:60.96, 9:10 [2, 17, 10, 49, 40, 65, -2]
207:232.69, 10:10 [2, 13, 63, 29, 30, 59, 43, 68, 44, 47, 6, -2]
301:62.26, 8:10 [3, 36, 18, 39, -3]
302:64.96, 10:10 [3, 67, 42, 25, 56, 66, -3]
303:64.28, 9:10 [3, 16, 37, 15, -3]
305:174.76, 10:10 [3, 12, 55, 23, 35, 61, 28, 54, 58, -3]
fe: 2, se: 11

!ALNS------------
100000,1285.5235636384143,120.362,63.502,2,11,0.6533333333333333,0.9636363636363636,33.0,6.0
3 13 6 3 0 0 4 0 
16.23741160195066 32.15830430089242 17.32438238140963 20.144337589007808 NaN 36.13638067466255 15.333210598203287 42.2712400504194 
4 5 5 5 1 3 3 3 
22.999116643957652 23.324946871634747 19.93039205174696 26.141416074818952 21.45941536416936 19.105433448018093 21.754168239542828 22.164654857148346 

x[554] = 1.0000000000000002
Vehicle: 11  Cost: 108.46
Route: 1 2 -2 -1 
 1 [ 61   0:  0 [21, 31, 41, 20, 13, 43, 11, 14, 9, 7, 40, 5, 29, 33, 32, 17, 22, 34, 10, 26, 6, 4, 8, 38, 24, 27]]
 2 [  0  54: 54 []]
-2 [ 26  54:466 [44, 45, 60, 64, 63, 69, 49, 53, 65, 46, 50, 52, 57, 48, 62, 47, 68, 51]]
-1 [ 26 521:521 [44, 45, 60, 64, 63, 69, 49, 53, 65, 46, 50, 52, 57, 48, 62, 47, 68, 51]]

x[3078] = 1.0
Vehicle: 12  Cost: 40.79
Route: 1 3 -3 -1 
 1 [ 37   0:  0 [42, 35, 39, 36, 28, 37, 16, 25, 23, 12, 30, 15, 19, 18]]
 3 [  0  20: 20 []]
-3 [ 22  20:547 [61, 56, 55, 54, 67, 66, 58, 59]]
-1 [ 22 568:568 [61, 56, 55, 54, 67, 66, 58, 59]]

y[501] = 1.0
Vehicle: 302  Cost: 47.60
Route: 3 66 42 67 -3 
  3 [ 1  20: 35]
 66 [ 4  45: 50]
 42 [ 3  70: 75]
 67 [ 6  75: 80]
 -3 [ 6  98: 98]

y[613] = 1.0
Vehicle: 202  Cost: 90.90
Route: 2 27 53 5 46 52 20 -2 
  2 [10  70: 85]
 27 [ 6  99:104]
 53 [ 7 119:124]
  5 [ 3 133:138]
 46 [ 4 138:143]
 52 [ 5 148:153]
 20 [ 3 300:305]
 -2 [ 3 348:348]

y[750] = 1.0
Vehicle: 204  Cost: 114.86
Route: 2 41 45 4 8 11 50 21 60 32 -2 
  2 [10 130:145]
 41 [ 9 165:170]
 45 [10 203:208]
  4 [ 8 208:213]
  8 [ 5 217:222]
 11 [ 3 237:242]
 50 [ 4 242:247]
 21 [ 3 300:305]
 60 [ 4 306:311]
 32 [ 3 327:332]
 -2 [ 3 344:344]

y[1068] = 1.0
Vehicle: 202  Cost: 68.07
Route: 2 17 57 26 33 -2 
  2 [10  70: 85]
 17 [ 6 105:110]
 57 [ 8 300:305]
 26 [ 5 305:310]
 33 [ 2 319:324]
 -2 [ 2 349:349]

y[1307] = 1.0
Vehicle: 302  Cost: 62.26
Route: 3 39 18 36 -3 
  3 [ 8 498:513]
 39 [ 5 533:538]
 18 [ 1 549:554]
 36 [ 0 565:570]
 -3 [ 0 590:590]

y[1710] = 1.0
Vehicle: 301  Cost: 139.10
Route: 3 23 55 30 59 28 54 61 35 -3 
  3 [10  20: 35]
 23 [ 9  86: 91]
 55 [10  91: 96]
 30 [ 6 180:185]
 59 [ 8 185:190]
 28 [ 5 300:305]
 54 [ 8 308:313]
 61 [10 332:337]
 35 [ 8 337:342]
 -3 [ 8 383:383]

y[1752] = 1.0
Vehicle: 207  Cost: 190.85
Route: 2 10 49 29 68 43 44 6 47 65 40 -2 
  2 [10  54: 69]
 10 [ 7 100:105]
 49 [ 8 105:110]
 29 [ 6 127:132]
 68 [ 7 180:185]
 43 [ 6 185:190]
 44 [ 8 300:305]
  6 [ 6 339:344]
 47 [ 7 344:349]
 65 [10 383:388]
 40 [ 8 388:393]
 -2 [ 8 421:421]

y[1839] = 1.0
Vehicle: 303  Cost: 61.86
Route: 3 25 56 16 15 -3 
  3 [ 9  20: 35]
 25 [ 6  59: 64]
 56 [10  64: 69]
 16 [ 8  76: 81]
 15 [ 4 300:305]
 -3 [ 4 329:329]

y[2863] = 1.0
Vehicle: 202  Cost: 56.75
Route: 2 34 22 9 24 -2 
  2 [10  54: 69]
 34 [ 6  82: 87]
 22 [ 4  96:101]
  9 [ 1 300:305]
 24 [ 0 310:315]
 -2 [ 0 333:333]

y[2882] = 1.0
Vehicle: 206  Cost: 51.62
Route: 2 31 64 7 48 -2 
  2 [ 4  70: 85]
 31 [ 3 100:105]
 64 [ 6 115:120]
  7 [ 3 300:305]
 48 [ 4 305:310]
 -2 [ 4 331:331]

y[4393] = 1.0
Vehicle: 305  Cost: 124.76
Route: 3 19 12 58 37 -3 
  3 [ 9  20: 35]
 19 [ 5  63: 68]
 12 [ 3  87: 92]
 58 [ 7 420:425]
 37 [ 4 453:458]
 -3 [ 4 487:487]

y[4838] = 1.0
Vehicle: 201  Cost: 118.65
Route: 2 13 63 69 14 51 38 62 -2 
  2 [ 7 130:145]
 13 [ 6 167:172]
 63 [ 7 201:206]
 69 [10 228:233]
 14 [ 6 300:305]
 51 [ 7 305:310]
 38 [ 5 329:334]
 62 [ 6 334:339]
 -2 [ 6 361:361]

FE: 2
SE: 12
!MIP-----
1276.5379779029122,91.02334499359131,0.0,2,12,5883,6163

