--Parameters Information--
speed=1
run=5
iteration= 100000
batch=100
restartPeriod=10000
largeRemovalOccurrence=500
initialLNS=250
lowerBoundSmallRemoval=4
smallRemoval=0.2
lowerBoundLargeRemoval=0.55
largeRemoval=0.8
initialWeight=1.0
decayRate=0.1
gamma1=9.0
gamma2=5.0
gamma3=2.0
gamma4=0.0
coolingRate=0.9995
temperatureControlParameter=0.05
initialAcceptanceProbability=0.5
perturbation=0.5
perturbationFactor=0.01
split=20000

Setup: Split
Data: B_100_1

Run: 1
Total Cost: 2177.31
Vehicle: 11  Cost: 126.02
Route: 1 2 -2 3 -3 -1 
 1 [ 62   0:  0 [69, 26, 50, 20, 47, 19, 9, 36, 76, 15, 42, 63, 8, 13, 28, 11, 31, 41, 72, 70, 62, 27, 45]]
 2 [ 20  34: 34 [69, 26, 19, 76, 15, 70, 27]]
-2 [ 42  34:381 [69, 26, 19, 98, 93, 117, 102, 76, 15, 128, 92, 82, 105, 70, 27]]
 3 [ 22 420:420 [98, 93, 117, 102, 128, 92, 82, 105]]
-3 [ 75 420:573 [116, 130, 90, 120, 98, 126, 131, 93, 117, 103, 83, 102, 111, 115, 85, 128, 80, 88, 92, 87, 82, 104, 105, 107, 113, 123, 84, 108, 106]]
-1 [ 75 626:626 [116, 130, 90, 120, 98, 126, 131, 93, 117, 103, 83, 102, 111, 115, 85, 128, 80, 88, 92, 87, 82, 104, 105, 107, 113, 123, 84, 108, 106]]

Vehicle: 12  Cost: 106.30
Route: 1 3 -3 -1 
 1 [ 75   0:  0 [79, 56, 33, 78, 22, 60, 37, 17, 71, 38, 24, 53, 10, 54, 25, 68, 16, 23, 77, 52, 67, 12, 21, 29, 58, 6, 66, 32]]
 3 [  0  53: 53 []]
-3 [ 37  53:480 [94, 91, 95, 100, 125, 110, 89, 97, 129, 118, 127, 122, 86, 119, 96]]
-1 [ 37 534:534 [94, 91, 95, 100, 125, 110, 89, 97, 129, 118, 127, 122, 86, 119, 96]]

Vehicle: 13  Cost: 144.54
Route: 1 3 5 -5 -1 
 1 [ 55   0:  0 [35, 39, 7, 30, 46, 75, 61, 40, 51, 57, 65, 55, 59, 18, 73, 14, 49, 64, 44, 48, 43, 34, 74]]
 3 [ 28  53: 68 [35, 39, 46, 75, 61, 40, 51, 57, 55, 18, 64, 34]]
 5 [  0  99: 99 []]
-5 [ 22  99:397 [114, 112, 99, 124, 121, 81, 109, 101]]
-1 [ 22 457:457 [114, 112, 99, 124, 121, 81, 109, 101]]

Vehicle: 201  Cost: 57.01
Route: 2 128 36 45 82 9 -2 
  2 [ 8  34:284]
128 [10 300:305]
 36 [ 9 310:315]
 45 [ 5 321:326]
 82 [ 9 339:344]
  9 [ 6 344:349]
 -2 [ 6 366:366]

Vehicle: 202  Cost: 65.81
Route: 2 105 50 47 117 8 13 -2 
  2 [ 8  34: 49]
105 [ 9  73: 78]
 50 [ 8  78: 83]
 47 [ 5 300:305]
117 [ 9 309:314]
  8 [ 8 320:325]
 13 [ 5 335:340]
 -2 [ 5 354:354]

Vehicle: 203  Cost: 28.98
Route: 2 62 31 -2 
  2 [ 7  34:286]
 62 [ 3 300:305]
 31 [ 0 310:315]
 -2 [ 0 325:325]

Vehicle: 204  Cost: 87.97
Route: 2 72 98 63 41 93 92 20 -2 
  2 [10  34: 49]
 72 [ 6  73: 78]
 98 [ 8  89: 94]
 63 [ 7  98:103]
 41 [ 4 121:126]
 93 [ 8 300:305]
 92 [10 321:326]
 20 [ 8 326:331]
 -2 [ 8 343:343]

Vehicle: 205  Cost: 34.42
Route: 2 11 28 42 102 -2 
  2 [ 9  34: 49]
 11 [ 6  59: 64]
 28 [ 4  71: 76]
 42 [ 0 180:185]
102 [ 3 185:190]
 -2 [ 3 200:200]

Vehicle: 301  Cost: 97.63
Route: 3 70 88 126 69 76 -3 
  3 [10 420:435]
 70 [ 6 476:481]
 88 [ 9 488:493]
126 [10 502:507]
 69 [ 6 507:512]
 76 [ 4 519:524]
 -3 [ 4 558:558]

Vehicle: 302  Cost: 63.60
Route: 3 77 65 54 116 -3 
  3 [ 8  53: 68]
 77 [ 6  92: 97]
 65 [ 2 300:305]
 54 [ 0 321:326]
116 [ 4 420:425]
 -3 [ 4 429:429]

Vehicle: 303  Cost: 133.57
Route: 3 32 86 12 85 29 14 84 104 49 -3 
  3 [10  53: 68]
 32 [ 7 107:112]
 86 [ 8 118:123]
 12 [ 4 180:185]
 85 [ 8 185:190]
 29 [ 7 208:213]
 14 [ 6 225:230]
 84 [ 8 300:305]
104 [ 9 319:324]
 49 [ 8 324:329]
 -3 [ 8 343:343]

Vehicle: 304  Cost: 83.25
Route: 3 24 94 53 120 78 130 59 -3 
  3 [ 9  53: 68]
 24 [ 6  87: 92]
 94 [ 9  92: 97]
 53 [ 6 120:125]
120 [ 8 180:185]
 78 [ 7 200:205]
130 [10 205:210]
 59 [ 8 300:305]
 -3 [ 8 327:327]

Vehicle: 305  Cost: 40.54
Route: 3 43 113 56 83 10 -3 
  3 [10  53: 68]
 43 [ 6  86: 91]
113 [ 9 300:305]
 56 [ 5 305:310]
 83 [ 9 314:319]
 10 [ 7 319:324]
 -3 [ 7 337:337]

Vehicle: 306  Cost: 100.20
Route: 3 7 73 37 68 125 118 110 -3 
  3 [10  53: 68]
  7 [ 8  76: 81]
 73 [ 5  93: 98]
 37 [ 3 105:110]
 68 [ 0 127:132]
125 [ 4 132:137]
118 [ 8 153:158]
110 [ 9 168:173]
 -3 [ 9 203:203]

Vehicle: 307  Cost: 155.10
Route: 3 21 100 67 66 48 103 44 131 -3 
  3 [10  53:136]
 21 [ 6 180:185]
100 [ 9 212:217]
 67 [ 8 300:305]
 66 [ 5 318:323]
 48 [ 4 337:342]
103 [ 8 352:357]
 44 [ 7 420:425]
131 [10 433:438]
 -3 [10 465:465]

Vehicle: 309  Cost: 98.45
Route: 3 60 119 89 23 52 108 -3 
  3 [10  53: 68]
 60 [ 6  93: 98]
119 [ 9  98:103]
 89 [10 129:134]
 23 [ 7 139:144]
 52 [ 4 420:425]
108 [ 8 425:430]
 -3 [ 8 459:459]

Vehicle: 310  Cost: 72.13
Route: 3 79 6 80 58 115 -3 
  3 [10  53: 68]
 79 [ 6  98:103]
  6 [ 2 300:305]
 80 [ 4 305:310]
 58 [ 2 317:322]
115 [ 3 322:327]
 -3 [ 3 356:356]

Vehicle: 311  Cost: 133.72
Route: 3 17 25 95 122 38 16 91 90 106 -3 
  3 [10  53: 68]
 17 [ 9 103:108]
 25 [ 7 117:122]
 95 [ 9 122:127]
122 [10 131:136]
 38 [ 7 156:161]
 16 [ 3 300:305]
 91 [ 5 314:319]
 90 [ 9 323:328]
106 [10 420:425]
 -3 [10 439:439]

Vehicle: 312  Cost: 52.85
Route: 3 127 71 97 33 -3 
  3 [ 6  53: 68]
127 [10  92: 97]
 71 [ 6  97:102]
 97 [10 111:116]
 33 [ 8 300:305]
 -3 [ 8 324:324]

Vehicle: 313  Cost: 96.05
Route: 3 22 96 30 74 129 87 123 -3 
  3 [ 9  53: 68]
 22 [ 8 103:108]
 96 [ 9 117:122]
 30 [ 5 122:127]
 74 [ 1 131:136]
129 [ 4 136:141]
 87 [ 8 300:305]
123 [ 9 314:319]
 -3 [ 9 348:348]

Vehicle: 314  Cost: 90.73
Route: 3 27 26 15 107 111 19 -3 
  3 [10 420:435]
 27 [ 6 469:474]
 26 [ 5 474:479]
 15 [ 2 487:492]
107 [ 3 498:503]
111 [ 4 522:527]
 19 [ 2 534:539]
 -3 [ 2 556:556]

Vehicle: 501  Cost: 107.98
Route: 5 34 124 75 55 112 18 -5 
  5 [10  99:114]
 34 [ 6 160:165]
124 [ 9 300:305]
 75 [ 7 310:315]
 55 [ 4 338:343]
112 [ 5 343:348]
 18 [ 4 355:360]
 -5 [ 4 382:382]

Vehicle: 502  Cost: 46.42
Route: 5 101 40 61 81 -5 
  5 [ 5  99:114]
101 [ 9 126:131]
 40 [ 5 131:136]
 61 [ 4 146:151]
 81 [ 8 159:164]
 -5 [ 8 181:181]

Vehicle: 503  Cost: 103.16
Route: 5 35 99 57 114 39 46 64 -5 
  5 [ 9  99:114]
 35 [ 8 136:141]
 99 [10 141:146]
 57 [ 7 171:176]
114 [ 9 176:181]
 39 [ 7 300:305]
 46 [ 6 322:327]
 64 [ 4 339:344]
 -5 [ 4 369:369]

Vehicle: 504  Cost: 50.86
Route: 5 51 109 121 -5 
  5 [ 4  99:168]
 51 [ 0 180:185]
109 [ 2 201:206]
121 [ 6 219:224]
 -5 [ 6 234:234]

Total Cost: 2177.31
 11:126.02, 75:75 [1, 2, -2, 3, -3, -1]
 12:106.30, 75:75 [1, 3, -3, -1]
 13:144.54, 55:75 [1, 3, 5, -5, -1]
201:57.01, 10:10 [2, 128, 36, 45, 82, 9, -2]
202:65.81, 9:10 [2, 105, 50, 47, 117, 8, 13, -2]
203:28.98, 7:10 [2, 62, 31, -2]
204:87.97, 10:10 [2, 72, 98, 63, 41, 93, 92, 20, -2]
205:34.42, 9:10 [2, 11, 28, 42, 102, -2]
301:97.63, 10:10 [3, 70, 88, 126, 69, 76, -3]
302:63.60, 8:10 [3, 77, 65, 54, 116, -3]
303:133.57, 10:10 [3, 32, 86, 12, 85, 29, 14, 84, 104, 49, -3]
304:83.25, 10:10 [3, 24, 94, 53, 120, 78, 130, 59, -3]
305:40.54, 10:10 [3, 43, 113, 56, 83, 10, -3]
306:100.20, 10:10 [3, 7, 73, 37, 68, 125, 118, 110, -3]
307:155.10, 10:10 [3, 21, 100, 67, 66, 48, 103, 44, 131, -3]
309:98.45, 10:10 [3, 60, 119, 89, 23, 52, 108, -3]
310:72.13, 10:10 [3, 79, 6, 80, 58, 115, -3]
311:133.72, 10:10 [3, 17, 25, 95, 122, 38, 16, 91, 90, 106, -3]
312:52.85, 10:10 [3, 127, 71, 97, 33, -3]
313:96.05, 9:10 [3, 22, 96, 30, 74, 129, 87, 123, -3]
314:90.73, 10:10 [3, 27, 26, 15, 107, 111, 19, -3]
501:107.98, 10:10 [5, 34, 124, 75, 55, 112, 18, -5]
502:46.42, 9:10 [5, 101, 40, 61, 81, -5]
503:103.16, 10:10 [5, 35, 99, 57, 114, 39, 46, 64, -5]
504:50.86, 6:10 [5, 51, 109, 121, -5]
fe: 3, se: 22

!ALNS------------
100000,2177.306257062282,411.038,338.113,3,22,0.9111111111111111,0.9409090909090909,42.0,5.7272727272727275
14 18 11 13 0 0 3 2 
11.378840584119704 29.127333975531197 10.938580349326699 16.378965175704053 81.78294033650154 48.12081512337248 18.4957133310695 12.577888438295403 
11 10 5 6 6 5 14 4 
17.063503188384164 15.512943952327614 15.520922855748804 17.322472587919258 15.929572720623392 16.158549773642218 20.22324874680415 17.319890127668945 

x[9549] = 1.0
Vehicle: 11  Cost: 106.30
Route: 1 3 -3 -1 
 1 [ 73   0:  0 [25, 21, 70, 7, 76, 65, 74, 48, 52, 6, 77, 59, 37, 22, 49, 73, 44, 23, 66, 79, 17, 58, 33, 67, 63, 30, 53, 78, 19, 26, 15]]
 3 [  0  53: 53 []]
-3 [ 69  53:496 [116, 108, 118, 115, 123, 130, 98, 103, 110, 93, 95, 122, 107, 111, 129, 119, 87, 126, 125, 89, 100, 104, 120, 88, 97, 131, 106, 96, 80]]
-1 [ 69 549:549 [116, 108, 118, 115, 123, 130, 98, 103, 110, 93, 95, 122, 107, 111, 129, 119, 87, 126, 125, 89, 100, 104, 120, 88, 97, 131, 106, 96, 80]]

x[11906] = 1.0
Vehicle: 13  Cost: 123.62
Route: 1 5 -5 2 -2 -1 
 1 [ 44   0:  0 [55, 57, 46, 51, 10, 18, 56, 64, 40, 13, 75, 39, 34, 35, 43, 42]]
 5 [  3  60: 60 [13]]
-5 [ 31  60:397 [121, 114, 102, 124, 83, 112, 113, 101, 13, 99, 109]]
 2 [ 28 426:426 [121, 114, 102, 124, 83, 112, 113, 101, 99, 109]]
-2 [ 41 426:550 [105, 121, 114, 117, 128, 102, 124, 83, 112, 113, 92, 101, 82, 99, 109]]
-1 [ 41 584:584 [105, 121, 114, 117, 128, 102, 124, 83, 112, 113, 92, 101, 82, 99, 109]]

x[12657] = 1.0
Vehicle: 12  Cost: 174.91
Route: 1 2 3 4 -4 -1 
 1 [ 75   0:  0 [14, 45, 29, 68, 61, 71, 20, 36, 38, 11, 28, 16, 62, 60, 31, 41, 12, 32, 24, 69, 54, 72, 50, 47, 8, 9, 27]]
 2 [ 44  34: 49 [14, 29, 68, 61, 71, 38, 16, 60, 41, 12, 32, 24, 69, 54, 27]]
 3 [ 24  88:103 [14, 29, 61, 71, 38, 16, 12, 32, 24]]
 4 [  0 127:127 []]
-4 [ 24 127:367 [127, 94, 90, 81, 91, 85, 84, 86]]
-1 [ 24 444:444 [127, 94, 90, 81, 91, 85, 84, 86]]

y[101] = 1.0
Vehicle: 201  Cost: 22.87
Route: 2 28 11 -2 
  2 [ 5  34: 49]
 28 [ 3  55: 60]
 11 [ 0  67: 72]
 -2 [ 0  82: 82]

y[1237] = 1.0
Vehicle: 307  Cost: 155.10
Route: 3 21 100 67 66 48 103 44 131 -3 
  3 [10 202:217]
 21 [ 6 261:266]
100 [ 9 293:298]
 67 [ 8 300:305]
 66 [ 5 319:324]
 48 [ 4 338:343]
103 [ 8 352:357]
 44 [ 7 420:425]
131 [10 433:438]
 -3 [10 465:465]

y[1773] = 1.0
Vehicle: 302  Cost: 107.38
Route: 3 77 41 98 63 93 65 -3 
  3 [10 122:137]
 77 [ 8 162:167]
 41 [ 5 172:177]
 98 [ 7 198:203]
 63 [ 6 207:212]
 93 [10 300:305]
 65 [ 6 318:323]
 -3 [ 6 347:347]

y[3542] = 1.0
Vehicle: 402  Cost: 84.62
Route: 4 32 86 38 16 91 90 -4 
  4 [10 127:142]
 32 [ 7 162:167]
 86 [ 8 174:179]
 38 [ 5 194:199]
 16 [ 1 300:305]
 91 [ 3 314:319]
 90 [ 7 323:328]
 -4 [ 7 352:352]

y[4331] = 1.0
Vehicle: 306  Cost: 101.94
Route: 3 7 73 37 110 118 68 125 -3 
  3 [10 106:121]
  7 [ 8 129:134]
 73 [ 5 146:151]
 37 [ 3 158:163]
110 [ 4 173:178]
118 [ 8 188:193]
 68 [ 5 209:214]
125 [ 9 214:219]
 -3 [ 9 258:258]

y[4426] = 1.0
Vehicle: 505  Cost: 64.19
Route: 5 42 102 43 83 10 113 -5 
  5 [10  99:161]
 42 [ 6 180:185]
102 [ 9 185:190]
 43 [ 5 206:211]
 83 [ 9 300:305]
 10 [ 7 305:310]
113 [10 314:319]
 -5 [10 337:337]

y[7742] = 1.0
Vehicle: 502  Cost: 103.16
Route: 5 35 99 57 114 39 46 64 -5 
  5 [ 9  78: 93]
 35 [ 8 115:120]
 99 [10 120:125]
 57 [ 7 150:155]
114 [ 9 155:160]
 39 [ 7 300:305]
 46 [ 6 322:327]
 64 [ 4 339:344]
 -5 [ 4 369:369]

y[8000] = 1.0
Vehicle: 203  Cost: 46.83
Route: 2 62 13 82 9 -2 
  2 [10 426:441]
 62 [ 6 455:460]
 13 [ 3 471:476]
 82 [ 7 481:486]
  9 [ 4 486:491]
 -2 [ 4 508:508]

y[8660] = 1.0
Vehicle: 205  Cost: 58.45
Route: 2 72 92 20 31 -2 
  2 [ 9  34: 49]
 72 [ 5  73: 78]
 92 [ 7 300:305]
 20 [ 5 305:310]
 31 [ 2 320:325]
 -2 [ 2 335:335]

y[9101] = 1.0
Vehicle: 304  Cost: 118.74
Route: 3 23 53 120 78 130 59 104 49 -3 
  3 [10  53: 68]
 23 [ 7 106:111]
 53 [ 4 148:153]
120 [ 6 180:185]
 78 [ 5 200:205]
130 [ 8 205:210]
 59 [ 6 300:305]
104 [ 7 315:320]
 49 [ 6 320:325]
 -3 [ 6 339:339]

y[10016] = 1.0
Vehicle: 301  Cost: 83.84
Route: 3 79 76 87 126 69 123 -3 
  3 [10  88:103]
 79 [ 6 133:138]
 76 [ 4 300:305]
 87 [ 8 312:317]
126 [ 9 318:323]
 69 [ 5 323:328]
123 [ 6 337:342]
 -3 [ 6 371:371]

y[10127] = 1.0
Vehicle: 201  Cost: 90.04
Route: 2 50 105 8 47 117 45 36 128 -2 
  2 [10 107:122]
 50 [ 9 146:151]
105 [10 151:156]
  8 [ 9 300:305]
 47 [ 6 313:318]
117 [10 322:327]
 45 [ 6 349:354]
 36 [ 5 360:365]
128 [ 7 370:375]
 -2 [ 7 391:391]

y[10515] = 1.0
Vehicle: 309  Cost: 88.56
Route: 3 17 89 25 95 70 52 108 -3 
  3 [10  53: 68]
 17 [ 9 103:108]
 89 [10 108:113]
 25 [ 8 122:127]
 95 [10 127:132]
 70 [ 6 300:305]
 52 [ 3 420:425]
108 [ 7 425:430]
 -3 [ 7 459:459]

y[11565] = 1.0
Vehicle: 307  Cost: 41.82
Route: 3 97 33 106 -3 
  3 [ 2  53: 68]
 97 [ 6  88: 93]
 33 [ 4 300:305]
106 [ 5 420:425]
 -3 [ 5 439:439]

y[12631] = 1.0
Vehicle: 308  Cost: 25.30
Route: 3 54 -3 
  3 [ 2 117:287]
 54 [ 0 300:305]
 -3 [ 0 318:318]

y[13321] = 1.0
Vehicle: 403  Cost: 77.50
Route: 4 14 29 12 85 71 127 -4 
  4 [10 127:170]
 14 [ 9 180:185]
 29 [ 8 197:202]
 12 [ 4 220:225]
 85 [ 8 225:230]
 71 [ 4 262:267]
127 [ 8 267:272]
 -4 [ 8 278:278]

y[13447] = 1.0
Vehicle: 401  Cost: 63.74
Route: 4 24 94 81 61 84 -4 
  4 [ 4 127:142]
 24 [ 1 159:164]
 94 [ 4 164:169]
 81 [ 8 179:184]
 61 [ 7 192:197]
 84 [ 9 300:305]
 -4 [ 9 322:322]

y[14804] = 1.0
Vehicle: 502  Cost: 36.72
Route: 5 56 -5 
  5 [ 4 553:568]
 56 [ 0 587:592]
 -5 [ 0 610:610]

y[15350] = 1.0
Vehicle: 314  Cost: 90.73
Route: 3 27 26 15 107 111 19 -3 
  3 [10  53:266]
 27 [ 6 300:305]
 26 [ 5 305:310]
 15 [ 2 318:323]
107 [ 3 329:334]
111 [ 4 352:357]
 19 [ 2 365:370]
 -3 [ 2 387:387]

y[16950] = 1.0
Vehicle: 502  Cost: 69.65
Route: 5 51 121 109 40 101 -5 
  5 [ 8 199:214]
 51 [ 4 226:231]
121 [ 8 238:243]
109 [10 255:260]
 40 [ 6 286:291]
101 [10 291:296]
 -5 [10 309:309]

y[17430] = 1.0
Vehicle: 313  Cost: 111.08
Route: 3 22 96 30 74 129 122 88 -3 
  3 [ 9  88:103]
 22 [ 8 138:143]
 96 [ 9 152:157]
 30 [ 5 157:162]
 74 [ 1 166:171]
129 [ 4 171:176]
122 [ 5 189:194]
 88 [ 8 420:425]
 -3 [ 8 470:470]

y[18708] = 1.0
Vehicle: 306  Cost: 8.25
Route: 3 116 -3 
  3 [ 0   0:416]
116 [ 4 420:425]
 -3 [ 4 429:429]

y[19031] = 1.0
Vehicle: 310  Cost: 71.08
Route: 3 60 119 6 80 115 58 -3 
  3 [10 106:121]
 60 [ 6 147:152]
119 [ 9 152:157]
  6 [ 5 300:305]
 80 [ 7 305:310]
115 [ 8 317:322]
 58 [ 6 322:327]
 -3 [ 6 356:356]

y[19451] = 1.0
Vehicle: 501  Cost: 107.98
Route: 5 34 124 75 55 112 18 -5 
  5 [10 151:166]
 34 [ 6 212:217]
124 [ 9 300:305]
 75 [ 7 310:315]
 55 [ 4 338:343]
112 [ 5 343:348]
 18 [ 4 355:360]
 -5 [ 4 382:382]

FE: 3
SE: 24
!MIP-----
2234.3907704914973,5402.378242969513,0.10806773108245088,3,24,41068,19849

Run: 2
Total Cost: 2134.88
Vehicle: 11  Cost: 67.94
Route: 1 2 -2 -1 
 1 [ 52   0:  0 [63, 41, 36, 13, 62, 15, 8, 47, 31, 11, 26, 72, 77, 42, 20, 45, 27, 50, 9, 28]]
 2 [  0  34: 34 []]
-2 [ 23  34:425 [105, 93, 98, 92, 107, 102, 128, 117, 82]]
-1 [ 23 459:459 [105, 93, 98, 92, 107, 102, 128, 117, 82]]

Vehicle: 12  Cost: 106.30
Route: 1 3 -3 -1 
 1 [ 75   0:  0 [37, 32, 16, 38, 7, 67, 21, 66, 74, 68, 33, 73, 43, 71, 79, 52, 76, 44, 69, 30, 22, 49, 48, 56, 12, 65]]
 3 [  0  53: 53 []]
-3 [ 74  53:509 [130, 83, 91, 87, 104, 96, 110, 111, 108, 95, 127, 90, 122, 80, 123, 97, 106, 118, 129, 119, 116, 89, 113, 94, 131, 115, 86, 126, 100, 125]]
-1 [ 74 562:562 [130, 83, 91, 87, 104, 96, 110, 111, 108, 95, 127, 90, 122, 80, 123, 97, 106, 118, 129, 119, 116, 89, 113, 94, 131, 115, 86, 126, 100, 125]]

Vehicle: 13  Cost: 168.33
Route: 1 3 5 -5 -3 -1 
 1 [ 65   0:  0 [40, 34, 64, 46, 35, 61, 55, 53, 60, 39, 51, 58, 10, 57, 6, 70, 75, 24, 59, 78, 18, 25, 23, 54, 19, 17, 29, 14]]
 3 [ 31  53: 68 [40, 34, 64, 46, 35, 61, 55, 53, 39, 51, 57, 75, 18]]
 5 [  0  99: 99 []]
-5 [ 26  99:391 [99, 112, 109, 84, 121, 114, 81, 124, 120, 101]]
-3 [ 37 422:509 [99, 112, 109, 84, 121, 88, 114, 85, 81, 103, 124, 120, 101]]
-1 [ 37 562:562 [99, 112, 109, 84, 121, 88, 114, 85, 81, 103, 124, 120, 101]]

Vehicle: 201  Cost: 85.85
Route: 2 77 41 63 98 72 -2 
  2 [10  34: 49]
 77 [ 8  72: 77]
 41 [ 5  82: 87]
 63 [ 4 105:110]
 98 [ 6 115:120]
 72 [ 2 131:136]
 -2 [ 2 160:160]

Vehicle: 202  Cost: 40.29
Route: 2 13 62 31 -2 
  2 [10  34:286]
 13 [ 7 300:305]
 62 [ 3 316:321]
 31 [ 0 326:331]
 -2 [ 0 341:341]

Vehicle: 203  Cost: 56.34
Route: 2 42 102 128 36 45 -2 
  2 [ 9  34:170]
 42 [ 5 180:185]
102 [ 8 185:190]
128 [10 300:305]
 36 [ 9 310:315]
 45 [ 5 321:326]
 -2 [ 5 349:349]

Vehicle: 204  Cost: 87.23
Route: 2 20 92 15 27 26 107 93 -2 
  2 [10  34:288]
 20 [ 8 300:305]
 92 [10 305:310]
 15 [ 7 337:342]
 27 [ 3 351:356]
 26 [ 2 356:361]
107 [ 3 366:371]
 93 [ 7 381:386]
 -2 [ 7 410:410]

Vehicle: 205  Cost: 22.87
Route: 2 28 11 -2 
  2 [ 5  34: 49]
 28 [ 3  55: 60]
 11 [ 0  67: 72]
 -2 [ 0  82: 82]

Vehicle: 210  Cost: 69.91
Route: 2 50 105 47 117 8 9 82 -2 
  2 [ 8  34: 49]
 50 [ 7  73: 78]
105 [ 8  78: 83]
 47 [ 5 300:305]
117 [ 9 309:314]
  8 [ 8 320:325]
  9 [ 5 335:340]
 82 [ 9 340:345]
 -2 [ 9 363:363]

Vehicle: 301  Cost: 56.56
Route: 3 24 94 78 130 59 49 104 -3 
  3 [ 7  53: 68]
 24 [ 4  87: 92]
 94 [ 7  92: 97]
 78 [ 6 180:185]
130 [ 9 185:190]
 59 [ 7 300:305]
 49 [ 6 315:320]
104 [ 7 320:325]
 -3 [ 7 339:339]

Vehicle: 302  Cost: 60.67
Route: 3 65 111 19 54 116 -3 
  3 [ 8  53:276]
 65 [ 4 300:305]
111 [ 5 316:321]
 19 [ 3 329:334]
 54 [ 1 339:344]
116 [ 5 420:425]
 -3 [ 5 429:429]

Vehicle: 303  Cost: 100.20
Route: 3 7 73 37 125 68 118 110 -3 
  3 [10  53: 68]
  7 [ 8  76: 81]
 73 [ 5  93: 98]
 37 [ 3 105:110]
125 [ 7 127:132]
 68 [ 4 132:137]
118 [ 8 153:158]
110 [ 9 168:173]
 -3 [ 9 203:203]

Vehicle: 304  Cost: 98.39
Route: 3 22 30 96 88 69 126 87 123 -3 
  3 [ 9  53: 68]
 22 [ 8 103:108]
 30 [ 4 117:122]
 96 [ 5 122:127]
 88 [ 8 420:425]
 69 [ 4 434:439]
126 [ 5 439:444]
 87 [ 9 446:451]
123 [10 460:465]
 -3 [10 494:494]

Vehicle: 305  Cost: 125.96
Route: 3 32 86 38 16 91 90 106 -3 
  3 [10  53: 68]
 32 [ 7 107:112]
 86 [ 8 118:123]
 38 [ 5 139:144]
 16 [ 1 300:305]
 91 [ 3 314:319]
 90 [ 7 323:328]
106 [ 8 420:425]
 -3 [ 8 439:439]

Vehicle: 306  Cost: 155.10
Route: 3 21 100 67 66 48 103 44 131 -3 
  3 [10  53:136]
 21 [ 6 180:185]
100 [ 9 212:217]
 67 [ 8 300:305]
 66 [ 5 318:323]
 48 [ 4 337:342]
103 [ 8 352:357]
 44 [ 7 420:425]
131 [10 433:438]
 -3 [10 465:465]

Vehicle: 307  Cost: 52.68
Route: 3 71 127 33 -3 
  3 [ 6  53: 68]
 71 [ 2  92: 97]
127 [ 6  97:102]
 33 [ 4 300:305]
 -3 [ 4 324:324]

Vehicle: 308  Cost: 108.18
Route: 3 74 129 122 25 95 70 -3 
  3 [10  53: 68]
 74 [ 6 116:121]
129 [ 9 121:126]
122 [10 138:143]
 25 [ 8 147:152]
 95 [10 152:157]
 70 [ 6 300:305]
 -3 [ 6 346:346]

Vehicle: 309  Cost: 40.54
Route: 3 43 56 113 10 83 -3 
  3 [10  53: 68]
 43 [ 6  86: 91]
 56 [ 2 300:305]
113 [ 5 305:310]
 10 [ 3 314:319]
 83 [ 7 319:324]
 -3 [ 7 337:337]

Vehicle: 312  Cost: 122.90
Route: 3 17 89 23 12 85 29 14 97 -3 
  3 [10  53: 68]
 17 [ 9 103:108]
 89 [10 108:113]
 23 [ 7 118:123]
 12 [ 3 180:185]
 85 [ 7 185:190]
 29 [ 6 208:213]
 14 [ 5 225:230]
 97 [ 9 245:250]
 -3 [ 9 270:270]

Vehicle: 316  Cost: 71.08
Route: 3 60 119 6 80 115 58 -3 
  3 [10  53: 68]
 60 [ 6  93: 98]
119 [ 9  98:103]
  6 [ 5 300:305]
 80 [ 7 305:310]
115 [ 8 317:322]
 58 [ 6 322:327]
 -3 [ 6 356:356]

Vehicle: 317  Cost: 78.83
Route: 3 79 76 52 108 -3 
  3 [ 9  53: 68]
 79 [ 5  98:103]
 76 [ 3 300:305]
 52 [ 0 420:425]
108 [ 4 425:430]
 -3 [ 4 459:459]

Vehicle: 501  Cost: 83.31
Route: 5 51 121 109 55 112 18 -5 
  5 [ 8  99:168]
 51 [ 4 180:185]
121 [ 8 192:197]
109 [10 209:214]
 55 [ 7 300:305]
112 [ 8 305:310]
 18 [ 7 317:322]
 -5 [ 7 344:344]

Vehicle: 502  Cost: 133.10
Route: 5 61 53 120 34 75 124 84 -5 
  5 [10  99:114]
 61 [ 9 135:140]
 53 [ 6 162:167]
120 [ 8 180:185]
 34 [ 4 208:213]
 75 [ 2 300:305]
124 [ 5 310:315]
 84 [ 7 340:345]
 -5 [ 7 376:376]

Vehicle: 503  Cost: 103.16
Route: 5 35 99 57 114 39 46 64 -5 
  5 [ 9  99:114]
 35 [ 8 136:141]
 99 [10 141:146]
 57 [ 7 171:176]
114 [ 9 176:181]
 39 [ 7 300:305]
 46 [ 6 322:327]
 64 [ 4 339:344]
 -5 [ 4 369:369]

Vehicle: 504  Cost: 39.14
Route: 5 81 40 101 -5 
  5 [ 4  99:114]
 81 [ 8 131:136]
 40 [ 4 146:151]
101 [ 8 151:156]
 -5 [ 8 168:168]

Total Cost: 2134.88
 11:67.94, 52:75 [1, 2, -2, -1]
 12:106.30, 75:75 [1, 3, -3, -1]
 13:168.33, 65:75 [1, 3, 5, -5, -3, -1]
201:85.85, 10:10 [2, 77, 41, 63, 98, 72, -2]
202:40.29, 10:10 [2, 13, 62, 31, -2]
203:56.34, 10:10 [2, 42, 102, 128, 36, 45, -2]
204:87.23, 10:10 [2, 20, 92, 15, 27, 26, 107, 93, -2]
205:22.87, 5:10 [2, 28, 11, -2]
210:69.91, 9:10 [2, 50, 105, 47, 117, 8, 9, 82, -2]
301:56.56, 9:10 [3, 24, 94, 78, 130, 59, 49, 104, -3]
302:60.67, 8:10 [3, 65, 111, 19, 54, 116, -3]
303:100.20, 10:10 [3, 7, 73, 37, 125, 68, 118, 110, -3]
304:98.39, 10:10 [3, 22, 30, 96, 88, 69, 126, 87, 123, -3]
305:125.96, 10:10 [3, 32, 86, 38, 16, 91, 90, 106, -3]
306:155.10, 10:10 [3, 21, 100, 67, 66, 48, 103, 44, 131, -3]
307:52.68, 6:10 [3, 71, 127, 33, -3]
308:108.18, 10:10 [3, 74, 129, 122, 25, 95, 70, -3]
309:40.54, 10:10 [3, 43, 56, 113, 10, 83, -3]
312:122.90, 10:10 [3, 17, 89, 23, 12, 85, 29, 14, 97, -3]
316:71.08, 10:10 [3, 60, 119, 6, 80, 115, 58, -3]
317:78.83, 9:10 [3, 79, 76, 52, 108, -3]
501:83.31, 10:10 [5, 51, 121, 109, 55, 112, 18, -5]
502:133.10, 10:10 [5, 61, 53, 120, 34, 75, 124, 84, -5]
503:103.16, 10:10 [5, 35, 99, 57, 114, 39, 46, 64, -5]
504:39.14, 8:10 [5, 81, 40, 101, -5]
fe: 3, se: 22

!ALNS------------
100000,2134.879022429987,458.938,411.862,3,22,0.8533333333333334,0.9272727272727272,42.0,5.7272727272727275
17 17 16 9 0 0 4 7 
12.025132424128532 26.076859716215576 11.004700760154359 14.943824079312593 74.11560537787318 41.36631004795763 15.684529384675127 13.456195905765139 
9 12 10 3 12 3 12 9 
12.929834014468387 17.763809328884832 14.459414178958287 15.699623340321047 17.501388598953152 16.307280158553112 16.689326476720872 16.966205224837633 

x[1424] = 1.0
Vehicle: 13  Cost: 120.75
Route: 1 5 -5 -1 
 1 [ 22   0:  0 [51, 57, 46, 35, 55, 40, 61, 39, 64, 18]]
 5 [  0  60: 60 []]
-5 [ 19  60:406 [99, 101, 81, 112, 121, 114, 109]]
-1 [ 19 466:466 [99, 101, 81, 112, 121, 114, 109]]

x[19096] = 1.0
Vehicle: 11  Cost: 67.94
Route: 1 2 -2 -1 
 1 [ 39   0:  0 [31, 45, 28, 62, 50, 72, 47, 20, 42, 11, 13, 8, 9, 36, 63]]
 2 [  0  34: 34 []]
-2 [ 18  34:415 [105, 102, 128, 98, 117, 82, 92]]
-1 [ 18 449:449 [105, 102, 128, 98, 117, 82, 92]]

x[30926] = 1.0
Vehicle: 14  Cost: 106.30
Route: 1 3 -3 -1 
 1 [ 75   0:  0 [30, 26, 24, 27, 6, 56, 78, 52, 58, 54, 59, 76, 60, 79, 37, 77, 70, 7, 73, 33, 67, 66, 48, 44, 43, 49, 10, 22, 15, 68]]
 3 [  0  53: 53 []]
-3 [ 60  53:532 [108, 131, 94, 106, 104, 96, 83, 130, 116, 87, 80, 100, 93, 103, 115, 110, 107, 118, 125, 111, 119, 123, 113]]
-1 [ 60 585:585 [108, 131, 94, 106, 104, 96, 83, 130, 116, 87, 80, 100, 93, 103, 115, 110, 107, 118, 125, 111, 119, 123, 113]]

x[37076] = 1.0
Vehicle: 12  Cost: 155.19
Route: 1 3 4 -4 -1 
 1 [ 56   0:  0 [14, 69, 74, 32, 25, 29, 75, 21, 17, 19, 41, 65, 71, 23, 53, 12, 38, 34, 16]]
 3 [ 43  53: 68 [14, 69, 74, 32, 25, 29, 75, 17, 71, 23, 53, 12, 38, 34, 16]]
 4 [  0  93: 93 []]
-4 [ 37  93:475 [86, 91, 129, 95, 120, 85, 89, 127, 84, 90, 126, 122, 124, 88, 97]]
-1 [ 37 553:553 [86, 91, 129, 95, 120, 85, 89, 127, 84, 90, 126, 122, 124, 88, 97]]

y[140] = 1.0
Vehicle: 209  Cost: 22.87
Route: 2 42 102 28 -2 
  2 [ 6  34:170]
 42 [ 2 180:185]
102 [ 5 185:190]
 28 [ 3 197:202]
 -2 [ 3 208:208]

y[453] = 1.0
Vehicle: 307  Cost: 85.34
Route: 3 22 70 108 52 -3 
  3 [ 8  53: 68]
 22 [ 7 103:108]
 70 [ 3 300:305]
108 [ 7 420:425]
 52 [ 4 425:430]
 -3 [ 4 459:459]

y[1184] = 1.0
Vehicle: 302  Cost: 65.13
Route: 3 77 41 65 -3 
  3 [ 9  88:103]
 77 [ 7 127:132]
 41 [ 4 137:142]
 65 [ 0 300:305]
 -3 [ 0 329:329]

y[1334] = 1.0
Vehicle: 413  Cost: 79.12
Route: 4 14 29 12 85 16 91 90 -4 
  4 [10 185:200]
 14 [ 9 210:215]
 29 [ 8 227:232]
 12 [ 4 251:256]
 85 [ 8 256:261]
 16 [ 4 300:305]
 91 [ 6 314:319]
 90 [10 323:328]
 -4 [10 352:352]

y[1466] = 1.0
Vehicle: 210  Cost: 65.81
Route: 2 105 50 47 117 8 13 -2 
  2 [ 8 189:204]
105 [ 9 229:234]
 50 [ 8 234:239]
 47 [ 5 300:305]
117 [ 9 309:314]
  8 [ 8 320:325]
 13 [ 5 335:340]
 -2 [ 5 354:354]

y[1989] = 1.0
Vehicle: 306  Cost: 90.14
Route: 3 26 27 15 107 93 111 54 116 -3 
  3 [10  53:266]
 26 [ 9 300:305]
 27 [ 5 305:310]
 15 [ 2 318:323]
107 [ 3 329:334]
 93 [ 7 344:349]
111 [ 8 362:367]
 54 [ 6 374:379]
116 [10 420:425]
 -3 [10 429:429]

y[2335] = 1.0
Vehicle: 307  Cost: 37.50
Route: 3 43 19 -3 
  3 [ 6  53: 68]
 43 [ 2  86: 91]
 19 [ 0 300:305]
 -3 [ 0 322:322]

y[5129] = 1.0
Vehicle: 301  Cost: 56.69
Route: 3 24 94 78 130 59 33 106 -3 
  3 [ 8  53: 68]
 24 [ 5  87: 92]
 94 [ 8  92: 97]
 78 [ 7 180:185]
130 [10 185:190]
 59 [ 8 300:305]
 33 [ 6 309:314]
106 [ 7 420:425]
 -3 [ 7 439:439]

y[8553] = 1.0
Vehicle: 205  Cost: 28.98
Route: 2 62 31 -2 
  2 [ 7  34:286]
 62 [ 3 300:305]
 31 [ 0 310:315]
 -2 [ 0 325:325]

y[8713] = 1.0
Vehicle: 304  Cost: 97.34
Route: 3 79 30 96 87 76 123 -3 
  3 [10  53: 68]
 79 [ 6  98:103]
 30 [ 2 123:128]
 96 [ 3 128:133]
 87 [ 7 300:305]
 76 [ 5 312:317]
123 [ 6 322:327]
 -3 [ 6 356:356]

y[8866] = 1.0
Vehicle: 309  Cost: 54.21
Route: 3 104 49 113 56 83 10 -3 
  3 [ 7  53:286]
104 [ 8 300:305]
 49 [ 7 305:310]
113 [10 333:338]
 56 [ 6 338:343]
 83 [10 347:352]
 10 [ 8 352:357]
 -3 [ 8 370:370]

y[10462] = 1.0
Vehicle: 503  Cost: 103.16
Route: 5 35 99 57 114 39 46 64 -5 
  5 [ 9  99:114]
 35 [ 8 136:141]
 99 [10 141:146]
 57 [ 7 171:176]
114 [ 9 176:181]
 39 [ 7 300:305]
 46 [ 6 322:327]
 64 [ 4 339:344]
 -5 [ 4 369:369]

y[10825] = 1.0
Vehicle: 404  Cost: 98.37
Route: 4 53 120 34 75 124 84 -4 
  4 [ 9  93:108]
 53 [ 6 130:135]
120 [ 8 180:185]
 34 [ 4 208:213]
 75 [ 2 300:305]
124 [ 5 310:315]
 84 [ 7 340:345]
 -4 [ 7 362:362]

y[11489] = 1.0
Vehicle: 406  Cost: 18.63
Route: 4 71 127 97 -4 
  4 [ 4 110:125]
 71 [ 0 130:135]
127 [ 4 135:140]
 97 [ 8 149:154]
 -4 [ 8 159:159]

y[13588] = 1.0
Vehicle: 407  Cost: 107.30
Route: 4 32 86 38 95 69 126 -4 
  4 [10  93:108]
 32 [ 7 128:133]
 86 [ 8 139:144]
 38 [ 5 160:165]
 95 [ 7 185:190]
 69 [ 3 300:305]
126 [ 4 305:310]
 -4 [ 4 342:342]

y[14094] = 1.0
Vehicle: 302  Cost: 155.10
Route: 3 21 100 67 66 48 103 44 131 -3 
  3 [10  53:136]
 21 [ 6 180:185]
100 [ 9 212:217]
 67 [ 8 300:305]
 66 [ 5 318:323]
 48 [ 4 337:342]
103 [ 8 352:357]
 44 [ 7 420:425]
131 [10 433:438]
 -3 [10 465:465]

y[14112] = 1.0
Vehicle: 316  Cost: 71.08
Route: 3 60 119 6 80 115 58 -3 
  3 [10  53: 68]
 60 [ 6  93: 98]
119 [ 9  98:103]
  6 [ 5 300:305]
 80 [ 7 305:310]
115 [ 8 317:322]
 58 [ 6 322:327]
 -3 [ 6 356:356]

y[14168] = 1.0
Vehicle: 502  Cost: 46.42
Route: 5 81 61 40 101 -5 
  5 [ 5  99:114]
 81 [ 9 131:136]
 61 [ 8 144:149]
 40 [ 4 158:163]
101 [ 8 163:168]
 -5 [ 8 181:181]

y[14560] = 1.0
Vehicle: 201  Cost: 74.92
Route: 2 11 63 98 72 20 92 -2 
  2 [10  34: 49]
 11 [ 7  59: 64]
 63 [ 6  88: 93]
 98 [ 8  97:102]
 72 [ 4 113:118]
 20 [ 2 300:305]
 92 [ 4 305:310]
 -2 [ 4 322:322]

y[14729] = 1.0
Vehicle: 303  Cost: 100.20
Route: 3 7 73 37 125 68 118 110 -3 
  3 [10  53: 68]
  7 [ 8  76: 81]
 73 [ 5  93: 98]
 37 [ 3 105:110]
125 [ 7 127:132]
 68 [ 4 132:137]
118 [ 8 153:158]
110 [ 9 168:173]
 -3 [ 9 203:203]

y[14933] = 1.0
Vehicle: 502  Cost: 83.31
Route: 5 51 121 109 55 112 18 -5 
  5 [ 8 163:178]
 51 [ 4 190:195]
121 [ 8 202:207]
109 [10 220:225]
 55 [ 7 300:305]
112 [ 8 305:310]
 18 [ 7 317:322]
 -5 [ 7 344:344]

y[15567] = 1.0
Vehicle: 202  Cost: 57.01
Route: 2 9 82 45 36 128 -2 
  2 [ 8  34:283]
  9 [ 5 300:305]
 82 [ 9 305:310]
 45 [ 5 323:328]
 36 [ 4 334:339]
128 [ 6 344:349]
 -2 [ 6 365:365]

y[15797] = 1.0
Vehicle: 403  Cost: 94.45
Route: 4 23 17 89 25 122 129 74 88 -4 
  4 [10  93:108]
 23 [ 7 128:133]
 17 [ 6 138:143]
 89 [ 7 143:148]
 25 [ 5 158:163]
122 [ 6 167:172]
129 [ 9 184:189]
 74 [ 5 189:194]
 88 [ 8 420:425]
 -4 [ 8 460:460]

FE: 4
SE: 23
!MIP-----
2143.2635961648502,5400.783523082733,0.0630336725495531,4,23,41377,16630

Run: 3
Total Cost: 2011.96
Vehicle: 11  Cost: 126.49
Route: 1 2 5 -5 -2 -1 
 1 [ 64   0:  0 [42, 40, 63, 50, 36, 62, 55, 9, 13, 64, 57, 46, 11, 31, 39, 51, 72, 8, 15, 20, 18, 45, 47, 61, 28, 35]]
 2 [ 22  34: 49 [40, 55, 64, 57, 46, 39, 51, 18, 61, 35]]
 5 [  0  78: 78 []]
-5 [ 19  78:384 [112, 99, 114, 81, 121, 101, 109]]
-2 [ 41 413:428 [102, 98, 112, 99, 82, 107, 128, 114, 93, 81, 121, 101, 109, 92, 117]]
-1 [ 41 462:462 [102, 98, 112, 99, 82, 107, 128, 114, 93, 81, 121, 101, 109, 92, 117]]

Vehicle: 12  Cost: 172.55
Route: 1 4 -4 -2 -1 
 1 [ 66   0:  0 [12, 25, 71, 74, 53, 23, 16, 49, 52, 78, 32, 59, 76, 70, 38, 33, 14, 75, 22, 24, 29, 17, 30, 34, 69]]
 4 [  0  78: 78 []]
-4 [ 55  78:475 [104, 94, 97, 127, 106, 130, 108, 90, 124, 95, 129, 86, 89, 84, 96, 126, 87, 88, 122, 85, 91, 123, 120]]
-2 [ 56 536:551 [105, 104, 94, 97, 127, 106, 130, 108, 90, 124, 95, 129, 86, 89, 84, 96, 126, 87, 88, 122, 85, 91, 123, 120]]
-1 [ 56 585:585 [104, 94, 97, 127, 106, 130, 108, 90, 124, 95, 129, 86, 89, 84, 96, 126, 87, 88, 122, 85, 105, 91, 123, 120]]

Vehicle: 15  Cost: 106.30
Route: 1 3 -3 -1 
 1 [ 62   0:  0 [37, 6, 41, 7, 67, 19, 44, 54, 48, 65, 10, 43, 77, 26, 58, 66, 21, 68, 73, 79, 60, 56, 27]]
 3 [  0  53: 53 []]
-3 [ 37  53:480 [100, 80, 125, 113, 103, 115, 131, 118, 110, 119, 111, 83, 116]]
-1 [ 37 534:534 [100, 80, 125, 113, 103, 115, 131, 118, 110, 119, 111, 83, 116]]

Vehicle: 201  Cost: 28.98
Route: 2 31 62 -2 
  2 [ 7  34:290]
 31 [ 4 300:305]
 62 [ 0 310:315]
 -2 [ 0 329:329]

Vehicle: 202  Cost: 96.18
Route: 2 72 98 63 15 107 93 20 92 -2 
  2 [10  34: 49]
 72 [ 6  73: 78]
 98 [ 8  89: 94]
 63 [ 7  98:103]
 15 [ 4 300:305]
107 [ 5 311:316]
 93 [ 9 325:330]
 20 [ 7 346:351]
 92 [ 9 351:356]
 -2 [ 9 368:368]

Vehicle: 203  Cost: 57.01
Route: 2 128 36 45 9 82 -2 
  2 [ 8  34:284]
128 [10 300:305]
 36 [ 9 310:315]
 45 [ 5 321:326]
  9 [ 2 339:344]
 82 [ 6 344:349]
 -2 [ 6 366:366]

Vehicle: 204  Cost: 65.81
Route: 2 105 50 47 117 8 13 -2 
  2 [ 8  34: 49]
105 [ 9  73: 78]
 50 [ 8  78: 83]
 47 [ 5 300:305]
117 [ 9 309:314]
  8 [ 8 320:325]
 13 [ 5 335:340]
 -2 [ 5 354:354]

Vehicle: 205  Cost: 34.42
Route: 2 11 28 42 102 -2 
  2 [ 9  34: 49]
 11 [ 6  59: 64]
 28 [ 4  71: 76]
 42 [ 0 180:185]
102 [ 3 185:190]
 -2 [ 3 200:200]

Vehicle: 301  Cost: 79.76
Route: 3 68 125 6 80 115 58 -3 
  3 [ 9  53: 68]
 68 [ 6 107:112]
125 [10 112:117]
  6 [ 6 300:305]
 80 [ 8 305:310]
115 [ 9 317:322]
 58 [ 7 322:327]
 -3 [ 7 356:356]

Vehicle: 302  Cost: 107.37
Route: 3 73 37 110 118 27 26 111 -3 
  3 [10  53: 68]
 73 [ 7  87: 92]
 37 [ 5 100:105]
110 [ 6 115:120]
118 [10 130:135]
 27 [ 6 300:305]
 26 [ 5 305:310]
111 [ 6 329:334]
 -3 [ 6 353:353]

Vehicle: 303  Cost: 38.91
Route: 3 43 19 54 116 -3 
  3 [ 8  53: 68]
 43 [ 4  86: 91]
 19 [ 2 300:305]
 54 [ 0 310:315]
116 [ 4 420:425]
 -3 [ 4 429:429]

Vehicle: 304  Cost: 65.13
Route: 3 77 41 65 -3 
  3 [ 9  53: 68]
 77 [ 7  92: 97]
 41 [ 4 103:108]
 65 [ 0 300:305]
 -3 [ 0 329:329]

Vehicle: 305  Cost: 155.10
Route: 3 21 100 67 66 48 103 44 131 -3 
  3 [10  53:136]
 21 [ 6 180:185]
100 [ 9 212:217]
 67 [ 8 300:305]
 66 [ 5 318:323]
 48 [ 4 337:342]
103 [ 8 352:357]
 44 [ 7 420:425]
131 [10 433:438]
 -3 [10 465:465]

Vehicle: 306  Cost: 34.02
Route: 3 83 10 56 113 -3 
  3 [ 6  53:287]
 83 [10 300:305]
 10 [ 8 305:310]
 56 [ 4 314:319]
113 [ 7 319:324]
 -3 [ 7 341:341]

Vehicle: 313  Cost: 60.59
Route: 3 60 119 79 7 -3 
  3 [10  53: 68]
 60 [ 6  93: 98]
119 [ 9  98:103]
 79 [ 5 109:114]
  7 [ 3 136:141]
 -3 [ 3 149:149]

Vehicle: 401  Cost: 62.77
Route: 4 23 95 25 70 -4 
  4 [ 9  78: 93]
 23 [ 6 113:118]
 95 [ 8 128:133]
 25 [ 6 133:138]
 70 [ 2 300:305]
 -4 [ 2 334:334]

Vehicle: 402  Cost: 77.50
Route: 4 14 29 12 85 71 127 -4 
  4 [10  78:170]
 14 [ 9 180:185]
 29 [ 8 197:202]
 12 [ 4 220:225]
 85 [ 8 225:230]
 71 [ 4 262:267]
127 [ 8 267:272]
 -4 [ 8 278:278]

Vehicle: 403  Cost: 91.25
Route: 4 17 89 122 74 129 30 96 88 -4 
  4 [ 9  78: 93]
 17 [ 8 114:119]
 89 [ 9 119:124]
122 [10 137:142]
 74 [ 6 154:159]
129 [ 9 159:164]
 30 [ 5 169:174]
 96 [ 6 174:179]
 88 [ 9 420:425]
 -4 [ 9 460:460]

Vehicle: 404  Cost: 84.62
Route: 4 32 86 38 16 91 90 -4 
  4 [10  78: 93]
 32 [ 7 112:117]
 86 [ 8 124:129]
 38 [ 5 144:149]
 16 [ 1 300:305]
 91 [ 3 314:319]
 90 [ 7 323:328]
 -4 [ 7 352:352]

Vehicle: 405  Cost: 16.34
Route: 4 97 33 59 -4 
  4 [ 4  78: 93]
 97 [ 8  98:103]
 33 [ 6 300:305]
 59 [ 4 309:314]
 -4 [ 4 320:320]

Vehicle: 406  Cost: 75.65
Route: 4 22 69 126 87 76 123 52 108 -4 
  4 [10  78: 93]
 22 [ 9 121:126]
 69 [ 5 300:305]
126 [ 6 305:310]
 87 [10 311:316]
 76 [ 8 323:328]
123 [ 9 333:338]
 52 [ 6 420:425]
108 [10 425:430]
 -4 [10 452:452]

Vehicle: 407  Cost: 43.92
Route: 4 78 130 24 94 49 104 106 -4 
  4 [ 5  78:172]
 78 [ 4 180:185]
130 [ 7 185:190]
 24 [ 4 201:206]
 94 [ 7 206:211]
 49 [ 6 300:305]
104 [ 7 305:310]
106 [ 8 420:425]
 -4 [ 8 436:436]

Vehicle: 408  Cost: 98.37
Route: 4 53 120 34 75 124 84 -4 
  4 [ 9  78: 93]
 53 [ 6 114:119]
120 [ 8 180:185]
 34 [ 4 208:213]
 75 [ 2 300:305]
124 [ 5 310:315]
 84 [ 7 340:345]
 -4 [ 7 362:362]

Vehicle: 501  Cost: 46.42
Route: 5 81 61 40 101 -5 
  5 [ 5  78: 93]
 81 [ 9 110:115]
 61 [ 8 123:128]
 40 [ 4 137:142]
101 [ 8 142:147]
 -5 [ 8 160:160]

Vehicle: 502  Cost: 83.31
Route: 5 51 121 109 55 112 18 -5 
  5 [ 8  78:168]
 51 [ 4 180:185]
121 [ 8 192:197]
109 [10 209:214]
 55 [ 7 300:305]
112 [ 8 305:310]
 18 [ 7 317:322]
 -5 [ 7 344:344]

Vehicle: 503  Cost: 103.16
Route: 5 35 99 57 114 39 46 64 -5 
  5 [ 9  78: 93]
 35 [ 8 115:120]
 99 [10 120:125]
 57 [ 7 150:155]
114 [ 9 155:160]
 39 [ 7 300:305]
 46 [ 6 322:327]
 64 [ 4 339:344]
 -5 [ 4 369:369]

Total Cost: 2011.96
 11:126.49, 64:75 [1, 2, 5, -5, -2, -1]
 12:172.55, 66:75 [1, 4, -4, -2, -1]
 15:106.30, 62:75 [1, 3, -3, -1]
201:28.98, 7:10 [2, 31, 62, -2]
202:96.18, 10:10 [2, 72, 98, 63, 15, 107, 93, 20, 92, -2]
203:57.01, 10:10 [2, 128, 36, 45, 9, 82, -2]
204:65.81, 9:10 [2, 105, 50, 47, 117, 8, 13, -2]
205:34.42, 9:10 [2, 11, 28, 42, 102, -2]
301:79.76, 10:10 [3, 68, 125, 6, 80, 115, 58, -3]
302:107.37, 10:10 [3, 73, 37, 110, 118, 27, 26, 111, -3]
303:38.91, 8:10 [3, 43, 19, 54, 116, -3]
304:65.13, 9:10 [3, 77, 41, 65, -3]
305:155.10, 10:10 [3, 21, 100, 67, 66, 48, 103, 44, 131, -3]
306:34.02, 10:10 [3, 83, 10, 56, 113, -3]
313:60.59, 10:10 [3, 60, 119, 79, 7, -3]
401:62.77, 9:10 [4, 23, 95, 25, 70, -4]
402:77.50, 10:10 [4, 14, 29, 12, 85, 71, 127, -4]
403:91.25, 10:10 [4, 17, 89, 122, 74, 129, 30, 96, 88, -4]
404:84.62, 10:10 [4, 32, 86, 38, 16, 91, 90, -4]
405:16.34, 8:10 [4, 97, 33, 59, -4]
406:75.65, 10:10 [4, 22, 69, 126, 87, 76, 123, 52, 108, -4]
407:43.92, 8:10 [4, 78, 130, 24, 94, 49, 104, 106, -4]
408:98.37, 9:10 [4, 53, 120, 34, 75, 124, 84, -4]
501:46.42, 9:10 [5, 81, 61, 40, 101, -5]
502:83.31, 10:10 [5, 51, 121, 109, 55, 112, 18, -5]
503:103.16, 10:10 [5, 35, 99, 57, 114, 39, 46, 64, -5]
fe: 3, se: 23

!ALNS------------
100000,2011.9590535088955,536.102,516.935,3,23,0.8533333333333334,0.9347826086956522,42.0,5.478260869565218
21 27 25 11 0 0 5 1 
11.753213957881519 30.115185988144162 12.322080212069539 17.890271526088448 58.66420941178954 67.06349631446109 18.30464656680582 39.61131206578898 
7 13 9 13 16 8 19 5 
20.60555965925188 19.78004400795442 18.84250536951529 18.763333643215454 18.61746294357828 19.446914583739293 19.056720176115537 21.36447329812351 

x[2890] = 1.0
Vehicle: 15  Cost: 106.30
Route: 1 3 -3 -1 
 1 [ 65   0:  0 [26, 7, 54, 65, 60, 79, 73, 66, 77, 56, 21, 43, 48, 68, 44, 37, 6, 41, 67, 10, 19, 15, 27, 58]]
 3 [  0  53: 53 []]
-3 [ 42  53:548 [116, 119, 113, 115, 107, 125, 118, 103, 83, 100, 80, 131, 93, 111, 110]]
-1 [ 42 601:601 [116, 119, 113, 115, 107, 125, 118, 103, 83, 100, 80, 131, 93, 111, 110]]

x[2893] = 1.0
Vehicle: 12  Cost: 155.05
Route: 1 4 -4 -1 
 1 [ 66   0:  0 [17, 29, 34, 24, 23, 71, 25, 16, 38, 14, 33, 70, 12, 69, 52, 74, 30, 78, 32, 49, 75, 59, 22, 53, 76]]
 4 [  0  78: 78 []]
-4 [ 55  78:480 [96, 108, 97, 127, 94, 124, 104, 120, 126, 122, 86, 89, 87, 95, 129, 88, 85, 84, 130, 91, 106, 90, 123]]
-1 [ 55 558:558 [96, 108, 97, 127, 94, 124, 104, 120, 126, 122, 86, 89, 87, 95, 129, 88, 85, 84, 130, 91, 106, 90, 123]]

x[4802] = 1.0
Vehicle: 11  Cost: 126.49
Route: 1 2 5 -5 -2 -1 
 1 [ 61   0:  0 [9, 42, 62, 64, 28, 8, 31, 63, 13, 61, 45, 11, 20, 72, 47, 50, 36, 51, 40, 35, 18, 55, 46, 57, 39]]
 2 [ 22  34: 49 [64, 61, 51, 40, 35, 18, 55, 46, 57, 39]]
 5 [  0  78: 78 []]
-5 [ 19  78:389 [81, 101, 121, 99, 109, 112, 114]]
-2 [ 37 418:433 [102, 98, 105, 128, 81, 101, 82, 92, 117, 121, 99, 109, 112, 114]]
-1 [ 37 467:467 [102, 98, 105, 128, 81, 101, 82, 92, 117, 121, 99, 109, 112, 114]]

y[659] = 1.0
Vehicle: 201  Cost: 34.42
Route: 2 42 102 28 11 -2 
  2 [ 9  34:170]
 42 [ 5 180:185]
102 [ 8 185:190]
 28 [ 6 197:202]
 11 [ 3 209:214]
 -2 [ 3 224:224]

y[860] = 1.0
Vehicle: 403  Cost: 79.12
Route: 4 14 29 12 85 16 91 90 -4 
  4 [10  78:170]
 14 [ 9 180:185]
 29 [ 8 197:202]
 12 [ 4 220:225]
 85 [ 8 225:230]
 16 [ 4 300:305]
 91 [ 6 314:319]
 90 [10 323:328]
 -4 [10 352:352]

y[1375] = 1.0
Vehicle: 302  Cost: 99.10
Route: 3 37 26 27 15 107 111 -3 
  3 [10  53: 68]
 37 [ 8  91: 96]
 26 [ 7 300:305]
 27 [ 3 305:310]
 15 [ 0 318:323]
107 [ 1 329:334]
111 [ 2 352:357]
 -3 [ 2 377:377]

y[1440] = 1.0
Vehicle: 405  Cost: 16.34
Route: 4 97 33 59 -4 
  4 [ 4  93:108]
 97 [ 8 113:118]
 33 [ 6 300:305]
 59 [ 4 309:314]
 -4 [ 4 320:320]

y[2474] = 1.0
Vehicle: 406  Cost: 75.65
Route: 4 22 126 69 87 76 123 52 108 -4 
  4 [10  78: 93]
 22 [ 9 121:126]
126 [10 300:305]
 69 [ 6 305:310]
 87 [10 311:316]
 76 [ 8 323:328]
123 [ 9 333:338]
 52 [ 6 420:425]
108 [10 425:430]
 -4 [10 452:452]

y[4417] = 1.0
Vehicle: 404  Cost: 43.70
Route: 4 71 127 23 32 -4 
  4 [10  93:108]
 71 [ 6 113:118]
127 [10 118:123]
 23 [ 7 139:144]
 32 [ 4 146:151]
 -4 [ 4 171:171]

y[4567] = 1.0
Vehicle: 504  Cost: 83.31
Route: 5 51 121 109 55 112 18 -5 
  5 [ 8  60:168]
 51 [ 4 180:185]
121 [ 8 192:197]
109 [10 209:214]
 55 [ 7 300:305]
112 [ 8 305:310]
 18 [ 7 317:322]
 -5 [ 7 344:344]

y[4657] = 1.0
Vehicle: 303  Cost: 53.07
Route: 3 7 43 19 54 116 -3 
  3 [10  53: 68]
  7 [ 8  76: 81]
 43 [ 4 105:110]
 19 [ 2 300:305]
 54 [ 0 310:315]
116 [ 4 420:425]
 -3 [ 4 429:429]

y[4873] = 1.0
Vehicle: 402  Cost: 43.92
Route: 4 78 130 94 24 49 104 106 -4 
  4 [ 5  78:172]
 78 [ 4 180:185]
130 [ 7 185:190]
 94 [10 201:206]
 24 [ 7 206:211]
 49 [ 6 300:305]
104 [ 7 305:310]
106 [ 8 420:425]
 -4 [ 8 436:436]

y[6229] = 1.0
Vehicle: 506  Cost: 103.16
Route: 5 35 99 57 114 39 46 64 -5 
  5 [ 9  78: 93]
 35 [ 8 115:120]
 99 [10 120:125]
 57 [ 7 150:155]
114 [ 9 155:160]
 39 [ 7 300:305]
 46 [ 6 322:327]
 64 [ 4 339:344]
 -5 [ 4 369:369]

y[6451] = 1.0
Vehicle: 205  Cost: 90.04
Route: 2 50 105 8 47 117 45 36 128 -2 
  2 [10  34: 49]
 50 [ 9  73: 78]
105 [10  78: 83]
  8 [ 9 300:305]
 47 [ 6 313:318]
117 [10 322:327]
 45 [ 6 349:354]
 36 [ 5 360:365]
128 [ 7 370:375]
 -2 [ 7 391:391]

y[8830] = 1.0
Vehicle: 202  Cost: 78.26
Route: 2 72 98 63 92 20 31 -2 
  2 [10 180:195]
 72 [ 6 219:224]
 98 [ 8 235:240]
 63 [ 7 244:249]
 92 [ 9 300:305]
 20 [ 7 305:310]
 31 [ 4 320:325]
 -2 [ 4 335:335]

y[9065] = 1.0
Vehicle: 305  Cost: 155.10
Route: 3 21 100 67 66 48 103 44 131 -3 
  3 [10 117:136]
 21 [ 6 180:185]
100 [ 9 212:217]
 67 [ 8 300:305]
 66 [ 5 318:323]
 48 [ 4 337:342]
103 [ 8 352:357]
 44 [ 7 420:425]
131 [10 433:438]
 -3 [10 465:465]

y[9066] = 1.0
Vehicle: 504  Cost: 46.42
Route: 5 81 61 40 101 -5 
  5 [ 5  78: 93]
 81 [ 9 110:115]
 61 [ 8 123:128]
 40 [ 4 137:142]
101 [ 8 142:147]
 -5 [ 8 160:160]

y[10326] = 1.0
Vehicle: 408  Cost: 98.37
Route: 4 53 120 34 75 124 84 -4 
  4 [ 9  93:108]
 53 [ 6 130:135]
120 [ 8 180:185]
 34 [ 4 208:213]
 75 [ 2 300:305]
124 [ 5 310:315]
 84 [ 7 340:345]
 -4 [ 7 362:362]

y[11025] = 1.0
Vehicle: 403  Cost: 84.64
Route: 4 89 17 96 30 74 129 88 -4 
  4 [ 9  93:108]
 89 [10 129:134]
 17 [ 9 134:139]
 96 [10 155:160]
 30 [ 6 160:165]
 74 [ 2 169:174]
129 [ 5 174:179]
 88 [ 8 420:425]
 -4 [ 8 460:460]

y[11397] = 1.0
Vehicle: 304  Cost: 69.93
Route: 3 77 41 93 65 -3 
  3 [ 9  88:103]
 77 [ 7 127:132]
 41 [ 4 137:142]
 93 [ 8 300:305]
 65 [ 4 318:323]
 -3 [ 4 347:347]

y[11868] = 1.0
Vehicle: 401  Cost: 97.80
Route: 4 86 38 122 25 95 70 -4 
  4 [ 9  78: 93]
 86 [10 119:124]
 38 [ 7 139:144]
122 [ 8 164:169]
 25 [ 6 173:178]
 95 [ 8 178:183]
 70 [ 4 300:305]
 -4 [ 4 334:334]

y[12884] = 1.0
Vehicle: 304  Cost: 98.21
Route: 3 73 79 125 68 118 110 -3 
  3 [10  53: 68]
 73 [ 7  87: 92]
 79 [ 3 104:109]
125 [ 7 120:125]
 68 [ 4 125:130]
118 [ 8 146:151]
110 [ 9 161:166]
 -3 [ 9 196:196]

y[13463] = 1.0
Vehicle: 301  Cost: 71.08
Route: 3 60 119 6 80 115 58 -3 
  3 [10  53: 68]
 60 [ 6  93: 98]
119 [ 9  98:103]
  6 [ 5 300:305]
 80 [ 7 305:310]
115 [ 8 317:322]
 58 [ 6 322:327]
 -3 [ 6 356:356]

y[13696] = 1.0
Vehicle: 201  Cost: 46.83
Route: 2 62 13 9 82 -2 
  2 [10  34:286]
 62 [ 6 300:305]
 13 [ 3 316:321]
  9 [ 0 325:330]
 82 [ 4 330:335]
 -2 [ 4 353:353]

y[14460] = 1.0
Vehicle: 305  Cost: 34.02
Route: 3 113 56 10 83 -3 
  3 [ 6  53:283]
113 [ 9 300:305]
 56 [ 5 305:310]
 10 [ 3 314:319]
 83 [ 7 319:324]
 -3 [ 7 337:337]

FE: 3
SE: 22
!MIP-----
1990.3380431028647,414.90722012519836,9.060575410956454E-5,3,22,9065,15901

Run: 4
Total Cost: 2063.37
Vehicle: 11  Cost: 67.94
Route: 1 2 -2 -1 
 1 [ 55   0:  0 [64, 42, 72, 51, 62, 8, 31, 21, 28, 13, 9, 50, 55, 11, 18, 20, 63, 47, 67, 46, 45, 36]]
 2 [  0  34: 34 []]
-2 [ 32  34:435 [93, 100, 117, 121, 98, 112, 102, 92, 105, 128, 82, 109]]
-1 [ 32 469:469 [93, 100, 117, 121, 98, 112, 102, 92, 105, 128, 82, 109]]

Vehicle: 12  Cost: 106.30
Route: 1 3 -3 -1 
 1 [ 65   0:  0 [60, 37, 61, 75, 40, 27, 49, 26, 73, 56, 6, 66, 35, 43, 65, 7, 41, 15, 10, 58, 57, 39, 77, 19, 54]]
 3 [  0  53: 53 []]
-3 [ 45  53:444 [99, 118, 111, 114, 104, 101, 116, 107, 119, 80, 81, 110, 124, 113, 115, 83, 131, 84]]
-1 [ 45 497:497 [99, 118, 111, 114, 104, 101, 116, 107, 119, 80, 81, 110, 124, 113, 115, 83, 131, 84]]

Vehicle: 14  Cost: 155.05
Route: 1 4 -4 -1 
 1 [ 72   0:  0 [79, 16, 17, 25, 14, 32, 53, 71, 22, 78, 74, 70, 38, 33, 59, 52, 76, 44, 34, 30, 69, 29, 68, 12, 23, 48, 24]]
 4 [  0  78: 78 []]
-4 [ 57  78:492 [89, 97, 85, 129, 86, 103, 95, 130, 88, 87, 120, 106, 90, 94, 122, 127, 96, 126, 125, 91, 123, 108]]
-1 [ 57 569:569 [89, 97, 85, 129, 86, 103, 95, 130, 88, 87, 120, 106, 90, 94, 122, 127, 96, 126, 125, 91, 123, 108]]

Vehicle: 201  Cost: 41.18
Route: 2 28 11 20 92 31 -2 
  2 [10  34: 49]
 28 [ 8  55: 60]
 11 [ 5  67: 72]
 20 [ 3 300:305]
 92 [ 5 305:310]
 31 [ 2 320:325]
 -2 [ 2 335:335]

Vehicle: 202  Cost: 64.57
Route: 2 51 121 42 102 -2 
  2 [ 8  34:155]
 51 [ 4 180:185]
121 [ 8 192:197]
 42 [ 4 220:225]
102 [ 7 225:230]
 -2 [ 7 240:240]

Vehicle: 203  Cost: 54.46
Route: 2 13 9 82 45 -2 
  2 [10  34:286]
 13 [ 7 300:305]
  9 [ 4 309:314]
 82 [ 8 314:319]
 45 [ 4 332:337]
 -2 [ 4 361:361]

Vehicle: 204  Cost: 67.37
Route: 2 50 105 47 117 8 62 -2 
  2 [ 9  34: 49]
 50 [ 8  73: 78]
105 [ 9  78: 83]
 47 [ 6 300:305]
117 [10 309:314]
  8 [ 9 320:325]
 62 [ 5 336:341]
 -2 [ 5 355:355]

Vehicle: 205  Cost: 141.79
Route: 2 109 64 46 55 112 18 36 128 -2 
  2 [ 8  34: 49]
109 [10  89: 94]
 64 [ 8 300:305]
 46 [ 7 317:322]
 55 [ 4 330:335]
112 [ 5 335:340]
 18 [ 4 347:352]
 36 [ 3 389:394]
128 [ 5 399:404]
 -2 [ 5 420:420]

Vehicle: 206  Cost: 162.09
Route: 2 72 98 63 21 100 67 93 -2 
  2 [10  34: 49]
 72 [ 6  73: 78]
 98 [ 8  89: 94]
 63 [ 7  98:103]
 21 [ 3 180:185]
100 [ 6 212:217]
 67 [ 5 300:305]
 93 [ 9 351:356]
 -2 [ 9 381:381]

Vehicle: 301  Cost: 65.13
Route: 3 77 41 65 -3 
  3 [ 9  53: 68]
 77 [ 7  92: 97]
 41 [ 4 103:108]
 65 [ 0 300:305]
 -3 [ 0 329:329]

Vehicle: 302  Cost: 142.70
Route: 3 61 35 99 57 114 39 75 124 84 49 104 -3 
  3 [10  53: 68]
 61 [ 9  99:104]
 35 [ 8 117:122]
 99 [10 122:127]
 57 [ 7 152:157]
114 [ 9 157:162]
 39 [ 7 300:305]
 75 [ 5 318:323]
124 [ 8 328:333]
 84 [10 358:363]
 49 [ 9 377:382]
104 [10 382:387]
 -3 [10 401:401]

Vehicle: 303  Cost: 71.85
Route: 3 60 119 58 115 80 6 131 -3 
  3 [10  53: 68]
 60 [ 6  93: 98]
119 [ 9  98:103]
 58 [ 7 300:305]
115 [ 8 305:310]
 80 [10 317:322]
  6 [ 6 322:327]
131 [ 9 335:340]
 -3 [ 9 367:367]

Vehicle: 304  Cost: 46.36
Route: 3 43 19 113 56 83 -3 
  3 [10  53: 68]
 43 [ 6  86: 91]
 19 [ 4 300:305]
113 [ 7 313:318]
 56 [ 3 318:323]
 83 [ 7 327:332]
 -3 [ 7 346:346]

Vehicle: 306  Cost: 86.01
Route: 3 26 27 15 107 111 54 116 -3 
  3 [10  53:266]
 26 [ 9 300:305]
 27 [ 5 305:310]
 15 [ 2 318:323]
107 [ 3 329:334]
111 [ 4 352:357]
 54 [ 2 365:370]
116 [ 6 420:425]
 -3 [ 6 429:429]

Vehicle: 307  Cost: 71.93
Route: 3 81 40 101 10 -3 
  3 [ 6  53: 68]
 81 [10  91: 96]
 40 [ 6 106:111]
101 [10 111:116]
 10 [ 8 300:305]
 -3 [ 8 318:318]

Vehicle: 308  Cost: 95.25
Route: 3 7 73 37 110 118 66 -3 
  3 [10  53: 68]
  7 [ 8  76: 81]
 73 [ 5  93: 98]
 37 [ 3 105:110]
110 [ 4 120:125]
118 [ 8 135:140]
 66 [ 5 300:305]
 -3 [ 5 349:349]

Vehicle: 401  Cost: 79.12
Route: 4 14 29 12 85 16 91 90 -4 
  4 [10  78:170]
 14 [ 9 180:185]
 29 [ 8 197:202]
 12 [ 4 220:225]
 85 [ 8 225:230]
 16 [ 4 300:305]
 91 [ 6 314:319]
 90 [10 323:328]
 -4 [10 352:352]

Vehicle: 402  Cost: 119.88
Route: 4 79 68 125 48 103 44 106 -4 
  4 [ 9  78: 93]
 79 [ 5 128:133]
 68 [ 2 144:149]
125 [ 6 149:154]
 48 [ 5 300:305]
103 [ 9 314:319]
 44 [ 8 420:425]
106 [ 9 461:466]
 -4 [ 9 477:477]

Vehicle: 403  Cost: 21.68
Route: 4 130 78 59 33 -4 
  4 [ 5  78:172]
130 [ 8 180:185]
 78 [ 7 185:190]
 59 [ 5 300:305]
 33 [ 3 309:314]
 -4 [ 3 320:320]

Vehicle: 404  Cost: 43.70
Route: 4 32 23 127 71 -4 
  4 [10  78: 93]
 32 [ 7 112:117]
 23 [ 4 120:125]
127 [ 8 141:146]
 71 [ 4 146:151]
 -4 [ 4 156:156]

Vehicle: 405  Cost: 75.65
Route: 4 22 69 126 87 76 123 52 108 -4 
  4 [10  78: 93]
 22 [ 9 121:126]
 69 [ 5 300:305]
126 [ 6 305:310]
 87 [10 311:316]
 76 [ 8 323:328]
123 [ 9 333:338]
 52 [ 6 420:425]
108 [10 425:430]
 -4 [10 452:452]

Vehicle: 406  Cost: 84.64
Route: 4 17 89 30 96 74 129 88 -4 
  4 [ 9  78: 93]
 17 [ 8 114:119]
 89 [ 9 119:124]
 30 [ 5 140:145]
 96 [ 6 145:150]
 74 [ 2 154:159]
129 [ 5 159:164]
 88 [ 8 420:425]
 -4 [ 8 460:460]

Vehicle: 407  Cost: 100.91
Route: 4 53 120 34 24 94 97 -4 
  4 [10  78: 93]
 53 [ 7 114:119]
120 [ 9 180:185]
 34 [ 5 208:213]
 24 [ 2 251:256]
 94 [ 5 256:261]
 97 [ 9 273:278]
 -4 [ 9 283:283]

Vehicle: 409  Cost: 97.80
Route: 4 86 38 122 95 25 70 -4 
  4 [ 9  78: 93]
 86 [10 119:124]
 38 [ 7 139:144]
122 [ 8 164:169]
 95 [10 173:178]
 25 [ 8 178:183]
 70 [ 4 300:305]
 -4 [ 4 334:334]

Total Cost: 2063.37
 11:67.94, 55:75 [1, 2, -2, -1]
 12:106.30, 65:75 [1, 3, -3, -1]
 14:155.05, 72:75 [1, 4, -4, -1]
201:41.18, 10:10 [2, 28, 11, 20, 92, 31, -2]
202:64.57, 8:10 [2, 51, 121, 42, 102, -2]
203:54.46, 10:10 [2, 13, 9, 82, 45, -2]
204:67.37, 10:10 [2, 50, 105, 47, 117, 8, 62, -2]
205:141.79, 10:10 [2, 109, 64, 46, 55, 112, 18, 36, 128, -2]
206:162.09, 10:10 [2, 72, 98, 63, 21, 100, 67, 93, -2]
301:65.13, 9:10 [3, 77, 41, 65, -3]
302:142.70, 10:10 [3, 61, 35, 99, 57, 114, 39, 75, 124, 84, 49, 104, -3]
303:71.85, 10:10 [3, 60, 119, 58, 115, 80, 6, 131, -3]
304:46.36, 10:10 [3, 43, 19, 113, 56, 83, -3]
306:86.01, 10:10 [3, 26, 27, 15, 107, 111, 54, 116, -3]
307:71.93, 10:10 [3, 81, 40, 101, 10, -3]
308:95.25, 10:10 [3, 7, 73, 37, 110, 118, 66, -3]
401:79.12, 10:10 [4, 14, 29, 12, 85, 16, 91, 90, -4]
402:119.88, 9:10 [4, 79, 68, 125, 48, 103, 44, 106, -4]
403:21.68, 8:10 [4, 130, 78, 59, 33, -4]
404:43.70, 10:10 [4, 32, 23, 127, 71, -4]
405:75.65, 10:10 [4, 22, 69, 126, 87, 76, 123, 52, 108, -4]
406:84.64, 9:10 [4, 17, 89, 30, 96, 74, 129, 88, -4]
407:100.91, 10:10 [4, 53, 120, 34, 24, 94, 97, -4]
409:97.80, 10:10 [4, 86, 38, 122, 95, 25, 70, -4]
fe: 3, se: 21

!ALNS------------
100000,2063.3732875268065,410.924,399.493,3,21,0.8533333333333334,0.9666666666666667,42.0,6.0
18 27 14 7 0 0 10 0 
10.049226153806808 26.694812551353326 10.172472162859034 13.191947319004772 NaN 40.60210338268429 15.094219636931523 31.37154942157658 
10 16 6 5 12 7 14 6 
16.05142208019263 17.094584341844687 14.257085289359582 16.270771811662968 14.42898584760833 17.412478830841863 17.797606551215715 14.924151865129053 

x[1132] = 1.0
Vehicle: 14  Cost: 155.05
Route: 1 4 -4 -1 
 1 [ 71   0:  0 [14, 17, 34, 23, 75, 68, 79, 25, 69, 53, 44, 32, 30, 38, 12, 48, 52, 76, 29, 16, 22, 74, 70, 59, 78, 71, 33]]
 4 [  0  78: 78 []]
-4 [ 59  78:492 [87, 129, 122, 91, 125, 120, 108, 86, 96, 88, 95, 124, 90, 123, 89, 85, 126, 103, 127, 106, 97, 130, 84]]
-1 [ 59 569:569 [87, 129, 122, 91, 125, 120, 108, 86, 96, 88, 95, 124, 90, 123, 89, 85, 126, 103, 127, 106, 97, 130, 84]]

x[6348] = 1.0
Vehicle: 12  Cost: 106.30
Route: 1 3 -3 -1 
 1 [ 73   0:  0 [27, 77, 57, 58, 60, 73, 65, 18, 41, 55, 37, 64, 35, 54, 19, 56, 43, 39, 66, 15, 46, 40, 26, 6, 7, 49, 61, 10, 24]]
 3 [  0  53: 53 []]
-3 [ 44  53:444 [114, 113, 80, 131, 83, 101, 111, 119, 99, 112, 110, 107, 115, 118, 104, 116, 94, 81]]
-1 [ 44 497:497 [114, 113, 80, 131, 83, 101, 111, 119, 99, 112, 110, 107, 115, 118, 104, 116, 94, 81]]

x[10591] = 1.0
Vehicle: 11  Cost: 67.94
Route: 1 2 -2 -1 
 1 [ 48   0:  0 [28, 63, 62, 50, 31, 42, 11, 9, 20, 51, 21, 13, 36, 8, 47, 72, 67, 45]]
 2 [  0  34: 34 []]
-2 [ 32  34:401 [107, 105, 93, 102, 121, 82, 92, 117, 100, 109, 98, 128]]
-1 [ 32 435:435 [107, 105, 93, 102, 121, 82, 92, 117, 100, 109, 98, 128]]

y[77] = 1.0
Vehicle: 206  Cost: 162.09
Route: 2 72 98 63 21 100 67 93 -2 
  2 [10 160:175]
 72 [ 6 199:204]
 98 [ 8 215:220]
 63 [ 7 225:230]
 21 [ 3 252:257]
100 [ 6 284:289]
 67 [ 5 300:305]
 93 [ 9 351:356]
 -2 [ 9 381:381]

y[170] = 1.0
Vehicle: 303  Cost: 71.85
Route: 3 60 119 58 115 80 6 131 -3 
  3 [10 124:139]
 60 [ 6 164:169]
119 [ 9 169:174]
 58 [ 7 300:305]
115 [ 8 305:310]
 80 [10 317:322]
  6 [ 6 322:327]
131 [ 9 335:340]
 -3 [ 9 367:367]

y[333] = 1.0
Vehicle: 308  Cost: 95.25
Route: 3 7 73 37 110 118 66 -3 
  3 [10 106:121]
  7 [ 8 129:134]
 73 [ 5 146:151]
 37 [ 3 158:163]
110 [ 4 173:178]
118 [ 8 188:193]
 66 [ 5 300:305]
 -3 [ 5 349:349]

y[859] = 1.0
Vehicle: 407  Cost: 98.37
Route: 4 53 120 34 75 124 84 -4 
  4 [ 9  78: 93]
 53 [ 6 114:119]
120 [ 8 180:185]
 34 [ 4 208:213]
 75 [ 2 300:305]
124 [ 5 310:315]
 84 [ 7 340:345]
 -4 [ 7 362:362]

y[932] = 1.0
Vehicle: 403  Cost: 79.12
Route: 4 14 29 12 85 16 91 90 -4 
  4 [10  78:170]
 14 [ 9 180:185]
 29 [ 8 197:202]
 12 [ 4 220:225]
 85 [ 8 225:230]
 16 [ 4 300:305]
 91 [ 6 314:319]
 90 [10 323:328]
 -4 [10 352:352]

y[3978] = 1.0
Vehicle: 201  Cost: 41.18
Route: 2 28 11 20 92 31 -2 
  2 [10 160:175]
 28 [ 8 181:186]
 11 [ 5 193:198]
 20 [ 3 300:305]
 92 [ 5 305:310]
 31 [ 2 320:325]
 -2 [ 2 335:335]

y[4448] = 1.0
Vehicle: 306  Cost: 86.01
Route: 3 26 27 15 107 111 54 116 -3 
  3 [10 106:266]
 26 [ 9 300:305]
 27 [ 5 305:310]
 15 [ 2 318:323]
107 [ 3 329:334]
111 [ 4 352:357]
 54 [ 2 365:370]
116 [ 6 420:425]
 -3 [ 6 429:429]

y[5190] = 1.0
Vehicle: 203  Cost: 67.37
Route: 2 105 50 47 117 8 62 -2 
  2 [ 9 174:189]
105 [10 213:218]
 50 [ 9 218:223]
 47 [ 6 300:305]
117 [10 309:314]
  8 [ 9 320:325]
 62 [ 5 336:341]
 -2 [ 5 355:355]

y[6218] = 1.0
Vehicle: 302  Cost: 156.88
Route: 3 61 35 99 57 114 39 46 83 10 -3 
  3 [10  53: 68]
 61 [ 9  99:104]
 35 [ 8 117:122]
 99 [10 122:127]
 57 [ 7 152:157]
114 [ 9 157:162]
 39 [ 7 300:305]
 46 [ 6 322:327]
 83 [10 382:387]
 10 [ 8 387:392]
 -3 [ 8 405:405]

y[6693] = 1.0
Vehicle: 402  Cost: 119.88
Route: 4 79 68 125 48 103 44 106 -4 
  4 [ 9  78: 93]
 79 [ 5 128:133]
 68 [ 2 144:149]
125 [ 6 149:154]
 48 [ 5 300:305]
103 [ 9 314:319]
 44 [ 8 420:425]
106 [ 9 461:466]
 -4 [ 9 477:477]

y[6695] = 1.0
Vehicle: 406  Cost: 51.56
Route: 4 32 23 71 127 97 -4 
  4 [10  78: 93]
 32 [ 7 112:117]
 23 [ 4 120:125]
 71 [ 0 141:146]
127 [ 4 146:151]
 97 [ 8 159:164]
 -4 [ 8 169:169]

y[6840] = 1.0
Vehicle: 304  Cost: 111.32
Route: 3 40 101 18 112 55 64 -3 
  3 [10  53: 68]
 40 [ 6 100:105]
101 [10 105:110]
 18 [ 9 300:305]
112 [10 312:317]
 55 [ 7 317:322]
 64 [ 5 328:333]
 -3 [ 5 385:385]

y[7241] = 1.0
Vehicle: 203  Cost: 56.87
Route: 2 13 9 82 45 128 -2 
  2 [10  34:286]
 13 [ 7 300:305]
  9 [ 4 309:314]
 82 [ 8 314:319]
 45 [ 4 332:337]
128 [ 6 347:352]
 -2 [ 6 368:368]

y[7335] = 1.0
Vehicle: 403  Cost: 21.68
Route: 4 78 130 59 33 -4 
  4 [ 5 136:172]
 78 [ 4 180:185]
130 [ 7 185:190]
 59 [ 5 300:305]
 33 [ 3 309:314]
 -4 [ 3 320:320]

y[7413] = 1.0
Vehicle: 405  Cost: 75.65
Route: 4 22 69 126 87 76 123 52 108 -4 
  4 [10 136:151]
 22 [ 9 180:185]
 69 [ 5 300:305]
126 [ 6 305:310]
 87 [10 311:316]
 76 [ 8 323:328]
123 [ 9 333:338]
 52 [ 6 420:425]
108 [10 425:430]
 -4 [10 452:452]

y[7833] = 1.0
Vehicle: 409  Cost: 97.80
Route: 4 86 38 122 95 25 70 -4 
  4 [ 9  93:108]
 86 [10 134:139]
 38 [ 7 154:159]
122 [ 8 179:184]
 95 [10 188:193]
 25 [ 8 193:198]
 70 [ 4 300:305]
 -4 [ 4 334:334]

y[11578] = 1.0
Vehicle: 406  Cost: 84.64
Route: 4 89 17 30 96 74 129 88 -4 
  4 [ 9  93:108]
 89 [10 129:134]
 17 [ 9 134:139]
 30 [ 5 155:160]
 96 [ 6 160:165]
 74 [ 2 169:174]
129 [ 5 174:179]
 88 [ 8 420:425]
 -4 [ 8 460:460]

y[13210] = 1.0
Vehicle: 302  Cost: 46.34
Route: 3 43 19 113 56 -3 
  3 [10 106:121]
 43 [ 6 139:144]
 19 [ 4 300:305]
113 [ 7 313:318]
 56 [ 3 318:323]
 -3 [ 3 340:340]

y[13498] = 1.0
Vehicle: 203  Cost: 88.65
Route: 2 42 102 51 121 109 36 -2 
  2 [ 9  34:170]
 42 [ 5 180:185]
102 [ 8 185:190]
 51 [ 4 207:212]
121 [ 8 219:224]
109 [10 236:241]
 36 [ 9 300:305]
 -2 [ 9 325:325]

y[15856] = 1.0
Vehicle: 302  Cost: 52.39
Route: 3 81 24 94 49 104 -3 
  3 [ 4 106:121]
 81 [ 8 144:149]
 24 [ 5 160:165]
 94 [ 8 165:170]
 49 [ 7 300:305]
104 [ 8 305:310]
 -3 [ 8 324:324]

y[16470] = 1.0
Vehicle: 301  Cost: 65.13
Route: 3 77 41 65 -3 
  3 [ 9  53: 68]
 77 [ 7  92: 97]
 41 [ 4 103:108]
 65 [ 0 300:305]
 -3 [ 0 329:329]

FE: 3
SE: 21
!MIP-----
2059.315459647919,5400.407363891602,0.02742743816614678,3,21,12023,16662

Run: 5
Total Cost: 2041.96
Vehicle: 11  Cost: 67.94
Route: 1 2 -2 -1 
 1 [ 60   0:  0 [50, 31, 42, 63, 15, 26, 72, 36, 47, 28, 40, 20, 62, 8, 45, 27, 41, 51, 11, 13, 77, 9]]
 2 [  0  34: 34 []]
-2 [ 33  34:388 [121, 102, 105, 98, 117, 109, 107, 101, 92, 82, 93, 128]]
-1 [ 33 422:422 [121, 102, 105, 98, 117, 109, 107, 101, 92, 82, 93, 128]]

Vehicle: 12  Cost: 106.30
Route: 1 3 -3 -1 
 1 [ 61   0:  0 [68, 54, 60, 6, 66, 19, 67, 37, 7, 79, 48, 56, 52, 58, 73, 65, 76, 69, 21, 44, 10, 43]]
 3 [  0  53: 53 []]
-3 [ 47  53:480 [103, 100, 83, 118, 108, 111, 110, 123, 125, 126, 119, 113, 80, 115, 116, 131, 87]]
-1 [ 47 534:534 [103, 100, 83, 118, 108, 111, 110, 123, 125, 126, 119, 113, 80, 115, 116, 131, 87]]

Vehicle: 13  Cost: 155.05
Route: 1 4 -4 -1 
 1 [ 71   0:  0 [32, 30, 12, 75, 18, 74, 55, 53, 61, 71, 78, 38, 23, 34, 57, 64, 25, 39, 35, 22, 17, 29, 14, 70, 24, 49, 46, 59, 16, 33]]
 4 [  0  78: 78 []]
-4 [ 54  78:475 [89, 88, 130, 129, 114, 104, 84, 106, 122, 124, 127, 85, 94, 112, 99, 96, 95, 86, 91, 97, 120, 90, 81]]
-1 [ 54 553:553 [89, 88, 130, 129, 114, 104, 84, 106, 122, 124, 127, 85, 94, 112, 99, 96, 95, 86, 91, 97, 120, 90, 81]]

Vehicle: 201  Cost: 34.42
Route: 2 11 28 42 102 -2 
  2 [ 9  34: 49]
 11 [ 6  59: 64]
 28 [ 4  71: 76]
 42 [ 0 180:185]
102 [ 3 185:190]
 -2 [ 3 200:200]

Vehicle: 202  Cost: 83.34
Route: 2 41 63 98 72 92 20 -2 
  2 [10  34: 49]
 41 [ 7  73: 78]
 63 [ 6  96:101]
 98 [ 8 105:110]
 72 [ 4 121:126]
 92 [ 6 300:305]
 20 [ 4 305:310]
 -2 [ 4 322:322]

Vehicle: 203  Cost: 28.98
Route: 2 62 31 -2 
  2 [ 7  34:286]
 62 [ 3 300:305]
 31 [ 0 310:315]
 -2 [ 0 325:325]

Vehicle: 204  Cost: 57.01
Route: 2 128 36 45 9 82 -2 
  2 [ 8  34:284]
128 [10 300:305]
 36 [ 9 310:315]
 45 [ 5 321:326]
  9 [ 2 339:344]
 82 [ 6 344:349]
 -2 [ 6 366:366]

Vehicle: 205  Cost: 65.81
Route: 2 105 50 47 117 8 13 -2 
  2 [ 8  34: 49]
105 [ 9  73: 78]
 50 [ 8  78: 83]
 47 [ 5 300:305]
117 [ 9 309:314]
  8 [ 8 320:325]
 13 [ 5 335:340]
 -2 [ 5 354:354]

Vehicle: 206  Cost: 111.19
Route: 2 51 121 109 40 101 -2 
  2 [ 8  34:155]
 51 [ 4 180:185]
121 [ 8 192:197]
109 [10 209:214]
 40 [ 6 240:245]
101 [10 245:250]
 -2 [10 291:291]

Vehicle: 207  Cost: 88.24
Route: 2 77 27 26 15 107 93 -2 
  2 [10  34: 49]
 77 [ 8  72: 77]
 27 [ 4 300:305]
 26 [ 3 305:310]
 15 [ 0 318:323]
107 [ 1 329:334]
 93 [ 5 344:349]
 -2 [ 5 373:373]

Vehicle: 301  Cost: 98.21
Route: 3 73 79 125 68 118 110 -3 
  3 [10  53: 68]
 73 [ 7  87: 92]
 79 [ 3 104:109]
125 [ 7 120:125]
 68 [ 4 125:130]
118 [ 8 146:151]
110 [ 9 161:166]
 -3 [ 9 196:196]

Vehicle: 302  Cost: 79.00
Route: 3 37 65 111 19 54 116 -3 
  3 [10  53: 68]
 37 [ 8  91: 96]
 65 [ 4 300:305]
111 [ 5 316:321]
 19 [ 3 329:334]
 54 [ 1 339:344]
116 [ 5 420:425]
 -3 [ 5 429:429]

Vehicle: 303  Cost: 71.08
Route: 3 60 119 6 80 115 58 -3 
  3 [10  53: 68]
 60 [ 6  93: 98]
119 [ 9  98:103]
  6 [ 5 300:305]
 80 [ 7 305:310]
115 [ 8 317:322]
 58 [ 6 322:327]
 -3 [ 6 356:356]

Vehicle: 304  Cost: 40.54
Route: 3 43 113 56 10 83 -3 
  3 [10  53: 68]
 43 [ 6  86: 91]
113 [ 9 300:305]
 56 [ 5 305:310]
 10 [ 3 314:319]
 83 [ 7 319:324]
 -3 [ 7 337:337]

Vehicle: 305  Cost: 83.21
Route: 3 123 76 126 69 87 52 108 -3 
  3 [ 9  53:271]
123 [10 300:305]
 76 [ 8 310:315]
126 [ 9 322:327]
 69 [ 5 327:332]
 87 [ 9 334:339]
 52 [ 6 420:425]
108 [10 425:430]
 -3 [10 459:459]

Vehicle: 306  Cost: 16.00
Route: 3 7 -3 
  3 [ 2  53: 68]
  7 [ 0  76: 81]
 -3 [ 0  89: 89]

Vehicle: 307  Cost: 155.10
Route: 3 21 100 67 66 48 103 44 131 -3 
  3 [10  53:136]
 21 [ 6 180:185]
100 [ 9 212:217]
 67 [ 8 300:305]
 66 [ 5 318:323]
 48 [ 4 337:342]
103 [ 8 352:357]
 44 [ 7 420:425]
131 [10 433:438]
 -3 [10 465:465]

Vehicle: 401  Cost: 43.70
Route: 4 32 23 127 71 -4 
  4 [10  78: 93]
 32 [ 7 112:117]
 23 [ 4 120:125]
127 [ 8 141:146]
 71 [ 4 146:151]
 -4 [ 4 156:156]

Vehicle: 402  Cost: 118.36
Route: 4 53 120 34 81 49 104 106 33 -4 
  4 [10  78: 93]
 53 [ 7 114:119]
120 [ 9 180:185]
 34 [ 5 208:213]
 81 [ 9 249:254]
 49 [ 8 300:305]
104 [ 9 305:310]
106 [10 420:425]
 33 [ 8 432:437]
 -4 [ 8 443:443]

Vehicle: 403  Cost: 79.12
Route: 4 14 29 12 85 16 91 90 -4 
  4 [10  78:170]
 14 [ 9 180:185]
 29 [ 8 197:202]
 12 [ 4 220:225]
 85 [ 8 225:230]
 16 [ 4 300:305]
 91 [ 6 314:319]
 90 [10 323:328]
 -4 [10 352:352]

Vehicle: 404  Cost: 125.60
Route: 4 61 99 35 18 64 46 112 55 84 -4 
  4 [ 9  78: 93]
 61 [ 8 121:126]
 99 [10 139:144]
 35 [ 9 144:149]
 18 [ 8 300:305]
 64 [ 6 311:316]
 46 [ 5 328:333]
112 [ 6 341:346]
 55 [ 3 346:351]
 84 [ 5 386:391]
 -4 [ 5 408:408]

Vehicle: 405  Cost: 88.12
Route: 4 17 89 22 96 30 129 74 88 -4 
  4 [10  78: 93]
 17 [ 9 114:119]
 89 [10 119:124]
 22 [ 9 134:139]
 96 [10 149:154]
 30 [ 6 154:159]
129 [ 9 163:168]
 74 [ 5 168:173]
 88 [ 8 420:425]
 -4 [ 8 460:460]

Vehicle: 406  Cost: 22.00
Route: 4 97 78 130 59 -4 
  4 [ 3  78: 93]
 97 [ 7  98:103]
 78 [ 6 180:185]
130 [ 9 185:190]
 59 [ 7 300:305]
 -4 [ 7 311:311]

Vehicle: 407  Cost: 125.83
Route: 4 24 94 57 114 39 75 124 -4 
  4 [10  78: 93]
 24 [ 7 109:114]
 94 [10 114:119]
 57 [ 7 168:173]
114 [ 9 173:178]
 39 [ 7 300:305]
 75 [ 5 318:323]
124 [ 8 328:333]
 -4 [ 8 373:373]

Vehicle: 408  Cost: 97.80
Route: 4 86 38 122 95 25 70 -4 
  4 [ 9  78: 93]
 86 [10 119:124]
 38 [ 7 139:144]
122 [ 8 164:169]
 95 [10 173:178]
 25 [ 8 178:183]
 70 [ 4 300:305]
 -4 [ 4 334:334]

Total Cost: 2041.96
 11:67.94, 60:75 [1, 2, -2, -1]
 12:106.30, 61:75 [1, 3, -3, -1]
 13:155.05, 71:75 [1, 4, -4, -1]
201:34.42, 9:10 [2, 11, 28, 42, 102, -2]
202:83.34, 10:10 [2, 41, 63, 98, 72, 92, 20, -2]
203:28.98, 7:10 [2, 62, 31, -2]
204:57.01, 10:10 [2, 128, 36, 45, 9, 82, -2]
205:65.81, 9:10 [2, 105, 50, 47, 117, 8, 13, -2]
206:111.19, 10:10 [2, 51, 121, 109, 40, 101, -2]
207:88.24, 10:10 [2, 77, 27, 26, 15, 107, 93, -2]
301:98.21, 10:10 [3, 73, 79, 125, 68, 118, 110, -3]
302:79.00, 10:10 [3, 37, 65, 111, 19, 54, 116, -3]
303:71.08, 10:10 [3, 60, 119, 6, 80, 115, 58, -3]
304:40.54, 10:10 [3, 43, 113, 56, 10, 83, -3]
305:83.21, 10:10 [3, 123, 76, 126, 69, 87, 52, 108, -3]
306:16.00, 2:10 [3, 7, -3]
307:155.10, 10:10 [3, 21, 100, 67, 66, 48, 103, 44, 131, -3]
401:43.70, 10:10 [4, 32, 23, 127, 71, -4]
402:118.36, 10:10 [4, 53, 120, 34, 81, 49, 104, 106, 33, -4]
403:79.12, 10:10 [4, 14, 29, 12, 85, 16, 91, 90, -4]
404:125.60, 10:10 [4, 61, 99, 35, 18, 64, 46, 112, 55, 84, -4]
405:88.12, 10:10 [4, 17, 89, 22, 96, 30, 129, 74, 88, -4]
406:22.00, 9:10 [4, 97, 78, 130, 59, -4]
407:125.83, 10:10 [4, 24, 94, 57, 114, 39, 75, 124, -4]
408:97.80, 10:10 [4, 86, 38, 122, 95, 25, 70, -4]
fe: 3, se: 22

!ALNS------------
100000,2041.960337242435,408.242,151.05,3,22,0.8533333333333334,0.9363636363636364,42.0,5.7272727272727275
27 19 17 7 0 0 13 2 
10.209915578871923 32.501667101608966 10.260750506487161 12.841903582684038 62.95266993549522 36.315207299930584 14.986731058241014 23.28553151267916 
10 15 8 10 11 5 20 6 
17.05863054946076 15.609198515937363 18.19266096015188 15.564161447403233 18.062482005841176 16.99384532530529 16.677923404916218 15.805064565254302 

x[2236] = 1.0
Vehicle: 11  Cost: 67.94
Route: 1 2 -2 -1 
 1 [ 56   0:  0 [31, 27, 13, 9, 72, 63, 47, 26, 15, 11, 77, 51, 50, 41, 45, 42, 8, 36, 28, 62, 20]]
 2 [  0  34: 34 []]
-2 [ 29  34:392 [82, 98, 93, 105, 102, 109, 107, 128, 117, 92, 121]]
-1 [ 29 426:426 [82, 98, 93, 105, 102, 109, 107, 128, 117, 92, 121]]

x[8125] = 1.0
Vehicle: 12  Cost: 106.30
Route: 1 3 -3 -1 
 1 [ 62   0:  0 [7, 58, 79, 21, 65, 69, 56, 67, 66, 73, 10, 60, 22, 44, 68, 52, 37, 6, 43, 48, 76, 54, 19]]
 3 [  0  53: 53 []]
-3 [ 48  53:495 [126, 119, 108, 111, 116, 123, 131, 125, 115, 103, 118, 87, 80, 110, 113, 106, 83, 100]]
-1 [ 48 548:548 [126, 119, 108, 111, 116, 123, 131, 125, 115, 103, 118, 87, 80, 110, 113, 106, 83, 100]]

x[10444] = 1.0
Vehicle: 13  Cost: 155.05
Route: 1 4 -4 -1 
 1 [ 74   0:  0 [29, 30, 74, 34, 12, 23, 38, 57, 70, 46, 40, 61, 35, 18, 55, 75, 32, 16, 39, 64, 25, 17, 53, 24, 49, 14, 78, 33, 59, 71]]
 4 [  0  78: 78 []]
-4 [ 58  78:506 [124, 96, 95, 89, 122, 114, 101, 81, 99, 112, 88, 85, 91, 86, 129, 90, 120, 84, 94, 104, 106, 130, 127, 97]]
-1 [ 58 583:583 [124, 96, 95, 89, 122, 114, 101, 81, 99, 112, 88, 85, 91, 86, 129, 90, 120, 84, 94, 104, 106, 130, 127, 97]]

y[1159] = 1.0
Vehicle: 402  Cost: 79.12
Route: 4 14 29 12 85 16 91 90 -4 
  4 [10 157:172]
 14 [ 9 182:187]
 29 [ 8 199:204]
 12 [ 4 222:227]
 85 [ 8 227:232]
 16 [ 4 300:305]
 91 [ 6 314:319]
 90 [10 323:328]
 -4 [10 352:352]

y[1256] = 1.0
Vehicle: 305  Cost: 89.01
Route: 3 22 126 69 87 76 123 52 108 -3 
  3 [10  53: 68]
 22 [ 9 103:108]
126 [10 300:305]
 69 [ 6 305:310]
 87 [10 311:316]
 76 [ 8 323:328]
123 [ 9 333:338]
 52 [ 6 420:425]
108 [10 425:430]
 -3 [10 459:459]

y[2265] = 1.0
Vehicle: 207  Cost: 88.24
Route: 2 77 27 26 15 107 93 -2 
  2 [10 154:169]
 77 [ 8 192:197]
 27 [ 4 300:305]
 26 [ 3 305:310]
 15 [ 0 318:323]
107 [ 1 329:334]
 93 [ 5 344:349]
 -2 [ 5 373:373]

y[2915] = 1.0
Vehicle: 304  Cost: 40.54
Route: 3 43 113 56 10 83 -3 
  3 [10 117:132]
 43 [ 6 150:155]
113 [ 9 300:305]
 56 [ 5 305:310]
 10 [ 3 314:319]
 83 [ 7 319:324]
 -3 [ 7 337:337]

y[4852] = 1.0
Vehicle: 408  Cost: 97.80
Route: 4 86 38 122 25 95 70 -4 
  4 [ 9 118:133]
 86 [10 159:164]
 38 [ 7 180:185]
122 [ 8 205:210]
 25 [ 6 214:219]
 95 [ 8 219:224]
 70 [ 4 300:305]
 -4 [ 4 334:334]

y[5849] = 1.0
Vehicle: 404  Cost: 136.35
Route: 4 61 35 99 55 112 46 64 18 104 49 106 -4 
  4 [10  78: 93]
 61 [ 9 121:126]
 35 [ 8 139:144]
 99 [10 144:149]
 55 [ 7 300:305]
112 [ 8 305:310]
 46 [ 7 318:323]
 64 [ 5 335:340]
 18 [ 4 346:351]
104 [ 5 388:393]
 49 [ 4 393:398]
106 [ 5 420:425]
 -4 [ 5 436:436]

y[7375] = 1.0
Vehicle: 401  Cost: 51.56
Route: 4 32 23 127 71 97 -4 
  4 [10  78: 93]
 32 [ 7 112:117]
 23 [ 4 120:125]
127 [ 8 141:146]
 71 [ 4 146:151]
 97 [ 8 159:164]
 -4 [ 8 169:169]

y[7996] = 1.0
Vehicle: 203  Cost: 56.87
Route: 2 13 9 82 45 128 -2 
  2 [10  34:286]
 13 [ 7 300:305]
  9 [ 4 309:314]
 82 [ 8 314:319]
 45 [ 4 332:337]
128 [ 6 347:352]
 -2 [ 6 368:368]

y[9769] = 1.0
Vehicle: 406  Cost: 38.89
Route: 4 78 130 24 94 59 33 -4 
  4 [ 8  78:172]
 78 [ 7 180:185]
130 [10 185:190]
 24 [ 7 201:206]
 94 [10 206:211]
 59 [ 8 300:305]
 33 [ 6 309:314]
 -4 [ 6 320:320]

y[10653] = 1.0
Vehicle: 314  Cost: 16.00
Route: 3 7 -3 
  3 [ 2 124:139]
  7 [ 0 147:152]
 -3 [ 0 160:160]

y[12838] = 1.0
Vehicle: 201  Cost: 37.78
Route: 2 28 11 31 -2 
  2 [ 8  34: 49]
 28 [ 6  55: 60]
 11 [ 3  67: 72]
 31 [ 0 300:305]
 -2 [ 0 315:315]

y[13397] = 1.0
Vehicle: 402  Cost: 124.18
Route: 4 53 114 57 39 75 124 84 -4 
  4 [10  78: 93]
 53 [ 7 114:119]
114 [ 9 159:164]
 57 [ 6 164:169]
 39 [ 4 300:305]
 75 [ 2 318:323]
124 [ 5 328:333]
 84 [ 7 358:363]
 -4 [ 7 380:380]

y[13644] = 1.0000000000020413
Vehicle: 307  Cost: 155.10
Route: 3 21 100 67 66 48 103 44 131 -3 
  3 [10  88:136]
 21 [ 6 180:185]
100 [ 9 212:217]
 67 [ 8 300:305]
 66 [ 5 318:323]
 48 [ 4 337:342]
103 [ 8 352:357]
 44 [ 7 420:425]
131 [10 433:438]
 -3 [10 465:465]

y[14109] = 1.000000000005374
Vehicle: 303  Cost: 71.08
Route: 3 60 119 6 80 58 115 -3 
  3 [10  88:103]
 60 [ 6 128:133]
119 [ 9 133:138]
  6 [ 5 300:305]
 80 [ 7 305:310]
 58 [ 5 317:322]
115 [ 6 322:327]
 -3 [ 6 356:356]

y[14683] = 1.0
Vehicle: 202  Cost: 83.34
Route: 2 41 63 98 72 20 92 -2 
  2 [10 154:169]
 41 [ 7 193:198]
 63 [ 6 216:221]
 98 [ 8 225:230]
 72 [ 4 241:246]
 20 [ 2 300:305]
 92 [ 4 305:310]
 -2 [ 4 322:322]

y[15141] = 1.0
Vehicle: 204  Cost: 88.65
Route: 2 42 102 51 121 109 36 -2 
  2 [ 9  34:170]
 42 [ 5 180:185]
102 [ 8 185:190]
 51 [ 4 207:212]
121 [ 8 219:224]
109 [10 236:241]
 36 [ 9 300:305]
 -2 [ 9 325:325]

y[15266] = 1.0
Vehicle: 312  Cost: 98.21
Route: 3 73 79 68 125 118 110 -3 
  3 [10  53: 68]
 73 [ 7  87: 92]
 79 [ 3 104:109]
 68 [ 0 120:125]
125 [ 4 125:130]
118 [ 8 146:151]
110 [ 9 161:166]
 -3 [ 9 196:196]

y[15757] = 1.0
Vehicle: 407  Cost: 113.83
Route: 4 120 34 40 101 81 -4 
  4 [ 8  93:159]
120 [10 180:185]
 34 [ 6 208:213]
 40 [ 2 247:252]
101 [ 6 252:257]
 81 [10 267:272]
 -4 [10 298:298]

y[16888] = 1.0
Vehicle: 302  Cost: 79.00
Route: 3 37 65 111 19 54 116 -3 
  3 [10  53: 68]
 37 [ 8  91: 96]
 65 [ 4 300:305]
111 [ 5 316:321]
 19 [ 3 329:334]
 54 [ 1 339:344]
116 [ 5 420:425]
 -3 [ 5 429:429]

y[16897] = 1.0
Vehicle: 205  Cost: 67.37
Route: 2 105 50 47 117 8 62 -2 
  2 [ 9 135:150]
105 [10 174:179]
 50 [ 9 179:184]
 47 [ 6 300:305]
117 [10 309:314]
  8 [ 9 320:325]
 62 [ 5 336:341]
 -2 [ 5 355:355]

y[17014] = 1.0
Vehicle: 405  Cost: 84.64
Route: 4 17 89 30 96 74 129 88 -4 
  4 [ 9 110:125]
 17 [ 8 146:151]
 89 [ 9 151:156]
 30 [ 5 173:178]
 96 [ 6 178:183]
 74 [ 2 187:192]
129 [ 5 192:197]
 88 [ 8 420:425]
 -4 [ 8 460:460]

FE: 3
SE: 21
!MIP-----
2026.8493076928903,1715.0598680973053,9.99121979321179E-5,3,21,11462,18812

