--Parameters Information--
speed=1
run=5
iteration= 100000
batch=100
restartPeriod=10000
largeRemovalOccurrence=500
initialLNS=250
lowerBoundSmallRemoval=4
smallRemoval=0.2
lowerBoundLargeRemoval=0.55
largeRemoval=0.8
initialWeight=1.0
decayRate=0.1
gamma1=9.0
gamma2=5.0
gamma3=2.0
gamma4=0.0
coolingRate=0.9995
temperatureControlParameter=0.05
initialAcceptanceProbability=0.5
perturbation=0.5
perturbationFactor=0.01
split=20000

Setup: Split
Data: B_100_5

Run: 1
Total Cost: 2264.35
Vehicle: 11  Cost: 131.24
Route: 1 3 -3 -1 
 1 [ 48   0:  0 [21, 48, 25, 63, 26, 20, 61, 72, 38, 60, 36, 64, 29, 66, 77, 80, 8, 52, 69, 16]]
 3 [  0  66: 66 []]
-3 [ 34  66:478 [90, 113, 116, 118, 91, 96, 89, 115, 114, 122, 86, 126, 107, 99, 109, 125]]
-1 [ 34 544:544 [90, 113, 116, 118, 91, 96, 89, 115, 114, 122, 86, 126, 107, 99, 109, 125]]

Vehicle: 12  Cost: 49.40
Route: 1 5 -5 -1 
 1 [ 64   0:  0 [47, 11, 44, 50, 75, 14, 76, 62, 17, 39, 70, 30, 24, 37, 43, 49, 71, 54, 9, 40, 32, 35, 15, 82, 23, 59, 45]]
 5 [  0  25: 25 []]
-5 [ 52  25:412 [100, 131, 119, 130, 87, 104, 95, 85, 129, 120, 112, 111, 102, 84, 105, 88, 123, 101, 98]]
-1 [ 52 437:437 [100, 131, 119, 130, 87, 104, 95, 85, 129, 120, 112, 111, 102, 84, 105, 88, 123, 101, 98]]

Vehicle: 15  Cost: 159.02
Route: 1 4 -4 -1 
 1 [ 71   0:  0 [18, 51, 53, 58, 65, 73, 12, 6, 7, 78, 13, 34, 41, 31, 68, 42, 10, 22, 55, 74, 19, 81, 67, 56, 28, 57, 46, 79, 33, 27]]
 4 [  0  80: 80 []]
-4 [ 39  80:503 [124, 83, 108, 117, 110, 127, 121, 128, 103, 94, 93, 97, 106, 92]]
-1 [ 39 583:583 [124, 83, 108, 117, 110, 127, 121, 128, 103, 94, 93, 97, 106, 92]]

Vehicle: 301  Cost: 74.70
Route: 3 29 96 16 86 91 21 77 -3 
  3 [ 9  66: 81]
 29 [ 5 114:119]
 96 [ 7 119:124]
 16 [ 4 300:305]
 86 [ 6 305:310]
 91 [ 8 325:330]
 21 [ 7 330:335]
 77 [ 6 342:347]
 -3 [ 6 360:360]

Vehicle: 302  Cost: 75.96
Route: 3 36 38 60 25 -3 
  3 [ 9  66: 81]
 36 [ 6 117:122]
 38 [ 3 122:127]
 60 [ 1 139:144]
 25 [ 0 300:305]
 -3 [ 0 329:329]

Vehicle: 303  Cost: 125.11
Route: 3 69 109 8 90 99 113 126 -3 
  3 [ 5  66: 81]
 69 [ 1 103:108]
109 [ 5 127:132]
  8 [ 4 180:185]
 90 [ 6 204:209]
 99 [ 8 211:216]
113 [ 9 230:235]
126 [10 300:305]
 -3 [10 329:329]

Vehicle: 304  Cost: 131.67
Route: 3 48 63 116 20 89 61 114 125 -3 
  3 [10  66: 81]
 48 [ 9  95:100]
 63 [ 6 145:150]
116 [ 8 150:155]
 20 [ 6 161:166]
 89 [10 166:171]
 61 [ 6 185:190]
114 [ 9 190:195]
125 [10 232:237]
 -3 [10 252:252]

Vehicle: 305  Cost: 33.68
Route: 3 115 122 72 66 118 -3 
  3 [ 6  66:405]
115 [ 7 420:425]
122 [10 427:432]
 72 [ 7 432:437]
 66 [ 4 441:446]
118 [ 7 446:451]
 -3 [ 7 463:463]

Vehicle: 306  Cost: 65.87
Route: 3 26 107 64 52 80 -3 
  3 [ 9  66: 81]
 26 [ 8  94: 99]
107 [ 9 110:115]
 64 [ 6 123:128]
 52 [ 3 180:185]
 80 [ 1 300:305]
 -3 [ 1 326:326]

Vehicle: 401  Cost: 142.66
Route: 4 51 34 18 78 -4 
  4 [10  80:133]
 51 [ 8 180:185]
 34 [ 4 300:305]
 18 [ 1 325:330]
 78 [ 0 360:365]
 -4 [ 0 388:388]

Vehicle: 402  Cost: 85.41
Route: 4 73 124 53 108 74 92 27 -4 
  4 [10  80: 95]
 73 [ 6 137:142]
124 [ 8 142:147]
 53 [ 5 420:425]
108 [ 7 425:430]
 74 [ 5 438:443]
 92 [ 7 463:468]
 27 [ 6 468:473]
 -4 [ 6 488:488]

Vehicle: 403  Cost: 61.08
Route: 4 41 33 117 58 110 13 -4 
  4 [10  80:165]
 41 [ 8 180:185]
 33 [ 5 199:204]
117 [ 8 208:213]
 58 [ 6 300:305]
110 [10 305:310]
 13 [ 7 322:327]
 -4 [ 7 341:341]

Vehicle: 404  Cost: 64.45
Route: 4 56 121 22 67 -4 
  4 [ 6  80: 95]
 56 [ 3  98:103]
121 [ 7 132:137]
 22 [ 6 300:305]
 67 [ 4 307:312]
 -4 [ 4 335:335]

Vehicle: 405  Cost: 53.95
Route: 4 42 103 31 68 55 -4 
  4 [ 5  80: 95]
 42 [ 4 107:112]
103 [ 7 112:117]
 31 [ 5 300:305]
 68 [ 4 316:321]
 55 [ 3 330:335]
 -4 [ 3 348:348]

Vehicle: 406  Cost: 102.62
Route: 4 65 106 28 93 6 83 97 -4 
  4 [10  80: 95]
 65 [ 7 120:125]
106 [ 9 138:143]
 28 [ 5 300:305]
 93 [ 7 305:310]
  6 [ 4 420:425]
 83 [ 8 425:430]
 97 [10 439:444]
 -4 [10 485:485]

Vehicle: 407  Cost: 88.97
Route: 4 57 94 81 12 -4 
  4 [10  80: 95]
 57 [ 6 135:140]
 94 [10 145:150]
 81 [ 8 300:305]
 12 [ 4 420:425]
 -4 [ 4 457:457]

Vehicle: 408  Cost: 118.21
Route: 4 10 46 79 127 128 7 19 -4 
  4 [10  80:154]
 10 [ 9 180:185]
 46 [ 5 204:209]
 79 [ 4 222:227]
127 [ 8 227:232]
128 [ 9 242:247]
  7 [ 6 300:305]
 19 [ 5 312:317]
 -4 [ 5 351:351]

Vehicle: 501  Cost: 125.75
Route: 5 23 47 32 85 75 129 44 -5 
  5 [10  25:159]
 23 [ 9 180:185]
 47 [ 7 205:210]
 32 [ 3 225:230]
 85 [ 7 236:241]
 75 [ 5 254:259]
129 [ 9 270:275]
 44 [ 8 295:300]
 -5 [ 8 320:320]

Vehicle: 502  Cost: 150.94
Route: 5 24 71 35 49 70 119 130 -5 
  5 [10  25: 40]
 24 [ 9  70: 75]
 71 [ 7 109:114]
 35 [ 3 300:305]
 49 [ 2 316:321]
 70 [ 0 341:346]
119 [ 1 346:351]
130 [ 5 376:381]
 -5 [ 5 397:397]

Vehicle: 503  Cost: 82.02
Route: 5 95 112 40 62 9 84 98 -5 
  5 [ 7  25: 40]
 95 [ 8  61: 66]
112 [10  84: 89]
 40 [ 7 300:305]
 62 [ 6 312:317]
  9 [ 3 339:344]
 84 [ 6 344:349]
 98 [10 353:358]
 -5 [10 362:362]

Vehicle: 504  Cost: 120.17
Route: 5 50 30 120 15 76 -5 
  5 [ 9  25: 40]
 50 [ 8  63: 68]
 30 [ 7  69: 74]
120 [10  95:100]
 15 [ 7 119:124]
 76 [ 3 300:305]
 -5 [ 3 348:348]

Vehicle: 505  Cost: 75.70
Route: 5 123 37 100 82 131 88 102 -5 
  5 [ 5  25: 40]
123 [ 7  66: 71]
 37 [ 6 180:185]
100 [ 7 185:190]
 82 [ 3 196:201]
131 [ 5 201:206]
 88 [ 8 300:305]
102 [ 9 310:315]
 -5 [ 9 347:347]

Vehicle: 506  Cost: 52.84
Route: 5 14 39 101 54 -5 
  5 [ 9  25: 40]
 14 [ 7  52: 57]
 39 [ 3  68: 73]
101 [ 7  73: 78]
 54 [ 4 300:305]
 -5 [ 4 325:325]

Vehicle: 508  Cost: 37.24
Route: 5 45 105 17 87 -5 
  5 [ 4  25: 40]
 45 [ 3  49: 54]
105 [ 7  54: 59]
 17 [ 4 300:305]
 87 [ 8 305:310]
 -5 [ 8 328:328]

Vehicle: 509  Cost: 55.68
Route: 5 43 104 11 59 111 -5 
  5 [10  25: 40]
 43 [ 6  59: 64]
104 [10  64: 69]
 11 [ 6  83: 88]
 59 [ 4 300:305]
111 [ 5 305:310]
 -5 [ 5 327:327]

Total Cost: 2264.35
 11:131.24, 48:75 [1, 3, -3, -1]
 12:49.40, 64:75 [1, 5, -5, -1]
 15:159.02, 71:75 [1, 4, -4, -1]
301:74.70, 9:10 [3, 29, 96, 16, 86, 91, 21, 77, -3]
302:75.96, 9:10 [3, 36, 38, 60, 25, -3]
303:125.11, 10:10 [3, 69, 109, 8, 90, 99, 113, 126, -3]
304:131.67, 10:10 [3, 48, 63, 116, 20, 89, 61, 114, 125, -3]
305:33.68, 10:10 [3, 115, 122, 72, 66, 118, -3]
306:65.87, 9:10 [3, 26, 107, 64, 52, 80, -3]
401:142.66, 10:10 [4, 51, 34, 18, 78, -4]
402:85.41, 10:10 [4, 73, 124, 53, 108, 74, 92, 27, -4]
403:61.08, 10:10 [4, 41, 33, 117, 58, 110, 13, -4]
404:64.45, 7:10 [4, 56, 121, 22, 67, -4]
405:53.95, 7:10 [4, 42, 103, 31, 68, 55, -4]
406:102.62, 10:10 [4, 65, 106, 28, 93, 6, 83, 97, -4]
407:88.97, 10:10 [4, 57, 94, 81, 12, -4]
408:118.21, 10:10 [4, 10, 46, 79, 127, 128, 7, 19, -4]
501:125.75, 10:10 [5, 23, 47, 32, 85, 75, 129, 44, -5]
502:150.94, 10:10 [5, 24, 71, 35, 49, 70, 119, 130, -5]
503:82.02, 10:10 [5, 95, 112, 40, 62, 9, 84, 98, -5]
504:120.17, 10:10 [5, 50, 30, 120, 15, 76, -5]
505:75.70, 9:10 [5, 123, 37, 100, 82, 131, 88, 102, -5]
506:52.84, 9:10 [5, 14, 39, 101, 54, -5]
508:37.24, 8:10 [5, 45, 105, 17, 87, -5]
509:55.68, 10:10 [5, 43, 104, 11, 59, 111, -5]
fe: 3, se: 22

!ALNS------------
100000,2264.352017608847,1038.17,883.348,3,22,0.8133333333333334,0.9409090909090909,42.0,5.7272727272727275
26 16 12 8 0 0 6 0 
11.185279032835162 33.873789334375786 11.06912624871057 15.105736448995692 52.17322906037467 63.27729957716885 16.938224506317844 32.13101905201645 
11 8 5 9 7 6 19 3 
18.70342705362797 17.69610136625381 18.893009755863957 17.207355972685008 19.689138471757595 15.586775840752866 18.463752815352258 18.918336587403765 

x[5613] = 1.0
Vehicle: 11  Cost: 131.24
Route: 1 3 -3 -1 
 1 [ 39   0:  0 [64, 16, 80, 72, 21, 60, 29, 77, 69, 48, 8, 25, 52, 66, 38, 26, 36]]
 3 [  0  66: 66 []]
-3 [ 29  66:478 [86, 91, 125, 96, 90, 113, 126, 122, 107, 115, 118, 109, 101, 99]]
-1 [ 29 544:544 [86, 91, 125, 96, 90, 113, 126, 122, 107, 115, 118, 109, 101, 99]]

x[9587] = 1.0
Vehicle: 15  Cost: 159.02
Route: 1 4 -4 -1 
 1 [ 72   0:  0 [46, 74, 31, 12, 57, 79, 78, 55, 53, 42, 67, 18, 68, 56, 73, 19, 81, 41, 6, 58, 20, 27, 51, 28, 33, 13, 63, 65, 7, 22, 10]]
 4 [  0  80: 80 []]
-4 [ 45  80:503 [124, 103, 117, 110, 106, 108, 97, 121, 116, 94, 92, 93, 128, 127, 83, 89]]
-1 [ 45 583:583 [124, 103, 117, 110, 106, 108, 97, 121, 116, 94, 92, 93, 128, 127, 83, 89]]

x[10618] = 1.0
Vehicle: 12  Cost: 49.40
Route: 1 5 -5 -1 
 1 [ 72   0:  0 [37, 62, 82, 34, 15, 39, 44, 30, 24, 50, 49, 35, 71, 40, 32, 47, 23, 54, 70, 76, 61, 75, 11, 17, 9, 43, 14, 45, 59]]
 5 [  0  25: 25 []]
-5 [ 55  25:423 [101, 112, 88, 100, 131, 87, 114, 85, 120, 102, 129, 123, 119, 105, 104, 84, 130, 98, 95, 111]]
-1 [ 55 448:448 [101, 112, 88, 100, 131, 87, 114, 85, 120, 102, 129, 123, 119, 105, 104, 84, 130, 98, 95, 111]]

y[308] = 1.0
Vehicle: 404  Cost: 69.22
Route: 4 78 12 22 67 -4 
  4 [ 8  80:277]
 78 [ 7 300:305]
 12 [ 3 420:425]
 22 [ 2 432:437]
 67 [ 0 439:444]
 -4 [ 0 467:467]

y[1113] = 1.0
Vehicle: 405  Cost: 53.95
Route: 4 42 103 31 68 55 -4 
  4 [ 5 103:118]
 42 [ 4 131:136]
103 [ 7 136:141]
 31 [ 5 300:305]
 68 [ 4 316:321]
 55 [ 3 330:335]
 -4 [ 3 348:348]

y[2673] = 1.0
Vehicle: 403  Cost: 61.08
Route: 4 41 33 117 58 110 13 -4 
  4 [10 103:165]
 41 [ 8 180:185]
 33 [ 5 199:204]
117 [ 8 208:213]
 58 [ 6 300:305]
110 [10 305:310]
 13 [ 7 322:327]
 -4 [ 7 341:341]

y[2755] = 1.0
Vehicle: 302  Cost: 75.96
Route: 3 36 38 60 25 -3 
  3 [ 9 182:197]
 36 [ 6 234:239]
 38 [ 3 239:244]
 60 [ 1 255:260]
 25 [ 0 300:305]
 -3 [ 0 329:329]

y[2806] = 1.0
Vehicle: 408  Cost: 118.21
Route: 4 10 46 127 79 128 7 19 -4 
  4 [10 103:154]
 10 [ 9 180:185]
 46 [ 5 204:209]
127 [ 9 222:227]
 79 [ 8 227:232]
128 [ 9 242:247]
  7 [ 6 300:305]
 19 [ 5 312:317]
 -4 [ 5 351:351]

y[3145] = 1.0
Vehicle: 305  Cost: 33.68
Route: 3 115 122 72 66 118 -3 
  3 [ 6 127:405]
115 [ 7 420:425]
122 [10 427:432]
 72 [ 7 432:437]
 66 [ 4 441:446]
118 [ 7 446:451]
 -3 [ 7 463:463]

y[5120] = 1.0
Vehicle: 407  Cost: 90.21
Route: 4 56 121 57 94 81 -4 
  4 [ 9  80: 95]
 56 [ 6  98:103]
121 [10 132:137]
 57 [ 6 149:154]
 94 [10 159:164]
 81 [ 8 300:305]
 -4 [ 8 344:344]

y[6280] = 1.0
Vehicle: 502  Cost: 17.89
Route: 5 105 45 -5 
  5 [ 1  25: 40]
105 [ 5  49: 54]
 45 [ 4  54: 59]
 -5 [ 4  68: 68]

y[6596] = 1.0
Vehicle: 509  Cost: 55.68
Route: 5 43 104 11 59 111 -5 
  5 [10 125:140]
 43 [ 6 160:165]
104 [10 165:170]
 11 [ 6 183:188]
 59 [ 4 300:305]
111 [ 5 305:310]
 -5 [ 5 327:327]

y[8101] = 1.0
Vehicle: 406  Cost: 102.62
Route: 4 65 106 28 93 6 83 97 -4 
  4 [10 103:118]
 65 [ 7 144:149]
106 [ 9 162:167]
 28 [ 5 300:305]
 93 [ 7 305:310]
  6 [ 4 420:425]
 83 [ 8 425:430]
 97 [10 439:444]
 -4 [10 485:485]

y[8356] = 1.0
Vehicle: 406  Cost: 117.69
Route: 4 51 116 63 20 89 18 -4 
  4 [10  80:133]
 51 [ 8 180:185]
116 [10 194:199]
 63 [ 7 199:204]
 20 [ 5 209:214]
 89 [ 9 214:219]
 18 [ 6 300:305]
 -4 [ 6 355:355]

y[8489] = 1.0
Vehicle: 303  Cost: 125.11
Route: 3 69 109 8 90 99 113 126 -3 
  3 [ 5  66: 81]
 69 [ 1 103:108]
109 [ 5 127:132]
  8 [ 4 180:185]
 90 [ 6 204:209]
 99 [ 8 211:216]
113 [ 9 230:235]
126 [10 300:305]
 -3 [10 329:329]

y[9231] = 1.0
Vehicle: 501  Cost: 59.56
Route: 5 39 101 54 17 87 -5 
  5 [10 125:140]
 39 [ 6 159:164]
101 [10 164:169]
 54 [ 7 300:305]
 17 [ 4 317:322]
 87 [ 8 322:327]
 -5 [ 8 345:345]

y[9663] = 1.0
Vehicle: 501  Cost: 91.78
Route: 5 14 44 50 30 61 114 120 129 -5 
  5 [ 9  25: 40]
 14 [ 7  52: 57]
 44 [ 6 180:185]
 50 [ 5 188:193]
 30 [ 4 194:199]
 61 [ 0 218:223]
114 [ 3 223:228]
120 [ 6 231:236]
129 [10 242:247]
 -5 [10 287:287]

y[12066] = 1.0
Vehicle: 404  Cost: 85.41
Route: 4 73 124 108 53 74 92 27 -4 
  4 [10 102:117]
 73 [ 6 159:164]
124 [ 8 164:169]
108 [10 420:425]
 53 [ 7 425:430]
 74 [ 5 438:443]
 92 [ 7 463:468]
 27 [ 6 468:473]
 -4 [ 6 488:488]

y[12615] = 1.0
Vehicle: 302  Cost: 80.24
Route: 3 48 26 125 107 64 52 80 -3 
  3 [10  84: 99]
 48 [ 9 114:119]
 26 [ 8 122:127]
125 [ 9 138:143]
107 [10 152:157]
 64 [ 7 166:171]
 52 [ 4 180:185]
 80 [ 2 300:305]
 -3 [ 2 326:326]

y[12922] = 1.0
Vehicle: 503  Cost: 82.02
Route: 5 95 112 40 62 9 84 98 -5 
  5 [ 7 125:140]
 95 [ 8 161:166]
112 [10 184:189]
 40 [ 7 300:305]
 62 [ 6 312:317]
  9 [ 3 339:344]
 84 [ 6 344:349]
 98 [10 353:358]
 -5 [10 362:362]

y[13196] = 1.0
Vehicle: 505  Cost: 75.70
Route: 5 123 100 37 82 131 88 102 -5 
  5 [ 5  95:110]
123 [ 7 136:141]
100 [ 8 180:185]
 37 [ 7 185:190]
 82 [ 3 196:201]
131 [ 5 201:206]
 88 [ 8 300:305]
102 [ 9 310:315]
 -5 [ 9 347:347]

y[16643] = 1.0
Vehicle: 507  Cost: 146.86
Route: 5 71 34 76 -5 
  5 [10  25: 40]
 71 [ 8 102:107]
 34 [ 4 300:305]
 76 [ 0 324:329]
 -5 [ 0 372:372]

y[16721] = 1.0
Vehicle: 501  Cost: 110.69
Route: 5 24 75 32 85 47 23 -5 
  5 [10  25: 40]
 24 [ 9  70: 75]
 75 [ 7 180:185]
 32 [ 3 196:201]
 85 [ 7 207:212]
 47 [ 5 222:227]
 23 [ 4 247:252]
 -5 [ 4 273:273]

y[17295] = 1.0
Vehicle: 301  Cost: 74.70
Route: 3 29 96 86 16 21 91 77 -3 
  3 [ 9  84: 99]
 29 [ 5 132:137]
 96 [ 7 137:142]
 86 [ 9 300:305]
 16 [ 6 305:310]
 21 [ 5 325:330]
 91 [ 7 330:335]
 77 [ 6 342:347]
 -3 [ 6 360:360]

y[18692] = 1.0
Vehicle: 502  Cost: 135.17
Route: 5 15 35 49 70 119 130 -5 
  5 [10  25: 40]
 15 [ 7  96:101]
 35 [ 3 300:305]
 49 [ 2 316:321]
 70 [ 0 341:346]
119 [ 1 346:351]
130 [ 5 376:381]
 -5 [ 5 397:397]

FE: 3
SE: 22
!MIP-----
2203.0933371487217,836.6871011257172,9.650526835382478E-5,3,22,11395,18777

Run: 2
Total Cost: 2247.03
Vehicle: 11  Cost: 159.02
Route: 1 4 -4 -1 
 1 [ 75   0:  0 [81, 27, 7, 68, 13, 6, 33, 53, 65, 31, 21, 10, 46, 74, 56, 16, 55, 29, 73, 25, 12, 38, 22, 19, 41, 67, 77, 79, 28, 42, 36, 60, 58]]
 4 [  0  80: 80 []]
-4 [ 42  80:505 [124, 110, 106, 128, 93, 91, 92, 83, 108, 86, 103, 94, 126, 127, 97, 96, 117]]
-1 [ 42 584:584 [124, 110, 106, 128, 93, 91, 92, 83, 108, 86, 103, 94, 126, 127, 97, 96, 117]]

Vehicle: 12  Cost: 49.40
Route: 1 5 -5 -1 
 1 [ 75   0:  0 [75, 62, 63, 20, 80, 39, 26, 61, 70, 82, 18, 17, 57, 14, 69, 71, 48, 32, 52, 49, 11, 24, 54, 43, 8, 76, 66, 37, 30, 50]]
 5 [  0  25: 25 []]
-5 [ 73  25:503 [109, 125, 120, 114, 116, 88, 111, 119, 107, 101, 121, 115, 130, 104, 98, 85, 84, 102, 123, 99, 90, 118, 122, 112, 105, 89, 131, 95]]
-1 [ 73 528:528 [109, 125, 120, 114, 116, 88, 111, 119, 107, 101, 121, 115, 130, 104, 98, 85, 84, 102, 123, 99, 90, 118, 122, 112, 105, 89, 131, 95]]

Vehicle: 14  Cost: 49.40
Route: 1 5 -5 -1 
 1 [ 33   0:  0 [59, 15, 51, 40, 64, 44, 9, 78, 45, 47, 34, 35, 72, 23]]
 5 [  0  25: 25 []]
-5 [ 10  25:389 [129, 113, 100, 87]]
-1 [ 10 414:414 [129, 113, 100, 87]]

Vehicle: 401  Cost: 106.71
Route: 4 29 96 86 16 126 21 91 77 -4 
  4 [ 9  80: 95]
 29 [ 5 135:140]
 96 [ 7 140:145]
 86 [ 9 300:305]
 16 [ 6 305:310]
126 [ 7 324:329]
 21 [ 6 341:346]
 91 [ 8 346:351]
 77 [ 7 358:363]
 -4 [ 7 390:390]

Vehicle: 402  Cost: 65.61
Route: 4 41 117 33 10 58 110 -4 
  4 [ 8  80:165]
 41 [ 6 180:185]
117 [ 9 196:201]
 33 [ 6 206:211]
 10 [ 5 214:219]
 58 [ 3 300:305]
110 [ 7 305:310]
 -4 [ 7 335:335]

Vehicle: 403  Cost: 103.45
Route: 4 67 22 97 6 83 28 93 -4 
  4 [10  80:277]
 67 [ 8 300:305]
 22 [ 7 307:312]
 97 [ 9 332:337]
  6 [ 6 420:425]
 83 [10 425:430]
 28 [ 6 434:439]
 93 [ 8 439:444]
 -4 [ 8 490:490]

Vehicle: 404  Cost: 115.65
Route: 4 73 127 79 128 7 19 -4 
  4 [ 9  80: 95]
 73 [ 5 137:142]
127 [ 9 155:160]
 79 [ 8 160:165]
128 [ 9 180:185]
  7 [ 6 300:305]
 19 [ 5 312:317]
 -4 [ 5 351:351]

Vehicle: 405  Cost: 85.66
Route: 4 46 106 124 53 108 74 92 27 -4 
  4 [10  80: 95]
 46 [ 6 133:138]
106 [ 8 138:143]
124 [10 147:152]
 53 [ 7 420:425]
108 [ 9 425:430]
 74 [ 7 438:443]
 92 [ 9 463:468]
 27 [ 8 468:473]
 -4 [ 8 488:488]

Vehicle: 406  Cost: 77.19
Route: 4 60 36 38 25 55 -4 
  4 [10  80: 95]
 60 [ 8 121:126]
 36 [ 5 137:142]
 38 [ 2 142:147]
 25 [ 1 300:305]
 55 [ 0 316:321]
 -4 [ 0 334:334]

Vehicle: 407  Cost: 68.17
Route: 4 56 42 103 13 31 68 -4 
  4 [10  80: 95]
 56 [ 7  98:103]
 42 [ 6 115:120]
103 [ 9 120:125]
 13 [ 6 300:305]
 31 [ 4 320:325]
 68 [ 3 336:341]
 -4 [ 3 360:360]

Vehicle: 409  Cost: 86.58
Route: 4 65 94 81 12 -4 
  4 [ 9  80: 95]
 65 [ 6 120:125]
 94 [10 143:148]
 81 [ 8 300:305]
 12 [ 4 420:425]
 -4 [ 4 457:457]

Vehicle: 501  Cost: 108.27
Route: 5 23 47 85 32 119 70 130 -5 
  5 [ 9  25:159]
 23 [ 8 180:185]
 47 [ 6 205:210]
 85 [10 220:225]
 32 [ 6 231:236]
119 [ 7 300:305]
 70 [ 5 305:310]
130 [ 9 335:340]
 -5 [ 9 356:356]

Vehicle: 502  Cost: 75.70
Route: 5 123 37 100 131 82 88 102 -5 
  5 [ 5  25: 40]
123 [ 7  66: 71]
 37 [ 6 180:185]
100 [ 7 185:190]
131 [ 9 196:201]
 82 [ 5 201:206]
 88 [ 8 300:305]
102 [ 9 310:315]
 -5 [ 9 347:347]

Vehicle: 503  Cost: 76.68
Route: 5 39 101 64 52 107 105 -5 
  5 [10  25: 41]
 39 [ 6  60: 65]
101 [10  65: 70]
 64 [ 7  79: 84]
 52 [ 4 180:185]
107 [ 5 188:193]
105 [ 9 221:226]
 -5 [ 9 235:235]

Vehicle: 504  Cost: 137.85
Route: 5 24 34 35 49 -5 
  5 [10  25: 40]
 24 [ 9  70: 75]
 34 [ 5 300:305]
 35 [ 1 313:318]
 49 [ 0 329:334]
 -5 [ 0 391:391]

Vehicle: 505  Cost: 70.14
Route: 5 45 115 66 118 72 122 17 -5 
  5 [10  25: 40]
 45 [ 9  49: 54]
115 [10 420:425]
 66 [ 7 428:433]
118 [10 433:438]
 72 [ 7 442:447]
122 [10 447:452]
 17 [ 7 465:470]
 -5 [ 7 488:488]

Vehicle: 506  Cost: 82.02
Route: 5 95 112 40 62 84 9 98 -5 
  5 [ 7  25: 40]
 95 [ 8  61: 66]
112 [10  84: 89]
 40 [ 7 300:305]
 62 [ 6 312:317]
 84 [ 9 339:344]
  9 [ 6 344:349]
 98 [10 353:358]
 -5 [10 362:362]

Vehicle: 507  Cost: 130.94
Route: 5 57 121 78 80 54 87 -5 
  5 [10  25: 40]
 57 [ 6  93: 98]
121 [10 110:115]
 78 [ 9 300:305]
 80 [ 7 311:316]
 54 [ 4 334:339]
 87 [ 8 351:356]
 -5 [ 8 374:374]

Vehicle: 508  Cost: 94.52
Route: 5 14 44 30 129 75 76 -5 
  5 [10  25: 40]
 14 [ 8  52: 57]
 44 [ 7 180:185]
 30 [ 6 189:194]
129 [10 210:215]
 75 [ 8 225:230]
 76 [ 4 300:305]
 -5 [ 4 348:348]

Vehicle: 509  Cost: 55.68
Route: 5 43 104 11 111 59 -5 
  5 [10  25: 40]
 43 [ 6  59: 64]
104 [10  64: 69]
 11 [ 6  83: 88]
111 [ 7 300:305]
 59 [ 5 305:310]
 -5 [ 5 327:327]

Vehicle: 510  Cost: 160.96
Route: 5 71 15 89 20 116 63 120 -5 
  5 [10  25: 40]
 71 [ 8 102:107]
 15 [ 5 126:131]
 89 [ 9 146:151]
 20 [ 7 151:156]
116 [ 9 161:166]
 63 [ 6 166:171]
120 [ 9 185:190]
 -5 [ 9 236:236]

Vehicle: 511  Cost: 109.59
Route: 5 50 61 114 51 18 -5 
  5 [10  25: 40]
 50 [ 9  63: 68]
 61 [ 5  87: 92]
114 [ 8  92: 97]
 51 [ 6 180:185]
 18 [ 3 300:305]
 -5 [ 3 357:357]

Vehicle: 514  Cost: 177.86
Route: 5 125 26 48 69 113 109 8 90 99 -5 
  5 [ 7  25: 40]
125 [ 8  70: 75]
 26 [ 7  85: 90]
 48 [ 6  94: 99]
 69 [ 2 135:140]
113 [ 3 161:166]
109 [ 7 171:176]
  8 [ 6 187:192]
 90 [ 8 211:216]
 99 [10 218:223]
 -5 [10 263:263]

Total Cost: 2247.03
 11:159.02, 75:75 [1, 4, -4, -1]
 12:49.40, 75:75 [1, 5, -5, -1]
 14:49.40, 33:75 [1, 5, -5, -1]
401:106.71, 9:10 [4, 29, 96, 86, 16, 126, 21, 91, 77, -4]
402:65.61, 9:10 [4, 41, 117, 33, 10, 58, 110, -4]
403:103.45, 10:10 [4, 67, 22, 97, 6, 83, 28, 93, -4]
404:115.65, 9:10 [4, 73, 127, 79, 128, 7, 19, -4]
405:85.66, 10:10 [4, 46, 106, 124, 53, 108, 74, 92, 27, -4]
406:77.19, 10:10 [4, 60, 36, 38, 25, 55, -4]
407:68.17, 10:10 [4, 56, 42, 103, 13, 31, 68, -4]
409:86.58, 10:10 [4, 65, 94, 81, 12, -4]
501:108.27, 10:10 [5, 23, 47, 85, 32, 119, 70, 130, -5]
502:75.70, 9:10 [5, 123, 37, 100, 131, 82, 88, 102, -5]
503:76.68, 10:10 [5, 39, 101, 64, 52, 107, 105, -5]
504:137.85, 10:10 [5, 24, 34, 35, 49, -5]
505:70.14, 10:10 [5, 45, 115, 66, 118, 72, 122, 17, -5]
506:82.02, 10:10 [5, 95, 112, 40, 62, 84, 9, 98, -5]
507:130.94, 10:10 [5, 57, 121, 78, 80, 54, 87, -5]
508:94.52, 10:10 [5, 14, 44, 30, 129, 75, 76, -5]
509:55.68, 10:10 [5, 43, 104, 11, 111, 59, -5]
510:160.96, 10:10 [5, 71, 15, 89, 20, 116, 63, 120, -5]
511:109.59, 10:10 [5, 50, 61, 114, 51, 18, -5]
514:177.86, 10:10 [5, 125, 26, 48, 69, 113, 109, 8, 90, 99, -5]
fe: 3, se: 20

!ALNS------------
100000,2247.0270698589493,1448.415,1429.738,3,20,0.8133333333333334,0.98,42.0,6.3
21 28 22 10 0 1 9 6 
12.06993728070802 33.10188303221917 11.796180435324546 16.761265386892127 110.09857711016912 51.842272297161074 15.067696992745313 16.31031256238149 
7 24 5 12 4 5 35 5 
17.100933557131338 15.161645342403137 19.245620067801987 18.10425307363678 17.660121462201257 17.2086402542023 18.130867716002264 20.031397537452936 

x[11181] = 1.0
Vehicle: 12  Cost: 49.40
Route: 1 5 -5 -1 
 1 [ 74   0:  0 [59, 76, 15, 82, 44, 80, 26, 47, 75, 40, 63, 32, 70, 39, 51, 72, 8, 50, 14, 49, 35, 17, 78, 69, 18, 23, 20, 61, 66, 62, 37]]
 5 [  0  25: 25 []]
-5 [ 72  25:476 [107, 109, 122, 111, 85, 113, 102, 125, 114, 120, 115, 130, 121, 90, 87, 89, 100, 131, 98, 123, 116, 99, 112, 105, 95, 119, 129, 118, 88]]
-1 [ 72 501:501 [107, 109, 122, 111, 85, 113, 102, 125, 114, 120, 115, 130, 121, 90, 87, 89, 100, 131, 98, 123, 116, 99, 112, 105, 95, 119, 129, 118, 88]]

x[14019] = 1.0
Vehicle: 14  Cost: 49.40
Route: 1 5 -5 -1 
 1 [ 34   0:  0 [34, 48, 52, 54, 45, 30, 9, 24, 71, 64, 57, 11, 43]]
 5 [  0  25: 25 []]
-5 [ 11  25:410 [84, 101, 104]]
-1 [ 11 435:435 [84, 101, 104]]

x[14796] = 1.0
Vehicle: 11  Cost: 159.02
Route: 1 4 -4 -1 
 1 [ 75   0:  0 [74, 42, 6, 53, 68, 22, 27, 29, 73, 77, 65, 21, 25, 55, 60, 19, 16, 28, 67, 13, 46, 79, 41, 58, 12, 81, 31, 7, 56, 10, 33, 38, 36]]
 4 [  0  80: 80 []]
-4 [ 51  80:529 [86, 110, 97, 109, 83, 94, 91, 127, 93, 103, 96, 92, 124, 117, 108, 121, 128, 106, 113, 126]]
-1 [ 51 608:608 [86, 110, 97, 109, 83, 94, 91, 127, 93, 103, 96, 92, 124, 117, 108, 121, 128, 106, 113, 126]]

y[1684] = 1.0
Vehicle: 405  Cost: 85.66
Route: 4 46 106 124 53 108 74 27 92 -4 
  4 [10 103:118]
 46 [ 6 157:162]
106 [ 8 162:167]
124 [10 171:176]
 53 [ 7 420:425]
108 [ 9 425:430]
 74 [ 7 438:443]
 27 [ 6 463:468]
 92 [ 8 468:473]
 -4 [ 8 488:488]

y[1716] = 1.000000000000231
Vehicle: 509  Cost: 55.68
Route: 5 43 104 11 111 59 -5 
  5 [10 151:166]
 43 [ 6 186:191]
104 [10 191:196]
 11 [ 6 210:215]
111 [ 7 300:305]
 59 [ 5 305:310]
 -5 [ 5 327:327]

y[2421] = 1.0
Vehicle: 506  Cost: 82.02
Route: 5 95 112 40 62 9 84 98 -5 
  5 [ 7  95:110]
 95 [ 8 131:136]
112 [10 154:159]
 40 [ 7 300:305]
 62 [ 6 312:317]
  9 [ 3 339:344]
 84 [ 6 344:349]
 98 [10 353:358]
 -5 [10 362:362]

y[2458] = 1.0
Vehicle: 506  Cost: 137.85
Route: 5 24 34 35 49 -5 
  5 [10  25: 40]
 24 [ 9  70: 75]
 34 [ 5 300:305]
 35 [ 1 313:318]
 49 [ 0 329:334]
 -5 [ 0 391:391]

y[3632] = 1.0
Vehicle: 402  Cost: 115.65
Route: 4 73 79 127 128 7 19 -4 
  4 [ 9 103:118]
 73 [ 5 161:166]
 79 [ 4 179:184]
127 [ 8 184:189]
128 [ 9 199:204]
  7 [ 6 300:305]
 19 [ 5 312:317]
 -4 [ 5 351:351]

y[3850] = 1.0
Vehicle: 503  Cost: 94.52
Route: 5 14 44 30 129 75 76 -5 
  5 [10  25: 40]
 14 [ 8  52: 57]
 44 [ 7 180:185]
 30 [ 6 189:194]
129 [10 210:215]
 75 [ 8 225:230]
 76 [ 4 300:305]
 -5 [ 4 348:348]

y[4744] = 1.0
Vehicle: 401  Cost: 106.71
Route: 4 29 96 16 86 126 91 21 77 -4 
  4 [ 9 148:163]
 29 [ 5 203:208]
 96 [ 7 208:213]
 16 [ 4 300:305]
 86 [ 6 305:310]
126 [ 7 324:329]
 91 [ 9 341:346]
 21 [ 8 346:351]
 77 [ 7 358:363]
 -4 [ 7 390:390]

y[5175] = 1.0
Vehicle: 514  Cost: 177.86
Route: 5 125 26 48 69 113 109 8 90 99 -5 
  5 [ 7  25: 40]
125 [ 8  70: 75]
 26 [ 7  85: 90]
 48 [ 6  94: 99]
 69 [ 2 135:140]
113 [ 3 161:166]
109 [ 7 171:176]
  8 [ 6 187:192]
 90 [ 8 211:216]
 99 [10 218:223]
 -5 [10 263:263]

y[5203] = 1.0000000000001934
Vehicle: 501  Cost: 108.27
Route: 5 23 47 85 32 70 119 130 -5 
  5 [ 9 180:195]
 23 [ 8 217:222]
 47 [ 6 242:247]
 85 [10 257:262]
 32 [ 6 268:273]
 70 [ 4 300:305]
119 [ 5 305:310]
130 [ 9 335:340]
 -5 [ 9 356:356]

y[5570] = 1.0
Vehicle: 514  Cost: 77.33
Route: 5 45 123 100 37 131 82 88 102 -5 
  5 [ 6  25: 40]
 45 [ 5  49: 54]
123 [ 7  73: 78]
100 [ 8 180:185]
 37 [ 7 185:190]
131 [ 9 196:201]
 82 [ 5 201:206]
 88 [ 8 300:305]
102 [ 9 310:315]
 -5 [ 9 347:347]

y[8291] = 1.0
Vehicle: 402  Cost: 86.58
Route: 4 65 94 81 12 -4 
  4 [ 9  80: 95]
 65 [ 6 120:125]
 94 [10 143:148]
 81 [ 8 300:305]
 12 [ 4 420:425]
 -4 [ 4 457:457]

y[10285] = 1.0
Vehicle: 403  Cost: 103.45
Route: 4 67 22 97 6 83 28 93 -4 
  4 [10  80:277]
 67 [ 8 300:305]
 22 [ 7 307:312]
 97 [ 9 332:337]
  6 [ 6 420:425]
 83 [10 425:430]
 28 [ 6 434:439]
 93 [ 8 439:444]
 -4 [ 8 490:490]

y[12616] = 1.0
Vehicle: 503  Cost: 160.96
Route: 5 71 15 89 20 63 116 120 -5 
  5 [10  25: 40]
 71 [ 8 102:107]
 15 [ 5 126:131]
 89 [ 9 146:151]
 20 [ 7 151:156]
 63 [ 4 161:166]
116 [ 6 166:171]
120 [ 9 185:190]
 -5 [ 9 236:236]

y[12779] = 1.0
Vehicle: 508  Cost: 76.68
Route: 5 39 101 64 52 107 105 -5 
  5 [10  25: 41]
 39 [ 6  60: 65]
101 [10  65: 70]
 64 [ 7  79: 84]
 52 [ 4 180:185]
107 [ 5 188:193]
105 [ 9 221:226]
 -5 [ 9 235:235]

y[14048] = 1.0
Vehicle: 507  Cost: 130.94
Route: 5 57 121 78 80 54 87 -5 
  5 [10  25: 40]
 57 [ 6  93: 98]
121 [10 110:115]
 78 [ 9 300:305]
 80 [ 7 311:316]
 54 [ 4 334:339]
 87 [ 8 351:356]
 -5 [ 8 374:374]

y[14473] = 1.0
Vehicle: 511  Cost: 109.59
Route: 5 50 61 114 51 18 -5 
  5 [10  25: 40]
 50 [ 9  63: 68]
 61 [ 5  87: 92]
114 [ 8  92: 97]
 51 [ 6 180:185]
 18 [ 3 300:305]
 -5 [ 3 357:357]

y[15855] = 1.0
Vehicle: 408  Cost: 59.67
Route: 4 56 41 103 42 31 68 -4 
  4 [ 9 133:148]
 56 [ 6 151:156]
 41 [ 4 180:185]
103 [ 7 190:195]
 42 [ 6 195:200]
 31 [ 4 300:305]
 68 [ 3 316:321]
 -4 [ 3 340:340]

y[20196] = 1.0
Vehicle: 502  Cost: 69.45
Route: 5 17 122 72 66 118 115 -5 
  5 [ 9  25:282]
 17 [ 6 300:305]
122 [ 9 318:323]
 72 [ 6 323:328]
 66 [ 3 332:337]
118 [ 6 337:342]
115 [ 7 420:425]
 -5 [ 7 456:456]

y[20199] = 1.0
Vehicle: 407  Cost: 77.19
Route: 4 60 38 36 25 55 -4 
  4 [10 165:180]
 60 [ 8 206:211]
 38 [ 5 222:227]
 36 [ 2 227:232]
 25 [ 1 300:305]
 55 [ 0 316:321]
 -4 [ 0 334:334]

y[21599] = 1.0
Vehicle: 404  Cost: 61.97
Route: 4 10 33 117 58 110 13 -4 
  4 [ 9 133:154]
 10 [ 8 180:185]
 33 [ 5 189:194]
117 [ 8 198:203]
 58 [ 6 300:305]
110 [10 305:310]
 13 [ 7 322:327]
 -4 [ 7 341:341]

FE: 3
SE: 20
!MIP-----
2235.833624435476,5403.044497966766,0.037802881979702184,3,20,34853,22581

Run: 3
Total Cost: 2206.27
Vehicle: 11  Cost: 104.31
Route: 1 5 2 -2 -1 
 1 [ 75   0:  0 [38, 29, 45, 34, 82, 76, 61, 70, 32, 16, 75, 18, 23, 71, 15, 24, 40, 62, 9, 49, 72, 47, 30, 50, 17, 66, 37, 69, 36, 8]]
 5 [ 32  25: 40 [38, 29, 82, 16, 72, 17, 66, 37, 69, 36, 8]]
 2 [  0  67: 67 []]
-2 [ 34  67:476 [86, 96, 87, 102, 99, 131, 126, 100, 113, 90, 115, 88, 118, 109, 122, 123]]
-1 [ 34 528:528 [86, 96, 87, 102, 99, 131, 126, 100, 113, 90, 115, 88, 118, 109, 122, 123]]

Vehicle: 12  Cost: 49.40
Route: 1 5 -5 -1 
 1 [ 34   0:  0 [35, 14, 20, 51, 11, 63, 43, 64, 54, 44, 59, 39]]
 5 [  0  25: 25 []]
-5 [ 48  25:420 [85, 104, 130, 98, 105, 119, 95, 84, 101, 116, 129, 111, 89, 120, 114, 112]]
-1 [ 48 445:445 [85, 104, 130, 98, 105, 119, 95, 84, 101, 116, 129, 111, 89, 120, 114, 112]]

Vehicle: 15  Cost: 159.02
Route: 1 4 -4 -1 
 1 [ 74   0:  0 [79, 78, 41, 60, 13, 27, 21, 80, 46, 48, 12, 77, 26, 10, 81, 57, 53, 7, 74, 67, 28, 31, 56, 19, 65, 58, 33, 6, 52, 25, 68, 55, 22, 42, 73]]
 4 [  0  80: 80 []]
-4 [ 43  80:531 [124, 108, 91, 92, 125, 127, 106, 94, 107, 103, 121, 83, 110, 93, 128, 97, 117]]
-1 [ 43 611:611 [124, 108, 91, 92, 125, 127, 106, 94, 107, 103, 121, 83, 110, 93, 128, 97, 117]]

Vehicle: 201  Cost: 52.95
Route: 2 123 37 100 131 82 88 102 -2 
  2 [ 5  67: 82]
123 [ 7  93: 98]
 37 [ 6 180:185]
100 [ 7 185:190]
131 [ 9 196:201]
 82 [ 5 201:206]
 88 [ 8 300:305]
102 [ 9 310:315]
 -2 [ 9 341:341]

Vehicle: 202  Cost: 44.69
Route: 2 72 118 66 115 17 87 -2 
  2 [ 9  67:288]
 72 [ 6 300:305]
118 [ 9 309:314]
 66 [ 6 314:319]
115 [ 7 420:425]
 17 [ 4 438:443]
 87 [ 8 443:448]
 -2 [ 8 461:461]

Vehicle: 204  Cost: 123.72
Route: 2 69 96 29 109 8 90 99 -2 
  2 [ 9  67: 82]
 69 [ 5 117:122]
 96 [ 7 136:141]
 29 [ 3 141:146]
109 [ 7 174:179]
  8 [ 6 191:196]
 90 [ 8 214:219]
 99 [10 221:226]
 -2 [10 241:241]

Vehicle: 205  Cost: 125.93
Route: 2 113 36 38 16 86 126 122 -2 
  2 [ 9  67: 82]
113 [10 101:106]
 36 [ 7 146:151]
 38 [ 4 151:156]
 16 [ 1 300:305]
 86 [ 3 305:310]
126 [ 4 324:329]
122 [ 7 354:359]
 -2 [ 7 371:371]

Vehicle: 401  Cost: 80.17
Route: 4 48 26 125 107 52 80 78 -4 
  4 [ 8  80: 95]
 48 [ 7 114:119]
 26 [ 6 123:128]
125 [ 7 138:143]
107 [ 8 153:158]
 52 [ 5 180:185]
 80 [ 3 300:305]
 78 [ 2 311:316]
 -4 [ 2 340:340]

Vehicle: 403  Cost: 110.62
Route: 4 60 25 21 91 77 55 68 31 -4 
  4 [ 9  80: 95]
 60 [ 7 121:126]
 25 [ 6 300:305]
 21 [ 5 318:323]
 91 [ 7 323:328]
 77 [ 6 334:339]
 55 [ 5 361:366]
 68 [ 4 375:380]
 31 [ 2 391:396]
 -4 [ 2 416:416]

Vehicle: 404  Cost: 38.17
Route: 4 56 42 103 41 13 -4 
  4 [ 9  80: 95]
 56 [ 6  98:103]
 42 [ 5 115:120]
103 [ 8 120:125]
 41 [ 6 180:185]
 13 [ 3 300:305]
 -4 [ 3 318:318]

Vehicle: 405  Cost: 104.94
Route: 4 46 106 73 124 127 79 128 10 -4 
  4 [10  80: 95]
 46 [ 6 133:138]
106 [ 8 138:143]
 73 [ 4 147:152]
124 [ 6 152:157]
127 [10 170:175]
 79 [ 9 175:180]
128 [10 190:195]
 10 [ 9 208:213]
 -4 [ 9 239:239]

Vehicle: 406  Cost: 79.94
Route: 4 65 121 12 67 -4 
  4 [ 9  80: 95]
 65 [ 6 120:125]
121 [10 144:149]
 12 [ 6 420:425]
 67 [ 4 434:439]
 -4 [ 4 462:462]

Vehicle: 407  Cost: 108.70
Route: 4 57 94 81 93 28 92 -4 
  4 [10  80: 95]
 57 [ 6 135:140]
 94 [10 145:150]
 81 [ 8 300:305]
 93 [10 319:324]
 28 [ 6 324:329]
 92 [ 8 361:366]
 -4 [ 8 381:381]

Vehicle: 408  Cost: 86.19
Route: 4 33 117 19 7 110 58 -4 
  4 [ 9  80: 95]
 33 [ 6 119:124]
117 [ 9 128:133]
 19 [ 8 300:305]
  7 [ 5 312:317]
110 [ 9 329:334]
 58 [ 7 334:339]
 -4 [ 7 365:365]

Vehicle: 409  Cost: 109.40
Route: 4 27 74 53 108 6 83 97 22 -4 
  4 [10  80:285]
 27 [ 9 300:305]
 74 [ 7 325:330]
 53 [ 4 420:425]
108 [ 6 425:430]
  6 [ 3 443:448]
 83 [ 7 448:453]
 97 [ 9 462:467]
 22 [ 8 487:492]
 -4 [ 8 516:516]

Vehicle: 501  Cost: 61.02
Route: 5 39 101 64 54 -5 
  5 [10  25: 41]
 39 [ 6  60: 65]
101 [10  65: 70]
 64 [ 7  79: 84]
 54 [ 4 300:305]
 -5 [ 4 325:325]

Vehicle: 502  Cost: 123.69
Route: 5 24 75 76 49 70 119 130 -5 
  5 [10  25: 40]
 24 [ 9  70: 75]
 75 [ 7 180:185]
 76 [ 3 300:305]
 49 [ 2 324:329]
 70 [ 0 350:355]
119 [ 1 355:360]
130 [ 5 385:390]
 -5 [ 5 405:405]

Vehicle: 503  Cost: 55.68
Route: 5 43 104 11 59 111 -5 
  5 [10  25: 40]
 43 [ 6  59: 64]
104 [10  64: 69]
 11 [ 6  83: 88]
 59 [ 4 300:305]
111 [ 5 305:310]
 -5 [ 5 327:327]

Vehicle: 504  Cost: 82.02
Route: 5 95 112 40 62 9 84 98 -5 
  5 [ 7  25: 40]
 95 [ 8  61: 66]
112 [10  84: 89]
 40 [ 7 300:305]
 62 [ 6 312:317]
  9 [ 3 339:344]
 84 [ 6 344:349]
 98 [10 353:358]
 -5 [10 362:362]

Vehicle: 505  Cost: 146.95
Route: 5 71 35 34 -5 
  5 [10  25: 40]
 71 [ 8 102:107]
 35 [ 4 300:305]
 34 [ 0 313:318]
 -5 [ 0 380:380]

Vehicle: 508  Cost: 104.56
Route: 5 44 50 30 114 61 120 18 -5 
  5 [10  25:160]
 44 [ 9 180:185]
 50 [ 8 188:193]
 30 [ 7 194:199]
114 [10 218:223]
 61 [ 6 223:228]
120 [ 9 231:236]
 18 [ 6 300:305]
 -5 [ 6 357:357]

Vehicle: 509  Cost: 115.00
Route: 5 23 47 32 85 14 105 45 -5 
  5 [10  25:159]
 23 [ 9 180:185]
 47 [ 7 205:210]
 32 [ 3 225:230]
 85 [ 7 236:241]
 14 [ 5 267:272]
105 [ 9 290:295]
 45 [ 8 295:300]
 -5 [ 8 309:309]

Vehicle: 510  Cost: 139.20
Route: 5 15 20 89 63 116 51 129 -5 
  5 [10  25: 40]
 15 [ 7  96:101]
 20 [ 5 116:121]
 89 [ 9 121:126]
 63 [ 6 131:136]
116 [ 8 136:141]
 51 [ 6 180:185]
129 [10 200:205]
 -5 [10 244:244]

Total Cost: 2206.27
 11:104.31, 75:75 [1, 5, 2, -2, -1]
 12:49.40, 48:75 [1, 5, -5, -1]
 15:159.02, 74:75 [1, 4, -4, -1]
201:52.95, 9:10 [2, 123, 37, 100, 131, 82, 88, 102, -2]
202:44.69, 9:10 [2, 72, 118, 66, 115, 17, 87, -2]
204:123.72, 10:10 [2, 69, 96, 29, 109, 8, 90, 99, -2]
205:125.93, 10:10 [2, 113, 36, 38, 16, 86, 126, 122, -2]
401:80.17, 8:10 [4, 48, 26, 125, 107, 52, 80, 78, -4]
403:110.62, 9:10 [4, 60, 25, 21, 91, 77, 55, 68, 31, -4]
404:38.17, 9:10 [4, 56, 42, 103, 41, 13, -4]
405:104.94, 10:10 [4, 46, 106, 73, 124, 127, 79, 128, 10, -4]
406:79.94, 10:10 [4, 65, 121, 12, 67, -4]
407:108.70, 10:10 [4, 57, 94, 81, 93, 28, 92, -4]
408:86.19, 9:10 [4, 33, 117, 19, 7, 110, 58, -4]
409:109.40, 10:10 [4, 27, 74, 53, 108, 6, 83, 97, 22, -4]
501:61.02, 10:10 [5, 39, 101, 64, 54, -5]
502:123.69, 10:10 [5, 24, 75, 76, 49, 70, 119, 130, -5]
503:55.68, 10:10 [5, 43, 104, 11, 59, 111, -5]
504:82.02, 10:10 [5, 95, 112, 40, 62, 9, 84, 98, -5]
505:146.95, 10:10 [5, 71, 35, 34, -5]
508:104.56, 10:10 [5, 44, 50, 30, 114, 61, 120, 18, -5]
509:115.00, 10:10 [5, 23, 47, 32, 85, 14, 105, 45, -5]
510:139.20, 10:10 [5, 15, 20, 89, 63, 116, 51, 129, -5]
fe: 3, se: 20

!ALNS------------
100000,2206.2653875917463,763.746,587.312,3,20,0.8755555555555555,0.965,42.0,6.3
25 18 27 8 0 0 22 0 
12.884264924253575 39.00588244462209 12.800009938242317 17.884660390823363 37.33167757961553 58.07297743067294 21.00024459090441 24.739268632390083 
8 13 7 16 9 10 27 10 
20.57456065709883 20.776418615538393 20.21141197414165 19.75866147310607 20.10400854453626 19.09822449100315 21.013202097045486 25.97941589675236 

x[4895] = 1.0
Vehicle: 12  Cost: 49.40
Route: 1 5 -5 -1 
 1 [ 33   0:  0 [76, 52, 39, 32, 45, 63, 43, 75, 64, 30, 61]]
 5 [  0  25: 25 []]
-5 [ 34  25:443 [129, 119, 105, 121, 130, 104, 116, 85, 101, 112, 95]]
-1 [ 34 468:468 [129, 119, 105, 121, 130, 104, 116, 85, 101, 112, 95]]

x[9368] = 1.0
Vehicle: 15  Cost: 159.02
Route: 1 4 -4 -1 
 1 [ 75   0:  0 [57, 58, 55, 33, 41, 19, 38, 79, 12, 68, 10, 7, 27, 6, 73, 53, 28, 31, 48, 65, 25, 13, 80, 81, 67, 74, 42, 26, 78, 22, 56, 36, 46, 60]]
 4 [  0  80: 80 []]
-4 [ 39  80:505 [124, 106, 108, 94, 121, 128, 110, 103, 117, 92, 83, 93, 97, 127]]
-1 [ 39 585:585 [124, 106, 108, 94, 121, 128, 110, 103, 117, 92, 83, 93, 97, 127]]

x[14931] = 1.0
Vehicle: 11  Cost: 104.31
Route: 1 5 2 -2 -5 -1 
 1 [ 75   0:  0 [18, 11, 82, 51, 24, 49, 29, 9, 70, 37, 15, 77, 20, 59, 16, 72, 62, 40, 69, 71, 35, 34, 47, 14, 23, 21, 17, 66, 8, 44, 54, 50]]
 5 [ 25  25: 40 [82, 29, 37, 77, 16, 72, 69, 21, 66, 8]]
 2 [  0  67: 67 []]
-2 [ 32  67:479 [113, 122, 115, 109, 123, 90, 96, 91, 118, 131, 100, 99, 102, 88, 126, 86]]
-5 [ 56 506:521 [89, 114, 113, 122, 115, 109, 123, 107, 90, 125, 96, 91, 118, 131, 100, 99, 102, 88, 120, 126, 87, 86, 98, 84, 111]]
-1 [ 56 546:546 [89, 114, 113, 122, 115, 109, 123, 107, 90, 125, 96, 91, 118, 131, 100, 99, 102, 88, 120, 126, 87, 86, 98, 84, 111]]

y[509] = 1.0
Vehicle: 205  Cost: 104.63
Route: 2 113 126 16 86 21 91 77 66 118 115 -2 
  2 [ 8  67: 82]
113 [ 9 101:106]
126 [10 300:305]
 16 [ 7 319:324]
 86 [ 9 324:329]
 21 [ 8 345:350]
 91 [10 350:355]
 77 [ 9 361:366]
 66 [ 6 385:390]
118 [ 9 390:395]
115 [10 420:425]
 -2 [10 439:439]

y[3400] = 1.0
Vehicle: 403  Cost: 77.19
Route: 4 60 36 38 25 55 -4 
  4 [10 133:148]
 60 [ 8 175:180]
 36 [ 5 191:196]
 38 [ 2 196:201]
 25 [ 1 300:305]
 55 [ 0 316:321]
 -4 [ 0 334:334]

y[3806] = 1.0
Vehicle: 512  Cost: 51.12
Route: 5 45 87 17 54 -5 
  5 [ 7  25: 40]
 45 [ 6  49: 54]
 87 [10 300:305]
 17 [ 7 305:310]
 54 [ 4 322:327]
 -5 [ 4 347:347]

y[4243] = 1.0
Vehicle: 502  Cost: 82.69
Route: 5 39 101 64 52 107 125 105 -5 
  5 [10  25: 41]
 39 [ 6  60: 65]
101 [10  65: 70]
 64 [ 7  79: 84]
 52 [ 4 180:185]
107 [ 5 188:193]
125 [ 6 203:208]
105 [10 232:237]
 -5 [10 246:246]

y[5217] = 1.0
Vehicle: 502  Cost: 100.98
Route: 5 44 50 30 75 120 114 61 129 -5 
  5 [ 9  25:160]
 44 [ 8 180:185]
 50 [ 7 188:193]
 30 [ 6 194:199]
 75 [ 4 219:224]
120 [ 7 235:240]
114 [10 243:248]
 61 [ 6 248:253]
129 [10 257:262]
 -5 [10 301:301]

y[5668] = 1.0
Vehicle: 405  Cost: 79.30
Route: 4 80 78 12 22 67 -4 
  4 [10  80:273]
 80 [ 8 300:305]
 78 [ 7 311:316]
 12 [ 3 420:425]
 22 [ 2 432:437]
 67 [ 0 439:444]
 -4 [ 0 467:467]

y[5948] = 1.0
Vehicle: 503  Cost: 125.61
Route: 5 51 63 116 20 89 18 -5 
  5 [10  25:127]
 51 [ 8 180:185]
 63 [ 5 194:199]
116 [ 7 199:204]
 20 [ 5 209:214]
 89 [ 9 214:219]
 18 [ 6 300:305]
 -5 [ 6 357:357]

y[6336] = 1.0
Vehicle: 409  Cost: 104.39
Route: 4 27 74 93 28 83 6 97 -4 
  4 [10  80:285]
 27 [ 9 300:305]
 74 [ 7 325:330]
 93 [ 9 345:350]
 28 [ 5 350:355]
 83 [ 9 420:425]
  6 [ 6 425:430]
 97 [ 8 439:444]
 -4 [ 8 485:485]

y[6902] = 1.0
Vehicle: 501  Cost: 55.68
Route: 5 43 104 11 111 59 -5 
  5 [10 125:140]
 43 [ 6 160:165]
104 [10 165:170]
 11 [ 6 183:188]
111 [ 7 300:305]
 59 [ 5 305:310]
 -5 [ 5 327:327]

y[7223] = 1.0
Vehicle: 504  Cost: 101.92
Route: 5 14 24 32 85 47 23 -5 
  5 [10  25: 40]
 14 [ 8  52: 57]
 24 [ 7  75: 80]
 32 [ 3 180:185]
 85 [ 7 191:196]
 47 [ 5 206:211]
 23 [ 4 231:236]
 -5 [ 4 257:257]

y[12012] = 1.0
Vehicle: 408  Cost: 103.05
Route: 4 48 26 121 57 94 81 -4 
  4 [ 8  80: 95]
 48 [ 7 114:119]
 26 [ 6 123:128]
121 [10 150:155]
 57 [ 6 166:171]
 94 [10 176:181]
 81 [ 8 300:305]
 -4 [ 8 344:344]

y[12315] = 1.0
Vehicle: 205  Cost: 24.08
Route: 2 122 72 -2 
  2 [ 3  52:288]
122 [ 6 300:305]
 72 [ 3 305:310]
 -2 [ 3 322:322]

y[12481] = 1.0
Vehicle: 404  Cost: 61.97
Route: 4 10 33 117 58 110 13 -4 
  4 [ 9  80:154]
 10 [ 8 180:185]
 33 [ 5 189:194]
117 [ 8 198:203]
 58 [ 6 300:305]
110 [10 305:310]
 13 [ 7 322:327]
 -4 [ 7 341:341]

y[13494] = 1.0
Vehicle: 503  Cost: 82.02
Route: 5 95 112 40 62 9 84 98 -5 
  5 [ 7 125:140]
 95 [ 8 161:166]
112 [10 184:189]
 40 [ 7 300:305]
 62 [ 6 312:317]
  9 [ 3 339:344]
 84 [ 6 344:349]
 98 [10 353:358]
 -5 [10 362:362]

y[14043] = 1.0
Vehicle: 402  Cost: 85.45
Route: 4 65 106 73 124 53 108 92 -4 
  4 [10  80: 95]
 65 [ 7 120:125]
106 [ 9 138:143]
 73 [ 5 147:152]
124 [ 7 152:157]
 53 [ 4 420:425]
108 [ 6 425:430]
 92 [ 8 457:462]
 -4 [ 8 478:478]

y[15095] = 1.0
Vehicle: 204  Cost: 123.72
Route: 2 69 96 29 109 8 90 99 -2 
  2 [ 9  67: 82]
 69 [ 5 117:122]
 96 [ 7 136:141]
 29 [ 3 141:146]
109 [ 7 174:179]
  8 [ 6 191:196]
 90 [ 8 214:219]
 99 [10 221:226]
 -2 [10 241:241]

y[15194] = 1.0
Vehicle: 201  Cost: 52.95
Route: 2 123 37 100 131 82 88 102 -2 
  2 [ 5 127:142]
123 [ 7 153:158]
 37 [ 6 180:185]
100 [ 7 185:190]
131 [ 9 196:201]
 82 [ 5 201:206]
 88 [ 8 300:305]
102 [ 9 310:315]
 -2 [ 9 341:341]

y[15820] = 1.0
Vehicle: 405  Cost: 111.90
Route: 4 46 79 127 128 7 19 -4 
  4 [ 9  80: 95]
 46 [ 5 133:138]
 79 [ 4 151:156]
127 [ 8 156:161]
128 [ 9 180:185]
  7 [ 6 300:305]
 19 [ 5 312:317]
 -4 [ 5 351:351]

y[17318] = 1.0
Vehicle: 509  Cost: 146.86
Route: 5 71 34 76 -5 
  5 [10  25: 40]
 71 [ 8 102:107]
 34 [ 4 300:305]
 76 [ 0 324:329]
 -5 [ 0 372:372]

y[19286] = 1.0
Vehicle: 403  Cost: 59.67
Route: 4 56 41 42 103 31 68 -4 
  4 [ 9  80: 95]
 56 [ 6  98:103]
 41 [ 4 180:185]
 42 [ 3 190:195]
103 [ 6 195:200]
 31 [ 4 300:305]
 68 [ 3 316:321]
 -4 [ 3 340:340]

y[19405] = 1.0
Vehicle: 507  Cost: 135.17
Route: 5 15 35 49 70 119 130 -5 
  5 [10  25: 40]
 15 [ 7  96:101]
 35 [ 3 300:305]
 49 [ 2 316:321]
 70 [ 0 341:346]
119 [ 1 346:351]
130 [ 5 376:381]
 -5 [ 5 397:397]

FE: 3
SE: 21
!MIP-----
2183.0609187657765,5409.321344137192,0.001173431060013961,3,21,18777,19527

Run: 4
Total Cost: 2243.32
Vehicle: 11  Cost: 159.02
Route: 1 4 -4 -1 
 1 [ 75   0:  0 [21, 73, 56, 28, 38, 36, 65, 46, 6, 53, 27, 33, 22, 12, 68, 77, 16, 67, 31, 42, 55, 19, 7, 60, 29, 74, 81, 79, 13, 25, 58, 10, 41]]
 4 [  0  80: 80 []]
-4 [ 38  80:510 [108, 96, 126, 103, 97, 92, 86, 93, 106, 91, 124, 127, 117, 83, 110, 128]]
-1 [ 38 590:590 [108, 96, 126, 103, 97, 92, 86, 93, 106, 91, 124, 127, 117, 83, 110, 128]]

Vehicle: 13  Cost: 49.40
Route: 1 5 -5 -1 
 1 [ 73   0:  0 [47, 59, 9, 75, 15, 34, 24, 43, 45, 80, 30, 61, 50, 70, 23, 40, 71, 63, 32, 54, 78, 11, 18, 44, 62, 51, 35, 49, 76, 14, 20]]
 5 [  0  25: 25 []]
-5 [ 49  25:412 [116, 119, 89, 120, 101, 130, 111, 105, 129, 85, 98, 104, 84, 107, 112, 114, 95]]
-1 [ 49 437:437 [116, 119, 89, 120, 101, 130, 111, 105, 129, 85, 98, 104, 84, 107, 112, 114, 95]]

Vehicle: 14  Cost: 104.31
Route: 1 5 2 -2 -1 
 1 [ 35   0:  0 [26, 82, 72, 66, 39, 57, 37, 8, 69, 17, 52, 48, 64]]
 5 [ 28  25: 40 [26, 82, 72, 66, 57, 37, 8, 69, 17, 48, 64]]
 2 [  0  67: 67 []]
-2 [ 38  67:454 [94, 109, 122, 125, 99, 87, 118, 113, 102, 121, 115, 100, 131, 88, 123, 90]]
-1 [ 38 506:506 [94, 109, 122, 125, 99, 87, 118, 113, 102, 121, 115, 100, 131, 88, 123, 90]]

Vehicle: 201  Cost: 52.95
Route: 2 123 100 37 131 82 88 102 -2 
  2 [ 5  67: 82]
123 [ 7  93: 98]
100 [ 8 180:185]
 37 [ 7 185:190]
131 [ 9 196:201]
 82 [ 5 201:206]
 88 [ 8 300:305]
102 [ 9 310:315]
 -2 [ 9 341:341]

Vehicle: 202  Cost: 105.01
Route: 2 113 69 109 8 90 99 -2 
  2 [ 5  67: 82]
113 [ 6 101:106]
 69 [ 2 127:132]
109 [ 6 151:156]
  8 [ 5 180:185]
 90 [ 7 204:209]
 99 [ 9 211:216]
 -2 [ 9 230:230]

Vehicle: 203  Cost: 142.27
Route: 2 64 57 94 121 48 26 125 115 -2 
  2 [ 9  67: 82]
 64 [ 6 118:123]
 57 [ 2 150:155]
 94 [ 6 160:165]
121 [10 179:184]
 48 [ 9 204:209]
 26 [ 8 213:218]
125 [ 9 229:234]
115 [10 420:425]
 -2 [10 439:439]

Vehicle: 204  Cost: 44.68
Route: 2 72 122 66 118 17 87 -2 
  2 [ 9  67:288]
 72 [ 6 300:305]
122 [ 9 305:310]
 66 [ 6 314:319]
118 [ 9 319:324]
 17 [ 6 340:345]
 87 [10 345:350]
 -2 [10 363:363]

Vehicle: 401  Cost: 64.78
Route: 4 56 22 12 67 -4 
  4 [10  80: 95]
 56 [ 7  98:103]
 22 [ 6 300:305]
 12 [ 2 420:425]
 67 [ 0 434:439]
 -4 [ 0 462:462]

Vehicle: 402  Cost: 100.38
Route: 4 65 106 46 79 127 128 58 -4 
  4 [10  80: 95]
 65 [ 7 120:125]
106 [ 9 138:143]
 46 [ 5 143:148]
 79 [ 4 162:167]
127 [ 8 167:172]
128 [ 9 182:187]
 58 [ 7 300:305]
 -4 [ 7 330:330]

Vehicle: 403  Cost: 86.47
Route: 4 33 117 19 7 110 13 -4 
  4 [10  80: 95]
 33 [ 7 119:124]
117 [10 128:133]
 19 [ 9 300:305]
  7 [ 6 312:317]
110 [10 329:334]
 13 [ 7 346:351]
 -4 [ 7 365:365]

Vehicle: 404  Cost: 85.41
Route: 4 73 124 53 108 74 92 27 -4 
  4 [10  80: 95]
 73 [ 6 137:142]
124 [ 8 142:147]
 53 [ 5 420:425]
108 [ 7 425:430]
 74 [ 5 438:443]
 92 [ 7 463:468]
 27 [ 6 468:473]
 -4 [ 6 488:488]

Vehicle: 405  Cost: 114.11
Route: 4 10 28 93 6 83 97 81 -4 
  4 [10  80:154]
 10 [ 9 180:185]
 28 [ 5 300:305]
 93 [ 7 305:310]
  6 [ 4 420:425]
 83 [ 8 425:430]
 97 [10 439:444]
 81 [ 8 451:456]
 -4 [ 8 495:495]

Vehicle: 406  Cost: 57.78
Route: 4 41 42 103 31 68 -4 
  4 [ 6  80:165]
 41 [ 4 180:185]
 42 [ 3 190:195]
103 [ 6 195:200]
 31 [ 4 300:305]
 68 [ 3 316:321]
 -4 [ 3 340:340]

Vehicle: 407  Cost: 77.19
Route: 4 60 36 38 25 55 -4 
  4 [10  80: 95]
 60 [ 8 121:126]
 36 [ 5 137:142]
 38 [ 2 142:147]
 25 [ 1 300:305]
 55 [ 0 316:321]
 -4 [ 0 334:334]

Vehicle: 410  Cost: 106.71
Route: 4 29 96 16 86 126 91 21 77 -4 
  4 [ 9  80: 95]
 29 [ 5 135:140]
 96 [ 7 140:145]
 16 [ 4 300:305]
 86 [ 6 305:310]
126 [ 7 324:329]
 91 [ 9 341:346]
 21 [ 8 346:351]
 77 [ 7 358:363]
 -4 [ 7 390:390]

Vehicle: 501  Cost: 55.68
Route: 5 43 104 11 111 59 -5 
  5 [10  25: 40]
 43 [ 6  59: 64]
104 [10  64: 69]
 11 [ 6  83: 88]
111 [ 7 300:305]
 59 [ 5 305:310]
 -5 [ 5 327:327]

Vehicle: 502  Cost: 123.98
Route: 5 14 50 51 63 116 20 89 129 -5 
  5 [10  25: 40]
 14 [ 8  52: 57]
 50 [ 7  68: 73]
 51 [ 5 180:185]
 63 [ 2 194:199]
116 [ 4 199:204]
 20 [ 2 209:214]
 89 [ 6 214:219]
129 [10 236:241]
 -5 [10 280:280]

Vehicle: 503  Cost: 148.82
Route: 5 71 35 49 70 119 130 -5 
  5 [ 9  25: 40]
 71 [ 7 102:107]
 35 [ 3 300:305]
 49 [ 2 316:321]
 70 [ 0 341:346]
119 [ 1 346:351]
130 [ 5 376:381]
 -5 [ 5 397:397]

Vehicle: 504  Cost: 99.95
Route: 5 44 30 61 114 120 76 -5 
  5 [10  25:160]
 44 [ 9 180:185]
 30 [ 8 189:194]
 61 [ 4 213:218]
114 [ 7 218:223]
120 [10 226:231]
 76 [ 6 300:305]
 -5 [ 6 348:348]

Vehicle: 505  Cost: 88.45
Route: 5 107 52 78 80 54 -5 
  5 [ 9  25: 40]
107 [10  71: 76]
 52 [ 7 180:185]
 78 [ 6 300:305]
 80 [ 4 311:316]
 54 [ 1 334:339]
 -5 [ 1 359:359]

Vehicle: 506  Cost: 82.02
Route: 5 95 112 40 62 84 9 98 -5 
  5 [ 7  25: 40]
 95 [ 8  61: 66]
112 [10  84: 89]
 40 [ 7 300:305]
 62 [ 6 312:317]
 84 [ 9 339:344]
  9 [ 6 344:349]
 98 [10 353:358]
 -5 [10 362:362]

Vehicle: 507  Cost: 134.69
Route: 5 15 34 18 -5 
  5 [10  25: 40]
 15 [ 7  96:101]
 34 [ 3 300:305]
 18 [ 0 325:330]
 -5 [ 0 381:381]

Vehicle: 508  Cost: 48.58
Route: 5 45 105 39 101 -5 
  5 [ 5  25: 40]
 45 [ 4  49: 54]
105 [ 8  54: 59]
 39 [ 4  79: 84]
101 [ 8  84: 89]
 -5 [ 8 108:108]

Vehicle: 509  Cost: 110.69
Route: 5 24 75 32 85 47 23 -5 
  5 [10  25: 40]
 24 [ 9  70: 75]
 75 [ 7 180:185]
 32 [ 3 196:201]
 85 [ 7 207:212]
 47 [ 5 222:227]
 23 [ 4 247:252]
 -5 [ 4 273:273]

Total Cost: 2243.32
 11:159.02, 75:75 [1, 4, -4, -1]
 13:49.40, 73:75 [1, 5, -5, -1]
 14:104.31, 38:75 [1, 5, 2, -2, -1]
201:52.95, 9:10 [2, 123, 100, 37, 131, 82, 88, 102, -2]
202:105.01, 9:10 [2, 113, 69, 109, 8, 90, 99, -2]
203:142.27, 10:10 [2, 64, 57, 94, 121, 48, 26, 125, 115, -2]
204:44.68, 10:10 [2, 72, 122, 66, 118, 17, 87, -2]
401:64.78, 10:10 [4, 56, 22, 12, 67, -4]
402:100.38, 10:10 [4, 65, 106, 46, 79, 127, 128, 58, -4]
403:86.47, 10:10 [4, 33, 117, 19, 7, 110, 13, -4]
404:85.41, 10:10 [4, 73, 124, 53, 108, 74, 92, 27, -4]
405:114.11, 10:10 [4, 10, 28, 93, 6, 83, 97, 81, -4]
406:57.78, 6:10 [4, 41, 42, 103, 31, 68, -4]
407:77.19, 10:10 [4, 60, 36, 38, 25, 55, -4]
410:106.71, 9:10 [4, 29, 96, 16, 86, 126, 91, 21, 77, -4]
501:55.68, 10:10 [5, 43, 104, 11, 111, 59, -5]
502:123.98, 10:10 [5, 14, 50, 51, 63, 116, 20, 89, 129, -5]
503:148.82, 9:10 [5, 71, 35, 49, 70, 119, 130, -5]
504:99.95, 10:10 [5, 44, 30, 61, 114, 120, 76, -5]
505:88.45, 10:10 [5, 107, 52, 78, 80, 54, -5]
506:82.02, 10:10 [5, 95, 112, 40, 62, 84, 9, 98, -5]
507:134.69, 10:10 [5, 15, 34, 18, -5]
508:48.58, 8:10 [5, 45, 105, 39, 101, -5]
509:110.69, 10:10 [5, 24, 75, 32, 85, 47, 23, -5]
fe: 3, se: 21

!ALNS------------
100000,2243.316508847734,952.337,933.404,3,21,0.8266666666666667,0.9523809523809523,42.0,6.0
26 16 32 5 0 0 6 0 
12.681947975411106 37.84710350343854 12.555954579054319 16.951259957923014 59.01471930011894 42.61038164963628 19.055377502043605 22.36621303550413 
16 8 7 7 14 6 18 9 
18.509377737992242 19.284536889819012 19.64156580266989 21.10636364646056 19.012360376381967 18.030992216265844 20.02155882932893 20.086633335229084 

x[3202] = 1.0
Vehicle: 13  Cost: 49.40
Route: 1 5 -5 -1 
 1 [ 75   0:  0 [47, 44, 51, 20, 9, 30, 14, 39, 43, 11, 59, 63, 45, 23, 71, 35, 62, 75, 24, 40, 32, 15, 50, 49, 34, 76, 18, 61, 64, 52]]
 5 [  0  25: 25 []]
-5 [ 53  25:409 [129, 105, 116, 114, 111, 130, 95, 119, 107, 112, 101, 89, 98, 104, 84, 121, 85, 120]]
-1 [ 53 434:434 [129, 105, 116, 114, 111, 130, 95, 119, 107, 112, 101, 89, 98, 104, 84, 121, 85, 120]]

x[4983] = 1.0
Vehicle: 11  Cost: 159.02
Route: 1 4 -4 -1 
 1 [ 75   0:  0 [6, 27, 31, 56, 46, 60, 12, 53, 10, 55, 68, 28, 81, 79, 58, 67, 19, 16, 36, 7, 73, 41, 33, 74, 13, 21, 25, 42, 65, 22, 57, 38, 77]]
 4 [  0  80: 80 []]
-4 [ 46  80:507 [96, 83, 117, 106, 86, 110, 103, 93, 124, 128, 91, 126, 127, 121, 97, 92, 108, 94]]
-1 [ 46 587:587 [96, 83, 117, 106, 86, 110, 103, 93, 124, 128, 91, 126, 127, 121, 97, 92, 108, 94]]

x[5186] = 1.0
Vehicle: 14  Cost: 104.31
Route: 1 5 2 -2 -1 
 1 [ 33   0:  0 [82, 26, 17, 72, 66, 78, 69, 29, 80, 37, 48, 54, 8, 70]]
 5 [ 28  25: 40 [82, 26, 17, 72, 66, 78, 69, 29, 80, 37, 48, 8]]
 2 [  0  67: 67 []]
-2 [ 30  67:479 [118, 125, 99, 88, 102, 115, 131, 100, 113, 123, 109, 87, 122, 90]]
-1 [ 30 531:531 [118, 125, 99, 88, 102, 115, 131, 100, 113, 123, 109, 87, 122, 90]]

y[753] = 1.0
Vehicle: 504  Cost: 88.15
Route: 5 14 50 30 75 76 -5 
  5 [10  25: 40]
 14 [ 8  52: 57]
 50 [ 7  68: 73]
 30 [ 6  74: 79]
 75 [ 4 180:185]
 76 [ 0 300:305]
 -5 [ 0 348:348]

y[796] = 1.0
Vehicle: 407  Cost: 108.14
Route: 4 38 36 96 86 16 126 77 -4 
  4 [10  80: 95]
 38 [ 7 132:137]
 36 [ 4 137:142]
 96 [ 6 151:156]
 86 [ 8 300:305]
 16 [ 5 305:310]
126 [ 6 324:329]
 77 [ 5 342:347]
 -4 [ 5 375:375]

y[2129] = 1.0
Vehicle: 506  Cost: 82.02
Route: 5 95 112 40 62 9 84 98 -5 
  5 [ 7  95:110]
 95 [ 8 131:136]
112 [10 154:159]
 40 [ 7 300:305]
 62 [ 6 312:317]
  9 [ 3 339:344]
 84 [ 6 344:349]
 98 [10 353:358]
 -5 [10 362:362]

y[2169] = 1.0
Vehicle: 504  Cost: 147.49
Route: 5 24 71 15 120 61 114 129 -5 
  5 [10  25: 40]
 24 [ 9  70: 75]
 71 [ 7 109:114]
 15 [ 4 133:138]
120 [ 7 156:161]
 61 [ 3 164:169]
114 [ 6 169:174]
129 [10 178:183]
 -5 [10 222:222]

y[2216] = 1.0
Vehicle: 201  Cost: 52.95
Route: 2 123 37 100 82 131 88 102 -2 
  2 [ 5 191:206]
123 [ 7 217:222]
 37 [ 6 224:229]
100 [ 7 229:234]
 82 [ 3 240:245]
131 [ 5 245:250]
 88 [ 8 300:305]
102 [ 9 310:315]
 -2 [ 9 341:341]

y[2306] = 1.0
Vehicle: 410  Cost: 86.19
Route: 4 33 117 19 7 110 58 -4 
  4 [ 9 122:137]
 33 [ 6 161:166]
117 [ 9 171:176]
 19 [ 8 300:305]
  7 [ 5 312:317]
110 [ 9 329:334]
 58 [ 7 334:339]
 -4 [ 7 365:365]

y[3164] = 1.0
Vehicle: 507  Cost: 138.47
Route: 5 44 34 35 49 -5 
  5 [10  25:160]
 44 [ 9 180:185]
 34 [ 5 300:305]
 35 [ 1 313:318]
 49 [ 0 329:334]
 -5 [ 0 391:391]

y[3186] = 1.0
Vehicle: 404  Cost: 85.41
Route: 4 73 124 108 53 74 27 92 -4 
  4 [10  80: 95]
 73 [ 6 137:142]
124 [ 8 142:147]
108 [10 420:425]
 53 [ 7 425:430]
 74 [ 5 438:443]
 27 [ 4 463:468]
 92 [ 6 468:473]
 -4 [ 6 488:488]

y[4038] = 1.0
Vehicle: 218  Cost: 32.25
Route: 2 72 122 66 118 115 -2 
  2 [ 6 270:288]
 72 [ 3 300:305]
122 [ 6 305:310]
 66 [ 3 314:319]
118 [ 6 319:324]
115 [ 7 420:425]
 -2 [ 7 439:439]

y[4218] = 1.0
Vehicle: 501  Cost: 108.27
Route: 5 23 47 85 32 119 70 130 -5 
  5 [ 9  25:159]
 23 [ 8 180:185]
 47 [ 6 205:210]
 85 [10 220:225]
 32 [ 6 231:236]
119 [ 7 300:305]
 70 [ 5 305:310]
130 [ 9 335:340]
 -5 [ 9 356:356]

y[6159] = 1.0
Vehicle: 505  Cost: 125.61
Route: 5 51 116 63 20 89 18 -5 
  5 [10  25:127]
 51 [ 8 180:185]
116 [10 194:199]
 63 [ 7 199:204]
 20 [ 5 209:214]
 89 [ 9 214:219]
 18 [ 6 300:305]
 -5 [ 6 357:357]

y[6757] = 1.0
Vehicle: 505  Cost: 97.80
Route: 5 64 121 52 107 54 -5 
  5 [ 9  25: 40]
 64 [ 6  68: 73]
121 [10  92: 97]
 52 [ 7 180:185]
107 [ 8 188:193]
 54 [ 5 300:305]
 -5 [ 5 325:325]

y[8113] = 1.0
Vehicle: 203  Cost: 93.65
Route: 2 125 26 48 78 80 87 17 -2 
  2 [ 8  67: 82]
125 [ 9 106:111]
 26 [ 8 122:127]
 48 [ 7 130:135]
 78 [ 6 300:305]
 80 [ 4 311:316]
 87 [ 8 344:349]
 17 [ 5 349:354]
 -2 [ 5 367:367]

y[9197] = 1.0
Vehicle: 405  Cost: 103.45
Route: 4 67 22 97 6 83 28 93 -4 
  4 [10  80:277]
 67 [ 8 300:305]
 22 [ 7 307:312]
 97 [ 9 332:337]
  6 [ 6 420:425]
 83 [10 425:430]
 28 [ 6 434:439]
 93 [ 8 439:444]
 -4 [ 8 490:490]

y[10548] = 1.0
Vehicle: 202  Cost: 128.04
Route: 2 113 69 29 109 8 90 99 -2 
  2 [ 9  67: 82]
113 [10 101:106]
 69 [ 6 127:132]
 29 [ 2 145:150]
109 [ 6 179:184]
  8 [ 5 195:200]
 90 [ 7 219:224]
 99 [ 9 226:231]
 -2 [ 9 245:245]

y[11416] = 1.0
Vehicle: 501  Cost: 55.68
Route: 5 43 104 11 59 111 -5 
  5 [10 176:191]
 43 [ 6 211:216]
104 [10 216:221]
 11 [ 6 235:240]
 59 [ 4 300:305]
111 [ 5 305:310]
 -5 [ 5 327:327]

y[11528] = 1.0
Vehicle: 401  Cost: 88.97
Route: 4 57 94 81 12 -4 
  4 [10  80: 95]
 57 [ 6 135:140]
 94 [10 145:150]
 81 [ 8 300:305]
 12 [ 4 420:425]
 -4 [ 4 457:457]

y[14002] = 1.0
Vehicle: 405  Cost: 38.17
Route: 4 56 103 42 41 13 -4 
  4 [ 9 103:118]
 56 [ 6 122:127]
103 [ 9 139:144]
 42 [ 8 144:149]
 41 [ 6 180:185]
 13 [ 3 300:305]
 -4 [ 3 318:318]

y[17201] = 1.0
Vehicle: 505  Cost: 48.58
Route: 5 45 105 39 101 -5 
  5 [ 5  95:110]
 45 [ 4 119:124]
105 [ 8 124:129]
 39 [ 4 149:154]
101 [ 8 154:159]
 -5 [ 8 178:178]

y[18934] = 1.0
Vehicle: 410  Cost: 103.23
Route: 4 60 21 91 25 55 68 31 -4 
  4 [ 8  80: 95]
 60 [ 6 121:126]
 21 [ 5 300:305]
 91 [ 7 305:310]
 25 [ 6 323:328]
 55 [ 5 339:344]
 68 [ 4 352:357]
 31 [ 2 368:373]
 -4 [ 2 393:393]

y[19837] = 1.0
Vehicle: 403  Cost: 101.15
Route: 4 65 106 46 127 79 128 10 -4 
  4 [ 9  80: 95]
 65 [ 6 120:125]
106 [ 8 138:143]
 46 [ 4 143:148]
127 [ 8 162:167]
 79 [ 7 167:172]
128 [ 8 182:187]
 10 [ 7 200:205]
 -4 [ 7 231:231]

FE: 3
SE: 21
!MIP-----
2226.3778615544547,5400.987732172012,0.02290127288981791,3,21,19706,20180

Run: 5
Total Cost: 2258.31
Vehicle: 11  Cost: 49.40
Route: 1 5 -5 -1 
 1 [ 75   0:  0 [70, 47, 11, 44, 14, 15, 59, 24, 30, 20, 63, 45, 50, 75, 82, 64, 37, 9, 39, 17, 62, 40, 61, 51, 76, 49, 35, 34, 71, 32, 23]]
 5 [  0  25: 25 []]
-5 [ 61  25:412 [116, 85, 119, 120, 84, 101, 102, 87, 130, 131, 129, 98, 89, 88, 105, 114, 123, 111, 104, 95, 100, 112]]
-1 [ 61 437:437 [116, 85, 119, 120, 84, 101, 102, 87, 130, 131, 129, 98, 89, 88, 105, 114, 123, 111, 104, 95, 100, 112]]

Vehicle: 12  Cost: 134.50
Route: 1 5 3 -3 -1 
 1 [ 36   0:  0 [25, 16, 69, 29, 66, 21, 38, 8, 60, 77, 54, 43, 72, 36]]
 5 [ 29  25: 40 [25, 16, 69, 29, 66, 21, 38, 8, 60, 77, 72, 36]]
 3 [  0  84: 84 []]
-3 [ 23  84:478 [109, 122, 96, 86, 118, 91, 113, 90, 115, 126, 99]]
-1 [ 23 544:544 [109, 122, 96, 86, 118, 91, 113, 90, 115, 126, 99]]

Vehicle: 13  Cost: 159.02
Route: 1 4 -4 -1 
 1 [ 72   0:  0 [42, 56, 79, 27, 74, 13, 73, 6, 55, 41, 48, 12, 65, 10, 52, 78, 26, 57, 53, 58, 68, 81, 22, 28, 7, 33, 67, 80, 18, 19, 31, 46]]
 4 [  0  80: 80 []]
-4 [ 41  80:500 [128, 110, 94, 103, 117, 125, 93, 106, 97, 83, 124, 92, 127, 107, 108, 121]]
-1 [ 41 579:579 [128, 110, 94, 103, 117, 125, 93, 106, 97, 83, 124, 92, 127, 107, 108, 121]]

Vehicle: 301  Cost: 33.68
Route: 3 115 72 122 118 66 -3 
  3 [ 6  84:405]
115 [ 7 420:425]
 72 [ 4 427:432]
122 [ 7 432:437]
118 [10 441:446]
 66 [ 7 446:451]
 -3 [ 7 463:463]

Vehicle: 302  Cost: 74.70
Route: 3 29 96 86 16 91 21 77 -3 
  3 [ 9  84: 99]
 29 [ 5 132:137]
 96 [ 7 137:142]
 86 [ 9 300:305]
 16 [ 6 305:310]
 91 [ 8 325:330]
 21 [ 7 330:335]
 77 [ 6 342:347]
 -3 [ 6 360:360]

Vehicle: 305  Cost: 75.96
Route: 3 36 38 60 25 -3 
  3 [ 9  84: 99]
 36 [ 6 136:141]
 38 [ 3 141:146]
 60 [ 1 157:162]
 25 [ 0 300:305]
 -3 [ 0 329:329]

Vehicle: 306  Cost: 125.11
Route: 3 69 109 8 90 99 113 126 -3 
  3 [ 5  84: 99]
 69 [ 1 121:126]
109 [ 5 145:150]
  8 [ 4 180:185]
 90 [ 6 204:209]
 99 [ 8 211:216]
113 [ 9 230:235]
126 [10 300:305]
 -3 [10 329:329]

Vehicle: 401  Cost: 63.11
Route: 4 56 10 33 117 41 103 42 -4 
  4 [10  80: 95]
 56 [ 7  98:103]
 10 [ 6 180:185]
 33 [ 3 189:194]
117 [ 6 198:203]
 41 [ 4 214:219]
103 [ 7 224:229]
 42 [ 6 229:234]
 -4 [ 6 247:247]

Vehicle: 402  Cost: 85.45
Route: 4 65 106 73 124 108 53 92 -4 
  4 [10  80: 95]
 65 [ 7 120:125]
106 [ 9 138:143]
 73 [ 5 147:152]
124 [ 7 152:157]
108 [ 9 420:425]
 53 [ 6 425:430]
 92 [ 8 457:462]
 -4 [ 8 478:478]

Vehicle: 403  Cost: 110.82
Route: 4 57 94 81 18 22 -4 
  4 [10  80: 95]
 57 [ 6 135:140]
 94 [10 145:150]
 81 [ 8 300:305]
 18 [ 5 318:323]
 22 [ 4 348:353]
 -4 [ 4 378:378]

Vehicle: 404  Cost: 111.90
Route: 4 46 127 79 128 7 19 -4 
  4 [ 9  80: 95]
 46 [ 5 133:138]
127 [ 9 151:156]
 79 [ 8 156:161]
128 [ 9 180:185]
  7 [ 6 300:305]
 19 [ 5 312:317]
 -4 [ 5 351:351]

Vehicle: 405  Cost: 66.51
Route: 4 121 12 67 -4 
  4 [ 6  80: 95]
121 [10 126:131]
 12 [ 6 420:425]
 67 [ 4 434:439]
 -4 [ 4 462:462]

Vehicle: 406  Cost: 80.17
Route: 4 48 26 125 107 52 80 78 -4 
  4 [ 8  80: 95]
 48 [ 7 114:119]
 26 [ 6 123:128]
125 [ 7 138:143]
107 [ 8 153:158]
 52 [ 5 180:185]
 80 [ 3 300:305]
 78 [ 2 311:316]
 -4 [ 2 340:340]

Vehicle: 407  Cost: 81.59
Route: 4 55 68 31 58 110 13 -4 
  4 [ 9  80:287]
 55 [ 8 300:305]
 68 [ 7 314:319]
 31 [ 5 330:335]
 58 [ 3 358:363]
110 [ 7 363:368]
 13 [ 4 380:385]
 -4 [ 4 398:398]

Vehicle: 408  Cost: 104.39
Route: 4 27 74 28 93 83 6 97 -4 
  4 [10  80:285]
 27 [ 9 300:305]
 74 [ 7 325:330]
 28 [ 3 345:350]
 93 [ 5 350:355]
 83 [ 9 420:425]
  6 [ 6 425:430]
 97 [ 8 439:444]
 -4 [ 8 485:485]

Vehicle: 501  Cost: 85.94
Route: 5 44 50 30 61 114 129 14 -5 
  5 [ 9  25:160]
 44 [ 8 180:185]
 50 [ 7 188:193]
 30 [ 6 194:199]
 61 [ 2 218:223]
114 [ 5 223:228]
129 [ 9 232:237]
 14 [ 7 264:269]
 -5 [ 7 281:281]

Vehicle: 502  Cost: 69.13
Route: 5 82 131 100 37 123 105 45 -5 
  5 [ 6  25: 40]
 82 [ 2  72: 77]
131 [ 4  77: 82]
100 [ 5 180:185]
 37 [ 4 185:190]
123 [ 6 192:197]
105 [10 217:222]
 45 [ 9 222:227]
 -5 [ 9 235:235]

Vehicle: 503  Cost: 61.12
Route: 5 95 11 111 59 9 84 98 -5 
  5 [ 9  25: 40]
 95 [10  61: 66]
 11 [ 6  76: 81]
111 [ 7 300:305]
 59 [ 5 305:310]
  9 [ 2 326:331]
 84 [ 5 331:336]
 98 [ 9 340:345]
 -5 [ 9 349:349]

Vehicle: 504  Cost: 106.86
Route: 5 43 104 112 40 62 102 88 -5 
  5 [ 8  25: 40]
 43 [ 4  59: 64]
104 [ 8  64: 69]
112 [10  87: 92]
 40 [ 7 300:305]
 62 [ 6 312:317]
102 [ 7 336:341]
 88 [10 346:351]
 -5 [10 384:384]

Vehicle: 505  Cost: 135.17
Route: 5 15 35 49 119 70 130 -5 
  5 [10  25: 40]
 15 [ 7  96:101]
 35 [ 3 300:305]
 49 [ 2 316:321]
119 [ 3 341:346]
 70 [ 1 346:351]
130 [ 5 376:381]
 -5 [ 5 397:397]

Vehicle: 506  Cost: 126.67
Route: 5 64 51 63 116 20 89 120 -5 
  5 [10  25: 40]
 64 [ 7  68: 73]
 51 [ 5 180:185]
 63 [ 2 194:199]
116 [ 4 199:204]
 20 [ 2 209:214]
 89 [ 6 214:219]
120 [ 9 230:235]
 -5 [ 9 280:280]

Vehicle: 508  Cost: 110.69
Route: 5 24 75 32 85 47 23 -5 
  5 [10  25: 40]
 24 [ 9  70: 75]
 75 [ 7 180:185]
 32 [ 3 196:201]
 85 [ 7 207:212]
 47 [ 5 222:227]
 23 [ 4 247:252]
 -5 [ 4 273:273]

Vehicle: 510  Cost: 146.86
Route: 5 71 34 76 -5 
  5 [10  25: 40]
 71 [ 8 102:107]
 34 [ 4 300:305]
 76 [ 0 324:329]
 -5 [ 0 372:372]

Vehicle: 513  Cost: 59.56
Route: 5 39 101 54 17 87 -5 
  5 [10  25: 41]
 39 [ 6  60: 65]
101 [10  65: 70]
 54 [ 7 300:305]
 17 [ 4 317:322]
 87 [ 8 322:327]
 -5 [ 8 345:345]

Total Cost: 2258.31
 11:49.40, 75:75 [1, 5, -5, -1]
 12:134.50, 36:75 [1, 5, 3, -3, -1]
 13:159.02, 72:75 [1, 4, -4, -1]
301:33.68, 10:10 [3, 115, 72, 122, 118, 66, -3]
302:74.70, 9:10 [3, 29, 96, 86, 16, 91, 21, 77, -3]
305:75.96, 9:10 [3, 36, 38, 60, 25, -3]
306:125.11, 10:10 [3, 69, 109, 8, 90, 99, 113, 126, -3]
401:63.11, 10:10 [4, 56, 10, 33, 117, 41, 103, 42, -4]
402:85.45, 10:10 [4, 65, 106, 73, 124, 108, 53, 92, -4]
403:110.82, 10:10 [4, 57, 94, 81, 18, 22, -4]
404:111.90, 9:10 [4, 46, 127, 79, 128, 7, 19, -4]
405:66.51, 10:10 [4, 121, 12, 67, -4]
406:80.17, 8:10 [4, 48, 26, 125, 107, 52, 80, 78, -4]
407:81.59, 9:10 [4, 55, 68, 31, 58, 110, 13, -4]
408:104.39, 10:10 [4, 27, 74, 28, 93, 83, 6, 97, -4]
501:85.94, 9:10 [5, 44, 50, 30, 61, 114, 129, 14, -5]
502:69.13, 10:10 [5, 82, 131, 100, 37, 123, 105, 45, -5]
503:61.12, 10:10 [5, 95, 11, 111, 59, 9, 84, 98, -5]
504:106.86, 10:10 [5, 43, 104, 112, 40, 62, 102, 88, -5]
505:135.17, 10:10 [5, 15, 35, 49, 119, 70, 130, -5]
506:126.67, 10:10 [5, 64, 51, 63, 116, 20, 89, 120, -5]
508:110.69, 10:10 [5, 24, 75, 32, 85, 47, 23, -5]
510:146.86, 10:10 [5, 71, 34, 76, -5]
513:59.56, 10:10 [5, 39, 101, 54, 17, 87, -5]
fe: 3, se: 21

!ALNS------------
100000,2258.306827938743,1085.387,736.938,3,21,0.8133333333333334,0.9666666666666667,42.0,6.0
23 18 16 8 0 0 12 1 
11.699884922960244 34.96911224855176 10.826578670585269 16.249492346184685 75.04834490820394 46.70592568063868 19.162511460848958 17.69036867471637 
7 10 10 12 10 9 16 4 
17.975684631920878 18.230793133080358 19.030627479519385 18.59387532498422 20.000113912934037 18.629507168811646 18.270120915586457 16.088976688334036 

x[403] = 1.0
Vehicle: 13  Cost: 159.02
Route: 1 4 -4 -1 
 1 [ 65   0:  0 [6, 53, 68, 73, 79, 55, 42, 65, 48, 57, 74, 78, 81, 56, 58, 19, 67, 7, 12, 41, 31, 33, 22, 80, 13, 10, 28, 46, 27]]
 4 [  0  80: 80 []]
-4 [ 39  80:505 [117, 121, 83, 106, 110, 94, 127, 103, 92, 93, 108, 124, 97, 128]]
-1 [ 39 584:584 [117, 121, 83, 106, 110, 94, 127, 103, 92, 93, 108, 124, 97, 128]]

x[10463] = 1.0
Vehicle: 12  Cost: 134.50
Route: 1 5 3 -3 -1 
 1 [ 44   0:  0 [16, 26, 72, 8, 29, 66, 36, 25, 21, 69, 61, 38, 52, 77, 60, 17, 39]]
 5 [ 33  25: 40 [16, 26, 72, 8, 29, 66, 36, 25, 21, 69, 38, 52, 77, 60]]
 3 [  0  84: 84 []]
-3 [ 25  84:478 [122, 125, 107, 96, 118, 115, 99, 90, 91, 109, 86, 126, 113]]
-1 [ 25 544:544 [122, 125, 107, 96, 118, 115, 99, 90, 91, 109, 86, 126, 113]]

x[13465] = 1.0000000000000016
Vehicle: 11  Cost: 49.40
Route: 1 5 -5 -1 
 1 [ 74   0:  0 [47, 40, 49, 59, 35, 24, 70, 75, 64, 20, 32, 18, 30, 44, 63, 71, 14, 82, 45, 62, 34, 11, 76, 43, 9, 15, 51, 50, 37, 23, 54]]
 5 [  0  25: 25 []]
-5 [ 61  25:409 [89, 129, 104, 120, 116, 111, 119, 114, 84, 101, 85, 130, 112, 88, 131, 123, 100, 105, 87, 98, 102, 95]]
-1 [ 61 434:434 [89, 129, 104, 120, 116, 111, 119, 114, 84, 101, 85, 130, 112, 88, 131, 123, 100, 105, 87, 98, 102, 95]]

y[528] = 1.0
Vehicle: 505  Cost: 82.02
Route: 5 95 112 40 62 9 84 98 -5 
  5 [ 7  25: 40]
 95 [ 8  61: 66]
112 [10  84: 89]
 40 [ 7 300:305]
 62 [ 6 312:317]
  9 [ 3 339:344]
 84 [ 6 344:349]
 98 [10 353:358]
 -5 [10 362:362]

y[850] = 1.0
Vehicle: 501  Cost: 88.15
Route: 5 14 50 30 75 76 -5 
  5 [10  25: 40]
 14 [ 8  52: 57]
 50 [ 7  68: 73]
 30 [ 6  74: 79]
 75 [ 4 180:185]
 76 [ 0 300:305]
 -5 [ 0 348:348]

y[919] = 1.0
Vehicle: 507  Cost: 55.68
Route: 5 43 104 11 59 111 -5 
  5 [10  25: 40]
 43 [ 6  59: 64]
104 [10  64: 69]
 11 [ 6  83: 88]
 59 [ 4 300:305]
111 [ 5 305:310]
 -5 [ 5 327:327]

y[2299] = 1.0
Vehicle: 510  Cost: 147.49
Route: 5 24 71 15 120 114 61 129 -5 
  5 [10  25: 40]
 24 [ 9  70: 75]
 71 [ 7 109:114]
 15 [ 4 133:138]
120 [ 7 156:161]
114 [10 164:169]
 61 [ 6 169:174]
129 [10 178:183]
 -5 [10 222:222]

y[2372] = 1.0
Vehicle: 502  Cost: 75.70
Route: 5 123 37 100 82 131 88 102 -5 
  5 [ 5  25: 40]
123 [ 7  66: 71]
 37 [ 6 180:185]
100 [ 7 185:190]
 82 [ 3 196:201]
131 [ 5 201:206]
 88 [ 8 300:305]
102 [ 9 310:315]
 -5 [ 9 347:347]

y[2817] = 1.0
Vehicle: 402  Cost: 85.45
Route: 4 65 106 73 124 53 108 92 -4 
  4 [10 103:118]
 65 [ 7 144:149]
106 [ 9 162:167]
 73 [ 5 171:176]
124 [ 7 176:181]
 53 [ 4 420:425]
108 [ 6 425:430]
 92 [ 8 457:462]
 -4 [ 8 478:478]

y[3172] = 1.0
Vehicle: 306  Cost: 125.11
Route: 3 69 109 8 90 99 113 126 -3 
  3 [ 5 110:125]
 69 [ 1 147:152]
109 [ 5 172:177]
  8 [ 4 188:193]
 90 [ 6 212:217]
 99 [ 8 219:224]
113 [ 9 238:243]
126 [10 300:305]
 -3 [10 329:329]

y[3259] = 1.0
Vehicle: 505  Cost: 138.47
Route: 5 44 34 35 49 -5 
  5 [10  25:160]
 44 [ 9 180:185]
 34 [ 5 300:305]
 35 [ 1 313:318]
 49 [ 0 329:334]
 -5 [ 0 391:391]

y[4324] = 1.0
Vehicle: 512  Cost: 108.27
Route: 5 23 47 85 32 119 70 130 -5 
  5 [ 9  25:159]
 23 [ 8 180:185]
 47 [ 6 205:210]
 85 [10 220:225]
 32 [ 6 231:236]
119 [ 7 300:305]
 70 [ 5 305:310]
130 [ 9 335:340]
 -5 [ 9 356:356]

y[6340] = 1.0
Vehicle: 506  Cost: 125.61
Route: 5 51 63 116 20 89 18 -5 
  5 [10  25:127]
 51 [ 8 180:185]
 63 [ 5 194:199]
116 [ 7 199:204]
 20 [ 5 209:214]
 89 [ 9 214:219]
 18 [ 6 300:305]
 -5 [ 6 357:357]

y[6569] = 0.9999999999999991
Vehicle: 403  Cost: 97.43
Route: 4 48 121 57 94 81 -4 
  4 [ 7  80: 95]
 48 [ 6 114:119]
121 [10 139:144]
 57 [ 6 156:161]
 94 [10 166:171]
 81 [ 8 300:305]
 -4 [ 8 344:344]

y[6663] = 1.0
Vehicle: 408  Cost: 104.39
Route: 4 27 74 28 93 6 83 97 -4 
  4 [10 103:285]
 27 [ 9 300:305]
 74 [ 7 325:330]
 28 [ 3 345:350]
 93 [ 5 350:355]
  6 [ 2 420:425]
 83 [ 6 425:430]
 97 [ 8 439:444]
 -4 [ 8 485:485]

y[8358] = 0.9999999999999992
Vehicle: 401  Cost: 56.96
Route: 4 56 103 42 31 68 55 -4 
  4 [ 8 103:148]
 56 [ 5 151:156]
103 [ 8 169:174]
 42 [ 7 174:179]
 31 [ 5 300:305]
 68 [ 4 316:321]
 55 [ 3 330:335]
 -4 [ 3 348:348]

y[8614] = 1.0
Vehicle: 505  Cost: 37.24
Route: 5 45 105 17 87 -5 
  5 [ 4  25: 40]
 45 [ 3  49: 54]
105 [ 7  54: 59]
 17 [ 4 300:305]
 87 [ 8 305:310]
 -5 [ 8 328:328]

y[8698] = 0.9999999999999992
Vehicle: 407  Cost: 61.08
Route: 4 41 33 117 58 110 13 -4 
  4 [10  80:165]
 41 [ 8 180:185]
 33 [ 5 199:204]
117 [ 8 208:213]
 58 [ 6 300:305]
110 [10 305:310]
 13 [ 7 322:327]
 -4 [ 7 341:341]

y[9722] = 1.0
Vehicle: 404  Cost: 118.21
Route: 4 10 46 79 127 128 7 19 -4 
  4 [10 133:154]
 10 [ 9 180:185]
 46 [ 5 204:209]
 79 [ 4 222:227]
127 [ 8 227:232]
128 [ 9 242:247]
  7 [ 6 300:305]
 19 [ 5 312:317]
 -4 [ 5 351:351]

y[10532] = 1.0
Vehicle: 518  Cost: 61.02
Route: 5 39 101 64 54 -5 
  5 [10  25: 41]
 39 [ 6  60: 65]
101 [10  65: 70]
 64 [ 7  79: 84]
 54 [ 4 300:305]
 -5 [ 4 325:325]

y[11248] = 1.0
Vehicle: 302  Cost: 74.70
Route: 3 29 96 16 86 21 91 77 -3 
  3 [ 9 117:132]
 29 [ 5 166:171]
 96 [ 7 171:176]
 16 [ 4 300:305]
 86 [ 6 305:310]
 21 [ 5 325:330]
 91 [ 7 330:335]
 77 [ 6 342:347]
 -3 [ 6 360:360]

y[15061] = 1.0
Vehicle: 305  Cost: 75.96
Route: 3 36 38 60 25 -3 
  3 [ 9 225:240]
 36 [ 6 277:282]
 38 [ 3 282:287]
 60 [ 1 299:304]
 25 [ 0 307:312]
 -3 [ 0 336:336]

y[16554] = 1.0
Vehicle: 409  Cost: 79.30
Route: 4 80 78 12 22 67 -4 
  4 [10 122:273]
 80 [ 8 300:305]
 78 [ 7 311:316]
 12 [ 3 420:425]
 22 [ 2 432:437]
 67 [ 0 439:444]
 -4 [ 0 467:467]

y[17327] = 1.0
Vehicle: 301  Cost: 67.45
Route: 3 26 52 107 125 115 72 122 66 118 -3 
  3 [10 110:125]
 26 [ 9 139:144]
 52 [ 6 180:185]
107 [ 7 188:193]
125 [ 8 203:208]
115 [ 9 420:425]
 72 [ 6 427:432]
122 [ 9 432:437]
 66 [ 6 441:446]
118 [ 9 446:451]
 -3 [ 9 463:463]

FE: 3
SE: 21
!MIP-----
2208.5922893156594,5400.481346130371,0.021528712301922593,3,21,23016,20644

