--Parameters Information--
speed=1
run=5
iteration= 100000
batch=100
restartPeriod=10000
largeRemovalOccurrence=500
initialLNS=250
lowerBoundSmallRemoval=4
smallRemoval=0.2
lowerBoundLargeRemoval=0.55
largeRemoval=0.8
initialWeight=1.0
decayRate=0.1
gamma1=9.0
gamma2=5.0
gamma3=2.0
gamma4=0.0
coolingRate=0.9995
temperatureControlParameter=0.05
initialAcceptanceProbability=0.5
perturbation=0.5
perturbationFactor=0.01
split=20000

Setup: Split
Data: B_100_6

Run: 1
Total Cost: 2038.52
Vehicle: 11  Cost: 80.92
Route: 1 2 -2 -1 
 1 [ 35   0:  0 [66, 70, 54, 65, 33, 35, 50, 59, 41, 72, 30, 71]]
 2 [  0  40: 40 []]
-2 [ 29  40:474 [114, 116, 123, 119, 95, 121, 99, 100, 125]]
-1 [ 29 515:515 [114, 116, 123, 119, 95, 121, 99, 100, 125]]

Vehicle: 12  Cost: 124.42
Route: 1 5 4 -4 -1 
 1 [ 74   0:  0 [10, 19, 51, 68, 27, 12, 78, 60, 14, 45, 40, 39, 8, 47, 11, 15, 73, 42, 69, 34, 52, 16, 31, 18, 26, 75, 17, 53, 74, 63, 32]]
 5 [ 69  28: 43 [10, 19, 51, 68, 27, 12, 78, 60, 40, 39, 8, 47, 11, 15, 73, 42, 69, 34, 52, 16, 31, 18, 26, 75, 17, 53, 74, 63, 32]]
 4 [  0  79: 79 []]
-4 [ 47  79:495 [122, 110, 101, 126, 118, 103, 87, 93, 94, 107, 80, 112, 98, 81, 82, 83, 115, 124, 117, 92]]
-1 [ 47 555:555 [122, 110, 101, 126, 118, 103, 87, 93, 94, 107, 80, 112, 98, 81, 82, 83, 115, 124, 117, 92]]

Vehicle: 13  Cost: 86.53
Route: 1 3 -3 -1 
 1 [ 69   0:  0 [24, 44, 29, 49, 57, 25, 21, 56, 62, 76, 37, 38, 28, 36, 64, 43, 46, 67, 20, 55, 7, 23, 22, 6, 61, 13, 9, 77, 58, 48]]
 3 [  0  43: 43 []]
-3 [ 45  43:531 [88, 96, 109, 91, 102, 113, 120, 111, 127, 105, 84, 106, 89, 79, 85, 90, 86, 97, 108, 104]]
-1 [ 45 574:574 [88, 96, 109, 91, 102, 113, 120, 111, 127, 105, 84, 106, 89, 79, 85, 90, 86, 97, 108, 104]]

Vehicle: 201  Cost: 73.48
Route: 2 71 121 30 99 -2 
  2 [ 6  40: 55]
 71 [ 4  74: 79]
121 [ 8 104:109]
 30 [ 4 300:305]
 99 [ 8 316:321]
 -2 [ 8 334:334]

Vehicle: 202  Cost: 47.30
Route: 2 123 66 65 33 -2 
  2 [ 6  40: 55]
123 [10  66: 71]
 66 [ 8  85: 90]
 65 [ 5  96:101]
 33 [ 4 300:305]
 -2 [ 4 314:314]

Vehicle: 203  Cost: 89.59
Route: 2 54 72 116 100 119 -2 
  2 [ 7  40: 55]
 54 [ 3  90: 95]
 72 [ 0 180:185]
116 [ 4 198:203]
100 [ 8 209:214]
119 [10 300:305]
 -2 [10 324:324]

Vehicle: 204  Cost: 37.06
Route: 2 50 125 35 95 -2 
  2 [ 7  40:166]
 50 [ 3 180:185]
125 [ 6 189:194]
 35 [ 3 300:305]
 95 [ 6 305:310]
 -2 [ 6 324:324]

Vehicle: 205  Cost: 81.46
Route: 2 70 59 114 41 -2 
  2 [ 9  40:276]
 70 [ 5 300:305]
 59 [ 4 318:323]
114 [ 5 323:328]
 41 [ 1 420:425]
 -2 [ 1 459:459]

Vehicle: 301  Cost: 44.47
Route: 3 62 91 29 77 -3 
  3 [ 4  43: 58]
 62 [ 3  76: 81]
 91 [ 7 180:185]
 29 [ 5 185:190]
 77 [ 4 300:305]
 -3 [ 4 313:313]

Vehicle: 302  Cost: 146.81
Route: 3 56 46 58 111 6 104 -3 
  3 [10  43: 58]
 56 [ 7 117:122]
 46 [ 5 141:146]
 58 [ 2 151:156]
111 [ 6 156:161]
  6 [ 4 180:185]
104 [ 8 220:225]
 -3 [ 8 238:238]

Vehicle: 303  Cost: 89.08
Route: 3 96 13 61 105 9 108 127 -3 
  3 [ 9  43: 58]
 96 [10  76: 81]
 13 [ 9  98:103]
 61 [ 5 112:117]
105 [ 7 125:130]
  9 [ 3 300:305]
108 [ 6 322:327]
127 [ 9 330:335]
 -3 [ 9 350:350]

Vehicle: 304  Cost: 115.01
Route: 3 25 88 79 89 28 57 49 -3 
  3 [10  43: 58]
 25 [ 6  84: 89]
 88 [ 7  89: 94]
 79 [ 8 111:116]
 89 [ 9 300:305]
 28 [ 7 305:310]
 57 [ 4 315:320]
 49 [ 3 347:352]
 -3 [ 3 381:381]

Vehicle: 305  Cost: 135.60
Route: 3 90 23 38 48 44 36 85 20 -3 
  3 [ 9  43: 58]
 90 [10  92: 97]
 23 [ 9 300:305]
 38 [ 8 311:316]
 48 [ 4 420:425]
 44 [ 3 430:435]
 36 [ 2 462:467]
 85 [ 5 471:476]
 20 [ 4 476:481]
 -3 [ 4 516:516]

Vehicle: 306  Cost: 116.43
Route: 3 76 21 7 84 64 120 -3 
  3 [ 9  43:255]
 76 [ 6 300:305]
 21 [ 5 314:319]
  7 [ 1 322:327]
 84 [ 4 331:336]
 64 [ 3 420:425]
120 [ 5 425:430]
 -3 [ 5 439:439]

Vehicle: 307  Cost: 32.93
Route: 3 43 97 37 -3 
  3 [ 8  43: 58]
 43 [ 4  64: 69]
 97 [ 6 300:305]
 37 [ 2 305:310]
 -3 [ 2 326:326]

Vehicle: 310  Cost: 103.18
Route: 3 24 113 55 109 67 106 22 86 102 -3 
  3 [10  43: 58]
 24 [ 8  77: 82]
113 [10 104:109]
 55 [ 7 120:125]
109 [ 8 125:130]
 67 [ 7 142:147]
106 [ 9 155:160]
 22 [ 5 300:305]
 86 [ 7 305:310]
102 [10 320:325]
 -3 [10 338:338]

Vehicle: 401  Cost: 38.43
Route: 4 74 117 63 47 103 87 -4 
  4 [10  79: 94]
 74 [ 7 113:118]
117 [ 9 120:125]
 63 [ 5 125:130]
 47 [ 2 300:305]
103 [ 6 305:310]
 87 [ 7 316:321]
 -4 [ 7 325:325]

Vehicle: 402  Cost: 4.00
Route: 4 40 101 -4 
  4 [ 1  79: 94]
 40 [ 0  96:101]
101 [ 4 101:106]
 -4 [ 4 108:108]

Vehicle: 403  Cost: 111.56
Route: 4 73 126 18 118 26 81 11 -4 
  4 [10  79: 94]
 73 [ 7 125:130]
126 [10 130:135]
 18 [ 7 147:152]
118 [ 8 180:185]
 26 [ 5 200:205]
 81 [ 9 300:305]
 11 [ 8 305:310]
 -4 [ 8 347:347]

Vehicle: 404  Cost: 56.00
Route: 4 32 92 19 8 53 -4 
  4 [10  79: 94]
 32 [ 6 109:114]
 92 [ 7 114:119]
 19 [ 5 128:133]
  8 [ 4 142:147]
 53 [ 1 300:305]
 -4 [ 1 325:325]

Vehicle: 405  Cost: 70.93
Route: 4 124 68 98 39 115 110 15 42 -4 
  4 [ 8  79: 94]
124 [10 112:117]
 68 [ 7 117:122]
 98 [10 125:130]
 39 [ 7 130:135]
115 [ 8 145:150]
110 [ 9 300:305]
 15 [ 8 309:314]
 42 [ 7 329:334]
 -4 [ 7 345:345]

Vehicle: 406  Cost: 79.92
Route: 4 60 31 16 82 34 93 52 107 -4 
  4 [10  79: 94]
 60 [ 8 103:108]
 31 [ 7 180:185]
 16 [ 6 200:205]
 82 [ 7 205:210]
 34 [ 5 217:222]
 93 [ 9 222:227]
 52 [ 5 300:305]
107 [ 8 305:310]
 -4 [ 8 336:336]

Vehicle: 407  Cost: 125.47
Route: 4 75 78 10 51 83 80 17 -4 
  4 [10  79: 94]
 75 [ 8 131:136]
 78 [ 5 151:156]
 10 [ 3 300:305]
 51 [ 1 309:314]
 83 [ 5 323:328]
 80 [ 6 420:425]
 17 [ 5 440:445]
 -4 [ 5 480:480]

Vehicle: 408  Cost: 126.88
Route: 4 69 27 12 112 122 94 -4 
  4 [10  79: 94]
 69 [ 6 139:144]
 27 [ 2 160:165]
 12 [ 0 171:176]
112 [ 4 188:193]
122 [ 6 300:305]
 94 [ 7 317:322]
 -4 [ 7 353:353]

Vehicle: 501  Cost: 21.07
Route: 5 45 14 -5 
  5 [ 5  28:290]
 45 [ 3 300:305]
 14 [ 0 308:313]
 -5 [ 0 321:321]

Total Cost: 2038.52
 11:80.92, 35:75 [1, 2, -2, -1]
 12:124.42, 74:75 [1, 5, 4, -4, -1]
 13:86.53, 69:75 [1, 3, -3, -1]
201:73.48, 8:10 [2, 71, 121, 30, 99, -2]
202:47.30, 10:10 [2, 123, 66, 65, 33, -2]
203:89.59, 10:10 [2, 54, 72, 116, 100, 119, -2]
204:37.06, 7:10 [2, 50, 125, 35, 95, -2]
205:81.46, 9:10 [2, 70, 59, 114, 41, -2]
301:44.47, 7:10 [3, 62, 91, 29, 77, -3]
302:146.81, 10:10 [3, 56, 46, 58, 111, 6, 104, -3]
303:89.08, 10:10 [3, 96, 13, 61, 105, 9, 108, 127, -3]
304:115.01, 10:10 [3, 25, 88, 79, 89, 28, 57, 49, -3]
305:135.60, 10:10 [3, 90, 23, 38, 48, 44, 36, 85, 20, -3]
306:116.43, 9:10 [3, 76, 21, 7, 84, 64, 120, -3]
307:32.93, 8:10 [3, 43, 97, 37, -3]
310:103.18, 10:10 [3, 24, 113, 55, 109, 67, 106, 22, 86, 102, -3]
401:38.43, 10:10 [4, 74, 117, 63, 47, 103, 87, -4]
402:4.00, 4:10 [4, 40, 101, -4]
403:111.56, 10:10 [4, 73, 126, 18, 118, 26, 81, 11, -4]
404:56.00, 10:10 [4, 32, 92, 19, 8, 53, -4]
405:70.93, 10:10 [4, 124, 68, 98, 39, 115, 110, 15, 42, -4]
406:79.92, 10:10 [4, 60, 31, 16, 82, 34, 93, 52, 107, -4]
407:125.47, 10:10 [4, 75, 78, 10, 51, 83, 80, 17, -4]
408:126.88, 10:10 [4, 69, 27, 12, 112, 122, 94, -4]
501:21.07, 5:10 [5, 45, 14, -5]
fe: 3, se: 22

!ALNS------------
100000,2038.5205053067466,425.142,98.662,3,22,0.7911111111111111,0.8954545454545455,40.666666666666664,5.545454545454546
15 17 18 6 0 1 6 0 
10.144888151841936 28.170113331379884 10.372646141185724 14.050464091344217 43.90314914845391 39.32844599539986 17.7737970026806 25.01656517495876 
13 11 8 6 10 6 8 1 
15.44096488013764 16.108109146356018 17.286452693957663 16.408621823858333 18.0017285834559 16.903031911796003 16.269359034573615 13.601396270999915 

x[57] = 1.0
Vehicle: 13  Cost: 86.53
Route: 1 3 -3 -1 
 1 [ 73   0:  0 [9, 49, 48, 20, 77, 22, 25, 13, 37, 7, 56, 6, 58, 46, 57, 69, 23, 21, 44, 64, 29, 67, 55, 36, 28, 38, 76, 52, 62, 43, 24]]
 3 [  0  43: 43 []]
-3 [ 46  43:548 [109, 90, 79, 84, 113, 86, 102, 89, 97, 85, 111, 107, 104, 127, 108, 96, 88, 106, 91, 120]]
-1 [ 46 591:591 [109, 90, 79, 84, 113, 86, 102, 89, 97, 85, 111, 107, 104, 127, 108, 96, 88, 106, 91, 120]]

x[1247] = 1.0
Vehicle: 11  Cost: 95.64
Route: 1 5 2 -2 -1 
 1 [ 37   0:  0 [41, 33, 35, 70, 30, 14, 45, 59, 54, 72, 71, 50, 66]]
 5 [ 23  28: 43 [33, 35, 30, 54, 72, 71, 50, 66]]
 2 [  0  70: 70 []]
-2 [ 28  70:349 [116, 125, 95, 119, 99, 121, 100, 123]]
-1 [ 28 390:390 [116, 125, 95, 119, 99, 121, 100, 123]]

x[11386] = 1.0
Vehicle: 12  Cost: 124.42
Route: 1 4 -4 -5 -1 
 1 [ 68   0:  0 [31, 8, 68, 32, 74, 73, 51, 39, 53, 11, 34, 12, 65, 16, 75, 27, 26, 42, 17, 61, 78, 18, 10, 47, 15, 19, 63, 60, 40]]
 4 [  0  60: 60 []]
-4 [ 46  60:529 [126, 122, 124, 103, 101, 105, 98, 118, 112, 83, 94, 115, 80, 81, 93, 82, 110, 117, 92, 87]]
-5 [ 47 565:580 [114, 126, 122, 124, 103, 101, 105, 98, 118, 112, 83, 94, 115, 80, 81, 93, 82, 110, 117, 92, 87]]
-1 [ 47 608:608 [126, 122, 124, 103, 101, 105, 98, 118, 112, 83, 94, 115, 114, 80, 81, 93, 82, 110, 117, 92, 87]]

y[2140] = 1.0
Vehicle: 304  Cost: 137.08
Route: 3 46 58 111 57 89 28 -3 
  3 [10  67: 82]
 46 [ 8 147:152]
 58 [ 5 157:162]
111 [ 9 162:167]
 57 [ 6 300:305]
 89 [ 7 310:315]
 28 [ 5 315:320]
 -3 [ 5 370:370]

y[2795] = 1.0
Vehicle: 407  Cost: 107.18
Route: 4 40 53 10 51 83 80 17 42 -4 
  4 [10 111:126]
 40 [ 9 128:133]
 53 [ 6 300:305]
 10 [ 4 318:323]
 51 [ 2 326:331]
 83 [ 6 341:346]
 80 [ 7 420:425]
 17 [ 6 440:445]
 42 [ 5 472:477]
 -4 [ 5 488:488]

y[2930] = 1.0
Vehicle: 408  Cost: 121.53
Route: 4 8 78 112 27 12 122 94 -4 
  4 [10 108:123]
  8 [ 9 146:151]
 78 [ 6 159:164]
112 [10 180:185]
 27 [ 6 199:204]
 12 [ 4 210:215]
122 [ 6 300:305]
 94 [ 7 317:322]
 -4 [ 7 353:353]

y[3666] = 1.0
Vehicle: 405  Cost: 32.77
Route: 4 60 65 47 103 87 -4 
  4 [ 8  79: 96]
 60 [ 6 105:110]
 65 [ 3 117:122]
 47 [ 0 300:305]
103 [ 4 305:310]
 87 [ 5 316:321]
 -4 [ 5 325:325]

y[3780] = 1.0
Vehicle: 408  Cost: 84.90
Route: 4 19 82 16 61 34 93 105 31 -4 
  4 [10  79: 94]
 19 [ 8 114:119]
 82 [ 9 130:135]
 16 [ 8 135:140]
 61 [ 4 148:153]
 34 [ 2 161:166]
 93 [ 6 166:171]
105 [ 8 173:178]
 31 [ 7 194:199]
 -4 [ 7 219:219]

y[4160] = 1.0
Vehicle: 302  Cost: 121.13
Route: 3 13 69 56 79 90 104 120 64 -3 
  3 [ 9  43: 58]
 13 [ 8  91: 96]
 69 [ 4 113:118]
 56 [ 1 129:134]
 79 [ 2 153:158]
 90 [ 3 164:169]
104 [ 7 190:195]
120 [ 9 420:425]
 64 [ 8 425:430]
 -3 [ 8 439:439]

y[4341] = 1.0
Vehicle: 203  Cost: 89.59
Route: 2 54 72 116 100 119 -2 
  2 [ 7 129:144]
 54 [ 3 179:184]
 72 [ 0 196:201]
116 [ 4 214:219]
100 [ 8 225:230]
119 [10 300:305]
 -2 [10 324:324]

y[5183] = 1.0
Vehicle: 201  Cost: 73.48
Route: 2 71 121 30 99 -2 
  2 [ 6 149:164]
 71 [ 4 182:187]
121 [ 8 212:217]
 30 [ 4 300:305]
 99 [ 8 316:321]
 -2 [ 8 334:334]

y[5367] = 1.0
Vehicle: 401  Cost: 48.94
Route: 4 63 117 74 68 124 101 -4 
  4 [10  79: 94]
 63 [ 6 111:116]
117 [ 8 116:121]
 74 [ 5 123:128]
 68 [ 2 139:144]
124 [ 4 144:149]
101 [ 8 166:171]
 -4 [ 8 173:173]

y[5814] = 1.0
Vehicle: 501  Cost: 54.46
Route: 5 70 59 114 41 -5 
  5 [ 9  28:283]
 70 [ 5 300:305]
 59 [ 4 318:323]
114 [ 5 323:328]
 41 [ 1 420:425]
 -5 [ 1 439:439]

y[6287] = 1.0
Vehicle: 402  Cost: 80.01
Route: 4 32 92 126 73 115 39 98 -4 
  4 [10  60: 75]
 32 [ 6  90: 95]
 92 [ 7  95:100]
126 [10 119:124]
 73 [ 7 124:129]
115 [ 8 145:150]
 39 [ 5 160:165]
 98 [ 8 165:170]
 -4 [ 8 190:190]

y[7467] = 1.0
Vehicle: 504  Cost: 21.07
Route: 5 14 45 -5 
  5 [ 5 569:584]
 14 [ 2 592:597]
 45 [ 0 600:605]
 -5 [ 0 615:615]

y[7964] = 1.0
Vehicle: 303  Cost: 71.73
Route: 3 96 9 107 52 108 127 -3 
  3 [ 8  67: 82]
 96 [ 9 100:105]
  9 [ 5 300:305]
107 [ 8 309:314]
 52 [ 4 314:319]
108 [ 7 338:343]
127 [10 346:351]
 -3 [10 365:365]

y[8061] = 1.0
Vehicle: 305  Cost: 135.83
Route: 3 49 23 38 48 44 36 85 20 -3 
  3 [10  43:271]
 49 [ 9 300:305]
 23 [ 8 329:334]
 38 [ 7 340:345]
 48 [ 3 420:425]
 44 [ 2 430:435]
 36 [ 1 462:467]
 85 [ 4 471:476]
 20 [ 3 476:481]
 -3 [ 3 516:516]

y[8538] = 1.0
Vehicle: 204  Cost: 37.06
Route: 2 50 125 35 95 -2 
  2 [ 7 174:189]
 50 [ 3 203:208]
125 [ 6 212:217]
 35 [ 3 300:305]
 95 [ 6 305:310]
 -2 [ 6 324:324]

y[13228] = 1.0
Vehicle: 301  Cost: 119.69
Route: 3 6 7 84 21 76 -3 
  3 [10  43:132]
  6 [ 8 180:185]
  7 [ 4 300:305]
 84 [ 7 309:314]
 21 [ 6 321:326]
 76 [ 3 334:339]
 -3 [ 3 385:385]

y[13543] = 1.0
Vehicle: 403  Cost: 123.19
Route: 4 75 18 118 26 11 81 110 15 -4 
  4 [10 111:126]
 75 [ 8 163:168]
 18 [ 5 176:181]
118 [ 6 192:197]
 26 [ 3 213:218]
 11 [ 2 300:305]
 81 [ 6 305:310]
110 [ 7 326:331]
 15 [ 6 336:341]
 -4 [ 6 366:366]

y[15128] = 1.0
Vehicle: 301  Cost: 56.41
Route: 3 29 91 62 22 86 102 77 -3 
  3 [ 8  43:162]
 29 [ 6 180:185]
 91 [10 185:190]
 62 [ 9 198:203]
 22 [ 5 300:305]
 86 [ 7 305:310]
102 [10 320:325]
 77 [ 9 331:336]
 -3 [ 9 345:345]

y[16639] = 1.0
Vehicle: 310  Cost: 92.77
Route: 3 43 24 113 55 109 67 106 -3 
  3 [10  67: 82]
 43 [ 6  88: 93]
 24 [ 4 108:113]
113 [ 6 135:140]
 55 [ 3 151:156]
109 [ 4 156:161]
 67 [ 3 173:178]
106 [ 5 186:191]
 -3 [ 5 210:210]

y[18313] = 1.0
Vehicle: 304  Cost: 53.95
Route: 3 88 25 37 97 -3 
  3 [ 8  67: 82]
 88 [ 9 108:113]
 25 [ 5 113:118]
 37 [ 1 300:305]
 97 [ 3 305:310]
 -3 [ 3 326:326]

y[19152] = 1.0
Vehicle: 202  Cost: 36.44
Route: 2 123 66 33 -2 
  2 [ 3 149:164]
123 [ 7 174:179]
 66 [ 5 193:198]
 33 [ 4 300:305]
 -2 [ 4 314:314]

FE: 3
SE: 21
!MIP-----
2005.801929305202,4677.336925983429,9.712344347765174E-5,3,21,13047,19293

Run: 2
Total Cost: 2040.12
Vehicle: 11  Cost: 86.53
Route: 1 3 -3 -1 
 1 [ 62   0:  0 [76, 23, 36, 38, 49, 21, 25, 24, 27, 7, 12, 61, 48, 57, 6, 64, 43, 44, 46, 56, 58, 69, 28, 13, 37]]
 3 [  0  43: 43 []]
-3 [ 27  43:526 [111, 88, 122, 97, 79, 94, 84, 104, 120, 90, 96, 89, 112]]
-1 [ 27 569:569 [111, 88, 122, 97, 79, 94, 84, 104, 120, 90, 96, 89, 112]]

Vehicle: 12  Cost: 131.56
Route: 1 2 4 -4 -2 -1 
 1 [ 74   0:  0 [74, 47, 17, 40, 66, 32, 68, 19, 8, 75, 33, 20, 11, 18, 10, 26, 53, 39, 16, 71, 65, 50, 63, 51, 73, 30, 34, 78, 15, 42, 60, 35]]
 2 [ 67  40: 55 [74, 47, 17, 40, 66, 32, 68, 19, 8, 75, 33, 20, 11, 18, 10, 26, 53, 39, 16, 71, 65, 63, 51, 73, 30, 34, 78, 15, 42, 60]]
 4 [  0  81: 81 []]
-4 [ 54  81:495 [105, 80, 126, 101, 118, 98, 124, 92, 103, 85, 83, 81, 99, 82, 117, 121, 115, 110, 93, 123, 87]]
-2 [ 60 520:535 [125, 105, 80, 126, 101, 118, 98, 124, 92, 103, 85, 83, 81, 99, 82, 117, 121, 115, 110, 93, 123, 87, 95]]
-1 [ 60 576:576 [105, 80, 126, 101, 118, 98, 124, 92, 103, 85, 83, 81, 99, 82, 117, 121, 115, 110, 125, 93, 123, 87, 95]]

Vehicle: 13  Cost: 56.04
Route: 1 5 -5 -1 
 1 [ 42   0:  0 [52, 31, 67, 55, 77, 45, 9, 22, 14, 62, 54, 41, 72, 59, 70, 29]]
 5 [  0  28: 28 []]
-5 [ 34  28:454 [127, 113, 102, 91, 106, 116, 100, 107, 109, 119, 114, 86, 108]]
-1 [ 34 482:482 [127, 113, 102, 91, 106, 116, 100, 107, 109, 119, 114, 86, 108]]

Vehicle: 201  Cost: 37.06
Route: 2 50 125 95 35 -2 
  2 [ 7  40:166]
 50 [ 3 180:185]
125 [ 6 189:194]
 95 [ 9 300:305]
 35 [ 6 305:310]
 -2 [ 6 324:324]

Vehicle: 301  Cost: 75.98
Route: 3 24 25 88 37 97 -3 
  3 [10  43: 58]
 24 [ 8  77: 82]
 25 [ 4 111:116]
 88 [ 5 116:121]
 37 [ 1 300:305]
 97 [ 3 305:310]
 -3 [ 3 326:326]

Vehicle: 302  Cost: 137.08
Route: 3 46 58 111 57 28 89 -3 
  3 [10  43: 58]
 46 [ 8 123:128]
 58 [ 5 133:138]
111 [ 9 138:143]
 57 [ 6 300:305]
 28 [ 4 310:315]
 89 [ 5 315:320]
 -3 [ 5 370:370]

Vehicle: 303  Cost: 107.77
Route: 3 96 13 61 69 79 90 104 -3 
  3 [ 9  43: 58]
 96 [10  76: 81]
 13 [ 9  98:103]
 61 [ 5 112:117]
 69 [ 1 129:134]
 79 [ 2 146:151]
 90 [ 3 157:162]
104 [ 7 183:188]
 -3 [ 7 201:201]

Vehicle: 304  Cost: 119.69
Route: 3 6 7 84 21 76 -3 
  3 [10  43:132]
  6 [ 8 180:185]
  7 [ 4 300:305]
 84 [ 7 309:314]
 21 [ 6 321:326]
 76 [ 3 334:339]
 -3 [ 3 385:385]

Vehicle: 305  Cost: 149.30
Route: 3 56 27 12 112 122 94 36 -3 
  3 [10  43: 58]
 56 [ 7 117:122]
 27 [ 3 128:133]
 12 [ 1 139:144]
112 [ 5 156:161]
122 [ 7 300:305]
 94 [ 8 317:322]
 36 [ 7 420:425]
 -3 [ 7 464:464]

Vehicle: 306  Cost: 128.91
Route: 3 49 44 48 38 23 64 120 -3 
  3 [ 9  43:271]
 49 [ 8 300:305]
 44 [ 7 334:339]
 48 [ 3 420:425]
 38 [ 2 431:436]
 23 [ 1 442:447]
 64 [ 0 491:496]
120 [ 2 496:501]
 -3 [ 2 511:511]

Vehicle: 307  Cost: 11.66
Route: 3 43 -3 
  3 [ 4  43: 58]
 43 [ 0  64: 69]
 -3 [ 0  75: 75]

Vehicle: 401  Cost: 74.65
Route: 4 32 19 16 82 105 93 34 20 85 -4 
  4 [10  81: 96]
 32 [ 6 111:116]
 19 [ 4 125:130]
 16 [ 3 140:145]
 82 [ 4 145:150]
105 [ 6 156:161]
 93 [10 163:168]
 34 [ 8 168:173]
 20 [ 7 300:305]
 85 [10 305:310]
 -4 [10 341:341]

Vehicle: 402  Cost: 123.19
Route: 4 75 18 118 26 11 81 110 15 -4 
  4 [10  81: 96]
 75 [ 8 133:138]
 18 [ 5 146:151]
118 [ 6 180:185]
 26 [ 3 200:205]
 11 [ 2 300:305]
 81 [ 6 305:310]
110 [ 7 326:331]
 15 [ 6 336:341]
 -4 [ 6 366:366]

Vehicle: 403  Cost: 111.51
Route: 4 65 71 121 30 99 87 -4 
  4 [ 9  81: 96]
 65 [ 6 105:110]
 71 [ 4 133:138]
121 [ 8 163:168]
 30 [ 4 300:305]
 99 [ 8 316:321]
 87 [ 9 354:359]
 -4 [ 9 363:363]

Vehicle: 404  Cost: 77.38
Route: 4 60 66 123 33 47 103 42 -4 
  4 [ 9  81: 96]
 60 [ 7 105:110]
 66 [ 5 116:121]
123 [ 9 135:140]
 33 [ 8 300:305]
 47 [ 5 319:324]
103 [ 9 324:329]
 42 [ 8 339:344]
 -4 [ 8 355:355]

Vehicle: 405  Cost: 81.93
Route: 4 39 98 115 73 126 53 -4 
  4 [ 9  81: 96]
 39 [ 6 116:121]
 98 [ 9 121:126]
115 [10 136:141]
 73 [ 7 157:162]
126 [10 162:167]
 53 [ 7 300:305]
 -4 [ 7 325:325]

Vehicle: 407  Cost: 48.94
Route: 4 63 117 74 68 124 101 -4 
  4 [10  81: 96]
 63 [ 6 113:118]
117 [ 8 118:123]
 74 [ 5 125:130]
 68 [ 2 141:146]
124 [ 4 146:151]
101 [ 8 168:173]
 -4 [ 8 175:175]

Vehicle: 408  Cost: 105.12
Route: 4 40 92 8 78 10 51 83 80 17 -4 
  4 [10  81: 96]
 40 [ 9  98:103]
 92 [10 116:121]
  8 [ 9 129:134]
 78 [ 6 142:147]
 10 [ 4 300:305]
 51 [ 2 309:314]
 83 [ 6 323:328]
 80 [ 7 420:425]
 17 [ 6 440:445]
 -4 [ 6 480:480]

Vehicle: 501  Cost: 77.04
Route: 5 31 52 107 9 108 127 -5 
  5 [ 9  28:156]
 31 [ 8 180:185]
 52 [ 4 300:305]
107 [ 7 305:310]
  9 [ 3 314:319]
108 [ 6 336:341]
127 [ 9 344:349]
 -5 [ 9 367:367]

Vehicle: 502  Cost: 53.06
Route: 5 29 91 77 14 45 -5 
  5 [ 8  28:169]
 29 [ 6 180:185]
 91 [10 185:190]
 77 [ 9 300:305]
 14 [ 6 324:329]
 45 [ 4 332:337]
 -5 [ 4 347:347]

Vehicle: 504  Cost: 54.46
Route: 5 70 114 59 41 -5 
  5 [ 9  28:283]
 70 [ 5 300:305]
114 [ 6 318:323]
 59 [ 5 323:328]
 41 [ 1 420:425]
 -5 [ 1 439:439]

Vehicle: 505  Cost: 100.51
Route: 5 62 67 109 55 113 106 22 86 102 -5 
  5 [ 9  28: 43]
 62 [ 8  62: 67]
 67 [ 7  80: 85]
109 [ 8  97:102]
 55 [ 5 102:107]
113 [ 7 118:123]
106 [ 9 131:136]
 22 [ 5 300:305]
 86 [ 7 305:310]
102 [10 320:325]
 -5 [10 344:344]

Vehicle: 506  Cost: 90.75
Route: 5 54 72 116 100 119 -5 
  5 [ 7  28: 43]
 54 [ 3  69: 74]
 72 [ 0 180:185]
116 [ 4 198:203]
100 [ 8 209:214]
119 [10 300:305]
 -5 [10 334:334]

Total Cost: 2040.12
 11:86.53, 62:75 [1, 3, -3, -1]
 12:131.56, 74:75 [1, 2, 4, -4, -2, -1]
 13:56.04, 42:75 [1, 5, -5, -1]
201:37.06, 9:10 [2, 50, 125, 95, 35, -2]
301:75.98, 10:10 [3, 24, 25, 88, 37, 97, -3]
302:137.08, 10:10 [3, 46, 58, 111, 57, 28, 89, -3]
303:107.77, 10:10 [3, 96, 13, 61, 69, 79, 90, 104, -3]
304:119.69, 10:10 [3, 6, 7, 84, 21, 76, -3]
305:149.30, 10:10 [3, 56, 27, 12, 112, 122, 94, 36, -3]
306:128.91, 9:10 [3, 49, 44, 48, 38, 23, 64, 120, -3]
307:11.66, 4:10 [3, 43, -3]
401:74.65, 10:10 [4, 32, 19, 16, 82, 105, 93, 34, 20, 85, -4]
402:123.19, 10:10 [4, 75, 18, 118, 26, 11, 81, 110, 15, -4]
403:111.51, 9:10 [4, 65, 71, 121, 30, 99, 87, -4]
404:77.38, 9:10 [4, 60, 66, 123, 33, 47, 103, 42, -4]
405:81.93, 10:10 [4, 39, 98, 115, 73, 126, 53, -4]
407:48.94, 10:10 [4, 63, 117, 74, 68, 124, 101, -4]
408:105.12, 10:10 [4, 40, 92, 8, 78, 10, 51, 83, 80, 17, -4]
501:77.04, 9:10 [5, 31, 52, 107, 9, 108, 127, -5]
502:53.06, 10:10 [5, 29, 91, 77, 14, 45, -5]
504:54.46, 9:10 [5, 70, 114, 59, 41, -5]
505:100.51, 10:10 [5, 62, 67, 109, 55, 113, 106, 22, 86, 102, -5]
506:90.75, 10:10 [5, 54, 72, 116, 100, 119, -5]
fe: 3, se: 20

!ALNS------------
100000,2040.1189831435518,478.536,314.41,3,20,0.7911111111111111,0.94,40.666666666666664,6.1
21 16 12 10 0 0 10 0 
10.632096361921153 31.39350112878527 10.98511795657512 13.911293969522537 58.22760752012191 33.9890387787911 18.09003188040234 42.46312328783226 
4 8 6 11 6 6 22 6 
17.24270587320389 16.860144812085682 16.35214025928581 17.25519127981687 18.950580480622893 17.34003935545441 17.519979267355495 20.374985540808115 

x[37] = 1.0
Vehicle: 13  Cost: 56.04
Route: 1 5 -5 -1 
 1 [ 42   0:  0 [67, 41, 52, 72, 29, 59, 54, 9, 55, 62, 31, 45, 77, 22, 70, 14]]
 5 [  0  28: 28 []]
-5 [ 39  28:454 [86, 116, 91, 100, 127, 102, 107, 114, 96, 123, 119, 106, 113, 109, 108]]
-1 [ 39 482:482 [86, 116, 91, 100, 127, 102, 107, 114, 96, 123, 119, 106, 113, 109, 108]]

x[1300] = 1.0
Vehicle: 11  Cost: 86.53
Route: 1 3 -3 -1 
 1 [ 62   0:  0 [58, 61, 64, 44, 6, 23, 57, 21, 56, 7, 13, 27, 25, 37, 48, 46, 28, 69, 76, 38, 36, 49, 24, 12, 43]]
 3 [  0  43: 43 []]
-3 [ 30  43:546 [111, 89, 88, 104, 97, 79, 90, 122, 112, 94, 85, 96, 84, 120]]
-1 [ 30 590:590 [111, 89, 88, 104, 97, 79, 90, 122, 112, 94, 85, 96, 84, 120]]

x[8671] = 1.0
Vehicle: 12  Cost: 131.56
Route: 1 2 4 -4 -2 -1 
 1 [ 74   0:  0 [50, 35, 42, 63, 60, 34, 47, 30, 32, 40, 17, 78, 11, 66, 26, 75, 20, 73, 74, 65, 19, 16, 8, 53, 18, 39, 10, 71, 15, 51, 68, 33]]
 2 [ 67  40: 55 [42, 63, 60, 34, 47, 30, 32, 40, 17, 78, 11, 66, 26, 75, 20, 73, 74, 65, 19, 16, 8, 53, 18, 39, 10, 71, 15, 51, 68, 33]]
 4 [  0  81: 81 []]
-4 [ 47  81:522 [126, 98, 124, 93, 83, 103, 105, 82, 92, 99, 121, 115, 117, 87, 81, 118, 110, 80, 101]]
-2 [ 53 548:563 [125, 126, 98, 124, 93, 83, 103, 105, 82, 92, 99, 121, 95, 115, 117, 87, 81, 118, 110, 80, 101]]
-1 [ 53 603:603 [125, 126, 98, 124, 93, 83, 103, 105, 82, 92, 99, 121, 95, 115, 117, 87, 81, 118, 110, 80, 101]]

y[34] = 1.0
Vehicle: 501  Cost: 77.04
Route: 5 31 52 107 9 108 127 -5 
  5 [ 9  83:156]
 31 [ 8 180:185]
 52 [ 4 300:305]
107 [ 7 305:310]
  9 [ 3 314:319]
108 [ 6 336:341]
127 [ 9 344:349]
 -5 [ 9 367:367]

y[236] = 1.0
Vehicle: 502  Cost: 22.36
Route: 5 91 29 -5 
  5 [ 2 215:230]
 91 [ 6 241:246]
 29 [ 4 246:251]
 -5 [ 4 262:262]

y[3707] = 1.0
Vehicle: 408  Cost: 107.77
Route: 4 8 78 10 51 83 80 17 42 -4 
  4 [10  95:110]
  8 [ 9 133:138]
 78 [ 6 146:151]
 10 [ 4 300:305]
 51 [ 2 309:314]
 83 [ 6 323:328]
 80 [ 7 420:425]
 17 [ 6 440:445]
 42 [ 5 472:477]
 -4 [ 5 488:488]

y[4318] = 1.0
Vehicle: 405  Cost: 83.12
Route: 4 40 39 98 115 73 126 53 -4 
  4 [10  81: 96]
 40 [ 9  98:103]
 39 [ 6 122:127]
 98 [ 9 127:132]
115 [10 142:147]
 73 [ 7 163:168]
126 [10 168:173]
 53 [ 7 300:305]
 -4 [ 7 325:325]

y[5838] = 1.0
Vehicle: 504  Cost: 43.52
Route: 5 123 45 14 -5 
  5 [ 5  28: 43]
123 [ 9  60: 65]
 45 [ 7 300:305]
 14 [ 4 308:313]
 -5 [ 4 321:321]

y[5850] = 1.0
Vehicle: 505  Cost: 54.46
Route: 5 70 114 59 41 -5 
  5 [ 9  28:283]
 70 [ 5 300:305]
114 [ 6 318:323]
 59 [ 5 323:328]
 41 [ 1 420:425]
 -5 [ 1 439:439]

y[9530] = 1.0
Vehicle: 302  Cost: 153.28
Route: 3 24 58 111 46 57 -3 
  3 [10  43: 58]
 24 [ 8  77: 82]
 58 [ 5 145:150]
111 [ 9 150:155]
 46 [ 7 160:165]
 57 [ 4 300:305]
 -3 [ 4 360:360]

y[9555] = 1.0
Vehicle: 303  Cost: 107.77
Route: 3 96 13 61 69 79 90 104 -3 
  3 [ 9  43: 58]
 96 [10  76: 81]
 13 [ 9  98:103]
 61 [ 5 112:117]
 69 [ 1 129:134]
 79 [ 2 146:151]
 90 [ 3 157:162]
104 [ 7 183:188]
 -3 [ 7 201:201]

y[11153] = 1.0
Vehicle: 501  Cost: 90.75
Route: 5 54 72 116 100 119 -5 
  5 [ 7 111:126]
 54 [ 3 152:157]
 72 [ 0 180:185]
116 [ 4 198:203]
100 [ 8 209:214]
119 [10 300:305]
 -5 [10 334:334]

y[11636] = 1.0
Vehicle: 304  Cost: 55.70
Route: 3 88 25 97 37 120 64 -3 
  3 [ 9  43: 58]
 88 [10  84: 89]
 25 [ 6  89: 94]
 97 [ 8 300:305]
 37 [ 4 305:310]
120 [ 6 420:425]
 64 [ 5 425:430]
 -3 [ 5 439:439]

y[12634] = 1.0
Vehicle: 202  Cost: 37.06
Route: 2 50 125 35 95 -2 
  2 [ 7 210:225]
 50 [ 3 239:244]
125 [ 6 248:253]
 35 [ 3 300:305]
 95 [ 6 305:310]
 -2 [ 6 324:324]

y[13877] = 1.0
Vehicle: 403  Cost: 111.89
Route: 4 71 121 30 99 33 87 -4 
  4 [ 7  81: 96]
 71 [ 5 127:132]
121 [ 9 157:162]
 30 [ 5 300:305]
 99 [ 9 316:321]
 33 [ 8 343:348]
 87 [ 9 361:366]
 -4 [ 9 370:370]

y[13885] = 1.0
Vehicle: 401  Cost: 74.65
Route: 4 32 92 19 82 16 105 34 93 20 -4 
  4 [10  81: 96]
 32 [ 6 111:116]
 92 [ 7 116:121]
 19 [ 5 130:135]
 82 [ 6 145:150]
 16 [ 5 150:155]
105 [ 7 161:166]
 34 [ 5 168:173]
 93 [ 9 173:178]
 20 [ 8 300:305]
 -4 [ 8 336:336]

y[14850] = 1.0
Vehicle: 305  Cost: 149.43
Route: 3 56 27 12 112 122 94 36 85 -3 
  3 [10  43: 58]
 56 [ 7 117:122]
 27 [ 3 128:133]
 12 [ 1 139:144]
112 [ 5 156:161]
122 [ 7 300:305]
 94 [ 8 317:322]
 36 [ 7 420:425]
 85 [10 429:434]
 -3 [10 469:469]

y[15952] = 1.0
Vehicle: 402  Cost: 123.19
Route: 4 75 18 118 26 81 11 110 15 -4 
  4 [10 134:149]
 75 [ 8 186:191]
 18 [ 5 200:205]
118 [ 6 216:221]
 26 [ 3 236:241]
 81 [ 7 300:305]
 11 [ 6 305:310]
110 [ 7 326:331]
 15 [ 6 336:341]
 -4 [ 6 366:366]

y[16382] = 1.0
Vehicle: 304  Cost: 11.66
Route: 3 43 -3 
  3 [ 4  43: 58]
 43 [ 0  64: 69]
 -3 [ 0  75: 75]

y[16666] = 1.0
Vehicle: 302  Cost: 119.69
Route: 3 6 7 84 21 76 -3 
  3 [10 125:140]
  6 [ 8 188:193]
  7 [ 4 300:305]
 84 [ 7 309:314]
 21 [ 6 321:326]
 76 [ 3 334:339]
 -3 [ 3 385:385]

y[16743] = 1.0
Vehicle: 505  Cost: 112.82
Route: 5 62 67 55 109 113 106 22 86 77 102 -5 
  5 [10  83: 98]
 62 [ 9 117:122]
 67 [ 8 135:140]
 55 [ 5 151:156]
109 [ 6 156:161]
113 [ 8 173:178]
106 [10 185:190]
 22 [ 6 300:305]
 86 [ 8 305:310]
 77 [ 7 326:331]
102 [10 337:342]
 -5 [10 362:362]

y[16997] = 1.0
Vehicle: 407  Cost: 48.94
Route: 4 63 117 74 68 124 101 -4 
  4 [10  95:110]
 63 [ 6 127:132]
117 [ 8 132:137]
 74 [ 5 139:144]
 68 [ 2 155:160]
124 [ 4 160:165]
101 [ 8 182:187]
 -4 [ 8 189:189]

y[17062] = 1.0
Vehicle: 403  Cost: 38.07
Route: 4 60 66 65 103 47 -4 
  4 [10 116:131]
 60 [ 8 140:145]
 66 [ 6 152:157]
 65 [ 3 163:168]
103 [ 7 300:305]
 47 [ 4 305:310]
 -4 [ 4 319:319]

y[17892] = 1.0
Vehicle: 302  Cost: 129.41
Route: 3 49 89 28 23 38 48 44 -3 
  3 [10  43:271]
 49 [ 9 300:305]
 89 [10 327:332]
 28 [ 8 332:337]
 23 [ 7 340:345]
 38 [ 6 351:356]
 48 [ 2 420:425]
 44 [ 1 430:435]
 -3 [ 1 493:493]

FE: 3
SE: 21
!MIP-----
2026.7119649819235,5409.433742046356,0.0171642346948056,3,21,8741,19357

Run: 3
Total Cost: 2029.32
Vehicle: 11  Cost: 80.92
Route: 1 2 -2 -1 
 1 [ 28   0:  0 [30, 72, 33, 35, 71, 50, 54, 60, 65, 66]]
 2 [  0  40: 40 []]
-2 [ 28  40:349 [116, 125, 99, 95, 119, 121, 100, 123]]
-1 [ 28 390:390 [116, 125, 99, 95, 119, 121, 100, 123]]

Vehicle: 12  Cost: 128.51
Route: 1 5 4 -4 -5 -1 
 1 [ 75   0:  0 [11, 51, 75, 8, 47, 40, 34, 16, 45, 17, 68, 59, 12, 61, 10, 39, 78, 36, 70, 27, 26, 73, 32, 15, 53, 20, 14, 42, 18, 63, 74, 19, 31]]
 5 [ 65  28: 43 [11, 51, 75, 8, 47, 40, 34, 16, 17, 68, 12, 61, 10, 39, 78, 36, 27, 26, 73, 32, 15, 53, 20, 42, 18, 63, 74, 19, 31]]
 4 [  0  79: 79 []]
-4 [ 49  79:495 [124, 82, 83, 101, 103, 112, 81, 115, 92, 94, 98, 126, 87, 110, 118, 105, 93, 80, 122, 85, 117]]
-5 [ 50 531:546 [114, 124, 82, 83, 101, 103, 112, 81, 115, 92, 94, 98, 126, 87, 110, 118, 105, 93, 80, 122, 85, 117]]
-1 [ 50 574:574 [124, 82, 83, 101, 103, 112, 81, 115, 92, 94, 98, 114, 126, 87, 110, 118, 105, 93, 80, 122, 85, 117]]

Vehicle: 13  Cost: 86.53
Route: 1 3 -3 -1 
 1 [ 75   0:  0 [62, 6, 9, 7, 46, 52, 38, 48, 58, 13, 55, 67, 44, 57, 76, 29, 77, 23, 21, 56, 28, 69, 22, 25, 37, 41, 64, 49, 24, 43]]
 3 [  0  43: 43 []]
-3 [ 43  43:477 [113, 79, 102, 106, 111, 104, 91, 97, 86, 90, 120, 127, 108, 88, 107, 89, 109, 96, 84]]
-1 [ 43 520:520 [113, 79, 102, 106, 111, 104, 91, 97, 86, 90, 120, 127, 108, 88, 107, 89, 109, 96, 84]]

Vehicle: 201  Cost: 89.59
Route: 2 54 72 116 100 119 -2 
  2 [ 7  40: 55]
 54 [ 3  90: 95]
 72 [ 0 180:185]
116 [ 4 198:203]
100 [ 8 209:214]
119 [10 300:305]
 -2 [10 324:324]

Vehicle: 202  Cost: 73.48
Route: 2 71 121 30 99 -2 
  2 [ 6  40: 55]
 71 [ 4  74: 79]
121 [ 8 104:109]
 30 [ 4 300:305]
 99 [ 8 316:321]
 -2 [ 8 334:334]

Vehicle: 203  Cost: 37.06
Route: 2 50 125 35 95 -2 
  2 [ 7  40:166]
 50 [ 3 180:185]
125 [ 6 189:194]
 35 [ 3 300:305]
 95 [ 6 305:310]
 -2 [ 6 324:324]

Vehicle: 204  Cost: 42.13
Route: 2 65 60 66 33 -2 
  2 [ 8  40: 55]
 65 [ 5  71: 76]
 60 [ 3  84: 89]
 66 [ 1  95:100]
 33 [ 0 300:305]
 -2 [ 0 314:314]

Vehicle: 205  Cost: 20.40
Route: 2 123 -2 
  2 [ 0   0: 50]
123 [ 4  60: 65]
 -2 [ 4  75: 75]

Vehicle: 301  Cost: 108.90
Route: 3 96 13 69 79 90 25 88 104 -3 
  3 [ 9  43: 58]
 96 [10  76: 81]
 13 [ 9  98:103]
 69 [ 5 120:125]
 79 [ 6 137:142]
 90 [ 7 148:153]
 25 [ 3 166:171]
 88 [ 4 171:176]
104 [ 8 189:194]
 -3 [ 8 207:207]

Vehicle: 303  Cost: 137.08
Route: 3 46 58 111 57 89 28 -3 
  3 [10  43: 58]
 46 [ 8 123:128]
 58 [ 5 133:138]
111 [ 9 138:143]
 57 [ 6 300:305]
 89 [ 7 310:315]
 28 [ 5 315:320]
 -3 [ 5 370:370]

Vehicle: 304  Cost: 131.11
Route: 3 56 44 48 38 23 -3 
  3 [10  43: 58]
 56 [ 7 117:122]
 44 [ 6 300:305]
 48 [ 2 420:425]
 38 [ 1 431:436]
 23 [ 0 442:447]
 -3 [ 0 500:500]

Vehicle: 305  Cost: 69.08
Route: 3 22 86 41 102 -3 
  3 [ 8  43:277]
 22 [ 4 300:305]
 86 [ 6 305:310]
 41 [ 2 420:425]
102 [ 5 444:449]
 -3 [ 5 462:462]

Vehicle: 306  Cost: 107.61
Route: 3 24 113 55 109 67 106 62 29 91 77 -3 
  3 [10  43: 58]
 24 [ 8  77: 82]
113 [10 104:109]
 55 [ 7 120:125]
109 [ 8 125:130]
 67 [ 7 142:147]
106 [ 9 155:160]
 62 [ 8 169:174]
 29 [ 6 182:187]
 91 [10 187:192]
 77 [ 9 300:305]
 -3 [ 9 313:313]

Vehicle: 307  Cost: 34.68
Route: 3 43 37 97 64 120 -3 
  3 [ 9  43: 58]
 43 [ 5  64: 69]
 37 [ 1 300:305]
 97 [ 3 305:310]
 64 [ 2 420:425]
120 [ 4 425:430]
 -3 [ 4 439:439]

Vehicle: 308  Cost: 119.69
Route: 3 6 7 84 21 76 -3 
  3 [10  43:132]
  6 [ 8 180:185]
  7 [ 4 300:305]
 84 [ 7 309:314]
 21 [ 6 321:326]
 76 [ 3 334:339]
 -3 [ 3 385:385]

Vehicle: 309  Cost: 84.47
Route: 3 49 9 107 52 108 127 -3 
  3 [ 9  43:271]
 49 [ 8 300:305]
  9 [ 4 320:325]
107 [ 7 329:334]
 52 [ 3 334:339]
108 [ 6 358:363]
127 [ 9 366:371]
 -3 [ 9 385:385]

Vehicle: 401  Cost: 46.46
Route: 4 32 92 8 53 -4 
  4 [ 8  79: 94]
 32 [ 4 109:114]
 92 [ 5 114:119]
  8 [ 4 127:132]
 53 [ 1 300:305]
 -4 [ 1 325:325]

Vehicle: 402  Cost: 120.73
Route: 4 19 78 10 51 122 83 80 17 -4 
  4 [10  79: 94]
 19 [ 8 114:119]
 78 [ 5 135:140]
 10 [ 3 300:305]
 51 [ 1 309:314]
122 [ 3 320:325]
 83 [ 7 339:344]
 80 [ 8 420:425]
 17 [ 7 440:445]
 -4 [ 7 480:480]

Vehicle: 403  Cost: 38.43
Route: 4 74 117 63 103 47 87 -4 
  4 [10  79: 94]
 74 [ 7 113:118]
117 [ 9 120:125]
 63 [ 5 125:130]
103 [ 9 300:305]
 47 [ 6 305:310]
 87 [ 7 316:321]
 -4 [ 7 325:325]

Vehicle: 404  Cost: 4.00
Route: 4 101 40 -4 
  4 [ 1  79: 94]
101 [ 5  96:101]
 40 [ 4 101:106]
 -4 [ 4 108:108]

Vehicle: 405  Cost: 92.99
Route: 4 31 16 82 61 93 34 105 36 20 85 -4 
  4 [10  79:160]
 31 [ 9 180:185]
 16 [ 8 200:205]
 82 [ 9 205:210]
 61 [ 5 218:223]
 93 [ 9 230:235]
 34 [ 7 235:240]
105 [ 9 243:248]
 36 [ 8 420:425]
 20 [ 7 429:434]
 85 [10 434:439]
 -4 [10 470:470]

Vehicle: 406  Cost: 40.60
Route: 4 68 124 39 98 42 -4 
  4 [ 7  79: 94]
 68 [ 4 112:117]
124 [ 6 117:122]
 39 [ 3 125:130]
 98 [ 6 130:135]
 42 [ 5 300:305]
 -4 [ 5 316:316]

Vehicle: 408  Cost: 123.19
Route: 4 75 18 118 26 81 11 110 15 -4 
  4 [10  79: 94]
 75 [ 8 131:136]
 18 [ 5 145:150]
118 [ 6 180:185]
 26 [ 3 200:205]
 81 [ 7 300:305]
 11 [ 6 305:310]
110 [ 7 326:331]
 15 [ 6 336:341]
 -4 [ 6 366:366]

Vehicle: 409  Cost: 140.25
Route: 4 115 73 126 12 27 112 94 -4 
  4 [ 9  79: 94]
115 [10 120:125]
 73 [ 7 140:145]
126 [10 145:150]
 12 [ 8 188:193]
 27 [ 4 199:204]
112 [ 8 219:224]
 94 [ 9 300:305]
 -4 [ 9 336:336]

Vehicle: 501  Cost: 71.45
Route: 5 14 45 70 114 59 -5 
  5 [10  28:292]
 14 [ 7 300:305]
 45 [ 5 308:313]
 70 [ 1 337:342]
114 [ 2 355:360]
 59 [ 1 360:365]
 -5 [ 1 388:388]

Total Cost: 2029.32
 11:80.92, 28:75 [1, 2, -2, -1]
 12:128.51, 75:75 [1, 5, 4, -4, -5, -1]
 13:86.53, 75:75 [1, 3, -3, -1]
201:89.59, 10:10 [2, 54, 72, 116, 100, 119, -2]
202:73.48, 8:10 [2, 71, 121, 30, 99, -2]
203:37.06, 7:10 [2, 50, 125, 35, 95, -2]
204:42.13, 8:10 [2, 65, 60, 66, 33, -2]
205:20.40, 4:10 [2, 123, -2]
301:108.90, 10:10 [3, 96, 13, 69, 79, 90, 25, 88, 104, -3]
303:137.08, 10:10 [3, 46, 58, 111, 57, 89, 28, -3]
304:131.11, 10:10 [3, 56, 44, 48, 38, 23, -3]
305:69.08, 8:10 [3, 22, 86, 41, 102, -3]
306:107.61, 10:10 [3, 24, 113, 55, 109, 67, 106, 62, 29, 91, 77, -3]
307:34.68, 9:10 [3, 43, 37, 97, 64, 120, -3]
308:119.69, 10:10 [3, 6, 7, 84, 21, 76, -3]
309:84.47, 9:10 [3, 49, 9, 107, 52, 108, 127, -3]
401:46.46, 8:10 [4, 32, 92, 8, 53, -4]
402:120.73, 10:10 [4, 19, 78, 10, 51, 122, 83, 80, 17, -4]
403:38.43, 10:10 [4, 74, 117, 63, 103, 47, 87, -4]
404:4.00, 5:10 [4, 101, 40, -4]
405:92.99, 10:10 [4, 31, 16, 82, 61, 93, 34, 105, 36, 20, 85, -4]
406:40.60, 7:10 [4, 68, 124, 39, 98, 42, -4]
408:123.19, 10:10 [4, 75, 18, 118, 26, 81, 11, 110, 15, -4]
409:140.25, 10:10 [4, 115, 73, 126, 12, 27, 112, 94, -4]
501:71.45, 10:10 [5, 14, 45, 70, 114, 59, -5]
fe: 3, se: 22

!ALNS------------
100000,2029.3170192905304,687.754,645.818,3,22,0.7911111111111111,0.8772727272727273,40.666666666666664,5.545454545454546
20 26 19 11 0 1 11 0 
11.55558492747171 31.95002089611936 13.8973886051711 12.305440592353884 40.76025168360229 50.10560434267827 16.111667741978575 29.768332465370232 
5 14 8 8 13 15 19 6 
18.56680526040164 17.36481793628823 17.662906459350232 17.014076817217347 18.710265007555876 23.51064249359653 17.00646289408273 17.010192334978587 

x[230] = 1.0
Vehicle: 12  Cost: 124.42
Route: 1 5 4 -4 -1 
 1 [ 71   0:  0 [16, 19, 18, 27, 31, 45, 75, 15, 12, 47, 26, 65, 61, 14, 8, 34, 17, 10, 42, 11, 53, 51, 40, 78, 66, 39, 56, 73, 60, 68, 32]]
 5 [ 66  28: 43 [16, 19, 18, 27, 31, 75, 15, 12, 47, 26, 65, 61, 8, 34, 17, 10, 42, 11, 53, 51, 40, 78, 66, 39, 56, 73, 60, 68, 32]]
 4 [  0  79: 79 []]
-4 [ 44  79:511 [126, 122, 83, 87, 112, 101, 105, 80, 98, 94, 81, 110, 103, 93, 115, 118, 82, 124, 92]]
-1 [ 44 571:571 [126, 122, 83, 87, 112, 101, 105, 80, 98, 94, 81, 110, 103, 93, 115, 118, 82, 124, 92]]

x[499] = 1.0
Vehicle: 11  Cost: 80.92
Route: 1 2 -2 -1 
 1 [ 32   0:  0 [74, 35, 54, 63, 30, 70, 72, 71, 50, 33]]
 2 [  0  40: 40 []]
-2 [ 30  40:373 [117, 95, 121, 99, 116, 125, 123, 119, 100]]
-1 [ 30 414:414 [117, 95, 121, 99, 116, 125, 123, 119, 100]]

x[14171] = 1.0
Vehicle: 13  Cost: 86.53
Route: 1 3 -3 -1 
 1 [ 75   0:  0 [58, 22, 52, 7, 77, 36, 37, 48, 57, 69, 49, 25, 76, 38, 9, 20, 59, 23, 44, 21, 64, 41, 28, 62, 67, 6, 43, 55, 13, 24, 29, 46]]
 3 [  0  43: 43 []]
-3 [ 47  43:531 [107, 89, 106, 111, 86, 96, 88, 102, 108, 127, 84, 85, 114, 97, 120, 113, 109, 91, 104, 90, 79]]
-1 [ 47 574:574 [107, 89, 106, 111, 86, 96, 88, 102, 108, 127, 84, 85, 114, 97, 120, 113, 109, 91, 104, 90, 79]]

y[112] = 1.0
Vehicle: 501  Cost: 21.07
Route: 5 45 14 -5 
  5 [ 5 564:579]
 45 [ 3 589:594]
 14 [ 0 597:602]
 -5 [ 0 610:610]

y[134] = 1.0
Vehicle: 404  Cost: 4.00
Route: 4 40 101 -4 
  4 [ 1 133:148]
 40 [ 0 150:155]
101 [ 4 155:160]
 -4 [ 4 162:162]

y[663] = 1.0
Vehicle: 303  Cost: 32.93
Route: 3 43 97 37 -3 
  3 [ 8  67: 82]
 43 [ 4  88: 93]
 97 [ 6 300:305]
 37 [ 2 305:310]
 -3 [ 2 326:326]

y[1307] = 1.0
Vehicle: 203  Cost: 20.40
Route: 2 123 -2 
  2 [ 0   0: 50]
123 [ 4  60: 65]
 -2 [ 4  75: 75]

y[1874] = 1.0
Vehicle: 303  Cost: 137.08
Route: 3 46 58 111 57 28 89 -3 
  3 [10  67: 82]
 46 [ 8 147:152]
 58 [ 5 157:162]
111 [ 9 162:167]
 57 [ 6 300:305]
 28 [ 4 310:315]
 89 [ 5 315:320]
 -3 [ 5 370:370]

y[1880] = 1.0
Vehicle: 305  Cost: 107.61
Route: 3 24 113 55 109 67 106 62 29 91 77 -3 
  3 [10  67: 82]
 24 [ 8 101:106]
113 [10 128:133]
 55 [ 7 145:150]
109 [ 8 150:155]
 67 [ 7 166:171]
106 [ 9 179:184]
 62 [ 8 194:199]
 29 [ 6 207:212]
 91 [10 212:217]
 77 [ 9 300:305]
 -3 [ 9 313:313]

y[2839] = 1.0
Vehicle: 408  Cost: 128.46
Route: 4 115 26 118 18 75 80 83 -4 
  4 [ 8  79: 94]
115 [ 9 120:125]
 26 [ 6 141:146]
118 [ 7 180:185]
 18 [ 4 196:201]
 75 [ 2 210:215]
 80 [ 3 420:425]
 83 [ 7 434:439]
 -4 [ 7 476:476]

y[3318] = 1.0
Vehicle: 405  Cost: 84.67
Route: 4 19 61 34 93 105 82 16 31 -4 
  4 [10  79: 94]
 19 [ 8 114:119]
 61 [ 4 134:139]
 34 [ 2 147:152]
 93 [ 6 152:157]
105 [ 8 159:164]
 82 [ 9 169:174]
 16 [ 8 174:179]
 31 [ 7 194:199]
 -4 [ 7 219:219]

y[4067] = 1.0
Vehicle: 402  Cost: 72.25
Route: 4 78 10 51 53 -4 
  4 [10 111:126]
 78 [ 7 156:161]
 10 [ 5 300:305]
 51 [ 3 309:314]
 53 [ 0 329:334]
 -4 [ 0 354:354]

y[4894] = 1.0
Vehicle: 205  Cost: 67.01
Route: 2 71 74 117 63 33 -2 
  2 [10 100:115]
 71 [ 8 134:139]
 74 [ 5 157:162]
117 [ 7 164:169]
 63 [ 3 169:174]
 33 [ 2 300:305]
 -2 [ 2 314:314]

y[6998] = 1.0
Vehicle: 308  Cost: 71.73
Route: 3 96 9 52 107 108 127 -3 
  3 [ 8  67: 82]
 96 [ 9 100:105]
  9 [ 5 300:305]
 52 [ 1 309:314]
107 [ 4 314:319]
108 [ 7 338:343]
127 [10 346:351]
 -3 [10 365:365]

y[7090] = 1.0
Vehicle: 307  Cost: 135.83
Route: 3 49 23 38 48 44 36 20 85 -3 
  3 [10  43:271]
 49 [ 9 300:305]
 23 [ 8 329:334]
 38 [ 7 340:345]
 48 [ 3 420:425]
 44 [ 2 430:435]
 36 [ 1 462:467]
 20 [ 0 471:476]
 85 [ 3 476:481]
 -3 [ 3 516:516]

y[7659] = 1.0
Vehicle: 201  Cost: 61.39
Route: 2 100 119 70 -2 
  2 [ 4 149:164]
100 [ 8 182:187]
119 [10 300:305]
 70 [ 6 319:324]
 -2 [ 6 348:348]

y[8644] = 1.0
Vehicle: 305  Cost: 83.69
Route: 3 22 86 114 59 41 102 -3 
  3 [ 9  67:277]
 22 [ 5 300:305]
 86 [ 7 305:310]
114 [ 8 330:335]
 59 [ 7 335:340]
 41 [ 3 420:425]
102 [ 6 444:449]
 -3 [ 6 462:462]

y[8896] = 1.0
Vehicle: 406  Cost: 56.70
Route: 4 68 124 39 98 110 15 47 103 -4 
  4 [10 108:123]
 68 [ 7 141:146]
124 [ 9 146:151]
 39 [ 6 154:159]
 98 [ 9 159:164]
110 [10 300:305]
 15 [ 9 309:314]
 47 [ 6 333:338]
103 [10 338:343]
 -4 [10 352:352]

y[9591] = 1.0
Vehicle: 201  Cost: 87.01
Route: 2 54 72 116 125 35 95 -2 
  2 [10 129:144]
 54 [ 6 179:184]
 72 [ 3 196:201]
116 [ 7 214:219]
125 [10 227:232]
 35 [ 7 300:305]
 95 [10 305:310]
 -2 [10 324:324]

y[9773] = 1.0
Vehicle: 301  Cost: 107.44
Route: 3 13 69 79 90 25 88 104 64 120 -3 
  3 [10  67: 82]
 13 [ 9 115:120]
 69 [ 5 137:142]
 79 [ 6 154:159]
 90 [ 7 165:170]
 25 [ 3 183:188]
 88 [ 4 188:193]
104 [ 8 206:211]
 64 [ 7 420:425]
120 [ 9 425:430]
 -3 [ 9 439:439]

y[11045] = 1.0
Vehicle: 404  Cost: 93.71
Route: 4 32 92 73 126 17 11 81 42 -4 
  4 [10  79: 94]
 32 [ 6 109:114]
 92 [ 7 114:119]
 73 [ 4 139:144]
126 [ 7 144:149]
 17 [ 6 420:425]
 11 [ 5 441:446]
 81 [ 9 446:451]
 42 [ 8 477:482]
 -4 [ 8 493:493]

y[11342] = 1.0
Vehicle: 403  Cost: 31.74
Route: 4 60 66 65 87 -4 
  4 [ 7 108:123]
 60 [ 5 132:137]
 66 [ 3 144:149]
 65 [ 0 155:160]
 87 [ 1 300:305]
 -4 [ 1 309:309]

y[11550] = 1.0
Vehicle: 304  Cost: 119.69
Route: 3 6 7 84 21 76 -3 
  3 [10  43:132]
  6 [ 8 180:185]
  7 [ 4 300:305]
 84 [ 7 309:314]
 21 [ 6 321:326]
 76 [ 3 334:339]
 -3 [ 3 385:385]

y[12425] = 1.0
Vehicle: 202  Cost: 59.14
Route: 2 50 121 30 99 -2 
  2 [ 8  70:166]
 50 [ 4 180:185]
121 [ 8 200:205]
 30 [ 4 300:305]
 99 [ 8 316:321]
 -2 [ 8 334:334]

y[12846] = 1.0
Vehicle: 409  Cost: 128.36
Route: 4 8 12 27 56 112 122 94 -4 
  4 [10  79: 94]
  8 [ 9 117:122]
 12 [ 7 152:157]
 27 [ 3 163:168]
 56 [ 0 174:179]
112 [ 4 194:199]
122 [ 6 300:305]
 94 [ 7 317:322]
 -4 [ 7 353:353]

FE: 3
SE: 22
!MIP-----
2003.7806517770825,4181.770807981491,9.889272091375445E-5,3,22,14346,16746

Run: 4
Total Cost: 2029.30
Vehicle: 11  Cost: 86.53
Route: 1 3 -3 -1 
 1 [ 64   0:  0 [58, 6, 49, 57, 62, 27, 36, 12, 69, 46, 64, 76, 77, 56, 7, 22, 67, 43, 28, 23, 21, 55, 13, 29, 37, 24, 25]]
 3 [  0  43: 43 []]
-3 [ 44  43:492 [113, 120, 102, 79, 127, 108, 84, 97, 90, 91, 104, 89, 106, 96, 109, 111, 88, 86, 112]]
-1 [ 44 536:536 [113, 120, 102, 79, 127, 108, 84, 97, 90, 91, 104, 89, 106, 96, 109, 111, 88, 86, 112]]

Vehicle: 12  Cost: 124.42
Route: 1 4 -4 -5 -1 
 1 [ 75   0:  0 [78, 34, 8, 68, 65, 11, 39, 73, 51, 26, 38, 63, 48, 15, 32, 61, 10, 20, 16, 40, 52, 53, 9, 75, 19, 17, 44, 18, 31, 47, 42, 74]]
 4 [  0  60: 60 []]
-4 [ 48  60:520 [85, 93, 101, 122, 98, 81, 126, 105, 124, 80, 94, 117, 103, 82, 115, 107, 92, 118, 110, 87, 83]]
-5 [ 49 556:571 [114, 85, 93, 101, 122, 98, 81, 126, 105, 124, 80, 94, 117, 103, 82, 115, 107, 92, 118, 110, 87, 83]]
-1 [ 49 599:599 [85, 93, 101, 122, 98, 81, 126, 105, 124, 80, 94, 117, 103, 82, 115, 107, 92, 118, 110, 114, 87, 83]]

Vehicle: 13  Cost: 95.64
Route: 1 5 2 -2 -1 
 1 [ 39   0:  0 [35, 50, 30, 72, 33, 71, 54, 41, 70, 14, 45, 59, 66, 60]]
 5 [ 25  28: 43 [35, 50, 30, 72, 33, 71, 54, 66, 60]]
 2 [  0  70: 70 []]
-2 [ 28  70:349 [119, 99, 125, 116, 121, 100, 123, 95]]
-1 [ 28 390:390 [119, 99, 125, 116, 121, 100, 123, 95]]

Vehicle: 201  Cost: 73.48
Route: 2 71 121 30 99 -2 
  2 [ 6  70: 85]
 71 [ 4 103:108]
121 [ 8 133:138]
 30 [ 4 300:305]
 99 [ 8 316:321]
 -2 [ 8 334:334]

Vehicle: 202  Cost: 48.33
Route: 2 123 60 66 33 -2 
  2 [ 5  70: 85]
123 [ 9  95:100]
 60 [ 7 119:124]
 66 [ 5 131:136]
 33 [ 4 300:305]
 -2 [ 4 314:314]

Vehicle: 203  Cost: 37.06
Route: 2 50 125 95 35 -2 
  2 [ 7  70:166]
 50 [ 3 180:185]
125 [ 6 189:194]
 95 [ 9 300:305]
 35 [ 6 305:310]
 -2 [ 6 324:324]

Vehicle: 204  Cost: 89.59
Route: 2 54 72 116 100 119 -2 
  2 [ 7  70: 85]
 54 [ 3 120:125]
 72 [ 0 180:185]
116 [ 4 198:203]
100 [ 8 209:214]
119 [10 300:305]
 -2 [10 324:324]

Vehicle: 301  Cost: 78.31
Route: 3 113 55 109 67 86 22 102 -3 
  3 [ 8  43: 58]
113 [10  82: 87]
 55 [ 7  99:104]
109 [ 8 104:109]
 67 [ 7 120:125]
 86 [ 9 300:305]
 22 [ 5 305:310]
102 [ 8 320:325]
 -3 [ 8 338:338]

Vehicle: 302  Cost: 79.71
Route: 3 43 24 106 62 29 91 77 -3 
  3 [10  43: 58]
 43 [ 6  64: 69]
 24 [ 4  84: 89]
106 [ 6 112:117]
 62 [ 5 127:132]
 29 [ 3 180:185]
 91 [ 7 185:190]
 77 [ 6 300:305]
 -3 [ 6 313:313]

Vehicle: 303  Cost: 143.87
Route: 3 56 27 12 112 36 108 127 -3 
  3 [10  43: 58]
 56 [ 7 117:122]
 27 [ 3 128:133]
 12 [ 1 139:144]
112 [ 5 156:161]
 36 [ 4 420:425]
108 [ 7 450:455]
127 [10 458:463]
 -3 [10 477:477]

Vehicle: 304  Cost: 55.70
Route: 3 25 88 37 97 64 120 -3 
  3 [ 9  43: 58]
 25 [ 5  84: 89]
 88 [ 6  89: 94]
 37 [ 2 300:305]
 97 [ 4 305:310]
 64 [ 3 420:425]
120 [ 5 425:430]
 -3 [ 5 439:439]

Vehicle: 305  Cost: 144.49
Route: 3 13 69 46 111 58 104 -3 
  3 [10  43: 58]
 13 [ 9  91: 96]
 69 [ 5 113:118]
 46 [ 3 145:150]
111 [ 7 155:160]
 58 [ 4 160:165]
104 [ 8 215:220]
 -3 [ 8 233:233]

Vehicle: 306  Cost: 121.43
Route: 3 96 90 79 23 57 28 89 49 -3 
  3 [ 7  43: 58]
 96 [ 8  76: 81]
 90 [ 9 105:110]
 79 [10 116:121]
 23 [ 9 300:305]
 57 [ 6 309:314]
 28 [ 4 320:325]
 89 [ 5 325:330]
 49 [ 4 351:356]
 -3 [ 4 386:386]

Vehicle: 308  Cost: 119.69
Route: 3 6 7 84 21 76 -3 
  3 [10  43:132]
  6 [ 8 180:185]
  7 [ 4 300:305]
 84 [ 7 309:314]
 21 [ 6 321:326]
 76 [ 3 334:339]
 -3 [ 3 385:385]

Vehicle: 401  Cost: 39.89
Route: 4 92 32 53 -4 
  4 [ 7  60: 75]
 92 [ 8  90: 95]
 32 [ 4  95:100]
 53 [ 1 300:305]
 -4 [ 1 325:325]

Vehicle: 402  Cost: 80.36
Route: 4 19 82 16 61 93 34 105 20 85 -4 
  4 [10  60: 75]
 19 [ 8  95:100]
 82 [ 9 111:116]
 16 [ 8 116:121]
 61 [ 4 129:134]
 93 [ 8 142:147]
 34 [ 6 147:152]
105 [ 8 154:159]
 20 [ 7 300:305]
 85 [10 305:310]
 -4 [10 341:341]

Vehicle: 403  Cost: 53.23
Route: 4 65 124 68 98 39 42 -4 
  4 [10  60: 75]
 65 [ 7  85: 90]
124 [ 9 110:115]
 68 [ 6 115:120]
 98 [ 9 123:128]
 39 [ 6 128:133]
 42 [ 5 300:305]
 -4 [ 5 316:316]

Vehicle: 404  Cost: 38.43
Route: 4 74 117 63 47 103 87 -4 
  4 [10  60: 75]
 74 [ 7  94: 99]
117 [ 9 101:106]
 63 [ 5 106:111]
 47 [ 2 300:305]
103 [ 6 305:310]
 87 [ 7 316:321]
 -4 [ 7 325:325]

Vehicle: 405  Cost: 126.64
Route: 4 115 73 126 78 10 83 80 17 -4 
  4 [ 9  60: 75]
115 [10 101:106]
 73 [ 7 121:126]
126 [10 126:131]
 78 [ 7 147:152]
 10 [ 5 300:305]
 83 [ 9 314:319]
 80 [10 420:425]
 17 [ 9 440:445]
 -4 [ 9 480:480]

Vehicle: 406  Cost: 4.00
Route: 4 40 101 -4 
  4 [ 1  60: 75]
 40 [ 0  77: 82]
101 [ 4  82: 87]
 -4 [ 4  89: 89]

Vehicle: 407  Cost: 63.56
Route: 4 31 9 107 52 -4 
  4 [ 9  60:160]
 31 [ 8 180:185]
  9 [ 4 300:305]
107 [ 7 309:314]
 52 [ 3 314:319]
 -4 [ 3 345:345]

Vehicle: 408  Cost: 126.21
Route: 4 8 51 122 48 38 44 94 -4 
  4 [ 9  60: 75]
  8 [ 8  98:103]
 51 [ 6 300:305]
122 [ 8 312:317]
 48 [ 4 420:425]
 38 [ 3 431:436]
 44 [ 2 442:447]
 94 [ 3 469:474]
 -4 [ 3 505:505]

Vehicle: 409  Cost: 123.19
Route: 4 75 18 118 26 81 11 110 15 -4 
  4 [10  60: 75]
 75 [ 8 112:117]
 18 [ 5 126:131]
118 [ 6 180:185]
 26 [ 3 200:205]
 81 [ 7 300:305]
 11 [ 6 305:310]
110 [ 7 326:331]
 15 [ 6 336:341]
 -4 [ 6 366:366]

Vehicle: 501  Cost: 54.46
Route: 5 70 114 59 41 -5 
  5 [ 9  28:283]
 70 [ 5 300:305]
114 [ 6 318:323]
 59 [ 5 323:328]
 41 [ 1 420:425]
 -5 [ 1 439:439]

Vehicle: 502  Cost: 21.07
Route: 5 45 14 -5 
  5 [ 5  28:290]
 45 [ 3 300:305]
 14 [ 0 308:313]
 -5 [ 0 321:321]

Total Cost: 2029.30
 11:86.53, 64:75 [1, 3, -3, -1]
 12:124.42, 75:75 [1, 4, -4, -5, -1]
 13:95.64, 39:75 [1, 5, 2, -2, -1]
201:73.48, 8:10 [2, 71, 121, 30, 99, -2]
202:48.33, 9:10 [2, 123, 60, 66, 33, -2]
203:37.06, 9:10 [2, 50, 125, 95, 35, -2]
204:89.59, 10:10 [2, 54, 72, 116, 100, 119, -2]
301:78.31, 10:10 [3, 113, 55, 109, 67, 86, 22, 102, -3]
302:79.71, 10:10 [3, 43, 24, 106, 62, 29, 91, 77, -3]
303:143.87, 10:10 [3, 56, 27, 12, 112, 36, 108, 127, -3]
304:55.70, 9:10 [3, 25, 88, 37, 97, 64, 120, -3]
305:144.49, 10:10 [3, 13, 69, 46, 111, 58, 104, -3]
306:121.43, 10:10 [3, 96, 90, 79, 23, 57, 28, 89, 49, -3]
308:119.69, 10:10 [3, 6, 7, 84, 21, 76, -3]
401:39.89, 8:10 [4, 92, 32, 53, -4]
402:80.36, 10:10 [4, 19, 82, 16, 61, 93, 34, 105, 20, 85, -4]
403:53.23, 10:10 [4, 65, 124, 68, 98, 39, 42, -4]
404:38.43, 10:10 [4, 74, 117, 63, 47, 103, 87, -4]
405:126.64, 10:10 [4, 115, 73, 126, 78, 10, 83, 80, 17, -4]
406:4.00, 4:10 [4, 40, 101, -4]
407:63.56, 9:10 [4, 31, 9, 107, 52, -4]
408:126.21, 9:10 [4, 8, 51, 122, 48, 38, 44, 94, -4]
409:123.19, 10:10 [4, 75, 18, 118, 26, 81, 11, 110, 15, -4]
501:54.46, 9:10 [5, 70, 114, 59, 41, -5]
502:21.07, 5:10 [5, 45, 14, -5]
fe: 3, se: 22

!ALNS------------
100000,2029.2952386192317,677.506,351.355,3,22,0.7911111111111111,0.9045454545454545,40.666666666666664,5.545454545454546
31 30 20 25 0 0 13 3 
10.68499091071257 29.973066006627135 11.813862992878276 17.184644626036448 76.26286315217716 53.09921346731 21.484913029809658 25.545629671656005 
15 18 9 17 13 14 30 6 
19.600615246524452 15.549802819658028 19.738208191838023 17.136973853907083 20.029486120745837 20.968844921385696 17.8653604418064 16.116373193890226 

x[5338] = 1.0
Vehicle: 11  Cost: 86.53
Route: 1 3 -3 -1 
 1 [ 64   0:  0 [22, 37, 13, 25, 23, 28, 12, 57, 27, 64, 58, 49, 6, 56, 55, 29, 43, 77, 38, 69, 46, 76, 7, 24, 62, 21, 67]]
 3 [  0  43: 43 []]
-3 [ 46  43:454 [108, 111, 106, 90, 91, 127, 79, 109, 96, 86, 104, 113, 89, 97, 112, 84, 102, 105, 120, 88]]
-1 [ 46 498:498 [108, 111, 106, 90, 91, 127, 79, 109, 96, 86, 104, 113, 89, 97, 112, 84, 102, 105, 120, 88]]

x[7398] = 1.0
Vehicle: 13  Cost: 95.64
Route: 1 5 2 -2 -1 
 1 [ 39   0:  0 [35, 50, 33, 41, 14, 66, 70, 45, 59, 72, 71, 60, 54, 30]]
 5 [ 25  28: 43 [35, 50, 33, 66, 72, 71, 60, 54, 30]]
 2 [  0  70: 70 []]
-2 [ 28  70:375 [123, 95, 99, 125, 100, 116, 121, 119]]
-1 [ 28 416:416 [123, 95, 99, 125, 100, 116, 121, 119]]

x[9100] = 1.0
Vehicle: 12  Cost: 124.42
Route: 1 4 -4 -5 -1 
 1 [ 75   0:  0 [78, 34, 8, 68, 65, 11, 73, 51, 48, 61, 20, 40, 52, 53, 19, 44, 31, 47, 18, 17, 39, 74, 75, 9, 32, 16, 42, 15, 10, 36, 26, 63]]
 4 [  0  60: 60 []]
-4 [ 48  60:513 [85, 101, 122, 98, 81, 126, 124, 80, 103, 82, 110, 83, 105, 115, 118, 107, 94, 92, 87, 117, 93]]
-5 [ 49 549:564 [114, 85, 101, 122, 98, 81, 126, 124, 80, 103, 82, 110, 83, 105, 115, 118, 107, 94, 92, 87, 117, 93]]
-1 [ 49 592:592 [85, 101, 122, 98, 81, 126, 124, 80, 103, 82, 110, 114, 83, 105, 115, 118, 107, 94, 92, 87, 117, 93]]

y[2752] = 1.0
Vehicle: 402  Cost: 78.92
Route: 4 19 61 34 93 105 20 85 36 -4 
  4 [10  79: 94]
 19 [ 8 114:119]
 61 [ 4 134:139]
 34 [ 2 147:152]
 93 [ 6 152:157]
105 [ 8 159:164]
 20 [ 7 300:305]
 85 [10 305:310]
 36 [ 9 420:425]
 -4 [ 9 454:454]

y[2805] = 1.0
Vehicle: 501  Cost: 54.46
Route: 5 70 59 114 41 -5 
  5 [ 9 384:399]
 70 [ 5 416:421]
 59 [ 4 435:440]
114 [ 5 440:445]
 41 [ 1 454:459]
 -5 [ 1 474:474]

y[2929] = 1.0
Vehicle: 412  Cost: 26.25
Route: 4 65 103 47 87 -4 
  4 [ 6 108:123]
 65 [ 3 133:138]
103 [ 7 300:305]
 47 [ 4 305:310]
 87 [ 5 316:321]
 -4 [ 5 325:325]

y[4957] = 1.0
Vehicle: 203  Cost: 89.59
Route: 2 54 72 116 100 119 -2 
  2 [ 7 100:115]
 54 [ 3 150:155]
 72 [ 0 180:185]
116 [ 4 198:203]
100 [ 8 209:214]
119 [10 300:305]
 -2 [10 324:324]

y[5477] = 1.0
Vehicle: 306  Cost: 122.98
Route: 3 90 79 23 38 57 89 28 49 -3 
  3 [ 8  43: 58]
 90 [ 9  92: 97]
 79 [10 103:108]
 23 [ 9 300:305]
 38 [ 8 311:316]
 57 [ 5 324:329]
 89 [ 6 334:339]
 28 [ 4 339:344]
 49 [ 3 366:371]
 -3 [ 3 400:400]

y[5632] = 1.0
Vehicle: 307  Cost: 146.81
Route: 3 96 69 46 111 58 104 -3 
  3 [ 9  43: 58]
 96 [10  76: 81]
 69 [ 6 115:120]
 46 [ 4 147:152]
111 [ 8 157:162]
 58 [ 5 162:167]
104 [ 9 217:222]
 -3 [ 9 235:235]

y[7160] = 1.0
Vehicle: 404  Cost: 97.95
Route: 4 68 124 115 26 11 81 110 15 42 -4 
  4 [ 9 124:139]
 68 [ 6 156:161]
124 [ 8 161:166]
115 [ 9 178:183]
 26 [ 6 199:204]
 11 [ 5 300:305]
 81 [ 9 305:310]
110 [10 326:331]
 15 [ 9 336:341]
 42 [ 8 356:361]
 -4 [ 8 372:372]

y[7852] = 1.0
Vehicle: 202  Cost: 37.06
Route: 2 50 125 35 95 -2 
  2 [ 7 120:166]
 50 [ 3 180:185]
125 [ 6 189:194]
 35 [ 3 300:305]
 95 [ 6 305:310]
 -2 [ 6 324:324]

y[9462] = 1.0
Vehicle: 202  Cost: 73.48
Route: 2 71 121 30 99 -2 
  2 [ 6 173:188]
 71 [ 4 206:211]
121 [ 8 236:241]
 30 [ 4 300:305]
 99 [ 8 316:321]
 -2 [ 8 334:334]

y[9575] = 1.0
Vehicle: 502  Cost: 21.07
Route: 5 14 45 -5 
  5 [ 5 569:584]
 14 [ 2 592:597]
 45 [ 0 600:605]
 -5 [ 0 615:615]

y[12090] = 1.0
Vehicle: 305  Cost: 55.70
Route: 3 88 25 37 97 120 64 -3 
  3 [ 9  43: 58]
 88 [10  84: 89]
 25 [ 6  89: 94]
 37 [ 2 300:305]
 97 [ 4 305:310]
120 [ 6 420:425]
 64 [ 5 425:430]
 -3 [ 5 439:439]

y[12111] = 1.0
Vehicle: 402  Cost: 119.75
Route: 4 8 10 51 122 48 44 94 -4 
  4 [10 126:141]
  8 [ 9 163:168]
 10 [ 7 300:305]
 51 [ 5 309:314]
122 [ 7 320:325]
 48 [ 3 420:425]
 44 [ 2 430:435]
 94 [ 3 457:462]
 -4 [ 3 493:493]

y[13442] = 1.0
Vehicle: 410  Cost: 53.31
Route: 4 63 117 74 98 39 101 -4 
  4 [10  60: 75]
 63 [ 6  92: 97]
117 [ 8  97:102]
 74 [ 5 104:109]
 98 [ 8 122:127]
 39 [ 5 127:132]
101 [ 9 151:156]
 -4 [ 9 158:158]

y[14010] = 1.0
Vehicle: 202  Cost: 48.33
Route: 2 123 60 66 33 -2 
  2 [ 5 120:135]
123 [ 9 145:150]
 60 [ 7 169:174]
 66 [ 5 181:186]
 33 [ 4 300:305]
 -2 [ 4 314:314]

y[14867] = 1.0
Vehicle: 303  Cost: 144.64
Route: 3 56 27 12 112 13 108 127 -3 
  3 [10  43: 58]
 56 [ 7 117:122]
 27 [ 3 128:133]
 12 [ 1 139:144]
112 [ 5 156:161]
 13 [ 4 185:190]
108 [ 7 300:305]
127 [10 308:313]
 -3 [10 327:327]

y[15124] = 1.0
Vehicle: 301  Cost: 92.77
Route: 3 43 24 113 55 109 67 106 -3 
  3 [10  43: 58]
 43 [ 6  64: 69]
 24 [ 4  84: 89]
113 [ 6 111:116]
 55 [ 3 127:132]
109 [ 4 132:137]
 67 [ 3 149:154]
106 [ 5 162:167]
 -3 [ 5 186:186]

y[15604] = 1.0
Vehicle: 405  Cost: 133.34
Route: 4 40 73 126 75 18 118 17 80 83 -4 
  4 [10 124:139]
 40 [ 9 141:146]
 73 [ 6 174:179]
126 [ 9 179:184]
 75 [ 7 192:197]
 18 [ 4 206:211]
118 [ 5 222:227]
 17 [ 4 420:425]
 80 [ 5 440:445]
 83 [ 9 454:459]
 -4 [ 9 496:496]

y[15834] = 1.0
Vehicle: 301  Cost: 56.41
Route: 3 29 91 62 22 86 102 77 -3 
  3 [ 8  43:162]
 29 [ 6 180:185]
 91 [10 185:190]
 62 [ 9 198:203]
 22 [ 5 300:305]
 86 [ 7 305:310]
102 [10 320:325]
 77 [ 9 331:336]
 -3 [ 9 345:345]

y[17800] = 1.0
Vehicle: 408  Cost: 61.37
Route: 4 32 92 78 53 -4 
  4 [10 142:157]
 32 [ 6 172:177]
 92 [ 7 177:182]
 78 [ 4 198:203]
 53 [ 1 300:305]
 -4 [ 1 325:325]

y[17948] = 1.0
Vehicle: 304  Cost: 119.69
Route: 3 6 7 84 21 76 -3 
  3 [10  67:132]
  6 [ 8 180:185]
  7 [ 4 300:305]
 84 [ 7 309:314]
 21 [ 6 321:326]
 76 [ 3 334:339]
 -3 [ 3 385:385]

y[20068] = 1.0
Vehicle: 409  Cost: 71.07
Route: 4 31 16 82 9 52 107 -4 
  4 [10  60:160]
 31 [ 9 180:185]
 16 [ 8 200:205]
 82 [ 9 205:210]
  9 [ 5 300:305]
 52 [ 1 309:314]
107 [ 4 314:319]
 -4 [ 4 345:345]

FE: 3
SE: 21
!MIP-----
2011.553575641081,5402.3685829639435,0.02058412550385477,3,21,11549,20289

Run: 5
Total Cost: 2059.87
Vehicle: 11  Cost: 80.92
Route: 1 2 -2 -1 
 1 [ 32   0:  0 [60, 54, 50, 72, 30, 66, 71, 65, 35, 33, 63]]
 2 [  0  40: 40 []]
-2 [ 30  40:349 [100, 121, 125, 119, 116, 117, 123, 99, 95]]
-1 [ 30 390:390 [100, 121, 125, 119, 116, 117, 123, 99, 95]]

Vehicle: 12  Cost: 124.42
Route: 1 5 4 -4 -1 
 1 [ 74   0:  0 [32, 36, 42, 52, 8, 16, 18, 34, 74, 51, 12, 11, 15, 61, 9, 73, 68, 26, 78, 45, 10, 20, 47, 14, 53, 17, 31, 27, 75, 39, 19, 40]]
 5 [ 69  28: 43 [32, 36, 42, 52, 8, 16, 18, 34, 74, 51, 12, 11, 15, 61, 9, 73, 68, 26, 78, 10, 20, 47, 53, 17, 31, 27, 75, 39, 19, 40]]
 4 [  0  79: 79 []]
-4 [ 47  79:511 [101, 124, 94, 107, 122, 87, 83, 105, 103, 118, 81, 93, 115, 92, 110, 80, 98, 126, 112, 82]]
-1 [ 47 571:571 [101, 124, 94, 107, 122, 87, 83, 105, 103, 118, 81, 93, 115, 92, 110, 80, 98, 126, 112, 82]]

Vehicle: 13  Cost: 86.53
Route: 1 3 -3 -1 
 1 [ 72   0:  0 [48, 55, 56, 44, 21, 57, 69, 43, 13, 59, 23, 25, 46, 28, 7, 70, 24, 64, 41, 62, 77, 29, 76, 67, 37, 22, 6, 49, 38, 58]]
 3 [  0  43: 43 []]
-3 [ 44  43:532 [111, 127, 102, 120, 104, 85, 96, 90, 91, 89, 84, 97, 108, 86, 106, 114, 79, 113, 88, 109]]
-1 [ 44 576:576 [111, 127, 102, 120, 104, 85, 96, 90, 91, 89, 84, 97, 108, 86, 106, 114, 79, 113, 88, 109]]

Vehicle: 201  Cost: 96.58
Route: 2 63 117 71 121 30 99 -2 
  2 [10  40: 55]
 63 [ 6  79: 84]
117 [ 8  84: 89]
 71 [ 6 107:112]
121 [10 137:142]
 30 [ 6 300:305]
 99 [10 316:321]
 -2 [10 334:334]

Vehicle: 203  Cost: 87.01
Route: 2 54 72 116 125 35 95 -2 
  2 [10  40: 55]
 54 [ 6  90: 95]
 72 [ 3 180:185]
116 [ 7 198:203]
125 [10 211:216]
 35 [ 7 300:305]
 95 [10 305:310]
 -2 [10 324:324]

Vehicle: 204  Cost: 42.13
Route: 2 65 60 66 33 -2 
  2 [ 8  40: 55]
 65 [ 5  71: 76]
 60 [ 3  84: 89]
 66 [ 1  95:100]
 33 [ 0 300:305]
 -2 [ 0 314:314]

Vehicle: 205  Cost: 58.96
Route: 2 123 50 100 119 -2 
  2 [ 4  40: 55]
123 [ 8  66: 71]
 50 [ 4 180:185]
100 [ 8 191:196]
119 [10 300:305]
 -2 [10 324:324]

Vehicle: 301  Cost: 53.95
Route: 3 88 25 37 97 -3 
  3 [ 8  43: 58]
 88 [ 9  84: 89]
 25 [ 5  89: 94]
 37 [ 1 300:305]
 97 [ 3 305:310]
 -3 [ 3 326:326]

Vehicle: 302  Cost: 138.90
Route: 3 69 38 48 44 85 108 127 -3 
  3 [10  43: 58]
 69 [ 6 106:111]
 38 [ 5 300:305]
 48 [ 1 420:425]
 44 [ 0 430:435]
 85 [ 3 464:469]
108 [ 6 490:495]
127 [ 9 498:503]
 -3 [ 9 517:517]

Vehicle: 303  Cost: 92.77
Route: 3 43 24 113 109 55 67 106 -3 
  3 [10  43: 58]
 43 [ 6  64: 69]
 24 [ 4  84: 89]
113 [ 6 111:116]
109 [ 7 127:132]
 55 [ 4 132:137]
 67 [ 3 149:154]
106 [ 5 162:167]
 -3 [ 5 186:186]

Vehicle: 304  Cost: 114.59
Route: 3 90 79 23 57 89 28 49 64 120 -3 
  3 [ 8  43: 58]
 90 [ 9  92: 97]
 79 [10 103:108]
 23 [ 9 300:305]
 57 [ 6 309:314]
 89 [ 7 320:325]
 28 [ 5 325:330]
 49 [ 4 351:356]
 64 [ 3 420:425]
120 [ 5 425:430]
 -3 [ 5 439:439]

Vehicle: 305  Cost: 150.15
Route: 3 96 13 56 46 58 111 104 -3 
  3 [ 9  43: 58]
 96 [10  76: 81]
 13 [ 9  98:103]
 56 [ 6 131:136]
 46 [ 4 155:160]
 58 [ 1 165:170]
111 [ 5 170:175]
104 [ 9 225:230]
 -3 [ 9 243:243]

Vehicle: 306  Cost: 92.54
Route: 3 77 70 114 59 41 -3 
  3 [10  43:292]
 77 [ 9 300:305]
 70 [ 5 336:341]
114 [ 6 355:360]
 59 [ 5 360:365]
 41 [ 1 420:425]
 -3 [ 1 455:455]

Vehicle: 307  Cost: 54.25
Route: 3 29 91 62 22 86 102 -3 
  3 [ 7  43:162]
 29 [ 5 180:185]
 91 [ 9 185:190]
 62 [ 8 198:203]
 22 [ 4 300:305]
 86 [ 6 305:310]
102 [ 9 320:325]
 -3 [ 9 338:338]

Vehicle: 308  Cost: 119.69
Route: 3 6 7 84 21 76 -3 
  3 [10  43:132]
  6 [ 8 180:185]
  7 [ 4 300:305]
 84 [ 7 309:314]
 21 [ 6 321:326]
 76 [ 3 334:339]
 -3 [ 3 385:385]

Vehicle: 401  Cost: 18.63
Route: 4 87 47 103 -4 
  4 [ 3  79:296]
 87 [ 4 300:305]
 47 [ 1 311:316]
103 [ 5 316:321]
 -4 [ 5 330:330]

Vehicle: 402  Cost: 65.60
Route: 4 8 78 10 53 -4 
  4 [ 9  79: 94]
  8 [ 8 117:122]
 78 [ 5 130:135]
 10 [ 3 300:305]
 53 [ 0 318:323]
 -4 [ 0 342:342]

Vehicle: 404  Cost: 78.43
Route: 4 82 16 61 93 34 105 20 36 -4 
  4 [ 9  79: 94]
 82 [10 120:125]
 16 [ 9 125:130]
 61 [ 5 139:144]
 93 [ 9 151:156]
 34 [ 7 156:161]
105 [ 9 163:168]
 20 [ 8 300:305]
 36 [ 7 420:425]
 -4 [ 7 454:454]

Vehicle: 405  Cost: 105.87
Route: 4 32 92 115 26 81 11 110 15 42 -4 
  4 [10  79: 94]
 32 [ 6 109:114]
 92 [ 7 114:119]
115 [ 8 142:147]
 26 [ 5 163:168]
 81 [ 9 300:305]
 11 [ 8 305:310]
110 [ 9 326:331]
 15 [ 8 336:341]
 42 [ 7 356:361]
 -4 [ 7 372:372]

Vehicle: 406  Cost: 126.98
Route: 4 19 27 12 112 122 51 94 -4 
  4 [10  79: 94]
 19 [ 8 114:119]
 27 [ 4 155:160]
 12 [ 2 166:171]
112 [ 6 183:188]
122 [ 8 300:305]
 51 [ 6 312:317]
 94 [ 7 328:333]
 -4 [ 7 364:364]

Vehicle: 407  Cost: 133.30
Route: 4 73 126 75 18 118 17 80 83 -4 
  4 [ 9  79: 94]
 73 [ 6 125:130]
126 [ 9 130:135]
 75 [ 7 143:148]
 18 [ 4 157:162]
118 [ 5 180:185]
 17 [ 4 420:425]
 80 [ 5 440:445]
 83 [ 9 454:459]
 -4 [ 9 496:496]

Vehicle: 409  Cost: 63.56
Route: 4 31 9 52 107 -4 
  4 [ 9  79:160]
 31 [ 8 180:185]
  9 [ 4 300:305]
 52 [ 0 309:314]
107 [ 3 314:319]
 -4 [ 3 345:345]

Vehicle: 411  Cost: 53.03
Route: 4 74 39 98 68 124 40 101 -4 
  4 [10  79: 94]
 74 [ 7 113:118]
 39 [ 4 131:136]
 98 [ 7 136:141]
 68 [ 4 144:149]
124 [ 6 149:154]
 40 [ 5 170:175]
101 [ 9 175:180]
 -4 [ 9 182:182]

Vehicle: 501  Cost: 21.07
Route: 5 14 45 -5 
  5 [ 5  28:292]
 14 [ 2 300:305]
 45 [ 0 308:313]
 -5 [ 0 323:323]

Total Cost: 2059.87
 11:80.92, 32:75 [1, 2, -2, -1]
 12:124.42, 74:75 [1, 5, 4, -4, -1]
 13:86.53, 72:75 [1, 3, -3, -1]
201:96.58, 10:10 [2, 63, 117, 71, 121, 30, 99, -2]
203:87.01, 10:10 [2, 54, 72, 116, 125, 35, 95, -2]
204:42.13, 8:10 [2, 65, 60, 66, 33, -2]
205:58.96, 10:10 [2, 123, 50, 100, 119, -2]
301:53.95, 9:10 [3, 88, 25, 37, 97, -3]
302:138.90, 10:10 [3, 69, 38, 48, 44, 85, 108, 127, -3]
303:92.77, 10:10 [3, 43, 24, 113, 109, 55, 67, 106, -3]
304:114.59, 10:10 [3, 90, 79, 23, 57, 89, 28, 49, 64, 120, -3]
305:150.15, 10:10 [3, 96, 13, 56, 46, 58, 111, 104, -3]
306:92.54, 10:10 [3, 77, 70, 114, 59, 41, -3]
307:54.25, 9:10 [3, 29, 91, 62, 22, 86, 102, -3]
308:119.69, 10:10 [3, 6, 7, 84, 21, 76, -3]
401:18.63, 5:10 [4, 87, 47, 103, -4]
402:65.60, 9:10 [4, 8, 78, 10, 53, -4]
404:78.43, 10:10 [4, 82, 16, 61, 93, 34, 105, 20, 36, -4]
405:105.87, 10:10 [4, 32, 92, 115, 26, 81, 11, 110, 15, 42, -4]
406:126.98, 10:10 [4, 19, 27, 12, 112, 122, 51, 94, -4]
407:133.30, 9:10 [4, 73, 126, 75, 18, 118, 17, 80, 83, -4]
409:63.56, 9:10 [4, 31, 9, 52, 107, -4]
411:53.03, 10:10 [4, 74, 39, 98, 68, 124, 40, 101, -4]
501:21.07, 5:10 [5, 14, 45, -5]
fe: 3, se: 21

!ALNS------------
100000,2059.8656812222666,475.978,276.867,3,21,0.7911111111111111,0.919047619047619,40.666666666666664,5.809523809523809
25 16 16 8 0 1 12 0 
10.181598003644268 28.34614507783633 11.752361567086751 14.02312943283417 118.22961578614377 36.330776899394614 16.857830179472405 23.50877611519017 
5 8 11 16 10 5 14 9 
17.405892513931665 16.74462827051822 15.228947901736973 16.39957617486365 17.79657319224805 18.381477104942753 17.86955806447836 13.474595135770727 

x[9580] = 1.0
Vehicle: 13  Cost: 86.53
Route: 1 3 -3 -1 
 1 [ 73   0:  0 [49, 61, 69, 28, 59, 22, 23, 44, 77, 46, 48, 25, 21, 6, 55, 37, 41, 64, 58, 62, 29, 24, 76, 70, 38, 57, 7, 67, 43, 13]]
 3 [  0  43: 43 []]
-3 [ 41  43:526 [120, 91, 111, 90, 88, 113, 96, 106, 86, 108, 109, 79, 127, 114, 84, 97, 102, 104, 89]]
-1 [ 41 569:569 [120, 91, 111, 90, 88, 113, 96, 106, 86, 108, 109, 79, 127, 114, 84, 97, 102, 104, 89]]

x[11291] = 1.0
Vehicle: 11  Cost: 80.92
Route: 1 2 -2 -1 
 1 [ 30   0:  0 [72, 63, 66, 65, 50, 54, 35, 33, 71, 30]]
 2 [  0  40: 40 []]
-2 [ 30  40:376 [117, 121, 123, 95, 99, 100, 116, 119, 125]]
-1 [ 30 417:417 [117, 121, 123, 95, 99, 100, 116, 119, 125]]

x[12044] = 1.0
Vehicle: 12  Cost: 124.42
Route: 1 5 4 -4 -1 
 1 [ 75   0:  0 [68, 60, 18, 19, 12, 17, 40, 26, 74, 78, 27, 36, 53, 75, 73, 45, 10, 32, 31, 8, 52, 51, 56, 11, 47, 9, 16, 14, 15, 39, 34, 20, 42]]
 5 [ 70  28: 43 [68, 60, 18, 19, 12, 17, 40, 26, 74, 78, 27, 36, 53, 75, 73, 10, 32, 31, 8, 52, 51, 56, 11, 47, 9, 16, 15, 39, 34, 20, 42]]
 4 [  0  79: 79 []]
-4 [ 50  79:511 [101, 87, 126, 110, 92, 80, 98, 83, 124, 115, 112, 118, 103, 105, 93, 107, 94, 122, 82, 81, 85]]
-1 [ 50 571:571 [101, 87, 126, 110, 92, 80, 98, 83, 124, 115, 112, 118, 103, 105, 93, 107, 94, 122, 82, 81, 85]]

y[164] = 1.0000000000017846
Vehicle: 401  Cost: 4.00
Route: 4 101 40 -4 
  4 [ 1 133:148]
101 [ 5 150:155]
 40 [ 4 155:160]
 -4 [ 4 162:162]

y[313] = 1.0000000000004348
Vehicle: 203  Cost: 37.06
Route: 2 50 125 95 35 -2 
  2 [ 7  70:166]
 50 [ 3 180:185]
125 [ 6 189:194]
 95 [ 9 300:305]
 35 [ 6 305:310]
 -2 [ 6 324:324]

y[820] = 0.9999999999998334
Vehicle: 302  Cost: 137.19
Route: 3 49 89 28 23 38 48 44 108 127 -3 
  3 [10  43:271]
 49 [ 9 300:305]
 89 [10 327:332]
 28 [ 8 332:337]
 23 [ 7 340:345]
 38 [ 6 351:356]
 48 [ 2 420:425]
 44 [ 1 430:435]
108 [ 4 484:489]
127 [ 7 492:497]
 -3 [ 7 511:511]

y[1352] = 1.0000000000006763
Vehicle: 405  Cost: 98.25
Route: 4 78 10 51 83 80 53 -4 
  4 [10 108:123]
 78 [ 7 154:159]
 10 [ 5 300:305]
 51 [ 3 309:314]
 83 [ 7 323:328]
 80 [ 8 420:425]
 53 [ 5 449:454]
 -4 [ 5 474:474]

y[1670] = 1.0000000000002107
Vehicle: 407  Cost: 110.02
Route: 4 73 126 75 18 118 17 42 -4 
  4 [10 111:126]
 73 [ 7 156:161]
126 [10 161:166]
 75 [ 8 174:179]
 18 [ 5 188:193]
118 [ 6 204:209]
 17 [ 5 420:425]
 42 [ 4 452:457]
 -4 [ 4 468:468]

y[4148] = 1.0
Vehicle: 305  Cost: 134.16
Route: 3 58 111 46 57 120 64 -3 
  3 [ 9  67: 82]
 58 [ 6 145:150]
111 [10 150:155]
 46 [ 8 160:165]
 57 [ 5 300:305]
120 [ 7 420:425]
 64 [ 6 425:430]
 -3 [ 6 439:439]

y[4340] = 1.0
Vehicle: 203  Cost: 89.59
Route: 2 54 72 116 100 119 -2 
  2 [ 7 129:144]
 54 [ 3 179:184]
 72 [ 0 196:201]
116 [ 4 214:219]
100 [ 8 225:230]
119 [10 300:305]
 -2 [10 324:324]

y[4799] = 0.9999999999994256
Vehicle: 501  Cost: 21.07
Route: 5 45 14 -5 
  5 [ 5 566:581]
 45 [ 3 591:596]
 14 [ 0 599:604]
 -5 [ 0 612:612]

y[5278] = 1.0
Vehicle: 204  Cost: 47.30
Route: 2 123 66 65 33 -2 
  2 [ 6 129:144]
123 [10 155:160]
 66 [ 8 174:179]
 65 [ 5 185:190]
 33 [ 4 300:305]
 -2 [ 4 314:314]

y[8040] = 1.0
Vehicle: 411  Cost: 48.33
Route: 4 68 124 74 47 103 87 -4 
  4 [ 9 111:126]
 68 [ 6 143:148]
124 [ 8 148:153]
 74 [ 5 164:169]
 47 [ 2 300:305]
103 [ 6 305:310]
 87 [ 7 316:321]
 -4 [ 7 325:325]

y[8772] = 1.0
Vehicle: 404  Cost: 80.08
Route: 4 32 92 19 16 82 34 93 105 31 -4 
  4 [10  79: 94]
 32 [ 6 109:114]
 92 [ 7 114:119]
 19 [ 5 128:133]
 16 [ 4 144:149]
 82 [ 5 149:154]
 34 [ 3 161:166]
 93 [ 7 166:171]
105 [ 9 173:178]
 31 [ 8 194:199]
 -4 [ 8 219:219]

y[9109] = 1.0000000000002989
Vehicle: 308  Cost: 119.69
Route: 3 6 7 84 21 76 -3 
  3 [10 151:166]
  6 [ 8 214:219]
  7 [ 4 300:305]
 84 [ 7 309:314]
 21 [ 6 321:326]
 76 [ 3 334:339]
 -3 [ 3 385:385]

y[9370] = 1.0
Vehicle: 301  Cost: 53.95
Route: 3 88 25 37 97 -3 
  3 [ 8 151:166]
 88 [ 9 191:196]
 25 [ 5 196:201]
 37 [ 1 300:305]
 97 [ 3 305:310]
 -3 [ 3 326:326]

y[9469] = 1.0
Vehicle: 305  Cost: 107.77
Route: 3 96 13 61 69 79 90 104 -3 
  3 [ 9  43: 58]
 96 [10  76: 81]
 13 [ 9  98:103]
 61 [ 5 112:117]
 69 [ 1 129:134]
 79 [ 2 146:151]
 90 [ 3 157:162]
104 [ 7 183:188]
 -3 [ 7 201:201]

y[9713] = 1.0
Vehicle: 201  Cost: 96.58
Route: 2 63 117 71 121 30 99 -2 
  2 [10 129:144]
 63 [ 6 168:173]
117 [ 8 173:178]
 71 [ 6 196:201]
121 [10 226:231]
 30 [ 6 300:305]
 99 [10 316:321]
 -2 [10 334:334]

y[12350] = 1.0
Vehicle: 307  Cost: 54.25
Route: 3 29 91 62 86 22 102 -3 
  3 [ 7 151:166]
 29 [ 5 184:189]
 91 [ 9 189:194]
 62 [ 8 202:207]
 86 [10 300:305]
 22 [ 6 305:310]
102 [ 9 320:325]
 -3 [ 9 338:338]

y[12823] = 1.0
Vehicle: 306  Cost: 92.54
Route: 3 77 70 59 114 41 -3 
  3 [10 125:292]
 77 [ 9 300:305]
 70 [ 5 336:341]
 59 [ 4 355:360]
114 [ 5 360:365]
 41 [ 1 420:425]
 -3 [ 1 455:455]

y[13336] = 1.0000000000005782
Vehicle: 406  Cost: 128.36
Route: 4 8 12 27 56 112 122 94 -4 
  4 [10  81: 96]
  8 [ 9 119:124]
 12 [ 7 153:158]
 27 [ 3 164:169]
 56 [ 0 176:181]
112 [ 4 196:201]
122 [ 6 300:305]
 94 [ 7 317:322]
 -4 [ 7 353:353]

y[14390] = 1.0
Vehicle: 408  Cost: 17.89
Route: 4 60 -4 
  4 [ 2  81: 96]
 60 [ 0 105:110]
 -4 [ 0 119:119]

y[14667] = 1.0
Vehicle: 409  Cost: 67.02
Route: 4 52 107 9 85 20 36 -4 
  4 [10 111:274]
 52 [ 6 300:305]
107 [ 9 305:310]
  9 [ 5 314:319]
 85 [ 8 323:328]
 20 [ 7 328:333]
 36 [ 6 420:425]
 -4 [ 6 454:454]

y[15436] = 1.0
Vehicle: 303  Cost: 92.77
Route: 3 43 24 113 109 55 67 106 -3 
  3 [10 151:166]
 43 [ 6 172:177]
 24 [ 4 191:196]
113 [ 6 218:223]
109 [ 7 235:240]
 55 [ 4 240:245]
 67 [ 3 256:261]
106 [ 5 269:274]
 -3 [ 5 294:294]

y[16089] = 1.0
Vehicle: 402  Cost: 97.54
Route: 4 39 98 115 26 11 81 110 15 -4 
  4 [ 8 116:131]
 39 [ 5 151:156]
 98 [ 8 156:161]
115 [ 9 171:176]
 26 [ 6 192:197]
 11 [ 5 300:305]
 81 [ 9 305:310]
110 [10 326:331]
 15 [ 9 336:341]
 -4 [ 9 366:366]

FE: 3
SE: 22
!MIP-----
2027.2914982521768,5400.263370990753,0.024105991937880815,3,22,16059,19167

