--Parameters Information--
speed=1
run=5
iteration= 100000
batch=100
restartPeriod=10000
largeRemovalOccurrence=500
initialLNS=250
lowerBoundSmallRemoval=4
smallRemoval=0.2
lowerBoundLargeRemoval=0.55
largeRemoval=0.8
initialWeight=1.0
decayRate=0.1
gamma1=9.0
gamma2=5.0
gamma3=2.0
gamma4=0.0
coolingRate=0.9995
temperatureControlParameter=0.05
initialAcceptanceProbability=0.5
perturbation=0.5
perturbationFactor=0.01
split=20000

Setup: Split
Data: B_50_4

Run: 1
Total Cost: 1230.65
Vehicle: 11  Cost: 65.97
Route: 1 2 -2 -1 
 1 [ 36   0:  0 [10, 32, 12, 41, 30, 40, 7, 27, 8, 15, 29, 42]]
 2 [  0  33: 33 []]
-2 [  7  33:432 [59, 52, 64, 56]]
-1 [  7 465:465 [59, 52, 64, 56]]

Vehicle: 12  Cost: 147.11
Route: 1 5 -5 -1 
 1 [ 66   0:  0 [18, 23, 28, 33, 9, 17, 25, 35, 24, 13, 14, 11, 37, 21, 38, 36, 39, 20, 26, 6, 19, 22, 31, 16, 34]]
 5 [  0  74: 74 []]
-5 [ 49  74:479 [49, 60, 47, 46, 63, 58, 50, 51, 53, 55, 43, 44, 57, 62, 45, 65, 48, 54, 61]]
-1 [ 49 553:553 [49, 60, 47, 46, 63, 58, 50, 51, 53, 55, 43, 44, 57, 62, 45, 65, 48, 54, 61]]

Vehicle: 201  Cost: 85.25
Route: 2 8 30 32 -2 
  2 [ 9  33:267]
  8 [ 5 300:305]
 30 [ 2 311:316]
 32 [ 0 420:425]
 -2 [ 0 456:456]

Vehicle: 202  Cost: 103.81
Route: 2 59 27 41 12 -2 
  2 [ 9  33:293]
 59 [10 300:305]
 27 [ 7 324:329]
 41 [ 4 361:366]
 12 [ 1 376:381]
 -2 [ 1 417:417]

Vehicle: 203  Cost: 121.50
Route: 2 56 29 64 40 10 52 -2 
  2 [ 9  33:141]
 56 [10 180:185]
 29 [ 6 197:202]
 64 [10 215:220]
 40 [ 8 220:225]
 10 [ 5 300:305]
 52 [ 6 316:321]
 -2 [ 6 347:347]

Vehicle: 204  Cost: 56.96
Route: 2 15 7 42 -2 
  2 [ 9  33: 48]
 15 [ 5  59: 64]
  7 [ 2  83: 88]
 42 [ 0 300:305]
 -2 [ 0 323:323]

Vehicle: 501  Cost: 19.79
Route: 5 6 43 14 46 -5 
  5 [ 6  74:290]
  6 [ 3 300:305]
 43 [ 6 305:310]
 14 [ 3 319:324]
 46 [ 6 324:329]
 -5 [ 6 330:330]

Vehicle: 502  Cost: 168.98
Route: 5 11 38 63 44 9 60 28 61 37 -5 
  5 [ 9  74: 89]
 11 [ 5 131:136]
 38 [ 4 150:155]
 63 [ 6 155:160]
 44 [ 8 180:185]
  9 [ 7 191:196]
 60 [ 9 215:220]
 28 [ 7 240:245]
 61 [ 9 300:305]
 37 [ 8 305:310]
 -5 [ 8 350:350]

Vehicle: 503  Cost: 66.71
Route: 5 34 33 48 17 55 -5 
  5 [ 7  74: 89]
 34 [ 5 115:120]
 33 [ 4 124:129]
 48 [ 5 135:140]
 17 [ 1 420:425]
 55 [ 4 431:436]
 -5 [ 4 457:457]

Vehicle: 504  Cost: 74.56
Route: 5 26 19 47 57 24 54 -5 
  5 [10  74:285]
 26 [ 6 300:305]
 19 [ 2 312:317]
 47 [ 6 326:331]
 57 [ 9 337:342]
 24 [ 7 350:355]
 54 [ 9 370:375]
 -5 [ 9 390:390]

Vehicle: 505  Cost: 100.47
Route: 5 36 62 35 65 18 20 49 -5 
  5 [ 9  74: 89]
 36 [ 8  99:104]
 62 [10 119:124]
 35 [ 6 128:133]
 65 [10 156:161]
 18 [ 8 300:305]
 20 [ 6 324:329]
 49 [10 329:334]
 -5 [10 355:355]

Vehicle: 506  Cost: 46.32
Route: 5 13 51 23 -5 
  5 [ 8  74: 89]
 13 [ 4 105:110]
 51 [ 6 300:305]
 23 [ 2 305:310]
 -5 [ 2 325:325]

Vehicle: 507  Cost: 81.20
Route: 5 31 21 22 50 -5 
  5 [10  74: 89]
 31 [ 8 103:108]
 21 [ 4 300:305]
 22 [ 0 420:425]
 50 [ 1 425:430]
 -5 [ 1 464:464]

Vehicle: 508  Cost: 92.03
Route: 5 16 58 45 25 53 39 -5 
  5 [ 7  74: 89]
 16 [ 5  92: 97]
 58 [ 8 116:121]
 45 [10 134:139]
 25 [ 6 148:153]
 53 [10 153:158]
 39 [ 9 300:305]
 -5 [ 9 344:344]

Total Cost: 1230.65
 11:65.97, 36:75 [1, 2, -2, -1]
 12:147.11, 66:75 [1, 5, -5, -1]
201:85.25, 9:10 [2, 8, 30, 32, -2]
202:103.81, 10:10 [2, 59, 27, 41, 12, -2]
203:121.50, 10:10 [2, 56, 29, 64, 40, 10, 52, -2]
204:56.96, 9:10 [2, 15, 7, 42, -2]
501:19.79, 6:10 [5, 6, 43, 14, 46, -5]
502:168.98, 9:10 [5, 11, 38, 63, 44, 9, 60, 28, 61, 37, -5]
503:66.71, 7:10 [5, 34, 33, 48, 17, 55, -5]
504:74.56, 10:10 [5, 26, 19, 47, 57, 24, 54, -5]
505:100.47, 10:10 [5, 36, 62, 35, 65, 18, 20, 49, -5]
506:46.32, 8:10 [5, 13, 51, 23, -5]
507:81.20, 10:10 [5, 31, 21, 22, 50, -5]
508:92.03, 10:10 [5, 16, 58, 45, 25, 53, 39, -5]
fe: 2, se: 12

!ALNS------------
100000,1230.6522732782278,141.935,98.947,2,12,0.68,0.9,30.0,5.0
6 4 3 1 0 0 7 0 
9.891754343374656 21.243482413745078 9.757879339483017 12.880443347313703 58.89353013291361 NaN 13.794533212457022 28.259531596558713 
1 2 4 3 2 2 5 2 
14.400414356469016 15.261128092716545 14.909382217292737 12.23829126096715 14.14163531707147 14.06223577048864 15.024454778612903 13.724077611209296 

x[1340] = 1.0
Vehicle: 12  Cost: 155.30
Route: 1 4 5 -5 -4 -1 
 1 [ 74   0:  0 [19, 17, 18, 31, 28, 11, 35, 21, 23, 20, 33, 25, 16, 34, 9, 39, 36, 6, 27, 40, 10, 29, 26, 13, 14, 24, 38, 37]]
 4 [ 61  53: 68 [19, 17, 18, 31, 28, 11, 35, 23, 20, 33, 25, 16, 34, 9, 39, 36, 6, 10, 26, 13, 14, 24, 38, 37]]
 5 [  0  93: 93 []]
-5 [ 48  93:472 [55, 51, 53, 47, 49, 44, 48, 60, 45, 61, 65, 54, 43, 63, 62, 58, 57, 46]]
-4 [ 53 496:511 [64, 55, 51, 53, 47, 49, 44, 48, 60, 45, 61, 65, 54, 43, 63, 52, 62, 58, 57, 46]]
-1 [ 53 564:564 [55, 51, 53, 47, 49, 44, 48, 60, 45, 61, 65, 54, 43, 63, 64, 52, 62, 58, 57, 46]]

x[1992] = 1.0
Vehicle: 11  Cost: 65.97
Route: 1 2 -2 -1 
 1 [ 28   0:  0 [7, 30, 22, 15, 41, 32, 8, 12, 42]]
 2 [  0  33: 33 []]
-2 [  3  33:485 [50, 59, 56]]
-1 [  3 518:518 [50, 59, 56]]

y[210] = 1.0
Vehicle: 505  Cost: 125.49
Route: 5 36 35 62 24 57 18 47 39 -5 
  5 [10 109:124]
 36 [ 9 134:139]
 35 [ 5 153:158]
 62 [ 7 163:168]
 24 [ 5 300:305]
 57 [ 8 313:318]
 18 [ 6 332:337]
 47 [10 346:351]
 39 [ 9 374:379]
 -5 [ 9 418:418]

y[891] = 1.0
Vehicle: 204  Cost: 56.96
Route: 2 15 7 42 -2 
  2 [ 9 245:260]
 15 [ 5 271:276]
  7 [ 2 296:301]
 42 [ 0 309:314]
 -2 [ 0 332:332]

y[1875] = 1.0
Vehicle: 503  Cost: 66.71
Route: 5 34 33 48 17 55 -5 
  5 [ 7 142:157]
 34 [ 5 183:188]
 33 [ 4 192:197]
 48 [ 5 203:208]
 17 [ 1 420:425]
 55 [ 4 431:436]
 -5 [ 4 457:457]

y[2007] = 1.0
Vehicle: 201  Cost: 103.84
Route: 2 56 8 30 32 -2 
  2 [ 9 245:260]
 56 [10 299:304]
  8 [ 6 317:322]
 30 [ 3 328:333]
 32 [ 1 420:425]
 -2 [ 1 456:456]

y[2133] = 1.0
Vehicle: 401  Cost: 56.37
Route: 4 21 27 -4 
  4 [ 7 103:281]
 21 [ 3 300:305]
 27 [ 0 315:320]
 -4 [ 0 347:347]

y[2750] = 1.0
Vehicle: 503  Cost: 46.32
Route: 5 13 51 23 -5 
  5 [ 8 109:124]
 13 [ 4 140:145]
 51 [ 6 300:305]
 23 [ 2 305:310]
 -5 [ 2 325:325]

y[2998] = 1.0
Vehicle: 501  Cost: 44.89
Route: 5 26 54 19 49 20 -5 
  5 [10 142:285]
 26 [ 6 300:305]
 54 [ 8 305:310]
 19 [ 4 317:322]
 49 [ 8 324:329]
 20 [ 6 329:334]
 -5 [ 6 355:355]

y[3849] = 0.9999999999999998
Vehicle: 401  Cost: 71.89
Route: 4 29 40 64 52 -4 
  4 [ 6  53: 68]
 29 [ 2 103:108]
 40 [ 0 180:185]
 64 [ 4 185:190]
 52 [ 5 300:305]
 -4 [ 5 316:316]

y[4598] = 1.0
Vehicle: 507  Cost: 2.00
Route: 5 46 14 -5 
  5 [ 3  93:299]
 46 [ 6 300:305]
 14 [ 3 305:310]
 -5 [ 3 311:311]

y[4621] = 1.0
Vehicle: 502  Cost: 168.98
Route: 5 11 38 63 44 9 60 28 37 61 -5 
  5 [ 9  93:108]
 11 [ 5 150:155]
 38 [ 4 169:174]
 63 [ 6 174:179]
 44 [ 8 199:204]
  9 [ 7 210:215]
 60 [ 9 234:239]
 28 [ 7 259:264]
 37 [ 6 300:305]
 61 [ 8 305:310]
 -5 [ 8 350:350]

y[5081] = 1.0
Vehicle: 508  Cost: 85.95
Route: 5 16 45 53 25 65 -5 
  5 [ 6 109:124]
 16 [ 4 127:132]
 45 [ 6 163:168]
 53 [10 178:183]
 25 [ 6 183:188]
 65 [10 195:200]
 -5 [10 235:235]

y[5874] = 1.0
Vehicle: 202  Cost: 116.17
Route: 2 12 41 50 22 59 -2 
  2 [10  89:264]
 12 [ 7 300:305]
 41 [ 4 314:319]
 50 [ 5 420:425]
 22 [ 1 425:430]
 59 [ 2 458:463]
 -2 [ 2 470:470]

y[5929] = 1.0
Vehicle: 502  Cost: 60.79
Route: 5 31 58 10 43 6 -5 
  5 [ 8  93:108]
 31 [ 6 122:127]
 58 [ 9 145:150]
 10 [ 6 300:305]
 43 [ 9 318:323]
  6 [ 6 323:328]
 -5 [ 6 338:338]

FE: 2
SE: 13
!MIP-----
1227.6352350780976,18.1393039226532,0.0,2,13,3718,6233

Run: 2
Total Cost: 1217.42
Vehicle: 11  Cost: 65.97
Route: 1 2 -2 -1 
 1 [ 27   0:  0 [30, 27, 12, 41, 32, 8, 7, 42, 15]]
 2 [  0  33: 33 []]
-2 [  2  33:471 [59, 56]]
-1 [  2 504:504 [59, 56]]

Vehicle: 12  Cost: 155.30
Route: 1 4 5 -5 -4 -1 
 1 [ 75   0:  0 [6, 28, 36, 34, 21, 16, 39, 35, 33, 26, 22, 37, 23, 18, 40, 20, 38, 25, 17, 14, 31, 19, 24, 11, 10, 13, 9, 29]]
 4 [ 56  53: 68 [6, 28, 36, 34, 16, 39, 35, 33, 26, 37, 23, 18, 20, 38, 25, 17, 14, 19, 24, 11, 13, 9]]
 5 [  0  93: 93 []]
-5 [ 48  93:472 [44, 54, 46, 61, 45, 51, 57, 55, 62, 58, 63, 60, 47, 43, 49, 65, 53, 48]]
-4 [ 54 496:511 [64, 44, 50, 54, 46, 61, 45, 51, 57, 55, 62, 58, 63, 60, 47, 43, 49, 65, 52, 53, 48]]
-1 [ 54 564:564 [44, 64, 50, 54, 46, 61, 45, 51, 57, 55, 62, 58, 63, 60, 47, 43, 49, 65, 52, 53, 48]]

Vehicle: 201  Cost: 56.96
Route: 2 15 7 42 -2 
  2 [ 9  33: 48]
 15 [ 5  59: 64]
  7 [ 2  83: 88]
 42 [ 0 300:305]
 -2 [ 0 323:323]

Vehicle: 202  Cost: 103.84
Route: 2 56 8 30 32 -2 
  2 [ 9  33:141]
 56 [10 180:185]
  8 [ 6 300:305]
 30 [ 3 311:316]
 32 [ 1 420:425]
 -2 [ 1 456:456]

Vehicle: 203  Cost: 103.81
Route: 2 12 41 27 59 -2 
  2 [ 9  33:264]
 12 [ 6 300:305]
 41 [ 3 314:319]
 27 [ 0 352:357]
 59 [ 1 376:381]
 -2 [ 1 387:387]

Vehicle: 401  Cost: 73.38
Route: 4 31 22 50 21 -4 
  4 [10  53: 68]
 31 [ 8  79: 84]
 22 [ 4 420:425]
 50 [ 5 425:430]
 21 [ 1 442:447]
 -4 [ 1 467:467]

Vehicle: 402  Cost: 89.30
Route: 4 29 40 64 52 10 -4 
  4 [ 9  53: 68]
 29 [ 5 103:108]
 40 [ 3 180:185]
 64 [ 7 185:190]
 52 [ 8 300:305]
 10 [ 5 316:321]
 -4 [ 5 338:338]

Vehicle: 501  Cost: 66.71
Route: 5 34 33 48 17 55 -5 
  5 [ 7  93:108]
 34 [ 5 134:139]
 33 [ 4 143:148]
 48 [ 5 154:159]
 17 [ 1 420:425]
 55 [ 4 431:436]
 -5 [ 4 457:457]

Vehicle: 502  Cost: 46.32
Route: 5 13 23 51 -5 
  5 [ 8  93:108]
 13 [ 4 124:129]
 23 [ 0 300:305]
 51 [ 2 305:310]
 -5 [ 2 325:325]

Vehicle: 503  Cost: 92.03
Route: 5 16 58 45 25 53 39 -5 
  5 [ 7  93:108]
 16 [ 5 111:116]
 58 [ 8 135:140]
 45 [10 153:158]
 25 [ 6 168:173]
 53 [10 173:178]
 39 [ 9 300:305]
 -5 [ 9 344:344]

Vehicle: 504  Cost: 74.56
Route: 5 26 19 47 57 24 54 -5 
  5 [10  93:285]
 26 [ 6 300:305]
 19 [ 2 312:317]
 47 [ 6 326:331]
 57 [ 9 337:342]
 24 [ 7 350:355]
 54 [ 9 370:375]
 -5 [ 9 390:390]

Vehicle: 505  Cost: 100.47
Route: 5 36 62 35 65 18 20 49 -5 
  5 [ 9  93:108]
 36 [ 8 118:123]
 62 [10 138:143]
 35 [ 6 147:152]
 65 [10 175:180]
 18 [ 8 300:305]
 20 [ 6 324:329]
 49 [10 329:334]
 -5 [10 355:355]

Vehicle: 506  Cost: 19.79
Route: 5 14 46 43 6 -5 
  5 [ 6  93:299]
 14 [ 3 300:305]
 46 [ 6 305:310]
 43 [ 9 319:324]
  6 [ 6 324:329]
 -5 [ 6 339:339]

Vehicle: 507  Cost: 168.98
Route: 5 11 38 63 44 9 60 28 37 61 -5 
  5 [ 9  93:108]
 11 [ 5 150:155]
 38 [ 4 169:174]
 63 [ 6 174:179]
 44 [ 8 199:204]
  9 [ 7 210:215]
 60 [ 9 234:239]
 28 [ 7 259:264]
 37 [ 6 300:305]
 61 [ 8 305:310]
 -5 [ 8 350:350]

Total Cost: 1217.42
 11:65.97, 27:75 [1, 2, -2, -1]
 12:155.30, 75:75 [1, 4, 5, -5, -4, -1]
201:56.96, 9:10 [2, 15, 7, 42, -2]
202:103.84, 10:10 [2, 56, 8, 30, 32, -2]
203:103.81, 9:10 [2, 12, 41, 27, 59, -2]
401:73.38, 10:10 [4, 31, 22, 50, 21, -4]
402:89.30, 9:10 [4, 29, 40, 64, 52, 10, -4]
501:66.71, 7:10 [5, 34, 33, 48, 17, 55, -5]
502:46.32, 8:10 [5, 13, 23, 51, -5]
503:92.03, 10:10 [5, 16, 58, 45, 25, 53, 39, -5]
504:74.56, 10:10 [5, 26, 19, 47, 57, 24, 54, -5]
505:100.47, 10:10 [5, 36, 62, 35, 65, 18, 20, 49, -5]
506:19.79, 9:10 [5, 14, 46, 43, 6, -5]
507:168.98, 9:10 [5, 11, 38, 63, 44, 9, 60, 28, 37, 61, -5]
fe: 2, se: 12

!ALNS------------
100000,1217.4192292628522,173.518,97.397,2,12,0.68,0.9166666666666666,30.0,5.0
4 11 5 6 0 0 1 0 
9.816513769910516 20.247522080912894 9.798482206074302 9.371380473955748 NaN 18.02900298639325 14.868803235834008 29.278700046318168 
4 2 1 8 3 4 2 3 
14.19603798050874 12.417143446806651 12.822263435744091 12.265271423836412 15.923526698718785 13.29820350544713 16.6015568975196 12.07330884510186 

x[1077] = 1.0
Vehicle: 12  Cost: 155.30
Route: 1 4 5 -5 -4 -1 
 1 [ 75   0:  0 [23, 40, 39, 11, 17, 35, 33, 13, 24, 26, 20, 10, 14, 29, 16, 28, 21, 37, 6, 22, 9, 18, 34, 19, 36, 31, 25, 38]]
 4 [ 56  53: 68 [23, 39, 11, 17, 35, 33, 13, 24, 26, 20, 14, 16, 28, 37, 6, 9, 18, 34, 19, 36, 25, 38]]
 5 [  0  93: 93 []]
-5 [ 48  93:540 [62, 49, 61, 54, 63, 57, 51, 46, 58, 60, 45, 44, 55, 43, 65, 47, 48, 53]]
-4 [ 54 564:579 [64, 62, 49, 61, 54, 63, 57, 51, 46, 58, 60, 45, 50, 44, 55, 43, 65, 47, 48, 52, 53]]
-1 [ 54 632:632 [64, 62, 49, 61, 54, 63, 57, 51, 46, 58, 60, 45, 50, 44, 55, 43, 65, 47, 48, 52, 53]]

x[1826] = 1.0
Vehicle: 11  Cost: 65.97
Route: 1 2 -2 -1 
 1 [ 27   0:  0 [15, 7, 27, 32, 12, 8, 42, 41, 30]]
 2 [  0  33: 33 []]
-2 [  2  33:478 [59, 56]]
-1 [  2 511:511 [59, 56]]

y[17] = 1.0
Vehicle: 401  Cost: 73.38
Route: 4 31 22 50 21 -4 
  4 [10 206:221]
 31 [ 8 231:236]
 22 [ 4 420:425]
 50 [ 5 425:430]
 21 [ 1 442:447]
 -4 [ 1 467:467]

y[1296] = 1.0
Vehicle: 505  Cost: 100.47
Route: 5 36 62 35 65 18 20 49 -5 
  5 [ 9  93:108]
 36 [ 8 118:123]
 62 [10 138:143]
 35 [ 6 147:152]
 65 [10 175:180]
 18 [ 8 300:305]
 20 [ 6 324:329]
 49 [10 329:334]
 -5 [10 355:355]

y[1351] = 1.0
Vehicle: 504  Cost: 46.32
Route: 5 13 51 23 -5 
  5 [ 8 118:133]
 13 [ 4 149:154]
 51 [ 6 300:305]
 23 [ 2 305:310]
 -5 [ 2 325:325]

y[1672] = 1.0
Vehicle: 202  Cost: 56.96
Route: 2 15 7 42 -2 
  2 [ 9 245:260]
 15 [ 5 271:276]
  7 [ 2 296:301]
 42 [ 0 309:314]
 -2 [ 0 332:332]

y[1806] = 1.0
Vehicle: 203  Cost: 103.81
Route: 2 59 27 41 12 -2 
  2 [ 9 243:293]
 59 [10 300:305]
 27 [ 7 324:329]
 41 [ 4 361:366]
 12 [ 1 376:381]
 -2 [ 1 417:417]

y[1826] = 1.0
Vehicle: 502  Cost: 19.79
Route: 5 14 46 6 43 -5 
  5 [ 6  93:299]
 14 [ 3 300:305]
 46 [ 6 305:310]
  6 [ 3 319:324]
 43 [ 6 324:329]
 -5 [ 6 339:339]

y[2832] = 1.0
Vehicle: 507  Cost: 168.98
Route: 5 11 38 63 44 9 60 28 37 61 -5 
  5 [ 9  93:108]
 11 [ 5 150:155]
 38 [ 4 169:174]
 63 [ 6 174:179]
 44 [ 8 199:204]
  9 [ 7 210:215]
 60 [ 9 234:239]
 28 [ 7 259:264]
 37 [ 6 300:305]
 61 [ 8 305:310]
 -5 [ 8 350:350]

y[3205] = 1.0
Vehicle: 501  Cost: 66.71
Route: 5 34 33 48 17 55 -5 
  5 [ 7 109:124]
 34 [ 5 150:155]
 33 [ 4 159:164]
 48 [ 5 170:175]
 17 [ 1 420:425]
 55 [ 4 431:436]
 -5 [ 4 457:457]

y[3790] = 1.0
Vehicle: 201  Cost: 103.84
Route: 2 56 8 30 32 -2 
  2 [ 9 245:260]
 56 [10 299:304]
  8 [ 6 317:322]
 30 [ 3 328:333]
 32 [ 1 420:425]
 -2 [ 1 456:456]

y[4424] = 1.0
Vehicle: 402  Cost: 89.30
Route: 4 29 40 64 52 10 -4 
  4 [ 9 206:221]
 29 [ 5 256:261]
 40 [ 3 275:280]
 64 [ 7 280:285]
 52 [ 8 300:305]
 10 [ 5 316:321]
 -4 [ 5 338:338]

y[4648] = 1.0
Vehicle: 503  Cost: 92.03
Route: 5 16 58 45 25 53 39 -5 
  5 [ 7 142:157]
 16 [ 5 160:165]
 58 [ 8 184:189]
 45 [10 202:207]
 25 [ 6 217:222]
 53 [10 222:227]
 39 [ 9 300:305]
 -5 [ 9 344:344]

y[4908] = 1.0
Vehicle: 504  Cost: 74.56
Route: 5 26 19 47 57 24 54 -5 
  5 [10 142:285]
 26 [ 6 300:305]
 19 [ 2 312:317]
 47 [ 6 326:331]
 57 [ 9 337:342]
 24 [ 7 350:355]
 54 [ 9 370:375]
 -5 [ 9 390:390]

FE: 2
SE: 12
!MIP-----
1217.4192292628522,30.634814977645874,0.0,2,12,3583,5772

Run: 3
Total Cost: 1233.77
Vehicle: 11  Cost: 65.97
Route: 1 2 -2 -1 
 1 [ 33   0:  0 [29, 42, 32, 27, 12, 30, 41, 8, 40, 7, 15]]
 2 [  0  33: 33 []]
-2 [  7  33:402 [52, 64, 56, 59]]
-1 [  7 435:435 [52, 64, 56, 59]]

Vehicle: 12  Cost: 147.11
Route: 1 5 -5 -1 
 1 [ 69   0:  0 [11, 24, 17, 9, 22, 26, 20, 36, 25, 21, 14, 28, 38, 33, 10, 35, 19, 34, 18, 31, 39, 16, 13, 37, 6, 23]]
 5 [  0  74: 74 []]
-5 [ 49  74:484 [65, 49, 54, 61, 50, 47, 51, 48, 57, 63, 62, 55, 46, 58, 44, 53, 60, 45, 43]]
-1 [ 49 557:557 [65, 49, 54, 61, 50, 47, 51, 48, 57, 63, 62, 55, 46, 58, 44, 53, 60, 45, 43]]

Vehicle: 201  Cost: 56.96
Route: 2 15 7 42 -2 
  2 [ 9  33: 48]
 15 [ 5  59: 64]
  7 [ 2  83: 88]
 42 [ 0 300:305]
 -2 [ 0 323:323]

Vehicle: 202  Cost: 85.25
Route: 2 8 30 32 -2 
  2 [ 9  33:267]
  8 [ 5 300:305]
 30 [ 2 311:316]
 32 [ 0 420:425]
 -2 [ 0 456:456]

Vehicle: 204  Cost: 102.45
Route: 2 56 29 40 64 52 -2 
  2 [ 6  33:141]
 56 [ 7 180:185]
 29 [ 3 197:202]
 40 [ 1 215:220]
 64 [ 5 220:225]
 52 [ 6 300:305]
 -2 [ 6 331:331]

Vehicle: 205  Cost: 103.81
Route: 2 12 41 27 59 -2 
  2 [ 9  33:264]
 12 [ 6 300:305]
 41 [ 3 314:319]
 27 [ 0 352:357]
 59 [ 1 376:381]
 -2 [ 1 387:387]

Vehicle: 501  Cost: 44.89
Route: 5 26 54 19 20 49 -5 
  5 [10  74:285]
 26 [ 6 300:305]
 54 [ 8 305:310]
 19 [ 4 317:322]
 20 [ 2 324:329]
 49 [ 6 329:334]
 -5 [ 6 355:355]

Vehicle: 502  Cost: 125.49
Route: 5 36 35 62 24 57 18 47 39 -5 
  5 [10  74: 89]
 36 [ 9  99:104]
 35 [ 5 118:123]
 62 [ 7 128:133]
 24 [ 5 300:305]
 57 [ 8 313:318]
 18 [ 6 332:337]
 47 [10 346:351]
 39 [ 9 374:379]
 -5 [ 9 418:418]

Vehicle: 503  Cost: 68.57
Route: 5 34 33 48 17 55 14 46 -5 
  5 [10  74: 89]
 34 [ 8 115:120]
 33 [ 7 124:129]
 48 [ 8 135:140]
 17 [ 4 420:425]
 55 [ 7 431:436]
 14 [ 4 458:463]
 46 [ 7 463:468]
 -5 [ 7 469:469]

Vehicle: 504  Cost: 46.32
Route: 5 13 23 51 -5 
  5 [ 8  74: 89]
 13 [ 4 105:110]
 23 [ 0 300:305]
 51 [ 2 305:310]
 -5 [ 2 325:325]

Vehicle: 505  Cost: 85.86
Route: 5 45 53 25 65 -5 
  5 [ 4  74: 89]
 45 [ 6 123:128]
 53 [10 137:142]
 25 [ 6 142:147]
 65 [10 154:159]
 -5 [10 194:194]

Vehicle: 506  Cost: 50.91
Route: 5 16 58 10 43 6 -5 
  5 [ 8  74: 89]
 16 [ 6  92: 97]
 58 [ 9 116:121]
 10 [ 6 300:305]
 43 [ 9 318:323]
  6 [ 6 323:328]
 -5 [ 6 338:338]

Vehicle: 507  Cost: 168.98
Route: 5 11 38 63 44 9 60 28 37 61 -5 
  5 [ 9  74: 89]
 11 [ 5 131:136]
 38 [ 4 150:155]
 63 [ 6 155:160]
 44 [ 8 180:185]
  9 [ 7 191:196]
 60 [ 9 215:220]
 28 [ 7 240:245]
 37 [ 6 300:305]
 61 [ 8 305:310]
 -5 [ 8 350:350]

Vehicle: 508  Cost: 81.20
Route: 5 31 21 50 22 -5 
  5 [10  74: 89]
 31 [ 8 103:108]
 21 [ 4 300:305]
 50 [ 5 420:425]
 22 [ 1 425:430]
 -5 [ 1 464:464]

Total Cost: 1233.77
 11:65.97, 33:75 [1, 2, -2, -1]
 12:147.11, 69:75 [1, 5, -5, -1]
201:56.96, 9:10 [2, 15, 7, 42, -2]
202:85.25, 9:10 [2, 8, 30, 32, -2]
204:102.45, 7:10 [2, 56, 29, 40, 64, 52, -2]
205:103.81, 9:10 [2, 12, 41, 27, 59, -2]
501:44.89, 10:10 [5, 26, 54, 19, 20, 49, -5]
502:125.49, 10:10 [5, 36, 35, 62, 24, 57, 18, 47, 39, -5]
503:68.57, 10:10 [5, 34, 33, 48, 17, 55, 14, 46, -5]
504:46.32, 8:10 [5, 13, 23, 51, -5]
505:85.86, 10:10 [5, 45, 53, 25, 65, -5]
506:50.91, 9:10 [5, 16, 58, 10, 43, 6, -5]
507:168.98, 9:10 [5, 11, 38, 63, 44, 9, 60, 28, 37, 61, -5]
508:81.20, 10:10 [5, 31, 21, 50, 22, -5]
fe: 2, se: 12

!ALNS------------
100000,1233.7680015514327,152.217,86.229,2,12,0.68,0.9166666666666666,30.0,5.0
4 9 8 3 0 0 6 0 
11.438313175405392 23.50392632986472 9.0329033675163 12.817102402163119 89.98746097173684 40.88315130908494 14.858484901939166 27.319129299328807 
0 5 5 5 4 4 4 3 
14.956426937662743 13.798125142298694 16.08718985975863 13.022449754813232 14.794403605700465 15.325431524233904 18.413881794102767 16.648819623248237 

x[1166] = 1.0
Vehicle: 11  Cost: 65.97
Route: 1 2 -2 -1 
 1 [ 36   0:  0 [12, 15, 27, 30, 29, 8, 42, 40, 7, 41, 10, 32]]
 2 [  0  33: 33 []]
-2 [ 10  33:471 [52, 64, 59, 58, 56]]
-1 [ 10 504:504 [52, 64, 59, 58, 56]]

x[1191] = 1.0
Vehicle: 12  Cost: 147.11
Route: 1 5 -5 -1 
 1 [ 66   0:  0 [38, 9, 31, 13, 35, 16, 22, 37, 17, 20, 6, 25, 34, 11, 24, 33, 18, 28, 39, 26, 23, 14, 36, 21, 19]]
 5 [  0  74: 74 []]
-5 [ 49  74:503 [57, 63, 43, 50, 45, 61, 55, 60, 46, 47, 51, 58, 48, 65, 53, 44, 62, 49, 54]]
-1 [ 49 577:577 [57, 63, 43, 50, 45, 61, 55, 60, 46, 47, 51, 58, 48, 65, 53, 44, 62, 49, 54]]

y[343] = 1.0
Vehicle: 503  Cost: 68.57
Route: 5 34 33 48 17 55 14 46 -5 
  5 [10 109:124]
 34 [ 8 150:155]
 33 [ 7 159:164]
 48 [ 8 170:175]
 17 [ 4 420:425]
 55 [ 7 431:436]
 14 [ 4 458:463]
 46 [ 7 463:468]
 -5 [ 7 469:469]

y[955] = 1.0
Vehicle: 201  Cost: 56.96
Route: 2 15 7 42 -2 
  2 [ 9 245:260]
 15 [ 5 271:276]
  7 [ 2 296:301]
 42 [ 0 309:314]
 -2 [ 0 332:332]

y[2030] = 1.0
Vehicle: 203  Cost: 103.84
Route: 2 56 8 30 32 -2 
  2 [ 9 245:260]
 56 [10 299:304]
  8 [ 6 317:322]
 30 [ 3 328:333]
 32 [ 1 420:425]
 -2 [ 1 456:456]

y[2465] = 1.0
Vehicle: 205  Cost: 103.81
Route: 2 12 41 27 59 -2 
  2 [ 9  89:264]
 12 [ 6 300:305]
 41 [ 3 314:319]
 27 [ 0 352:357]
 59 [ 1 376:381]
 -2 [ 1 387:387]

y[2541] = 1.0
Vehicle: 505  Cost: 77.79
Route: 5 26 54 19 24 57 47 -5 
  5 [10  93:285]
 26 [ 6 300:305]
 54 [ 8 305:310]
 19 [ 4 317:322]
 24 [ 2 334:339]
 57 [ 5 347:352]
 47 [ 9 357:362]
 -5 [ 9 393:393]

y[3276] = 1.0
Vehicle: 507  Cost: 168.98
Route: 5 11 38 63 44 9 60 28 61 37 -5 
  5 [ 9  92:108]
 11 [ 5 150:155]
 38 [ 4 169:174]
 63 [ 6 174:179]
 44 [ 8 199:204]
  9 [ 7 210:215]
 60 [ 9 234:239]
 28 [ 7 259:264]
 61 [ 9 300:305]
 37 [ 8 305:310]
 -5 [ 8 350:350]

y[3894] = 1.0
Vehicle: 501  Cost: 100.47
Route: 5 36 62 35 65 18 20 49 -5 
  5 [ 9  93:108]
 36 [ 8 118:123]
 62 [10 138:143]
 35 [ 6 147:152]
 65 [10 175:180]
 18 [ 8 300:305]
 20 [ 6 324:329]
 49 [10 329:334]
 -5 [10 355:355]

y[4149] = 1.0
Vehicle: 504  Cost: 46.32
Route: 5 13 51 23 -5 
  5 [ 8 142:157]
 13 [ 4 174:179]
 51 [ 6 300:305]
 23 [ 2 305:310]
 -5 [ 2 325:325]

y[4394] = 1.0
Vehicle: 204  Cost: 118.44
Route: 2 29 40 64 58 10 52 -2 
  2 [ 9 133:148]
 29 [ 5 185:190]
 40 [ 3 203:208]
 64 [ 7 208:213]
 58 [10 238:243]
 10 [ 7 300:305]
 52 [ 8 316:321]
 -2 [ 8 347:347]

y[5613] = 1.0
Vehicle: 508  Cost: 93.59
Route: 5 16 45 25 53 39 6 43 -5 
  5 [10  93:108]
 16 [ 8 111:116]
 45 [10 147:152]
 25 [ 6 162:167]
 53 [10 167:172]
 39 [ 9 300:305]
  6 [ 6 337:342]
 43 [ 9 342:347]
 -5 [ 9 357:357]

y[6263] = 1.0
Vehicle: 508  Cost: 81.20
Route: 5 31 21 50 22 -5 
  5 [10  93:108]
 31 [ 8 122:127]
 21 [ 4 300:305]
 50 [ 5 420:425]
 22 [ 1 425:430]
 -5 [ 1 464:464]

FE: 2
SE: 11
!MIP-----
1233.045469165851,118.85224604606628,7.54335362843719E-5,2,11,4208,6425

Run: 4
Total Cost: 1223.74
Vehicle: 11  Cost: 65.97
Route: 1 2 -2 -1 
 1 [ 33   0:  0 [8, 32, 7, 42, 30, 12, 40, 27, 41, 29, 15]]
 2 [  0  33: 33 []]
-2 [  6  33:402 [64, 59, 56]]
-1 [  6 435:435 [64, 59, 56]]

Vehicle: 12  Cost: 155.30
Route: 1 4 5 -5 -4 -1 
 1 [ 69   0:  0 [39, 34, 18, 6, 23, 26, 21, 19, 28, 25, 22, 10, 17, 11, 37, 35, 20, 16, 33, 9, 38, 36, 24, 13, 14, 31]]
 4 [ 53  53: 68 [39, 34, 18, 23, 26, 19, 28, 25, 17, 11, 37, 35, 20, 16, 33, 9, 38, 36, 24, 13, 14]]
 5 [  0  93: 93 []]
-5 [ 45  93:484 [49, 63, 53, 58, 62, 44, 65, 51, 47, 55, 60, 57, 45, 48, 61, 54, 46]]
-4 [ 50 508:523 [50, 49, 63, 53, 58, 52, 62, 44, 65, 51, 47, 55, 43, 60, 57, 45, 48, 61, 54, 46]]
-1 [ 50 576:576 [50, 49, 63, 53, 58, 52, 62, 44, 65, 51, 47, 55, 43, 60, 57, 45, 48, 61, 54, 46]]

Vehicle: 201  Cost: 103.81
Route: 2 12 41 27 59 -2 
  2 [ 9  33:264]
 12 [ 6 300:305]
 41 [ 3 314:319]
 27 [ 0 352:357]
 59 [ 1 376:381]
 -2 [ 1 387:387]

Vehicle: 202  Cost: 22.09
Route: 2 15 -2 
  2 [ 4  33: 48]
 15 [ 0  59: 64]
 -2 [ 0  75: 75]

Vehicle: 204  Cost: 119.32
Route: 2 29 40 64 56 8 -2 
  2 [10  33: 48]
 29 [ 6  85: 90]
 40 [ 4 180:185]
 64 [ 8 185:190]
 56 [ 9 213:218]
  8 [ 5 300:305]
 -2 [ 5 338:338]

Vehicle: 205  Cost: 90.74
Route: 2 7 30 32 42 -2 
  2 [10  33: 48]
  7 [ 7  73: 78]
 30 [ 4 300:305]
 32 [ 2 420:425]
 42 [ 0 440:445]
 -2 [ 0 463:463]

Vehicle: 401  Cost: 63.31
Route: 4 21 22 50 -4 
  4 [ 8  53:281]
 21 [ 4 300:305]
 22 [ 0 420:425]
 50 [ 1 425:430]
 -4 [ 1 462:462]

Vehicle: 402  Cost: 52.28
Route: 4 31 43 6 10 52 -4 
  4 [ 8  53: 68]
 31 [ 6  79: 84]
 43 [ 9 300:305]
  6 [ 6 305:310]
 10 [ 3 323:328]
 52 [ 4 339:344]
 -4 [ 4 355:355]

Vehicle: 501  Cost: 168.98
Route: 5 11 38 63 44 9 60 28 61 37 -5 
  5 [ 9  93:108]
 11 [ 5 150:155]
 38 [ 4 169:174]
 63 [ 6 174:179]
 44 [ 8 199:204]
  9 [ 7 210:215]
 60 [ 9 234:239]
 28 [ 7 259:264]
 61 [ 9 300:305]
 37 [ 8 305:310]
 -5 [ 8 350:350]

Vehicle: 502  Cost: 46.32
Route: 5 13 51 23 -5 
  5 [ 8  93:108]
 13 [ 4 124:129]
 51 [ 6 300:305]
 23 [ 2 305:310]
 -5 [ 2 325:325]

Vehicle: 503  Cost: 74.56
Route: 5 26 19 47 57 24 54 -5 
  5 [10  93:285]
 26 [ 6 300:305]
 19 [ 2 312:317]
 47 [ 6 326:331]
 57 [ 9 337:342]
 24 [ 7 350:355]
 54 [ 9 370:375]
 -5 [ 9 390:390]

Vehicle: 504  Cost: 92.03
Route: 5 16 58 45 25 53 39 -5 
  5 [ 7  93:108]
 16 [ 5 111:116]
 58 [ 8 135:140]
 45 [10 153:158]
 25 [ 6 168:173]
 53 [10 173:178]
 39 [ 9 300:305]
 -5 [ 9 344:344]

Vehicle: 506  Cost: 100.47
Route: 5 36 62 35 65 18 20 49 -5 
  5 [ 9  93:108]
 36 [ 8 118:123]
 62 [10 138:143]
 35 [ 6 147:152]
 65 [10 175:180]
 18 [ 8 300:305]
 20 [ 6 324:329]
 49 [10 329:334]
 -5 [10 355:355]

Vehicle: 508  Cost: 68.57
Route: 5 34 33 48 17 55 46 14 -5 
  5 [10  93:108]
 34 [ 8 134:139]
 33 [ 7 143:148]
 48 [ 8 154:159]
 17 [ 4 420:425]
 55 [ 7 431:436]
 46 [10 458:463]
 14 [ 7 463:468]
 -5 [ 7 469:469]

Total Cost: 1223.74
 11:65.97, 33:75 [1, 2, -2, -1]
 12:155.30, 69:75 [1, 4, 5, -5, -4, -1]
201:103.81, 9:10 [2, 12, 41, 27, 59, -2]
202:22.09, 4:10 [2, 15, -2]
204:119.32, 10:10 [2, 29, 40, 64, 56, 8, -2]
205:90.74, 10:10 [2, 7, 30, 32, 42, -2]
401:63.31, 8:10 [4, 21, 22, 50, -4]
402:52.28, 9:10 [4, 31, 43, 6, 10, 52, -4]
501:168.98, 9:10 [5, 11, 38, 63, 44, 9, 60, 28, 61, 37, -5]
502:46.32, 8:10 [5, 13, 51, 23, -5]
503:74.56, 10:10 [5, 26, 19, 47, 57, 24, 54, -5]
504:92.03, 10:10 [5, 16, 58, 45, 25, 53, 39, -5]
506:100.47, 10:10 [5, 36, 62, 35, 65, 18, 20, 49, -5]
508:68.57, 10:10 [5, 34, 33, 48, 17, 55, 46, 14, -5]
fe: 2, se: 12

!ALNS------------
100000,1223.7389833364311,135.791,126.983,2,12,0.68,0.8916666666666667,30.0,5.0
5 3 5 1 0 0 4 0 
10.69454256108417 20.674163886113398 11.870428655233285 12.580473037354924 36.97926279436615 16.60335725389483 17.03471291887662 44.45636277319297 
2 3 2 2 2 1 5 1 
17.45668905946681 16.34915142197077 14.260388926584353 16.17887194413701 15.24522708140644 13.512659652666214 15.13763393887978 15.75091090124014 

x[66] = 1.0
Vehicle: 12  Cost: 155.30
Route: 1 4 5 -5 -4 -1 
 1 [ 69   0:  0 [39, 18, 26, 28, 22, 11, 37, 20, 16, 38, 36, 13, 14, 31, 24, 9, 10, 6, 23, 19, 25, 35, 34, 21, 33, 17]]
 4 [ 53  53: 68 [39, 18, 26, 28, 11, 37, 20, 16, 38, 36, 13, 14, 24, 9, 23, 19, 25, 35, 34, 33, 17]]
 5 [  0  93: 93 []]
-5 [ 45  93:473 [63, 53, 44, 65, 57, 61, 54, 47, 48, 49, 46, 58, 55, 45, 62, 60, 51]]
-4 [ 50 497:512 [50, 63, 53, 52, 44, 65, 43, 57, 61, 54, 47, 48, 49, 46, 58, 55, 45, 62, 60, 51]]
-1 [ 50 566:566 [50, 63, 53, 52, 44, 65, 43, 57, 61, 54, 47, 48, 49, 46, 58, 55, 45, 62, 60, 51]]

x[2347] = 1.0
Vehicle: 11  Cost: 65.97
Route: 1 2 -2 -1 
 1 [ 33   0:  0 [40, 7, 29, 8, 42, 32, 15, 41, 12, 30, 27]]
 2 [  0  33: 33 []]
-2 [  9  33:553 [64, 59, 58, 56]]
-1 [  9 586:586 [64, 59, 58, 56]]

y[566] = 1.0
Vehicle: 507  Cost: 2.00
Route: 5 14 46 -5 
  5 [ 3  74:299]
 14 [ 0 300:305]
 46 [ 3 305:310]
 -5 [ 3 311:311]

y[852] = 1.0
Vehicle: 202  Cost: 103.81
Route: 2 59 27 41 12 -2 
  2 [ 9  89:293]
 59 [10 300:305]
 27 [ 7 324:329]
 41 [ 4 361:366]
 12 [ 1 376:381]
 -2 [ 1 417:417]

y[1277] = 1.0
Vehicle: 503  Cost: 100.47
Route: 5 36 62 35 65 18 20 49 -5 
  5 [ 9  93:108]
 36 [ 8 118:123]
 62 [10 138:143]
 35 [ 6 147:152]
 65 [10 175:180]
 18 [ 8 300:305]
 20 [ 6 324:329]
 49 [10 329:334]
 -5 [10 355:355]

y[1756] = 1.0
Vehicle: 401  Cost: 52.28
Route: 4 31 6 43 10 52 -4 
  4 [ 8  53: 68]
 31 [ 6  79: 84]
  6 [ 3 300:305]
 43 [ 6 305:310]
 10 [ 3 323:328]
 52 [ 4 339:344]
 -4 [ 4 355:355]

y[2165] = 1.0
Vehicle: 506  Cost: 92.03
Route: 5 16 58 45 25 53 39 -5 
  5 [ 7  93:108]
 16 [ 5 111:116]
 58 [ 8 135:140]
 45 [10 153:158]
 25 [ 6 168:173]
 53 [10 173:178]
 39 [ 9 300:305]
 -5 [ 9 344:344]

y[2853] = 1.0
Vehicle: 501  Cost: 168.98
Route: 5 11 38 63 44 9 60 28 61 37 -5 
  5 [ 9  93:108]
 11 [ 5 150:155]
 38 [ 4 169:174]
 63 [ 6 174:179]
 44 [ 8 199:204]
  9 [ 7 210:215]
 60 [ 9 234:239]
 28 [ 7 259:264]
 61 [ 9 300:305]
 37 [ 8 305:310]
 -5 [ 8 350:350]

y[3213] = 1.0
Vehicle: 508  Cost: 66.71
Route: 5 34 33 48 17 55 -5 
  5 [ 7 109:124]
 34 [ 5 150:155]
 33 [ 4 159:164]
 48 [ 5 170:175]
 17 [ 1 420:425]
 55 [ 4 431:436]
 -5 [ 4 457:457]

y[3933] = 1.0
Vehicle: 203  Cost: 119.32
Route: 2 29 64 40 56 8 -2 
  2 [10 133:148]
 29 [ 6 185:190]
 64 [10 203:208]
 40 [ 8 208:213]
 56 [ 9 236:241]
  8 [ 5 300:305]
 -2 [ 5 338:338]

y[4459] = 1.0
Vehicle: 202  Cost: 90.74
Route: 2 7 30 32 42 -2 
  2 [10 240:255]
  7 [ 7 280:285]
 30 [ 4 303:308]
 32 [ 2 420:425]
 42 [ 0 440:445]
 -2 [ 0 463:463]

y[4794] = 1.0
Vehicle: 503  Cost: 74.56
Route: 5 26 19 47 57 24 54 -5 
  5 [10  74:285]
 26 [ 6 300:305]
 19 [ 2 312:317]
 47 [ 6 326:331]
 57 [ 9 337:342]
 24 [ 7 350:355]
 54 [ 9 370:375]
 -5 [ 9 390:390]

y[4801] = 1.0
Vehicle: 401  Cost: 63.31
Route: 4 21 22 50 -4 
  4 [ 8 378:393]
 21 [ 4 413:418]
 22 [ 0 430:435]
 50 [ 1 435:440]
 -4 [ 1 472:472]

y[5201] = 1.0
Vehicle: 502  Cost: 46.32
Route: 5 13 23 51 -5 
  5 [ 8 109:124]
 13 [ 4 140:145]
 23 [ 0 300:305]
 51 [ 2 305:310]
 -5 [ 2 325:325]

y[5427] = 1.0
Vehicle: 203  Cost: 22.09
Route: 2 15 -2 
  2 [ 4 256:271]
 15 [ 0 282:287]
 -2 [ 0 298:298]

FE: 2
SE: 13
!MIP-----
1223.87950804606,19.953763961791992,1.165295017121413E-5,2,13,3337,5835

Run: 5
Total Cost: 1217.42
Vehicle: 11  Cost: 65.97
Route: 1 2 -2 -1 
 1 [ 27   0:  0 [15, 12, 8, 32, 27, 42, 30, 41, 7]]
 2 [  0  33: 33 []]
-2 [  2  33:471 [59, 56]]
-1 [  2 504:504 [59, 56]]

Vehicle: 12  Cost: 155.30
Route: 1 4 5 -5 -4 -1 
 1 [ 75   0:  0 [28, 40, 25, 26, 37, 34, 35, 6, 9, 19, 22, 21, 38, 23, 14, 36, 18, 17, 31, 10, 29, 24, 33, 11, 13, 20, 39, 16]]
 4 [ 56  53: 68 [28, 25, 26, 37, 34, 35, 6, 9, 19, 38, 23, 14, 36, 18, 17, 24, 33, 11, 13, 20, 39, 16]]
 5 [  0  93: 93 []]
-5 [ 48  93:472 [55, 54, 53, 60, 51, 63, 43, 46, 61, 57, 62, 58, 44, 65, 48, 45, 47, 49]]
-4 [ 54 496:511 [64, 55, 54, 50, 53, 60, 51, 63, 52, 43, 46, 61, 57, 62, 58, 44, 65, 48, 45, 47, 49]]
-1 [ 54 564:564 [64, 55, 54, 50, 53, 60, 51, 63, 52, 43, 46, 61, 57, 62, 58, 44, 65, 48, 45, 47, 49]]

Vehicle: 201  Cost: 56.96
Route: 2 15 7 42 -2 
  2 [ 9  33: 48]
 15 [ 5  59: 64]
  7 [ 2  83: 88]
 42 [ 0 300:305]
 -2 [ 0 323:323]

Vehicle: 202  Cost: 103.84
Route: 2 56 8 30 32 -2 
  2 [ 9  33:141]
 56 [10 180:185]
  8 [ 6 300:305]
 30 [ 3 311:316]
 32 [ 1 420:425]
 -2 [ 1 456:456]

Vehicle: 204  Cost: 103.81
Route: 2 12 41 27 59 -2 
  2 [ 9  33:264]
 12 [ 6 300:305]
 41 [ 3 314:319]
 27 [ 0 352:357]
 59 [ 1 376:381]
 -2 [ 1 387:387]

Vehicle: 401  Cost: 89.30
Route: 4 29 40 64 52 10 -4 
  4 [ 9  53: 68]
 29 [ 5 103:108]
 40 [ 3 180:185]
 64 [ 7 185:190]
 52 [ 8 300:305]
 10 [ 5 316:321]
 -4 [ 5 338:338]

Vehicle: 402  Cost: 73.38
Route: 4 31 22 50 21 -4 
  4 [10  53: 68]
 31 [ 8  79: 84]
 22 [ 4 420:425]
 50 [ 5 425:430]
 21 [ 1 442:447]
 -4 [ 1 467:467]

Vehicle: 501  Cost: 168.98
Route: 5 11 38 63 44 9 60 28 61 37 -5 
  5 [ 9  93:108]
 11 [ 5 150:155]
 38 [ 4 169:174]
 63 [ 6 174:179]
 44 [ 8 199:204]
  9 [ 7 210:215]
 60 [ 9 234:239]
 28 [ 7 259:264]
 61 [ 9 300:305]
 37 [ 8 305:310]
 -5 [ 8 350:350]

Vehicle: 502  Cost: 92.03
Route: 5 16 58 45 25 53 39 -5 
  5 [ 7  93:108]
 16 [ 5 111:116]
 58 [ 8 135:140]
 45 [10 153:158]
 25 [ 6 168:173]
 53 [10 173:178]
 39 [ 9 300:305]
 -5 [ 9 344:344]

Vehicle: 503  Cost: 46.32
Route: 5 13 23 51 -5 
  5 [ 8  93:108]
 13 [ 4 124:129]
 23 [ 0 300:305]
 51 [ 2 305:310]
 -5 [ 2 325:325]

Vehicle: 504  Cost: 19.79
Route: 5 14 46 43 6 -5 
  5 [ 6  93:299]
 14 [ 3 300:305]
 46 [ 6 305:310]
 43 [ 9 319:324]
  6 [ 6 324:329]
 -5 [ 6 339:339]

Vehicle: 505  Cost: 74.56
Route: 5 26 19 47 57 24 54 -5 
  5 [10  93:285]
 26 [ 6 300:305]
 19 [ 2 312:317]
 47 [ 6 326:331]
 57 [ 9 337:342]
 24 [ 7 350:355]
 54 [ 9 370:375]
 -5 [ 9 390:390]

Vehicle: 506  Cost: 100.47
Route: 5 36 62 35 65 18 20 49 -5 
  5 [ 9  93:108]
 36 [ 8 118:123]
 62 [10 138:143]
 35 [ 6 147:152]
 65 [10 175:180]
 18 [ 8 300:305]
 20 [ 6 324:329]
 49 [10 329:334]
 -5 [10 355:355]

Vehicle: 508  Cost: 66.71
Route: 5 34 33 48 17 55 -5 
  5 [ 7  93:108]
 34 [ 5 134:139]
 33 [ 4 143:148]
 48 [ 5 154:159]
 17 [ 1 420:425]
 55 [ 4 431:436]
 -5 [ 4 457:457]

Total Cost: 1217.42
 11:65.97, 27:75 [1, 2, -2, -1]
 12:155.30, 75:75 [1, 4, 5, -5, -4, -1]
201:56.96, 9:10 [2, 15, 7, 42, -2]
202:103.84, 10:10 [2, 56, 8, 30, 32, -2]
204:103.81, 9:10 [2, 12, 41, 27, 59, -2]
401:89.30, 9:10 [4, 29, 40, 64, 52, 10, -4]
402:73.38, 10:10 [4, 31, 22, 50, 21, -4]
501:168.98, 9:10 [5, 11, 38, 63, 44, 9, 60, 28, 61, 37, -5]
502:92.03, 10:10 [5, 16, 58, 45, 25, 53, 39, -5]
503:46.32, 8:10 [5, 13, 23, 51, -5]
504:19.79, 9:10 [5, 14, 46, 43, 6, -5]
505:74.56, 10:10 [5, 26, 19, 47, 57, 24, 54, -5]
506:100.47, 10:10 [5, 36, 62, 35, 65, 18, 20, 49, -5]
508:66.71, 7:10 [5, 34, 33, 48, 17, 55, -5]
fe: 2, se: 12

!ALNS------------
100000,1217.4192292628522,159.781,95.083,2,12,0.68,0.9166666666666666,30.0,5.0
7 7 8 4 0 0 3 0 
9.958464085855086 22.210404247926256 10.67951412055077 12.684919675623583 NaN 33.54018462344225 13.490995696484527 23.57277332374728 
4 2 5 4 6 2 3 3 
15.247638153664894 14.595840635096462 14.416868052974708 15.019820573577533 16.920079991709184 15.04325906966124 13.11115315005634 14.702946605387432 

x[3375] = 1.0
Vehicle: 11  Cost: 65.97
Route: 1 2 -2 -1 
 1 [ 27   0:  0 [8, 32, 12, 7, 15, 27, 42, 41, 30]]
 2 [  0  33: 33 []]
-2 [  3  33:480 [59, 56, 50]]
-1 [  3 513:513 [59, 56, 50]]

x[5688] = 1.0
Vehicle: 12  Cost: 155.30
Route: 1 4 5 -5 -4 -1 
 1 [ 75   0:  0 [28, 40, 26, 37, 34, 6, 21, 38, 23, 14, 36, 18, 17, 10, 29, 33, 11, 20, 16, 31, 19, 35, 24, 22, 25, 13, 9, 39]]
 4 [ 56  53: 68 [28, 26, 37, 34, 6, 38, 23, 14, 36, 18, 17, 33, 11, 20, 16, 19, 35, 24, 25, 13, 9, 39]]
 5 [  0  93: 93 []]
-5 [ 48  93:534 [55, 63, 46, 61, 44, 49, 43, 51, 54, 58, 62, 57, 65, 53, 60, 47, 45, 48]]
-4 [ 54 558:573 [64, 55, 63, 46, 61, 44, 49, 43, 51, 54, 58, 62, 57, 65, 53, 60, 47, 45, 50, 52, 48]]
-1 [ 54 626:626 [55, 63, 46, 61, 44, 49, 43, 51, 54, 58, 62, 57, 65, 53, 60, 47, 64, 45, 50, 52, 48]]

y[454] = 1.0
Vehicle: 505  Cost: 100.47
Route: 5 36 62 35 65 18 20 49 -5 
  5 [ 9 163:178]
 36 [ 8 188:193]
 62 [10 209:214]
 35 [ 6 218:223]
 65 [10 246:251]
 18 [ 8 300:305]
 20 [ 6 324:329]
 49 [10 329:334]
 -5 [10 355:355]

y[1067] = 1.0
Vehicle: 203  Cost: 56.96
Route: 2 15 7 42 -2 
  2 [ 9 245:260]
 15 [ 5 271:276]
  7 [ 2 296:301]
 42 [ 0 309:314]
 -2 [ 0 332:332]

y[2068] = 1.0
Vehicle: 402  Cost: 73.38
Route: 4 31 50 22 21 -4 
  4 [10  69:128]
 31 [ 8 138:143]
 50 [ 9 420:425]
 22 [ 5 425:430]
 21 [ 1 442:447]
 -4 [ 1 467:467]

y[2093] = 1.0
Vehicle: 504  Cost: 19.79
Route: 5 43 6 46 14 -5 
  5 [ 6  92:290]
 43 [ 9 300:305]
  6 [ 6 305:310]
 46 [ 9 319:324]
 14 [ 6 324:329]
 -5 [ 6 330:330]

y[2402] = 1.0
Vehicle: 202  Cost: 103.84
Route: 2 56 8 30 32 -2 
  2 [ 9 245:260]
 56 [10 299:304]
  8 [ 6 317:322]
 30 [ 3 328:333]
 32 [ 1 420:425]
 -2 [ 1 456:456]

y[2547] = 1.0
Vehicle: 508  Cost: 66.71
Route: 5 34 33 48 17 55 -5 
  5 [ 7 118:133]
 34 [ 5 159:164]
 33 [ 4 168:173]
 48 [ 5 179:184]
 17 [ 1 420:425]
 55 [ 4 431:436]
 -5 [ 4 457:457]

y[2957] = 1.0
Vehicle: 204  Cost: 103.81
Route: 2 12 41 27 59 -2 
  2 [ 9  89:264]
 12 [ 6 300:305]
 41 [ 3 314:319]
 27 [ 0 352:357]
 59 [ 1 376:381]
 -2 [ 1 387:387]

y[3009] = 1.0
Vehicle: 502  Cost: 92.03
Route: 5 16 58 45 25 53 39 -5 
  5 [ 7 142:157]
 16 [ 5 160:165]
 58 [ 8 184:189]
 45 [10 202:207]
 25 [ 6 217:222]
 53 [10 222:227]
 39 [ 9 300:305]
 -5 [ 9 344:344]

y[4191] = 1.0
Vehicle: 509  Cost: 46.32
Route: 5 13 23 51 -5 
  5 [ 8 249:264]
 13 [ 4 281:286]
 23 [ 0 301:306]
 51 [ 2 306:311]
 -5 [ 2 326:326]

y[4415] = 1.0
Vehicle: 401  Cost: 89.30
Route: 4 29 40 64 52 10 -4 
  4 [ 9 157:172]
 29 [ 5 207:212]
 40 [ 3 226:231]
 64 [ 7 231:236]
 52 [ 8 300:305]
 10 [ 5 316:321]
 -4 [ 5 338:338]

y[5561] = 1.0
Vehicle: 501  Cost: 168.98
Route: 5 11 38 63 44 9 60 28 37 61 -5 
  5 [ 9  93:108]
 11 [ 5 150:155]
 38 [ 4 169:174]
 63 [ 6 174:179]
 44 [ 8 199:204]
  9 [ 7 210:215]
 60 [ 9 234:239]
 28 [ 7 259:264]
 37 [ 6 300:305]
 61 [ 8 305:310]
 -5 [ 8 350:350]

y[6928] = 1.0
Vehicle: 505  Cost: 74.56
Route: 5 26 19 47 57 24 54 -5 
  5 [10  92:285]
 26 [ 6 300:305]
 19 [ 2 312:317]
 47 [ 6 326:331]
 57 [ 9 337:342]
 24 [ 7 350:355]
 54 [ 9 370:375]
 -5 [ 9 390:390]

FE: 2
SE: 12
!MIP-----
1217.4192292628522,33.01943588256836,6.345558656433985E-5,2,12,6498,7388

