--Parameters Information--
speed=1
run=5
iteration= 100000
batch=100
restartPeriod=10000
largeRemovalOccurrence=500
initialLNS=250
lowerBoundSmallRemoval=4
smallRemoval=0.2
lowerBoundLargeRemoval=0.55
largeRemoval=0.8
initialWeight=1.0
decayRate=0.1
gamma1=9.0
gamma2=5.0
gamma3=2.0
gamma4=0.0
coolingRate=0.9995
temperatureControlParameter=0.05
initialAcceptanceProbability=0.5
perturbation=0.5
perturbationFactor=0.01
split=20000

Setup: Split
Data: C_50_1

Run: 1
Total Cost: 1204.72
Vehicle: 11  Cost: 135.32
Route: 1 4 3 -3 -4 -1 
 1 [ 59   0:  0 [12, 33, 39, 25, 23, 37, 16, 32, 15, 35, 44, 20, 14, 29, 13, 31, 36, 22, 34, 18, 19, 41, 26]]
 4 [ 39  39: 54 [33, 39, 37, 32, 15, 35, 44, 20, 14, 29, 13, 31, 18, 19, 41, 26]]
 3 [  0  83: 83 []]
-3 [ 23  83:507 [49, 71, 62, 64, 54, 56, 58, 70, 51, 59]]
-4 [ 33 536:551 [52, 49, 71, 66, 62, 64, 54, 63, 56, 58, 70, 51, 59]]
-1 [ 33 590:590 [52, 49, 71, 66, 62, 64, 54, 63, 56, 58, 70, 51, 59]]

Vehicle: 13  Cost: 45.65
Route: 1 7 -7 -1 
 1 [ 35   0:  0 [28, 40, 27, 17, 21, 24, 46, 42, 10, 38, 47, 30, 11, 43, 45]]
 7 [  0  23: 23 []]
-7 [ 26  23:480 [55, 68, 53, 69, 60, 67, 48, 61, 65, 57, 50]]
-1 [ 26 502:502 [55, 68, 53, 69, 60, 67, 48, 61, 65, 57, 50]]

Vehicle: 301  Cost: 161.36
Route: 3 33 70 18 58 32 56 29 54 -3 
  3 [10  83: 98]
 33 [ 7 127:132]
 70 [ 9 180:185]
 18 [ 6 235:240]
 58 [10 420:425]
 32 [ 7 425:430]
 56 [ 8 451:456]
 29 [ 7 465:470]
 54 [ 8 470:475]
 -3 [ 8 492:492]

Vehicle: 302  Cost: 50.91
Route: 3 13 39 -3 
  3 [ 4  83:276]
 13 [ 2 300:305]
 39 [ 0 309:314]
 -3 [ 0 337:337]

Vehicle: 303  Cost: 100.48
Route: 3 41 14 64 37 19 -3 
  3 [10  83: 98]
 41 [ 9 106:111]
 14 [ 5 139:144]
 64 [ 7 163:168]
 37 [ 4 168:173]
 19 [ 2 300:305]
 -3 [ 2 347:347]

Vehicle: 304  Cost: 78.68
Route: 3 31 71 59 20 51 -3 
  3 [ 8  83:154]
 31 [ 4 180:185]
 71 [ 8 192:197]
 59 [10 209:214]
 20 [ 6 240:245]
 51 [10 245:250]
 -3 [10 258:258]

Vehicle: 305  Cost: 75.26
Route: 3 15 49 62 35 26 44 -3 
  3 [ 7  83: 98]
 15 [ 6 115:120]
 49 [ 8 120:125]
 62 [ 9 300:305]
 35 [ 6 305:310]
 26 [ 5 318:323]
 44 [ 3 335:340]
 -3 [ 3 367:367]

Vehicle: 401  Cost: 45.24
Route: 4 23 34 66 36 63 -4 
  4 [10  39: 54]
 23 [ 6  60: 65]
 34 [ 4 300:305]
 66 [ 8 420:425]
 36 [ 4 440:445]
 63 [ 7 445:450]
 -4 [ 7 458:458]

Vehicle: 402  Cost: 68.54
Route: 4 22 52 12 16 25 -4 
  4 [10  39:170]
 22 [ 6 180:185]
 52 [ 9 185:190]
 12 [ 8 202:207]
 16 [ 7 300:305]
 25 [ 3 311:316]
 -4 [ 3 348:348]

Vehicle: 701  Cost: 82.38
Route: 7 50 47 46 -7 
  7 [ 4  23: 38]
 50 [ 7  76: 81]
 47 [ 6 300:305]
 46 [ 3 318:323]
 -7 [ 3 351:351]

Vehicle: 702  Cost: 114.52
Route: 7 60 68 28 10 53 24 -7 
  7 [ 5  23: 39]
 60 [ 6  60: 65]
 68 [10  75: 80]
 28 [ 9 300:305]
 10 [ 6 321:326]
 53 [10 333:338]
 24 [ 9 420:425]
 -7 [ 9 465:465]

Vehicle: 703  Cost: 126.13
Route: 7 43 30 55 27 67 42 57 -7 
  7 [ 9  23: 38]
 43 [ 8  55: 60]
 30 [ 7  99:104]
 55 [ 8 104:109]
 27 [ 5 300:305]
 67 [ 9 309:314]
 42 [ 5 331:336]
 57 [ 6 375:380]
 -7 [ 6 382:382]

Vehicle: 704  Cost: 78.72
Route: 7 17 40 69 65 38 11 48 -7 
  7 [10  23: 38]
 17 [ 8  65: 70]
 40 [ 4  78: 83]
 69 [ 7  83: 88]
 65 [ 8 300:305]
 38 [ 6 305:310]
 11 [ 4 319:324]
 48 [ 7 324:329]
 -7 [ 7 359:359]

Vehicle: 705  Cost: 41.54
Route: 7 21 61 45 -7 
  7 [ 7  23: 38]
 21 [ 4  49: 54]
 61 [ 5 300:305]
 45 [ 1 316:321]
 -7 [ 1 331:331]

Total Cost: 1204.72
 11:135.32, 59:75 [1, 4, 3, -3, -4, -1]
 13:45.65, 35:75 [1, 7, -7, -1]
301:161.36, 10:10 [3, 33, 70, 18, 58, 32, 56, 29, 54, -3]
302:50.91, 4:10 [3, 13, 39, -3]
303:100.48, 10:10 [3, 41, 14, 64, 37, 19, -3]
304:78.68, 10:10 [3, 31, 71, 59, 20, 51, -3]
305:75.26, 9:10 [3, 15, 49, 62, 35, 26, 44, -3]
401:45.24, 10:10 [4, 23, 34, 66, 36, 63, -4]
402:68.54, 10:10 [4, 22, 52, 12, 16, 25, -4]
701:82.38, 7:10 [7, 50, 47, 46, -7]
702:114.52, 10:10 [7, 60, 68, 28, 10, 53, 24, -7]
703:126.13, 9:10 [7, 43, 30, 55, 27, 67, 42, 57, -7]
704:78.72, 10:10 [7, 17, 40, 69, 65, 38, 11, 48, -7]
705:41.54, 7:10 [7, 21, 61, 45, -7]
fe: 2, se: 12

!ALNS------------
100000,1204.7244089895892,162.549,122.753,2,12,0.6266666666666667,0.8833333333333333,31.0,5.166666666666667
11 6 4 6 0 0 2 0 
9.995397484219017 17.39801984000006 9.35817580003982 10.91875584877164 16.62460229959326 23.271469078480063 14.546560413491049 34.63657036508199 
4 7 2 2 4 2 5 3 
12.762445740072554 13.006159066155895 12.368423291126316 15.232380118807692 13.482582069264636 13.827448769523318 14.011549354347254 12.860444850869502 

x[660] = 1.0
Vehicle: 11  Cost: 135.32
Route: 1 4 3 -3 -4 -1 
 1 [ 59   0:  0 [32, 34, 19, 22, 23, 12, 44, 37, 29, 41, 31, 15, 13, 36, 16, 25, 26, 35, 18, 33, 39, 20, 14]]
 4 [ 39  39: 54 [32, 19, 44, 37, 29, 41, 31, 15, 13, 26, 35, 18, 33, 39, 20, 14]]
 3 [  0  83: 83 []]
-3 [ 23  83:507 [49, 59, 58, 62, 71, 56, 51, 64, 54, 70]]
-4 [ 34 536:551 [52, 49, 59, 58, 62, 71, 56, 63, 51, 64, 54, 61, 66, 70]]
-1 [ 34 590:590 [52, 49, 59, 58, 62, 71, 56, 63, 51, 64, 54, 61, 66, 70]]

x[1236] = 1.0
Vehicle: 13  Cost: 45.65
Route: 1 7 -7 -1 
 1 [ 35   0:  0 [40, 24, 10, 42, 47, 11, 46, 28, 27, 21, 17, 30, 45, 38, 43]]
 7 [  0  23: 23 []]
-7 [ 26  23:542 [55, 69, 53, 61, 68, 50, 48, 67, 60, 65, 57]]
-1 [ 26 565:565 [55, 69, 53, 61, 68, 50, 48, 67, 60, 65, 57]]

y[19] = 1.0
Vehicle: 702  Cost: 108.11
Route: 7 46 28 53 10 24 11 48 -7 
  7 [10  75:273]
 46 [ 7 300:305]
 28 [ 6 319:324]
 53 [10 333:338]
 10 [ 7 345:350]
 24 [ 6 420:425]
 11 [ 4 436:441]
 48 [ 7 441:446]
 -7 [ 7 476:476]

y[405] = 1.0
Vehicle: 702  Cost: 86.36
Route: 7 68 50 47 -7 
  7 [ 1  23: 38]
 68 [ 5  64: 69]
 50 [ 8  90: 95]
 47 [ 7 300:305]
 -7 [ 7 341:341]

y[644] = 1.0
Vehicle: 302  Cost: 161.36
Route: 3 33 70 18 32 58 56 54 29 -3 
  3 [10 110:125]
 33 [ 7 154:159]
 70 [ 9 180:185]
 18 [ 6 235:240]
 32 [ 3 420:425]
 58 [ 7 425:430]
 56 [ 8 451:456]
 54 [ 9 465:470]
 29 [ 8 470:475]
 -3 [ 8 492:492]

y[763] = 1.0
Vehicle: 302  Cost: 50.91
Route: 3 39 13 -3 
  3 [ 4  87:277]
 39 [ 2 300:305]
 13 [ 0 309:314]
 -3 [ 0 338:338]

y[1445] = 1.0
Vehicle: 703  Cost: 126.13
Route: 7 43 55 30 27 67 42 57 -7 
  7 [ 9  84: 99]
 43 [ 8 116:121]
 55 [ 9 160:165]
 30 [ 8 165:170]
 27 [ 5 300:305]
 67 [ 9 309:314]
 42 [ 5 331:336]
 57 [ 6 375:380]
 -7 [ 6 382:382]

y[1828] = 1.0
Vehicle: 301  Cost: 100.48
Route: 3 41 14 64 37 19 -3 
  3 [10  92:107]
 41 [ 9 115:120]
 14 [ 5 149:154]
 64 [ 7 173:178]
 37 [ 4 178:183]
 19 [ 2 300:305]
 -3 [ 2 347:347]

y[2099] = 1.0
Vehicle: 704  Cost: 77.32
Route: 7 60 17 69 40 38 65 -7 
  7 [ 8  75: 90]
 60 [ 9 111:116]
 17 [ 7 126:131]
 69 [10 139:144]
 40 [ 6 144:149]
 38 [ 4 300:305]
 65 [ 5 305:310]
 -7 [ 5 344:344]

y[3248] = 1.0
Vehicle: 401  Cost: 45.24
Route: 4 23 34 66 36 63 -4 
  4 [10 247:262]
 23 [ 6 267:272]
 34 [ 4 300:305]
 66 [ 8 420:425]
 36 [ 4 440:445]
 63 [ 7 445:450]
 -4 [ 7 458:458]

y[3483] = 1.0
Vehicle: 705  Cost: 41.54
Route: 7 21 61 45 -7 
  7 [ 7  75: 90]
 21 [ 4 101:106]
 61 [ 5 300:305]
 45 [ 1 316:321]
 -7 [ 1 331:331]

y[3988] = 1.0
Vehicle: 303  Cost: 78.68
Route: 3 31 71 59 20 51 -3 
  3 [ 8  67:154]
 31 [ 4 180:185]
 71 [ 8 192:197]
 59 [10 209:214]
 20 [ 6 240:245]
 51 [10 245:250]
 -3 [10 258:258]

y[4641] = 1.0
Vehicle: 402  Cost: 68.54
Route: 4 22 52 12 16 25 -4 
  4 [10 207:222]
 22 [ 6 232:237]
 52 [ 9 237:242]
 12 [ 8 254:259]
 16 [ 7 300:305]
 25 [ 3 311:316]
 -4 [ 3 348:348]

y[4850] = 1.0
Vehicle: 305  Cost: 75.26
Route: 3 15 49 62 35 26 44 -3 
  3 [ 7 110:125]
 15 [ 6 142:147]
 49 [ 8 147:152]
 62 [ 9 300:305]
 35 [ 6 305:310]
 26 [ 5 318:323]
 44 [ 3 335:340]
 -3 [ 3 367:367]

FE: 2
SE: 12
!MIP-----
1200.904919499163,83.5979540348053,7.265541526802334E-5,2,12,2348,5399

Run: 2
Total Cost: 1238.62
Vehicle: 11  Cost: 159.23
Route: 1 8 4 3 -3 5 -5 -4 -8 -1 
 1 [ 65   0:  0 [33, 13, 41, 26, 12, 20, 37, 27, 31, 19, 22, 29, 23, 39, 44, 25, 35, 18, 14, 32, 15, 30, 16, 36, 42]]
 8 [ 52  30: 45 [33, 13, 41, 26, 12, 20, 37, 31, 19, 22, 29, 23, 39, 44, 35, 18, 14, 32, 15, 36]]
 4 [ 35  60: 75 [13, 41, 26, 12, 20, 37, 31, 19, 22, 29, 39, 44, 35, 14, 15]]
 3 [  5 104:104 [13, 29, 39]]
-3 [ 23 104:353 [64, 13, 71, 52, 62, 29, 59, 39, 51, 49]]
 5 [ 18 364:364 [64, 71, 52, 62, 59, 51, 49]]
-5 [ 20 364:465 [64, 71, 52, 54, 62, 59, 56, 51, 49]]
-4 [ 33 495:510 [64, 71, 52, 54, 70, 62, 66, 59, 58, 63, 56, 51, 49]]
-8 [ 38 525:540 [55, 64, 71, 52, 54, 70, 62, 66, 59, 67, 58, 63, 56, 51, 49]]
-1 [ 38 570:570 [64, 71, 52, 54, 70, 55, 62, 66, 59, 67, 58, 63, 56, 51, 49]]

Vehicle: 13  Cost: 45.65
Route: 1 7 -7 -1 
 1 [ 29   0:  0 [21, 24, 38, 28, 46, 45, 40, 34, 47, 43, 10, 11, 17]]
 7 [  0  23: 23 []]
-7 [ 21  23:491 [48, 69, 61, 60, 68, 50, 57, 65, 53]]
-1 [ 21 514:514 [48, 69, 61, 60, 68, 50, 57, 65, 53]]

Vehicle: 301  Cost: 88.87
Route: 3 15 49 37 64 35 62 -3 
  3 [ 7 104:119]
 15 [ 6 136:141]
 49 [ 8 141:146]
 37 [ 5 171:176]
 64 [ 7 176:181]
 35 [ 4 300:305]
 62 [ 5 305:310]
 -3 [ 5 338:338]

Vehicle: 302  Cost: 14.14
Route: 3 51 20 -3 
  3 [ 4 104:119]
 51 [ 8 126:131]
 20 [ 4 131:136]
 -3 [ 4 143:143]

Vehicle: 303  Cost: 109.02
Route: 3 41 14 19 26 44 -3 
  3 [10 104:119]
 41 [ 9 127:132]
 14 [ 5 160:165]
 19 [ 3 300:305]
 26 [ 2 322:327]
 44 [ 0 339:344]
 -3 [ 0 371:371]

Vehicle: 304  Cost: 99.15
Route: 3 22 52 12 31 59 71 -3 
  3 [ 9 104:150]
 22 [ 5 180:185]
 52 [ 8 185:190]
 12 [ 7 202:207]
 31 [ 3 212:217]
 59 [ 5 234:239]
 71 [ 9 251:256]
 -3 [ 9 279:279]

Vehicle: 401  Cost: 19.91
Route: 4 23 36 63 -4 
  4 [ 8  60: 75]
 23 [ 4  81: 86]
 36 [ 0 300:305]
 63 [ 3 305:310]
 -4 [ 3 318:318]

Vehicle: 402  Cost: 192.61
Route: 4 33 70 18 32 58 66 -4 
  4 [ 9  60: 75]
 33 [ 6 130:135]
 70 [ 8 180:185]
 18 [ 5 235:240]
 32 [ 2 420:425]
 58 [ 6 425:430]
 66 [10 462:467]
 -4 [10 487:487]

Vehicle: 501  Cost: 38.77
Route: 5 39 13 56 29 54 -5 
  5 [ 5 364:379]
 39 [ 3 393:398]
 13 [ 1 401:406]
 56 [ 2 420:425]
 29 [ 1 434:439]
 54 [ 2 439:444]
 -5 [ 2 450:450]

Vehicle: 701  Cost: 77.83
Route: 7 43 21 61 34 45 -7 
  7 [10  23: 38]
 43 [ 9  55: 60]
 21 [ 6  78: 83]
 61 [ 7 300:305]
 34 [ 5 312:317]
 45 [ 1 333:338]
 -7 [ 1 348:348]

Vehicle: 702  Cost: 108.11
Route: 7 46 28 53 10 24 11 48 -7 
  7 [10  23:273]
 46 [ 7 300:305]
 28 [ 6 319:324]
 53 [10 333:338]
 10 [ 7 345:350]
 24 [ 6 420:425]
 11 [ 4 436:441]
 48 [ 7 441:446]
 -7 [ 7 476:476]

Vehicle: 703  Cost: 89.37
Route: 7 68 50 47 57 -7 
  7 [ 1  23: 38]
 68 [ 5  64: 69]
 50 [ 8  90: 95]
 47 [ 7 300:305]
 57 [ 8 342:347]
 -7 [ 8 349:349]

Vehicle: 705  Cost: 77.32
Route: 7 60 17 40 69 65 38 -7 
  7 [ 8  23: 39]
 60 [ 9  60: 65]
 17 [ 7  75: 80]
 40 [ 3  88: 93]
 69 [ 6  93: 98]
 65 [ 7 300:305]
 38 [ 5 305:310]
 -7 [ 5 344:344]

Vehicle: 801  Cost: 28.43
Route: 8 42 -8 
  8 [ 4  30:286]
 42 [ 0 300:305]
 -8 [ 0 319:319]

Vehicle: 803  Cost: 90.21
Route: 8 30 55 27 67 25 16 -8 
  8 [ 9  30: 45]
 30 [ 8  70: 75]
 55 [ 9  75: 80]
 27 [ 6 300:305]
 67 [10 309:314]
 25 [ 6 336:341]
 16 [ 5 347:352]
 -8 [ 5 377:377]

Total Cost: 1238.62
 11:159.23, 65:75 [1, 8, 4, 3, -3, 5, -5, -4, -8, -1]
 13:45.65, 29:75 [1, 7, -7, -1]
301:88.87, 8:10 [3, 15, 49, 37, 64, 35, 62, -3]
302:14.14, 8:10 [3, 51, 20, -3]
303:109.02, 10:10 [3, 41, 14, 19, 26, 44, -3]
304:99.15, 9:10 [3, 22, 52, 12, 31, 59, 71, -3]
401:19.91, 8:10 [4, 23, 36, 63, -4]
402:192.61, 10:10 [4, 33, 70, 18, 32, 58, 66, -4]
501:38.77, 5:10 [5, 39, 13, 56, 29, 54, -5]
701:77.83, 10:10 [7, 43, 21, 61, 34, 45, -7]
702:108.11, 10:10 [7, 46, 28, 53, 10, 24, 11, 48, -7]
703:89.37, 8:10 [7, 68, 50, 47, 57, -7]
705:77.32, 9:10 [7, 60, 17, 40, 69, 65, 38, -7]
801:28.43, 4:10 [8, 42, -8]
803:90.21, 10:10 [8, 30, 55, 27, 67, 25, 16, -8]
fe: 2, se: 13

!ALNS------------
100000,1238.6175042150533,221.128,85.308,2,13,0.6266666666666667,0.8384615384615385,31.0,4.769230769230769
3 3 3 3 0 1 1 0 
10.137406554389177 19.010630740497664 9.718530178744722 11.83073921840032 28.996221810602165 18.858216747762874 13.942719506355003 31.026951441391503 
2 2 2 1 4 0 2 1 
15.286319743560295 14.501934969001445 14.876199780269737 15.26727059493709 13.871917017712402 13.94836698521236 14.483373429170149 12.4813833210132 

x[1907] = 1.0
Vehicle: 11  Cost: 135.32
Route: 1 4 3 -3 -4 -1 
 1 [ 49   0:  0 [29, 13, 37, 23, 32, 36, 33, 34, 44, 26, 35, 15, 41, 39, 20, 31, 19, 18, 14]]
 4 [ 39  39: 54 [29, 13, 37, 32, 33, 44, 26, 35, 15, 41, 39, 20, 31, 19, 18, 14]]
 3 [  0  83: 83 []]
-3 [ 23  83:497 [64, 56, 58, 54, 70, 71, 62, 49, 51, 59]]
-4 [ 30 526:541 [64, 56, 58, 66, 54, 70, 71, 62, 49, 63, 51, 59]]
-1 [ 30 580:580 [64, 56, 58, 66, 54, 70, 71, 62, 49, 63, 51, 59]]

x[2124] = 1.0
Vehicle: 13  Cost: 45.65
Route: 1 7 -7 -1 
 1 [ 27   0:  0 [40, 45, 46, 17, 38, 43, 28, 24, 10, 47, 11, 21]]
 7 [  0  23: 23 []]
-7 [ 23  23:517 [69, 53, 65, 61, 57, 68, 60, 48, 54, 56, 50]]
-1 [ 23 539:539 [69, 53, 65, 61, 57, 68, 60, 48, 54, 56, 50]]

x[2881] = 1.0
Vehicle: 12  Cost: 59.67
Route: 1 8 -8 -1 
 1 [ 18   0:  0 [22, 12, 16, 25, 30, 42, 27]]
 8 [  0  30: 30 []]
-8 [ 11  30:392 [55, 67, 52, 63]]
-1 [ 11 421:421 [55, 67, 52, 63]]

y[10] = 1.0
Vehicle: 702  Cost: 108.11
Route: 7 46 28 53 10 24 11 48 -7 
  7 [10  75:273]
 46 [ 7 300:305]
 28 [ 6 319:324]
 53 [10 333:338]
 10 [ 7 345:350]
 24 [ 6 420:425]
 11 [ 4 436:441]
 48 [ 7 441:446]
 -7 [ 7 476:476]

y[147] = 1.0
Vehicle: 302  Cost: 75.26
Route: 3 15 49 35 62 26 44 -3 
  3 [ 7  83: 98]
 15 [ 6 115:120]
 49 [ 8 120:125]
 35 [ 5 300:305]
 62 [ 6 305:310]
 26 [ 5 318:323]
 44 [ 3 335:340]
 -3 [ 3 367:367]

y[241] = 1.0
Vehicle: 801  Cost: 66.60
Route: 8 22 52 12 16 25 -8 
  8 [10 164:179]
 22 [ 6 191:196]
 52 [ 9 196:201]
 12 [ 8 213:218]
 16 [ 7 300:305]
 25 [ 3 311:316]
 -8 [ 3 344:344]

y[309] = 1.0
Vehicle: 703  Cost: 65.97
Route: 7 43 21 61 45 -7 
  7 [ 8  75: 90]
 43 [ 7 107:112]
 21 [ 4 130:135]
 61 [ 5 300:305]
 45 [ 1 316:321]
 -7 [ 1 331:331]

y[424] = 1.0
Vehicle: 402  Cost: 45.24
Route: 4 23 34 66 36 63 -4 
  4 [10  60: 75]
 23 [ 6  81: 86]
 34 [ 4 300:305]
 66 [ 8 420:425]
 36 [ 4 440:445]
 63 [ 7 445:450]
 -4 [ 7 458:458]

y[445] = 1.0
Vehicle: 703  Cost: 89.37
Route: 7 68 50 47 57 -7 
  7 [ 1  75: 90]
 68 [ 5 117:122]
 50 [ 8 142:147]
 47 [ 7 300:305]
 57 [ 8 342:347]
 -7 [ 8 349:349]

y[708] = 1.0
Vehicle: 802  Cost: 68.92
Route: 8 55 30 27 67 42 -8 
  8 [ 8 227:242]
 55 [ 9 267:272]
 30 [ 8 272:277]
 27 [ 5 300:305]
 67 [ 9 309:314]
 42 [ 5 331:336]
 -8 [ 5 350:350]

y[1045] = 1.0
Vehicle: 303  Cost: 100.48
Route: 3 41 14 64 37 19 -3 
  3 [10  92:107]
 41 [ 9 115:120]
 14 [ 5 149:154]
 64 [ 7 173:178]
 37 [ 4 178:183]
 19 [ 2 300:305]
 -3 [ 2 347:347]

y[1114] = 1.0
Vehicle: 305  Cost: 161.35
Route: 3 33 70 18 58 32 56 -3 
  3 [ 9  83: 98]
 33 [ 6 127:132]
 70 [ 8 180:185]
 18 [ 5 235:240]
 58 [ 9 420:425]
 32 [ 6 425:430]
 56 [ 7 451:456]
 -3 [ 7 482:482]

y[2627] = 1.0
Vehicle: 305  Cost: 52.38
Route: 3 54 29 13 39 -3 
  3 [ 5 104:283]
 54 [ 6 300:305]
 29 [ 5 305:310]
 13 [ 3 318:323]
 39 [ 1 327:332]
 -3 [ 1 355:355]

y[4337] = 1.0
Vehicle: 705  Cost: 77.32
Route: 7 60 17 40 69 38 65 -7 
  7 [ 8  75: 90]
 60 [ 9 111:116]
 17 [ 7 126:131]
 40 [ 3 139:144]
 69 [ 6 144:149]
 38 [ 4 300:305]
 65 [ 5 305:310]
 -7 [ 5 344:344]

y[5521] = 1.0
Vehicle: 301  Cost: 78.68
Route: 3 31 71 59 20 51 -3 
  3 [ 8  92:154]
 31 [ 4 180:185]
 71 [ 8 192:197]
 59 [10 209:214]
 20 [ 6 240:245]
 51 [10 245:250]
 -3 [10 258:258]

FE: 3
SE: 12
!MIP-----
1230.3348756406144,188.2704620361328,8.63419568027393E-5,3,12,2993,6359

Run: 3
Total Cost: 1221.97
Vehicle: 11  Cost: 170.62
Route: 1 4 6 -6 5 -5 -4 -8 -1 
 1 [ 65   0:  0 [23, 22, 41, 35, 36, 37, 32, 38, 12, 10, 15, 39, 13, 14, 33, 24, 29, 34, 20, 44, 31, 18, 19, 16, 26, 25]]
 4 [ 45  39: 54 [41, 35, 37, 32, 38, 10, 15, 39, 13, 14, 33, 24, 29, 20, 44, 31, 18, 19, 26]]
 6 [ 10  95: 95 [32, 38, 10, 24, 29]]
-6 [ 27  95:373 [49, 32, 51, 38, 10, 70, 24, 29, 71, 59, 64, 62]]
 5 [ 17 390:390 [49, 51, 70, 71, 59, 64, 62]]
-5 [ 24 390:584 [49, 56, 51, 54, 65, 70, 71, 58, 59, 64, 62]]
-4 [ 34 614:629 [52, 63, 49, 56, 51, 54, 65, 66, 70, 71, 58, 59, 64, 62]]
-8 [ 39 644:659 [55, 49, 51, 70, 71, 59, 64, 62, 56, 54, 65, 58, 52, 63, 66, 67]]
-1 [ 39 689:689 [52, 63, 49, 56, 51, 54, 65, 66, 70, 71, 58, 59, 64, 62, 55, 67]]

Vehicle: 13  Cost: 82.81
Route: 1 8 7 -7 -1 
 1 [ 29   0:  0 [17, 11, 46, 28, 40, 21, 45, 47, 43, 30, 27, 42]]
 8 [ 21  30: 45 [17, 11, 46, 28, 40, 21, 45, 47, 43]]
 7 [  0  75: 75 []]
-7 [ 20  75:427 [50, 69, 53, 61, 68, 48, 60, 57]]
-1 [ 20 450:450 [50, 69, 53, 61, 68, 48, 60, 57]]

Vehicle: 401  Cost: 45.24
Route: 4 23 34 66 36 63 -4 
  4 [10  39: 54]
 23 [ 6  60: 65]
 34 [ 4 300:305]
 66 [ 8 420:425]
 36 [ 4 440:445]
 63 [ 7 445:450]
 -4 [ 7 458:458]

Vehicle: 403  Cost: 68.54
Route: 4 22 52 12 16 25 -4 
  4 [10  39:170]
 22 [ 6 180:185]
 52 [ 9 185:190]
 12 [ 8 202:207]
 16 [ 7 300:305]
 25 [ 3 311:316]
 -4 [ 3 348:348]

Vehicle: 501  Cost: 119.41
Route: 5 38 65 24 10 58 32 56 29 54 -5 
  5 [10 390:405]
 38 [ 8 448:453]
 65 [ 9 453:458]
 24 [ 8 465:470]
 10 [ 5 480:485]
 58 [ 9 508:513]
 32 [ 6 513:518]
 56 [ 7 539:544]
 29 [ 6 553:558]
 54 [ 7 558:563]
 -5 [ 7 569:569]

Vehicle: 601  Cost: 95.09
Route: 6 14 64 37 19 26 -6 
  6 [10  95:110]
 14 [ 6 134:139]
 64 [ 8 158:163]
 37 [ 5 163:168]
 19 [ 3 300:305]
 26 [ 2 322:327]
 -6 [ 2 358:358]

Vehicle: 602  Cost: 142.58
Route: 6 33 70 18 13 39 -6 
  6 [10  95:110]
 33 [ 7 129:134]
 70 [ 9 180:185]
 18 [ 6 235:240]
 13 [ 4 300:305]
 39 [ 2 309:314]
 -6 [ 2 336:336]

Vehicle: 603  Cost: 92.11
Route: 6 41 20 51 31 71 59 -6 
  6 [ 9  95:110]
 41 [ 8 114:119]
 20 [ 4 128:133]
 51 [ 8 133:138]
 31 [ 4 180:185]
 71 [ 8 192:197]
 59 [10 209:214]
 -6 [10 251:251]

Vehicle: 604  Cost: 55.63
Route: 6 15 49 44 62 35 -6 
  6 [ 6  95:110]
 15 [ 5 123:128]
 49 [ 7 128:133]
 44 [ 5 300:305]
 62 [ 6 311:316]
 35 [ 3 316:321]
 -6 [ 3 345:345]

Vehicle: 701  Cost: 91.48
Route: 7 60 17 40 69 68 57 -7 
  7 [ 6  75: 90]
 60 [ 7 111:116]
 17 [ 5 126:131]
 40 [ 1 139:144]
 69 [ 4 144:149]
 68 [ 8 171:176]
 57 [ 9 300:305]
 -7 [ 9 307:307]

Vehicle: 702  Cost: 65.97
Route: 7 43 21 61 45 -7 
  7 [ 8  75: 90]
 43 [ 7 107:112]
 21 [ 4 130:135]
 61 [ 5 300:305]
 45 [ 1 316:321]
 -7 [ 1 331:331]

Vehicle: 705  Cost: 123.57
Route: 7 50 47 46 28 53 11 48 -7 
  7 [ 7  75: 90]
 50 [10 129:134]
 47 [ 9 300:305]
 46 [ 6 318:323]
 28 [ 5 337:342]
 53 [ 9 352:357]
 11 [ 7 372:377]
 48 [10 377:382]
 -7 [10 412:412]

Vehicle: 801  Cost: 68.92
Route: 8 30 55 27 67 42 -8 
  8 [ 8  30: 45]
 30 [ 7  70: 75]
 55 [ 8  75: 80]
 27 [ 5 300:305]
 67 [ 9 309:314]
 42 [ 5 331:336]
 -8 [ 5 350:350]

Total Cost: 1221.97
 11:170.62, 65:75 [1, 4, 6, -6, 5, -5, -4, -8, -1]
 13:82.81, 29:75 [1, 8, 7, -7, -1]
401:45.24, 10:10 [4, 23, 34, 66, 36, 63, -4]
403:68.54, 10:10 [4, 22, 52, 12, 16, 25, -4]
501:119.41, 10:10 [5, 38, 65, 24, 10, 58, 32, 56, 29, 54, -5]
601:95.09, 10:10 [6, 14, 64, 37, 19, 26, -6]
602:142.58, 10:10 [6, 33, 70, 18, 13, 39, -6]
603:92.11, 10:10 [6, 41, 20, 51, 31, 71, 59, -6]
604:55.63, 7:10 [6, 15, 49, 44, 62, 35, -6]
701:91.48, 9:10 [7, 60, 17, 40, 69, 68, 57, -7]
702:65.97, 8:10 [7, 43, 21, 61, 45, -7]
705:123.57, 10:10 [7, 50, 47, 46, 28, 53, 11, 48, -7]
801:68.92, 9:10 [8, 30, 55, 27, 67, 42, -8]
fe: 2, se: 11

!ALNS------------
100000,1221.9705616914518,281.906,193.747,2,11,0.6266666666666667,0.9363636363636364,31.0,5.636363636363637
6 9 5 5 0 0 4 0 
9.397805319406551 16.21851720629292 9.28133750367025 12.096270193900379 35.82634796065363 23.861982958359164 11.763578440015419 33.48075223346446 
4 6 3 5 3 3 5 0 
13.503845526756646 11.743746030327252 13.90565910205422 12.640276669364727 12.120981704897774 13.343787593869848 13.25141135556385 12.790378572060455 

x[1415] = 1.0
Vehicle: 11  Cost: 170.62
Route: 1 4 6 -6 5 -5 -4 -8 -1 
 1 [ 65   0:  0 [24, 32, 37, 22, 15, 14, 18, 31, 44, 12, 13, 10, 29, 38, 34, 35, 20, 16, 33, 36, 19, 41, 23, 39, 26, 25]]
 4 [ 45  39: 54 [24, 32, 37, 15, 14, 18, 31, 44, 13, 10, 29, 38, 35, 20, 33, 19, 41, 39, 26]]
 6 [ 10  95: 95 [24, 32, 10, 29, 38]]
-6 [ 27  95:373 [24, 32, 59, 10, 64, 62, 29, 38, 70, 71, 49, 51]]
 5 [ 17 390:390 [59, 64, 62, 70, 71, 49, 51]]
-5 [ 28 390:594 [65, 59, 58, 64, 53, 62, 54, 70, 71, 49, 51, 56]]
-4 [ 38 624:639 [52, 65, 59, 58, 64, 53, 62, 54, 70, 71, 66, 49, 51, 56, 63]]
-8 [ 43 654:669 [55, 52, 65, 59, 58, 64, 53, 62, 54, 70, 71, 66, 49, 51, 56, 63, 67]]
-1 [ 43 699:699 [52, 55, 65, 59, 58, 64, 53, 62, 54, 70, 71, 66, 49, 51, 56, 63, 67]]

x[1903] = 1.0
Vehicle: 13  Cost: 45.65
Route: 1 7 -7 -1 
 1 [ 29   0:  0 [40, 30, 28, 46, 45, 17, 21, 47, 42, 11, 43, 27]]
 7 [  0  23: 23 []]
-7 [ 25  23:427 [50, 60, 48, 61, 68, 69, 67, 57, 55, 53]]
-1 [ 25 450:450 [50, 60, 48, 61, 68, 69, 67, 57, 55, 53]]

y[620] = 1.0
Vehicle: 705  Cost: 123.57
Route: 7 50 47 46 28 53 11 48 -7 
  7 [ 7  75: 90]
 50 [10 129:134]
 47 [ 9 300:305]
 46 [ 6 318:323]
 28 [ 5 337:342]
 53 [ 9 352:357]
 11 [ 7 372:377]
 48 [10 377:382]
 -7 [10 412:412]

y[621] = 1.0
Vehicle: 602  Cost: 142.58
Route: 6 33 70 18 13 39 -6 
  6 [10 116:131]
 33 [ 7 150:155]
 70 [ 9 180:185]
 18 [ 6 235:240]
 13 [ 4 300:305]
 39 [ 2 309:314]
 -6 [ 2 336:336]

y[768] = 1.0
Vehicle: 401  Cost: 45.24
Route: 4 23 34 66 36 63 -4 
  4 [10  60: 75]
 23 [ 6  81: 86]
 34 [ 4 300:305]
 66 [ 8 420:425]
 36 [ 4 440:445]
 63 [ 7 445:450]
 -4 [ 7 458:458]

y[1909] = 1.0
Vehicle: 702  Cost: 126.13
Route: 7 43 55 30 27 67 42 57 -7 
  7 [ 9  75: 90]
 43 [ 8 107:112]
 55 [ 9 151:156]
 30 [ 8 156:161]
 27 [ 5 300:305]
 67 [ 9 309:314]
 42 [ 5 331:336]
 57 [ 6 375:380]
 -7 [ 6 382:382]

y[2055] = 1.0
Vehicle: 603  Cost: 92.11
Route: 6 41 20 51 31 71 59 -6 
  6 [ 9 116:131]
 41 [ 8 135:140]
 20 [ 4 149:154]
 51 [ 8 154:159]
 31 [ 4 182:187]
 71 [ 8 194:199]
 59 [10 211:216]
 -6 [10 253:253]

y[2463] = 1.0
Vehicle: 501  Cost: 119.41
Route: 5 38 65 24 10 32 58 56 54 29 -5 
  5 [10 390:405]
 38 [ 8 449:454]
 65 [ 9 454:459]
 24 [ 8 466:471]
 10 [ 5 480:485]
 32 [ 2 509:514]
 58 [ 6 514:519]
 56 [ 7 540:545]
 54 [ 8 554:559]
 29 [ 7 559:564]
 -5 [ 7 570:570]

y[2679] = 1.0
Vehicle: 604  Cost: 55.63
Route: 6 49 15 44 35 62 -6 
  6 [ 6 110:125]
 49 [ 8 138:143]
 15 [ 7 143:148]
 44 [ 5 300:305]
 35 [ 2 311:316]
 62 [ 3 316:321]
 -6 [ 3 345:345]

y[3450] = 1.0
Vehicle: 702  Cost: 41.54
Route: 7 21 61 45 -7 
  7 [ 7  75: 90]
 21 [ 4 101:106]
 61 [ 5 300:305]
 45 [ 1 316:321]
 -7 [ 1 331:331]

y[4474] = 1.0
Vehicle: 402  Cost: 68.54
Route: 4 22 52 12 16 25 -4 
  4 [10  60:170]
 22 [ 6 180:185]
 52 [ 9 185:190]
 12 [ 8 202:207]
 16 [ 7 300:305]
 25 [ 3 311:316]
 -4 [ 3 348:348]

y[4544] = 1.0
Vehicle: 601  Cost: 95.09
Route: 6 14 37 64 19 26 -6 
  6 [10 110:125]
 14 [ 6 149:154]
 37 [ 3 173:178]
 64 [ 5 178:183]
 19 [ 3 300:305]
 26 [ 2 322:327]
 -6 [ 2 358:358]

y[4673] = 1.0
Vehicle: 702  Cost: 87.58
Route: 7 60 17 40 69 68 -7 
  7 [ 6  23: 39]
 60 [ 7  60: 65]
 17 [ 5  75: 80]
 40 [ 1  88: 93]
 69 [ 4  93: 98]
 68 [ 8 120:125]
 -7 [ 8 152:152]

FE: 2
SE: 11
!MIP-----
1213.6862933190457,65.03945899009705,7.322259463136754E-5,2,11,2997,5382

Run: 4
Total Cost: 1236.93
Vehicle: 11  Cost: 135.32
Route: 1 4 3 -3 -4 -1 
 1 [ 43   0:  0 [37, 31, 39, 13, 29, 35, 41, 15, 26, 33, 36, 14, 34, 44, 20, 23, 19]]
 4 [ 33  39: 54 [37, 31, 39, 13, 29, 35, 41, 15, 26, 33, 14, 44, 20, 19]]
 3 [  0  83: 83 []]
-3 [ 19  83:476 [70, 64, 71, 62, 49, 56, 54, 51, 59]]
-4 [ 26 504:519 [70, 64, 71, 62, 49, 63, 56, 54, 51, 66, 59]]
-1 [ 26 559:559 [70, 64, 71, 62, 49, 63, 56, 54, 51, 66, 59]]

Vehicle: 12  Cost: 59.67
Route: 1 8 -8 -1 
 1 [ 18   0:  0 [30, 16, 25, 12, 42, 27, 22]]
 8 [  0  30: 30 []]
-8 [  8  30:365 [55, 52, 67]]
-1 [  8 395:395 [55, 52, 67]]

Vehicle: 13  Cost: 45.65
Route: 1 7 -7 -1 
 1 [ 33   0:  0 [11, 10, 40, 17, 32, 24, 45, 46, 47, 38, 28, 18, 21, 43]]
 7 [  0  23: 23 []]
-7 [ 25  23:524 [53, 69, 50, 65, 60, 68, 57, 58, 48, 61]]
-1 [ 25 546:546 [53, 69, 50, 65, 60, 68, 57, 58, 48, 61]]

Vehicle: 301  Cost: 78.68
Route: 3 31 71 59 20 51 -3 
  3 [ 8  83:154]
 31 [ 4 180:185]
 71 [ 8 192:197]
 59 [10 209:214]
 20 [ 6 240:245]
 51 [10 245:250]
 -3 [10 258:258]

Vehicle: 302  Cost: 111.71
Route: 3 14 64 37 19 26 -3 
  3 [10  83: 98]
 14 [ 6 134:139]
 64 [ 8 158:163]
 37 [ 5 163:168]
 19 [ 3 300:305]
 26 [ 2 322:327]
 -3 [ 2 363:363]

Vehicle: 303  Cost: 86.65
Route: 3 41 33 70 39 13 56 54 29 -3 
  3 [ 9  83: 98]
 41 [ 8 106:111]
 33 [ 5 133:138]
 70 [ 7 180:185]
 39 [ 5 300:305]
 13 [ 3 309:314]
 56 [ 4 420:425]
 54 [ 5 434:439]
 29 [ 4 439:444]
 -3 [ 4 461:461]

Vehicle: 304  Cost: 61.61
Route: 3 15 49 62 35 44 -3 
  3 [ 6  83: 98]
 15 [ 5 115:120]
 49 [ 7 120:125]
 62 [ 8 300:305]
 35 [ 5 305:310]
 44 [ 3 316:321]
 -3 [ 3 348:348]

Vehicle: 401  Cost: 45.24
Route: 4 23 34 66 36 63 -4 
  4 [10  39: 54]
 23 [ 6  60: 65]
 34 [ 4 300:305]
 66 [ 8 420:425]
 36 [ 4 440:445]
 63 [ 7 445:450]
 -4 [ 7 458:458]

Vehicle: 701  Cost: 186.18
Route: 7 60 18 32 58 24 65 38 -7 
  7 [ 9  23: 39]
 60 [10  60: 65]
 18 [ 7 133:138]
 32 [ 4 420:425]
 58 [ 8 425:430]
 24 [ 7 452:457]
 65 [ 8 464:469]
 38 [ 6 469:474]
 -7 [ 6 509:509]

Vehicle: 702  Cost: 65.97
Route: 7 43 21 61 45 -7 
  7 [ 8  23: 38]
 43 [ 7  55: 60]
 21 [ 4  78: 83]
 61 [ 5 300:305]
 45 [ 1 316:321]
 -7 [ 1 331:331]

Vehicle: 703  Cost: 132.02
Route: 7 50 47 28 10 53 11 48 -7 
  7 [ 7  23: 38]
 50 [10  76: 81]
 47 [ 9 300:305]
 28 [ 8 327:332]
 10 [ 5 348:353]
 53 [ 9 360:365]
 11 [ 7 381:386]
 48 [10 386:391]
 -7 [10 421:421]

Vehicle: 705  Cost: 92.69
Route: 7 17 69 40 68 46 57 -7 
  7 [ 9  23: 38]
 17 [ 7  65: 70]
 69 [10  78: 83]
 40 [ 6  83: 88]
 68 [10 110:115]
 46 [ 7 300:305]
 57 [ 8 334:339]
 -7 [ 8 341:341]

Vehicle: 801  Cost: 68.92
Route: 8 30 55 27 67 42 -8 
  8 [ 8  30: 45]
 30 [ 7  70: 75]
 55 [ 8  75: 80]
 27 [ 5 300:305]
 67 [ 9 309:314]
 42 [ 5 331:336]
 -8 [ 5 350:350]

Vehicle: 802  Cost: 66.60
Route: 8 22 52 12 16 25 -8 
  8 [10  30:167]
 22 [ 6 180:185]
 52 [ 9 185:190]
 12 [ 8 202:207]
 16 [ 7 300:305]
 25 [ 3 311:316]
 -8 [ 3 344:344]

Total Cost: 1236.93
 11:135.32, 43:75 [1, 4, 3, -3, -4, -1]
 12:59.67, 18:75 [1, 8, -8, -1]
 13:45.65, 33:75 [1, 7, -7, -1]
301:78.68, 10:10 [3, 31, 71, 59, 20, 51, -3]
302:111.71, 10:10 [3, 14, 64, 37, 19, 26, -3]
303:86.65, 9:10 [3, 41, 33, 70, 39, 13, 56, 54, 29, -3]
304:61.61, 8:10 [3, 15, 49, 62, 35, 44, -3]
401:45.24, 10:10 [4, 23, 34, 66, 36, 63, -4]
701:186.18, 10:10 [7, 60, 18, 32, 58, 24, 65, 38, -7]
702:65.97, 8:10 [7, 43, 21, 61, 45, -7]
703:132.02, 10:10 [7, 50, 47, 28, 10, 53, 11, 48, -7]
705:92.69, 10:10 [7, 17, 69, 40, 68, 46, 57, -7]
801:68.92, 9:10 [8, 30, 55, 27, 67, 42, -8]
802:66.60, 10:10 [8, 22, 52, 12, 16, 25, -8]
fe: 3, se: 11

!ALNS------------
100000,1236.925889596867,277.563,215.499,3,11,0.4177777777777778,0.9454545454545454,20.666666666666668,5.636363636363637
2 8 1 2 0 1 1 0 
8.055277306657986 16.245737910327335 9.205652050258411 10.264440839855004 27.8174865223108 24.108989405209112 12.030604254368525 38.353870402700494 
1 3 1 3 2 1 2 2 
11.16789226452668 12.518178904904492 13.690448996942068 11.28633293627968 13.36292422240653 11.493670640091484 12.861419124025556 11.568379000364597 

x[2257] = 1.0
Vehicle: 11  Cost: 141.17
Route: 1 4 3 -3 -4 -8 -1 
 1 [ 53   0:  0 [36, 12, 13, 26, 31, 29, 41, 39, 33, 35, 15, 37, 44, 22, 23, 14, 34, 19, 20, 25, 16]]
 4 [ 34  39: 54 [12, 13, 26, 31, 29, 41, 39, 33, 35, 15, 37, 44, 14, 19, 20]]
 3 [  0  83: 83 []]
-3 [ 19  83:476 [54, 64, 51, 71, 49, 62, 70, 59, 56]]
-4 [ 29 504:519 [52, 54, 64, 51, 71, 49, 62, 63, 70, 66, 59, 56]]
-8 [ 34 535:550 [55, 52, 54, 64, 51, 71, 49, 62, 63, 70, 67, 66, 59, 56]]
-1 [ 34 580:580 [52, 55, 54, 64, 51, 71, 49, 62, 63, 70, 67, 66, 59, 56]]

x[2380] = 1.0
Vehicle: 13  Cost: 82.81
Route: 1 8 7 -7 -1 
 1 [ 41   0:  0 [40, 30, 45, 10, 32, 11, 43, 46, 17, 38, 47, 21, 42, 24, 27, 28, 18]]
 8 [ 33  30: 45 [40, 45, 10, 32, 11, 43, 46, 17, 38, 47, 21, 24, 28, 18]]
 7 [  0  75: 75 []]
-7 [ 26  75:550 [48, 58, 68, 60, 53, 65, 69, 57, 56, 61, 50]]
-1 [ 26 573:573 [48, 58, 68, 60, 53, 65, 69, 57, 56, 61, 50]]

y[672] = 1.0
Vehicle: 801  Cost: 68.92
Route: 8 55 30 27 67 42 -8 
  8 [ 8 248:263]
 55 [ 9 288:293]
 30 [ 8 293:298]
 27 [ 5 306:311]
 67 [ 9 315:320]
 42 [ 5 337:342]
 -8 [ 5 357:357]

y[1970] = 1.0
Vehicle: 303  Cost: 86.65
Route: 3 41 33 70 39 13 56 29 54 -3 
  3 [ 9  83: 98]
 41 [ 8 106:111]
 33 [ 5 133:138]
 70 [ 7 180:185]
 39 [ 5 300:305]
 13 [ 3 309:314]
 56 [ 4 420:425]
 29 [ 3 434:439]
 54 [ 4 439:444]
 -3 [ 4 461:461]

y[2538] = 1.0
Vehicle: 701  Cost: 186.18
Route: 7 60 18 32 58 24 38 65 -7 
  7 [ 9 104:119]
 60 [10 140:145]
 18 [ 7 213:218]
 32 [ 4 420:425]
 58 [ 8 425:430]
 24 [ 7 452:457]
 38 [ 5 464:469]
 65 [ 6 469:474]
 -7 [ 6 509:509]

y[2791] = 1.0
Vehicle: 301  Cost: 61.61
Route: 3 15 49 62 35 44 -3 
  3 [ 6 110:125]
 15 [ 5 142:147]
 49 [ 7 147:152]
 62 [ 8 300:305]
 35 [ 5 305:310]
 44 [ 3 316:321]
 -3 [ 3 348:348]

y[3449] = 1.0
Vehicle: 302  Cost: 86.64
Route: 3 12 31 71 59 20 51 -3 
  3 [ 9 125:140]
 12 [ 8 168:173]
 31 [ 4 180:185]
 71 [ 8 192:197]
 59 [10 209:214]
 20 [ 6 240:245]
 51 [10 245:250]
 -3 [10 258:258]

y[3634] = 1.0
Vehicle: 703  Cost: 132.02
Route: 7 50 47 28 10 53 11 48 -7 
  7 [ 7 104:119]
 50 [10 158:163]
 47 [ 9 300:305]
 28 [ 8 327:332]
 10 [ 5 348:353]
 53 [ 9 360:365]
 11 [ 7 381:386]
 48 [10 386:391]
 -7 [10 421:421]

y[4093] = 1.0
Vehicle: 401  Cost: 45.24
Route: 4 23 34 66 36 63 -4 
  4 [10 269:284]
 23 [ 6 290:295]
 34 [ 4 303:308]
 66 [ 8 420:425]
 36 [ 4 440:445]
 63 [ 7 445:450]
 -4 [ 7 458:458]

y[4098] = 1.0
Vehicle: 702  Cost: 65.97
Route: 7 43 21 61 45 -7 
  7 [ 8 104:119]
 43 [ 7 137:142]
 21 [ 4 160:165]
 61 [ 5 300:305]
 45 [ 1 316:321]
 -7 [ 1 331:331]

y[4548] = 1.0
Vehicle: 402  Cost: 65.14
Route: 4 22 52 25 16 -4 
  4 [ 9  39:170]
 22 [ 5 180:185]
 52 [ 8 185:190]
 25 [ 4 300:305]
 16 [ 3 311:316]
 -4 [ 3 343:343]

y[4610] = 1.0
Vehicle: 302  Cost: 111.71
Route: 3 14 37 64 19 26 -3 
  3 [10  83: 98]
 14 [ 6 134:139]
 37 [ 3 158:163]
 64 [ 5 163:168]
 19 [ 3 300:305]
 26 [ 2 322:327]
 -3 [ 2 363:363]

y[4968] = 1.0
Vehicle: 705  Cost: 92.69
Route: 7 17 69 40 68 46 57 -7 
  7 [ 9 104:119]
 17 [ 7 146:151]
 69 [10 159:164]
 40 [ 6 164:169]
 68 [10 192:197]
 46 [ 7 300:305]
 57 [ 8 334:339]
 -7 [ 8 341:341]

FE: 2
SE: 11
!MIP-----
1226.7618427650837,23.651365041732788,0.0,2,11,2787,5082

Run: 5
Total Cost: 1231.69
Vehicle: 11  Cost: 159.75
Route: 1 4 5 3 -3 -5 -4 -1 
 1 [ 49   0:  0 [33, 32, 36, 34, 29, 35, 23, 44, 20, 41, 26, 39, 37, 18, 14, 15, 31, 13, 19]]
 4 [ 39  39: 54 [33, 32, 29, 35, 44, 20, 41, 26, 39, 37, 18, 14, 15, 31, 13, 19]]
 5 [ 25  84: 99 [35, 44, 20, 41, 26, 37, 14, 15, 31, 19]]
 3 [  0 110:110 []]
-3 [ 15 110:388 [64, 62, 49, 51, 71, 59]]
-5 [ 23 399:496 [64, 70, 58, 62, 49, 51, 54, 56, 71, 59]]
-4 [ 30 526:541 [64, 70, 63, 58, 62, 49, 51, 54, 56, 71, 59, 66]]
-1 [ 30 580:580 [64, 70, 63, 58, 62, 49, 51, 54, 56, 71, 59, 66]]

Vehicle: 12  Cost: 59.67
Route: 1 8 -8 -1 
 1 [ 18   0:  0 [30, 16, 22, 27, 25, 42, 12]]
 8 [  0  30: 30 []]
-8 [  8  30:365 [52, 55, 67]]
-1 [  8 395:395 [52, 55, 67]]

Vehicle: 13  Cost: 45.65
Route: 1 7 -7 -1 
 1 [ 27   0:  0 [11, 46, 40, 47, 38, 10, 43, 28, 24, 45, 21, 17]]
 7 [  0  23: 23 []]
-7 [ 21  23:491 [53, 68, 57, 48, 69, 65, 50, 60, 61]]
-1 [ 21 514:514 [53, 68, 57, 48, 69, 65, 50, 60, 61]]

Vehicle: 301  Cost: 80.19
Route: 3 41 14 15 49 20 51 -3 
  3 [10 110:125]
 41 [ 9 133:138]
 14 [ 5 166:171]
 15 [ 4 197:202]
 49 [ 6 202:207]
 20 [ 2 218:223]
 51 [ 6 223:228]
 -3 [ 6 235:235]

Vehicle: 302  Cost: 97.93
Route: 3 37 64 19 26 35 62 -3 
  3 [ 9 110:125]
 37 [ 6 167:172]
 64 [ 8 172:177]
 19 [ 6 300:305]
 26 [ 5 322:327]
 35 [ 2 335:340]
 62 [ 3 340:345]
 -3 [ 3 373:373]

Vehicle: 303  Cost: 89.30
Route: 3 31 71 59 44 -3 
  3 [ 6 110:154]
 31 [ 2 180:185]
 71 [ 6 192:197]
 59 [ 8 209:214]
 44 [ 6 300:305]
 -3 [ 6 332:332]

Vehicle: 401  Cost: 45.24
Route: 4 23 34 66 36 63 -4 
  4 [10  39: 54]
 23 [ 6  60: 65]
 34 [ 4 300:305]
 66 [ 8 420:425]
 36 [ 4 440:445]
 63 [ 7 445:450]
 -4 [ 7 458:458]

Vehicle: 501  Cost: 30.48
Route: 5 13 39 -5 
  5 [ 4  84:287]
 13 [ 2 300:305]
 39 [ 0 309:314]
 -5 [ 0 327:327]

Vehicle: 502  Cost: 147.17
Route: 5 33 70 18 58 32 56 29 54 -5 
  5 [10  84: 99]
 33 [ 7 125:130]
 70 [ 9 180:185]
 18 [ 6 235:240]
 58 [10 420:425]
 32 [ 7 425:430]
 56 [ 8 451:456]
 29 [ 7 465:470]
 54 [ 8 470:475]
 -5 [ 8 481:481]

Vehicle: 701  Cost: 65.97
Route: 7 43 21 61 45 -7 
  7 [ 8  23: 38]
 43 [ 7  55: 60]
 21 [ 4  78: 83]
 61 [ 5 300:305]
 45 [ 1 316:321]
 -7 [ 1 331:331]

Vehicle: 702  Cost: 77.32
Route: 7 60 17 69 40 65 38 -7 
  7 [ 8  23: 39]
 60 [ 9  60: 65]
 17 [ 7  75: 80]
 69 [10  88: 93]
 40 [ 6  93: 98]
 65 [ 7 300:305]
 38 [ 5 305:310]
 -7 [ 5 344:344]

Vehicle: 703  Cost: 89.37
Route: 7 68 50 47 57 -7 
  7 [ 1  23: 38]
 68 [ 5  64: 69]
 50 [ 8  90: 95]
 47 [ 7 300:305]
 57 [ 8 342:347]
 -7 [ 8 349:349]

Vehicle: 704  Cost: 108.11
Route: 7 46 28 53 10 24 48 11 -7 
  7 [10  23:273]
 46 [ 7 300:305]
 28 [ 6 319:324]
 53 [10 333:338]
 10 [ 7 345:350]
 24 [ 6 420:425]
 48 [ 9 436:441]
 11 [ 7 441:446]
 -7 [ 7 476:476]

Vehicle: 801  Cost: 68.92
Route: 8 55 30 27 67 42 -8 
  8 [ 8  30: 45]
 55 [ 9  70: 75]
 30 [ 8  75: 80]
 27 [ 5 300:305]
 67 [ 9 309:314]
 42 [ 5 331:336]
 -8 [ 5 350:350]

Vehicle: 802  Cost: 66.60
Route: 8 22 52 12 16 25 -8 
  8 [10  30:167]
 22 [ 6 180:185]
 52 [ 9 185:190]
 12 [ 8 202:207]
 16 [ 7 300:305]
 25 [ 3 311:316]
 -8 [ 3 344:344]

Total Cost: 1231.69
 11:159.75, 49:75 [1, 4, 5, 3, -3, -5, -4, -1]
 12:59.67, 18:75 [1, 8, -8, -1]
 13:45.65, 27:75 [1, 7, -7, -1]
301:80.19, 10:10 [3, 41, 14, 15, 49, 20, 51, -3]
302:97.93, 9:10 [3, 37, 64, 19, 26, 35, 62, -3]
303:89.30, 8:10 [3, 31, 71, 59, 44, -3]
401:45.24, 10:10 [4, 23, 34, 66, 36, 63, -4]
501:30.48, 4:10 [5, 13, 39, -5]
502:147.17, 10:10 [5, 33, 70, 18, 58, 32, 56, 29, 54, -5]
701:65.97, 8:10 [7, 43, 21, 61, 45, -7]
702:77.32, 10:10 [7, 60, 17, 69, 40, 65, 38, -7]
703:89.37, 8:10 [7, 68, 50, 47, 57, -7]
704:108.11, 10:10 [7, 46, 28, 53, 10, 24, 48, 11, -7]
801:68.92, 9:10 [8, 55, 30, 27, 67, 42, -8]
802:66.60, 10:10 [8, 22, 52, 12, 16, 25, -8]
fe: 3, se: 12

!ALNS------------
100000,1231.6925101679976,281.224,189.548,3,12,0.4177777777777778,0.8833333333333333,20.666666666666668,5.166666666666667
6 5 2 4 0 2 3 0 
10.120514672920816 20.810271006884125 9.4139613404534 12.591257708669835 36.35117790376498 20.7872133443598 15.895310812166043 23.838939081157022 
3 6 3 1 4 2 2 1 
15.220873334753612 15.49894240218472 13.691818991425409 15.319000845570471 11.939064498618166 15.508321218326856 15.518830203944653 13.218445797545082 

x[68] = 1.0
Vehicle: 13  Cost: 45.65
Route: 1 7 -7 -1 
 1 [ 27   0:  0 [40, 43, 28, 46, 24, 21, 11, 38, 45, 47, 10, 17]]
 7 [  0  23: 23 []]
-7 [ 25  23:502 [69, 65, 48, 53, 68, 57, 60, 61, 50, 66]]
-1 [ 25 524:524 [69, 65, 48, 53, 68, 57, 60, 61, 50, 66]]

x[243] = 1.0
Vehicle: 12  Cost: 59.67
Route: 1 8 -8 -1 
 1 [ 18   0:  0 [30, 22, 12, 25, 16, 42, 27]]
 8 [  0  30: 30 []]
-8 [ 15  30:474 [63, 67, 52, 55, 66]]
-1 [ 15 504:504 [63, 67, 52, 55, 66]]

x[2842] = 1.0
Vehicle: 11  Cost: 135.32
Route: 1 4 3 -3 -4 -1 
 1 [ 49   0:  0 [36, 34, 35, 41, 26, 37, 31, 19, 13, 39, 23, 29, 44, 32, 18, 15, 14, 33, 20]]
 4 [ 39  39: 54 [35, 41, 26, 37, 31, 19, 13, 39, 29, 44, 32, 18, 15, 14, 33, 20]]
 3 [  0  83: 83 []]
-3 [ 23  83:526 [64, 62, 49, 51, 70, 71, 56, 58, 59, 54]]
-4 [ 30 555:570 [64, 63, 62, 49, 51, 66, 70, 71, 56, 58, 59, 54]]
-1 [ 30 609:609 [64, 63, 62, 49, 51, 66, 70, 71, 56, 58, 59, 54]]

y[740] = 1.0
Vehicle: 304  Cost: 161.36
Route: 3 33 70 18 32 58 56 54 29 -3 
  3 [10 110:125]
 33 [ 7 154:159]
 70 [ 9 180:185]
 18 [ 6 235:240]
 32 [ 3 420:425]
 58 [ 7 425:430]
 56 [ 8 451:456]
 54 [ 9 465:470]
 29 [ 8 470:475]
 -3 [ 8 492:492]

y[1855] = 1.0
Vehicle: 702  Cost: 77.32
Route: 7 60 17 40 69 65 38 -7 
  7 [ 8 104:119]
 60 [ 9 140:145]
 17 [ 7 155:160]
 40 [ 3 168:173]
 69 [ 6 173:178]
 65 [ 7 300:305]
 38 [ 5 305:310]
 -7 [ 5 344:344]

y[2067] = 1.0
Vehicle: 801  Cost: 68.92
Route: 8 55 30 27 67 42 -8 
  8 [ 8 225:240]
 55 [ 9 265:270]
 30 [ 8 270:275]
 27 [ 5 300:305]
 67 [ 9 309:314]
 42 [ 5 331:336]
 -8 [ 5 350:350]

y[2092] = 1.0
Vehicle: 302  Cost: 100.48
Route: 3 41 14 37 64 19 -3 
  3 [10  92:107]
 41 [ 9 115:120]
 14 [ 5 149:154]
 37 [ 2 173:178]
 64 [ 4 178:183]
 19 [ 2 300:305]
 -3 [ 2 347:347]

y[3675] = 1.0
Vehicle: 401  Cost: 45.24
Route: 4 23 34 66 36 63 -4 
  4 [10 275:290]
 23 [ 6 296:301]
 34 [ 4 309:314]
 66 [ 8 420:425]
 36 [ 4 440:445]
 63 [ 7 445:450]
 -4 [ 7 458:458]

y[4195] = 1.0
Vehicle: 802  Cost: 66.60
Route: 8 22 52 12 16 25 -8 
  8 [10 228:243]
 22 [ 6 256:261]
 52 [ 9 261:266]
 12 [ 8 278:283]
 16 [ 7 300:305]
 25 [ 3 311:316]
 -8 [ 3 344:344]

y[4342] = 1.0
Vehicle: 704  Cost: 108.11
Route: 7 46 28 53 10 24 11 48 -7 
  7 [10  23:273]
 46 [ 7 300:305]
 28 [ 6 319:324]
 53 [10 333:338]
 10 [ 7 345:350]
 24 [ 6 420:425]
 11 [ 4 436:441]
 48 [ 7 441:446]
 -7 [ 7 476:476]

y[4538] = 1.0
Vehicle: 303  Cost: 78.68
Route: 3 31 71 59 20 51 -3 
  3 [ 8  92:154]
 31 [ 4 180:185]
 71 [ 8 192:197]
 59 [10 209:214]
 20 [ 6 240:245]
 51 [10 245:250]
 -3 [10 258:258]

y[4946] = 1.0
Vehicle: 701  Cost: 65.97
Route: 7 43 21 61 45 -7 
  7 [ 8 104:119]
 43 [ 7 137:142]
 21 [ 4 160:165]
 61 [ 5 300:305]
 45 [ 1 316:321]
 -7 [ 1 331:331]

y[5428] = 1.0
Vehicle: 301  Cost: 75.26
Route: 3 15 49 35 62 26 44 -3 
  3 [ 7 110:125]
 15 [ 6 142:147]
 49 [ 8 147:152]
 35 [ 5 300:305]
 62 [ 6 305:310]
 26 [ 5 318:323]
 44 [ 3 335:340]
 -3 [ 3 367:367]

y[5450] = 1.0
Vehicle: 305  Cost: 50.91
Route: 3 39 13 -3 
  3 [ 4  83:277]
 39 [ 2 300:305]
 13 [ 0 309:314]
 -3 [ 0 338:338]

y[5594] = 1.0
Vehicle: 703  Cost: 89.37
Route: 7 68 50 47 57 -7 
  7 [ 1 104:119]
 68 [ 5 146:151]
 50 [ 8 172:177]
 47 [ 7 300:305]
 57 [ 8 342:347]
 -7 [ 8 349:349]

FE: 3
SE: 12
!MIP-----
1228.872001164203,232.5236370563507,1.265194778974087E-5,3,12,2962,6028

