StringID   Type       x          y          demand     DeliveryDemand  PickupDemand  DivisionRate ReadyTime  DueDate    ServiceTime
D0         d          50.0       150.0      0.0        0.0             0.0           0.0          0.0        9999.0     0.0         
S0         s          25.0       25.0       0.0        0.0             0.0           0.0          0.0        9999.0     0.0         
S1         s          50.0       25.0       0.0        0.0             0.0           0.0          0.0        9999.0     0.0         
S2         s          75.0       25.0       0.0        0.0             0.0           0.0          0.0        9999.0     0.0         
S3         s          25.0       50.0       0.0        0.0             0.0           0.0          0.0        9999.0     0.0         
S4         s          75.0       50.0       0.0        0.0             0.0           0.0          0.0        9999.0     0.0         
S5         s          25.0       75.0       0.0        0.0             0.0           0.0          0.0        9999.0     0.0         
S6         s          50.0       75.0       0.0        0.0             0.0           0.0          0.0        9999.0     0.0         
S7         s          75.0       75.0       0.0        0.0             0.0           0.0          0.0        9999.0     0.0         
F_sS0      f          25.0       25.0       0.0        0.0             0.0           0.0          0.0        9999.0     0.0         
F_sS1      f          50.0       25.0       0.0        0.0             0.0           0.0          0.0        9999.0     0.0         
F_sS2      f          75.0       25.0       0.0        0.0             0.0           0.0          0.0        9999.0     0.0         
F_sS3      f          25.0       50.0       0.0        0.0             0.0           0.0          0.0        9999.0     0.0         
F_sS4      f          75.0       50.0       0.0        0.0             0.0           0.0          0.0        9999.0     0.0         
F_sS5      f          25.0       75.0       0.0        0.0             0.0           0.0          0.0        9999.0     0.0         
F_sS6      f          50.0       75.0       0.0        0.0             0.0           0.0          0.0        9999.0     0.0         
F_sS7      f          75.0       75.0       0.0        0.0             0.0           0.0          0.0        9999.0     0.0         
F0         f          84.0       46.0       0.0        0.0             0.0           0.0          0.0        9999.0     0.0         
F1         f          12.0       31.0       0.0        0.0             0.0           0.0          0.0        9999.0     0.0         
F2         f          38.0       67.0       0.0        0.0             0.0           0.0          0.0        9999.0     0.0         
F3         f          78.0       82.0       0.0        0.0             0.0           0.0          0.0        9999.0     0.0         
F4         f          61.0       89.0       0.0        0.0             0.0           0.0          0.0        9999.0     0.0         
F5         f          25.0       59.0       0.0        0.0             0.0           0.0          0.0        9999.0     0.0         
F6         f          54.0       33.0       0.0        0.0             0.0           0.0          0.0        9999.0     0.0         
F7         f          39.0       60.0       0.0        0.0             0.0           0.0          0.0        9999.0     0.0         
F8         f          27.0       42.0       0.0        0.0             0.0           0.0          0.0        9999.0     0.0         
F9         f          62.0       51.0       0.0        0.0             0.0           0.0          0.0        9999.0     0.0         
F10        f          29.0       51.0       0.0        0.0             0.0           0.0          0.0        9999.0     0.0         
F11        f          31.0       33.0       0.0        0.0             0.0           0.0          0.0        9999.0     0.0         
F12        f          43.0       33.0       0.0        0.0             0.0           0.0          0.0        9999.0     0.0         
F13        f          74.0       43.0       0.0        0.0             0.0           0.0          0.0        9999.0     0.0         
F14        f          52.0       16.0       0.0        0.0             0.0           0.0          0.0        9999.0     0.0         
F15        f          54.0       80.0       0.0        0.0             0.0           0.0          0.0        9999.0     0.0         
F16        f          45.0       66.0       0.0        0.0             0.0           0.0          0.0        9999.0     0.0         
F17        f          19.0       71.0       0.0        0.0             0.0           0.0          0.0        9999.0     0.0         
F18        f          39.0       11.0       0.0        0.0             0.0           0.0          0.0        9999.0     0.0         
F19        f          16.0       12.0       0.0        0.0             0.0           0.0          0.0        9999.0     0.0         
F20        f          49.0       73.0       0.0        0.0             0.0           0.0          0.0        9999.0     0.0         
C0         c          62.0       59.0       39.0       2.0             37.0          50.0         1327.0     2300.0     90.0        
C1         c          44.0       8.0        39.0       32.0            7.0           40.0         1585.0     1585.0     90.0        
C2         c          60.0       85.0       10.0       3.0             7.0           20.0         2724.0     2912.0     90.0        
C3         c          49.0       42.0       13.0       2.0             11.0          30.0         1857.0     2686.0     90.0        
C4         c          63.0       60.0       20.0       1.0             19.0          35.0         1538.0     2295.0     90.0        
C5         c          27.0       34.0       10.0       2.0             8.0           50.0         1655.0     2215.0     90.0        
C6         c          33.0       71.0       27.0       14.0            13.0          35.0         2673.0     3071.0     90.0        
C7         c          52.0       80.0       15.0       5.0             10.0          40.0         950.0      2641.0     90.0        
C8         c          78.0       38.0       26.0       13.0            13.0          40.0         1098.0     1696.0     90.0        
C9         c          67.0       60.0       12.0       1.0             11.0          40.0         688.0      2248.0     90.0        
C10        c          51.0       39.0       10.0       2.0             8.0           35.0         2798.0     3214.0     90.0        
C11        c          35.0       8.0        16.0       12.0            4.0           45.0         332.0      2515.0     90.0        
C12        c          25.0       33.0       19.0       5.0             14.0          45.0         2042.0     2177.0     90.0        
C13        c          60.0       81.0       35.0       9.0             26.0          20.0         596.0      1711.0     90.0        
C14        c          45.0       21.0       20.0       11.0            9.0           30.0         591.0      699.0      90.0        
C15        c          44.0       12.0       20.0       15.0            5.0           40.0         895.0      3098.0     90.0        
C16        c          2.0        45.0       20.0       19.0            1.0           35.0         1957.0     2939.0     90.0        
C17        c          30.0       34.0       29.0       3.0             26.0          30.0         2454.0     2481.0     90.0        
C18        c          39.0       13.0       10.0       7.0             3.0           30.0         991.0      2931.0     90.0        
C19        c          48.0       34.0       18.0       5.0             13.0          35.0         759.0      895.0      90.0        
C20        c          41.0       4.0        26.0       23.0            3.0           35.0         1699.0     1886.0     90.0        
C21        c          16.0       50.0       28.0       19.0            9.0           35.0         301.0      2863.0     90.0        
C22        c          27.0       78.0       10.0       7.0             3.0           45.0         829.0      1335.0     90.0        
C23        c          20.0       72.0       18.0       13.0            5.0           25.0         2104.0     3149.0     90.0        
C24        c          54.0       75.0       20.0       6.0             14.0          45.0         1135.0     2447.0     90.0        
C25        c          4.0        42.0       35.0       32.0            3.0           20.0         714.0      1815.0     90.0        
C26        c          37.0       72.0       27.0       13.0            14.0          35.0         994.0      1969.0     90.0        
C27        c          27.0       54.0       25.0       13.0            12.0          20.0         1121.0     1525.0     90.0        
C28        c          41.0       61.0       30.0       10.0            20.0          20.0         3229.0     3241.0     90.0        
C29        c          47.0       34.0       10.0       3.0             7.0           40.0         519.0      2554.0     90.0        
C30        c          27.0       30.0       10.0       1.0             9.0           35.0         203.0      1672.0     90.0        
C31        c          1.0        48.0       25.0       24.0            1.0           50.0         1252.0     2787.0     90.0        
C32        c          10.0       42.0       10.0       8.0             2.0           40.0         1432.0     1459.0     90.0        
C33        c          50.0       36.0       10.0       3.0             7.0           30.0         978.0      3230.0     90.0        
C34        c          38.0       11.0       17.0       12.0            5.0           40.0         2233.0     3144.0     90.0        
C35        c          28.0       27.0       10.0       0.0             10.0          20.0         2289.0     3033.0     90.0        
C36        c          0.0        53.0       15.0       15.0            0.0           20.0         1322.0     2352.0     90.0        
C37        c          100.0      35.0       26.0       17.0            9.0           35.0         500.0      2094.0     90.0        
C38        c          23.0       65.0       10.0       6.0             4.0           25.0         886.0      1673.0     90.0        
C39        c          44.0       33.0       10.0       2.0             8.0           30.0         303.0      2065.0     90.0        
C40        c          40.0       11.0       18.0       13.0            5.0           35.0         3164.0     3203.0     90.0        
C41        c          93.0       32.0       18.0       12.0            6.0           20.0         1728.0     2988.0     90.0        
C42        c          8.0        53.0       19.0       16.0            3.0           40.0         956.0      1538.0     90.0        
C43        c          40.0       17.0       31.0       18.0            13.0          40.0         2058.0     2190.0     90.0        
C44        c          4.0        45.0       18.0       16.0            2.0           50.0         1053.0     1778.0     90.0        
C45        c          90.0       33.0       16.0       10.0            6.0           50.0         868.0      3228.0     90.0        
C46        c          54.0       31.0       23.0       10.0            13.0          25.0         2643.0     2941.0     90.0        
C47        c          9.0        47.0       13.0       11.0            2.0           30.0         2481.0     2823.0     90.0        
C48        c          47.0       72.0       10.0       3.0             7.0           40.0         2732.0     3319.0     90.0        
C49        c          36.0       26.0       19.0       5.0             14.0          50.0         1818.0     2546.0     90.0        
C50        c          2.0        45.0       34.0       32.0            2.0           30.0         3057.0     3349.0     90.0        
C51        c          20.0       77.0       10.0       7.0             3.0           30.0         686.0      2958.0     90.0        
C52        c          8.0        43.0       10.0       8.0             2.0           40.0         334.0      481.0      90.0        
C53        c          32.0       65.0       23.0       12.0            11.0          35.0         366.0      3369.0     90.0        
C54        c          88.0       33.0       15.0       9.0             6.0           50.0         1591.0     2024.0     90.0        
C55        c          55.0       63.0       32.0       4.0             28.0          35.0         1315.0     2722.0     90.0        
C56        c          7.0        49.0       15.0       13.0            2.0           20.0         916.0      2540.0     90.0        
C57        c          22.0       79.0       24.0       17.0            7.0           40.0         1533.0     1715.0     90.0        
C58        c          27.0       30.0       21.0       2.0             19.0          20.0         330.0      378.0      90.0        
C59        c          26.0       49.0       10.0       5.0             5.0           40.0         1326.0     2282.0     90.0        
C60        c          50.0       30.0       10.0       4.0             6.0           35.0         559.0      1474.0     90.0        
C61        c          10.0       41.0       10.0       8.0             2.0           25.0         1092.0     2744.0     90.0        
C62        c          41.0       64.0       21.0       8.0             13.0          45.0         297.0      653.0      90.0        
C63        c          59.0       65.0       18.0       2.0             16.0          40.0         364.0      733.0      90.0        
C64        c          63.0       86.0       33.0       9.0             24.0          35.0         1233.0     1538.0     90.0        
C65        c          34.0       14.0       24.0       14.0            10.0          40.0         1698.0     2236.0     90.0        
C66        c          63.0       81.0       26.0       6.0             20.0          40.0         437.0      2629.0     90.0        
C67        c          54.0       41.0       15.0       4.0             11.0          35.0         1308.0     2316.0     90.0        
C68        c          45.0       0.0        13.0       13.0            0.0           35.0         376.0      2658.0     90.0        
C69        c          6.0        45.0       16.0       14.0            2.0           25.0         556.0      2154.0     90.0        
C70        c          58.0       83.0       12.0       4.0             8.0           45.0         1718.0     1767.0     90.0        
C71        c          58.0       76.0       13.0       3.0             10.0          45.0         660.0      1065.0     90.0        
C72        c          68.0       54.0       10.0       2.0             8.0           35.0         940.0      2028.0     90.0        
C73        c          31.0       66.0       10.0       5.0             5.0           40.0         935.0      2961.0     90.0        
C74        c          32.0       6.0        11.0       9.0             2.0           30.0         1029.0     2180.0     90.0        
C75        c          16.0       74.0       14.0       11.0            3.0           30.0         579.0      2451.0     90.0        
C76        c          63.0       61.0       29.0       1.0             28.0          45.0         671.0      1337.0     90.0        
C77        c          17.0       78.0       22.0       17.0            5.0           40.0         503.0      743.0      90.0        
C78        c          37.0       14.0       32.0       20.0            12.0          40.0         1645.0     1679.0     90.0        
C79        c          56.0       76.0       15.0       4.0             11.0          30.0         1489.0     3047.0     90.0        
C80        c          96.0       35.0       14.0       9.0             5.0           40.0         930.0      1972.0     90.0        
C81        c          13.0       47.0       10.0       7.0             3.0           30.0         2349.0     2969.0     90.0        
C82        c          2.0        37.0       10.0       9.0             1.0           45.0         981.0      3061.0     90.0        
C83        c          27.0       34.0       16.0       3.0             13.0          25.0         1571.0     2970.0     90.0        
C84        c          49.0       31.0       28.0       10.0            18.0          45.0         391.0      1811.0     90.0        
C85        c          3.0        43.0       20.0       19.0            1.0           25.0         1009.0     1858.0     90.0        
C86        c          9.0        30.0       10.0       7.0             3.0           35.0         735.0      1172.0     90.0        
C87        c          8.0        43.0       25.0       20.0            5.0           35.0         599.0      1353.0     90.0        
C88        c          35.0       33.0       23.0       1.0             22.0          35.0         880.0      2989.0     90.0        
C89        c          51.0       37.0       24.0       7.0             17.0          45.0         710.0      2635.0     90.0        
C90        c          48.0       31.0       10.0       4.0             6.0           40.0         373.0      2993.0     90.0        
C91        c          1.0        48.0       27.0       26.0            1.0           50.0         1790.0     2167.0     90.0        
C92        c          40.0       18.0       15.0       8.0             7.0           30.0         1382.0     2233.0     90.0        
C93        c          45.0       61.0       35.0       9.0             26.0          35.0         424.0      1063.0     90.0        
C94        c          36.0       6.0        10.0       8.0             2.0           45.0         977.0      2034.0     90.0        
C95        c          65.0       78.0       10.0       2.0             8.0           25.0         1460.0     2027.0     90.0        
C96        c          41.0       9.0        20.0       16.0            4.0           30.0         936.0      1447.0     90.0        
C97        c          57.0       73.0       35.0       8.0             27.0          35.0         2043.0     2436.0     90.0        
C98        c          82.0       32.0       14.0       9.0             5.0           50.0         1278.0     2414.0     90.0        
C99        c          54.0       73.0       11.0       3.0             8.0           20.0         634.0      721.0      90.0        

L Large vehicle loading capacity /1400.0/
C Electric vehicle loading capacity /175.0/
Q Electric vehicle battery capacity /117.8/
r Fuel consumption rate /1.0/
g Inverse refueling rate /2.3/
v Average velocity /1.0/
