StringID   Type       x          y          demand     DeliveryDemand  PickupDemand  DivisionRate ReadyTime  DueDate    ServiceTime
D0         d          50.0       150.0      0.0        0.0             0.0           0.0          0.0        9999.0     0.0         
S0         s          25.0       25.0       0.0        0.0             0.0           0.0          0.0        9999.0     0.0         
S1         s          50.0       25.0       0.0        0.0             0.0           0.0          0.0        9999.0     0.0         
S2         s          75.0       25.0       0.0        0.0             0.0           0.0          0.0        9999.0     0.0         
S3         s          25.0       50.0       0.0        0.0             0.0           0.0          0.0        9999.0     0.0         
S4         s          75.0       50.0       0.0        0.0             0.0           0.0          0.0        9999.0     0.0         
S5         s          25.0       75.0       0.0        0.0             0.0           0.0          0.0        9999.0     0.0         
S6         s          50.0       75.0       0.0        0.0             0.0           0.0          0.0        9999.0     0.0         
S7         s          75.0       75.0       0.0        0.0             0.0           0.0          0.0        9999.0     0.0         
F_sS0      f          25.0       25.0       0.0        0.0             0.0           0.0          0.0        9999.0     0.0         
F_sS1      f          50.0       25.0       0.0        0.0             0.0           0.0          0.0        9999.0     0.0         
F_sS2      f          75.0       25.0       0.0        0.0             0.0           0.0          0.0        9999.0     0.0         
F_sS3      f          25.0       50.0       0.0        0.0             0.0           0.0          0.0        9999.0     0.0         
F_sS4      f          75.0       50.0       0.0        0.0             0.0           0.0          0.0        9999.0     0.0         
F_sS5      f          25.0       75.0       0.0        0.0             0.0           0.0          0.0        9999.0     0.0         
F_sS6      f          50.0       75.0       0.0        0.0             0.0           0.0          0.0        9999.0     0.0         
F_sS7      f          75.0       75.0       0.0        0.0             0.0           0.0          0.0        9999.0     0.0         
F0         f          72.0       32.0       0.0        0.0             0.0           0.0          0.0        9999.0     0.0         
F1         f          59.0       62.0       0.0        0.0             0.0           0.0          0.0        9999.0     0.0         
F2         f          39.0       75.0       0.0        0.0             0.0           0.0          0.0        9999.0     0.0         
F3         f          40.0       53.0       0.0        0.0             0.0           0.0          0.0        9999.0     0.0         
F4         f          75.0       59.0       0.0        0.0             0.0           0.0          0.0        9999.0     0.0         
F5         f          32.0       43.0       0.0        0.0             0.0           0.0          0.0        9999.0     0.0         
F6         f          41.0       21.0       0.0        0.0             0.0           0.0          0.0        9999.0     0.0         
F7         f          30.0       33.0       0.0        0.0             0.0           0.0          0.0        9999.0     0.0         
F8         f          13.0       11.0       0.0        0.0             0.0           0.0          0.0        9999.0     0.0         
F9         f          44.0       65.0       0.0        0.0             0.0           0.0          0.0        9999.0     0.0         
F10        f          25.0       35.0       0.0        0.0             0.0           0.0          0.0        9999.0     0.0         
F11        f          43.0       35.0       0.0        0.0             0.0           0.0          0.0        9999.0     0.0         
F12        f          34.0       49.0       0.0        0.0             0.0           0.0          0.0        9999.0     0.0         
F13        f          55.0       10.0       0.0        0.0             0.0           0.0          0.0        9999.0     0.0         
F14        f          62.0       12.0       0.0        0.0             0.0           0.0          0.0        9999.0     0.0         
F15        f          44.0       74.0       0.0        0.0             0.0           0.0          0.0        9999.0     0.0         
F16        f          38.0       54.0       0.0        0.0             0.0           0.0          0.0        9999.0     0.0         
F17        f          27.0       5.0        0.0        0.0             0.0           0.0          0.0        9999.0     0.0         
F18        f          17.0       58.0       0.0        0.0             0.0           0.0          0.0        9999.0     0.0         
F19        f          71.0       22.0       0.0        0.0             0.0           0.0          0.0        9999.0     0.0         
F20        f          10.0       48.0       0.0        0.0             0.0           0.0          0.0        9999.0     0.0         
C0         c          32.0       75.0       29.0       17.0            12.0          40.0         213.0      308.0      10.0        
C1         c          26.0       39.0       16.0       5.0             11.0          35.0         162.0      243.0      10.0        
C2         c          54.0       35.0       18.0       6.0             12.0          50.0         129.0      263.0      10.0        
C3         c          67.0       36.0       22.0       10.0            12.0          50.0         208.0      235.0      10.0        
C4         c          48.0       30.0       19.0       7.0             12.0          35.0         187.0      311.0      10.0        
C5         c          11.0       13.0       11.0       2.0             9.0           40.0         206.0      225.0      10.0        
C6         c          66.0       3.0        24.0       23.0            1.0           25.0         233.0      316.0      10.0        
C7         c          35.0       49.0       4.0        1.0             3.0           50.0         207.0      248.0      10.0        
C8         c          30.0       23.0       19.0       4.0             15.0          30.0         176.0      299.0      10.0        
C9         c          24.0       72.0       27.0       18.0            9.0           50.0         236.0      276.0      10.0        
C10        c          33.0       11.0       2.0        1.0             1.0           40.0         150.0      285.0      10.0        
C11        c          19.0       30.0       10.0       4.0             6.0           25.0         179.0      237.0      10.0        
C12        c          6.0        44.0       16.0       14.0            2.0           50.0         224.0      282.0      10.0        
C13        c          53.0       43.0       7.0        1.0             6.0           25.0         167.0      227.0      10.0        
C14        c          26.0       51.0       2.0        1.0             1.0           20.0         121.0      280.0      10.0        
C15        c          53.0       30.0       23.0       10.0            13.0          40.0         132.0      310.0      10.0        
C16        c          21.0       26.0       7.0        1.0             6.0           35.0         145.0      151.0      10.0        
C17        c          18.0       18.0       10.0       0.0             10.0          25.0         119.0      174.0      10.0        
C18        c          4.0        6.0        21.0       7.0             14.0          20.0         215.0      289.0      10.0        
C19        c          48.0       31.0       6.0        2.0             4.0           30.0         160.0      226.0      10.0        
C20        c          32.0       45.0       7.0        2.0             5.0           35.0         125.0      177.0      10.0        
C21        c          7.0        27.0       31.0       23.0            8.0           45.0         289.0      299.0      10.0        
C22        c          2.0        41.0       18.0       17.0            1.0           45.0         163.0      285.0      10.0        
C23        c          37.0       22.0       12.0       5.0             7.0           40.0         181.0      205.0      10.0        
C24        c          30.0       47.0       2.0        1.0             1.0           25.0         164.0      228.0      10.0        
C25        c          54.0       3.0        13.0       12.0            1.0           30.0         184.0      210.0      10.0        
C26        c          46.0       59.0       9.0        2.0             7.0           35.0         171.0      324.0      10.0        
C27        c          67.0       11.0       9.0        8.0             1.0           40.0         181.0      259.0      10.0        
C28        c          33.0       21.0       13.0       5.0             8.0           45.0         162.0      226.0      10.0        
C29        c          34.0       13.0       29.0       18.0            11.0          45.0         215.0      274.0      10.0        
C30        c          24.0       3.0        12.0       10.0            2.0           30.0         264.0      307.0      10.0        
C31        c          28.0       20.0       12.0       3.0             9.0           35.0         153.0      191.0      10.0        
C32        c          7.0        19.0       15.0       9.0             6.0           50.0         212.0      237.0      10.0        
C33        c          2.0        60.0       12.0       12.0            0.0           50.0         279.0      329.0      10.0        
C34        c          44.0       4.0        20.0       18.0            2.0           35.0         237.0      246.0      10.0        
C35        c          22.0       47.0       14.0       7.0             7.0           35.0         152.0      233.0      10.0        
C36        c          50.0       40.0       16.0       3.0             13.0          35.0         158.0      170.0      10.0        
C37        c          41.0       3.0        3.0        3.0             0.0           50.0         200.0      258.0      10.0        
C38        c          22.0       48.0       2.0        1.0             1.0           50.0         190.0      235.0      10.0        
C39        c          30.0       3.0        3.0        3.0             0.0           45.0         229.0      269.0      10.0        
C40        c          64.0       47.0       27.0       7.0             20.0          50.0         120.0      223.0      10.0        
C41        c          14.0       56.0       13.0       10.0            3.0           40.0         185.0      209.0      10.0        
C42        c          56.0       49.0       5.0        1.0             4.0           45.0         190.0      247.0      10.0        
C43        c          67.0       27.0       23.0       14.0            9.0           45.0         257.0      263.0      10.0        
C44        c          2.0        23.0       12.0       11.0            1.0           25.0         241.0      281.0      10.0        
C45        c          12.0       28.0       19.0       11.0            8.0           25.0         193.0      226.0      10.0        
C46        c          42.0       55.0       22.0       5.0             17.0          30.0         197.0      216.0      10.0        
C47        c          34.0       31.0       16.0       1.0             15.0          40.0         237.0      245.0      10.0        
C48        c          2.0        64.0       17.0       16.0            1.0           30.0         251.0      305.0      10.0        
C49        c          18.0       45.0       11.0       7.0             4.0           50.0         259.0      280.0      10.0        
C50        c          36.0       3.0        11.0       10.0            1.0           35.0         164.0      238.0      10.0        
C51        c          28.0       16.0       1.0        0.0             1.0           30.0         121.0      192.0      10.0        
C52        c          35.0       23.0       16.0       5.0             11.0          30.0         161.0      203.0      10.0        
C53        c          38.0       52.0       1.0        0.0             1.0           25.0         186.0      253.0      10.0        
C54        c          26.0       35.0       14.0       4.0             10.0          50.0         153.0      220.0      10.0        
C55        c          27.0       36.0       11.0       3.0             8.0           50.0         207.0      213.0      10.0        
C56        c          61.0       3.0        14.0       13.0            1.0           30.0         200.0      246.0      10.0        
C57        c          45.0       58.0       18.0       4.0             14.0          25.0         279.0      316.0      10.0        
C58        c          25.0       28.0       24.0       3.0             21.0          40.0         147.0      174.0      10.0        
C59        c          15.0       43.0       5.0        3.0             2.0           45.0         230.0      320.0      10.0        
C60        c          25.0       38.0       13.0       4.0             9.0           40.0         198.0      211.0      10.0        
C61        c          43.0       35.0       8.0        1.0             7.0           50.0         255.0      262.0      10.0        
C62        c          27.0       20.0       18.0       5.0             13.0          50.0         219.0      296.0      10.0        
C63        c          44.0       31.0       13.0       4.0             9.0           40.0         175.0      269.0      10.0        
C64        c          18.0       33.0       20.0       9.0             11.0          50.0         222.0      296.0      10.0        
C65        c          21.0       33.0       9.0        3.0             6.0           40.0         196.0      222.0      10.0        
C66        c          42.0       6.0        16.0       14.0            2.0           35.0         216.0      244.0      10.0        
C67        c          42.0       57.0       28.0       7.0             21.0          35.0         198.0      212.0      10.0        
C68        c          27.0       38.0       27.0       8.0             19.0          40.0         193.0      314.0      10.0        
C69        c          44.0       50.0       20.0       2.0             18.0          45.0         135.0      285.0      10.0        
C70        c          7.0        33.0       8.0        6.0             2.0           40.0         203.0      231.0      10.0        
C71        c          3.0        43.0       3.0        3.0             0.0           25.0         156.0      195.0      10.0        
C72        c          16.0       60.0       24.0       18.0            6.0           35.0         253.0      279.0      10.0        
C73        c          2.0        15.0       4.0        3.0             1.0           40.0         128.0      224.0      10.0        
C74        c          58.0       48.0       15.0       3.0             12.0          40.0         224.0      286.0      10.0        
C75        c          12.0       46.0       7.0        5.0             2.0           35.0         230.0      232.0      10.0        
C76        c          49.0       37.0       25.0       6.0             19.0          25.0         167.0      243.0      10.0        
C77        c          40.0       57.0       15.0       4.0             11.0          50.0         144.0      298.0      10.0        
C78        c          36.0       3.0        15.0       14.0            1.0           35.0         206.0      304.0      10.0        
C79        c          32.0       52.0       15.0       6.0             9.0           40.0         143.0      248.0      10.0        
C80        c          26.0       54.0       7.0        4.0             3.0           40.0         254.0      255.0      10.0        
C81        c          22.0       21.0       19.0       1.0             18.0          35.0         137.0      258.0      10.0        
C82        c          67.0       3.0        18.0       17.0            1.0           25.0         170.0      255.0      10.0        
C83        c          44.0       6.0        26.0       22.0            4.0           30.0         302.0      330.0      10.0        
C84        c          21.0       65.0       24.0       16.0            8.0           25.0         208.0      307.0      10.0        
C85        c          54.0       54.0       5.0        0.0             5.0           35.0         238.0      313.0      10.0        
C86        c          48.0       55.0       25.0       3.0             22.0          35.0         211.0      318.0      10.0        
C87        c          24.0       20.0       19.0       3.0             16.0          35.0         170.0      326.0      10.0        
C88        c          19.0       43.0       4.0        2.0             2.0           25.0         224.0      255.0      10.0        
C89        c          33.0       3.0        13.0       12.0            1.0           35.0         133.0      293.0      10.0        
C90        c          37.0       11.0       18.0       13.0            5.0           35.0         172.0      223.0      10.0        
C91        c          67.0       25.0       13.0       8.0             5.0           35.0         234.0      237.0      10.0        
C92        c          42.0       64.0       12.0       4.0             8.0           45.0         269.0      306.0      10.0        
C93        c          67.0       25.0       15.0       9.0             6.0           20.0         282.0      289.0      10.0        
C94        c          57.0       48.0       8.0        1.0             7.0           20.0         179.0      322.0      10.0        
C95        c          6.0        76.0       19.0       17.0            2.0           35.0         165.0      265.0      10.0        
C96        c          9.0        8.0        16.0       2.0             14.0          30.0         229.0      250.0      10.0        
C97        c          33.0       42.0       19.0       4.0             15.0          45.0         122.0      289.0      10.0        
C98        c          11.0       5.0        17.0       9.0             8.0           35.0         129.0      325.0      10.0        
C99        c          2.0        36.0       25.0       24.0            1.0           30.0         162.0      249.0      10.0        

L Large vehicle loading capacity /800.0/
C Electric vehicle loading capacity /100.0/
Q Electric vehicle battery capacity /65.5/
r Fuel consumption rate /1.0/
g Inverse refueling rate /0.5/
v Average velocity /1.0/
