StringID   Type       x          y          demand     DeliveryDemand  PickupDemand  DivisionRate ReadyTime  DueDate    ServiceTime
D0         d          50.0       150.0      0.0        0.0             0.0           0.0          0.0        9999.0     0.0         
S0         s          25.0       25.0       0.0        0.0             0.0           0.0          0.0        9999.0     0.0         
S1         s          50.0       25.0       0.0        0.0             0.0           0.0          0.0        9999.0     0.0         
S2         s          75.0       25.0       0.0        0.0             0.0           0.0          0.0        9999.0     0.0         
S3         s          25.0       50.0       0.0        0.0             0.0           0.0          0.0        9999.0     0.0         
S4         s          75.0       50.0       0.0        0.0             0.0           0.0          0.0        9999.0     0.0         
S5         s          25.0       75.0       0.0        0.0             0.0           0.0          0.0        9999.0     0.0         
S6         s          50.0       75.0       0.0        0.0             0.0           0.0          0.0        9999.0     0.0         
S7         s          75.0       75.0       0.0        0.0             0.0           0.0          0.0        9999.0     0.0         
F_sS0      f          25.0       25.0       0.0        0.0             0.0           0.0          0.0        9999.0     0.0         
F_sS1      f          50.0       25.0       0.0        0.0             0.0           0.0          0.0        9999.0     0.0         
F_sS2      f          75.0       25.0       0.0        0.0             0.0           0.0          0.0        9999.0     0.0         
F_sS3      f          25.0       50.0       0.0        0.0             0.0           0.0          0.0        9999.0     0.0         
F_sS4      f          75.0       50.0       0.0        0.0             0.0           0.0          0.0        9999.0     0.0         
F_sS5      f          25.0       75.0       0.0        0.0             0.0           0.0          0.0        9999.0     0.0         
F_sS6      f          50.0       75.0       0.0        0.0             0.0           0.0          0.0        9999.0     0.0         
F_sS7      f          75.0       75.0       0.0        0.0             0.0           0.0          0.0        9999.0     0.0         
F0         f          88.0       27.0       0.0        0.0             0.0           0.0          0.0        9999.0     0.0         
F1         f          34.0       17.0       0.0        0.0             0.0           0.0          0.0        9999.0     0.0         
F2         f          34.0       58.0       0.0        0.0             0.0           0.0          0.0        9999.0     0.0         
F3         f          73.0       13.0       0.0        0.0             0.0           0.0          0.0        9999.0     0.0         
F4         f          64.0       62.0       0.0        0.0             0.0           0.0          0.0        9999.0     0.0         
F5         f          53.0       32.0       0.0        0.0             0.0           0.0          0.0        9999.0     0.0         
F6         f          0.0        44.0       0.0        0.0             0.0           0.0          0.0        9999.0     0.0         
F7         f          80.0       89.0       0.0        0.0             0.0           0.0          0.0        9999.0     0.0         
F8         f          13.0       95.0       0.0        0.0             0.0           0.0          0.0        9999.0     0.0         
F9         f          70.0       54.0       0.0        0.0             0.0           0.0          0.0        9999.0     0.0         
F10        f          11.0       32.0       0.0        0.0             0.0           0.0          0.0        9999.0     0.0         
F11        f          51.0       55.0       0.0        0.0             0.0           0.0          0.0        9999.0     0.0         
F12        f          65.0       34.0       0.0        0.0             0.0           0.0          0.0        9999.0     0.0         
F13        f          86.0       24.0       0.0        0.0             0.0           0.0          0.0        9999.0     0.0         
F14        f          32.0       55.0       0.0        0.0             0.0           0.0          0.0        9999.0     0.0         
F15        f          62.0       54.0       0.0        0.0             0.0           0.0          0.0        9999.0     0.0         
F16        f          46.0       42.0       0.0        0.0             0.0           0.0          0.0        9999.0     0.0         
F17        f          15.0       29.0       0.0        0.0             0.0           0.0          0.0        9999.0     0.0         
F18        f          54.0       41.0       0.0        0.0             0.0           0.0          0.0        9999.0     0.0         
F19        f          42.0       69.0       0.0        0.0             0.0           0.0          0.0        9999.0     0.0         
F20        f          62.0       76.0       0.0        0.0             0.0           0.0          0.0        9999.0     0.0         
C0         c          3.0        59.0       17.0       16.0            1.0           35.0         170.0      253.0      10.0        
C1         c          19.0       84.0       23.0       18.0            5.0           35.0         106.0      293.0      10.0        
C2         c          0.0        46.0       20.0       20.0            0.0           25.0         185.0      320.0      10.0        
C3         c          56.0       69.0       25.0       5.0             20.0          30.0         103.0      266.0      10.0        
C4         c          91.0       31.0       28.0       18.0            10.0          20.0         203.0      237.0      10.0        
C5         c          8.0        12.0       21.0       7.0             14.0          40.0         144.0      191.0      10.0        
C6         c          63.0       73.0       20.0       3.0             17.0          30.0         239.0      303.0      10.0        
C7         c          56.0       83.0       7.0        2.0             5.0           50.0         189.0      231.0      10.0        
C8         c          31.0       33.0       23.0       1.0             22.0          35.0         150.0      248.0      10.0        
C9         c          20.0       57.0       2.0        1.0             1.0           40.0         107.0      268.0      10.0        
C10        c          42.0       13.0       17.0       12.0            5.0           35.0         167.0      236.0      10.0        
C11        c          36.0       9.0        2.0        2.0             0.0           30.0         163.0      247.0      10.0        
C12        c          1.0        36.0       19.0       18.0            1.0           30.0         106.0      181.0      10.0        
C13        c          54.0       52.0       20.0       1.0             19.0          50.0         180.0      305.0      10.0        
C14        c          88.0       23.0       31.0       23.0            8.0           40.0         185.0      243.0      10.0        
C15        c          48.0       9.0        3.0        2.0             1.0           45.0         197.0      237.0      10.0        
C16        c          64.0       81.0       24.0       5.0             19.0          45.0         129.0      213.0      10.0        
C17        c          59.0       73.0       33.0       6.0             27.0          35.0         129.0      308.0      10.0        
C18        c          28.0       85.0       25.0       17.0            8.0           40.0         112.0      259.0      10.0        
C19        c          67.0       6.0        23.0       21.0            2.0           30.0         116.0      235.0      10.0        
C20        c          94.0       31.0       18.0       12.0            6.0           45.0         276.0      295.0      10.0        
C21        c          29.0       56.0       8.0        4.0             4.0           35.0         222.0      253.0      10.0        
C22        c          35.0       61.0       18.0       8.0             10.0          50.0         156.0      292.0      10.0        
C23        c          0.0        45.0       30.0       30.0            0.0           30.0         151.0      184.0      10.0        
C24        c          51.0       78.0       4.0        1.0             3.0           35.0         106.0      190.0      10.0        
C25        c          34.0       33.0       7.0        0.0             7.0           25.0         141.0      177.0      10.0        
C26        c          36.0       8.0        32.0       25.0            7.0           45.0         129.0      269.0      10.0        
C27        c          57.0       21.0       2.0        1.0             1.0           30.0         265.0      270.0      10.0        
C28        c          61.0       27.0       14.0       8.0             6.0           40.0         113.0      142.0      10.0        
C29        c          61.0       84.0       18.0       5.0             13.0          45.0         108.0      287.0      10.0        
C30        c          14.0       35.0       16.0       10.0            6.0           40.0         120.0      145.0      10.0        
C31        c          24.0       87.0       2.0        1.0             1.0           30.0         161.0      224.0      10.0        
C32        c          16.0       47.0       12.0       8.0             4.0           40.0         182.0      263.0      10.0        
C33        c          29.0       62.0       28.0       15.0            13.0          35.0         127.0      155.0      10.0        
C34        c          83.0       29.0       33.0       21.0            12.0          30.0         248.0      282.0      10.0        
C35        c          11.0       23.0       14.0       7.0             7.0           40.0         113.0      146.0      10.0        
C36        c          38.0       45.0       26.0       4.0             22.0          45.0         125.0      149.0      10.0        
C37        c          60.0       77.0       39.0       9.0             30.0          40.0         198.0      237.0      10.0        
C38        c          17.0       82.0       30.0       24.0            6.0           25.0         133.0      137.0      10.0        
C39        c          93.0       33.0       19.0       12.0            7.0           30.0         125.0      154.0      10.0        
C40        c          89.0       30.0       12.0       8.0             4.0           20.0         121.0      147.0      10.0        
C41        c          14.0       47.0       9.0        6.0             3.0           45.0         191.0      261.0      10.0        
C42        c          39.0       60.0       33.0       12.0            21.0          35.0         146.0      216.0      10.0        
C43        c          24.0       36.0       27.0       9.0             18.0          30.0         227.0      251.0      10.0        
C44        c          28.0       3.0        22.0       20.0            2.0           50.0         287.0      313.0      10.0        
C45        c          13.0       72.0       23.0       19.0            4.0           35.0         186.0      211.0      10.0        
C46        c          13.0       47.0       19.0       14.0            5.0           20.0         149.0      286.0      10.0        
C47        c          59.0       49.0       19.0       3.0             16.0          30.0         183.0      192.0      10.0        
C48        c          5.0        44.0       24.0       21.0            3.0           40.0         119.0      139.0      10.0        
C49        c          19.0       79.0       9.0        7.0             2.0           25.0         190.0      205.0      10.0        
C50        c          3.0        63.0       16.0       15.0            1.0           50.0         205.0      210.0      10.0        
C51        c          41.0       11.0       2.0        1.0             1.0           30.0         158.0      320.0      10.0        
C52        c          65.0       79.0       10.0       2.0             8.0           25.0         106.0      281.0      10.0        
C53        c          6.0        43.0       32.0       28.0            4.0           50.0         170.0      289.0      10.0        
C54        c          19.0       18.0       18.0       1.0             17.0          30.0         189.0      198.0      10.0        
C55        c          93.0       36.0       15.0       9.0             6.0           35.0         264.0      313.0      10.0        
C56        c          18.0       81.0       16.0       12.0            4.0           30.0         138.0      181.0      10.0        
C57        c          54.0       46.0       17.0       3.0             14.0          25.0         149.0      179.0      10.0        
C58        c          66.0       87.0       21.0       5.0             16.0          45.0         110.0      130.0      10.0        
C59        c          15.0       81.0       26.0       21.0            5.0           40.0         115.0      188.0      10.0        
C60        c          11.0       39.0       21.0       15.0            6.0           50.0         148.0      216.0      10.0        
C61        c          14.0       46.0       24.0       17.0            7.0           45.0         163.0      267.0      10.0        
C62        c          33.0       34.0       25.0       1.0             24.0          50.0         247.0      253.0      10.0        
C63        c          58.0       52.0       9.0        1.0             8.0           40.0         164.0      207.0      10.0        
C64        c          60.0       71.0       17.0       3.0             14.0          20.0         235.0      284.0      10.0        
C65        c          28.0       38.0       18.0       5.0             13.0          40.0         109.0      211.0      10.0        
C66        c          32.0       56.0       28.0       12.0            16.0          35.0         167.0      270.0      10.0        
C67        c          5.0        36.0       27.0       23.0            4.0           35.0         162.0      202.0      10.0        
C68        c          35.0       34.0       9.0        0.0             9.0           20.0         119.0      197.0      10.0        
C69        c          15.0       36.0       16.0       9.0             7.0           30.0         160.0      171.0      10.0        
C70        c          42.0       41.0       11.0       0.0             11.0          50.0         201.0      267.0      10.0        
C71        c          34.0       14.0       24.0       14.0            10.0          45.0         216.0      288.0      10.0        
C72        c          17.0       9.0        19.0       9.0             10.0          40.0         155.0      162.0      10.0        
C73        c          76.0       28.0       4.0        3.0             1.0           30.0         222.0      239.0      10.0        
C74        c          61.0       84.0       7.0        2.0             5.0           35.0         234.0      243.0      10.0        
C75        c          29.0       40.0       18.0       5.0             13.0          25.0         242.0      290.0      10.0        
C76        c          5.0        48.0       26.0       23.0            3.0           40.0         254.0      263.0      10.0        
C77        c          8.0        49.0       31.0       26.0            5.0           45.0         220.0      320.0      10.0        
C78        c          39.0       70.0       13.0       6.0             7.0           40.0         156.0      168.0      10.0        
C79        c          35.0       35.0       23.0       0.0             23.0          30.0         149.0      262.0      10.0        
C80        c          16.0       80.0       5.0        4.0             1.0           30.0         170.0      321.0      10.0        
C81        c          62.0       49.0       5.0        1.0             4.0           50.0         132.0      235.0      10.0        
C82        c          69.0       8.0        31.0       27.0            4.0           40.0         238.0      262.0      10.0        
C83        c          13.0       45.0       22.0       16.0            6.0           35.0         161.0      165.0      10.0        
C84        c          58.0       82.0       20.0       6.0             14.0          45.0         218.0      310.0      10.0        
C85        c          90.0       30.0       25.0       17.0            8.0           30.0         154.0      169.0      10.0        
C86        c          70.0       23.0       28.0       19.0            9.0           40.0         146.0      245.0      10.0        
C87        c          60.0       41.0       18.0       6.0             12.0          35.0         111.0      291.0      10.0        
C88        c          8.0        14.0       34.0       15.0            19.0          20.0         155.0      174.0      10.0        
C89        c          0.0        42.0       22.0       22.0            0.0           30.0         134.0      209.0      10.0        
C90        c          7.0        33.0       18.0       14.0            4.0           40.0         138.0      147.0      10.0        
C91        c          20.0       84.0       15.0       11.0            4.0           40.0         200.0      231.0      10.0        
C92        c          0.0        14.0       16.0       16.0            0.0           30.0         132.0      156.0      10.0        
C93        c          64.0       84.0       33.0       8.0             25.0          50.0         210.0      292.0      10.0        
C94        c          30.0       90.0       27.0       18.0            9.0           30.0         181.0      279.0      10.0        
C95        c          48.0       59.0       28.0       5.0             23.0          50.0         154.0      267.0      10.0        
C96        c          57.0       20.0       17.0       11.0            6.0           30.0         171.0      221.0      10.0        
C97        c          47.0       35.0       12.0       3.0             9.0           20.0         164.0      257.0      10.0        
C98        c          62.0       26.0       21.0       12.0            9.0           25.0         187.0      297.0      10.0        
C99        c          33.0       60.0       11.0       5.0             6.0           45.0         159.0      193.0      10.0        

L Large vehicle loading capacity /800.0/
C Electric vehicle loading capacity /100.0/
Q Electric vehicle battery capacity /79.7/
r Fuel consumption rate /1.0/
g Inverse refueling rate /0.4/
v Average velocity /1.0/
