--Parameters Information--
speed=350
run=1
iteration= 30000
batch=100
restartPeriod=750
largeRemovalOccurrence=500
initialLNS=250
lowerBoundSmallRemoval=4
smallRemoval=0.1
lowerBoundLargeRemoval=0.45
largeRemoval=0.55
initialWeight=1.0
decayRate=0.1
gamma1=9.0
gamma2=5.0
gamma3=2.0
gamma4=0.0
coolingRate=0.9995
temperatureControlParameter=0.05
initialAcceptanceProbability=0.5
perturbation=0.5
perturbationFactor=0.01
split=6000

Setup: Without Split
Data: CS_3_D

Run: 1
Total Cost: 4225.65
Vehicle: 11  Cost: 0.00
Route: 1 -10 -1 
 1 [  0   0:  0 []]
-10 [ 50   0:760 [1991, 2058, 2059, 1867, 1990, 2025, 2056, 2110, 2043, 2012, 2016, 1976, 1810, 1651, 2021, 2087, 1465, 2084, 1459, 2047, 1466, 1453, 2097]]
-1 [ 50 760:760 [1991, 2058, 2059, 1867, 1990, 2025, 2056, 2110, 2043, 2012, 2016, 1976, 1810, 1651, 2021, 2087, 1465, 2084, 1459, 2047, 1466, 1453, 2097]]

Vehicle: 12  Cost: 28.38
Route: 1 -2 -1 
 1 [  0   0:  0 []]
-2 [171  14:402 [1752, 1739, 1764, 1837, 1532, 1682, 1733, 1748, 1854, 1496, 1319, 1368, 1509, 1770, 1591, 1565, 1605, 1734, 1636, 1406, 1341, 1595, 1517, 1316, 1838, 1834, 1431, 1756, 1611, 1596, 1380, 1586, 1585, 1318, 1749, 1620, 1422, 1314, 1610, 1375, 1566, 1784, 1529, 1688, 1522, 1584, 1436, 1579, 1687, 1521, 1383, 1418, 1723, 1641, 1677, 1826, 1328, 1763, 1793, 1394, 1626, 1339, 1674, 1518, 1657, 1670, 1382, 1362, 1371, 1592, 1299, 1845, 1663, 1654, 1820, 1787, 1821, 1716, 1432, 1526, 1846, 1794, 1353, 1527, 1556, 1554, 1390, 1512, 1553, 1731, 1648, 1338, 1760, 1364, 1446, 1747, 1646, 1336]]
-1 [171 416:416 [1752, 1739, 1764, 1837, 1532, 1682, 1733, 1748, 1854, 1496, 1319, 1368, 1509, 1770, 1591, 1565, 1605, 1734, 1636, 1406, 1341, 1595, 1517, 1316, 1838, 1834, 1431, 1756, 1611, 1596, 1380, 1586, 1585, 1318, 1749, 1620, 1422, 1314, 1610, 1375, 1566, 1784, 1529, 1688, 1522, 1584, 1436, 1579, 1687, 1521, 1383, 1418, 1723, 1641, 1677, 1826, 1328, 1763, 1793, 1394, 1626, 1339, 1674, 1518, 1657, 1670, 1382, 1362, 1371, 1592, 1299, 1845, 1663, 1654, 1820, 1787, 1821, 1716, 1432, 1526, 1846, 1794, 1353, 1527, 1556, 1554, 1390, 1512, 1553, 1731, 1648, 1338, 1760, 1364, 1446, 1747, 1646, 1336]]

Vehicle: 13  Cost: 25.81
Route: 1 -8 -1 
 1 [  0   0:  0 []]
-8 [ 62  13:766 [1994, 1291, 2089, 1967, 1785, 1956, 1968, 1445, 2028, 1957, 1829, 1831, 1858, 1932, 2116, 2027, 2102, 2034, 2065, 2114, 1922, 2068, 1768, 1950, 2073, 2080, 2090, 2112, 1773, 1953, 2030, 2038, 1905, 1769, 2031, 1824, 1997, 1929, 1895, 1977]]
-1 [ 62 779:779 [1994, 1291, 2089, 1967, 1785, 1956, 1968, 1445, 2028, 1957, 1829, 1831, 1858, 1932, 2116, 2027, 2102, 2034, 2065, 2114, 1922, 2068, 1768, 1950, 2073, 2080, 2090, 2112, 1773, 1953, 2030, 2038, 1905, 1769, 2031, 1824, 1997, 1929, 1895, 1977]]

Vehicle: 14  Cost: 0.00
Route: 1 10 -1 
 1 [291   0:  0 [794, 227, 425, 551, 700, 449, 55, 60, 477, 58, 448, 1037, 154, 61, 413, 53, 535, 767, 645, 648, 42, 414, 614, 468, 207, 699, 335, 657, 352, 129, 730, 83, 346, 75, 701, 689, 377, 532, 178, 13, 217, 30, 978, 323, 967, 630, 486, 20, 41, 420, 95, 325, 492, 78, 536, 789, 54, 56, 171, 573, 110, 791, 200, 134, 196, 385, 361, 170, 620, 368, 668, 1026, 663, 1144, 16, 627, 230, 282, 148, 654, 651, 962, 815, 326, 552, 910, 692, 121, 12, 231, 189, 813, 568, 66, 235, 1241, 1073, 728, 559, 387, 1124, 639, 506, 762, 205, 1105, 1096, 897, 1231, 287, 1000, 272, 185, 1172, 473, 546, 331, 671, 711, 167, 870, 1287, 1086, 1175, 709, 108, 362, 702, 938, 843, 1044, 925, 667, 691, 616, 285, 256, 764, 572, 1119, 1070, 1012, 1281, 830, 1040, 209, 248]]
10 [  0   0: 15 []]
-1 [  0  15: 15 []]

Vehicle: 15  Cost: 11.54
Route: 1 -3 -1 
 1 [  0   0:  0 []]
-3 [ 34   6:321 [1729, 1352, 1409, 1438, 1704, 1326, 1399, 1617, 1330, 1717, 1505, 1373, 1680, 1508, 1740, 1673, 1405, 1345, 1597, 1541, 1665, 1546, 1325]]
-1 [ 34 327:327 [1729, 1352, 1409, 1438, 1704, 1326, 1399, 1617, 1330, 1717, 1505, 1373, 1680, 1508, 1740, 1673, 1405, 1345, 1597, 1541, 1665, 1546, 1325]]

Vehicle: 16  Cost: 37.15
Route: 1 8 3 -1 
 1 [728   0:  0 [160, 1260, 558, 808, 1206, 1118, 1129, 472, 122, 261, 867, 1108, 1128, 1220, 21, 549, 1103, 1087, 350, 85, 271, 371, 342, 1222, 889, 1112, 76, 64, 345, 792, 591, 600, 624, 466, 276, 1181, 1251, 254, 520, 937, 1234, 1247, 673, 1147, 851, 1208, 793, 283, 1190, 113, 306, 1246, 975, 1255, 1116, 827, 376, 1169, 806, 39, 1250, 547, 515, 415, 328, 187, 913, 770, 895, 1284, 422, 139, 844, 939, 864, 909, 508, 765, 957, 1240, 1014, 1136, 67, 735, 1068, 1242, 1034, 681, 955, 587, 268, 355, 336, 144, 715, 475, 717, 100, 786, 828, 603, 393, 993, 132, 89, 455, 1249, 677, 626, 819, 1035, 959, 1217, 266, 1076, 500, 606, 996, 1270, 314, 1198, 99, 103, 635, 1162, 155, 1039, 1126, 114, 1017, 487, 984, 1137, 555, 1202, 693, 360, 15, 1019, 719, 327, 182, 670, 818, 712, 1053, 136, 1244, 310, 1183, 349, 432, 176, 740, 1005, 969, 589, 90, 375, 985, 706, 213, 1135, 461, 86, 117, 1161, 880, 1180, 1285, 829, 277, 544, 837, 391, 161, 523, 1214, 1081, 274, 797, 854, 1152, 1173, 987, 1082, 434, 1269, 1036, 210, 802, 223, 22, 251, 463, 243, 923, 1157, 1079, 509, 184, 172, 820, 158, 585, 916, 1188, 384, 593, 1146, 190, 195, 1078, 417, 365, 307, 275, 899, 382, 562, 267, 35, 974, 525, 588, 751, 912, 649, 124, 104, 1051, 11, 34, 608, 311, 1089, 832, 418, 1138, 979, 704, 1194, 726, 980, 494, 1125, 1141, 1088, 444, 594, 313, 1154, 499, 863, 302, 540, 1100, 622, 1093, 24, 1278, 1042, 896, 1232, 396, 746, 50, 1010, 542, 948, 963, 783, 91, 405, 629, 1024, 1091, 1139, 337, 638, 579, 885, 929, 1106, 598, 780, 1115, 1064, 753, 226, 533, 293, 646, 1216, 71, 427, 150, 242, 409, 1272, 866, 952, 281, 1009, 1257, 29, 517, 280, 135, 628, 451, 469, 88, 522, 229, 240, 529, 747, 1066, 942, 835, 930, 757, 605, 278, 732, 637, 17, 636, 613, 690, 191, 216, 906, 1201, 258, 1221, 695, 320, 270, 1159, 1195, 372, 1225, 686, 224, 721, 720, 687, 947, 901, 115, 664, 1110, 341, 419, 623, 250, 198, 595, 1267, 845, 351, 708, 884]]
 8 [270  13: 28 [160, 122, 261, 21, 350, 271, 371, 792, 591, 600, 624, 466, 276, 1251, 673, 187, 895, 1284, 422, 139, 844, 681, 587, 268, 336, 144, 100, 786, 603, 393, 993, 89, 455, 266, 996, 314, 1198, 99, 103, 555, 327, 818, 1053, 1244, 176, 740, 1005, 969, 589, 90, 706, 213, 1135, 1285, 837, 523, 1269, 1036, 210, 802, 223, 22, 251, 463, 243, 1157, 1188, 384, 593, 365, 307, 275, 562, 974, 525, 588, 124, 832, 980, 494, 1125, 1141, 444, 863, 1100, 1093, 24, 1278, 50, 91, 638, 579, 885, 598, 780, 753, 226, 293, 1216, 427, 150, 242, 866, 281, 1257, 628, 522, 747, 757, 732, 216, 906, 320, 270, 1225, 686, 224, 721, 198, 595, 1267, 845]]
 3 [  0  46: 61 []]
-1 [  0  67: 67 []]

Vehicle: 17  Cost: 0.00
Route: 1 -10 -1 
 1 [  0   0:  0 []]
-10 [ 83   0:536 [1472, 1681, 1642, 1741, 1884, 1471, 1470, 1801, 1478, 1885, 1857, 1899, 1672, 1888, 1870, 1488, 1659, 1803, 1721, 1624, 1675, 1656, 1742, 1570, 1900, 1622, 1791, 1804, 1635, 1897, 1792, 1814, 1893, 1894, 1667, 1754, 1890, 1823, 1477, 1483, 1771, 1369, 1798]]
-1 [ 83 536:536 [1472, 1681, 1642, 1741, 1884, 1471, 1470, 1801, 1478, 1885, 1857, 1899, 1672, 1888, 1870, 1488, 1659, 1803, 1721, 1624, 1675, 1656, 1742, 1570, 1900, 1622, 1791, 1804, 1635, 1897, 1792, 1814, 1893, 1894, 1667, 1754, 1890, 1823, 1477, 1483, 1771, 1369, 1798]]

Vehicle: 18  Cost: 28.38
Route: 1 -2 -1 
 1 [  0   0:  0 []]
-2 [ 84  14:752 [1873, 1891, 1935, 2111, 1915, 2104, 2100, 1920, 1851, 1943, 1961, 1889, 1864, 1909, 1903, 2088, 1805, 1904, 1844, 1783, 2086, 1996, 1868, 1983, 2109, 1949, 1896, 2092, 1836, 2094, 1918, 1910, 2017, 1955, 1775, 2107, 1312, 1816, 2032, 2083, 1906, 1877, 2005, 1952, 1807, 1811, 1911, 1711, 1970, 1937]]
-1 [ 84 766:766 [1873, 1891, 1935, 2111, 1915, 2104, 2100, 1920, 1851, 1943, 1961, 1889, 1864, 1909, 1903, 2088, 1805, 1904, 1844, 1783, 2086, 1996, 1868, 1983, 2109, 1949, 1896, 2092, 1836, 2094, 1918, 1910, 2017, 1955, 1775, 2107, 1312, 1816, 2032, 2083, 1906, 1877, 2005, 1952, 1807, 1811, 1911, 1711, 1970, 1937]]

Vehicle: 19  Cost: 27.34
Route: 1 5 -1 
 1 [401   0:  0 [1083, 424, 483, 1261, 548, 986, 543, 354, 1156, 340, 146, 1236, 800, 775, 915, 1072, 1185, 1276, 805, 816, 748, 840, 749, 1029, 945, 725, 1170, 192, 291, 1075, 1006, 1211, 972, 1243, 869, 369, 1097, 1063, 776, 1059, 739, 1145, 891, 1187, 1120, 759, 169, 353, 1067, 1182, 333, 1022, 300, 894, 489, 480, 485, 922, 232, 37, 1199, 286, 745, 609, 1196, 766, 1248, 423, 682, 394, 970, 1038, 769, 378, 301, 118, 450, 380, 238, 576, 1061, 879, 315, 860, 1280, 583, 838, 817, 303, 961, 965, 788, 36, 298, 656, 46, 823, 292, 873, 237, 452, 836, 1189, 893, 299, 841, 404, 722, 143, 245, 70, 120, 1268, 279, 1058, 1226, 886, 1050, 332, 166, 658, 927, 1176, 1013, 436, 904, 853, 308, 777, 610, 516, 617, 958, 51, 977, 1233, 538, 1107, 849, 774, 442, 1140, 379, 1227, 511, 373, 290, 919, 428, 1032, 825, 856, 102, 684, 926, 754, 662, 211, 408, 565, 253, 858, 685, 47, 194, 665, 1289, 632, 491, 175, 1174, 1046, 848]]
 5 [  0  14: 29 []]
-1 [  0  42: 42 []]

Vehicle: 20  Cost: 52.59
Route: 1 7 6 -1 
 1 [480   0:  0 [257, 1230, 1131, 736, 1049, 989, 338, 713, 1025, 592, 826, 1113, 201, 524, 1264, 809, 62, 84, 661, 807, 262, 723, 159, 193, 295, 478, 140, 87, 898, 995, 683, 1077, 1237, 401, 545, 604, 14, 731, 1178, 1122, 1274, 679, 799, 981, 1003, 73, 988, 908, 79, 1104, 93, 18, 233, 795, 1266, 666, 1130, 569, 1099, 437, 1065, 1258, 65, 567, 467, 607, 269, 441, 339, 1056, 933, 994, 264, 578, 956, 474, 779, 1282, 389, 560, 177, 488, 406, 1253, 586, 482, 157, 875, 514, 249, 304, 643, 640, 329, 946, 887, 374, 1047, 225, 125, 842, 698, 294, 33, 634, 741, 960, 80, 440, 902, 476, 400, 97, 716, 234, 309, 133, 163, 430, 642, 644, 496, 678, 1229, 865, 471, 142, 203, 63, 518, 1184, 481, 541, 936, 77, 773, 1094, 752, 563, 81, 1062, 892, 846, 737, 1121, 674, 801, 1018, 236, 179, 581, 680, 370, 615, 1238, 676, 696, 714, 513, 834, 273, 358, 510, 935, 1043, 228, 218, 1163, 1133, 1215, 1204, 219, 119, 1109, 1143, 1235, 707, 411, 718, 1286, 612, 1177, 582, 618, 457, 1165, 905, 1200, 1085, 710, 918, 322, 180, 312, 497, 1179, 1069, 1080, 1213, 1164, 52, 334, 356, 324, 316, 528, 109, 239, 703, 426, 1057, 812, 1092, 1071, 871, 460, 439, 1101, 921, 743, 464, 633, 456, 364, 1203, 521, 153, 1155, 861, 357, 992, 186, 446, 1015, 443, 255, 490, 208]]
 7 [259  17: 32 [257, 736, 713, 201, 62, 661, 723, 478, 140, 87, 1077, 1237, 545, 14, 1178, 1122, 1274, 981, 73, 988, 908, 1104, 93, 233, 795, 1266, 666, 569, 1099, 437, 1065, 1258, 467, 607, 269, 441, 339, 1056, 933, 994, 474, 779, 1282, 389, 177, 482, 157, 875, 304, 1047, 225, 125, 698, 294, 33, 634, 741, 960, 902, 476, 400, 716, 309, 133, 163, 1229, 63, 1184, 481, 541, 936, 1094, 752, 563, 81, 1062, 892, 846, 737, 1121, 674, 581, 615, 696, 714, 834, 273, 935, 1043, 228, 1163, 1133, 119, 1235, 707, 718, 1286, 612, 1177, 618, 457, 905, 1200, 710, 322, 180, 312, 1069, 1213, 1164, 52, 356, 324, 316, 528, 109, 703, 1057, 1092, 1071, 439, 1101, 743, 1203, 521, 153, 255, 208]]
 6 [  0  46: 61 []]
-1 [  0  83: 83 []]

Vehicle: 21  Cost: 80.93
Route: 1 2 6 7 -1 
 1 [712   0:  0 [601, 156, 111, 1254, 465, 782, 1158, 924, 705, 1263, 859, 790, 530, 398, 247, 1008, 760, 1123, 650, 850, 990, 951, 1218, 1273, 188, 68, 138, 105, 539, 128, 1127, 1192, 822, 263, 32, 131, 862, 173, 1210, 162, 570, 619, 1228, 454, 1277, 733, 504, 45, 447, 550, 584, 49, 755, 435, 531, 1186, 174, 212, 438, 1209, 445, 1151, 1149, 803, 527, 183, 72, 1134, 459, 1283, 260, 750, 390, 215, 982, 900, 729, 914, 27, 1171, 284, 1262, 1117, 758, 1219, 1011, 911, 991, 507, 498, 1239, 833, 1028, 241, 868, 1207, 392, 804, 421, 872, 388, 778, 57, 479, 69, 814, 553, 220, 1007, 944, 798, 1245, 1004, 1252, 824, 164, 297, 165, 433, 602, 116, 964, 289, 321, 537, 202, 659, 839, 1074, 1048, 971, 1090, 1002, 1191, 943, 1102, 787, 564, 453, 59, 151, 968, 811, 771, 953, 1256, 966, 1095, 688, 1060, 130, 397, 344, 505, 1055, 1001, 655, 484, 852, 810, 1031, 23, 431, 126, 429, 1193, 949, 647, 412, 950, 94, 1132, 669, 44, 1054, 199, 149, 631, 727, 501, 246, 407, 74, 106, 458, 31, 744, 1279, 1259, 734, 197, 998, 495, 1153, 222, 672, 181, 697, 1111, 107, 1212, 694, 470, 403, 941, 874, 26, 92, 660, 38, 940, 1021, 931, 784, 168, 571, 675, 756, 554, 882, 917, 1084, 611, 416, 1167, 932, 934, 25, 381, 599, 742, 1027, 204, 40, 796, 1224, 123, 976, 359, 347, 785, 221, 526, 781, 399, 206, 928, 890, 1166, 252, 1023, 907, 462, 973, 101, 652, 1223, 954, 383, 152, 534, 575, 330, 502, 983, 493, 821, 367, 96, 557, 259, 19, 763, 857, 653, 590, 348, 43, 319, 903, 503, 1160, 1033, 1288, 561, 1142, 1030, 1052, 768, 556, 574, 402, 999, 147, 512, 724, 1150, 878, 761, 1197, 127, 566, 366, 82, 288, 28, 386, 317, 920, 831, 1271, 318, 145, 997, 855, 98, 641, 1168, 1098, 881, 625, 1020, 847, 296, 580, 48, 876, 395, 244, 137, 577, 1148, 772, 519, 1016, 888, 363, 1205, 410, 738, 214, 1265, 877, 1275, 112, 265, 343, 141, 1114, 596, 1041, 305, 621, 597, 883, 1045]]
 2 [301  14: 29 [111, 1254, 924, 1263, 859, 247, 1123, 850, 951, 1273, 105, 128, 1127, 1192, 131, 862, 173, 570, 454, 1277, 447, 584, 1186, 174, 1149, 1134, 459, 390, 215, 982, 900, 1171, 1262, 1219, 991, 507, 872, 479, 553, 220, 1245, 1252, 824, 602, 289, 321, 537, 202, 659, 839, 1074, 1048, 971, 1090, 1002, 1191, 943, 151, 968, 771, 953, 966, 1095, 1060, 344, 1055, 655, 810, 949, 950, 1132, 149, 501, 1279, 998, 495, 222, 697, 1212, 941, 660, 940, 1021, 931, 784, 168, 882, 1167, 1027, 204, 796, 1224, 976, 347, 1166, 252, 652, 1223, 983, 557, 19, 763, 857, 590, 348, 1160, 561, 556, 999, 512, 878, 127, 566, 317, 145, 997, 855, 98, 580, 48, 395, 137, 577, 1016, 363, 877, 1275, 112, 343, 1114, 1045]]
 6 [149  65: 80 [1254, 924, 1263, 859, 1123, 850, 951, 862, 454, 1277, 1149, 215, 1219, 872, 1252, 1002, 1191, 943, 953, 966, 1095, 1055, 949, 950, 1132, 149, 495, 222, 941, 660, 940, 931, 1167, 1027, 796, 1224, 976, 252, 1223, 983, 557, 19, 1160, 556, 878, 127, 317, 145, 997, 580, 48, 395, 363, 877, 1275, 112, 343]]
 7 [  0  94:109 []]
-1 [  0 126:126 []]

Vehicle: 22  Cost: 42.51
Route: 1 -6 -1 
 1 [  0   0:  0 []]
-6 [ 42  21:742 [2053, 2074, 2004, 2054, 2008, 1947, 2007, 2106, 1925, 2039, 1978, 1914, 1874, 1875, 1678, 2070, 1869, 1774, 2001, 2098, 1686, 2066, 2045, 2042, 1772, 2049, 1923, 2026, 1881, 2063, 1934, 1998, 1813, 1871, 1872, 1944, 1917, 2000]]
-1 [ 42 764:764 [2053, 2074, 2004, 2054, 2008, 1947, 2007, 2106, 1925, 2039, 1978, 1914, 1874, 1875, 1678, 2070, 1869, 1774, 2001, 2098, 1686, 2066, 2045, 2042, 1772, 2049, 1923, 2026, 1881, 2063, 1934, 1998, 1813, 1871, 1872, 1944, 1917, 2000]]

Vehicle: 23  Cost: 0.00
Route: 1 -10 -1 
 1 [  0   0:  0 []]
-10 [ 50   0:329 [1493, 1544, 1324, 1464, 1662, 1378, 1489, 1685, 1502, 1474, 1736, 1699, 1458, 1340, 1389, 1451, 1536, 1452, 1719, 1696, 1292, 1482, 1476, 1480, 1479, 1492, 2036, 1401, 2035, 1705, 1427, 1344, 1503, 1473, 1450, 1433, 1495]]
-1 [ 50 329:329 [1493, 1544, 1324, 1464, 1662, 1378, 1489, 1685, 1502, 1474, 1736, 1699, 1458, 1340, 1389, 1451, 1536, 1452, 1719, 1696, 1292, 1482, 1476, 1480, 1479, 1492, 2036, 1401, 2035, 1705, 1427, 1344, 1503, 1473, 1450, 1433, 1495]]

Vehicle: 24  Cost: 33.28
Route: 1 -7 -1 
 1 [  0   0:  0 []]
-7 [260  17:371 [1632, 1615, 1697, 1561, 1499, 1349, 1712, 1587, 1367, 1689, 1621, 1761, 1296, 1315, 1559, 1563, 1346, 1500, 1376, 1425, 1780, 1718, 1435, 1730, 1608, 1428, 1424, 1633, 1295, 1702, 1650, 1317, 1778, 1722, 1400, 1334, 1337, 1762, 1735, 1567, 1576, 1414, 1550, 1294, 1543, 1684, 1795, 1423, 1398, 1666, 1391, 1835, 1564, 1558, 1426, 1393, 1321, 1649, 1447, 1580, 1581, 1653, 1743, 1602, 1365, 1676, 1593, 1519, 1308, 1498, 1397, 1848, 1533, 1388, 1832, 1809, 1370, 1623, 1300, 1683, 1421, 1335, 1514, 1710, 1598, 1298, 1797, 1384, 1448, 1639, 1802, 1709, 1366, 1664, 1320, 1842, 1849, 1782, 1750, 1619, 1613, 1777, 1379, 1725, 1600, 1776, 1647, 1374, 1822, 1354, 1606, 1594, 1392, 1668, 1396, 1555, 1322, 1416, 1652, 1631, 1497, 1661, 1790, 1603, 1323, 1350, 1363, 1588, 1429, 1430, 1714, 1513, 1599, 1386, 1630, 1560, 1309, 1310, 1738, 1765]]
-1 [260 388:388 [1632, 1615, 1697, 1561, 1499, 1349, 1712, 1587, 1367, 1689, 1621, 1761, 1296, 1315, 1559, 1563, 1346, 1500, 1376, 1425, 1780, 1718, 1435, 1730, 1608, 1428, 1424, 1633, 1295, 1702, 1650, 1317, 1778, 1722, 1400, 1334, 1337, 1762, 1735, 1567, 1576, 1414, 1550, 1294, 1543, 1684, 1795, 1423, 1398, 1666, 1391, 1835, 1564, 1558, 1426, 1393, 1321, 1649, 1447, 1580, 1581, 1653, 1743, 1602, 1365, 1676, 1593, 1519, 1308, 1498, 1397, 1848, 1533, 1388, 1832, 1809, 1370, 1623, 1300, 1683, 1421, 1335, 1514, 1710, 1598, 1298, 1797, 1384, 1448, 1639, 1802, 1709, 1366, 1664, 1320, 1842, 1849, 1782, 1750, 1619, 1613, 1777, 1379, 1725, 1600, 1776, 1647, 1374, 1822, 1354, 1606, 1594, 1392, 1668, 1396, 1555, 1322, 1416, 1652, 1631, 1497, 1661, 1790, 1603, 1323, 1350, 1363, 1588, 1429, 1430, 1714, 1513, 1599, 1386, 1630, 1560, 1309, 1310, 1738, 1765]]

Vehicle: 26  Cost: 0.00
Route: 1 -10 -1 
 1 [  0   0:  0 []]
-10 [ 83   0:777 [2081, 1972, 1839, 2023, 1853, 2002, 1850, 2091, 1886, 1883, 1963, 1971, 1946, 2113, 2011, 1930, 1931, 1601, 2101, 1992, 1827, 2079, 1789, 2022, 2006, 1847, 1954, 1987, 2041, 1989, 1924, 2037, 2076, 2057, 1916, 1945, 2077, 2072, 2075, 2009]]
-1 [ 83 777:777 [2081, 1972, 1839, 2023, 1853, 2002, 1850, 2091, 1886, 1883, 1963, 1971, 1946, 2113, 2011, 1930, 1931, 1601, 2101, 1992, 1827, 2079, 1789, 2022, 2006, 1847, 1954, 1987, 2041, 1989, 1924, 2037, 2076, 2057, 1916, 1945, 2077, 2072, 2075, 2009]]

Vehicle: 28  Cost: 33.28
Route: 1 -7 -1 
 1 [  0   0:  0 []]
-7 [190  17:761 [1766, 2064, 1959, 2062, 2013, 1984, 2099, 2019, 2067, 1982, 2014, 1940, 1902, 1927, 1928, 2060, 2044, 2103, 1965, 2055, 2020, 1313, 1939, 1942, 1941, 1878, 2069, 1936, 1879, 1524, 1999, 1985, 2082, 1876, 2085, 1960, 1926, 1618, 1767, 2033, 1995, 1908, 1720, 2046, 1913, 2003, 2015, 2115, 2108, 1671, 1981, 2018, 1974, 1901, 1855, 1293, 1938, 2051, 2093, 1862, 1861, 2040, 1951, 1973, 1859, 1887, 1779, 1964, 2052, 2010, 1958, 1892, 1921, 1919, 2024, 2061, 1962, 2096, 2048, 1969, 1880, 2029, 1993, 1948]]
-1 [190 777:777 [1766, 2064, 1959, 2062, 2013, 1984, 2099, 2019, 2067, 1982, 2014, 1940, 1902, 1927, 1928, 2060, 2044, 2103, 1965, 2055, 2020, 1313, 1939, 1942, 1941, 1878, 2069, 1936, 1879, 1524, 1999, 1985, 2082, 1876, 2085, 1960, 1926, 1618, 1767, 2033, 1995, 1908, 1720, 2046, 1913, 2003, 2015, 2115, 2108, 1671, 1981, 2018, 1974, 1901, 1855, 1293, 1938, 2051, 2093, 1862, 1861, 2040, 1951, 1973, 1859, 1887, 1779, 1964, 2052, 2010, 1958, 1892, 1921, 1919, 2024, 2061, 1962, 2096, 2048, 1969, 1880, 2029, 1993, 1948]]

Vehicle: 29  Cost: 25.81
Route: 1 -8 -1 
 1 [  0   0:  0 []]
-8 [205  13:402 [1443, 1523, 1441, 1660, 1455, 1358, 1348, 1355, 1461, 1728, 1343, 1692, 1628, 1491, 1440, 1404, 1467, 1612, 1693, 1732, 1706, 1569, 1549, 1408, 1468, 1356, 1361, 1469, 1437, 1828, 1304, 1691, 1402, 1574, 1462, 1460, 1557, 1357, 1535, 1833, 1694, 1333, 1726, 1545, 1815, 1490, 1708, 1407, 1548, 1456, 1751, 1865, 1510, 1530, 1806, 1562, 1852, 1419, 1701, 1812, 1485, 1746, 1840, 1637, 1645, 1539, 1698, 1297, 1640, 1457, 1800, 1755, 1506, 1589, 1866, 1372, 1520, 1690, 1486, 1387, 1454, 1449, 1538, 1359, 1658, 1616, 1417, 1540, 1571, 1534, 1629, 1494, 1727, 1484, 1863, 1434, 1525, 1634, 1290, 1856, 1381, 1582, 1360, 1475, 1607, 1351, 1420, 1609, 1395, 1781, 1551, 1577, 1463, 1412, 1707, 1552, 1841, 1590, 1643, 1573, 1799, 1481, 1758, 1737, 1542, 1825, 1627, 1504, 1444, 1860, 1377, 1439, 1331, 1487, 1528, 1819, 1638, 1516, 1403, 1515, 1724, 1442, 1583, 1568, 1547, 1327, 1347]]
-1 [205 415:415 [1443, 1523, 1441, 1660, 1455, 1358, 1348, 1355, 1461, 1728, 1343, 1692, 1628, 1491, 1440, 1404, 1467, 1612, 1693, 1732, 1706, 1569, 1549, 1408, 1468, 1356, 1361, 1469, 1437, 1828, 1304, 1691, 1402, 1574, 1462, 1460, 1557, 1357, 1535, 1833, 1694, 1333, 1726, 1545, 1815, 1490, 1708, 1407, 1548, 1456, 1751, 1865, 1510, 1530, 1806, 1562, 1852, 1419, 1701, 1812, 1485, 1746, 1840, 1637, 1645, 1539, 1698, 1297, 1640, 1457, 1800, 1755, 1506, 1589, 1866, 1372, 1520, 1690, 1486, 1387, 1454, 1449, 1538, 1359, 1658, 1616, 1417, 1540, 1571, 1534, 1629, 1494, 1727, 1484, 1863, 1434, 1525, 1634, 1290, 1856, 1381, 1582, 1360, 1475, 1607, 1351, 1420, 1609, 1395, 1781, 1551, 1577, 1463, 1412, 1707, 1552, 1841, 1590, 1643, 1573, 1799, 1481, 1758, 1737, 1542, 1825, 1627, 1504, 1444, 1860, 1377, 1439, 1331, 1487, 1528, 1819, 1638, 1516, 1403, 1515, 1724, 1442, 1583, 1568, 1547, 1327, 1347]]

Vehicle: 30  Cost: 27.34
Route: 1 -5 -1 
 1 [  0   0:  0 []]
-5 [ 71  14:371 [1342, 1753, 1745, 1703, 1413, 1415, 1302, 1604, 1511, 1501, 1307, 1713, 1329, 1507, 1655, 1786, 1572, 1808, 1578, 1679, 1788, 1306, 1614, 1537, 1305, 1303, 1625, 1575, 1531, 1818, 1695, 1301, 1817, 1715, 1411, 1700, 1410, 1644, 1759, 1669, 1332, 1757]]
-1 [ 71 385:385 [1342, 1753, 1745, 1703, 1413, 1415, 1302, 1604, 1511, 1501, 1307, 1713, 1329, 1507, 1655, 1786, 1572, 1808, 1578, 1679, 1788, 1306, 1614, 1537, 1305, 1303, 1625, 1575, 1531, 1818, 1695, 1301, 1817, 1715, 1411, 1700, 1410, 1644, 1759, 1669, 1332, 1757]]

Vehicle: 31  Cost: 11.54
Route: 1 -3 -1 
 1 [  0   0:  0 []]
-3 [ 28   6:723 [1898, 1988, 2095, 1907, 1830, 1966, 2078, 2105, 1986, 1882, 1979, 1843, 1933, 1311, 2050, 1744, 1980, 2071, 1385, 1912, 1796, 1975]]
-1 [ 28 729:729 [1898, 1988, 2095, 1907, 1830, 1966, 2078, 2105, 1986, 1882, 1979, 1843, 1933, 1311, 2050, 1744, 1980, 2071, 1385, 1912, 1796, 1975]]

Vehicle: 201  Cost: 76.78
Route: 2 1382 1383 1380 1390 1553 1339 1512 1394 1565 1748 1611 1733 1586 1626 1579 1375 1688 1591 1734 1739 1731 1610 1756 1605 1496 1752 1770 1764 1763 1784 1787 1820 1845 1794 1838 1837 1846 -2 
  2 [ 0   0: 56]
1382 [ 2  60: 65]
1383 [ 3  65: 70]
1380 [ 5  70: 75]
1390 [ 8  76: 81]
1553 [10  86: 91]
1339 [11  95:100]
1512 [16 100:105]
1394 [19 108:113]
1565 [20 180:185]
1748 [21 186:191]
1611 [23 194:199]
1733 [28 201:206]
1586 [29 207:212]
1626 [31 215:220]
1579 [33 225:230]
1375 [34 231:236]
1688 [35 239:244]
1591 [36 245:250]
1734 [37 251:256]
1739 [38 258:263]
1731 [39 269:274]
1610 [40 274:279]
1756 [44 279:284]
1605 [45 284:289]
1496 [46 289:294]
1752 [51 294:299]
1770 [53 300:305]
1764 [57 305:310]
1763 [58 313:318]
1784 [59 323:328]
1787 [62 328:333]
1820 [65 339:344]
1845 [66 346:351]
1794 [67 356:361]
1838 [68 364:369]
1837 [69 371:376]
1846 [74 378:383]
 -2 [74 387:387]

Vehicle: 202  Cost: 67.69
Route: 2 1371 1362 1406 1532 1364 1422 1341 1554 1584 1436 1368 1522 1596 1636 1723 1670 1747 1646 1585 1620 1821 1826 1834 1793 1854 -2 
  2 [ 0   0: 55]
1371 [ 1  60: 65]
1362 [ 2  65: 70]
1406 [ 4  70: 75]
1532 [ 5  78: 83]
1364 [ 6  85: 90]
1422 [ 7  92: 97]
1341 [ 8  98:103]
1554 [ 9 105:110]
1584 [19 120:125]
1436 [20 131:136]
1368 [21 140:145]
1522 [22 151:156]
1596 [23 180:185]
1636 [24 185:190]
1723 [25 190:195]
1670 [26 203:208]
1747 [27 214:219]
1646 [28 220:225]
1585 [29 227:232]
1620 [30 233:238]
1821 [31 300:305]
1826 [32 305:310]
1834 [33 313:318]
1793 [34 320:325]
1854 [35 330:335]
 -2 [35 339:339]

Vehicle: 203  Cost: 90.10
Route: 2 57 729 504 462 284 152 787 750 188 206 531 383 596 410 611 181 672 397 165 260 550 619 782 381 597 641 399 675 297 32 92 727 69 554 263 503 27 964 1151 156 1102 1041 94 883 1111 874 944 1052 1259 1193 574 852 1148 1150 973 631 1142 1030 903 625 934 1168 811 1207 1210 954 1020 868 821 1283 -2 
  2 [136  14:179]
 57 [135 180:185]
729 [133 187:192]
504 [129 193:198]
462 [128 200:205]
284 [125 205:210]
152 [124 212:217]
787 [121 217:222]
750 [120 222:227]
188 [119 228:233]
206 [114 237:242]
531 [113 244:249]
383 [108 251:256]
596 [105 257:262]
410 [104 262:267]
611 [103 267:272]
181 [102 272:277]
672 [101 277:282]
397 [100 282:287]
165 [99 287:292]
260 [98 292:297]
550 [95 297:302]
619 [94 302:307]
782 [93 307:312]
381 [92 315:320]
597 [91 321:326]
641 [90 326:331]
399 [89 331:336]
675 [88 336:341]
297 [87 341:346]
 32 [82 346:351]
 92 [80 352:357]
727 [75 359:364]
 69 [70 367:372]
554 [65 373:378]
263 [64 380:385]
503 [61 540:545]
 27 [56 547:552]
964 [55 660:665]
1151 [53 665:670]
156 [52 670:675]
1102 [51 675:680]
1041 [50 681:686]
 94 [47 691:696]
883 [46 702:707]
1111 [45 718:723]
874 [44 726:731]
944 [43 733:738]
1052 [42 740:745]
1259 [41 746:751]
1193 [40 752:757]
574 [37 758:763]
852 [33 764:769]
1148 [31 769:774]
1150 [30 774:779]
973 [29 780:785]
631 [26 785:790]
1142 [25 791:796]
1030 [24 799:804]
903 [23 806:811]
625 [20 814:819]
934 [19 821:826]
1168 [14 826:831]
811 [13 833:838]
1207 [11 839:844]
1210 [ 9 844:849]
954 [ 7 850:855]
1020 [ 6 856:861]
868 [ 2 863:868]
821 [ 1 870:875]
1283 [ 0 875:880]
 -2 [ 0 882:882]

Vehicle: 204  Cost: 37.94
Route: 2 1526 1353 1509 1527 1654 1521 1749 1314 1318 1316 1319 1641 1556 1663 1418 1595 -2 
  2 [ 0   0: 57]
1526 [ 2  60: 65]
1353 [ 3  69: 74]
1509 [ 4  79: 84]
1527 [ 5  86: 91]
1654 [10 180:185]
1521 [13 187:192]
1749 [15 197:202]
1314 [17 205:210]
1318 [19 210:215]
1316 [20 215:220]
1319 [22 220:225]
1641 [24 229:234]
1556 [26 237:242]
1663 [27 244:249]
1418 [28 250:255]
1595 [33 256:261]
 -2 [33 263:263]

Vehicle: 205  Cost: 139.63
Route: 2 798 534 82 694 527 804 241 183 244 493 330 575 742 756 744 106 758 433 407 781 778 458 484 246 755 530 803 116 760 790 366 650 599 601 319 539 107 43 38 31 126 23 130 465 416 45 402 502 44 403 398 907 920 1098 1228 28 917 1256 833 164 162 1218 822 1007 911 1265 831 1239 1209 305 1153 890 928 990 1008 1011 876 881 1197 1158 -2 
  2 [143  14:178]
798 [142 180:185]
534 [141 186:191]
 82 [140 193:198]
694 [137 199:204]
527 [136 206:211]
804 [135 212:217]
241 [134 218:223]
183 [133 225:230]
244 [132 231:236]
493 [131 236:241]
330 [130 241:246]
575 [129 246:251]
742 [128 251:256]
756 [127 256:261]
744 [126 261:266]
106 [125 266:271]
758 [124 271:276]
433 [123 277:282]
407 [122 284:289]
781 [121 289:294]
778 [120 294:299]
458 [119 301:306]
484 [118 307:312]
246 [117 314:319]
755 [112 325:330]
530 [111 330:335]
803 [108 337:342]
116 [107 348:353]
760 [106 353:358]
790 [105 358:363]
366 [104 380:385]
650 [103 394:399]
599 [100 401:406]
601 [97 406:411]
319 [96 540:545]
539 [92 545:550]
107 [91 557:562]
 43 [88 567:572]
 38 [87 573:578]
 31 [85 579:584]
126 [80 587:592]
 23 [78 592:597]
130 [73 597:602]
465 [68 602:607]
416 [66 610:615]
 45 [65 616:621]
402 [61 624:629]
502 [60 631:636]
 44 [59 636:641]
403 [55 644:649]
398 [52 649:654]
907 [51 660:665]
920 [46 666:671]
1098 [45 672:677]
1228 [40 679:684]
 28 [39 684:689]
917 [38 689:694]
1256 [37 694:699]
833 [36 699:704]
164 [31 705:710]
162 [30 710:715]
1218 [29 715:720]
822 [28 725:730]
1007 [26 732:737]
911 [23 743:748]
1265 [22 756:761]
831 [21 761:766]
1239 [17 770:775]
1209 [16 775:780]
305 [15 787:792]
1153 [10 793:798]
890 [ 9 799:804]
928 [ 8 805:810]
990 [ 7 810:815]
1008 [ 5 816:821]
1011 [ 4 822:827]
876 [ 3 828:833]
881 [ 2 835:840]
1197 [ 1 840:845]
1158 [ 0 845:850]
 -2 [ 0 853:853]

Vehicle: 206  Cost: 98.64
Route: 2 388 761 367 688 197 724 734 738 470 421 72 141 526 453 138 212 96 101 221 571 123 621 647 564 265 498 519 768 74 412 772 733 785 705 359 653 669 147 68 318 445 214 505 259 296 392 49 429 431 438 435 288 25 26 40 1084 1001 1271 1033 888 1054 199 1023 1205 386 932 1031 59 1004 1028 847 1288 1117 914 814 -2 
  2 [132  14:178]
388 [131 180:185]
761 [130 186:191]
367 [129 192:197]
688 [128 198:203]
197 [127 203:208]
724 [126 209:214]
734 [125 215:220]
738 [124 221:226]
470 [123 227:232]
421 [122 233:238]
 72 [121 239:244]
141 [120 246:251]
526 [118 252:257]
453 [117 259:264]
138 [115 264:269]
212 [113 270:275]
 96 [112 277:282]
101 [111 282:287]
221 [110 291:296]
571 [109 298:303]
123 [104 304:309]
621 [103 311:316]
647 [102 318:323]
564 [101 324:329]
265 [100 335:340]
498 [99 345:350]
519 [98 355:360]
768 [97 364:369]
 74 [92 370:375]
412 [89 376:381]
772 [88 382:387]
733 [87 388:393]
785 [86 393:398]
705 [81 399:404]
359 [80 404:409]
653 [79 411:416]
669 [78 416:421]
147 [77 540:545]
 68 [67 548:553]
318 [65 555:560]
445 [60 560:565]
214 [57 571:576]
505 [56 577:582]
259 [55 584:589]
296 [50 589:594]
392 [49 596:601]
 49 [47 603:608]
429 [46 609:614]
431 [45 614:619]
438 [42 619:624]
435 [37 624:629]
288 [32 630:635]
 25 [31 637:642]
 26 [30 642:647]
 40 [29 648:653]
1084 [25 660:665]
1001 [24 665:670]
1271 [23 671:676]
1033 [22 678:683]
888 [21 683:688]
1054 [20 690:695]
199 [19 697:702]
1023 [14 703:708]
1205 [13 709:714]
386 [12 714:719]
932 [11 719:724]
1031 [10 724:729]
 59 [ 9 729:734]
1004 [ 8 734:739]
1028 [ 6 739:744]
847 [ 4 747:752]
1288 [ 3 780:785]
1117 [ 2 786:791]
914 [ 1 791:796]
814 [ 0 798:803]
 -2 [ 0 804:804]

Vehicle: 207  Cost: 53.22
Route: 2 1328 1517 1299 1529 1338 1336 1446 1674 1716 1518 1657 1648 1431 1592 1566 1677 1687 1682 1432 1760 -2 
  2 [ 0   0: 56]
1328 [ 2  60: 65]
1517 [ 4  66: 71]
1299 [ 5  72: 77]
1529 [ 7  78: 83]
1338 [ 8  91: 96]
1336 [13 102:107]
1446 [14 180:185]
1674 [15 186:191]
1716 [16 198:203]
1518 [19 206:211]
1657 [20 215:220]
1648 [21 221:226]
1431 [22 228:233]
1592 [23 235:240]
1566 [24 240:245]
1677 [25 246:251]
1687 [26 251:256]
1682 [27 256:261]
1432 [28 264:269]
1760 [29 300:305]
 -2 [29 307:307]

Vehicle: 208  Cost: 63.34
Route: 2 1851 1836 1811 1864 1775 1918 1915 1911 1910 1873 1937 1949 1920 1903 1896 1891 1943 1909 1889 1877 1935 1904 1844 1955 2032 1805 1961 1996 2094 2100 2092 2109 -2 
  2 [ 0   0:299]
1851 [ 2 300:305]
1836 [ 3 306:311]
1811 [ 4 314:319]
1864 [ 5 321:326]
1775 [ 6 328:333]
1918 [ 7 420:425]
1915 [ 9 425:430]
1911 [10 435:440]
1910 [11 440:445]
1873 [12 445:450]
1937 [13 457:462]
1949 [14 468:473]
1920 [15 477:482]
1903 [16 486:491]
1896 [17 494:499]
1891 [18 499:504]
1943 [19 509:514]
1909 [20 514:519]
1889 [21 520:525]
1877 [22 529:534]
1935 [23 534:539]
1904 [24 539:544]
1844 [25 546:551]
1955 [26 554:559]
2032 [28 560:565]
1805 [33 565:570]
1961 [34 660:665]
1996 [35 667:672]
2094 [40 674:679]
2100 [45 679:684]
2092 [50 684:689]
2109 [55 692:697]
 -2 [55 699:699]

Vehicle: 209  Cost: 60.86
Route: 2 1807 1868 1816 1711 1906 1952 1983 1970 2111 2104 1312 2088 2083 2086 2107 1783 -2 
  2 [ 0   0:294]
1807 [ 1 300:305]
1868 [ 2 306:311]
1816 [ 3 312:317]
1711 [ 4 420:425]
1906 [ 7 429:434]
1952 [10 540:545]
1983 [12 548:553]
1970 [14 559:564]
2111 [19 660:665]
2104 [20 668:673]
1312 [21 675:680]
2088 [23 688:693]
2083 [24 696:701]
2086 [25 707:712]
2107 [26 716:721]
1783 [27 727:732]
 -2 [27 737:737]

Vehicle: 210  Cost: 3.08
Route: 2 2005 2017 -2 
  2 [ 0   0:539]
2005 [ 1 540:545]
2017 [ 2 546:551]
 -2 [ 2 552:552]

Vehicle: 301  Cost: 67.48
Route: 3 628 579 243 686 91 90 589 89 587 100 275 455 216 522 523 747 732 251 638 242 721 210 757 176 266 261 139 802 562 314 276 603 50 22 21 393 792 223 427 525 213 993 996 832 866 365 837 1244 1100 1251 281 1005 673 845 1093 1269 1053 974 1284 1267 1135 144 885 -3 
  3 [138  46:179]
628 [137 180:185]
579 [135 185:190]
243 [134 190:195]
686 [129 199:204]
 91 [126 205:210]
 90 [122 210:215]
589 [121 215:220]
 89 [118 220:225]
587 [117 225:230]
100 [116 231:236]
275 [113 237:242]
455 [108 243:248]
216 [105 249:254]
522 [100 255:260]
523 [95 260:265]
747 [94 265:270]
732 [93 271:276]
251 [92 277:282]
638 [87 282:287]
242 [86 289:294]
721 [85 295:300]
210 [83 540:545]
757 [82 549:554]
176 [81 555:560]
266 [80 562:567]
261 [79 567:572]
139 [78 573:578]
802 [77 579:584]
562 [76 584:589]
314 [75 589:594]
276 [73 594:599]
603 [72 601:606]
 50 [71 608:613]
 22 [66 618:623]
 21 [61 623:628]
393 [60 628:633]
792 [59 633:638]
223 [58 639:644]
427 [57 645:650]
525 [54 651:656]
213 [50 658:663]
993 [49 664:669]
996 [47 670:675]
832 [45 676:681]
866 [40 682:687]
365 [32 688:693]
837 [27 697:702]
1244 [26 704:709]
1100 [21 709:714]
1251 [16 714:719]
281 [15 719:724]
1005 [14 725:730]
673 [13 732:737]
845 [11 738:743]
1093 [10 745:750]
1269 [ 9 751:756]
1053 [ 8 756:761]
974 [ 6 764:769]
1284 [ 4 772:777]
1267 [ 3 778:783]
1135 [ 2 784:789]
144 [ 1 789:794]
885 [ 0 795:800]
 -3 [ 0 800:800]

Vehicle: 304  Cost: 40.88
Route: 3 1399 1345 1546 1326 1405 1330 1505 1352 1373 1508 1680 1704 1597 1673 1740 1729 1409 1665 1541 1717 1438 1617 1325 -3 
  3 [ 0   0: 56]
1399 [ 1  60: 65]
1345 [ 2  69: 74]
1546 [ 3  78: 83]
1326 [ 4  83: 88]
1405 [ 5  90: 95]
1330 [ 6  99:104]
1505 [ 7 106:111]
1352 [ 9 113:118]
1373 [12 119:124]
1508 [14 125:130]
1680 [15 180:185]
1704 [16 185:190]
1597 [17 191:196]
1673 [20 199:204]
1740 [21 206:211]
1729 [22 211:216]
1409 [23 217:222]
1665 [24 223:228]
1541 [29 230:235]
1717 [31 235:240]
1438 [32 242:247]
1617 [33 250:255]
1325 [34 300:305]
 -3 [34 306:306]

Vehicle: 305  Cost: 38.76
Route: 3 1830 1796 1744 1843 1882 1912 1385 1898 1907 1988 1311 1986 1980 1933 1975 2050 1979 2105 1966 2071 2078 2095 -3 
  3 [ 0   0:295]
1830 [ 1 300:305]
1796 [ 2 306:311]
1744 [ 3 316:321]
1843 [ 4 321:326]
1882 [ 5 420:425]
1912 [ 6 427:432]
1385 [ 7 433:438]
1898 [10 440:445]
1907 [11 448:453]
1988 [12 540:545]
1311 [17 548:553]
1986 [18 555:560]
1980 [19 562:567]
1933 [20 567:572]
1975 [21 660:665]
2050 [22 665:670]
1979 [23 670:675]
2105 [24 675:680]
1966 [25 680:685]
2071 [26 686:691]
2078 [27 691:696]
2095 [28 703:708]
 -3 [28 708:708]

Vehicle: 306  Cost: 130.98
Route: 3 160 293 24 187 350 122 786 270 681 588 600 444 463 103 226 99 268 271 555 336 706 327 384 371 124 624 753 780 595 150 198 740 224 494 598 593 591 466 320 307 1216 1188 1036 1285 422 895 1278 863 1141 1198 969 1157 906 818 1257 980 1125 1225 844 -3 
  3 [132  46:179]
160 [127 180:185]
293 [126 186:191]
 24 [125 191:196]
187 [123 196:201]
350 [122 201:206]
122 [121 206:211]
786 [120 212:217]
270 [119 219:224]
681 [114 225:230]
588 [113 231:236]
600 [112 237:242]
444 [107 243:248]
463 [102 248:253]
103 [101 255:260]
226 [98 261:266]
 99 [97 266:271]
268 [93 271:276]
271 [90 276:281]
555 [85 282:287]
336 [84 289:294]
706 [79 294:299]
327 [74 299:304]
384 [69 304:309]
371 [66 310:315]
124 [65 317:322]
624 [63 324:329]
753 [62 329:334]
780 [61 344:349]
595 [60 376:381]
150 [57 412:417]
198 [56 540:545]
740 [55 559:564]
224 [50 565:570]
494 [49 571:576]
598 [46 577:582]
593 [43 582:587]
591 [40 587:592]
466 [39 593:598]
320 [34 598:603]
307 [29 603:608]
1216 [28 660:665]
1188 [27 665:670]
1036 [25 670:675]
1285 [24 675:680]
422 [22 680:685]
895 [19 685:690]
1278 [18 691:696]
863 [16 697:702]
1141 [15 703:708]
1198 [14 710:715]
969 [13 715:720]
1157 [12 721:726]
906 [11 727:732]
818 [10 732:737]
1257 [ 6 741:746]
980 [ 4 747:752]
1125 [ 2 753:758]
1225 [ 1 760:765]
844 [ 0 765:770]
 -3 [ 0 774:774]

Vehicle: 501  Cost: 44.37
Route: 5 543 766 279 609 290 292 423 332 286 538 682 485 232 565 102 120 70 245 143 722 380 769 725 516 656 665 166 404 298 169 394 745 333 658 776 308 748 442 610 373 47 685 825 1013 1176 879 858 853 1032 1140 1174 823 379 848 -5 
  5 [106  14:179]
543 [105 180:185]
766 [100 186:191]
279 [96 192:197]
609 [95 198:203]
290 [94 204:209]
292 [93 209:214]
423 [92 214:219]
332 [91 221:226]
286 [88 228:233]
538 [83 233:238]
682 [78 240:245]
485 [76 245:250]
232 [75 252:257]
565 [74 259:264]
102 [69 264:269]
120 [68 269:274]
 70 [67 274:279]
245 [66 279:284]
143 [61 284:289]
722 [60 289:294]
380 [59 294:299]
769 [58 299:304]
725 [57 304:309]
516 [54 309:314]
656 [49 316:321]
665 [48 324:329]
166 [47 329:334]
404 [46 334:339]
298 [45 339:344]
169 [42 345:350]
394 [41 351:356]
745 [40 356:361]
333 [35 362:367]
658 [34 369:374]
776 [33 374:379]
308 [32 380:385]
748 [27 385:390]
442 [26 391:396]
610 [21 540:545]
373 [20 547:552]
 47 [15 553:558]
685 [14 660:665]
825 [11 665:670]
1013 [10 670:675]
1176 [ 9 675:680]
879 [ 8 680:685]
858 [ 7 686:691]
853 [ 6 694:699]
1032 [ 5 700:705]
1140 [ 4 707:712]
1174 [ 3 714:719]
823 [ 2 721:726]
379 [ 1 726:731]
848 [ 0 732:737]
 -5 [ 0 738:738]

Vehicle: 503  Cost: 83.11
Route: 5 1578 1511 1342 1332 1329 1410 1411 1413 1575 1415 1301 1305 1306 1307 1302 1303 1669 1644 1713 1507 1501 1703 1745 1753 1604 1695 1679 1572 1625 1700 1614 1715 1531 1655 1537 1818 1817 1808 1786 1757 1759 1788 -5 
  5 [ 0   0: 59]
1578 [ 1  60: 65]
1511 [ 2  66: 71]
1342 [ 3  75: 80]
1332 [ 7  83: 88]
1329 [10  88: 93]
1410 [11 100:105]
1411 [12 105:110]
1413 [13 110:115]
1575 [14 122:127]
1415 [19 134:139]
1301 [20 140:145]
1305 [21 145:150]
1306 [22 150:155]
1307 [23 155:160]
1302 [24 160:165]
1303 [29 166:171]
1669 [30 180:185]
1644 [31 188:193]
1713 [32 196:201]
1507 [37 203:208]
1501 [38 210:215]
1703 [39 215:220]
1745 [41 222:227]
1753 [42 227:232]
1604 [43 234:239]
1695 [44 239:244]
1679 [45 244:249]
1572 [46 249:254]
1625 [47 255:260]
1700 [51 265:270]
1614 [53 271:276]
1715 [54 278:283]
1531 [56 284:289]
1655 [58 289:294]
1537 [59 296:301]
1818 [60 304:309]
1817 [62 313:318]
1808 [63 321:326]
1786 [65 329:334]
1757 [66 336:341]
1759 [69 342:347]
1788 [71 350:355]
 -5 [71 356:356]

Vehicle: 504  Cost: 60.01
Route: 5 315 684 237 211 436 754 800 583 46 300 1289 617 777 576 759 739 632 378 961 886 1046 836 891 927 1029 922 893 860 972 970 926 1061 1059 369 856 1276 849 1022 774 817 977 1189 1185 869 1006 904 1233 511 841 1083 1268 -5 
  5 [144  14:178]
315 [143 180:185]
684 [138 186:191]
237 [133 191:196]
211 [128 198:203]
436 [123 205:210]
754 [122 211:216]
800 [117 540:545]
583 [112 546:551]
 46 [107 552:557]
300 [97 558:563]
1289 [96 564:569]
617 [95 569:574]
777 [94 574:579]
576 [93 579:584]
759 [92 585:590]
739 [91 591:596]
632 [90 597:602]
378 [72 605:610]
961 [71 660:665]
886 [69 666:671]
1046 [65 673:678]
836 [60 679:684]
891 [59 688:693]
927 [58 694:699]
1029 [57 699:704]
922 [56 706:711]
893 [53 711:716]
860 [52 719:724]
972 [50 726:731]
970 [48 735:740]
926 [46 742:747]
1061 [41 747:752]
1059 [40 752:757]
369 [36 757:762]
856 [35 765:770]
1276 [32 772:777]
849 [31 778:783]
1022 [30 783:788]
774 [29 788:793]
817 [26 794:799]
977 [24 799:804]
1189 [20 806:811]
1185 [16 811:816]
869 [12 817:822]
1006 [10 822:827]
904 [ 9 830:835]
1233 [ 8 837:842]
511 [ 7 842:847]
841 [ 6 849:854]
1083 [ 5 854:859]
1268 [ 0 861:866]
 -5 [ 0 866:866]

Vehicle: 505  Cost: 92.14
Route: 5 299 303 301 662 192 253 450 491 238 428 194 805 775 118 788 408 452 36 749 291 354 37 483 353 51 340 424 175 919 1156 1063 1058 1075 480 489 1182 1199 548 146 1226 1107 1050 816 1097 1243 873 1196 965 838 1248 1067 1187 840 915 1145 1227 1120 1170 1280 894 1038 1211 1261 958 1236 986 1072 945 -5 
  5 [151  14:179]
299 [146 180:185]
303 [141 185:190]
301 [136 190:195]
662 [133 197:202]
192 [132 202:207]
253 [131 208:213]
450 [130 213:218]
491 [129 222:227]
238 [126 228:233]
428 [125 235:240]
194 [121 242:247]
805 [120 540:545]
775 [115 545:550]
118 [114 552:557]
788 [113 561:566]
408 [112 571:576]
452 [107 581:586]
 36 [106 587:592]
749 [105 596:601]
291 [104 603:608]
354 [103 608:613]
 37 [101 614:619]
483 [98 622:627]
353 [93 629:634]
 51 [92 635:640]
340 [91 641:646]
424 [86 646:651]
175 [83 652:657]
919 [82 660:665]
1156 [81 666:671]
1063 [80 672:677]
1058 [76 678:683]
1075 [74 685:690]
480 [73 691:696]
489 [72 696:701]
1182 [71 702:707]
1199 [70 708:713]
548 [69 716:721]
146 [68 721:726]
1226 [65 727:732]
1107 [60 733:738]
1050 [58 739:744]
816 [54 746:751]
1097 [49 756:761]
1243 [46 761:766]
873 [45 767:772]
1196 [42 774:779]
965 [40 779:784]
838 [36 784:789]
1248 [35 789:794]
1067 [34 794:799]
1187 [33 799:804]
840 [28 804:809]
915 [27 809:814]
1145 [26 815:820]
1227 [25 823:828]
1120 [22 834:839]
1170 [21 840:845]
1280 [16 846:851]
894 [15 851:856]
1038 [14 858:863]
1211 [13 864:869]
1261 [ 8 870:875]
958 [ 5 875:880]
1236 [ 4 881:886]
986 [ 2 887:892]
1072 [ 1 894:899]
945 [ 0 899:904]
 -5 [ 0 906:906]

Vehicle: 601  Cost: 59.42
Route: 6 1678 1686 1772 1869 1774 1914 1925 1934 1944 1947 2026 1978 1998 2049 2001 1874 2066 2074 2045 -6 
  6 [ 0   0:179]
1678 [ 1 180:185]
1686 [ 2 185:190]
1772 [ 3 300:305]
1869 [ 4 306:311]
1774 [ 6 319:324]
1914 [ 7 420:425]
1925 [ 8 430:435]
1934 [ 9 443:448]
1944 [10 448:453]
1947 [11 540:545]
2026 [14 547:552]
1978 [15 555:560]
1998 [16 660:665]
2049 [17 677:682]
2001 [18 682:687]
1874 [19 693:698]
2066 [20 699:704]
2074 [21 704:709]
2045 [22 709:714]
 -6 [22 718:718]

Vehicle: 602  Cost: 80.54
Route: 6 87 389 607 400 521 153 716 713 163 157 140 528 563 718 437 545 714 707 269 737 228 324 710 615 180 612 225 81 273 634 441 312 33 779 52 1235 935 905 892 1062 1266 1057 696 698 1229 1282 908 1071 846 933 1104 902 1237 1178 1274 1203 994 981 457 936 255 960 1047 1101 -6 
  6 [124  46:178]
 87 [123 180:185]
389 [122 188:193]
607 [121 194:199]
400 [116 199:204]
521 [115 207:212]
153 [114 214:219]
716 [113 221:226]
713 [112 226:231]
163 [111 233:238]
157 [110 240:245]
140 [109 246:251]
528 [108 254:259]
563 [107 260:265]
718 [106 266:271]
437 [101 271:276]
545 [100 278:283]
714 [99 284:289]
707 [94 291:296]
269 [93 296:301]
737 [88 302:307]
228 [87 309:314]
324 [86 316:321]
710 [83 321:326]
615 [81 327:332]
180 [79 333:338]
612 [78 339:344]
225 [77 344:349]
 81 [76 349:354]
273 [73 356:361]
634 [70 361:366]
441 [65 367:372]
312 [64 540:545]
 33 [59 547:552]
779 [58 554:559]
 52 [53 560:565]
1235 [52 660:665]
935 [50 666:671]
905 [49 672:677]
892 [47 678:683]
1062 [44 683:688]
1266 [43 688:693]
1057 [42 693:698]
696 [41 699:704]
698 [40 704:709]
1229 [39 710:715]
1282 [38 716:721]
908 [35 721:726]
1071 [34 726:731]
846 [33 734:739]
933 [30 740:745]
1104 [29 747:752]
902 [28 754:759]
1237 [27 759:764]
1178 [26 764:769]
1274 [25 770:775]
1203 [20 777:782]
994 [17 785:790]
981 [16 791:796]
457 [ 6 797:802]
936 [ 5 803:808]
255 [ 4 812:817]
960 [ 3 819:824]
1047 [ 1 826:831]
1101 [ 0 834:839]
 -6 [ 0 840:840]

Vehicle: 603  Cost: 105.73
Route: 6 447 577 168 105 501 697 507 247 348 347 131 655 174 111 459 321 763 537 553 202 390 137 659 602 584 512 344 652 570 771 173 289 204 98 566 151 128 784 479 1045 1192 839 1212 1279 1016 857 882 590 810 991 998 1134 971 1127 1171 561 900 1021 824 999 1273 1245 1166 220 1114 1048 1060 1074 1090 968 1186 1262 855 982 -6 
  6 [152  65:176]
447 [147 180:185]
577 [146 186:191]
168 [141 191:196]
105 [136 197:202]
501 [135 203:208]
697 [133 209:214]
507 [132 215:220]
247 [131 221:226]
348 [130 227:232]
347 [129 232:237]
131 [128 240:245]
655 [127 246:251]
174 [122 253:258]
111 [121 259:264]
459 [116 265:270]
321 [115 271:276]
763 [114 278:283]
537 [113 284:289]
553 [112 291:296]
202 [111 297:302]
390 [110 304:309]
137 [109 310:315]
659 [108 317:322]
602 [103 323:328]
584 [102 329:334]
512 [97 335:340]
344 [95 341:346]
652 [94 348:353]
570 [93 355:360]
771 [92 363:368]
173 [88 369:374]
289 [87 375:380]
204 [84 381:386]
 98 [83 389:394]
566 [82 397:402]
151 [81 405:410]
128 [80 410:415]
784 [79 540:545]
479 [78 547:552]
1045 [77 660:665]
1192 [76 666:671]
839 [75 672:677]
1212 [70 679:684]
1279 [67 687:692]
1016 [66 692:697]
857 [63 698:703]
882 [61 710:715]
590 [60 715:720]
810 [59 723:728]
991 [57 729:734]
998 [54 735:740]
1134 [49 741:746]
971 [48 746:751]
1127 [47 752:757]
1171 [46 759:764]
561 [45 766:771]
900 [42 772:777]
1021 [41 778:783]
824 [37 785:790]
999 [35 792:797]
1273 [34 798:803]
1245 [33 804:809]
1166 [31 810:815]
220 [16 815:820]
1114 [15 821:826]
1048 [14 827:832]
1060 [13 834:839]
1074 [12 840:845]
1090 [11 846:851]
968 [ 6 852:857]
1186 [ 5 858:863]
1262 [ 4 864:869]
855 [ 2 871:876]
982 [ 0 878:883]
 -6 [ 0 884:884]

Vehicle: 604  Cost: 52.10
Route: 6 1813 1872 1871 1875 2000 1917 1923 1881 2007 2008 2004 2054 2053 2098 2042 2039 2063 2070 2106 -6 
  6 [ 0   0:297]
1813 [ 1 300:305]
1872 [ 3 420:425]
1871 [ 4 425:430]
1875 [ 5 433:438]
2000 [ 6 540:545]
1917 [ 7 549:554]
1923 [ 8 554:559]
1881 [ 9 564:569]
2007 [10 571:576]
2008 [11 576:581]
2004 [12 581:586]
2054 [13 660:665]
2053 [14 665:670]
2098 [15 674:679]
2042 [16 682:687]
2039 [17 695:700]
2063 [18 704:709]
2070 [19 713:718]
2106 [20 720:725]
 -6 [20 727:727]

Vehicle: 605  Cost: 92.15
Route: 6 304 569 125 581 476 233 723 703 743 541 294 618 316 439 63 93 309 481 752 474 109 674 177 356 482 14 119 62 257 322 201 736 795 208 478 339 741 467 666 661 133 1043 1092 73 1200 988 1184 1056 834 875 1077 1164 1069 1286 1133 1163 1121 1094 1258 1065 1099 1122 1177 1213 -6 
  6 [135  46:179]
304 [132 180:185]
569 [130 187:192]
125 [128 193:198]
581 [127 199:204]
476 [126 204:209]
233 [125 210:215]
723 [120 215:220]
703 [119 221:226]
743 [114 227:232]
541 [109 232:237]
294 [108 238:243]
618 [107 248:253]
316 [106 256:261]
439 [105 261:266]
 63 [104 267:272]
 93 [99 274:279]
309 [96 280:285]
481 [95 287:292]
752 [94 294:299]
474 [92 301:306]
109 [91 308:313]
674 [90 313:318]
177 [89 319:324]
356 [88 325:330]
482 [87 540:545]
 14 [86 546:551]
119 [81 554:559]
 62 [76 560:565]
257 [71 566:571]
322 [66 576:581]
201 [65 584:589]
736 [62 589:594]
795 [57 597:602]
208 [56 603:608]
478 [55 613:618]
339 [54 621:626]
741 [53 629:634]
467 [48 637:642]
666 [43 643:648]
661 [40 648:653]
133 [39 654:659]
1043 [35 660:665]
1092 [34 666:671]
 73 [33 676:681]
1200 [32 681:686]
988 [30 688:693]
1184 [29 694:699]
1056 [27 702:707]
834 [26 708:713]
875 [25 714:719]
1077 [24 721:726]
1164 [20 727:732]
1069 [19 732:737]
1286 [18 737:742]
1133 [13 742:747]
1163 [ 8 747:752]
1121 [ 7 752:757]
1094 [ 6 757:762]
1258 [ 5 762:767]
1065 [ 4 767:772]
1099 [ 3 772:777]
1122 [ 2 777:782]
1177 [ 1 783:788]
1213 [ 0 791:796]
 -6 [ 0 799:799]

Vehicle: 701  Cost: 37.89
Route: 7 1350 1337 1379 1392 1396 1426 1424 1425 1497 1423 1619 1587 1633 1559 1668 1594 1702 1661 1653 1650 1606 1600 1613 1602 1608 1615 1722 1718 1776 1777 1782 1778 1780 1790 1822 1802 1809 1795 -7 
  7 [ 0   0: 56]
1350 [ 3  60: 65]
1337 [ 4  70: 75]
1379 [ 5  76: 81]
1392 [ 6  82: 87]
1396 [11  88: 93]
1426 [12  95:100]
1424 [13 100:105]
1425 [14 105:110]
1497 [24 120:125]
1423 [25 128:133]
1619 [27 180:185]
1587 [29 185:190]
1633 [30 192:197]
1559 [31 198:203]
1668 [32 203:208]
1594 [34 209:214]
1702 [35 215:220]
1661 [36 223:228]
1653 [37 228:233]
1650 [38 233:238]
1606 [43 241:246]
1600 [47 246:251]
1613 [48 251:256]
1602 [53 256:261]
1608 [59 261:266]
1615 [63 266:271]
1722 [64 272:277]
1718 [65 277:282]
1776 [66 300:305]
1777 [67 305:310]
1782 [68 310:315]
1778 [69 315:320]
1780 [70 320:325]
1790 [74 328:333]
1822 [76 333:338]
1802 [79 338:343]
1809 [82 343:348]
1795 [85 348:353]
 -7 [85 356:356]

Vehicle: 702  Cost: 93.51
Route: 7 1398 1500 1400 1322 1309 1335 1374 1308 1317 1315 1393 1499 1430 1435 1416 1349 1652 1631 1664 1598 1689 1647 1738 1599 1683 1676 1498 1697 1666 1448 1384 1630 1849 1842 1832 1835 1623 -7 
  7 [ 0   0: 56]
1398 [ 1  60: 65]
1500 [ 2  68: 73]
1400 [ 3  76: 81]
1322 [ 4  84: 89]
1309 [ 5  96:101]
1335 [ 6 104:109]
1374 [ 7 112:117]
1308 [ 8 119:124]
1317 [ 9 126:131]
1315 [10 131:136]
1393 [11 137:142]
1499 [12 149:154]
1430 [15 156:161]
1435 [18 161:166]
1416 [19 168:173]
1349 [22 180:185]
1652 [23 187:192]
1631 [24 194:199]
1664 [26 199:204]
1598 [27 207:212]
1689 [28 214:219]
1647 [29 220:225]
1738 [30 226:231]
1599 [31 234:239]
1683 [32 241:246]
1676 [33 247:252]
1498 [35 258:263]
1697 [40 266:271]
1666 [41 275:280]
1448 [42 285:290]
1384 [43 293:298]
1630 [44 299:304]
1849 [45 305:310]
1842 [46 310:315]
1832 [51 321:326]
1835 [56 326:331]
1623 [62 333:338]
 -7 [62 339:339]

Vehicle: 703  Cost: 110.27
Route: 7 801 370 79 203 578 680 586 426 406 262 443 644 464 513 514 295 809 264 97 807 440 582 488 560 18 358 401 567 249 524 446 430 334 683 592 218 219 676 193 159 77 799 678 460 1215 871 1143 1018 633 1109 946 812 -7 
  7 [91  17:180]
801 [86 180:185]
370 [85 188:193]
 79 [84 195:200]
203 [83 201:206]
578 [78 210:215]
680 [76 217:222]
586 [75 223:228]
426 [73 229:234]
406 [70 237:242]
262 [69 245:250]
443 [68 252:257]
644 [67 266:271]
464 [66 281:286]
513 [65 293:298]
514 [64 298:303]
295 [63 323:328]
809 [62 328:333]
264 [61 334:339]
 97 [60 341:346]
807 [58 347:352]
440 [57 356:361]
582 [56 362:367]
488 [52 369:374]
560 [51 374:379]
 18 [50 379:384]
358 [47 385:390]
401 [46 390:395]
567 [43 396:401]
249 [41 402:407]
524 [40 407:412]
446 [39 540:545]
430 [34 545:550]
334 [33 551:556]
683 [32 557:562]
592 [31 564:569]
218 [30 570:575]
219 [28 577:582]
676 [27 584:589]
193 [26 592:597]
159 [24 599:604]
 77 [22 605:610]
799 [17 611:616]
678 [16 617:622]
460 [15 623:628]
1215 [14 660:665]
871 [13 666:671]
1143 [ 8 672:677]
1018 [ 7 679:684]
633 [ 4 685:690]
1109 [ 3 691:696]
946 [ 1 698:703]
812 [ 0 704:709]
 -7 [ 0 710:710]

Vehicle: 704  Cost: 58.37
Route: 7 1354 1310 1334 1447 1581 1386 1543 1550 1346 1513 1514 1519 1414 1580 1429 1428 1363 1603 1588 1714 1735 1576 1797 1323 1321 1848 1762 1761 1765 -7 
  7 [ 0   0: 58]
1354 [ 2  60: 65]
1310 [ 3  68: 73]
1334 [ 8  76: 81]
1447 [ 9  83: 88]
1581 [10  90: 95]
1386 [11  97:102]
1543 [14 105:110]
1550 [17 110:115]
1346 [18 117:122]
1513 [19 127:132]
1514 [20 132:137]
1519 [21 137:142]
1414 [22 145:150]
1580 [23 150:155]
1429 [24 158:163]
1428 [25 163:168]
1363 [26 171:176]
1603 [27 180:185]
1588 [28 187:192]
1714 [29 195:200]
1735 [30 200:205]
1576 [31 208:213]
1797 [32 300:305]
1323 [42 309:314]
1321 [52 314:319]
1848 [53 319:324]
1762 [55 326:331]
1761 [56 331:336]
1765 [57 337:342]
 -7 [57 349:349]

Vehicle: 705  Cost: 151.96
Route: 7 142 239 456 773 179 496 234 604 731 357 364 374 65 80 84 518 329 338 921 918 1155 1179 1025 992 826 1049 1085 956 679 1165 1264 1003 995 861 1080 898 1230 1204 1131 1113 1130 989 887 -7 
  7 [84  17:178]
142 [82 180:185]
239 [80 186:191]
456 [79 191:196]
773 [78 197:202]
179 [76 540:545]
496 [58 550:555]
234 [57 560:565]
604 [52 565:570]
731 [49 573:578]
357 [48 579:584]
364 [47 584:589]
374 [46 589:594]
 65 [45 596:601]
 80 [42 605:610]
 84 [41 610:615]
518 [40 621:626]
329 [39 628:633]
338 [38 633:638]
921 [37 660:665]
918 [35 687:692]
1155 [34 720:725]
1179 [33 739:744]
1025 [32 757:762]
992 [30 766:771]
826 [26 772:777]
1049 [25 778:783]
1085 [20 787:792]
956 [19 794:799]
679 [18 799:804]
1165 [14 805:810]
1264 [13 813:818]
1003 [12 820:825]
995 [10 826:831]
861 [ 9 833:838]
1080 [ 8 840:845]
898 [ 7 846:851]
1230 [ 6 852:857]
1204 [ 5 860:865]
1131 [ 4 866:871]
1113 [ 3 872:877]
1130 [ 2 880:885]
989 [ 1 886:891]
887 [ 0 893:898]
 -7 [ 0 898:898]

Vehicle: 706  Cost: 74.69
Route: 7 395 215 660 222 363 252 112 796 145 454 19 580 127 495 556 557 343 149 1223 1275 940 1160 859 1149 850 941 1224 931 951 878 1055 1254 953 950 1263 1095 877 1191 1219 872 1277 997 1002 949 1132 924 48 862 983 1027 976 1123 1252 966 317 1167 943 -7 
  7 [149  94:180]
395 [148 180:185]
215 [146 186:191]
660 [144 192:197]
222 [143 197:202]
363 [138 202:207]
252 [133 207:212]
112 [132 214:219]
796 [131 219:224]
145 [129 226:231]
454 [124 540:545]
 19 [123 547:552]
580 [121 553:558]
127 [120 558:563]
495 [115 564:569]
556 [114 572:577]
557 [109 584:589]
343 [104 593:598]
149 [103 601:606]
1223 [102 660:665]
1275 [97 668:673]
940 [92 674:679]
1160 [91 680:685]
859 [90 686:691]
1149 [85 692:697]
850 [84 697:702]
941 [83 704:709]
1224 [79 710:715]
931 [78 716:721]
951 [77 723:728]
878 [76 729:734]
1055 [75 735:740]
1254 [74 742:747]
953 [73 748:753]
950 [72 754:759]
1263 [71 759:764]
1095 [70 765:770]
877 [65 771:776]
1191 [60 778:783]
1219 [59 785:790]
872 [39 790:795]
1277 [38 795:800]
997 [36 802:807]
1002 [34 808:813]
949 [33 814:819]
1132 [31 821:826]
924 [26 827:832]
 48 [25 834:839]
862 [24 841:846]
983 [22 847:852]
1027 [21 852:857]
976 [19 858:863]
1123 [14 864:869]
1252 [12 870:875]
966 [11 877:882]
317 [ 6 883:888]
1167 [ 5 889:894]
943 [ 0 895:900]
 -7 [ 0 902:902]

Vehicle: 707  Cost: 50.76
Route: 7 1855 1901 1878 1887 2015 1974 1969 1964 1959 1973 1938 1981 1982 1962 1965 2024 2019 2051 1940 1985 1984 1671 2052 1524 2085 1618 -7 
  7 [ 0   0:298]
1855 [ 1 300:305]
1901 [ 3 420:425]
1878 [ 6 426:431]
1887 [ 7 432:437]
2015 [ 8 540:545]
1974 [ 9 549:554]
1969 [10 559:564]
1964 [11 564:569]
1959 [12 569:574]
1973 [16 577:582]
1938 [21 585:590]
1981 [26 590:595]
1982 [31 595:600]
1962 [32 605:610]
1965 [37 613:618]
2024 [38 620:625]
2019 [39 625:630]
2051 [40 660:665]
1940 [45 669:674]
1985 [47 675:680]
1984 [49 680:685]
1671 [54 688:693]
2052 [55 694:699]
1524 [58 702:707]
2085 [59 709:714]
1618 [62 717:722]
 -7 [62 725:725]

Vehicle: 708  Cost: 86.52
Route: 7 1313 1861 1859 1767 1766 1913 1876 1939 1880 2018 2020 1960 1892 1927 1999 1942 2093 2046 2061 2067 2062 2048 2082 2055 2103 2099 -7 
  7 [ 0   0:117]
1313 [20 120:125]
1861 [21 300:305]
1859 [22 324:329]
1767 [23 349:354]
1766 [25 354:359]
1913 [26 420:425]
1876 [27 425:430]
1939 [32 430:435]
1880 [36 438:443]
2018 [37 540:545]
2020 [38 545:550]
1960 [43 551:556]
1892 [44 558:563]
1927 [45 565:570]
1999 [48 572:577]
1942 [49 580:585]
2093 [50 660:665]
2046 [52 670:675]
2061 [53 682:687]
2067 [54 687:692]
2062 [55 692:697]
2048 [57 702:707]
2082 [60 709:714]
2055 [63 715:720]
2103 [64 721:726]
2099 [65 729:734]
 -7 [65 736:736]

Vehicle: 709  Cost: 54.93
Route: 7 1533 1558 1564 1567 1563 1561 1421 1300 1397 1295 1296 1298 1294 1370 1366 1365 1367 1376 1391 1725 1560 1684 1709 1750 1639 1320 1388 1632 1593 1743 1621 1712 1710 1649 1555 1730 -7 
  7 [ 0   0: 55]
1533 [ 4  60: 65]
1558 [ 5  67: 72]
1564 [ 6  72: 77]
1567 [ 7  77: 82]
1563 [ 8  82: 87]
1561 [ 9  87: 92]
1421 [10  93: 98]
1300 [11  98:103]
1397 [12 103:108]
1295 [13 108:113]
1296 [14 113:118]
1298 [15 118:123]
1294 [16 123:128]
1370 [17 130:135]
1366 [18 138:143]
1365 [19 143:148]
1367 [20 148:153]
1376 [21 153:158]
1391 [22 160:165]
1725 [27 180:185]
1560 [28 187:192]
1684 [29 193:198]
1709 [30 200:205]
1750 [31 209:214]
1639 [34 215:220]
1320 [37 223:228]
1388 [38 228:233]
1632 [39 238:243]
1593 [40 244:249]
1743 [41 252:257]
1621 [42 259:264]
1712 [47 265:270]
1710 [48 273:278]
1649 [52 280:285]
1555 [53 288:293]
1730 [56 297:302]
 -7 [56 304:304]

Vehicle: 710  Cost: 110.35
Route: 7 1862 1779 1902 1948 1879 1941 1908 1921 1926 1919 1993 1951 2033 2010 2014 2003 1293 2029 1958 1995 2064 2108 2044 1936 2013 1928 2040 2060 2115 2096 2069 1720 -7 
  7 [ 0   0:297]
1862 [ 1 300:305]
1779 [ 2 307:312]
1902 [ 7 420:425]
1948 [ 8 441:446]
1879 [ 9 459:464]
1941 [10 466:471]
1908 [12 477:482]
1921 [13 489:494]
1926 [14 494:499]
1919 [15 501:506]
1993 [18 540:545]
1951 [21 549:554]
2033 [22 555:560]
2010 [23 565:570]
2014 [24 570:575]
2003 [25 577:582]
1293 [30 584:589]
2029 [31 595:600]
1958 [32 607:612]
1995 [34 616:621]
2064 [35 660:665]
2108 [37 667:672]
2044 [38 675:680]
1936 [39 681:686]
2013 [44 689:694]
1928 [45 697:702]
2040 [47 705:710]
2060 [48 713:718]
2115 [49 720:725]
2096 [50 725:730]
2069 [51 730:735]
1720 [63 740:745]
 -7 [63 746:746]

Vehicle: 711  Cost: 22.77
Route: 7 510 236 490 411 642 640 643 186 471 497 865 1253 842 1015 1238 -7 
  7 [46  17:178]
510 [45 180:185]
236 [43 540:545]
490 [40 546:551]
411 [39 552:557]
642 [38 559:564]
640 [37 564:569]
643 [36 569:574]
186 [16 576:581]
471 [15 583:588]
497 [10 592:597]
865 [ 7 660:665]
1253 [ 6 666:671]
842 [ 5 672:677]
1015 [ 2 679:684]
1238 [ 0 685:690]
 -7 [ 0 692:692]

Vehicle: 801  Cost: 54.52
Route: 8 1504 1540 1568 1547 1523 1571 1372 1582 1528 1583 1515 1361 1347 1539 1616 1645 1628 1708 1420 1728 1609 1732 1634 1439 1437 1440 1441 1443 1737 1707 1698 1694 1612 1692 1825 -8 
  8 [ 0   0: 56]
1504 [ 1  60: 65]
1540 [ 6  67: 72]
1568 [ 7  75: 80]
1547 [ 8  82: 87]
1523 [ 9  89: 94]
1571 [12  96:101]
1372 [13 105:110]
1582 [14 112:117]
1528 [15 120:125]
1583 [18 127:132]
1515 [21 135:140]
1361 [22 142:147]
1347 [23 147:152]
1539 [25 154:159]
1616 [26 180:185]
1645 [27 185:190]
1628 [28 190:195]
1708 [29 198:203]
1420 [30 206:211]
1728 [31 214:219]
1609 [32 219:224]
1732 [33 224:229]
1634 [34 231:236]
1439 [35 239:244]
1437 [37 244:249]
1440 [38 249:254]
1441 [39 254:259]
1443 [40 259:264]
1737 [41 266:271]
1707 [42 271:276]
1698 [43 276:281]
1694 [44 281:286]
1612 [46 286:291]
1692 [47 291:296]
1825 [48 300:305]
 -8 [48 307:307]

Vehicle: 802  Cost: 100.90
Route: 8 719 726 113 349 461 419 529 313 184 432 712 114 86 475 391 635 280 605 746 277 1138 1014 880 1249 1270 1190 987 765 1255 1217 979 1208 1110 1087 828 1078 1079 1076 1195 930 1010 1035 1034 1136 957 1126 342 1234 1103 1202 896 1220 1161 1106 1128 1246 975 -8 
  8 [88  13:177]
719 [87 180:185]
726 [82 188:193]
113 [81 193:198]
349 [80 200:205]
461 [79 212:217]
419 [78 219:224]
529 [77 224:229]
313 [76 229:234]
184 [75 234:239]
432 [73 239:244]
712 [72 246:251]
114 [71 255:260]
 86 [66 264:269]
475 [61 269:274]
391 [60 540:545]
635 [59 548:553]
280 [54 559:564]
605 [53 568:573]
746 [52 577:582]
277 [51 582:587]
1138 [50 660:665]
1014 [49 665:670]
880 [48 671:676]
1249 [46 679:684]
1270 [45 693:698]
1190 [43 699:704]
987 [42 706:711]
765 [41 712:717]
1255 [40 722:727]
1217 [39 729:734]
979 [38 734:739]
1208 [37 740:745]
1110 [32 746:751]
1087 [31 753:758]
828 [30 760:765]
1078 [29 770:775]
1079 [28 775:780]
1076 [27 780:785]
1195 [26 786:791]
930 [25 791:796]
1010 [24 796:801]
1035 [23 801:806]
1034 [22 806:811]
1136 [21 811:816]
957 [20 816:821]
1126 [19 821:826]
342 [18 828:833]
1234 [17 833:838]
1103 [16 839:844]
1202 [15 846:851]
896 [12 854:859]
1220 [ 7 860:865]
1161 [ 5 867:872]
1106 [ 4 876:881]
1128 [ 3 882:887]
1246 [ 2 888:893]
975 [ 0 895:900]
 -8 [ 0 902:902]

Vehicle: 803  Cost: 31.36
Route: 8 1520 1343 1327 1331 1351 1442 1444 1377 1403 1407 1402 1404 1552 1463 1360 1449 1454 1457 1456 1460 1462 1467 1461 1455 1487 1481 1475 1484 1494 1486 1485 1490 1469 1468 1491 1701 1833 1819 1758 1781 1863 1856 -8 
  8 [ 0   0: 57]
1520 [ 1  60: 65]
1343 [ 2  67: 72]
1327 [ 3  73: 78]
1331 [ 5  78: 83]
1351 [ 7  83: 88]
1442 [ 8  90: 95]
1444 [ 9  95:100]
1377 [10 103:108]
1403 [13 110:115]
1407 [16 115:120]
1402 [19 120:125]
1404 [24 125:130]
1552 [25 180:185]
1463 [26 187:192]
1360 [27 192:197]
1449 [28 197:202]
1454 [29 202:207]
1457 [30 207:212]
1456 [31 212:217]
1460 [32 217:222]
1462 [33 222:227]
1467 [34 227:232]
1461 [35 232:237]
1455 [36 237:242]
1487 [37 243:248]
1481 [38 248:253]
1475 [39 253:258]
1484 [40 258:263]
1494 [41 263:268]
1486 [42 268:273]
1485 [43 273:278]
1490 [44 278:283]
1469 [45 283:288]
1468 [46 288:293]
1491 [47 293:298]
1701 [48 300:305]
1833 [49 306:311]
1819 [50 312:317]
1758 [51 319:324]
1781 [52 324:329]
1863 [53 330:335]
1856 [54 340:345]
 -8 [54 346:346]

Vehicle: 804  Cost: 76.37
Route: 8 161 337 715 637 17 396 533 544 664 613 636 88 704 132 808 351 542 547 549 558 355 67 345 487 687 434 693 500 376 472 415 646 1129 1183 1042 939 884 1082 1137 929 984 1181 851 1051 1089 1081 948 328 963 1154 1118 1206 827 1221 1017 770 1173 819 1240 1250 1169 1116 1222 1115 1159 835 854 909 1247 959 1019 1180 -8 
  8 [128  13:178]
161 [127 180:185]
337 [126 185:190]
715 [125 191:196]
637 [120 198:203]
 17 [119 205:210]
396 [118 210:215]
533 [117 217:222]
544 [116 222:227]
664 [115 228:233]
613 [110 234:239]
636 [109 239:244]
 88 [108 244:249]
704 [107 249:254]
132 [106 254:259]
808 [105 540:545]
351 [103 546:551]
542 [102 551:556]
547 [101 556:561]
549 [100 561:566]
558 [96 567:572]
355 [95 575:580]
 67 [94 580:585]
345 [93 592:597]
487 [92 598:603]
687 [87 610:615]
434 [86 615:620]
693 [85 620:625]
500 [81 625:630]
376 [76 630:635]
472 [73 635:640]
415 [71 643:648]
646 [70 650:655]
1129 [69 660:665]
1183 [68 666:671]
1042 [67 673:678]
939 [64 678:683]
884 [63 684:689]
1082 [62 690:695]
1137 [61 695:700]
929 [59 702:707]
984 [58 708:713]
1181 [57 714:719]
851 [56 720:725]
1051 [55 726:731]
1089 [52 732:737]
1081 [47 737:742]
948 [46 745:750]
328 [45 752:757]
963 [44 758:763]
1154 [43 763:768]
1118 [42 768:773]
1206 [41 773:778]
827 [40 779:784]
1221 [38 788:793]
1017 [33 796:801]
770 [32 801:806]
1173 [31 808:813]
819 [26 813:818]
1240 [25 818:823]
1250 [24 823:828]
1169 [22 828:833]
1116 [21 833:838]
1222 [19 838:843]
1115 [16 846:851]
1159 [14 852:857]
835 [12 857:862]
854 [ 9 862:867]
909 [ 4 867:872]
1247 [ 3 872:877]
959 [ 2 878:883]
1019 [ 1 885:890]
1180 [ 0 892:897]
 -8 [ 0 899:899]

Vehicle: 805  Cost: 46.71
Route: 8 1445 1768 1831 1824 1829 1929 2031 2034 2073 2102 2038 2028 -8 
  8 [ 0   0: 53]
1445 [ 2  60: 65]
1768 [ 3 300:305]
1831 [ 5 308:313]
1824 [ 6 319:324]
1829 [ 7 324:329]
1929 [10 420:425]
2031 [11 540:545]
2034 [12 545:550]
2073 [17 660:665]
2102 [18 670:675]
2038 [19 685:690]
2028 [20 692:697]
 -8 [20 699:699]

Vehicle: 806  Cost: 104.29
Route: 8 1548 1545 1381 1510 1569 1387 1348 1574 1412 1395 1562 1530 1359 1357 1356 1355 1358 1534 1573 1658 1557 1724 1751 1627 1726 1506 1577 1691 1589 1840 1290 1304 1866 1852 -8 
  8 [ 0   0: 53]
1548 [ 1  60: 65]
1545 [ 2  65: 70]
1381 [ 5  75: 80]
1510 [ 6  81: 86]
1569 [ 7  88: 93]
1387 [ 8 102:107]
1348 [ 9 110:115]
1574 [12 124:129]
1412 [13 132:137]
1395 [14 137:142]
1562 [15 142:147]
1530 [16 149:154]
1359 [17 157:162]
1357 [18 162:167]
1356 [19 167:172]
1355 [20 172:177]
1358 [21 177:182]
1534 [22 186:191]
1573 [26 197:202]
1658 [27 205:210]
1557 [28 213:218]
1724 [29 218:223]
1751 [30 225:230]
1627 [31 236:241]
1726 [36 241:246]
1506 [37 247:252]
1577 [38 254:259]
1691 [40 259:264]
1589 [41 270:275]
1840 [42 300:305]
1290 [43 312:317]
1304 [46 317:322]
1866 [51 325:330]
1852 [52 339:344]
 -8 [52 352:352]

Vehicle: 807  Cost: 79.47
Route: 8 1525 1297 1535 1516 1417 1419 1434 1551 1693 1637 1660 1706 1690 1542 1538 1549 1727 1408 1590 1638 1640 1643 1607 1755 1746 1629 1815 1828 1799 1800 1806 1812 1333 1860 1865 1841 -8 
  8 [ 0   0: 58]
1525 [ 1  60: 65]
1297 [ 2  68: 73]
1535 [ 3  73: 78]
1516 [ 4  80: 85]
1417 [ 5  89: 94]
1419 [ 6  94: 99]
1434 [ 7 100:105]
1551 [ 8 106:111]
1693 [ 9 180:185]
1637 [10 187:192]
1660 [11 194:199]
1706 [12 202:207]
1690 [13 208:213]
1542 [14 215:220]
1538 [15 220:225]
1549 [16 225:230]
1727 [17 232:237]
1408 [18 239:244]
1590 [23 248:253]
1638 [25 256:261]
1640 [27 263:268]
1643 [32 270:275]
1607 [33 279:284]
1755 [36 284:289]
1746 [37 289:294]
1629 [38 295:300]
1815 [39 301:306]
1828 [40 306:311]
1799 [43 315:320]
1800 [44 327:332]
1806 [46 335:340]
1812 [47 347:352]
1333 [48 355:360]
1860 [49 361:366]
1865 [50 366:371]
1841 [51 378:383]
 -8 [51 387:387]

Vehicle: 808  Cost: 86.03
Route: 8 1895 1769 1773 1785 1905 1922 1932 1997 1953 1977 1967 2027 1994 1957 1950 1956 1968 2114 2080 2089 2065 1858 2090 2030 1291 2068 2116 2112 -8 
  8 [ 0   0:418]
1895 [ 2 420:425]
1769 [ 3 428:433]
1773 [ 4 433:438]
1785 [ 5 438:443]
1905 [ 6 447:452]
1922 [ 9 454:459]
1932 [10 468:473]
1997 [13 540:545]
1953 [14 547:552]
1977 [16 556:561]
1967 [19 563:568]
2027 [20 570:575]
1994 [21 578:583]
1957 [22 588:593]
1950 [23 596:601]
1956 [24 605:610]
1968 [27 611:616]
2114 [28 660:665]
2080 [30 667:672]
2089 [33 672:677]
2065 [35 681:686]
1858 [36 688:693]
2090 [37 695:700]
2030 [38 704:709]
1291 [39 714:719]
2068 [40 722:727]
2116 [41 731:736]
2112 [42 745:750]
 -8 [42 751:751]

Vehicle: 809  Cost: 40.68
Route: 8 254 622 626 708 71 195 190 585 158 155 451 797 717 690 341 274 469 229 302 104 278 517 540 608 34 267 515 901 947 942 1066 1091 1024 1194 11 912 820 1214 1162 1139 -8 
  8 [109  13:177]
254 [108 180:185]
622 [103 186:191]
626 [98 191:196]
708 [95 197:202]
 71 [94 204:209]
195 [91 209:214]
190 [88 214:219]
585 [87 219:224]
158 [86 224:229]
155 [85 229:234]
451 [81 237:242]
797 [80 243:248]
717 [78 250:255]
690 [73 259:264]
341 [71 268:273]
274 [70 277:282]
469 [69 283:288]
229 [68 288:293]
302 [63 295:300]
104 [51 540:545]
278 [46 550:555]
517 [42 555:560]
540 [37 560:565]
608 [36 565:570]
 34 [35 570:575]
267 [30 575:580]
515 [29 580:585]
901 [28 660:665]
947 [27 665:670]
942 [26 670:675]
1066 [21 675:680]
1091 [20 680:685]
1024 [19 685:690]
1194 [14 690:695]
 11 [13 695:700]
912 [12 700:705]
820 [ 7 705:710]
1214 [ 6 710:715]
1162 [ 3 715:720]
1139 [ 0 722:727]
 -8 [ 0 730:730]

Vehicle: 810  Cost: 2.18
Route: 8 258 191 135 409 720 35 1009 916 829 985 670 -8 
  8 [14  13:179]
258 [13 180:185]
191 [12 185:190]
135 [10 190:195]
409 [ 9 195:200]
720 [ 8 540:545]
 35 [ 6 545:550]
1009 [ 5 660:665]
916 [ 3 665:670]
829 [ 2 670:675]
985 [ 1 675:680]
670 [ 0 680:685]
 -8 [ 0 686:686]

Vehicle: 812  Cost: 196.63
Route: 8 594 115 311 76 172 623 375 509 735 499 508 85 182 606 793 405 418 629 64 649 240 751 520 372 117 250 29 806 283 382 136 417 360 15 39 306 677 1260 1272 783 889 913 695 1201 1108 1232 867 952 1242 955 1147 1112 1064 899 1152 1146 1068 937 310 1039 864 1088 923 -8 
  8 [119  13:178]
594 [118 180:185]
115 [116 189:194]
311 [111 194:199]
 76 [108 204:209]
172 [105 209:214]
623 [104 216:221]
375 [103 226:231]
509 [100 240:245]
735 [99 245:250]
499 [98 259:264]
508 [93 265:270]
 85 [92 276:281]
182 [89 282:287]
606 [84 287:292]
793 [83 292:297]
405 [78 297:302]
418 [76 304:309]
629 [75 311:316]
 64 [72 317:322]
649 [67 324:329]
240 [66 333:338]
751 [65 343:348]
520 [64 349:354]
372 [63 356:361]
117 [62 361:366]
250 [61 540:545]
 29 [60 547:552]
806 [59 557:562]
283 [58 563:568]
382 [57 569:574]
136 [56 583:588]
417 [54 590:595]
360 [53 604:609]
 15 [48 611:616]
 39 [47 616:621]
306 [46 621:626]
677 [45 660:665]
1260 [44 665:670]
1272 [43 673:678]
783 [42 679:684]
889 [39 684:689]
913 [34 691:696]
695 [33 724:729]
1201 [32 760:765]
1108 [31 767:772]
1232 [30 776:781]
867 [29 781:786]
952 [28 788:793]
1242 [26 793:798]
955 [25 798:803]
1147 [21 807:812]
1112 [20 814:819]
1064 [15 821:826]
899 [13 827:832]
1152 [10 834:839]
1146 [ 9 840:845]
1068 [ 8 845:850]
937 [ 6 852:857]
310 [ 4 858:863]
1039 [ 3 867:872]
864 [ 2 873:878]
1088 [ 1 878:883]
923 [ 0 888:893]
 -8 [ 0 895:895]

Vehicle: 1001  Cost: 52.55
Route: 10 1453 1466 1459 1465 1810 2021 2012 2016 1991 1976 1990 2025 2084 2059 2087 2110 2058 1867 1651 2047 2056 2043 2097 -10 
 10 [ 0   0:177]
1453 [ 1 180:185]
1466 [ 2 185:190]
1459 [ 3 190:195]
1465 [ 4 195:200]
1810 [ 6 420:425]
2021 [11 540:545]
2012 [14 546:551]
2016 [15 553:558]
1991 [16 559:564]
1976 [17 569:574]
1990 [18 574:579]
2025 [19 585:590]
2084 [21 660:665]
2059 [22 669:674]
2087 [23 676:681]
2110 [26 684:689]
2058 [28 691:696]
1867 [33 697:702]
1651 [46 705:710]
2047 [47 712:717]
2056 [48 721:726]
2043 [49 730:735]
2097 [50 736:741]
-10 [50 745:745]

Vehicle: 1002  Cost: 73.09
Route: 10 657 108 185 614 448 205 83 56 572 110 331 791 189 468 730 620 323 794 235 414 200 121 671 546 648 231 711 362 477 689 668 651 645 630 20 654 551 326 325 95 420 217 60 568 385 425 413 532 1037 1096 870 1124 1040 1144 967 910 1026 1000 1281 1012 -10 
 10 [108   0:179]
657 [107 180:185]
108 [102 187:192]
185 [100 192:197]
614 [99 197:202]
448 [97 202:207]
205 [95 209:214]
 83 [94 217:222]
 56 [93 225:230]
572 [92 233:238]
110 [88 241:246]
331 [87 247:252]
791 [86 254:259]
189 [85 260:265]
468 [82 265:270]
730 [81 271:276]
620 [80 280:285]
323 [79 287:292]
794 [74 292:297]
235 [69 297:302]
414 [68 304:309]
200 [67 310:315]
121 [66 317:322]
671 [65 323:328]
546 [64 328:333]
648 [63 334:339]
231 [62 340:345]
711 [59 345:350]
362 [58 352:357]
477 [57 359:364]
689 [56 365:370]
668 [55 371:376]
651 [54 540:545]
645 [53 545:550]
630 [52 551:556]
 20 [51 558:563]
654 [50 566:571]
551 [49 571:576]
326 [48 578:583]
325 [47 583:588]
 95 [46 589:594]
420 [41 595:600]
217 [40 601:606]
 60 [38 607:612]
568 [36 612:617]
385 [33 617:622]
425 [31 624:629]
413 [26 630:635]
532 [25 637:642]
1037 [24 660:665]
1096 [21 667:672]
870 [20 673:678]
1124 [16 678:683]
1040 [15 684:689]
1144 [13 690:695]
967 [11 696:701]
910 [ 9 701:706]
1026 [ 7 706:711]
1000 [ 5 713:718]
1281 [ 2 719:724]
1012 [ 0 726:731]
-10 [ 0 733:733]

Vehicle: 1003  Cost: 1.47
Route: 10 16 -10 
 10 [ 1   0:539]
 16 [ 0 540:545]
-10 [ 0 546:546]

Vehicle: 1005  Cost: 40.02
Route: 10 728 506 616 387 377 53 61 486 55 559 449 12 361 368 167 207 767 58 30 41 815 639 1241 813 925 938 1086 1119 -10 
 10 [65   0:179]
728 [64 180:185]
506 [63 186:191]
616 [59 192:197]
387 [56 198:203]
377 [55 540:545]
 53 [47 545:550]
 61 [44 552:557]
486 [39 559:564]
 55 [38 564:569]
559 [37 571:576]
449 [36 579:584]
 12 [32 586:591]
361 [31 595:600]
368 [28 600:605]
167 [23 607:612]
207 [21 614:619]
767 [20 619:624]
 58 [19 627:632]
 30 [18 633:638]
 41 [16 640:645]
815 [13 660:665]
639 [10 667:672]
1241 [ 8 673:678]
813 [ 5 679:684]
925 [ 4 686:691]
938 [ 2 691:696]
1086 [ 1 698:703]
1119 [ 0 703:708]
-10 [ 0 709:709]

Vehicle: 1009  Cost: 30.08
Route: 10 1389 1433 1344 1378 1503 1502 1427 1292 1324 1340 1536 1544 1452 1662 1401 1696 1699 1719 1736 1705 1685 1495 1473 1492 1479 1480 1476 1482 1474 1489 1493 1450 1451 1458 1464 2035 2036 -10 
 10 [ 0   0: 57]
1389 [ 1  60: 65]
1433 [ 2  65: 70]
1344 [ 4  72: 77]
1378 [ 5  78: 83]
1503 [ 6  85: 90]
1502 [ 7  90: 95]
1427 [12  96:101]
1292 [13 101:106]
1324 [14 106:111]
1340 [15 113:118]
1536 [16 121:126]
1544 [17 126:131]
1452 [18 133:138]
1662 [19 180:185]
1401 [20 188:193]
1696 [21 193:198]
1699 [22 198:203]
1719 [23 204:209]
1736 [24 209:214]
1705 [25 217:222]
1685 [26 222:227]
1495 [27 229:234]
1473 [28 234:239]
1492 [29 239:244]
1479 [30 244:249]
1480 [31 249:254]
1476 [32 254:259]
1482 [33 259:264]
1474 [34 264:269]
1489 [35 269:274]
1493 [36 274:279]
1450 [37 281:286]
1451 [38 286:291]
1458 [39 291:296]
1464 [40 296:301]
2035 [45 304:309]
2036 [50 309:314]
-10 [50 314:314]

Vehicle: 1010  Cost: 88.44
Route: 10 1894 1642 1635 1622 1675 1624 1667 1656 1681 1483 1477 1488 1478 1470 1471 1472 1721 1754 1742 1659 1814 1798 1369 1857 1791 1771 1804 1803 1801 1823 1792 1672 1884 1890 1570 1900 1741 1888 1893 1899 1870 1897 1885 -10 
 10 [ 0   0: 60]
1894 [ 5  60: 65]
1642 [ 8 180:185]
1635 [ 9 187:192]
1622 [10 192:197]
1675 [15 197:202]
1624 [16 202:207]
1667 [17 208:213]
1656 [18 213:218]
1681 [20 221:226]
1483 [21 227:232]
1477 [22 232:237]
1488 [23 237:242]
1478 [24 242:247]
1470 [25 247:252]
1471 [26 252:257]
1472 [27 257:262]
1721 [28 265:270]
1754 [31 274:279]
1742 [34 279:284]
1659 [37 284:289]
1814 [38 300:305]
1798 [39 307:312]
1369 [40 315:320]
1857 [41 322:327]
1791 [42 330:335]
1771 [43 337:342]
1804 [44 346:351]
1803 [45 351:356]
1801 [46 356:361]
1823 [47 365:370]
1792 [48 372:377]
1672 [49 379:384]
1884 [52 420:425]
1890 [57 425:430]
1570 [60 438:443]
1900 [63 451:456]
1741 [64 462:467]
1888 [65 471:476]
1893 [66 487:492]
1899 [67 492:497]
1870 [77 499:504]
1897 [82 507:512]
1885 [83 514:519]
-10 [83 521:521]

Vehicle: 1012  Cost: 59.69
Route: 10 492 536 285 473 282 663 170 171 209 701 709 78 699 272 196 789 256 702 535 248 573 154 692 227 54 66 75 762 230 134 764 129 700 178 352 346 148 287 627 335 691 667 552 42 13 897 978 1231 1044 962 1172 830 843 1287 1105 1175 1073 1070 -10 
 10 [117   0:179]
492 [116 180:185]
536 [115 186:191]
285 [114 192:197]
473 [113 197:202]
282 [112 203:208]
663 [111 209:214]
170 [108 214:219]
171 [105 219:224]
209 [104 225:230]
701 [103 232:237]
709 [100 238:243]
 78 [99 244:249]
699 [98 250:255]
272 [96 256:261]
196 [95 263:268]
789 [94 269:274]
256 [93 275:280]
702 [90 280:285]
535 [85 286:291]
248 [82 292:297]
573 [81 299:304]
154 [76 306:311]
692 [75 311:316]
227 [74 318:323]
 54 [73 323:328]
 66 [72 330:335]
 75 [71 336:341]
762 [66 342:347]
230 [65 347:352]
134 [60 353:358]
764 [57 360:365]
129 [53 366:371]
700 [52 372:377]
178 [51 378:383]
352 [47 384:389]
346 [45 540:545]
148 [44 546:551]
287 [39 553:558]
627 [38 560:565]
335 [37 566:571]
691 [36 572:577]
667 [35 577:582]
552 [34 582:587]
 42 [29 587:592]
 13 [24 594:599]
897 [23 660:665]
978 [21 665:670]
1231 [20 671:676]
1044 [19 679:684]
962 [18 685:690]
1172 [13 691:696]
830 [12 697:702]
843 [11 703:708]
1287 [10 780:785]
1105 [ 5 786:791]
1175 [ 3 791:796]
1073 [ 2 798:803]
1070 [ 0 805:810]
-10 [ 0 812:812]

Vehicle: 1013  Cost: 104.33
Route: 10 1827 1789 1945 1601 1883 1916 1924 1886 1946 1931 1930 1839 1954 1989 2009 2006 2011 2002 2037 1971 1992 1987 1963 1850 1847 1853 2022 2023 2075 2077 2079 2081 2101 2091 2113 2041 2072 2076 1972 2057 -10 
 10 [ 0   0:298]
1827 [ 1 300:305]
1789 [ 2 309:314]
1945 [ 3 420:425]
1601 [ 5 428:433]
1883 [ 7 434:439]
1916 [ 8 444:449]
1924 [10 450:455]
1886 [11 457:462]
1946 [13 466:471]
1931 [14 473:478]
1930 [15 478:483]
1839 [25 484:489]
1954 [26 540:545]
1989 [28 549:554]
2009 [29 558:563]
2006 [31 567:572]
2011 [32 572:577]
2002 [37 579:584]
2037 [38 589:594]
1971 [58 603:608]
1992 [59 609:614]
1987 [60 622:627]
1963 [61 633:638]
1850 [62 639:644]
1847 [63 647:652]
1853 [64 652:657]
2022 [65 660:665]
2023 [66 665:670]
2075 [67 678:683]
2077 [68 683:688]
2079 [69 688:693]
2081 [70 693:698]
2101 [71 703:708]
2091 [72 708:713]
2113 [73 716:721]
2041 [74 725:730]
2072 [77 734:739]
2076 [81 739:744]
1972 [82 745:750]
2057 [83 753:758]
-10 [83 762:762]

Total Cost: 4225.65
 11:0.00, 50:750 [1, -10, -1]
 12:28.38, 171:750 [1, -2, -1]
 13:25.81, 62:750 [1, -8, -1]
 14:0.00, 291:750 [1, 10, -1]
 15:11.54, 34:750 [1, -3, -1]
 16:37.15, 728:750 [1, 8, 3, -1]
 17:0.00, 83:750 [1, -10, -1]
 18:28.38, 84:750 [1, -2, -1]
 19:27.34, 401:750 [1, 5, -1]
 20:52.59, 480:750 [1, 7, 6, -1]
 21:80.93, 712:750 [1, 2, 6, 7, -1]
 22:42.51, 42:750 [1, -6, -1]
 23:0.00, 50:750 [1, -10, -1]
 24:33.28, 260:750 [1, -7, -1]
 26:0.00, 83:750 [1, -10, -1]
 28:33.28, 190:750 [1, -7, -1]
 29:25.81, 205:750 [1, -8, -1]
 30:27.34, 71:750 [1, -5, -1]
 31:11.54, 28:750 [1, -3, -1]
201:76.78, 74:160 [2, 1382, 1383, 1380, 1390, 1553, 1339, 1512, 1394, 1565, 1748, 1611, 1733, 1586, 1626, 1579, 1375, 1688, 1591, 1734, 1739, 1731, 1610, 1756, 1605, 1496, 1752, 1770, 1764, 1763, 1784, 1787, 1820, 1845, 1794, 1838, 1837, 1846, -2]
202:67.69, 35:160 [2, 1371, 1362, 1406, 1532, 1364, 1422, 1341, 1554, 1584, 1436, 1368, 1522, 1596, 1636, 1723, 1670, 1747, 1646, 1585, 1620, 1821, 1826, 1834, 1793, 1854, -2]
203:90.10, 136:160 [2, 57, 729, 504, 462, 284, 152, 787, 750, 188, 206, 531, 383, 596, 410, 611, 181, 672, 397, 165, 260, 550, 619, 782, 381, 597, 641, 399, 675, 297, 32, 92, 727, 69, 554, 263, 503, 27, 964, 1151, 156, 1102, 1041, 94, 883, 1111, 874, 944, 1052, 1259, 1193, 574, 852, 1148, 1150, 973, 631, 1142, 1030, 903, 625, 934, 1168, 811, 1207, 1210, 954, 1020, 868, 821, 1283, -2]
204:37.94, 33:160 [2, 1526, 1353, 1509, 1527, 1654, 1521, 1749, 1314, 1318, 1316, 1319, 1641, 1556, 1663, 1418, 1595, -2]
205:139.63, 143:160 [2, 798, 534, 82, 694, 527, 804, 241, 183, 244, 493, 330, 575, 742, 756, 744, 106, 758, 433, 407, 781, 778, 458, 484, 246, 755, 530, 803, 116, 760, 790, 366, 650, 599, 601, 319, 539, 107, 43, 38, 31, 126, 23, 130, 465, 416, 45, 402, 502, 44, 403, 398, 907, 920, 1098, 1228, 28, 917, 1256, 833, 164, 162, 1218, 822, 1007, 911, 1265, 831, 1239, 1209, 305, 1153, 890, 928, 990, 1008, 1011, 876, 881, 1197, 1158, -2]
206:98.64, 132:160 [2, 388, 761, 367, 688, 197, 724, 734, 738, 470, 421, 72, 141, 526, 453, 138, 212, 96, 101, 221, 571, 123, 621, 647, 564, 265, 498, 519, 768, 74, 412, 772, 733, 785, 705, 359, 653, 669, 147, 68, 318, 445, 214, 505, 259, 296, 392, 49, 429, 431, 438, 435, 288, 25, 26, 40, 1084, 1001, 1271, 1033, 888, 1054, 199, 1023, 1205, 386, 932, 1031, 59, 1004, 1028, 847, 1288, 1117, 914, 814, -2]
207:53.22, 29:160 [2, 1328, 1517, 1299, 1529, 1338, 1336, 1446, 1674, 1716, 1518, 1657, 1648, 1431, 1592, 1566, 1677, 1687, 1682, 1432, 1760, -2]
208:63.34, 55:160 [2, 1851, 1836, 1811, 1864, 1775, 1918, 1915, 1911, 1910, 1873, 1937, 1949, 1920, 1903, 1896, 1891, 1943, 1909, 1889, 1877, 1935, 1904, 1844, 1955, 2032, 1805, 1961, 1996, 2094, 2100, 2092, 2109, -2]
209:60.86, 27:160 [2, 1807, 1868, 1816, 1711, 1906, 1952, 1983, 1970, 2111, 2104, 1312, 2088, 2083, 2086, 2107, 1783, -2]
210:3.08, 2:160 [2, 2005, 2017, -2]
301:67.48, 138:160 [3, 628, 579, 243, 686, 91, 90, 589, 89, 587, 100, 275, 455, 216, 522, 523, 747, 732, 251, 638, 242, 721, 210, 757, 176, 266, 261, 139, 802, 562, 314, 276, 603, 50, 22, 21, 393, 792, 223, 427, 525, 213, 993, 996, 832, 866, 365, 837, 1244, 1100, 1251, 281, 1005, 673, 845, 1093, 1269, 1053, 974, 1284, 1267, 1135, 144, 885, -3]
304:40.88, 34:160 [3, 1399, 1345, 1546, 1326, 1405, 1330, 1505, 1352, 1373, 1508, 1680, 1704, 1597, 1673, 1740, 1729, 1409, 1665, 1541, 1717, 1438, 1617, 1325, -3]
305:38.76, 28:160 [3, 1830, 1796, 1744, 1843, 1882, 1912, 1385, 1898, 1907, 1988, 1311, 1986, 1980, 1933, 1975, 2050, 1979, 2105, 1966, 2071, 2078, 2095, -3]
306:130.98, 132:160 [3, 160, 293, 24, 187, 350, 122, 786, 270, 681, 588, 600, 444, 463, 103, 226, 99, 268, 271, 555, 336, 706, 327, 384, 371, 124, 624, 753, 780, 595, 150, 198, 740, 224, 494, 598, 593, 591, 466, 320, 307, 1216, 1188, 1036, 1285, 422, 895, 1278, 863, 1141, 1198, 969, 1157, 906, 818, 1257, 980, 1125, 1225, 844, -3]
501:44.37, 106:160 [5, 543, 766, 279, 609, 290, 292, 423, 332, 286, 538, 682, 485, 232, 565, 102, 120, 70, 245, 143, 722, 380, 769, 725, 516, 656, 665, 166, 404, 298, 169, 394, 745, 333, 658, 776, 308, 748, 442, 610, 373, 47, 685, 825, 1013, 1176, 879, 858, 853, 1032, 1140, 1174, 823, 379, 848, -5]
503:83.11, 71:160 [5, 1578, 1511, 1342, 1332, 1329, 1410, 1411, 1413, 1575, 1415, 1301, 1305, 1306, 1307, 1302, 1303, 1669, 1644, 1713, 1507, 1501, 1703, 1745, 1753, 1604, 1695, 1679, 1572, 1625, 1700, 1614, 1715, 1531, 1655, 1537, 1818, 1817, 1808, 1786, 1757, 1759, 1788, -5]
504:60.01, 144:160 [5, 315, 684, 237, 211, 436, 754, 800, 583, 46, 300, 1289, 617, 777, 576, 759, 739, 632, 378, 961, 886, 1046, 836, 891, 927, 1029, 922, 893, 860, 972, 970, 926, 1061, 1059, 369, 856, 1276, 849, 1022, 774, 817, 977, 1189, 1185, 869, 1006, 904, 1233, 511, 841, 1083, 1268, -5]
505:92.14, 151:160 [5, 299, 303, 301, 662, 192, 253, 450, 491, 238, 428, 194, 805, 775, 118, 788, 408, 452, 36, 749, 291, 354, 37, 483, 353, 51, 340, 424, 175, 919, 1156, 1063, 1058, 1075, 480, 489, 1182, 1199, 548, 146, 1226, 1107, 1050, 816, 1097, 1243, 873, 1196, 965, 838, 1248, 1067, 1187, 840, 915, 1145, 1227, 1120, 1170, 1280, 894, 1038, 1211, 1261, 958, 1236, 986, 1072, 945, -5]
601:59.42, 22:160 [6, 1678, 1686, 1772, 1869, 1774, 1914, 1925, 1934, 1944, 1947, 2026, 1978, 1998, 2049, 2001, 1874, 2066, 2074, 2045, -6]
602:80.54, 124:160 [6, 87, 389, 607, 400, 521, 153, 716, 713, 163, 157, 140, 528, 563, 718, 437, 545, 714, 707, 269, 737, 228, 324, 710, 615, 180, 612, 225, 81, 273, 634, 441, 312, 33, 779, 52, 1235, 935, 905, 892, 1062, 1266, 1057, 696, 698, 1229, 1282, 908, 1071, 846, 933, 1104, 902, 1237, 1178, 1274, 1203, 994, 981, 457, 936, 255, 960, 1047, 1101, -6]
603:105.73, 152:160 [6, 447, 577, 168, 105, 501, 697, 507, 247, 348, 347, 131, 655, 174, 111, 459, 321, 763, 537, 553, 202, 390, 137, 659, 602, 584, 512, 344, 652, 570, 771, 173, 289, 204, 98, 566, 151, 128, 784, 479, 1045, 1192, 839, 1212, 1279, 1016, 857, 882, 590, 810, 991, 998, 1134, 971, 1127, 1171, 561, 900, 1021, 824, 999, 1273, 1245, 1166, 220, 1114, 1048, 1060, 1074, 1090, 968, 1186, 1262, 855, 982, -6]
604:52.10, 20:160 [6, 1813, 1872, 1871, 1875, 2000, 1917, 1923, 1881, 2007, 2008, 2004, 2054, 2053, 2098, 2042, 2039, 2063, 2070, 2106, -6]
605:92.15, 135:160 [6, 304, 569, 125, 581, 476, 233, 723, 703, 743, 541, 294, 618, 316, 439, 63, 93, 309, 481, 752, 474, 109, 674, 177, 356, 482, 14, 119, 62, 257, 322, 201, 736, 795, 208, 478, 339, 741, 467, 666, 661, 133, 1043, 1092, 73, 1200, 988, 1184, 1056, 834, 875, 1077, 1164, 1069, 1286, 1133, 1163, 1121, 1094, 1258, 1065, 1099, 1122, 1177, 1213, -6]
701:37.89, 85:160 [7, 1350, 1337, 1379, 1392, 1396, 1426, 1424, 1425, 1497, 1423, 1619, 1587, 1633, 1559, 1668, 1594, 1702, 1661, 1653, 1650, 1606, 1600, 1613, 1602, 1608, 1615, 1722, 1718, 1776, 1777, 1782, 1778, 1780, 1790, 1822, 1802, 1809, 1795, -7]
702:93.51, 62:160 [7, 1398, 1500, 1400, 1322, 1309, 1335, 1374, 1308, 1317, 1315, 1393, 1499, 1430, 1435, 1416, 1349, 1652, 1631, 1664, 1598, 1689, 1647, 1738, 1599, 1683, 1676, 1498, 1697, 1666, 1448, 1384, 1630, 1849, 1842, 1832, 1835, 1623, -7]
703:110.27, 91:160 [7, 801, 370, 79, 203, 578, 680, 586, 426, 406, 262, 443, 644, 464, 513, 514, 295, 809, 264, 97, 807, 440, 582, 488, 560, 18, 358, 401, 567, 249, 524, 446, 430, 334, 683, 592, 218, 219, 676, 193, 159, 77, 799, 678, 460, 1215, 871, 1143, 1018, 633, 1109, 946, 812, -7]
704:58.37, 57:160 [7, 1354, 1310, 1334, 1447, 1581, 1386, 1543, 1550, 1346, 1513, 1514, 1519, 1414, 1580, 1429, 1428, 1363, 1603, 1588, 1714, 1735, 1576, 1797, 1323, 1321, 1848, 1762, 1761, 1765, -7]
705:151.96, 84:160 [7, 142, 239, 456, 773, 179, 496, 234, 604, 731, 357, 364, 374, 65, 80, 84, 518, 329, 338, 921, 918, 1155, 1179, 1025, 992, 826, 1049, 1085, 956, 679, 1165, 1264, 1003, 995, 861, 1080, 898, 1230, 1204, 1131, 1113, 1130, 989, 887, -7]
706:74.69, 149:160 [7, 395, 215, 660, 222, 363, 252, 112, 796, 145, 454, 19, 580, 127, 495, 556, 557, 343, 149, 1223, 1275, 940, 1160, 859, 1149, 850, 941, 1224, 931, 951, 878, 1055, 1254, 953, 950, 1263, 1095, 877, 1191, 1219, 872, 1277, 997, 1002, 949, 1132, 924, 48, 862, 983, 1027, 976, 1123, 1252, 966, 317, 1167, 943, -7]
707:50.76, 62:160 [7, 1855, 1901, 1878, 1887, 2015, 1974, 1969, 1964, 1959, 1973, 1938, 1981, 1982, 1962, 1965, 2024, 2019, 2051, 1940, 1985, 1984, 1671, 2052, 1524, 2085, 1618, -7]
708:86.52, 65:160 [7, 1313, 1861, 1859, 1767, 1766, 1913, 1876, 1939, 1880, 2018, 2020, 1960, 1892, 1927, 1999, 1942, 2093, 2046, 2061, 2067, 2062, 2048, 2082, 2055, 2103, 2099, -7]
709:54.93, 56:160 [7, 1533, 1558, 1564, 1567, 1563, 1561, 1421, 1300, 1397, 1295, 1296, 1298, 1294, 1370, 1366, 1365, 1367, 1376, 1391, 1725, 1560, 1684, 1709, 1750, 1639, 1320, 1388, 1632, 1593, 1743, 1621, 1712, 1710, 1649, 1555, 1730, -7]
710:110.35, 63:160 [7, 1862, 1779, 1902, 1948, 1879, 1941, 1908, 1921, 1926, 1919, 1993, 1951, 2033, 2010, 2014, 2003, 1293, 2029, 1958, 1995, 2064, 2108, 2044, 1936, 2013, 1928, 2040, 2060, 2115, 2096, 2069, 1720, -7]
711:22.77, 46:160 [7, 510, 236, 490, 411, 642, 640, 643, 186, 471, 497, 865, 1253, 842, 1015, 1238, -7]
801:54.52, 48:160 [8, 1504, 1540, 1568, 1547, 1523, 1571, 1372, 1582, 1528, 1583, 1515, 1361, 1347, 1539, 1616, 1645, 1628, 1708, 1420, 1728, 1609, 1732, 1634, 1439, 1437, 1440, 1441, 1443, 1737, 1707, 1698, 1694, 1612, 1692, 1825, -8]
802:100.90, 88:160 [8, 719, 726, 113, 349, 461, 419, 529, 313, 184, 432, 712, 114, 86, 475, 391, 635, 280, 605, 746, 277, 1138, 1014, 880, 1249, 1270, 1190, 987, 765, 1255, 1217, 979, 1208, 1110, 1087, 828, 1078, 1079, 1076, 1195, 930, 1010, 1035, 1034, 1136, 957, 1126, 342, 1234, 1103, 1202, 896, 1220, 1161, 1106, 1128, 1246, 975, -8]
803:31.36, 54:160 [8, 1520, 1343, 1327, 1331, 1351, 1442, 1444, 1377, 1403, 1407, 1402, 1404, 1552, 1463, 1360, 1449, 1454, 1457, 1456, 1460, 1462, 1467, 1461, 1455, 1487, 1481, 1475, 1484, 1494, 1486, 1485, 1490, 1469, 1468, 1491, 1701, 1833, 1819, 1758, 1781, 1863, 1856, -8]
804:76.37, 128:160 [8, 161, 337, 715, 637, 17, 396, 533, 544, 664, 613, 636, 88, 704, 132, 808, 351, 542, 547, 549, 558, 355, 67, 345, 487, 687, 434, 693, 500, 376, 472, 415, 646, 1129, 1183, 1042, 939, 884, 1082, 1137, 929, 984, 1181, 851, 1051, 1089, 1081, 948, 328, 963, 1154, 1118, 1206, 827, 1221, 1017, 770, 1173, 819, 1240, 1250, 1169, 1116, 1222, 1115, 1159, 835, 854, 909, 1247, 959, 1019, 1180, -8]
805:46.71, 20:160 [8, 1445, 1768, 1831, 1824, 1829, 1929, 2031, 2034, 2073, 2102, 2038, 2028, -8]
806:104.29, 52:160 [8, 1548, 1545, 1381, 1510, 1569, 1387, 1348, 1574, 1412, 1395, 1562, 1530, 1359, 1357, 1356, 1355, 1358, 1534, 1573, 1658, 1557, 1724, 1751, 1627, 1726, 1506, 1577, 1691, 1589, 1840, 1290, 1304, 1866, 1852, -8]
807:79.47, 51:160 [8, 1525, 1297, 1535, 1516, 1417, 1419, 1434, 1551, 1693, 1637, 1660, 1706, 1690, 1542, 1538, 1549, 1727, 1408, 1590, 1638, 1640, 1643, 1607, 1755, 1746, 1629, 1815, 1828, 1799, 1800, 1806, 1812, 1333, 1860, 1865, 1841, -8]
808:86.03, 42:160 [8, 1895, 1769, 1773, 1785, 1905, 1922, 1932, 1997, 1953, 1977, 1967, 2027, 1994, 1957, 1950, 1956, 1968, 2114, 2080, 2089, 2065, 1858, 2090, 2030, 1291, 2068, 2116, 2112, -8]
809:40.68, 109:160 [8, 254, 622, 626, 708, 71, 195, 190, 585, 158, 155, 451, 797, 717, 690, 341, 274, 469, 229, 302, 104, 278, 517, 540, 608, 34, 267, 515, 901, 947, 942, 1066, 1091, 1024, 1194, 11, 912, 820, 1214, 1162, 1139, -8]
810:2.18, 14:160 [8, 258, 191, 135, 409, 720, 35, 1009, 916, 829, 985, 670, -8]
812:196.63, 119:160 [8, 594, 115, 311, 76, 172, 623, 375, 509, 735, 499, 508, 85, 182, 606, 793, 405, 418, 629, 64, 649, 240, 751, 520, 372, 117, 250, 29, 806, 283, 382, 136, 417, 360, 15, 39, 306, 677, 1260, 1272, 783, 889, 913, 695, 1201, 1108, 1232, 867, 952, 1242, 955, 1147, 1112, 1064, 899, 1152, 1146, 1068, 937, 310, 1039, 864, 1088, 923, -8]
1001:52.55, 50:160 [10, 1453, 1466, 1459, 1465, 1810, 2021, 2012, 2016, 1991, 1976, 1990, 2025, 2084, 2059, 2087, 2110, 2058, 1867, 1651, 2047, 2056, 2043, 2097, -10]
1002:73.09, 108:160 [10, 657, 108, 185, 614, 448, 205, 83, 56, 572, 110, 331, 791, 189, 468, 730, 620, 323, 794, 235, 414, 200, 121, 671, 546, 648, 231, 711, 362, 477, 689, 668, 651, 645, 630, 20, 654, 551, 326, 325, 95, 420, 217, 60, 568, 385, 425, 413, 532, 1037, 1096, 870, 1124, 1040, 1144, 967, 910, 1026, 1000, 1281, 1012, -10]
1003:1.47, 1:160 [10, 16, -10]
1005:40.02, 65:160 [10, 728, 506, 616, 387, 377, 53, 61, 486, 55, 559, 449, 12, 361, 368, 167, 207, 767, 58, 30, 41, 815, 639, 1241, 813, 925, 938, 1086, 1119, -10]
1009:30.08, 50:160 [10, 1389, 1433, 1344, 1378, 1503, 1502, 1427, 1292, 1324, 1340, 1536, 1544, 1452, 1662, 1401, 1696, 1699, 1719, 1736, 1705, 1685, 1495, 1473, 1492, 1479, 1480, 1476, 1482, 1474, 1489, 1493, 1450, 1451, 1458, 1464, 2035, 2036, -10]
1010:88.44, 83:160 [10, 1894, 1642, 1635, 1622, 1675, 1624, 1667, 1656, 1681, 1483, 1477, 1488, 1478, 1470, 1471, 1472, 1721, 1754, 1742, 1659, 1814, 1798, 1369, 1857, 1791, 1771, 1804, 1803, 1801, 1823, 1792, 1672, 1884, 1890, 1570, 1900, 1741, 1888, 1893, 1899, 1870, 1897, 1885, -10]
1012:59.69, 117:160 [10, 492, 536, 285, 473, 282, 663, 170, 171, 209, 701, 709, 78, 699, 272, 196, 789, 256, 702, 535, 248, 573, 154, 692, 227, 54, 66, 75, 762, 230, 134, 764, 129, 700, 178, 352, 346, 148, 287, 627, 335, 691, 667, 552, 42, 13, 897, 978, 1231, 1044, 962, 1172, 830, 843, 1287, 1105, 1175, 1073, 1070, -10]
1013:104.33, 83:160 [10, 1827, 1789, 1945, 1601, 1883, 1916, 1924, 1886, 1946, 1931, 1930, 1839, 1954, 1989, 2009, 2006, 2011, 2002, 2037, 1971, 1992, 1987, 1963, 1850, 1847, 1853, 2022, 2023, 2075, 2077, 2079, 2081, 2101, 2091, 2113, 2041, 2072, 2076, 1972, 2057, -10]
fe: 19, se: 53

!ALNS------------
30000,4225.653996455528,55061.977,51515.118,19,53,0.2824561403508772,0.47464622641509435,110.84210526315789,39.735849056603776
106 153 86 63 0 10 63 0 
3.4690163501696065 15.393005773553046 3.442207065347821 4.276406859667955 69.64705539419803 26.32101294640579 4.8588867345298965 54.574615191311146 
67 64 58 73 67 47 62 43 
8.039206775764333 8.129449150695821 8.311180305473055 7.689857095488091 8.682605031082 7.655105767121125 8.650805388070262 7.545435673726845 

