--Parameters Information--
speed=350
run=1
iteration= 30000
batch=100
restartPeriod=750
largeRemovalOccurrence=500
initialLNS=250
lowerBoundSmallRemoval=4
smallRemoval=0.1
lowerBoundLargeRemoval=0.45
largeRemoval=0.55
initialWeight=1.0
decayRate=0.1
gamma1=9.0
gamma2=5.0
gamma3=2.0
gamma4=0.0
coolingRate=0.9995
temperatureControlParameter=0.05
initialAcceptanceProbability=0.5
perturbation=0.5
perturbationFactor=0.01
split=6000

Setup: Split One Time
Data: CS_4_D

Run: 1
Total Cost: 2290.53
Vehicle: 11  Cost: 0.00
Route: 1 8 -8 -1 
 1 [284   0:  0 [625, 144, 669, 644, 751, 195, 738, 734, 674, 32, 731, 666, 839, 101, 103, 817, 185, 508, 761, 350, 753, 127, 834, 138, 448, 588, 756, 697, 807, 689, 98, 796, 863, 104, 582, 657, 749, 745, 717, 491, 593, 660, 755, 771, 493, 564, 841, 99, 175, 10, 142, 787, 806, 59, 838, 638, 642, 141, 143, 701, 705, 714, 726, 489, 750, 649, 826, 836, 688, 728, 258, 837, 544, 609, 867, 626, 305, 758, 635, 268, 722, 653, 685, 154, 851, 323, 136, 224, 28, 632, 157, 189, 247, 702, 658, 799, 833, 827, 643, 146, 744, 375, 605, 548, 521, 868, 813, 179, 671, 790, 455, 704, 810, 691, 795, 815, 849, 596, 624, 631, 140, 529, 532, 551]]
 8 [  0   0:  0 []]
-8 [101   0:894 [1420, 1347, 1470, 1425, 1322, 1333, 1231, 1356, 1426, 1341, 1319, 1326, 1390, 1244, 1324, 1409, 1256, 1325, 1396, 1365, 1428, 1405, 1261, 1237, 1321, 1282, 1407, 1320, 1395, 1344, 1288, 1318, 1069, 1340, 1373, 1388, 1406, 1424, 1427, 1278, 1234, 1362, 1240, 1355, 1394, 1317, 1206, 1296, 1280, 1323, 972, 899, 1423, 1267, 959, 1300, 1216, 1284, 1255, 1209, 1246, 1434, 1274, 1291, 1272, 1311, 1297, 1271, 1393, 1439, 1415, 1422, 1458, 1472, 1350, 1359]]
-1 [101 894:894 [1420, 1347, 1470, 1425, 1322, 1333, 1231, 1356, 1426, 1341, 1319, 1326, 1390, 1244, 1324, 1409, 1256, 1325, 1396, 1365, 1428, 1405, 1261, 1237, 1321, 1282, 1407, 1320, 1395, 1344, 1288, 1318, 1069, 1340, 1373, 1388, 1406, 1424, 1427, 1278, 1234, 1362, 1240, 1355, 1394, 1317, 1206, 1296, 1280, 1323, 972, 899, 1423, 1267, 959, 1300, 1216, 1284, 1255, 1209, 1246, 1434, 1274, 1291, 1272, 1311, 1297, 1271, 1393, 1439, 1415, 1422, 1458, 1472, 1350, 1359]]

Vehicle: 12  Cost: 0.00
Route: 1 8 -8 -1 
 1 [ 99   0:  0 [255, 571, 352, 526, 117, 167, 452, 234, 559, 47, 52, 442, 500, 155, 463, 338, 566, 113, 515, 420, 33, 107, 232, 464, 61, 174, 468, 502, 74, 514, 363, 346, 466, 436, 474, 65, 343, 320, 318, 257, 389, 542, 316, 25, 547, 124, 183, 301, 215]]
 8 [  0   0:  0 []]
-8 [149   0:531 [1134, 999, 1038, 1158, 918, 919, 1097, 898, 951, 974, 1179, 968, 1067, 1024, 1051, 1075, 1195, 900, 1287, 1185, 1064, 1121, 1115, 1275, 1089, 1161, 1146, 1065, 1235, 1178, 962, 1232, 1031, 879, 1186, 1053, 1025, 1295, 1046, 1138, 1072, 1151, 1081, 878, 1108, 889, 1027, 1102, 949, 895, 1032, 1041, 1289, 1143, 1242, 1154, 1086, 1066, 1293, 1210, 1043, 1119, 1132, 1249, 1224, 1058, 1211, 1198, 1218, 1197, 994, 1196, 1214, 1269, 1183, 1277, 1159, 876, 1149]]
-1 [149 531:531 [1134, 999, 1038, 1158, 918, 919, 1097, 898, 951, 974, 1179, 968, 1067, 1024, 1051, 1075, 1195, 900, 1287, 1185, 1064, 1121, 1115, 1275, 1089, 1161, 1146, 1065, 1235, 1178, 962, 1232, 1031, 879, 1186, 1053, 1025, 1295, 1046, 1138, 1072, 1151, 1081, 878, 1108, 889, 1027, 1102, 949, 895, 1032, 1041, 1289, 1143, 1242, 1154, 1086, 1066, 1293, 1210, 1043, 1119, 1132, 1249, 1224, 1058, 1211, 1198, 1218, 1197, 994, 1196, 1214, 1269, 1183, 1277, 1159, 876, 1149]]

Vehicle: 13  Cost: 0.00
Route: 1 8 -8 -1 
 1 [387   0:  0 [178, 21, 798, 773, 460, 54, 776, 429, 287, 478, 525, 285, 874, 585, 565, 207, 27, 137, 770, 158, 50, 341, 348, 816, 730, 616, 335, 176, 434, 511, 723, 661, 48, 284, 444, 394, 578, 403, 245, 576, 254, 408, 781, 862, 875, 724, 579, 132, 507, 92, 678, 743, 191, 512, 449, 676, 428, 794, 275, 19, 184, 844, 281, 355, 58, 846, 415, 166, 280, 30, 67, 364, 652, 438, 699, 721, 832, 490, 26, 410, 432, 647, 120, 379, 149, 40, 170, 244, 45, 228, 163, 180, 437, 619, 46, 433, 498, 277, 156, 282, 11, 310, 216, 416, 513, 298, 748, 388, 22, 703, 853, 531, 470, 700, 162, 243, 369, 497, 317, 404, 69, 367, 499, 639, 221, 129, 501, 209, 334, 550, 160, 274, 524, 131, 772, 774, 800, 555, 567, 186, 840, 391, 558, 786, 290, 145, 752, 843, 762, 97, 63, 480, 66, 182, 709, 262, 451, 519, 848, 707, 580, 126, 397, 409, 133, 53, 641, 860, 18, 457, 76, 111, 256, 523, 399, 503]]
 8 [  0   0:  0 []]
-8 [167   0:779 [1389, 1203, 1440, 1435, 1404, 1221, 1380, 1301, 1076, 1329, 1398, 927, 1314, 1382, 1222, 1330, 1338, 1241, 1194, 1316, 1339, 1342, 1360, 1443, 1336, 1100, 904, 1438, 1207, 1345, 1462, 1106, 1369, 1354, 941, 1346, 1418, 1433, 1465, 888, 1352, 1343, 1410, 1023, 1372, 1136, 909, 1386, 1292, 1402, 990, 1239, 1364, 1315, 1432, 1328, 1294, 1265, 1213, 1298, 929, 987, 1001, 1192, 1200, 1171, 1045, 1337, 1276, 1303, 1245, 910]]
-1 [167 779:779 [1389, 1203, 1440, 1435, 1404, 1221, 1380, 1301, 1076, 1329, 1398, 927, 1314, 1382, 1222, 1330, 1338, 1241, 1194, 1316, 1339, 1342, 1360, 1443, 1336, 1100, 904, 1438, 1207, 1345, 1462, 1106, 1369, 1354, 941, 1346, 1418, 1433, 1465, 888, 1352, 1343, 1410, 1023, 1372, 1136, 909, 1386, 1292, 1402, 990, 1239, 1364, 1315, 1432, 1328, 1294, 1265, 1213, 1298, 929, 987, 1001, 1192, 1200, 1171, 1045, 1337, 1276, 1303, 1245, 910]]

Vehicle: 14  Cost: 0.00
Route: 1 8 -8 -1 
 1 [ 16   0:  0 [64, 340, 435, 554, 426, 219, 537, 265, 423]]
 8 [  0   0:  0 []]
-8 [ 48   0:319 [938, 947, 984, 955, 915, 914, 937, 963, 882, 1048, 1022, 1101, 916, 1003, 964, 1047, 1010, 1044, 1125, 942, 1034, 1129, 1068, 1111, 917, 1127, 884]]
-1 [ 48 319:319 [938, 947, 984, 955, 915, 914, 937, 963, 882, 1048, 1022, 1101, 916, 1003, 964, 1047, 1010, 1044, 1125, 942, 1034, 1129, 1068, 1111, 917, 1127, 884]]

Vehicle: 15  Cost: 16.18
Route: 1 4 -4 -1 
 1 [302   0:  0 [610, 825, 443, 595, 740, 664, 811, 217, 803, 594, 528, 599, 733, 835, 608, 797, 587, 540, 307, 659, 297, 469, 89, 14, 75, 720, 253, 821, 239, 637, 121, 859, 79, 159, 351, 192, 485, 819, 856, 592, 342, 586, 353, 506, 292, 597, 615, 458, 235, 359, 102, 603, 648, 673, 471, 392, 173, 690, 575, 208, 402, 534, 29, 543, 289, 484, 237, 365, 440, 123, 574, 706, 70, 725, 421, 495, 546, 581, 39, 872, 331, 812, 462, 607, 400, 620, 552, 205, 473, 56, 618, 330, 405, 407, 809, 122, 520, 214, 73, 225, 106, 522, 17, 530, 793, 823, 60, 713, 212, 88, 222, 95, 356, 563, 831, 227, 398, 134, 303, 718, 373, 36, 82, 760, 541, 51, 199, 645, 656, 42, 742, 617, 628, 767, 213, 376, 135, 291]]
 4 [  0   8:  8 []]
-4 [117   8:771 [1459, 1381, 1188, 1363, 1447, 1223, 1358, 1157, 1302, 1248, 1204, 1408, 1226, 1370, 975, 1444, 1264, 1182, 1385, 1417, 991, 1268, 1283, 1366, 1376, 1375, 1454, 1142, 1290, 1451, 985, 1456, 1254, 1450, 988, 1430, 1252, 1251, 1299, 1457, 1247, 1279, 1250, 1140, 1141, 1263, 1397, 1441, 1266, 1259, 1416, 1449, 1464, 1353, 1327, 885]]
-1 [117 779:779 [1459, 1381, 1188, 1363, 1447, 1223, 1358, 1157, 1302, 1248, 1204, 1408, 1226, 1370, 975, 1444, 1264, 1182, 1385, 1417, 991, 1268, 1283, 1366, 1376, 1375, 1454, 1142, 1290, 1451, 985, 1456, 1254, 1450, 988, 1430, 1252, 1251, 1299, 1457, 1247, 1279, 1250, 1140, 1141, 1263, 1397, 1441, 1266, 1259, 1416, 1449, 1464, 1353, 1327, 885]]

Vehicle: 16  Cost: 42.42
Route: 1 6 7 -7 -1 
 1 [198   0:  0 [119, 427, 739, 337, 845, 683, 96, 679, 591, 802, 23, 627, 147, 200, 577, 406, 715, 830, 419, 308, 600, 286, 783, 539, 805, 556, 447, 78, 602, 475, 233, 746, 108, 549, 589, 634, 445, 401, 670, 766, 569, 358, 675, 630, 864, 829, 814, 459, 545, 562, 629, 636, 417, 395, 80, 249, 695, 719, 804, 621, 861, 777, 461, 260, 384, 414, 780, 820, 386, 181, 775, 371, 573, 672, 557, 283, 754, 49, 763, 324, 68, 71, 792, 801, 818, 822, 694, 865, 747, 377, 768, 510, 196, 328, 769, 824, 847, 710, 325, 231, 439, 633, 278, 476]]
 6 [149  14: 29 [119, 427, 739, 337, 845, 683, 96, 679, 591, 802, 23, 627, 147, 200, 577, 406, 715, 830, 419, 308, 600, 286, 783, 539, 805, 556, 447, 78, 602, 475, 233, 746, 108, 549, 589, 634, 445, 670, 766, 569, 358, 675, 814, 459, 545, 562, 417, 395, 80, 249, 695, 804, 621, 861, 777, 461, 260, 780, 371, 573, 672, 557, 283, 49, 324, 68, 71, 377, 768, 510, 196, 328, 769, 325, 231, 633, 278, 476]]
 7 [  0  42: 42 []]
-7 [138  42:367 [1162, 996, 1113, 1168, 1130, 1160, 965, 1131, 998, 897, 945, 925, 1083, 997, 1070, 1165, 986, 1145, 946, 967, 907, 973, 1093, 971, 1099, 905, 976, 1054, 1139, 992, 943, 1105, 1019, 1126, 1190, 1120, 982, 1170, 1164, 989, 1087, 1088, 908, 1148, 981, 1090, 1012, 1133, 956, 961, 1091, 1074, 970, 926, 893, 1147, 1036, 1181, 1073, 954, 1227, 1033, 1063, 953, 1184, 896, 995]]
-1 [138 382:382 [1162, 996, 1113, 1168, 1130, 1160, 965, 1131, 998, 897, 945, 925, 1083, 997, 1070, 1165, 986, 1145, 946, 967, 907, 973, 1093, 971, 1099, 905, 976, 1054, 1139, 992, 943, 1105, 1019, 1126, 1190, 1120, 982, 1170, 1164, 989, 1087, 1088, 908, 1148, 981, 1090, 1012, 1133, 956, 961, 1091, 1074, 970, 926, 893, 1147, 1036, 1181, 1073, 954, 1227, 1033, 1063, 953, 1184, 896, 995]]

Vehicle: 17  Cost: 0.00
Route: 1 -1 
 1 [  0   0:  0 []]
-1 [  0   0:  0 []]

Vehicle: 18  Cost: 22.30
Route: 1 2 -2 -1 
 1 [131   0:  0 [114, 381, 218, 663, 295, 62, 229, 387, 479, 152, 304, 332, 505, 296, 370, 431, 202, 90, 424, 422, 165, 345, 309, 302, 368, 293, 276, 223, 327, 509, 374, 312, 333, 361, 314, 396, 267, 248, 236, 465, 360, 518, 259, 300, 118, 533, 263, 116, 112, 572, 494, 492, 311, 240, 535, 536, 319, 483, 241, 261, 252, 84, 105, 87, 206, 504]]
 2 [  0  11: 11 []]
-2 [271  11:399 [1152, 886, 1173, 933, 913, 1078, 903, 1056, 1084, 887, 1035, 1167, 1104, 1060, 923, 1155, 1176, 1029, 1166, 1030, 1077, 978, 912, 936, 1128, 939, 894, 1017, 1175, 1055, 1180, 1061, 1000, 902, 1174, 1008, 922, 1095, 1098, 901, 1103, 1011, 892, 1014, 881, 1039, 1092, 1006, 1230, 1071, 928, 940, 1049, 1135, 1107, 1059, 1156, 969, 1085, 1110, 891, 950, 980, 979, 1042, 1205, 921, 958, 877, 952, 1004, 1169, 948, 957, 966, 1082, 960, 1021, 1028, 924, 1080, 944, 1109, 1118, 1062, 1094, 930, 1122, 1005, 890, 1219, 1057, 977, 1112, 1116, 1150, 1037, 1040, 1015]]
-1 [271 411:411 [1152, 886, 1173, 933, 913, 1078, 903, 1056, 1084, 887, 1035, 1167, 1104, 1060, 923, 1155, 1176, 1029, 1166, 1030, 1077, 978, 912, 936, 1128, 939, 894, 1017, 1175, 1055, 1180, 1061, 1000, 902, 1174, 1008, 922, 1095, 1098, 901, 1103, 1011, 892, 1014, 881, 1039, 1092, 1006, 1230, 1071, 928, 940, 1049, 1135, 1107, 1059, 1156, 969, 1085, 1110, 891, 950, 980, 979, 1042, 1205, 921, 958, 877, 952, 1004, 1169, 948, 957, 966, 1082, 960, 1021, 1028, 924, 1080, 944, 1109, 1118, 1062, 1094, 930, 1122, 1005, 890, 1219, 1057, 977, 1112, 1116, 1150, 1037, 1040, 1015]]

Vehicle: 19  Cost: 31.55
Route: 1 7 -7 -1 
 1 [183   0:  0 [686, 561, 662, 782, 873, 788, 583, 15, 538, 172, 778, 344, 37, 584, 858, 759, 38, 425, 842, 393, 693, 698, 854, 613, 568, 791, 171, 684, 43, 729, 667, 654, 125, 650, 857, 614, 727, 682, 100, 779, 696, 553, 385, 668, 606, 850, 251, 646, 177, 288, 193, 35, 488, 622, 20, 741, 299, 604, 211, 486, 246, 151, 665, 44, 315, 716, 866, 711, 852, 601, 736, 110, 828, 640, 655, 680, 651, 220, 454, 81, 570, 273, 712, 869, 737, 611, 765, 168, 194]]
 7 [  0  16: 16 []]
-7 [ 44  16:869 [1217, 1436, 1466, 1403, 1413, 1220, 1445, 1468, 1229, 1215, 1202, 1412, 1421, 1437, 1431, 1399, 1308, 1378, 1411, 1419, 1172, 1114, 1199, 1189, 1238]]
-1 [ 44 884:884 [1217, 1436, 1466, 1403, 1413, 1220, 1445, 1468, 1229, 1215, 1202, 1412, 1421, 1437, 1431, 1399, 1308, 1378, 1411, 1419, 1172, 1114, 1199, 1189, 1238]]

Vehicle: 20  Cost: 22.30
Route: 1 2 -2 -1 
 1 [227   0:  0 [294, 13, 339, 128, 86, 481, 347, 732, 487, 55, 496, 12, 612, 153, 148, 411, 34, 681, 390, 527, 329, 349, 85, 362, 203, 250, 109, 306, 198, 441, 9, 692, 590, 130, 808, 161, 757, 677, 453, 201, 784, 450, 321, 430, 855, 687, 204, 446, 785, 764, 31, 322, 41, 789, 735, 230, 169, 372, 264, 139, 188, 472, 150, 623, 91, 269, 93, 77, 266, 354, 57, 482, 336, 871, 270, 238, 24, 190, 210, 412, 870, 115, 272, 187, 598, 418, 83, 708, 271, 456, 413, 516, 517, 197, 382, 164, 72, 242]]
 2 [  0  11: 11 []]
-2 [202  11:768 [1379, 1020, 1455, 1387, 1463, 1228, 1471, 1377, 1448, 1306, 1225, 1469, 1461, 1018, 1400, 1368, 1467, 1137, 1243, 935, 1201, 1460, 1383, 1452, 1414, 1453, 1357, 1286, 1309, 1096, 1307, 1304, 1193, 1446, 1273, 1401, 1332, 1361, 911, 1348, 1281, 1258, 1371, 1374, 1305, 1212, 1285, 1367, 1262, 1270, 1312, 1236, 1257, 1384, 1335, 1177, 1233, 1334, 1351, 1208, 932, 1253, 931, 1310, 1260, 1349, 1429, 1442, 1313, 1331, 1187, 1191, 1117]]
-1 [202 779:779 [1379, 1020, 1455, 1387, 1463, 1228, 1471, 1377, 1448, 1306, 1225, 1469, 1461, 1018, 1400, 1368, 1467, 1137, 1243, 935, 1201, 1460, 1383, 1452, 1414, 1453, 1357, 1286, 1309, 1096, 1307, 1304, 1193, 1446, 1273, 1401, 1332, 1361, 911, 1348, 1281, 1258, 1371, 1374, 1305, 1212, 1285, 1367, 1262, 1270, 1312, 1236, 1257, 1384, 1335, 1177, 1233, 1334, 1351, 1208, 932, 1253, 931, 1310, 1260, 1349, 1429, 1442, 1313, 1331, 1187, 1191, 1117]]

Vehicle: 21  Cost: 0.00
Route: 1 -1 
 1 [  0   0:  0 []]
-1 [  0   0:  0 []]

Vehicle: 22  Cost: 0.00
Route: 1 8 -8 -1 
 1 [ 22   0:  0 [313, 279, 560, 378, 380, 94, 357, 226, 467, 326, 16, 366, 383, 477]]
 8 [  0   0:  0 []]
-8 [ 39   0:334 [1391, 883, 1079, 1124, 1002, 1144, 1009, 1013, 906, 1052, 934, 1123, 1026, 1007, 920, 880, 1163, 993, 1050, 1392, 1153, 983, 1016]]
-1 [ 39 334:334 [1391, 883, 1079, 1124, 1002, 1144, 1009, 1013, 906, 1052, 934, 1123, 1026, 1007, 920, 880, 1163, 993, 1050, 1392, 1153, 983, 1016]]

Vehicle: 201  Cost: 54.01
Route: 2 957 980 979 1057 1005 572 116 1056 1173 952 1135 1150 319 509 1166 891 1116 333 1122 309 370 223 1174 1176 1230 202 112 533 327 -2 
  2 [31  11: 55]
957 [36  60: 65]
980 [37  68: 73]
979 [38  74: 79]
1057 [39  83: 88]
1005 [40  89: 94]
572 [39 180:185]
116 [34 191:196]
1056 [39 197:202]
1173 [44 203:208]
952 [46 210:215]
1135 [51 217:222]
1150 [56 225:230]
319 [55 233:238]
509 [54 239:244]
1166 [55 244:249]
891 [56 251:256]
1116 [57 256:261]
333 [53 262:267]
1122 [54 268:273]
309 [53 273:278]
370 [48 278:283]
223 [43 287:292]
1174 [48 293:298]
1176 [53 298:303]
1230 [54 305:310]
202 [53 313:318]
112 [48 319:324]
533 [47 325:330]
327 [46 332:337]
 -2 [46 339:339]

Vehicle: 202  Cost: 78.46
Route: 2 890 1011 922 1049 928 958 1029 923 944 1040 1037 1039 1035 921 374 361 387 1180 936 518 1055 1103 505 261 1112 381 1175 276 886 302 465 535 1156 312 62 87 345 293 -2 
  2 [31  11: 55]
890 [32  60: 65]
1011 [37  65: 70]
922 [38  72: 77]
1049 [43  84: 89]
928 [48  90: 95]
958 [49 106:111]
1029 [54 123:128]
923 [59 133:138]
944 [62 141:146]
1040 [67 147:152]
1037 [72 152:157]
1039 [77 157:162]
1035 [82 162:167]
921 [87 169:174]
374 [86 180:185]
361 [85 185:190]
387 [84 190:195]
1180 [85 197:202]
936 [90 202:207]
518 [88 209:214]
1055 [93 215:220]
1103 [98 223:228]
505 [93 230:235]
261 [89 236:241]
1112 [94 242:247]
381 [90 250:255]
1175 [91 256:261]
276 [90 262:267]
886 [91 268:273]
302 [90 274:279]
465 [89 280:285]
535 [88 287:292]
1156 [89 292:297]
312 [86 297:302]
 62 [84 302:307]
 87 [82 308:313]
345 [81 316:321]
293 [80 321:326]
 -2 [80 330:330]

Vehicle: 203  Cost: 67.00
Route: 2 1096 932 935 188 169 1137 372 931 1177 1208 1307 1312 1309 1281 1286 1193 1383 412 418 1304 1306 41 411 322 55 1387 1384 446 83 187 349 347 339 294 623 808 250 681 496 692 1467 1461 1469 1463 1377 1446 1379 789 784 -2 
  2 [49  11: 57]
1096 [50  60: 65]
932 [54  68: 73]
935 [57  73: 78]
188 [56 180:185]
169 [55 185:190]
1137 [56 190:195]
372 [55 196:201]
931 [63 202:207]
1177 [64 212:217]
1208 [65 300:305]
1307 [66 420:425]
1312 [68 430:435]
1309 [72 438:443]
1281 [73 444:449]
1286 [74 450:455]
1193 [75 540:545]
1383 [76 545:550]
412 [75 555:560]
418 [74 565:570]
1304 [78 573:578]
1306 [81 578:583]
 41 [76 583:588]
411 [75 591:596]
322 [70 597:602]
 55 [65 605:610]
1387 [70 611:616]
1384 [75 618:623]
446 [74 623:628]
 83 [73 630:635]
187 [68 635:640]
349 [67 640:645]
347 [66 645:650]
339 [63 650:655]
294 [60 655:660]
623 [59 660:665]
808 [57 665:670]
250 [54 670:675]
681 [52 675:680]
496 [51 680:685]
692 [49 689:694]
1467 [50 700:705]
1461 [51 705:710]
1469 [52 710:715]
1463 [53 715:720]
1377 [54 721:726]
1446 [55 727:732]
1379 [58 732:737]
789 [57 739:744]
784 [56 745:750]
 -2 [56 753:753]

Vehicle: 204  Cost: 58.17
Route: 2 24 242 354 871 870 1262 1253 1310 31 1332 456 13 34 148 139 91 482 230 1357 481 487 1374 1331 1313 1335 164 453 329 1452 1414 590 757 677 764 612 1453 1401 1400 1367 732 785 735 -2 
  2 [56  11:179]
 24 [55 180:185]
242 [54 186:191]
354 [49 192:197]
871 [44 420:425]
870 [39 428:433]
1262 [44 436:441]
1253 [45 444:449]
1310 [46 450:455]
 31 [41 540:545]
1332 [42 546:551]
456 [39 552:557]
 13 [38 561:566]
 34 [37 566:571]
148 [36 572:577]
139 [35 578:583]
 91 [33 583:588]
482 [31 591:596]
230 [30 598:603]
1357 [35 604:609]
481 [32 610:615]
487 [30 616:621]
1374 [35 622:627]
1331 [37 628:633]
1313 [39 633:638]
1335 [41 638:643]
164 [38 644:649]
453 [37 651:656]
329 [35 656:661]
1452 [36 661:666]
1414 [41 667:672]
590 [40 673:678]
757 [39 679:684]
677 [38 687:692]
764 [37 695:700]
612 [36 701:706]
1453 [37 708:713]
1401 [39 714:719]
1400 [42 719:724]
1367 [46 724:729]
732 [42 731:736]
785 [41 736:741]
735 [40 742:747]
 -2 [40 750:750]

Vehicle: 205  Cost: 105.64
Route: 2 77 1117 161 527 390 72 516 413 271 272 270 269 321 130 9 441 197 204 201 198 203 1212 382 109 115 1233 472 238 150 1236 517 1191 1187 1201 1258 1260 1257 1243 1285 1270 1305 708 1361 1368 264 210 85 86 57 266 306 93 911 1225 12 362 1371 450 153 128 687 1442 1429 1448 1471 1460 1455 1018 1228 598 855 1020 430 -2 
  2 [116  11:176]
 77 [115 180:185]
1117 [116 186:191]
161 [115 193:198]
527 [111 199:204]
390 [110 206:211]
 72 [108 212:217]
516 [106 218:223]
413 [101 224:229]
271 [100 229:234]
272 [99 234:239]
270 [98 239:244]
269 [97 244:249]
321 [96 249:254]
130 [91 254:259]
  9 [86 259:264]
441 [85 264:269]
197 [80 271:276]
204 [75 276:281]
201 [70 281:286]
198 [65 286:291]
203 [60 291:296]
1212 [65 300:305]
382 [61 306:311]
109 [60 313:318]
115 [59 318:323]
1233 [64 323:328]
472 [60 329:334]
238 [59 336:341]
150 [58 342:347]
1236 [63 349:354]
517 [60 355:360]
1191 [65 365:370]
1187 [70 370:375]
1201 [75 375:380]
1258 [80 420:425]
1260 [81 425:430]
1257 [84 433:438]
1243 [89 439:444]
1285 [90 445:450]
1270 [92 454:459]
1305 [94 460:465]
708 [89 470:475]
1361 [94 540:545]
1368 [99 546:551]
264 [98 552:557]
210 [96 565:570]
 85 [92 578:583]
 86 [88 583:588]
 57 [87 590:595]
266 [86 596:601]
306 [84 604:609]
 93 [83 610:615]
911 [85 615:620]
1225 [88 620:625]
 12 [83 625:630]
362 [80 631:636]
1371 [81 636:641]
450 [80 644:649]
153 [75 649:654]
128 [74 654:659]
687 [72 660:665]
1442 [77 667:672]
1429 [78 672:677]
1448 [83 677:682]
1471 [88 682:687]
1460 [89 688:693]
1455 [91 693:698]
1018 [96 703:708]
1228 [100 708:713]
598 [97 718:723]
855 [96 729:734]
1020 [97 736:741]
430 [95 744:749]
 -2 [95 751:751]

Vehicle: 206  Cost: 5.08
Route: 2 1273 1334 190 336 1349 1348 1351 -2 
  2 [ 6  11:418]
1273 [ 7 420:425]
1334 [12 540:545]
190 [ 7 546:551]
336 [ 6 551:556]
1349 [ 7 557:562]
1348 [ 8 562:567]
1351 [11 567:572]
 -2 [11 573:573]

Vehicle: 207  Cost: 79.33
Route: 2 1006 1030 948 1095 1077 1078 1004 939 940 933 930 977 1094 1098 877 663 240 295 1109 1104 536 1062 1059 1061 1060 1084 1071 152 901 1128 1169 90 1152 1155 1205 105 504 1042 396 494 300 165 -2 
  2 [22  11: 59]
1006 [23  60: 65]
1030 [24  66: 71]
948 [25  75: 80]
1095 [29  82: 87]
1077 [31  93: 98]
1078 [33  98:103]
1004 [34 106:111]
939 [35 117:122]
940 [36 124:129]
933 [37 129:134]
930 [42 138:143]
977 [45 145:150]
1094 [47 153:158]
1098 [52 158:163]
877 [57 165:170]
663 [56 180:185]
240 [55 188:193]
295 [54 194:199]
1109 [59 202:207]
1104 [64 210:215]
536 [63 216:221]
1062 [68 224:229]
1059 [73 229:234]
1061 [77 234:239]
1060 [80 239:244]
1084 [83 247:252]
1071 [84 256:261]
152 [79 263:268]
901 [80 269:274]
1128 [81 274:279]
1169 [82 280:285]
 90 [81 286:291]
1152 [86 291:296]
1155 [88 298:303]
1205 [90 303:308]
105 [89 308:313]
504 [88 314:319]
1042 [89 322:327]
396 [86 328:333]
494 [85 336:341]
300 [84 343:348]
165 [79 348:353]
 -2 [79 354:354]

Vehicle: 208  Cost: 18.80
Route: 2 360 259 1021 966 960 1008 1080 424 912 913 903 1014 1017 248 1028 892 894 887 -2 
  2 [ 9  11:177]
360 [ 8 180:185]
259 [ 7 186:191]
1021 [10 192:197]
966 [13 197:202]
960 [14 204:209]
1008 [15 211:216]
1080 [16 216:221]
424 [11 222:227]
912 [13 229:234]
913 [15 234:239]
903 [17 240:245]
1014 [18 246:251]
1017 [19 251:256]
248 [17 257:262]
1028 [21 263:268]
892 [25 268:273]
894 [29 273:278]
887 [32 278:283]
 -2 [32 286:286]

Vehicle: 209  Cost: 49.93
Route: 2 969 1082 924 1015 950 1092 252 1107 263 236 311 206 267 483 368 1110 902 1118 1085 1167 304 978 1000 229 881 218 431 422 84 492 1219 114 296 314 241 118 479 332 -2 
  2 [38  11: 56]
969 [41  60: 65]
1082 [46  66: 71]
924 [47  72: 77]
1015 [52  78: 83]
950 [55  84: 89]
1092 [60 180:185]
252 [59 185:190]
1107 [60 191:196]
263 [55 197:202]
236 [53 202:207]
311 [52 207:212]
206 [51 213:218]
267 [49 220:225]
483 [48 225:230]
368 [47 231:236]
1110 [48 238:243]
902 [51 243:248]
1118 [52 254:259]
1085 [53 264:269]
1167 [54 270:275]
304 [53 275:280]
978 [54 281:286]
1000 [55 288:293]
229 [54 293:298]
881 [55 300:305]
218 [54 305:310]
431 [53 312:317]
422 [52 317:322]
 84 [51 322:327]
492 [46 328:333]
1219 [47 336:341]
114 [42 342:347]
296 [41 348:353]
314 [39 353:358]
241 [37 359:364]
118 [36 365:370]
479 [35 371:376]
332 [34 377:382]
 -2 [34 384:384]

Vehicle: 210  Cost: 0.00
Route: 2 -2 
  2 [ 0   0:  0]
 -2 [ 0   0:  0]

Vehicle: 211  Cost: 0.00
Route: 2 -2 
  2 [ 0   0:  0]
 -2 [ 0   0:  0]

Vehicle: 212  Cost: 0.00
Route: 2 -2 
  2 [ 0   0:  0]
 -2 [ 0   0:  0]

Vehicle: 301  Cost: 0.00
Route: 3 -3 
  3 [ 0   0:  0]
 -3 [ 0   0:  0]

Vehicle: 302  Cost: 0.00
Route: 3 -3 
  3 [ 0   0:  0]
 -3 [ 0   0:  0]

Vehicle: 401  Cost: 65.10
Route: 4 134 885 331 520 1223 356 342 1204 159 227 222 546 89 373 212 192 506 1252 1259 1283 1266 1268 1264 1254 1376 214 1226 39 988 985 975 1188 543 73 534 106 225 353 351 574 29 620 1430 991 1290 1358 1363 1457 1454 812 1408 1451 803 122 -4 
  4 [60   8:176]
134 [59 180:185]
885 [64 186:191]
331 [63 191:196]
520 [62 197:202]
1223 [63 300:305]
356 [62 306:311]
342 [57 311:316]
1204 [61 318:323]
159 [58 324:329]
227 [57 329:334]
222 [56 334:339]
546 [51 340:345]
 89 [49 345:350]
373 [48 350:355]
212 [47 355:360]
192 [46 360:365]
506 [41 366:371]
1252 [42 420:425]
1259 [44 427:432]
1283 [48 432:437]
1266 [49 440:445]
1268 [50 445:450]
1264 [51 450:455]
1254 [55 460:465]
1376 [56 540:545]
214 [55 545:550]
1226 [56 552:557]
 39 [55 558:563]
988 [56 563:568]
985 [57 568:573]
975 [58 573:578]
1188 [59 579:584]
543 [54 586:591]
 73 [50 594:599]
534 [46 600:605]
106 [45 606:611]
225 [44 612:617]
353 [43 617:622]
351 [42 622:627]
574 [41 629:634]
 29 [40 635:640]
620 [37 660:665]
1430 [42 667:672]
991 [47 673:678]
1290 [52 680:685]
1358 [57 689:694]
1363 [58 694:699]
1457 [59 700:705]
1454 [60 705:710]
812 [59 710:715]
1408 [63 717:722]
1451 [68 725:730]
803 [67 731:736]
122 [62 741:746]
 -4 [62 748:748]

Vehicle: 402  Cost: 38.70
Route: 4 173 1248 440 303 469 443 563 289 237 398 400 123 1182 235 239 462 75 14 365 1366 402 307 1381 376 1250 1247 1251 819 720 1327 673 1464 217 760 713 607 -4 
  4 [56   8:176]
173 [51 180:185]
1248 [53 420:425]
440 [51 540:545]
303 [47 546:551]
469 [46 551:556]
443 [41 556:561]
563 [40 563:568]
289 [39 569:574]
237 [37 574:579]
398 [36 580:585]
400 [35 585:590]
123 [30 591:596]
1182 [33 598:603]
235 [32 604:609]
239 [31 609:614]
462 [30 617:622]
 75 [29 622:627]
 14 [24 628:633]
365 [23 633:638]
1366 [24 638:643]
402 [19 643:648]
307 [14 648:653]
1381 [15 653:658]
376 [14 659:664]
1250 [15 664:669]
1247 [16 669:674]
1251 [17 674:679]
819 [16 679:684]
720 [15 684:689]
1327 [25 692:697]
673 [24 697:702]
1464 [25 705:710]
217 [24 711:716]
760 [23 719:724]
713 [22 731:736]
607 [21 737:742]
 -4 [21 743:743]

Vehicle: 403  Cost: 74.52
Route: 4 82 522 36 484 17 594 581 859 540 79 618 809 767 458 586 740 405 823 645 608 821 297 831 42 70 706 825 617 690 872 587 733 615 856 592 421 648 610 595 603 718 -4 
  4 [91   8:179]
 82 [90 180:185]
522 [87 187:192]
 36 [82 540:545]
484 [81 548:553]
 17 [80 554:559]
594 [79 660:665]
581 [78 666:671]
859 [73 672:677]
540 [71 678:683]
 79 [70 684:689]
618 [65 696:701]
809 [64 712:717]
767 [61 719:724]
458 [58 724:729]
586 [53 729:734]
740 [52 736:741]
405 [51 741:746]
823 [49 749:754]
645 [48 755:760]
608 [47 760:765]
821 [46 766:771]
297 [41 774:779]
831 [40 781:786]
 42 [35 792:797]
 70 [34 797:802]
706 [33 802:807]
825 [31 807:812]
617 [30 814:819]
690 [28 822:827]
872 [27 828:833]
587 [22 834:839]
733 [17 840:845]
615 [16 848:853]
856 [15 856:861]
592 [13 862:867]
421 [ 9 868:873]
648 [ 8 876:881]
610 [ 7 881:886]
595 [ 6 888:893]
603 [ 2 893:898]
718 [ 0 899:904]
 -4 [ 0 906:906]

Vehicle: 404  Cost: 32.25
Route: 4 473 541 1279 1263 253 205 1370 95 530 56 213 835 1141 1140 1142 495 1449 656 597 1299 1302 811 659 599 637 1416 1397 -4 
  4 [29   8:179]
473 [24 180:185]
541 [23 186:191]
1279 [25 420:425]
1263 [26 431:436]
253 [25 540:545]
205 [20 546:551]
1370 [21 553:558]
 95 [20 559:564]
530 [19 567:572]
 56 [14 574:579]
213 [13 579:584]
835 [12 660:665]
1141 [13 665:670]
1140 [14 670:675]
1142 [15 675:680]
495 [14 681:686]
1449 [15 688:693]
656 [13 693:698]
597 [12 698:703]
1299 [14 704:709]
1302 [15 709:714]
811 [14 716:721]
659 [13 721:726]
599 [12 727:732]
637 [11 734:739]
1416 [13 739:744]
1397 [15 744:749]
 -4 [15 752:752]

Vehicle: 405  Cost: 0.00
Route: 4 -4 
  4 [ 0   0:  0]
 -4 [ 0   0:  0]

Vehicle: 406  Cost: 0.00
Route: 4 -4 
  4 [ 0   0:  0]
 -4 [ 0   0:  0]

Vehicle: 407  Cost: 64.92
Route: 4 1157 359 292 135 392 471 291 407 330 102 575 199 208 552 88 528 485 1353 1385 60 51 121 1444 1375 1417 797 1441 742 793 1450 628 725 664 1456 1447 1459 -4 
  4 [66   8:296]
1157 [67 300:305]
359 [62 306:311]
292 [61 311:316]
135 [60 317:322]
392 [59 324:329]
471 [58 329:334]
291 [57 335:340]
407 [55 341:346]
330 [50 348:353]
102 [49 353:358]
575 [44 360:365]
199 [39 540:545]
208 [37 545:550]
552 [36 554:559]
 88 [23 560:565]
528 [18 566:571]
485 [16 575:580]
1353 [17 581:586]
1385 [18 587:592]
 60 [17 596:601]
 51 [14 606:611]
121 [10 614:619]
1444 [15 660:665]
1375 [17 667:672]
1417 [19 672:677]
797 [18 681:686]
1441 [19 690:695]
742 [18 698:703]
793 [16 706:711]
1450 [17 714:719]
628 [16 720:725]
725 [15 725:730]
664 [14 731:736]
1456 [15 738:743]
1447 [17 743:748]
1459 [19 748:753]
 -4 [19 756:756]

Vehicle: 408  Cost: 0.00
Route: 4 -4 
  4 [ 0   0:  0]
 -4 [ 0   0:  0]

Vehicle: 409  Cost: 0.00
Route: 4 -4 
  4 [ 0   0:  0]
 -4 [ 0   0:  0]

Vehicle: 410  Cost: 0.00
Route: 4 -4 
  4 [ 0   0:  0]
 -4 [ 0   0:  0]

Vehicle: 411  Cost: 0.00
Route: 4 -4 
  4 [ 0   0:  0]
 -4 [ 0   0:  0]

Vehicle: 412  Cost: 0.00
Route: 4 -4 
  4 [ 0   0:  0]
 -4 [ 0   0:  0]

Vehicle: 413  Cost: 0.00
Route: 4 -4 
  4 [ 0   0:  0]
 -4 [ 0   0:  0]

Vehicle: 414  Cost: 0.00
Route: 4 -4 
  4 [ 0   0:  0]
 -4 [ 0   0:  0]

Vehicle: 501  Cost: 0.00
Route: 5 -5 
  5 [ 0   0:  0]
 -5 [ 0   0:  0]

Vehicle: 502  Cost: 0.00
Route: 5 -5 
  5 [ 0   0:  0]
 -5 [ 0   0:  0]

Vehicle: 503  Cost: 0.00
Route: 5 -5 
  5 [ 0   0:  0]
 -5 [ 0   0:  0]

Vehicle: 504  Cost: 0.00
Route: 5 -5 
  5 [ 0   0:  0]
 -5 [ 0   0:  0]

Vehicle: 505  Cost: 0.00
Route: 5 -5 
  5 [ 0   0:  0]
 -5 [ 0   0:  0]

Vehicle: 506  Cost: 0.00
Route: 5 -5 
  5 [ 0   0:  0]
 -5 [ 0   0:  0]

Vehicle: 507  Cost: 0.00
Route: 5 -5 
  5 [ 0   0:  0]
 -5 [ 0   0:  0]

Vehicle: 508  Cost: 0.00
Route: 5 -5 
  5 [ 0   0:  0]
 -5 [ 0   0:  0]

Vehicle: 509  Cost: 0.00
Route: 5 -5 
  5 [ 0   0:  0]
 -5 [ 0   0:  0]

Vehicle: 601  Cost: 17.85
Route: 6 439 181 386 384 401 865 864 775 694 747 792 829 630 636 629 763 847 710 414 754 719 824 822 818 820 801 -6 
  6 [49  14:539]
439 [44 540:545]
181 [41 546:551]
386 [40 551:556]
384 [39 556:561]
401 [38 561:566]
865 [35 660:665]
864 [31 665:670]
775 [26 670:675]
694 [24 676:681]
747 [23 681:686]
792 [22 687:692]
829 [20 693:698]
630 [19 699:704]
636 [18 705:710]
629 [17 710:715]
763 [16 716:721]
847 [15 722:727]
710 [11 728:733]
414 [10 734:739]
754 [ 6 742:747]
719 [ 5 748:753]
824 [ 4 754:759]
822 [ 3 759:764]
818 [ 2 764:769]
820 [ 1 769:774]
801 [ 0 775:780]
 -6 [ 0 781:781]

Vehicle: 602  Cost: 0.00
Route: 6 -6 
  6 [ 0   0:  0]
 -6 [ 0   0:  0]

Vehicle: 603  Cost: 0.00
Route: 6 -6 
  6 [ 0   0:  0]
 -6 [ 0   0:  0]

Vehicle: 604  Cost: 0.00
Route: 6 -6 
  6 [ 0   0:  0]
 -6 [ 0   0:  0]

Vehicle: 605  Cost: 0.00
Route: 6 -6 
  6 [ 0   0:  0]
 -6 [ 0   0:  0]

Vehicle: 606  Cost: 0.00
Route: 6 -6 
  6 [ 0   0:  0]
 -6 [ 0   0:  0]

Vehicle: 607  Cost: 0.00
Route: 6 -6 
  6 [ 0   0:  0]
 -6 [ 0   0:  0]

Vehicle: 608  Cost: 0.00
Route: 6 -6 
  6 [ 0   0:  0]
 -6 [ 0   0:  0]

Vehicle: 701  Cost: 96.22
Route: 7 570 553 246 1199 488 393 1114 81 1215 1229 385 1238 1202 1189 741 1419 667 778 640 614 1412 1421 686 873 650 668 716 765 1437 1403 737 850 646 858 869 584 828 791 729 857 727 662 -7 
  7 [62  16:177]
570 [61 180:185]
553 [60 186:191]
246 [59 192:197]
1199 [62 300:305]
488 [61 313:318]
393 [56 320:325]
1114 [57 327:332]
 81 [56 333:338]
1215 [57 340:345]
1229 [58 346:351]
385 [57 354:359]
1238 [58 365:370]
1202 [59 420:425]
1189 [60 540:545]
741 [59 660:665]
1419 [64 668:673]
667 [61 673:678]
778 [59 683:688]
640 [58 689:694]
614 [57 695:700]
1412 [58 701:706]
1421 [60 716:721]
686 [55 722:727]
873 [54 727:732]
650 [52 733:738]
668 [51 738:743]
716 [50 750:755]
765 [49 761:766]
1437 [54 766:771]
1403 [55 771:776]
737 [52 779:784]
850 [50 785:790]
646 [49 790:795]
858 [48 798:803]
869 [47 803:808]
584 [46 810:815]
828 [41 817:822]
791 [37 824:829]
729 [32 830:835]
857 [31 836:841]
727 [26 842:847]
662 [23 848:853]
 -7 [23 854:854]

Vehicle: 702  Cost: 73.83
Route: 7 908 905 1093 1099 925 956 1073 1147 510 78 108 1164 475 147 459 1131 1130 358 278 476 539 371 1160 989 -7 
  7 [19  42: 57]
908 [24  60: 65]
905 [29  65: 70]
1093 [30  76: 81]
1099 [35  82: 87]
925 [37  89: 94]
956 [38  98:103]
1073 [39 117:122]
1147 [40 180:185]
510 [35 190:195]
 78 [32 198:203]
108 [30 206:211]
1164 [31 220:225]
475 [29 226:231]
147 [28 232:237]
459 [27 238:243]
1131 [31 244:249]
1130 [35 249:254]
358 [34 256:261]
278 [33 262:267]
476 [32 268:273]
539 [31 274:279]
371 [30 282:287]
1160 [35 288:293]
989 [38 295:300]
 -7 [38 301:301]

Vehicle: 703  Cost: 87.27
Route: 7 926 1074 1091 943 982 998 995 997 996 970 896 893 897 1012 946 1036 1088 992 549 907 249 406 1139 461 308 260 1148 1181 325 1105 577 1133 80 1126 1190 1184 286 233 71 562 -7 
  7 [21  42: 58]
926 [26  60: 65]
1074 [29  67: 72]
1091 [34  73: 78]
943 [39  79: 84]
982 [43  88: 93]
998 [44  97:102]
995 [45 103:108]
997 [46 108:113]
996 [47 113:118]
970 [48 120:125]
896 [53 127:132]
893 [54 132:137]
897 [56 137:142]
1012 [58 145:150]
946 [59 150:155]
1036 [60 157:162]
1088 [61 162:167]
992 [63 168:173]
549 [62 180:185]
907 [66 186:191]
249 [65 194:199]
406 [64 201:206]
1139 [65 206:211]
461 [64 213:218]
308 [63 219:224]
260 [62 224:229]
1148 [64 231:236]
1181 [65 241:246]
325 [64 248:253]
1105 [65 257:262]
577 [60 265:270]
1133 [61 278:283]
 80 [60 284:289]
1126 [61 297:302]
1190 [62 302:307]
1184 [63 314:319]
286 [62 319:324]
233 [61 331:336]
 71 [56 338:343]
562 [55 346:351]
 -7 [55 352:352]

Vehicle: 704  Cost: 0.00
Route: 7 -7 
  7 [ 0   0:  0]
 -7 [ 0   0:  0]

Vehicle: 705  Cost: 38.14
Route: 7 454 273 425 1172 538 211 299 220 43 20 125 251 15 44 194 37 38 110 1431 1413 736 1411 1445 711 696 852 651 613 782 1466 680 866 1308 1436 854 779 693 759 -7 
  7 [54  16:179]
454 [53 180:185]
273 [43 540:545]
425 [42 547:552]
1172 [43 552:557]
538 [42 558:563]
211 [41 564:569]
299 [40 569:574]
220 [39 575:580]
 43 [38 581:586]
 20 [37 586:591]
125 [36 591:596]
251 [31 598:603]
 15 [30 603:608]
 44 [29 609:614]
194 [28 615:620]
 37 [27 623:628]
 38 [25 629:634]
110 [24 635:640]
1431 [25 660:665]
1413 [26 666:671]
736 [25 671:676]
1411 [26 677:682]
1445 [27 682:687]
711 [26 687:692]
696 [24 693:698]
852 [23 698:703]
651 [20 704:709]
613 [19 710:715]
782 [18 715:720]
1466 [20 720:725]
680 [16 727:732]
866 [15 734:739]
1308 [16 741:746]
1436 [17 747:752]
854 [14 752:757]
779 [11 758:763]
693 [10 764:769]
759 [ 9 771:776]
 -7 [ 9 779:779]

Vehicle: 706  Cost: 70.96
Route: 7 545 231 814 591 783 739 845 746 804 672 768 805 769 675 200 49 777 715 328 695 766 589 683 621 627 802 830 861 633 670 600 634 780 602 679 23 283 -7 
  7 [65  42:177]
545 [64 180:185]
231 [63 540:545]
814 [62 660:665]
591 [57 667:672]
783 [53 673:678]
739 [52 678:683]
845 [51 685:690]
746 [49 694:699]
804 [48 700:705]
672 [47 705:710]
768 [45 711:716]
805 [44 718:723]
769 [43 724:729]
675 [42 731:736]
200 [40 736:741]
 49 [39 753:758]
777 [38 758:763]
715 [37 764:769]
328 [36 770:775]
695 [35 778:783]
766 [34 783:788]
589 [29 794:799]
683 [28 799:804]
621 [23 806:811]
627 [22 811:816]
802 [18 817:822]
830 [17 822:827]
861 [16 828:833]
633 [14 835:840]
670 [13 842:847]
600 [12 848:853]
634 [11 856:861]
780 [ 6 862:867]
602 [ 5 871:876]
679 [ 3 877:882]
 23 [ 1 883:888]
283 [ 0 891:896]
 -7 [ 0 899:899]

Vehicle: 707  Cost: 48.90
Route: 7 1070 1019 1087 954 961 981 976 971 973 967 965 1033 945 1090 1083 953 1063 1054 445 427 557 377 196 1145 1113 1120 419 1170 1165 1168 1162 417 556 337 119 447 573 569 986 1227 395 96 68 324 -7 
  7 [44  42: 57]
1070 [45  63: 68]
1019 [46  68: 73]
1087 [47  76: 81]
954 [48  85: 90]
961 [49  90: 95]
981 [50  95:100]
976 [51 100:105]
971 [52 105:110]
973 [53 110:115]
967 [54 115:120]
965 [55 120:125]
1033 [56 129:134]
945 [57 134:139]
1090 [58 140:145]
1083 [60 147:152]
953 [61 154:159]
1063 [66 160:165]
1054 [67 167:172]
445 [66 180:185]
427 [64 185:190]
557 [63 191:196]
377 [62 197:202]
196 [61 203:208]
1145 [63 208:213]
1113 [68 214:219]
1120 [69 221:226]
419 [64 226:231]
1170 [65 232:237]
1165 [69 237:242]
1168 [74 242:247]
1162 [75 247:252]
417 [74 253:258]
556 [73 260:265]
337 [70 266:271]
119 [65 271:276]
447 [62 279:284]
573 [57 285:290]
569 [52 290:295]
986 [53 295:300]
1227 [55 301:306]
395 [54 307:312]
 96 [49 313:318]
 68 [48 319:324]
324 [45 327:332]
 -7 [45 334:334]

Vehicle: 708  Cost: 73.96
Route: 7 288 151 168 171 172 177 315 1378 344 583 561 698 611 655 193 35 486 712 568 1220 1217 604 100 788 622 601 1468 682 1399 665 606 684 842 654 -7 
  7 [67  16:539]
288 [66 540:545]
151 [56 548:553]
168 [55 554:559]
171 [54 559:564]
172 [53 564:569]
177 [48 584:589]
315 [47 601:606]
1378 [48 618:623]
344 [45 623:628]
583 [44 660:665]
561 [43 666:671]
698 [41 672:677]
611 [40 677:682]
655 [35 683:688]
193 [27 689:694]
 35 [22 694:699]
486 [19 702:707]
712 [18 707:712]
568 [17 713:718]
1220 [21 718:723]
1217 [26 723:728]
604 [25 730:735]
100 [24 738:743]
788 [23 743:748]
622 [22 749:754]
601 [21 756:761]
1468 [22 763:768]
682 [20 770:775]
1399 [21 776:781]
665 [20 782:787]
606 [15 790:795]
684 [14 796:801]
842 [13 802:807]
654 [12 808:813]
 -7 [12 815:815]

Vehicle: 709  Cost: 0.00
Route: 7 -7 
  7 [ 0   0:  0]
 -7 [ 0   0:  0]

Vehicle: 710  Cost: 0.00
Route: 7 -7 
  7 [ 0   0:  0]
 -7 [ 0   0:  0]

Vehicle: 711  Cost: 0.00
Route: 7 -7 
  7 [ 0   0:  0]
 -7 [ 0   0:  0]

Vehicle: 801  Cost: 31.65
Route: 8 1269 1066 1235 1065 1081 994 962 452 571 442 1097 234 474 559 500 436 33 257 468 951 1154 1151 1158 61 542 502 389 1075 155 215 464 47 1214 1218 463 1287 -8 
  8 [41   0: 60]
1269 [46  60: 65]
1066 [51  65: 70]
1235 [56  70: 75]
1065 [61  75: 80]
1081 [62  83: 88]
994 [67  91: 96]
962 [69  96:101]
452 [64 180:185]
571 [63 185:190]
442 [58 191:196]
1097 [60 196:201]
234 [58 202:207]
474 [57 208:213]
559 [56 214:219]
500 [52 219:224]
436 [51 225:230]
 33 [50 230:235]
257 [49 237:242]
468 [47 242:247]
951 [48 248:253]
1154 [49 255:260]
1151 [50 260:265]
1158 [51 265:270]
 61 [50 270:275]
542 [49 277:282]
502 [48 284:289]
389 [47 290:295]
1075 [50 295:300]
155 [46 301:306]
215 [45 308:313]
464 [43 314:319]
 47 [42 320:325]
1214 [43 327:332]
1218 [44 332:337]
463 [39 337:342]
1287 [40 420:425]
 -8 [40 426:426]

Vehicle: 802  Cost: 33.66
Route: 8 1209 1272 1291 1255 1284 1267 1280 1278 1288 1282 1256 1350 1355 1362 1388 1373 1340 1344 1341 1356 1333 1347 175 548 268 1323 1317 1318 1320 1321 1325 1324 1326 1319 1322 1405 653 756 657 1472 582 738 1394 851 841 605 593 787 632 643 761 1415 185 625 1470 799 -8 
  8 [41   0:294]
1209 [42 300:305]
1272 [43 420:425]
1291 [44 425:430]
1255 [45 430:435]
1284 [46 435:440]
1267 [47 440:445]
1280 [48 445:450]
1278 [49 450:455]
1288 [50 455:460]
1282 [51 460:465]
1256 [52 465:470]
1350 [53 540:545]
1355 [54 545:550]
1362 [55 550:555]
1388 [56 555:560]
1373 [57 560:565]
1340 [58 565:570]
1344 [59 570:575]
1341 [60 575:580]
1356 [61 580:585]
1333 [62 585:590]
1347 [63 590:595]
175 [60 597:602]
548 [59 602:607]
268 [55 608:613]
1323 [56 615:620]
1317 [57 620:625]
1318 [58 625:630]
1320 [59 630:635]
1321 [60 635:640]
1325 [61 640:645]
1324 [62 645:650]
1326 [63 650:655]
1319 [64 655:660]
1322 [65 660:665]
1405 [70 666:671]
653 [69 672:677]
756 [64 677:682]
657 [63 683:688]
1472 [64 689:694]
582 [63 696:701]
738 [61 702:707]
1394 [64 707:712]
851 [63 713:718]
841 [62 719:724]
605 [61 725:730]
593 [57 730:735]
787 [56 736:741]
632 [55 743:748]
643 [54 749:754]
761 [49 755:760]
1415 [50 762:767]
185 [48 768:773]
625 [47 774:779]
1470 [48 779:784]
799 [43 785:790]
 -8 [43 793:793]

Vehicle: 803  Cost: 72.10
Route: 8 899 1206 224 59 350 1246 1297 258 532 1365 157 189 1359 529 375 508 32 140 146 143 141 142 138 144 544 195 588 1296 1240 1234 1237 1261 1244 1231 827 28 838 1458 697 564 833 749 691 810 1439 704 635 722 728 837 701 649 491 863 644 806 609 839 493 734 489 669 10 -8 
  8 [140   0: 57]
899 [142  60: 65]
1206 [143 300:305]
224 [142 308:313]
 59 [140 313:318]
350 [139 320:325]
1246 [140 420:425]
1297 [141 427:432]
258 [140 540:545]
532 [139 548:553]
1365 [140 555:560]
157 [139 563:568]
189 [138 573:578]
1359 [139 579:584]
529 [135 585:590]
375 [130 590:595]
508 [129 596:601]
 32 [128 603:608]
140 [123 609:614]
146 [118 614:619]
143 [113 619:624]
141 [108 624:629]
142 [103 629:634]
138 [98 634:639]
144 [93 639:644]
544 [88 647:652]
195 [83 654:659]
588 [82 660:665]
1296 [84 666:671]
1240 [86 671:676]
1234 [88 676:681]
1237 [89 681:686]
1261 [91 686:691]
1244 [92 691:696]
1231 [93 696:701]
827 [88 702:707]
 28 [86 709:714]
838 [81 715:720]
1458 [82 721:726]
697 [80 727:732]
564 [78 733:738]
833 [77 740:745]
749 [76 745:750]
691 [74 751:756]
810 [73 757:762]
1439 [74 762:767]
704 [73 768:773]
635 [72 775:780]
722 [70 781:786]
728 [69 788:793]
837 [68 794:799]
701 [67 801:806]
649 [65 806:811]
491 [60 811:816]
863 [55 817:822]
644 [54 822:827]
806 [53 828:833]
609 [50 834:839]
839 [45 841:846]
493 [40 846:851]
734 [39 854:859]
489 [38 860:865]
669 [37 865:870]
 10 [20 872:877]
 -8 [20 879:879]

Vehicle: 804  Cost: 28.36
Route: 8 323 1422 1423 1427 1424 1428 1426 1425 807 796 758 674 1406 1407 1409 1390 1420 1393 1069 753 666 685 642 626 750 795 689 702 631 714 834 744 868 813 -8 
  8 [31   0:178]
323 [30 180:185]
1422 [31 660:665]
1423 [32 665:670]
1427 [33 670:675]
1424 [34 675:680]
1428 [35 680:685]
1426 [36 685:690]
1425 [37 690:695]
807 [36 695:700]
796 [31 701:706]
758 [27 709:714]
674 [24 717:722]
1406 [25 723:728]
1407 [26 728:733]
1409 [27 733:738]
1390 [28 738:743]
1420 [29 743:748]
1393 [30 750:755]
1069 [32 755:760]
753 [31 761:766]
666 [30 766:771]
685 [29 773:778]
642 [27 778:783]
626 [26 785:790]
750 [25 790:795]
795 [24 796:801]
689 [23 801:806]
702 [22 807:812]
631 [21 812:817]
714 [20 817:822]
834 [18 822:827]
744 [17 830:835]
868 [16 836:841]
813 [15 843:848]
 -8 [15 851:851]

Vehicle: 805  Cost: 135.02
Route: 8 878 879 919 918 1053 900 898 1043 1089 1086 1031 1041 1025 1024 1038 1032 1046 999 949 1051 1134 1159 1143 1138 1146 1161 974 1058 968 343 318 320 1067 1132 895 124 1064 74 1072 1179 1108 466 1186 301 316 25 1195 65 52 514 515 1224 547 363 346 117 1232 1277 1249 1275 1242 1295 1289 1293 -8 
  8 [39   0: 47]
878 [40  60: 65]
879 [41  65: 70]
919 [42  74: 79]
918 [43  79: 84]
1053 [48  88: 93]
900 [49  93: 98]
898 [50  98:103]
1043 [51 105:110]
1089 [52 111:116]
1086 [53 118:123]
1031 [58 124:129]
1041 [59 131:136]
1025 [60 136:141]
1024 [61 141:146]
1038 [63 146:151]
1032 [64 151:156]
1046 [66 156:161]
999 [71 163:168]
949 [72 169:174]
1051 [73 176:181]
1134 [74 181:186]
1159 [75 186:191]
1143 [76 191:196]
1138 [78 196:201]
1146 [79 201:206]
1161 [80 206:211]
974 [82 212:217]
1058 [84 217:222]
968 [85 224:229]
343 [82 229:234]
318 [81 236:241]
320 [76 242:247]
1067 [77 248:253]
1132 [78 255:260]
895 [79 261:266]
124 [78 267:272]
1064 [83 273:278]
 74 [78 279:284]
1072 [79 285:290]
1179 [80 292:297]
1108 [82 299:304]
466 [79 304:309]
1186 [80 310:315]
301 [75 316:321]
316 [72 321:326]
 25 [71 327:332]
1195 [74 332:337]
 65 [73 338:343]
 52 [72 343:348]
514 [69 349:354]
515 [66 354:359]
1224 [70 360:365]
547 [69 367:372]
363 [68 375:380]
346 [67 382:387]
117 [66 393:398]
1232 [67 398:403]
1277 [68 420:425]
1249 [73 441:446]
1275 [74 461:466]
1242 [75 470:475]
1295 [76 475:480]
1289 [79 492:497]
1293 [82 501:506]
 -8 [82 516:516]

Vehicle: 806  Cost: 28.20
Route: 8 917 916 914 915 1044 1010 1068 942 1048 963 937 955 947 938 984 1047 884 882 554 964 1111 1101 423 1129 340 64 265 1127 1125 426 435 219 1022 537 1034 1003 -8 
  8 [16   0: 57]
917 [17  60: 65]
916 [18  65: 70]
914 [19  70: 75]
915 [20  75: 80]
1044 [25 120:125]
1010 [27 127:132]
1068 [28 132:137]
942 [29 137:142]
1048 [30 142:147]
963 [31 147:152]
937 [32 152:157]
955 [33 157:162]
947 [34 162:167]
938 [35 167:172]
984 [36 175:180]
1047 [37 181:186]
884 [39 186:191]
882 [40 191:196]
554 [39 197:202]
964 [40 203:208]
1111 [43 210:215]
1101 [48 215:220]
423 [47 221:226]
1129 [48 226:231]
340 [44 232:237]
 64 [43 237:242]
265 [42 243:248]
1127 [47 250:255]
1125 [52 255:260]
426 [51 260:265]
435 [50 265:270]
219 [45 271:276]
1022 [47 277:282]
537 [46 282:287]
1034 [47 289:294]
1003 [48 297:302]
 -8 [48 304:304]

Vehicle: 807  Cost: 23.73
Route: 8 876 174 1027 566 1149 255 183 232 526 167 113 1178 352 107 1102 420 338 1119 1115 1121 889 1196 1197 1198 1183 1185 1211 1210 -8 
  8 [19   0:178]
876 [20 180:185]
174 [17 185:190]
1027 [18 192:197]
566 [17 199:204]
1149 [19 206:211]
255 [18 213:218]
183 [17 218:223]
232 [16 223:228]
526 [15 229:234]
167 [14 234:239]
113 [ 9 240:245]
1178 [11 246:251]
352 [10 252:257]
107 [ 9 257:262]
1102 [12 264:269]
420 [11 271:276]
338 [ 9 277:282]
1119 [10 282:287]
1115 [11 287:292]
1121 [12 292:297]
889 [14 299:304]
1196 [17 305:310]
1197 [20 310:315]
1198 [23 315:320]
1183 [24 321:326]
1185 [25 326:331]
1211 [26 420:425]
1210 [27 425:430]
 -8 [27 430:430]

Vehicle: 808  Cost: 47.01
Route: 8 1052 1016 1007 1009 1002 934 1079 880 920 906 1050 983 1026 883 326 226 1153 1163 366 313 94 279 993 1013 357 378 1123 477 16 380 467 383 1144 560 1124 1392 1391 -8 
  8 [22   0: 55]
1052 [27  60: 65]
1016 [28  66: 71]
1007 [29  71: 76]
1009 [30  76: 81]
1002 [31  81: 86]
934 [34  87: 92]
1079 [35  94: 99]
880 [36 103:108]
920 [37 110:115]
906 [39 116:121]
1050 [40 122:127]
983 [41 129:134]
1026 [43 135:140]
883 [44 143:148]
326 [43 180:185]
226 [42 185:190]
1153 [43 192:197]
1163 [44 198:203]
366 [39 207:212]
313 [37 213:218]
 94 [34 218:223]
279 [33 225:230]
993 [34 230:235]
1013 [35 235:240]
357 [34 241:246]
378 [33 246:251]
1123 [34 252:257]
477 [33 259:264]
 16 [32 265:270]
380 [30 271:276]
467 [29 277:282]
383 [28 283:288]
1144 [29 289:294]
560 [28 294:299]
1124 [29 300:305]
1392 [34 309:314]
1391 [39 314:319]
 -8 [39 319:319]

Vehicle: 809  Cost: 49.30
Route: 8 990 567 550 182 186 1239 513 137 437 245 416 221 1316 111 1342 1339 1136 30 428 1241 501 92 21 403 470 1343 1336 616 781 676 703 1389 843 1345 800 1462 798 874 816 1207 853 1432 1435 -8 
  8 [67   0: 55]
990 [68  60: 65]
567 [67 180:185]
550 [66 185:190]
182 [61 193:198]
186 [60 199:204]
1239 [61 300:305]
513 [60 306:311]
137 [59 540:545]
437 [54 546:551]
245 [49 551:556]
416 [48 559:564]
221 [44 565:570]
1316 [45 570:575]
111 [40 575:580]
1342 [41 582:587]
1339 [42 587:592]
1136 [43 593:598]
 30 [42 600:605]
428 [41 605:610]
1241 [45 614:619]
501 [44 619:624]
 92 [39 628:633]
 21 [38 634:639]
403 [35 640:645]
470 [30 648:653]
1343 [33 653:658]
1336 [38 660:665]
616 [37 666:671]
781 [32 672:677]
676 [31 678:683]
703 [29 684:689]
1389 [34 689:694]
843 [33 695:700]
1345 [36 700:705]
800 [35 708:713]
1462 [38 713:718]
798 [36 719:724]
874 [31 724:729]
816 [30 729:734]
1207 [48 736:741]
853 [47 743:748]
1432 [48 750:755]
1435 [49 756:761]
 -8 [49 762:762]

Vehicle: 810  Cost: 82.05
Route: 8 1001 904 1292 48 433 1382 275 415 158 1369 444 11 1100 1076 1364 58 1372 163 282 786 723 724 846 1404 860 748 1440 730 1398 875 832 -8 
  8 [45   0: 59]
1001 [46  60: 65]
904 [56 120:125]
1292 [57 420:425]
 48 [56 540:545]
433 [55 551:556]
1382 [56 557:562]
275 [55 564:569]
415 [50 570:575]
158 [49 578:583]
1369 [54 588:593]
444 [53 596:601]
 11 [48 606:611]
1100 [49 614:619]
1076 [50 619:624]
1364 [51 626:631]
 58 [48 631:636]
1372 [49 638:643]
163 [38 644:649]
282 [37 652:657]
786 [36 660:665]
723 [34 666:671]
724 [32 674:679]
846 [31 680:685]
1404 [32 685:690]
860 [31 691:696]
748 [30 701:706]
1440 [35 708:713]
730 [34 717:722]
1398 [38 727:732]
875 [33 737:742]
832 [32 747:752]
 -8 [32 760:760]

Vehicle: 811  Cost: 143.33
Route: 8 176 178 399 126 277 341 499 555 228 256 929 927 449 429 460 438 394 523 216 1192 166 434 1203 404 129 507 191 391 1194 480 579 578 388 525 317 432 310 156 149 1265 1245 1294 1298 1303 707 18 290 280 457 281 50 27 511 170 76 512 1328 1330 1329 364 348 497 369 1410 743 844 1222 1221 721 752 1301 700 1465 1433 794 862 619 -8 
  8 [122   0:172]
176 [117 180:185]
178 [112 185:190]
399 [111 190:195]
126 [109 195:200]
277 [104 203:208]
341 [103 210:215]
499 [101 217:222]
555 [99 223:228]
228 [98 228:233]
256 [97 235:240]
929 [98 241:246]
927 [99 246:251]
449 [98 252:257]
429 [93 258:263]
460 [92 263:268]
438 [91 272:277]
394 [86 278:283]
523 [85 283:288]
216 [84 290:295]
1192 [85 300:305]
166 [83 305:310]
434 [78 311:316]
1203 [79 316:321]
404 [78 322:327]
129 [77 328:333]
507 [76 333:338]
191 [75 339:344]
391 [74 345:350]
1194 [75 352:357]
480 [74 359:364]
579 [73 365:370]
578 [72 370:375]
388 [70 375:380]
525 [69 381:386]
317 [68 388:393]
432 [64 393:398]
310 [59 401:406]
156 [54 408:413]
149 [52 419:424]
1265 [54 430:435]
1245 [57 437:442]
1294 [62 443:448]
1298 [67 463:468]
1303 [68 472:477]
707 [63 478:483]
 18 [53 540:545]
290 [51 546:551]
280 [48 551:556]
457 [45 557:562]
281 [43 565:570]
 50 [41 570:575]
 27 [40 575:580]
511 [39 587:592]
170 [38 594:599]
 76 [37 602:607]
512 [36 609:614]
1328 [37 616:621]
1330 [38 621:626]
1329 [39 626:631]
364 [38 632:637]
348 [37 637:642]
497 [34 643:648]
369 [33 651:656]
1410 [34 660:665]
743 [33 666:671]
844 [32 688:693]
1222 [37 694:699]
1221 [42 699:704]
721 [40 706:711]
752 [39 711:716]
1301 [40 717:722]
700 [39 723:728]
1465 [40 728:733]
1433 [44 736:741]
794 [43 742:747]
862 [42 749:754]
619 [41 756:761]
 -8 [41 764:764]

Vehicle: 812  Cost: 0.00
Route: 8 -8 
  8 [ 0   0:  0]
 -8 [ 0   0:  0]

Vehicle: 813  Cost: 78.04
Route: 8 131 287 66 519 162 524 576 531 410 1106 503 184 262 285 565 145 397 367 274 580 408 910 1045 1171 1200 409 558 244 243 209 207 53 1337 133 69 1346 334 335 67 132 478 451 26 1360 22 97 678 840 776 1418 987 585 909 1443 941 1276 1352 647 762 848 -8 
  8 [88   0:178]
131 [87 180:185]
287 [86 186:191]
 66 [85 191:196]
519 [84 199:204]
162 [83 205:210]
524 [82 210:215]
576 [77 216:221]
531 [76 221:226]
410 [71 229:234]
1106 [72 234:239]
503 [71 240:245]
184 [70 251:256]
262 [69 265:270]
285 [68 270:275]
565 [67 288:293]
145 [66 294:299]
397 [63 299:304]
367 [62 305:310]
274 [61 311:316]
580 [60 316:321]
408 [59 322:327]
910 [60 328:333]
1045 [61 333:338]
1171 [62 338:343]
1200 [63 343:348]
409 [62 349:354]
558 [61 355:360]
244 [56 361:366]
243 [55 367:372]
209 [50 540:545]
207 [45 545:550]
 53 [44 552:557]
1337 [45 557:562]
133 [40 563:568]
 69 [38 570:575]
1346 [39 578:583]
334 [34 584:589]
335 [29 589:594]
 67 [28 594:599]
132 [27 600:605]
478 [26 606:611]
451 [25 612:617]
 26 [20 617:622]
1360 [21 622:627]
 22 [20 628:633]
 97 [16 635:640]
678 [15 660:665]
840 [13 665:670]
776 [12 671:676]
1418 [13 678:683]
987 [15 684:689]
585 [14 691:696]
909 [16 696:701]
1443 [18 702:707]
941 [22 708:713]
1276 [24 713:718]
1352 [26 718:723]
647 [25 724:729]
762 [24 731:736]
848 [23 736:741]
 -8 [23 743:743]

Vehicle: 814  Cost: 55.86
Route: 8 551 154 136 1216 972 179 98 455 104 448 959 247 521 127 1300 1271 1311 1274 790 731 638 815 817 849 99 103 101 755 771 1395 1396 705 624 745 751 717 826 1434 867 671 836 658 688 596 726 660 305 -8 
  8 [72   0:179]
551 [70 180:185]
154 [69 189:194]
136 [68 198:203]
1216 [73 300:305]
972 [74 305:310]
179 [72 311:316]
 98 [68 316:321]
455 [67 322:327]
104 [65 328:333]
448 [64 333:338]
959 [67 340:345]
247 [62 346:351]
521 [61 352:357]
127 [60 357:362]
1300 [61 420:425]
1271 [66 429:434]
1311 [68 434:439]
1274 [70 440:445]
790 [69 660:665]
731 [68 666:671]
638 [67 672:677]
815 [66 677:682]
817 [64 684:689]
849 [59 692:697]
 99 [58 698:703]
103 [57 703:708]
101 [56 708:713]
755 [55 714:719]
771 [54 720:725]
1395 [55 727:732]
1396 [56 732:737]
705 [55 737:742]
624 [50 743:748]
745 [49 750:755]
751 [44 755:760]
717 [43 763:768]
826 [42 770:775]
1434 [44 776:781]
867 [43 782:787]
671 [42 789:794]
836 [41 795:800]
658 [40 800:805]
688 [38 806:811]
596 [37 811:816]
726 [36 817:822]
660 [33 822:827]
305 [23 831:836]
 -8 [23 837:837]

Vehicle: 815  Cost: 0.00
Route: 8 -8 
  8 [ 0   0:  0]
 -8 [ 0   0:  0]

Vehicle: 816  Cost: 0.00
Route: 8 -8 
  8 [ 0   0:  0]
 -8 [ 0   0:  0]

Vehicle: 817  Cost: 48.43
Route: 8 1023 1213 40 160 355 19 298 888 254 1386 1354 180 284 1314 498 63 379 1315 1380 1338 120 46 490 54 45 1438 709 661 774 772 770 773 652 699 639 641 1402 -8 
  8 [65   0: 58]
1023 [66  60: 65]
1213 [67 300:305]
 40 [62 306:311]
160 [61 312:317]
355 [60 318:323]
 19 [59 540:545]
298 [58 546:551]
888 [63 552:557]
254 [59 560:565]
1386 [60 568:573]
1354 [61 575:580]
180 [60 580:585]
284 [59 588:593]
1314 [61 595:600]
498 [60 601:606]
 63 [59 607:612]
379 [58 613:618]
1315 [61 619:624]
1380 [66 627:632]
1338 [67 634:639]
120 [66 639:644]
 46 [65 646:651]
490 [62 652:657]
 54 [58 658:663]
 45 [51 664:669]
1438 [52 670:675]
709 [51 676:681]
661 [50 682:687]
774 [45 687:692]
772 [40 692:697]
770 [35 697:702]
773 [30 702:707]
652 [29 708:713]
699 [27 715:720]
639 [26 721:726]
641 [21 728:733]
1402 [22 734:739]
 -8 [22 741:741]

Vehicle: 818  Cost: 0.00
Route: 8 -8 
  8 [ 0   0:  0]
 -8 [ 0   0:  0]

Vehicle: 819  Cost: 0.00
Route: 8 -8 
  8 [ 0   0:  0]
 -8 [ 0   0:  0]

Vehicle: 820  Cost: 0.00
Route: 8 -8 
  8 [ 0   0:  0]
 -8 [ 0   0:  0]

Vehicle: 821  Cost: 0.00
Route: 8 -8 
  8 [ 0   0:  0]
 -8 [ 0   0:  0]

Vehicle: 822  Cost: 0.00
Route: 8 -8 
  8 [ 0   0:  0]
 -8 [ 0   0:  0]

Vehicle: 823  Cost: 0.00
Route: 8 -8 
  8 [ 0   0:  0]
 -8 [ 0   0:  0]

Vehicle: 824  Cost: 0.00
Route: 8 -8 
  8 [ 0   0:  0]
 -8 [ 0   0:  0]

Vehicle: 825  Cost: 0.00
Route: 8 -8 
  8 [ 0   0:  0]
 -8 [ 0   0:  0]

Vehicle: 826  Cost: 0.00
Route: 8 -8 
  8 [ 0   0:  0]
 -8 [ 0   0:  0]

Vehicle: 827  Cost: 0.00
Route: 8 -8 
  8 [ 0   0:  0]
 -8 [ 0   0:  0]

Vehicle: 828  Cost: 0.00
Route: 8 -8 
  8 [ 0   0:  0]
 -8 [ 0   0:  0]

Vehicle: 829  Cost: 0.00
Route: 8 -8 
  8 [ 0   0:  0]
 -8 [ 0   0:  0]

Vehicle: 830  Cost: 0.00
Route: 8 -8 
  8 [ 0   0:  0]
 -8 [ 0   0:  0]

Vehicle: 831  Cost: 0.00
Route: 8 -8 
  8 [ 0   0:  0]
 -8 [ 0   0:  0]

Vehicle: 832  Cost: 0.00
Route: 8 -8 
  8 [ 0   0:  0]
 -8 [ 0   0:  0]

Vehicle: 833  Cost: 0.00
Route: 8 -8 
  8 [ 0   0:  0]
 -8 [ 0   0:  0]

Vehicle: 834  Cost: 0.00
Route: 8 -8 
  8 [ 0   0:  0]
 -8 [ 0   0:  0]

Vehicle: 835  Cost: 0.00
Route: 8 -8 
  8 [ 0   0:  0]
 -8 [ 0   0:  0]

Vehicle: 836  Cost: 0.00
Route: 8 -8 
  8 [ 0   0:  0]
 -8 [ 0   0:  0]

Vehicle: 837  Cost: 0.00
Route: 8 -8 
  8 [ 0   0:  0]
 -8 [ 0   0:  0]

Vehicle: 838  Cost: 0.00
Route: 8 -8 
  8 [ 0   0:  0]
 -8 [ 0   0:  0]

Vehicle: 839  Cost: 0.00
Route: 8 -8 
  8 [ 0   0:  0]
 -8 [ 0   0:  0]

Vehicle: 840  Cost: 0.00
Route: 8 -8 
  8 [ 0   0:  0]
 -8 [ 0   0:  0]

Vehicle: 841  Cost: 0.00
Route: 8 -8 
  8 [ 0   0:  0]
 -8 [ 0   0:  0]

Vehicle: 842  Cost: 0.00
Route: 8 -8 
  8 [ 0   0:  0]
 -8 [ 0   0:  0]

Vehicle: 843  Cost: 0.00
Route: 8 -8 
  8 [ 0   0:  0]
 -8 [ 0   0:  0]

Vehicle: 844  Cost: 0.00
Route: 8 -8 
  8 [ 0   0:  0]
 -8 [ 0   0:  0]

Vehicle: 845  Cost: 0.00
Route: 8 -8 
  8 [ 0   0:  0]
 -8 [ 0   0:  0]

Vehicle: 846  Cost: 0.00
Route: 8 -8 
  8 [ 0   0:  0]
 -8 [ 0   0:  0]

Vehicle: 847  Cost: 0.00
Route: 8 -8 
  8 [ 0   0:  0]
 -8 [ 0   0:  0]

Vehicle: 848  Cost: 0.00
Route: 8 -8 
  8 [ 0   0:  0]
 -8 [ 0   0:  0]

Vehicle: 849  Cost: 0.00
Route: 8 -8 
  8 [ 0   0:  0]
 -8 [ 0   0:  0]

Vehicle: 850  Cost: 0.00
Route: 8 -8 
  8 [ 0   0:  0]
 -8 [ 0   0:  0]

Vehicle: 851  Cost: 0.00
Route: 8 -8 
  8 [ 0   0:  0]
 -8 [ 0   0:  0]

Vehicle: 852  Cost: 0.00
Route: 8 -8 
  8 [ 0   0:  0]
 -8 [ 0   0:  0]

Vehicle: 853  Cost: 0.00
Route: 8 -8 
  8 [ 0   0:  0]
 -8 [ 0   0:  0]

Vehicle: 854  Cost: 0.00
Route: 8 -8 
  8 [ 0   0:  0]
 -8 [ 0   0:  0]

Vehicle: 855  Cost: 0.00
Route: 8 -8 
  8 [ 0   0:  0]
 -8 [ 0   0:  0]

Vehicle: 856  Cost: 0.00
Route: 8 -8 
  8 [ 0   0:  0]
 -8 [ 0   0:  0]

Vehicle: 857  Cost: 0.00
Route: 8 -8 
  8 [ 0   0:  0]
 -8 [ 0   0:  0]

Vehicle: 858  Cost: 0.00
Route: 8 -8 
  8 [ 0   0:  0]
 -8 [ 0   0:  0]

Vehicle: 859  Cost: 0.00
Route: 8 -8 
  8 [ 0   0:  0]
 -8 [ 0   0:  0]

Vehicle: 860  Cost: 0.00
Route: 8 -8 
  8 [ 0   0:  0]
 -8 [ 0   0:  0]

Vehicle: 861  Cost: 0.00
Route: 8 -8 
  8 [ 0   0:  0]
 -8 [ 0   0:  0]

Vehicle: 862  Cost: 0.00
Route: 8 -8 
  8 [ 0   0:  0]
 -8 [ 0   0:  0]

Vehicle: 863  Cost: 0.00
Route: 8 -8 
  8 [ 0   0:  0]
 -8 [ 0   0:  0]

Vehicle: 864  Cost: 0.00
Route: 8 -8 
  8 [ 0   0:  0]
 -8 [ 0   0:  0]

Vehicle: 865  Cost: 0.00
Route: 8 -8 
  8 [ 0   0:  0]
 -8 [ 0   0:  0]

Vehicle: 866  Cost: 0.00
Route: 8 -8 
  8 [ 0   0:  0]
 -8 [ 0   0:  0]

Vehicle: 867  Cost: 0.00
Route: 8 -8 
  8 [ 0   0:  0]
 -8 [ 0   0:  0]

Vehicle: 868  Cost: 0.00
Route: 8 -8 
  8 [ 0   0:  0]
 -8 [ 0   0:  0]

Vehicle: 869  Cost: 0.00
Route: 8 -8 
  8 [ 0   0:  0]
 -8 [ 0   0:  0]

Vehicle: 870  Cost: 0.00
Route: 8 -8 
  8 [ 0   0:  0]
 -8 [ 0   0:  0]

Vehicle: 871  Cost: 0.00
Route: 8 -8 
  8 [ 0   0:  0]
 -8 [ 0   0:  0]

Vehicle: 872  Cost: 0.00
Route: 8 -8 
  8 [ 0   0:  0]
 -8 [ 0   0:  0]

Vehicle: 873  Cost: 0.00
Route: 8 -8 
  8 [ 0   0:  0]
 -8 [ 0   0:  0]

Vehicle: 874  Cost: 0.00
Route: 8 -8 
  8 [ 0   0:  0]
 -8 [ 0   0:  0]

Vehicle: 875  Cost: 0.00
Route: 8 -8 
  8 [ 0   0:  0]
 -8 [ 0   0:  0]

Vehicle: 876  Cost: 0.00
Route: 8 -8 
  8 [ 0   0:  0]
 -8 [ 0   0:  0]

Vehicle: 877  Cost: 0.00
Route: 8 -8 
  8 [ 0   0:  0]
 -8 [ 0   0:  0]

Vehicle: 878  Cost: 0.00
Route: 8 -8 
  8 [ 0   0:  0]
 -8 [ 0   0:  0]

Vehicle: 879  Cost: 0.00
Route: 8 -8 
  8 [ 0   0:  0]
 -8 [ 0   0:  0]

Vehicle: 880  Cost: 0.00
Route: 8 -8 
  8 [ 0   0:  0]
 -8 [ 0   0:  0]

Vehicle: 881  Cost: 0.00
Route: 8 -8 
  8 [ 0   0:  0]
 -8 [ 0   0:  0]

Vehicle: 882  Cost: 0.00
Route: 8 -8 
  8 [ 0   0:  0]
 -8 [ 0   0:  0]

Vehicle: 883  Cost: 0.00
Route: 8 -8 
  8 [ 0   0:  0]
 -8 [ 0   0:  0]

Vehicle: 884  Cost: 0.00
Route: 8 -8 
  8 [ 0   0:  0]
 -8 [ 0   0:  0]

Vehicle: 885  Cost: 0.00
Route: 8 -8 
  8 [ 0   0:  0]
 -8 [ 0   0:  0]

Vehicle: 886  Cost: 0.00
Route: 8 -8 
  8 [ 0   0:  0]
 -8 [ 0   0:  0]

Vehicle: 887  Cost: 0.00
Route: 8 -8 
  8 [ 0   0:  0]
 -8 [ 0   0:  0]

Vehicle: 888  Cost: 0.00
Route: 8 -8 
  8 [ 0   0:  0]
 -8 [ 0   0:  0]

Vehicle: 889  Cost: 0.00
Route: 8 -8 
  8 [ 0   0:  0]
 -8 [ 0   0:  0]

Vehicle: 890  Cost: 0.00
Route: 8 -8 
  8 [ 0   0:  0]
 -8 [ 0   0:  0]

Vehicle: 891  Cost: 0.00
Route: 8 -8 
  8 [ 0   0:  0]
 -8 [ 0   0:  0]

Vehicle: 892  Cost: 0.00
Route: 8 -8 
  8 [ 0   0:  0]
 -8 [ 0   0:  0]

Vehicle: 893  Cost: 0.00
Route: 8 -8 
  8 [ 0   0:  0]
 -8 [ 0   0:  0]

Vehicle: 894  Cost: 0.00
Route: 8 -8 
  8 [ 0   0:  0]
 -8 [ 0   0:  0]

Vehicle: 895  Cost: 0.00
Route: 8 -8 
  8 [ 0   0:  0]
 -8 [ 0   0:  0]

Vehicle: 896  Cost: 0.00
Route: 8 -8 
  8 [ 0   0:  0]
 -8 [ 0   0:  0]

Vehicle: 897  Cost: 0.00
Route: 8 -8 
  8 [ 0   0:  0]
 -8 [ 0   0:  0]

Vehicle: 898  Cost: 0.00
Route: 8 -8 
  8 [ 0   0:  0]
 -8 [ 0   0:  0]

Vehicle: 899  Cost: 0.00
Route: 8 -8 
  8 [ 0   0:  0]
 -8 [ 0   0:  0]

Vehicle: 8100  Cost: 0.00
Route: 8 -8 
  8 [ 0   0:  0]
 -8 [ 0   0:  0]

Vehicle: 8101  Cost: 0.00
Route: 8 -8 
  8 [ 0   0:  0]
 -8 [ 0   0:  0]

Vehicle: 8102  Cost: 0.00
Route: 8 -8 
  8 [ 0   0:  0]
 -8 [ 0   0:  0]

Vehicle: 8103  Cost: 0.00
Route: 8 -8 
  8 [ 0   0:  0]
 -8 [ 0   0:  0]

Vehicle: 8104  Cost: 0.00
Route: 8 -8 
  8 [ 0   0:  0]
 -8 [ 0   0:  0]

Vehicle: 8105  Cost: 0.00
Route: 8 -8 
  8 [ 0   0:  0]
 -8 [ 0   0:  0]

Vehicle: 8106  Cost: 0.00
Route: 8 -8 
  8 [ 0   0:  0]
 -8 [ 0   0:  0]

Vehicle: 8107  Cost: 0.00
Route: 8 -8 
  8 [ 0   0:  0]
 -8 [ 0   0:  0]

Vehicle: 8108  Cost: 0.00
Route: 8 -8 
  8 [ 0   0:  0]
 -8 [ 0   0:  0]

Vehicle: 8109  Cost: 0.00
Route: 8 -8 
  8 [ 0   0:  0]
 -8 [ 0   0:  0]

Vehicle: 8110  Cost: 0.00
Route: 8 -8 
  8 [ 0   0:  0]
 -8 [ 0   0:  0]

Vehicle: 8111  Cost: 0.00
Route: 8 -8 
  8 [ 0   0:  0]
 -8 [ 0   0:  0]

Vehicle: 8112  Cost: 0.00
Route: 8 -8 
  8 [ 0   0:  0]
 -8 [ 0   0:  0]

Vehicle: 8113  Cost: 0.00
Route: 8 -8 
  8 [ 0   0:  0]
 -8 [ 0   0:  0]

Vehicle: 8114  Cost: 0.00
Route: 8 -8 
  8 [ 0   0:  0]
 -8 [ 0   0:  0]

Vehicle: 8115  Cost: 0.00
Route: 8 -8 
  8 [ 0   0:  0]
 -8 [ 0   0:  0]

Vehicle: 8116  Cost: 0.00
Route: 8 -8 
  8 [ 0   0:  0]
 -8 [ 0   0:  0]

Vehicle: 8117  Cost: 0.00
Route: 8 -8 
  8 [ 0   0:  0]
 -8 [ 0   0:  0]

Vehicle: 8118  Cost: 0.00
Route: 8 -8 
  8 [ 0   0:  0]
 -8 [ 0   0:  0]

Vehicle: 8119  Cost: 0.00
Route: 8 -8 
  8 [ 0   0:  0]
 -8 [ 0   0:  0]

Vehicle: 8120  Cost: 0.00
Route: 8 -8 
  8 [ 0   0:  0]
 -8 [ 0   0:  0]

Vehicle: 8121  Cost: 0.00
Route: 8 -8 
  8 [ 0   0:  0]
 -8 [ 0   0:  0]

Vehicle: 8122  Cost: 0.00
Route: 8 -8 
  8 [ 0   0:  0]
 -8 [ 0   0:  0]

Vehicle: 8123  Cost: 0.00
Route: 8 -8 
  8 [ 0   0:  0]
 -8 [ 0   0:  0]

Vehicle: 8124  Cost: 0.00
Route: 8 -8 
  8 [ 0   0:  0]
 -8 [ 0   0:  0]

Vehicle: 8125  Cost: 0.00
Route: 8 -8 
  8 [ 0   0:  0]
 -8 [ 0   0:  0]

Vehicle: 8126  Cost: 0.00
Route: 8 -8 
  8 [ 0   0:  0]
 -8 [ 0   0:  0]

Total Cost: 2290.53
 11:0.00, 284:750 [1, 8, -8, -1]
 12:0.00, 149:750 [1, 8, -8, -1]
 13:0.00, 387:750 [1, 8, -8, -1]
 14:0.00, 48:750 [1, 8, -8, -1]
 15:16.18, 302:750 [1, 4, -4, -1]
 16:42.42, 198:750 [1, 6, 7, -7, -1]
 18:22.30, 271:750 [1, 2, -2, -1]
 19:31.55, 183:750 [1, 7, -7, -1]
 20:22.30, 227:750 [1, 2, -2, -1]
 22:0.00, 39:750 [1, 8, -8, -1]
201:54.01, 57:160 [2, 957, 980, 979, 1057, 1005, 572, 116, 1056, 1173, 952, 1135, 1150, 319, 509, 1166, 891, 1116, 333, 1122, 309, 370, 223, 1174, 1176, 1230, 202, 112, 533, 327, -2]
202:78.46, 98:160 [2, 890, 1011, 922, 1049, 928, 958, 1029, 923, 944, 1040, 1037, 1039, 1035, 921, 374, 361, 387, 1180, 936, 518, 1055, 1103, 505, 261, 1112, 381, 1175, 276, 886, 302, 465, 535, 1156, 312, 62, 87, 345, 293, -2]
203:67.00, 81:160 [2, 1096, 932, 935, 188, 169, 1137, 372, 931, 1177, 1208, 1307, 1312, 1309, 1281, 1286, 1193, 1383, 412, 418, 1304, 1306, 41, 411, 322, 55, 1387, 1384, 446, 83, 187, 349, 347, 339, 294, 623, 808, 250, 681, 496, 692, 1467, 1461, 1469, 1463, 1377, 1446, 1379, 789, 784, -2]
204:58.17, 56:160 [2, 24, 242, 354, 871, 870, 1262, 1253, 1310, 31, 1332, 456, 13, 34, 148, 139, 91, 482, 230, 1357, 481, 487, 1374, 1331, 1313, 1335, 164, 453, 329, 1452, 1414, 590, 757, 677, 764, 612, 1453, 1401, 1400, 1367, 732, 785, 735, -2]
205:105.64, 116:160 [2, 77, 1117, 161, 527, 390, 72, 516, 413, 271, 272, 270, 269, 321, 130, 9, 441, 197, 204, 201, 198, 203, 1212, 382, 109, 115, 1233, 472, 238, 150, 1236, 517, 1191, 1187, 1201, 1258, 1260, 1257, 1243, 1285, 1270, 1305, 708, 1361, 1368, 264, 210, 85, 86, 57, 266, 306, 93, 911, 1225, 12, 362, 1371, 450, 153, 128, 687, 1442, 1429, 1448, 1471, 1460, 1455, 1018, 1228, 598, 855, 1020, 430, -2]
206:5.08, 12:160 [2, 1273, 1334, 190, 336, 1349, 1348, 1351, -2]
207:79.33, 90:160 [2, 1006, 1030, 948, 1095, 1077, 1078, 1004, 939, 940, 933, 930, 977, 1094, 1098, 877, 663, 240, 295, 1109, 1104, 536, 1062, 1059, 1061, 1060, 1084, 1071, 152, 901, 1128, 1169, 90, 1152, 1155, 1205, 105, 504, 1042, 396, 494, 300, 165, -2]
208:18.80, 32:160 [2, 360, 259, 1021, 966, 960, 1008, 1080, 424, 912, 913, 903, 1014, 1017, 248, 1028, 892, 894, 887, -2]
209:49.93, 60:160 [2, 969, 1082, 924, 1015, 950, 1092, 252, 1107, 263, 236, 311, 206, 267, 483, 368, 1110, 902, 1118, 1085, 1167, 304, 978, 1000, 229, 881, 218, 431, 422, 84, 492, 1219, 114, 296, 314, 241, 118, 479, 332, -2]
401:65.10, 68:160 [4, 134, 885, 331, 520, 1223, 356, 342, 1204, 159, 227, 222, 546, 89, 373, 212, 192, 506, 1252, 1259, 1283, 1266, 1268, 1264, 1254, 1376, 214, 1226, 39, 988, 985, 975, 1188, 543, 73, 534, 106, 225, 353, 351, 574, 29, 620, 1430, 991, 1290, 1358, 1363, 1457, 1454, 812, 1408, 1451, 803, 122, -4]
402:38.70, 56:160 [4, 173, 1248, 440, 303, 469, 443, 563, 289, 237, 398, 400, 123, 1182, 235, 239, 462, 75, 14, 365, 1366, 402, 307, 1381, 376, 1250, 1247, 1251, 819, 720, 1327, 673, 1464, 217, 760, 713, 607, -4]
403:74.52, 91:160 [4, 82, 522, 36, 484, 17, 594, 581, 859, 540, 79, 618, 809, 767, 458, 586, 740, 405, 823, 645, 608, 821, 297, 831, 42, 70, 706, 825, 617, 690, 872, 587, 733, 615, 856, 592, 421, 648, 610, 595, 603, 718, -4]
404:32.25, 29:160 [4, 473, 541, 1279, 1263, 253, 205, 1370, 95, 530, 56, 213, 835, 1141, 1140, 1142, 495, 1449, 656, 597, 1299, 1302, 811, 659, 599, 637, 1416, 1397, -4]
407:64.92, 67:160 [4, 1157, 359, 292, 135, 392, 471, 291, 407, 330, 102, 575, 199, 208, 552, 88, 528, 485, 1353, 1385, 60, 51, 121, 1444, 1375, 1417, 797, 1441, 742, 793, 1450, 628, 725, 664, 1456, 1447, 1459, -4]
601:17.85, 49:160 [6, 439, 181, 386, 384, 401, 865, 864, 775, 694, 747, 792, 829, 630, 636, 629, 763, 847, 710, 414, 754, 719, 824, 822, 818, 820, 801, -6]
701:96.22, 64:160 [7, 570, 553, 246, 1199, 488, 393, 1114, 81, 1215, 1229, 385, 1238, 1202, 1189, 741, 1419, 667, 778, 640, 614, 1412, 1421, 686, 873, 650, 668, 716, 765, 1437, 1403, 737, 850, 646, 858, 869, 584, 828, 791, 729, 857, 727, 662, -7]
702:73.83, 40:160 [7, 908, 905, 1093, 1099, 925, 956, 1073, 1147, 510, 78, 108, 1164, 475, 147, 459, 1131, 1130, 358, 278, 476, 539, 371, 1160, 989, -7]
703:87.27, 66:160 [7, 926, 1074, 1091, 943, 982, 998, 995, 997, 996, 970, 896, 893, 897, 1012, 946, 1036, 1088, 992, 549, 907, 249, 406, 1139, 461, 308, 260, 1148, 1181, 325, 1105, 577, 1133, 80, 1126, 1190, 1184, 286, 233, 71, 562, -7]
705:38.14, 54:160 [7, 454, 273, 425, 1172, 538, 211, 299, 220, 43, 20, 125, 251, 15, 44, 194, 37, 38, 110, 1431, 1413, 736, 1411, 1445, 711, 696, 852, 651, 613, 782, 1466, 680, 866, 1308, 1436, 854, 779, 693, 759, -7]
706:70.96, 65:160 [7, 545, 231, 814, 591, 783, 739, 845, 746, 804, 672, 768, 805, 769, 675, 200, 49, 777, 715, 328, 695, 766, 589, 683, 621, 627, 802, 830, 861, 633, 670, 600, 634, 780, 602, 679, 23, 283, -7]
707:48.90, 75:160 [7, 1070, 1019, 1087, 954, 961, 981, 976, 971, 973, 967, 965, 1033, 945, 1090, 1083, 953, 1063, 1054, 445, 427, 557, 377, 196, 1145, 1113, 1120, 419, 1170, 1165, 1168, 1162, 417, 556, 337, 119, 447, 573, 569, 986, 1227, 395, 96, 68, 324, -7]
708:73.96, 67:160 [7, 288, 151, 168, 171, 172, 177, 315, 1378, 344, 583, 561, 698, 611, 655, 193, 35, 486, 712, 568, 1220, 1217, 604, 100, 788, 622, 601, 1468, 682, 1399, 665, 606, 684, 842, 654, -7]
801:31.65, 69:160 [8, 1269, 1066, 1235, 1065, 1081, 994, 962, 452, 571, 442, 1097, 234, 474, 559, 500, 436, 33, 257, 468, 951, 1154, 1151, 1158, 61, 542, 502, 389, 1075, 155, 215, 464, 47, 1214, 1218, 463, 1287, -8]
802:33.66, 70:160 [8, 1209, 1272, 1291, 1255, 1284, 1267, 1280, 1278, 1288, 1282, 1256, 1350, 1355, 1362, 1388, 1373, 1340, 1344, 1341, 1356, 1333, 1347, 175, 548, 268, 1323, 1317, 1318, 1320, 1321, 1325, 1324, 1326, 1319, 1322, 1405, 653, 756, 657, 1472, 582, 738, 1394, 851, 841, 605, 593, 787, 632, 643, 761, 1415, 185, 625, 1470, 799, -8]
803:72.10, 143:160 [8, 899, 1206, 224, 59, 350, 1246, 1297, 258, 532, 1365, 157, 189, 1359, 529, 375, 508, 32, 140, 146, 143, 141, 142, 138, 144, 544, 195, 588, 1296, 1240, 1234, 1237, 1261, 1244, 1231, 827, 28, 838, 1458, 697, 564, 833, 749, 691, 810, 1439, 704, 635, 722, 728, 837, 701, 649, 491, 863, 644, 806, 609, 839, 493, 734, 489, 669, 10, -8]
804:28.36, 37:160 [8, 323, 1422, 1423, 1427, 1424, 1428, 1426, 1425, 807, 796, 758, 674, 1406, 1407, 1409, 1390, 1420, 1393, 1069, 753, 666, 685, 642, 626, 750, 795, 689, 702, 631, 714, 834, 744, 868, 813, -8]
805:135.02, 85:160 [8, 878, 879, 919, 918, 1053, 900, 898, 1043, 1089, 1086, 1031, 1041, 1025, 1024, 1038, 1032, 1046, 999, 949, 1051, 1134, 1159, 1143, 1138, 1146, 1161, 974, 1058, 968, 343, 318, 320, 1067, 1132, 895, 124, 1064, 74, 1072, 1179, 1108, 466, 1186, 301, 316, 25, 1195, 65, 52, 514, 515, 1224, 547, 363, 346, 117, 1232, 1277, 1249, 1275, 1242, 1295, 1289, 1293, -8]
806:28.20, 52:160 [8, 917, 916, 914, 915, 1044, 1010, 1068, 942, 1048, 963, 937, 955, 947, 938, 984, 1047, 884, 882, 554, 964, 1111, 1101, 423, 1129, 340, 64, 265, 1127, 1125, 426, 435, 219, 1022, 537, 1034, 1003, -8]
807:23.73, 27:160 [8, 876, 174, 1027, 566, 1149, 255, 183, 232, 526, 167, 113, 1178, 352, 107, 1102, 420, 338, 1119, 1115, 1121, 889, 1196, 1197, 1198, 1183, 1185, 1211, 1210, -8]
808:47.01, 44:160 [8, 1052, 1016, 1007, 1009, 1002, 934, 1079, 880, 920, 906, 1050, 983, 1026, 883, 326, 226, 1153, 1163, 366, 313, 94, 279, 993, 1013, 357, 378, 1123, 477, 16, 380, 467, 383, 1144, 560, 1124, 1392, 1391, -8]
809:49.30, 68:160 [8, 990, 567, 550, 182, 186, 1239, 513, 137, 437, 245, 416, 221, 1316, 111, 1342, 1339, 1136, 30, 428, 1241, 501, 92, 21, 403, 470, 1343, 1336, 616, 781, 676, 703, 1389, 843, 1345, 800, 1462, 798, 874, 816, 1207, 853, 1432, 1435, -8]
810:82.05, 57:160 [8, 1001, 904, 1292, 48, 433, 1382, 275, 415, 158, 1369, 444, 11, 1100, 1076, 1364, 58, 1372, 163, 282, 786, 723, 724, 846, 1404, 860, 748, 1440, 730, 1398, 875, 832, -8]
811:143.33, 122:160 [8, 176, 178, 399, 126, 277, 341, 499, 555, 228, 256, 929, 927, 449, 429, 460, 438, 394, 523, 216, 1192, 166, 434, 1203, 404, 129, 507, 191, 391, 1194, 480, 579, 578, 388, 525, 317, 432, 310, 156, 149, 1265, 1245, 1294, 1298, 1303, 707, 18, 290, 280, 457, 281, 50, 27, 511, 170, 76, 512, 1328, 1330, 1329, 364, 348, 497, 369, 1410, 743, 844, 1222, 1221, 721, 752, 1301, 700, 1465, 1433, 794, 862, 619, -8]
813:78.04, 88:160 [8, 131, 287, 66, 519, 162, 524, 576, 531, 410, 1106, 503, 184, 262, 285, 565, 145, 397, 367, 274, 580, 408, 910, 1045, 1171, 1200, 409, 558, 244, 243, 209, 207, 53, 1337, 133, 69, 1346, 334, 335, 67, 132, 478, 451, 26, 1360, 22, 97, 678, 840, 776, 1418, 987, 585, 909, 1443, 941, 1276, 1352, 647, 762, 848, -8]
814:55.86, 74:160 [8, 551, 154, 136, 1216, 972, 179, 98, 455, 104, 448, 959, 247, 521, 127, 1300, 1271, 1311, 1274, 790, 731, 638, 815, 817, 849, 99, 103, 101, 755, 771, 1395, 1396, 705, 624, 745, 751, 717, 826, 1434, 867, 671, 836, 658, 688, 596, 726, 660, 305, -8]
817:48.43, 67:160 [8, 1023, 1213, 40, 160, 355, 19, 298, 888, 254, 1386, 1354, 180, 284, 1314, 498, 63, 379, 1315, 1380, 1338, 120, 46, 490, 54, 45, 1438, 709, 661, 774, 772, 770, 773, 652, 699, 639, 641, 1402, -8]
fe: 10, se: 36

!ALNS------------
30000,2290.5321456597485,73845.413,68437.066,10,36,0.2784,0.41597222222222224,146.4,40.666666666666664
85 115 115 38 3 14 60 
2.2388679642330045 12.464553014459197 2.4739390680021516 3.6198950037423927 22.62186647767341 12.885198452867906 3.562111448082307 
45 60 52 57 66 39 69 42 
5.893449530878019 5.412801080056418 4.817711143143592 5.4217301179512045 5.840016885599374 5.226396178808645 6.492922930041827 4.8952870540583815 