--Parameters Information--
speed=350
run=1
iteration= 30000
batch=100
restartPeriod=750
largeRemovalOccurrence=500
initialLNS=250
lowerBoundSmallRemoval=4
smallRemoval=0.1
lowerBoundLargeRemoval=0.45
largeRemoval=0.55
initialWeight=1.0
decayRate=0.1
gamma1=9.0
gamma2=5.0
gamma3=2.0
gamma4=0.0
coolingRate=0.9995
temperatureControlParameter=0.05
initialAcceptanceProbability=0.5
perturbation=0.5
perturbationFactor=0.01
split=6000

Setup: Split One Time
Data: CS_2_D

Run: 1
Total Cost: 1916.25
Vehicle: 11  Cost: 0.00
Route: 1 8 -8 -1 
 1 [750   0:  0 [920, 262, 44, 874, 425, 70, 220, 186, 829, 1003, 890, 877, 155, 590, 117, 654, 929, 695, 287, 956, 463, 61, 429, 260, 934, 819, 881, 619, 1009, 644, 376, 804, 218, 350, 861, 975, 966, 503, 1020, 943, 833, 39, 313, 1019, 430, 423, 536, 422, 967, 716, 962, 907, 124, 297, 75, 680, 159, 154, 483, 1016, 915, 944, 281, 925, 265, 294, 134, 386, 970, 759, 1013, 677, 953, 763, 864, 800, 879, 746, 69, 912, 708, 318, 687, 512, 34, 616, 539, 771, 734, 650, 1029, 675, 312, 556, 940, 867, 770, 77, 994, 372, 347, 472, 711, 752, 349, 958, 990, 341, 870, 411, 1042, 933, 653, 751, 821, 813, 170, 530, 183, 705, 148, 831, 555, 991, 812, 307, 13, 889, 163, 701, 854, 754, 377, 676, 577, 338, 1021, 67, 227, 755, 40, 210, 390, 362, 375, 278, 621, 722, 225, 996, 750, 816, 213, 130, 442, 222, 114, 275, 348, 16, 443, 452, 895, 899, 369, 91, 595, 731, 88, 809, 25, 712, 504, 26, 930, 709, 160, 612, 564, 474, 719, 108, 1018, 727, 844, 378, 51, 484, 534, 981, 1006, 524, 1048, 776, 668, 187, 78, 767, 581, 173, 80, 500, 239, 295, 607, 661, 610, 356, 324, 380, 244, 139, 151, 96, 115, 352, 591, 901, 999, 535, 714, 462, 166, 120, 921, 618, 982, 121, 974, 764, 598, 599, 256, 735, 66, 747, 721, 559, 561, 243, 461, 52, 499, 742, 50, 513, 37, 58, 498, 924, 567, 628, 289, 928, 886, 887, 133, 938, 832, 704, 302, 448, 366, 435, 269, 568, 413, 445, 651, 374, 229, 667, 122, 792, 545, 465, 306, 467, 98, 276, 250, 586, 1025, 856, 335, 464, 570, 669, 68, 691, 107, 72, 251, 509, 514, 562, 518, 241, 622, 212, 92, 822, 488, 862, 1005, 371, 797, 339, 788, 441, 1043, 1004, 140, 615, 796, 1035, 85, 272, 105, 807, 343, 875, 331, 697, 972, 320, 795, 557, 419, 1014, 932, 528, 247, 617, 194, 64, 730, 364, 246, 257, 520, 392, 426, 202, 659, 511, 647, 128, 23, 102, 127, 185, 274, 893, 519, 847, 964, 182, 236, 123, 235, 266, 652, 284, 657, 248, 94, 131, 808, 753, 9, 90, 389, 515, 702, 150, 802, 671, 344, 851, 648, 459, 195, 205, 317, 801, 544, 507, 285, 261, 480, 758, 531, 762, 552, 843, 329]]
 8 [  0   0:  0 []]
-8 [190   0:379 [1514, 1606, 1593, 1570, 1572, 1564, 1573, 1056, 1625, 1605, 1596, 1609, 1437, 1571, 1069, 1523, 1577, 1493, 1611, 1524, 1603, 1588, 1567, 1595, 1628, 1578, 1617, 1323, 1580, 1501, 1627, 1582, 1601, 1608, 1468, 1139, 1101, 1450, 1100, 1613, 1435, 1619, 1594, 1506, 1089, 1602, 1481, 1508, 1495, 1510, 1610, 1152, 1426, 1503, 1054, 1480, 1632, 1576, 1438, 1600, 1440, 1558, 1536, 1429, 1384, 1590, 1442, 1529, 1474, 1621, 1059, 1574, 1581, 1068, 1618, 1533, 1155, 1622, 1626, 1500, 1534, 1451, 1469, 1538, 1055, 1128, 1355, 1629, 1584, 1630, 1171]]
-1 [190 379:379 [1514, 1606, 1593, 1570, 1572, 1564, 1573, 1056, 1625, 1605, 1596, 1609, 1437, 1571, 1069, 1523, 1577, 1493, 1611, 1524, 1603, 1588, 1567, 1595, 1628, 1578, 1617, 1323, 1580, 1501, 1627, 1582, 1601, 1608, 1468, 1139, 1101, 1450, 1100, 1613, 1435, 1619, 1594, 1506, 1089, 1602, 1481, 1508, 1495, 1510, 1610, 1152, 1426, 1503, 1054, 1480, 1632, 1576, 1438, 1600, 1440, 1558, 1536, 1429, 1384, 1590, 1442, 1529, 1474, 1621, 1059, 1574, 1581, 1068, 1618, 1533, 1155, 1622, 1626, 1500, 1534, 1451, 1469, 1538, 1055, 1128, 1355, 1629, 1584, 1630, 1171]]

Vehicle: 12  Cost: 18.42
Route: 1 7 -7 -8 -1 
 1 [559   0:  0 [126, 397, 756, 332, 363, 579, 401, 817, 506, 135, 1000, 82, 824, 254, 968, 421, 896, 945, 334, 208, 444, 415, 911, 1047, 855, 178, 684, 440, 984, 86, 811, 810, 959, 685, 15, 1046, 923, 189, 688, 456, 946, 197, 732, 490, 825, 869, 273, 60, 840, 30, 744, 978, 245, 35, 1028, 910, 437, 27, 414, 424, 1034, 1026, 698, 351, 866, 231, 396, 533, 683, 632, 783, 286, 184, 606, 588, 686, 33, 602, 109, 926, 188, 720, 418, 486, 280, 979, 765, 259, 884, 1038, 249, 466, 952, 406, 643, 10, 345, 939, 417, 1012, 725, 786, 233, 167, 613, 316, 902, 279, 398, 986, 806, 768, 583, 1031, 532, 282, 988, 439, 781, 589, 640, 963, 271, 407, 823, 745, 471, 18, 268, 216, 633, 258, 169, 634, 309, 779, 336, 137, 724, 455, 321, 342, 710, 393, 410, 340, 395, 209, 357, 478, 270, 315, 983, 637, 805, 596, 950, 1040, 405, 741, 263, 985, 432, 325, 642, 53, 113, 502, 470, 537, 226, 584, 523, 434, 543, 11, 663, 101, 408, 623, 787, 717, 152, 784, 97, 789, 43, 45, 662, 14, 84, 147, 1041, 206, 59, 645, 1017, 327, 775, 794, 454, 24, 99, 604, 242, 292, 553, 872, 277, 841, 871, 129, 728, 995, 19, 1044, 793, 477, 525, 38, 969, 433, 852, 104, 699, 475, 402, 931, 1030, 71, 785, 603, 693, 223, 145, 749, 110, 450, 898, 948, 631, 63, 883, 585, 894, 571, 540, 600, 468, 888, 860, 493, 761, 904, 865, 942, 1007, 301, 420, 664, 17, 496, 388, 658, 482, 733, 119, 174, 575, 65]]
 7 [  0   9:  9 []]
-7 [223   9:755 [1170, 1368, 1299, 1292, 1258, 1264, 1302, 1113, 1275, 1388, 1141, 1282, 1304, 1397, 1341, 1315, 1301, 1300, 1278, 1307, 1312, 1186, 1280, 1324, 1092, 1400, 1411, 1151, 1065, 1387, 1344, 1238, 1237, 1188, 1391, 1135, 1249, 1360, 1072, 1161, 1067, 1350, 1105, 1090, 1251, 1269, 1271, 1381, 1095, 1314, 1076, 1244, 1410, 1106, 1178, 1346, 1126, 1094, 1272, 1133, 1232, 1214, 1129, 1074, 1078, 1205, 1099, 1279, 1096, 1233, 1071, 1248, 1070, 1317, 1283, 1316, 1328, 1241, 1064, 1066, 1156, 1245, 1354, 1243, 1409, 1284, 1347, 1119, 1077, 1378, 1213, 1177, 1276, 1103, 1345, 1343, 1073, 1087, 1303, 1277, 1181, 1239, 1240, 1222, 1080, 1212, 1149, 1226, 1079, 1121, 1253]]
-8 [423 764:779 [1170, 1368, 1299, 1292, 1258, 1352, 1358, 1264, 1302, 1113, 1180, 1275, 1388, 1141, 1282, 1304, 1397, 1341, 1315, 1301, 1300, 1278, 1403, 1307, 1206, 1312, 1356, 1186, 1280, 1324, 1092, 1400, 1411, 1305, 1151, 1195, 1183, 1291, 1065, 1387, 1344, 1238, 1237, 1208, 1263, 1415, 1188, 1254, 1391, 1135, 1333, 1249, 1360, 1072, 1161, 1067, 1350, 1105, 1090, 1321, 1251, 1340, 1377, 1417, 1420, 1269, 1271, 1380, 1295, 1381, 1404, 1256, 1095, 1314, 1076, 1338, 1244, 1410, 1106, 1178, 1346, 1126, 1094, 1272, 1133, 1232, 1185, 1230, 1399, 1393, 1407, 1214, 1129, 1074, 1078, 1416, 1205, 1099, 1279, 1096, 1233, 1396, 1413, 1270, 1365, 1419, 1071, 1248, 1070, 1246, 1267, 1220, 1317, 1283, 1316, 1209, 1363, 1274, 1290, 1294, 1228, 1296, 1224, 1348, 1372, 1390, 1369, 1361, 1373, 1297, 1260, 1202, 1273, 1216, 1310, 1322, 1281, 1336, 1313, 1201, 1203, 1200, 1328, 1241, 1064, 1364, 1349, 1189, 1247, 1066, 1156, 1245, 1354, 1175, 1098, 1243, 1409, 1284, 1347, 1119, 1077, 1378, 1213, 1177, 1276, 1103, 1345, 1343, 1073, 1087, 1303, 1277, 1181, 1058, 1211, 1257, 1268, 1239, 1240, 1252, 1222, 1080, 1212, 1149, 1226, 1194, 1079, 1121, 1253]]
-1 [423 779:779 [1170, 1368, 1299, 1292, 1258, 1352, 1358, 1264, 1302, 1113, 1180, 1275, 1388, 1141, 1282, 1304, 1397, 1341, 1315, 1301, 1300, 1278, 1403, 1307, 1206, 1312, 1356, 1186, 1280, 1324, 1092, 1400, 1411, 1305, 1151, 1195, 1183, 1291, 1065, 1387, 1344, 1238, 1237, 1208, 1263, 1415, 1188, 1254, 1391, 1135, 1333, 1249, 1360, 1072, 1161, 1067, 1350, 1105, 1090, 1321, 1251, 1340, 1377, 1417, 1420, 1269, 1271, 1380, 1295, 1381, 1404, 1256, 1095, 1314, 1076, 1338, 1244, 1410, 1106, 1178, 1346, 1126, 1094, 1272, 1133, 1232, 1185, 1230, 1399, 1393, 1407, 1214, 1129, 1074, 1078, 1416, 1205, 1099, 1279, 1096, 1233, 1396, 1413, 1270, 1365, 1419, 1071, 1248, 1070, 1246, 1267, 1220, 1317, 1283, 1316, 1209, 1363, 1274, 1290, 1294, 1228, 1296, 1224, 1348, 1372, 1390, 1369, 1361, 1373, 1297, 1260, 1202, 1273, 1216, 1310, 1322, 1281, 1336, 1313, 1201, 1203, 1200, 1328, 1241, 1064, 1364, 1349, 1189, 1247, 1066, 1156, 1245, 1354, 1175, 1098, 1243, 1409, 1284, 1347, 1119, 1077, 1378, 1213, 1177, 1276, 1103, 1345, 1343, 1073, 1087, 1303, 1277, 1181, 1058, 1211, 1257, 1268, 1239, 1240, 1252, 1222, 1080, 1212, 1149, 1226, 1194, 1079, 1121, 1253]]

Vehicle: 13  Cost: 0.00
Route: 1 8 -8 -1 
 1 [  8   0:  0 [56, 885, 404, 563, 383]]
 8 [  0   0:  0 []]
-8 [ 38   0:777 [1165, 1163, 1259, 1110, 1255, 1236, 1062, 1187, 1052, 1088, 1061, 1389, 1167, 1158, 1075, 1083, 1157, 1164, 1159, 1207, 1235, 1234]]
-1 [ 38 777:777 [1165, 1163, 1259, 1110, 1255, 1236, 1062, 1187, 1052, 1088, 1061, 1389, 1167, 1158, 1075, 1083, 1157, 1164, 1159, 1207, 1235, 1234]]

Vehicle: 14  Cost: 0.00
Route: 1 -8 -1 
 1 [  0   0:  0 []]
-8 [ 41   0:482 [1568, 1107, 1402, 1091, 1063, 1154, 1512, 1179, 1374, 1140, 1190, 1560, 1515, 1612, 1383, 1465, 1475, 1470, 1473, 1472, 1116, 1631, 1199, 1250, 1483, 1520, 1463, 1447, 1148]]
-1 [ 41 482:482 [1568, 1107, 1402, 1091, 1063, 1154, 1512, 1179, 1374, 1140, 1190, 1560, 1515, 1612, 1383, 1465, 1475, 1470, 1473, 1472, 1116, 1631, 1199, 1250, 1483, 1520, 1463, 1447, 1148]]

Vehicle: 15  Cost: 28.78
Route: 1 5 -5 -1 
 1 [717   0:  0 [965, 224, 980, 385, 112, 636, 565, 346, 457, 116, 548, 842, 949, 971, 142, 678, 293, 522, 692, 1024, 323, 1036, 679, 729, 836, 1011, 36, 916, 403, 780, 1001, 723, 594, 384, 976, 987, 237, 304, 201, 845, 283, 873, 927, 1027, 757, 381, 992, 936, 681, 903, 827, 219, 55, 473, 876, 826, 760, 773, 400, 168, 665, 743, 1010, 125, 947, 769, 918, 630, 492, 360, 193, 696, 582, 311, 76, 494, 527, 774, 1022, 157, 597, 997, 505, 627, 521, 438, 849, 1002, 909, 820, 649, 391, 253, 937, 31, 620, 576, 203, 646, 144, 460, 554, 180, 458, 858, 614, 255, 487, 905, 453, 314, 587, 1008, 550, 638, 232, 593, 906, 834, 1045, 908, 778, 428, 132, 191, 367, 951, 868, 814, 818, 772, 12, 973, 353, 200, 476, 303, 54, 848, 853, 298, 850, 49, 736, 838, 451, 859, 690, 48, 954, 713, 485, 192, 1023, 196, 74, 573, 957, 738, 1039, 739, 766, 469, 412, 176, 914, 791, 29, 737, 672, 656, 551, 489, 726, 993, 73, 707, 715, 446, 365, 529, 782, 481, 100, 379, 703, 28, 319, 566, 62, 989, 387, 95, 330, 354, 204, 897, 491, 89, 526, 961, 857, 798, 846, 608, 328, 416, 146, 1033, 799, 47, 611, 447, 288, 635, 670, 1032, 882, 549, 296, 175, 558, 240, 508, 264, 267, 900, 181, 143, 700, 538, 689, 629, 624, 674, 601, 299, 177, 399, 497, 190, 449, 358, 777, 605, 252, 547, 837, 718, 922, 666, 41, 394, 211, 1037, 32, 106, 217, 580, 368, 165, 427, 198, 370, 310, 199, 22, 87, 300, 111, 162, 626, 501, 541, 308, 326, 625, 214, 215, 305, 373, 149, 839, 171, 919, 998, 141, 42, 20, 359, 81, 153, 118, 290, 917, 431, 179, 748, 977, 569, 913, 941, 322, 863, 21, 891, 1015, 230, 172, 578, 436, 93, 592, 880, 828, 574, 164, 660, 510, 655, 639, 355, 57, 790, 955, 83, 409, 228, 572, 682, 706, 158, 641, 560, 161, 337, 138, 156, 830, 79, 221, 495, 479, 878, 546, 234, 333, 136, 361, 291, 517, 694, 542, 516, 382, 892, 740, 238, 609, 673, 103, 207, 46, 803, 835, 815, 960, 935]]
 5 [  0  14: 14 []]
-5 [196  14:764 [1308, 1332, 1123, 1353, 1162, 1174, 1117, 1130, 1366, 1131, 1120, 1172, 1261, 1395, 1412, 1219, 1285, 1306, 1215, 1398, 1325, 1298, 1421, 1414, 1191, 1173, 1289, 1293, 1265, 1104, 1145, 1093, 1367, 1311, 1053, 1288, 1423, 1150, 1198, 1406, 1196, 1218, 1370, 1153, 1057, 1124, 1286, 1359, 1102, 1392, 1134, 1408, 1229, 1144, 1168, 1086, 1329, 1320, 1262, 1082, 1266, 1331, 1357, 1182, 1334, 1081, 1084, 1142, 1225, 1339, 1386, 1362, 1287, 1418, 1109, 1221, 1231, 1242, 1136, 1227, 1217, 1192, 1193, 1176, 1111, 1223, 1122, 1422, 1137, 1184]]
-1 [196 779:779 [1308, 1332, 1123, 1353, 1162, 1174, 1117, 1130, 1366, 1131, 1120, 1172, 1261, 1395, 1412, 1219, 1285, 1306, 1215, 1398, 1325, 1298, 1421, 1414, 1191, 1173, 1289, 1293, 1265, 1104, 1145, 1093, 1367, 1311, 1053, 1288, 1423, 1150, 1198, 1406, 1196, 1218, 1370, 1153, 1057, 1124, 1286, 1359, 1102, 1392, 1134, 1408, 1229, 1144, 1168, 1086, 1329, 1320, 1262, 1082, 1266, 1331, 1357, 1182, 1334, 1081, 1084, 1142, 1225, 1339, 1386, 1362, 1287, 1418, 1109, 1221, 1231, 1242, 1136, 1227, 1217, 1192, 1193, 1176, 1111, 1223, 1122, 1422, 1137, 1184]]

Vehicle: 16  Cost: 28.78
Route: 1 -5 -1 
 1 [  0   0:  0 []]
-5 [192  14:402 [1545, 1553, 1552, 1337, 1513, 1488, 1565, 1624, 1532, 1462, 1604, 1543, 1551, 1448, 1457, 1575, 1623, 1561, 1146, 1147, 1319, 1547, 1550, 1436, 1607, 1546, 1330, 1542, 1597, 1589, 1394, 1489, 1566, 1540, 1563, 1599, 1614, 1531, 1537, 1458, 1559, 1555, 1562, 1439, 1554, 1434, 1620, 1452, 1548, 1085, 1557, 1114, 1309, 1556, 1544, 1405, 1108, 1049, 1527, 1535, 1482, 1379, 1060, 1118, 1505, 1427, 1051, 1517, 1585, 1471, 1530, 1050, 1477, 1522, 1467, 1132, 1125, 1445, 1476, 1453, 1425, 1335, 1160]]
-1 [192 416:416 [1545, 1553, 1552, 1337, 1513, 1488, 1565, 1624, 1532, 1462, 1604, 1543, 1551, 1448, 1457, 1575, 1623, 1561, 1146, 1147, 1319, 1547, 1550, 1436, 1607, 1546, 1330, 1542, 1597, 1589, 1394, 1489, 1566, 1540, 1563, 1599, 1614, 1531, 1537, 1458, 1559, 1555, 1562, 1439, 1554, 1434, 1620, 1452, 1548, 1085, 1557, 1114, 1309, 1556, 1544, 1405, 1108, 1049, 1527, 1535, 1482, 1379, 1060, 1118, 1505, 1427, 1051, 1517, 1585, 1471, 1530, 1050, 1477, 1522, 1467, 1132, 1125, 1445, 1476, 1453, 1425, 1335, 1160]]

Vehicle: 17  Cost: 18.42
Route: 1 -7 -1 
 1 [  0   0:  0 []]
-7 [130   9:395 [1598, 1494, 1528, 1502, 1586, 1490, 1549, 1587, 1464, 1487, 1521, 1479, 1583, 1504, 1484, 1143, 1497, 1460, 1516, 1478, 1428, 1509, 1441, 1433, 1526, 1138, 1591, 1541, 1204, 1430, 1169, 1166, 1499, 1376, 1579, 1466, 1424, 1519, 1496, 1486, 1446, 1443, 1432, 1097, 1569, 1444, 1518, 1539, 1492, 1459, 1511, 1491, 1507, 1616, 1615, 1112, 1498, 1318, 1485, 1454, 1592, 1431, 1449, 1342, 1525, 1115, 1127, 1456, 1455, 1461]]
-1 [130 404:404 [1598, 1494, 1528, 1502, 1586, 1490, 1549, 1587, 1464, 1487, 1521, 1479, 1583, 1504, 1484, 1143, 1497, 1460, 1516, 1478, 1428, 1509, 1441, 1433, 1526, 1138, 1591, 1541, 1204, 1430, 1169, 1166, 1499, 1376, 1579, 1466, 1424, 1519, 1496, 1486, 1446, 1443, 1432, 1097, 1569, 1444, 1518, 1539, 1492, 1459, 1511, 1491, 1507, 1616, 1615, 1112, 1498, 1318, 1485, 1454, 1592, 1431, 1449, 1342, 1525, 1115, 1127, 1456, 1455, 1461]]

Vehicle: 18  Cost: 0.00
Route: 1 -8 -1 
 1 [  0   0:  0 []]
-8 [ 10   0:899 [1210, 1401, 1382, 1351, 1197, 1371, 1375, 1327, 1326, 1385]]
-1 [ 10 899:899 [1210, 1401, 1382, 1351, 1197, 1371, 1375, 1327, 1326, 1385]]

Vehicle: 501  Cost: 57.43
Route: 5 1453 1434 1462 1505 1532 1471 1530 1477 1436 1335 1330 1337 1488 1513 1425 1049 1445 112 554 311 201 224 1544 1556 1557 1548 1562 1555 1559 1563 1566 1550 1547 1551 1543 1565 1552 1553 1545 641 192 1147 1146 219 283 636 521 328 1132 1125 529 232 1085 -5 
  5 [21  14: 58]
1453 [22  60: 65]
1434 [23  66: 71]
1462 [24  72: 77]
1505 [25  80: 85]
1532 [26  85: 90]
1471 [27  93: 98]
1530 [28  98:103]
1477 [29 103:108]
1436 [30 117:122]
1335 [31 124:129]
1330 [32 129:134]
1337 [33 134:139]
1488 [35 140:145]
1513 [37 146:151]
1425 [38 152:157]
1049 [39 158:163]
1445 [40 164:169]
112 [39 180:185]
554 [38 186:191]
311 [37 193:198]
201 [36 204:209]
224 [33 211:216]
1544 [34 217:222]
1556 [35 222:227]
1557 [37 227:232]
1548 [38 232:237]
1562 [43 237:242]
1555 [48 242:247]
1559 [53 247:252]
1563 [58 252:257]
1566 [63 257:262]
1550 [68 262:267]
1547 [73 267:272]
1551 [78 272:277]
1543 [83 277:282]
1565 [88 282:287]
1552 [93 287:292]
1553 [98 292:297]
1545 [103 297:302]
641 [102 302:307]
192 [101 307:312]
1147 [106 312:317]
1146 [110 317:322]
219 [109 322:327]
283 [108 327:332]
636 [103 332:337]
521 [101 338:343]
328 [100 346:351]
1132 [103 353:358]
1125 [104 360:365]
529 [103 366:371]
232 [102 373:378]
1085 [103 379:384]
 -5 [103 387:387]

Vehicle: 502  Cost: 41.68
Route: 5 361 358 510 574 199 93 1086 479 46 1144 103 100 141 1134 1124 373 382 387 379 1102 1176 1266 446 1262 1320 179 177 175 436 368 566 592 252 1331 359 1408 993 954 1406 820 665 679 692 1353 1423 853 1045 876 -5 
  5 [75  14:178]
361 [74 180:185]
358 [73 185:190]
510 [70 191:196]
574 [65 196:201]
199 [64 201:206]
 93 [63 207:212]
1086 [64 300:305]
479 [63 306:311]
 46 [62 312:317]
1144 [63 319:324]
103 [62 326:331]
100 [61 331:336]
141 [59 338:343]
1134 [62 345:350]
1124 [63 350:355]
373 [62 356:361]
382 [57 362:367]
387 [52 367:372]
379 [47 372:377]
1102 [49 379:384]
1176 [50 420:425]
1266 [52 540:545]
446 [51 546:551]
1262 [52 553:558]
1320 [53 559:564]
179 [52 565:570]
177 [51 570:575]
175 [50 575:580]
436 [49 586:591]
368 [48 591:596]
566 [43 596:601]
592 [39 603:608]
252 [34 608:613]
1331 [39 613:618]
359 [28 660:665]
1408 [33 665:670]
993 [32 670:675]
954 [31 675:680]
1406 [35 680:685]
820 [33 685:690]
665 [32 690:695]
679 [31 695:700]
692 [30 700:705]
1353 [31 705:710]
1423 [36 714:719]
853 [35 721:726]
1045 [34 729:734]
876 [33 734:739]
 -5 [33 740:740]

Vehicle: 503  Cost: 67.67
Route: 5 1522 1482 1050 1379 1448 1452 1527 1531 1427 1439 1309 1319 314 253 1535 1537 576 1540 1561 1623 1575 431 428 1614 1546 1458 1457 1405 1394 1607 550 73 1517 1108 171 399 1114 391 620 1118 181 587 638 1160 -5 
  5 [30  14: 56]
1522 [31  60: 65]
1482 [32  67: 72]
1050 [33  77: 82]
1379 [35  87: 92]
1448 [36  92: 97]
1452 [39 100:105]
1527 [40 110:115]
1531 [41 122:127]
1427 [42 130:135]
1439 [43 135:140]
1309 [44 140:145]
1319 [45 145:150]
314 [44 180:185]
253 [43 185:190]
1535 [48 192:197]
1537 [49 199:204]
576 [47 204:209]
1540 [48 210:215]
1561 [49 215:220]
1623 [50 220:225]
1575 [55 225:230]
431 [53 235:240]
428 [51 240:245]
1614 [53 248:253]
1546 [58 254:259]
1458 [59 260:265]
1457 [60 265:270]
1405 [61 272:277]
1394 [62 277:282]
1607 [63 283:288]
550 [58 288:293]
 73 [56 294:299]
1517 [61 300:305]
1108 [62 307:312]
171 [61 312:317]
399 [56 318:323]
1114 [57 324:329]
391 [53 330:335]
620 [51 335:340]
1118 [55 340:345]
181 [54 346:351]
587 [53 354:359]
638 [52 360:365]
1160 [57 366:371]
 -5 [57 373:373]

Vehicle: 504  Cost: 32.96
Route: 5 1051 1467 1476 322 176 1620 412 476 384 1585 1489 385 522 157 593 1599 1542 1554 1589 1624 1604 142 1597 1060 -5 
  5 [18  14: 57]
1051 [19  60: 65]
1467 [20  67: 72]
1476 [21  72: 77]
322 [20 180:185]
176 [19 185:190]
1620 [20 191:196]
412 [15 196:201]
476 [14 205:210]
384 [13 211:216]
1585 [15 217:222]
1489 [16 224:229]
385 [15 229:234]
522 [14 235:240]
157 [ 9 241:246]
593 [ 8 247:252]
1599 [10 254:259]
1542 [15 262:267]
1554 [20 268:273]
1589 [21 274:279]
1624 [22 280:285]
1604 [27 285:290]
142 [26 293:298]
1597 [31 299:304]
1060 [32 304:309]
 -5 [32 312:312]

Vehicle: 505  Cost: 55.09
Route: 5 625 605 291 165 136 138 501 495 211 234 41 694 922 905 798 682 681 689 703 1033 845 913 842 293 715 917 880 827 834 906 777 919 951 740 961 1001 12 836 927 1008 1022 828 149 360 863 707 859 908 916 897 1027 -5 
  5 [108  14:179]
625 [107 180:185]
605 [106 186:191]
291 [101 192:197]
165 [96 197:202]
136 [93 203:208]
138 [90 208:213]
501 [85 215:220]
495 [83 221:226]
211 [81 230:235]
234 [80 235:240]
 41 [78 240:245]
694 [75 660:665]
922 [74 666:671]
905 [71 671:676]
798 [70 677:682]
682 [65 683:688]
681 [60 688:693]
689 [59 693:698]
703 [58 699:704]
1033 [56 705:710]
845 [55 711:716]
913 [54 716:721]
842 [53 722:727]
293 [52 729:734]
715 [50 735:740]
917 [48 742:747]
880 [45 749:754]
827 [44 757:762]
834 [43 763:768]
906 [42 769:774]
777 [39 776:781]
919 [37 782:787]
951 [36 788:793]
740 [35 797:802]
961 [34 803:808]
1001 [33 812:817]
 12 [32 818:823]
836 [31 824:829]
927 [30 829:834]
1008 [29 834:839]
1022 [24 840:845]
828 [22 846:851]
149 [17 852:857]
360 [15 858:863]
863 [14 864:869]
707 [12 869:874]
859 [11 874:879]
908 [10 880:885]
916 [ 9 885:890]
897 [ 5 892:897]
1027 [ 0 897:902]
 -5 [ 0 902:902]

Vehicle: 506  Cost: 55.00
Route: 5 492 303 221 240 305 508 1145 191 1150 624 608 1172 629 304 601 57 403 527 365 290 323 1093 1104 1131 1217 1227 1168 1242 370 237 609 438 1339 55 1293 29 31 460 416 49 79 1053 1122 168 1414 1421 1392 1412 1395 1418 760 826 838 116 748 696 729 909 949 706 -5 
  5 [78  14:175]
492 [77 180:185]
303 [76 185:190]
221 [75 191:196]
240 [74 196:201]
305 [73 202:207]
508 [72 208:213]
1145 [73 300:305]
191 [72 308:313]
1150 [73 315:320]
624 [71 320:325]
608 [70 328:333]
1172 [71 334:339]
629 [70 339:344]
304 [69 345:350]
601 [65 351:356]
 57 [64 356:361]
403 [62 363:368]
527 [61 368:373]
365 [60 374:379]
290 [58 380:385]
323 [57 385:390]
1093 [59 390:395]
1104 [63 395:400]
1131 [65 400:405]
1217 [68 420:425]
1227 [71 425:430]
1168 [72 432:437]
1242 [73 439:444]
370 [70 540:545]
237 [69 545:550]
609 [68 550:555]
438 [67 558:563]
1339 [68 565:570]
 55 [67 571:576]
1293 [68 577:582]
 29 [63 583:588]
 31 [58 588:593]
460 [53 594:599]
416 [45 604:609]
 49 [44 610:615]
 79 [43 615:620]
1053 [48 621:626]
1122 [49 630:635]
168 [44 635:640]
1414 [45 660:665]
1421 [46 665:670]
1392 [49 670:675]
1412 [52 675:680]
1395 [53 680:685]
1418 [54 685:690]
760 [53 690:695]
826 [52 695:700]
838 [51 700:705]
116 [48 706:711]
748 [47 711:716]
696 [46 716:721]
729 [41 721:726]
909 [39 726:731]
949 [38 737:742]
706 [37 742:747]
 -5 [37 748:748]

Vehicle: 507  Cost: 58.66
Route: 5 516 656 296 87 214 449 1120 1117 611 319 497 144 1137 1142 565 158 572 255 1130 355 353 649 614 551 354 487 1162 1218 1221 1109 83 81 74 76 20 367 594 1286 1285 62 48 494 548 36 162 560 597 1329 1325 1357 1359 850 848 830 791 914 1422 846 1039 941 1370 -5 
  5 [104  14:179]
516 [103 180:185]
656 [102 185:190]
296 [101 191:196]
 87 [96 197:202]
214 [95 203:208]
449 [94 211:216]
1120 [95 300:305]
1117 [98 305:310]
611 [97 311:316]
319 [96 317:322]
497 [95 323:328]
144 [94 328:333]
1137 [98 334:339]
1142 [100 339:344]
565 [98 344:349]
158 [96 350:355]
572 [95 356:361]
255 [92 364:369]
1130 [93 370:375]
355 [92 376:381]
353 [91 381:386]
649 [90 387:392]
614 [89 392:397]
551 [85 398:403]
354 [83 405:410]
487 [78 411:416]
1162 [83 417:422]
1218 [84 422:427]
1221 [88 428:433]
1109 [97 480:485]
 83 [92 540:545]
 81 [87 545:550]
 74 [82 550:555]
 76 [77 555:560]
 20 [75 562:567]
367 [70 568:573]
594 [65 574:579]
1286 [66 580:585]
1285 [67 585:590]
 62 [66 592:597]
 48 [65 598:603]
494 [60 603:608]
548 [55 608:613]
 36 [54 614:619]
162 [51 621:626]
560 [49 627:632]
597 [46 636:641]
1329 [48 641:646]
1325 [49 648:653]
1357 [53 660:665]
1359 [58 665:670]
850 [57 672:677]
848 [56 678:683]
830 [51 683:688]
791 [49 689:694]
914 [48 695:700]
1422 [53 701:706]
846 [52 706:711]
1039 [50 712:717]
941 [49 717:722]
1370 [50 722:727]
 -5 [50 730:730]

Vehicle: 508  Cost: 52.28
Route: 5 106 298 193 569 330 660 655 400 1084 670 546 547 198 541 207 308 673 674 672 578 558 526 337 639 427 394 267 635 481 21 190 1265 1261 1215 1057 1298 180 54 95 161 1288 333 1287 238 132 288 989 987 736 935 947 778 469 766 739 738 857 737 891 1362 743 -5 
  5 [82  14:179]
106 [81 180:185]
298 [80 188:193]
193 [76 194:199]
569 [75 201:206]
330 [74 206:211]
660 [73 213:218]
655 [72 218:223]
400 [67 223:228]
1084 [68 228:233]
670 [67 235:240]
546 [64 241:246]
547 [63 246:251]
198 [62 252:257]
541 [61 258:263]
207 [60 263:268]
308 [55 269:274]
673 [54 274:279]
674 [53 279:284]
672 [52 284:289]
578 [51 290:295]
558 [50 295:300]
526 [49 300:305]
337 [48 306:311]
639 [47 314:319]
427 [46 319:324]
394 [41 324:329]
267 [40 329:334]
635 [39 334:339]
481 [34 540:545]
 21 [33 546:551]
190 [31 552:557]
1265 [32 558:563]
1261 [33 563:568]
1215 [35 569:574]
1057 [36 574:579]
1298 [37 580:585]
180 [36 587:592]
 54 [33 593:598]
 95 [28 598:603]
161 [26 604:609]
1288 [27 610:615]
333 [26 617:622]
1287 [27 624:629]
238 [26 630:635]
132 [25 637:642]
288 [24 644:649]
989 [23 660:665]
987 [22 665:670]
736 [21 672:677]
935 [20 678:683]
947 [19 683:688]
778 [18 690:695]
469 [17 697:702]
766 [16 702:707]
739 [15 707:712]
738 [14 712:717]
857 [13 718:723]
737 [12 725:730]
891 [11 731:736]
1362 [12 736:741]
743 [10 742:747]
 -5 [10 747:747]

Vehicle: 509  Cost: 54.52
Route: 5 164 1111 1123 47 125 143 491 1173 573 196 200 204 203 230 215 485 346 1174 549 1136 381 630 1184 28 146 1289 646 42 627 473 1311 1306 1308 1153 582 489 217 228 409 299 89 1332 690 965 678 773 960 980 992 936 718 903 918 937 542 -5 
  5 [85  14:178]
164 [84 180:185]
1111 [85 300:305]
1123 [86 305:310]
 47 [85 312:317]
125 [83 317:322]
143 [82 323:328]
491 [80 328:333]
1173 [81 334:339]
573 [78 341:346]
196 [73 347:352]
200 [68 352:357]
204 [67 358:363]
203 [66 363:368]
230 [65 369:374]
215 [64 375:380]
485 [62 380:385]
346 [58 387:392]
1174 [59 392:397]
549 [58 397:402]
1136 [59 403:408]
381 [57 409:414]
630 [52 415:420]
1184 [53 420:425]
 28 [52 540:545]
146 [48 546:551]
1289 [49 554:559]
646 [48 559:564]
 42 [43 566:571]
627 [42 572:577]
473 [37 578:583]
1311 [38 584:589]
1306 [39 589:594]
1308 [40 594:599]
1153 [41 600:605]
582 [36 606:611]
489 [33 611:616]
217 [32 616:621]
228 [31 622:627]
409 [30 628:633]
299 [29 633:638]
 89 [28 640:645]
1332 [29 660:665]
690 [27 666:671]
965 [26 673:678]
678 [25 680:685]
773 [24 687:692]
960 [23 692:697]
980 [22 698:703]
992 [21 703:708]
936 [20 709:714]
718 [19 717:722]
903 [18 723:728]
918 [17 730:735]
937 [15 736:741]
542 [12 743:748]
 -5 [12 749:749]

Vehicle: 510  Cost: 44.53
Route: 5 538 172 1182 1231 1229 1219 1196 1198 1191 1193 22 1334 300 156 111 1223 1225 264 118 580 723 1398 769 726 1011 837 1367 1366 1010 780 799 971 818 976 -5 
  5 [37  14:177]
538 [36 180:185]
172 [35 186:191]
1182 [36 420:425]
1231 [37 427:432]
1229 [38 434:439]
1219 [40 442:447]
1196 [43 448:453]
1198 [46 453:458]
1191 [50 458:463]
1193 [52 467:472]
 22 [51 540:545]
1334 [56 546:551]
300 [51 551:556]
156 [50 556:561]
111 [49 562:567]
1223 [69 571:576]
1225 [74 576:581]
264 [73 585:590]
118 [68 591:596]
580 [63 596:601]
723 [62 660:665]
1398 [63 665:670]
769 [62 671:676]
726 [61 677:682]
1011 [60 682:687]
837 [59 689:694]
1367 [60 696:701]
1366 [61 701:706]
1010 [60 708:713]
780 [59 713:718]
799 [57 719:724]
971 [56 727:732]
818 [55 732:737]
976 [50 738:743]
 -5 [50 747:747]

Vehicle: 511  Cost: 40.47
Route: 5 517 626 782 839 1002 1024 1036 803 849 1037 900 451 453 458 457 505 774 153 1032 998 873 700 973 878 1023 892 666 882 955 772 858 868 713 790 977 1015 815 814 757 957 835 -5 
  5 [69  14:179]
517 [68 180:185]
626 [67 185:190]
782 [66 660:665]
839 [62 667:672]
1002 [59 673:678]
1024 [54 678:683]
1036 [53 684:689]
803 [52 691:696]
849 [51 698:703]
1037 [50 705:710]
900 [49 710:715]
451 [48 717:722]
453 [47 722:727]
458 [46 727:732]
457 [45 732:737]
505 [44 737:742]
774 [43 743:748]
153 [38 748:753]
1032 [37 754:759]
998 [36 759:764]
873 [35 764:769]
700 [34 770:775]
973 [33 775:780]
878 [32 783:788]
1023 [31 789:794]
892 [26 795:800]
666 [25 800:805]
882 [20 806:811]
955 [19 813:818]
772 [14 819:824]
858 [13 825:830]
868 [12 831:836]
713 [11 836:841]
790 [10 842:847]
977 [ 9 848:853]
1015 [ 8 853:858]
815 [ 7 860:865]
814 [ 6 865:870]
757 [ 5 870:875]
957 [ 4 876:881]
835 [ 0 882:887]
 -5 [ 0 892:892]

Vehicle: 512  Cost: 10.35
Route: 5 326 447 310 1192 32 1386 1081 1082 997 -5 
  5 [10  29:178]
326 [ 7 180:185]
447 [ 5 185:190]
310 [ 4 192:197]
1192 [ 5 420:425]
 32 [ 4 540:545]
1386 [ 5 660:665]
1081 [ 6 666:671]
1082 [ 7 671:676]
997 [ 4 676:681]
 -5 [ 4 683:683]

Vehicle: 701  Cost: 51.18
Route: 7 454 1129 1099 145 407 99 216 455 10 17 19 226 18 233 417 418 1243 1245 342 15 401 1272 1282 27 35 1177 1178 1186 1302 279 273 490 147 286 1105 1317 632 280 321 1026 693 1360 1300 1368 1378 1381 749 756 855 860 968 -7 
  7 [85   9:177]
454 [82 180:185]
1129 [83 300:305]
1099 [84 305:310]
145 [83 311:316]
407 [77 317:322]
 99 [76 323:328]
216 [75 328:333]
455 [70 334:339]
 10 [65 343:348]
 17 [60 350:355]
 19 [55 355:360]
226 [54 360:365]
 18 [49 365:370]
233 [48 370:375]
417 [43 379:384]
418 [38 384:389]
1243 [48 480:485]
1245 [68 485:490]
342 [66 540:545]
 15 [65 546:551]
401 [64 553:558]
1272 [65 559:564]
1282 [66 565:570]
 27 [65 571:576]
 35 [60 576:581]
1177 [61 584:589]
1178 [62 589:594]
1186 [63 594:599]
1302 [64 601:606]
279 [63 607:612]
273 [62 612:617]
490 [61 617:622]
147 [60 624:629]
286 [57 630:635]
1105 [59 636:641]
1317 [60 642:647]
632 [59 648:653]
280 [58 653:658]
321 [57 659:664]
1026 [52 664:669]
693 [51 670:675]
1360 [56 675:680]
1300 [57 682:687]
1368 [62 687:692]
1378 [64 694:699]
1381 [65 699:704]
749 [64 704:709]
756 [59 710:715]
855 [57 715:720]
860 [56 720:725]
968 [55 726:731]
 -7 [55 736:736]

Vehicle: 702  Cost: 52.75
Route: 7 1113 1119 486 482 1087 1096 231 1151 1094 631 493 475 525 363 398 263 152 1121 1126 1141 1222 1244 1226 1251 1249 1328 1344 1341 1275 1258 579 405 575 584 1284 1307 1077 1279 1074 1280 1278 1232 589 543 397 1409 1346 1040 710 910 1315 1017 683 866 1345 984 699 -7 
  7 [56   9:298]
1113 [57 300:305]
1119 [60 307:312]
486 [59 313:318]
482 [54 319:324]
1087 [55 324:329]
1096 [56 330:335]
231 [54 335:340]
1151 [55 341:346]
1094 [62 347:352]
631 [61 353:358]
493 [60 364:369]
475 [58 369:374]
525 [54 374:379]
363 [49 379:384]
398 [48 390:395]
263 [47 396:401]
152 [42 402:407]
1121 [43 409:414]
1126 [44 414:419]
1141 [45 419:424]
1222 [46 424:429]
1244 [47 430:435]
1226 [48 437:442]
1251 [53 443:448]
1249 [54 449:454]
1328 [55 540:545]
1344 [56 545:550]
1341 [57 550:555]
1275 [58 555:560]
1258 [59 560:565]
579 [58 566:571]
405 [57 571:576]
575 [54 578:583]
584 [51 583:588]
1284 [56 590:595]
1307 [61 595:600]
1077 [64 600:605]
1279 [66 605:610]
1074 [67 610:615]
1280 [69 615:620]
1278 [71 620:625]
1232 [76 625:630]
589 [71 631:636]
543 [70 637:642]
397 [69 642:647]
1409 [74 660:665]
1346 [77 666:671]
1040 [76 673:678]
710 [75 680:685]
910 [72 685:690]
1315 [73 691:696]
1017 [71 697:702]
683 [70 702:707]
866 [69 709:714]
1345 [70 715:720]
984 [69 721:726]
699 [66 728:733]
 -7 [66 736:736]

Vehicle: 703  Cost: 34.96
Route: 7 496 664 1095 327 645 1248 1149 1133 1161 1135 1212 1213 1214 1253 1240 1239 1303 1276 1233 1314 1271 1269 1237 1238 1324 1312 1301 1299 662 1031 1411 1397 926 686 741 1387 1400 1388 1044 685 825 948 -7 
  7 [28   9:175]
496 [26 180:185]
664 [25 186:191]
1095 [27 300:305]
327 [26 306:311]
645 [25 312:317]
1248 [30 420:425]
1149 [33 427:432]
1133 [35 432:437]
1161 [37 437:442]
1135 [40 442:447]
1212 [42 450:455]
1213 [44 455:460]
1214 [46 460:465]
1253 [47 468:473]
1240 [48 540:545]
1239 [49 545:550]
1303 [50 550:555]
1276 [51 555:560]
1233 [52 560:565]
1314 [53 565:570]
1271 [54 570:575]
1269 [55 575:580]
1237 [56 580:585]
1238 [57 585:590]
1324 [62 590:595]
1312 [63 595:600]
1301 [64 600:605]
1299 [65 605:610]
662 [62 610:615]
1031 [57 660:665]
1411 [60 665:670]
1397 [62 670:675]
926 [61 677:682]
686 [60 684:689]
741 [56 693:698]
1387 [57 698:703]
1400 [58 703:708]
1388 [59 708:713]
1044 [54 715:720]
685 [52 722:727]
825 [51 728:733]
948 [50 734:739]
 -7 [50 740:740]

Vehicle: 704  Cost: 69.68
Route: 7 197 14 109 506 1067 1072 1080 1079 1073 1066 1064 1070 1071 1078 1076 1065 271 1106 415 1103 110 604 606 270 1156 258 532 1092 600 477 1170 393 533 1090 583 468 249 1316 1277 71 432 440 53 24 178 332 540 1264 59 309 208 84 86 82 995 728 805 1347 1354 1350 414 1410 1304 883 871 -7 
  7 [80   9:178]
197 [77 180:185]
 14 [75 185:190]
109 [74 190:195]
506 [73 196:201]
1067 [74 204:209]
1072 [77 209:214]
1080 [78 214:219]
1079 [79 221:226]
1073 [80 226:231]
1066 [81 231:236]
1064 [82 236:241]
1070 [83 241:246]
1071 [84 246:251]
1078 [85 251:256]
1076 [86 256:261]
1065 [87 261:266]
271 [86 267:272]
1106 [88 300:305]
415 [87 305:310]
1103 [88 312:317]
110 [87 317:322]
604 [85 323:328]
606 [84 328:333]
270 [83 334:339]
1156 [84 341:346]
258 [83 346:351]
532 [78 352:357]
1092 [81 357:362]
600 [80 362:367]
477 [76 368:373]
1170 [79 373:378]
393 [76 378:383]
533 [75 384:389]
1090 [78 389:394]
583 [77 396:401]
468 [76 403:408]
249 [75 540:545]
1316 [77 549:554]
1277 [78 563:568]
 71 [76 568:573]
432 [71 573:578]
440 [70 580:585]
 53 [69 594:599]
 24 [64 600:605]
178 [61 605:610]
332 [57 612:617]
540 [56 618:623]
1264 [57 624:629]
 59 [56 631:636]
309 [55 636:641]
208 [54 641:646]
 84 [53 647:652]
 86 [52 652:657]
 82 [51 657:662]
995 [46 662:667]
728 [41 669:674]
805 [40 676:681]
1347 [45 683:688]
1354 [46 688:693]
1350 [47 695:700]
414 [44 701:706]
1410 [45 707:712]
1304 [46 712:717]
883 [45 717:722]
871 [40 723:728]
 -7 [40 730:730]

Vehicle: 705  Cost: 42.81
Route: 7 1205 1188 1241 277 60 1181 588 45 33 456 43 406 1283 424 38 537 437 167 1343 30 1292 259 983 725 1030 794 963 744 979 978 745 1391 -7 
  7 [51   9:417]
1205 [56 420:425]
1188 [57 427:432]
1241 [58 436:441]
277 [53 540:545]
 60 [52 547:552]
1181 [53 553:558]
588 [52 559:564]
 45 [48 569:574]
 33 [45 577:582]
456 [44 582:587]
 43 [39 589:594]
406 [34 594:599]
1283 [35 601:606]
424 [33 607:612]
 38 [30 614:619]
537 [29 619:624]
437 [28 626:631]
167 [23 631:636]
1343 [24 637:642]
 30 [23 643:648]
1292 [24 648:653]
259 [23 655:660]
983 [22 660:665]
725 [21 666:671]
1030 [19 671:676]
794 [18 677:682]
963 [17 683:688]
744 [16 690:695]
979 [15 695:700]
978 [14 701:706]
745 [11 707:712]
1391 [12 713:718]
 -7 [12 719:719]

Vehicle: 706  Cost: 56.79
Route: 7 420 478 242 11 523 783 698 869 810 942 188 724 1012 896 806 787 945 396 129 126 1034 902 959 888 732 946 781 1047 931 840 894 985 986 245 688 640 137 135 1000 950 1041 733 811 334 -7 
  7 [80   9:176]
420 [78 180:185]
478 [77 540:545]
242 [74 547:552]
 11 [73 552:557]
523 [72 557:562]
783 [71 660:665]
698 [70 665:670]
869 [69 672:677]
810 [67 677:682]
942 [66 682:687]
188 [65 687:692]
724 [62 695:700]
1012 [61 700:705]
896 [57 707:712]
806 [56 713:718]
787 [55 719:724]
945 [54 725:730]
396 [53 731:736]
129 [48 738:743]
126 [43 743:748]
1034 [42 750:755]
902 [41 758:763]
959 [40 764:769]
888 [39 770:775]
732 [37 776:781]
946 [36 782:787]
781 [34 787:792]
1047 [33 793:798]
931 [31 799:804]
840 [30 808:813]
894 [29 818:823]
985 [27 823:828]
986 [26 828:833]
245 [25 833:838]
688 [24 838:843]
640 [23 845:850]
137 [18 857:862]
135 [13 862:867]
1000 [12 869:874]
950 [ 7 874:879]
1041 [ 6 880:885]
733 [ 5 886:891]
811 [ 4 893:898]
334 [ 0 899:904]
 -7 [ 0 906:906]

Vehicle: 707  Cost: 60.35
Route: 7 1507 1433 1431 1518 1521 1498 1496 1499 1497 1342 1318 1441 1204 1461 1428 1511 351 1443 585 421 1598 450 184 395 642 1549 254 596 634 1484 1591 1583 1586 1485 1486 189 1487 553 633 209 408 602 113 -7 
  7 [36   9: 59]
1507 [37  60: 65]
1433 [38  67: 72]
1431 [39  72: 77]
1518 [41  79: 84]
1521 [43  85: 90]
1498 [45  94: 99]
1496 [46  99:104]
1499 [47 104:109]
1497 [49 109:114]
1342 [50 117:122]
1318 [52 122:127]
1441 [53 133:138]
1204 [63 139:144]
1461 [64 146:151]
1428 [69 151:156]
1511 [70 163:168]
351 [69 180:185]
1443 [70 191:196]
585 [69 198:203]
421 [66 203:208]
1598 [67 208:213]
450 [66 214:219]
184 [62 219:224]
395 [61 224:229]
642 [56 230:235]
1549 [57 236:241]
254 [56 241:246]
596 [53 246:251]
634 [52 253:258]
1484 [53 260:265]
1591 [55 269:274]
1583 [57 274:279]
1586 [59 279:284]
1485 [61 284:289]
1486 [63 289:294]
189 [62 294:299]
1487 [64 299:304]
553 [59 306:311]
633 [58 313:318]
209 [56 320:325]
408 [55 326:331]
602 [52 332:337]
113 [50 339:344]
 -7 [50 346:346]

Vehicle: 708  Cost: 60.19
Route: 7 1432 1464 1424 1478 1509 1479 1526 1528 1446 1460 1519 1449 1491 1492 1490 1494 1466 1444 1430 402 169 1592 1579 1587 439 97 1615 1541 316 1502 623 1376 1504 466 1454 1539 104 1569 1516 1097 223 1127 1115 1112 1138 1143 1166 119 603 444 345 301 -7 
  7 [22   9: 57]
1432 [23  60: 65]
1464 [25  68: 73]
1424 [26  73: 78]
1478 [27  80: 85]
1509 [29  86: 91]
1479 [30  92: 97]
1526 [32  99:104]
1528 [34 104:109]
1446 [35 111:116]
1460 [36 117:122]
1519 [37 123:128]
1449 [38 129:134]
1491 [39 136:141]
1492 [40 141:146]
1490 [41 146:151]
1494 [42 151:156]
1466 [43 156:161]
1444 [45 164:169]
1430 [47 171:176]
402 [45 180:185]
169 [42 186:191]
1592 [44 192:197]
1579 [47 197:202]
1587 [51 202:207]
439 [49 208:213]
 97 [48 215:220]
1615 [53 224:229]
1541 [54 230:235]
316 [52 237:242]
1502 [53 242:247]
623 [52 248:253]
1376 [53 254:259]
1504 [54 260:265]
466 [53 265:270]
1454 [55 271:276]
1539 [56 278:283]
104 [53 284:289]
1569 [55 290:295]
1516 [58 296:301]
1097 [60 304:309]
223 [59 311:316]
1127 [60 316:321]
1115 [61 322:327]
1112 [64 327:332]
1138 [66 332:337]
1143 [67 337:342]
1166 [68 343:348]
119 [67 348:353]
603 [65 354:359]
444 [64 359:364]
345 [63 365:370]
301 [62 371:376]
 -7 [62 380:380]

Vehicle: 709  Cost: 55.03
Route: 7 292 388 174 434 65 884 785 969 865 268 823 1038 613 471 282 904 761 939 325 872 841 852 717 793 1028 720 911 1007 988 779 63 784 768 817 898 952 789 786 1046 684 775 824 765 923 -7 
  7 [97   9:178]
292 [96 180:185]
388 [91 540:545]
174 [90 547:552]
434 [85 552:557]
 65 [82 557:562]
884 [77 660:665]
785 [75 666:671]
969 [72 671:676]
865 [71 677:682]
268 [69 682:687]
823 [67 687:692]
1038 [64 693:698]
613 [61 698:703]
471 [59 704:709]
282 [57 709:714]
904 [56 715:720]
761 [55 720:725]
939 [54 728:733]
325 [53 735:740]
872 [48 740:745]
841 [43 749:754]
852 [40 755:760]
717 [38 761:766]
793 [33 767:772]
1028 [32 773:778]
720 [31 779:784]
911 [26 784:789]
1007 [25 792:797]
988 [24 800:805]
779 [23 806:811]
 63 [22 811:816]
784 [21 817:822]
768 [20 822:827]
817 [19 828:833]
898 [18 837:842]
952 [17 843:848]
789 [15 849:854]
786 [12 854:859]
1046 [11 860:865]
684 [10 866:871]
775 [ 8 873:878]
824 [ 7 884:889]
765 [ 5 890:895]
923 [ 0 896:901]
 -7 [ 0 904:904]

Vehicle: 710  Cost: 19.28
Route: 7 1525 315 1616 357 571 101 206 643 1455 1456 1459 340 410 470 663 502 1169 433 637 658 336 -7 
  7 [24   9: 58]
1525 [25  60: 65]
315 [24 180:185]
1616 [25 185:190]
357 [24 190:195]
571 [23 196:201]
101 [22 203:208]
206 [21 210:215]
643 [19 216:221]
1455 [24 221:226]
1456 [29 226:231]
1459 [34 231:236]
340 [33 237:242]
410 [30 242:247]
470 [29 247:252]
663 [28 254:259]
502 [27 259:264]
1169 [28 300:305]
433 [25 305:310]
637 [24 311:316]
658 [23 317:322]
336 [18 323:328]
 -7 [18 331:331]

Vehicle: 801  Cost: 31.11
Route: 8 1577 377 1625 294 445 1584 1613 1601 1578 1603 1596 1581 1582 1580 374 124 96 1437 117 1595 435 1171 1152 160 1632 -8 
  8 [19   0:178]
1577 [24 180:185]
377 [23 190:195]
1625 [24 195:200]
294 [23 201:206]
445 [21 210:215]
1584 [22 217:222]
1613 [23 222:227]
1601 [24 227:232]
1578 [25 232:237]
1603 [26 237:242]
1596 [27 242:247]
1581 [29 250:255]
1582 [32 255:260]
1580 [34 260:265]
374 [29 268:273]
124 [24 274:279]
 96 [23 281:286]
1437 [24 286:291]
117 [23 292:297]
1595 [28 298:303]
435 [27 304:309]
1171 [28 309:314]
1152 [32 315:320]
160 [30 321:326]
1632 [35 329:334]
 -8 [35 334:334]

Vehicle: 802  Cost: 51.46
Route: 8 1159 480 194 507 372 338 1110 285 616 115 383 556 229 441 628 121 78 1175 1185 339 1211 50 257 1338 58 1259 520 1004 719 721 1420 705 1419 1396 1416 1404 1417 893 235 247 1377 -8 
  8 [41   0:295]
1159 [42 300:305]
480 [41 307:312]
194 [40 312:317]
507 [35 318:323]
372 [34 324:329]
338 [33 330:335]
1110 [34 335:340]
285 [33 340:345]
616 [32 347:352]
115 [31 353:358]
383 [28 358:363]
556 [27 365:370]
229 [25 373:378]
441 [24 379:384]
628 [23 385:390]
121 [22 390:395]
 78 [21 396:401]
1175 [23 420:425]
1185 [26 428:433]
339 [24 540:545]
1211 [28 549:554]
 50 [27 555:560]
257 [26 561:566]
1338 [30 566:571]
 58 [29 573:578]
1259 [34 579:584]
520 [33 586:591]
1004 [32 660:665]
719 [29 666:671]
721 [28 672:677]
1420 [29 680:685]
705 [28 686:691]
1419 [30 691:696]
1396 [32 696:701]
1416 [34 701:706]
1404 [36 706:711]
1417 [38 711:716]
893 [37 717:722]
235 [33 723:728]
247 [31 728:733]
1377 [34 737:742]
 -8 [34 743:743]

Vehicle: 803  Cost: 39.02
Route: 8 1157 120 272 1083 536 644 1164 1163 1165 369 376 1052 123 552 1088 98 595 599 499 1220 1247 1305 518 343 1270 1295 1291 371 472 1267 1333 344 1321 68 66 459 461 442 932 933 752 711 691 1413 1407 1393 1415 770 771 832 364 1349 1356 -8 
  8 [71   0:299]
1157 [72 300:305]
120 [70 306:311]
272 [67 311:316]
1083 [68 317:322]
536 [67 322:327]
644 [66 328:333]
1164 [68 333:338]
1163 [69 338:343]
1165 [70 343:348]
369 [69 350:355]
376 [68 355:360]
1052 [69 360:365]
123 [68 366:371]
552 [67 372:377]
1088 [68 378:383]
 98 [67 384:389]
595 [66 391:396]
599 [65 397:402]
499 [60 404:409]
1220 [61 420:425]
1247 [63 431:436]
1305 [66 540:545]
518 [61 545:550]
343 [60 551:556]
1270 [61 557:562]
1295 [62 562:567]
1291 [63 567:572]
371 [62 574:579]
472 [61 580:585]
1267 [62 587:592]
1333 [65 593:598]
344 [53 599:604]
1321 [57 606:611]
 68 [56 611:616]
 66 [55 616:621]
459 [50 622:627]
461 [45 627:632]
442 [40 632:637]
932 [37 660:665]
933 [36 665:670]
752 [35 670:675]
711 [34 675:680]
691 [31 681:686]
1413 [33 687:692]
1407 [37 692:697]
1393 [41 697:702]
1415 [45 702:707]
770 [44 708:713]
771 [43 713:718]
832 [40 718:723]
364 [39 723:728]
1349 [40 728:733]
1356 [42 733:738]
 -8 [42 740:740]

Vehicle: 804  Cost: 72.52
Route: 8 1355 1480 1529 1435 1508 1442 1469 1481 1474 1468 1056 413 1588 85 1567 44 1593 484 166 312 183 1069 465 205 429 1590 671 1524 220 1514 9 284 1139 -8 
  8 [29   0: 57]
1355 [30  60: 65]
1480 [31  68: 73]
1529 [32  77: 82]
1435 [33  89: 94]
1508 [34  96:101]
1442 [35 102:107]
1469 [36 122:127]
1481 [39 140:145]
1474 [40 145:150]
1468 [41 180:185]
1056 [42 187:192]
413 [38 193:198]
1588 [40 199:204]
 85 [35 205:210]
1567 [36 211:216]
 44 [35 216:221]
1593 [39 222:227]
484 [38 228:233]
166 [35 234:239]
312 [34 240:245]
183 [33 250:255]
1069 [34 255:260]
465 [33 261:266]
205 [32 267:272]
429 [31 272:277]
1590 [32 277:282]
671 [31 283:288]
1524 [32 288:293]
220 [29 293:298]
1514 [30 298:303]
  9 [25 304:309]
284 [24 310:315]
1139 [25 317:322]
 -8 [25 323:323]

Vehicle: 806  Cost: 43.21
Route: 8 1429 1426 1054 1450 1451 70 1523 463 653 225 133 422 236 1574 1610 1608 1611 1571 1609 1605 1573 1572 1570 1606 1510 1493 274 622 474 590 173 657 1100 202 -8 
  8 [23   0: 57]
1429 [24  60: 65]
1426 [25  65: 70]
1054 [26  73: 78]
1450 [31  84: 89]
1451 [32  93: 98]
 70 [29 180:185]
1523 [30 187:192]
463 [29 192:197]
653 [28 198:203]
225 [27 206:211]
133 [26 213:218]
422 [25 218:223]
236 [23 224:229]
1574 [26 231:236]
1610 [28 236:241]
1608 [29 241:246]
1611 [31 246:251]
1571 [34 251:256]
1609 [35 256:261]
1605 [36 261:266]
1573 [39 266:271]
1572 [42 271:276]
1570 [45 276:281]
1606 [46 281:286]
1510 [50 290:295]
1493 [51 296:301]
274 [50 302:307]
622 [47 309:314]
474 [46 314:319]
590 [45 319:324]
173 [40 324:329]
657 [39 330:335]
1100 [40 336:341]
202 [39 342:347]
 -8 [39 348:348]

Vehicle: 807  Cost: 58.82
Route: 8 462 52 567 182 187 1061 1209 1194 1189 1200 1252 1224 1228 275 512 227 1296 1274 555 531 51 1294 341 318 39 411 148 386 186 1290 350 425 586 767 847 1018 964 1021 1348 1363 804 822 982 535 901 1019 513 953 -8 
  8 [69   0:179]
462 [64 180:185]
 52 [61 187:192]
567 [60 193:198]
182 [59 201:206]
187 [58 206:211]
1061 [63 213:218]
1209 [66 420:425]
1194 [71 427:432]
1189 [72 439:444]
1200 [74 444:449]
1252 [76 453:458]
1224 [77 459:464]
1228 [78 464:469]
275 [77 540:545]
512 [76 546:551]
227 [75 551:556]
1296 [76 558:563]
1274 [77 563:568]
555 [72 570:575]
531 [71 576:581]
 51 [70 583:588]
1294 [71 590:595]
341 [69 596:601]
318 [68 603:608]
 39 [65 609:614]
411 [64 615:620]
148 [62 620:625]
386 [57 628:633]
186 [51 633:638]
1290 [52 638:643]
350 [51 645:650]
425 [46 650:655]
586 [45 656:661]
767 [44 661:666]
847 [43 667:672]
1018 [42 673:678]
964 [40 679:684]
1021 [38 685:690]
1348 [39 690:695]
1363 [40 697:702]
804 [39 703:708]
822 [36 710:715]
982 [35 718:723]
535 [34 723:728]
901 [29 728:733]
1019 [28 733:738]
513 [27 738:743]
953 [26 743:748]
 -8 [26 751:751]

Vehicle: 808  Cost: 43.97
Route: 8 131 498 647 1206 1208 1230 1058 1246 503 1254 16 349 159 659 163 248 1256 1195 545 448 621 392 1263 758 1364 991 1352 727 802 676 677 877 958 1042 1180 1340 795 1365 -8 
  8 [43   0:178]
131 [41 180:185]
498 [39 185:190]
647 [34 191:196]
1206 [39 420:425]
1208 [44 426:431]
1230 [46 433:438]
1058 [51 441:446]
1246 [52 449:454]
503 [47 540:545]
1254 [48 547:552]
 16 [47 552:557]
349 [46 557:562]
159 [44 562:567]
659 [43 567:572]
163 [42 572:577]
248 [41 578:583]
1256 [46 588:593]
1195 [61 593:598]
545 [58 599:604]
448 [54 605:610]
621 [53 613:618]
392 [51 619:624]
1263 [55 624:629]
758 [53 660:665]
1364 [58 666:671]
991 [57 671:676]
1352 [61 676:681]
727 [60 683:688]
802 [59 689:694]
676 [58 695:700]
677 [57 700:705]
877 [56 705:710]
958 [54 711:716]
1042 [53 717:722]
1180 [63 724:729]
1340 [68 730:735]
795 [67 737:742]
1365 [69 744:749]
 -8 [69 751:751]

Vehicle: 809  Cost: 48.56
Route: 8 1055 1503 324 356 661 607 295 140 239 1059 331 1564 1619 615 500 467 1323 80 1617 1068 1621 1155 246 610 212 335 1101 652 380 244 -8 
  8 [30   0: 57]
1055 [33  60: 65]
1503 [34  65: 70]
324 [33 180:185]
356 [32 186:191]
661 [31 193:198]
607 [30 199:204]
295 [29 206:211]
140 [27 215:220]
239 [26 221:226]
1059 [31 228:233]
331 [30 233:238]
1564 [35 239:244]
1619 [39 246:251]
615 [37 253:258]
500 [32 259:264]
467 [31 266:271]
1323 [32 272:277]
 80 [31 278:283]
1617 [32 284:289]
1068 [33 290:295]
1621 [34 297:302]
1155 [38 306:311]
246 [37 315:320]
610 [32 323:328]
212 [31 328:333]
335 [30 334:339]
1101 [31 339:344]
652 [30 345:350]
380 [28 351:356]
244 [27 356:361]
 -8 [27 364:364]

Vehicle: 810  Cost: 46.20
Route: 8 94 1075 1167 1158 222 570 185 1098 1203 1201 1202 524 515 1336 1310 1297 40 1216 1281 1260 347 1322 362 1273 61 404 1313 390 210 67 105 108 1389 1373 731 754 704 899 1361 999 966 1372 734 763 1390 943 1369 -8 
  8 [43   0:177]
 94 [42 180:185]
1075 [43 185:190]
1167 [44 300:305]
1158 [45 305:310]
222 [44 311:316]
570 [43 316:321]
185 [42 323:328]
1098 [43 328:333]
1203 [44 420:425]
1201 [45 425:430]
1202 [46 540:545]
524 [45 548:553]
515 [44 555:560]
1336 [45 564:569]
1310 [46 569:574]
1297 [47 574:579]
 40 [44 579:584]
1216 [45 585:590]
1281 [46 590:595]
1260 [47 595:600]
347 [46 602:607]
1322 [47 608:613]
362 [42 614:619]
1273 [47 620:625]
 61 [45 625:630]
404 [44 631:636]
1313 [49 637:642]
390 [44 643:648]
210 [43 651:656]
 67 [42 657:662]
105 [40 664:669]
108 [38 669:674]
1389 [40 676:681]
1373 [41 681:686]
731 [39 687:692]
754 [38 695:700]
704 [36 700:705]
899 [35 706:711]
1361 [36 712:717]
999 [35 718:723]
966 [33 723:728]
1372 [34 729:734]
734 [33 734:739]
763 [30 739:744]
1390 [31 745:750]
943 [30 750:755]
1369 [31 756:761]
 -8 [31 762:762]

Vehicle: 811  Cost: 49.80
Route: 8 654 329 443 155 250 648 669 287 618 488 243 423 528 430 170 389 577 289 568 88 875 881 722 870 812 861 1014 714 1385 1382 1210 668 792 930 912 1197 1025 755 695 1351 26 821 712 856 924 716 974 788 938 940 956 742 134 34 1048 -8 
  8 [98   0:538]
654 [97 540:545]
329 [96 546:551]
443 [95 552:557]
155 [90 558:563]
250 [89 563:568]
648 [88 569:574]
669 [86 574:579]
287 [85 580:585]
618 [84 586:591]
488 [83 592:597]
243 [82 598:603]
423 [81 603:608]
528 [80 609:614]
430 [79 614:619]
170 [74 621:626]
389 [69 626:631]
577 [65 633:638]
289 [64 639:644]
568 [61 645:650]
 88 [56 660:665]
875 [55 666:671]
881 [54 671:676]
722 [53 676:681]
870 [52 682:687]
812 [51 687:692]
861 [49 692:697]
1014 [48 699:704]
714 [43 705:710]
1385 [44 710:715]
1382 [45 715:720]
1210 [46 723:728]
668 [45 730:735]
792 [40 736:741]
930 [35 741:746]
912 [31 748:753]
1197 [32 754:759]
1025 [30 759:764]
755 [29 764:769]
695 [28 770:775]
1351 [29 775:780]
 26 [25 781:786]
821 [23 787:792]
712 [22 792:797]
856 [21 797:802]
924 [20 803:808]
716 [19 809:814]
974 [18 815:820]
788 [17 821:826]
938 [16 826:831]
940 [15 832:837]
956 [10 838:843]
742 [ 9 845:850]
134 [ 8 851:856]
 34 [ 6 857:862]
1048 [ 5 863:868]
 -8 [ 5 872:872]

Vehicle: 812  Cost: 60.95
Route: 8 107 511 127 75 317 1326 1327 72 617 37 907 972 944 702 864 801 981 764 851 25 970 1013 796 879 504 1016 759 1029 915 890 844 797 697 1020 975 862 320 746 735 886 895 1035 750 967 -8 
  8 [73   0:177]
107 [72 180:185]
511 [67 185:190]
127 [62 191:196]
 75 [55 540:545]
317 [54 545:550]
1326 [55 551:556]
1327 [56 556:561]
 72 [55 561:566]
617 [50 568:573]
 37 [49 573:578]
907 [48 660:665]
972 [47 667:672]
944 [46 673:678]
702 [45 681:686]
864 [44 686:691]
801 [43 692:697]
981 [42 700:705]
764 [41 705:710]
851 [39 711:716]
 25 [38 717:722]
970 [37 722:727]
1013 [32 728:733]
796 [31 746:751]
879 [30 763:768]
504 [29 769:774]
1016 [28 775:780]
759 [27 780:785]
1029 [26 785:790]
915 [25 791:796]
890 [23 797:802]
844 [22 803:808]
797 [21 809:814]
697 [20 815:820]
1020 [19 820:825]
975 [17 826:831]
862 [16 831:836]
320 [15 838:843]
746 [13 843:848]
735 [12 848:853]
886 [11 853:858]
895 [ 9 859:864]
1035 [ 4 865:870]
750 [ 3 873:878]
967 [ 2 878:883]
 -8 [ 2 884:884]

Vehicle: 813  Cost: 21.01
Route: 8 1630 1629 1500 1627 1501 1628 1384 1506 1440 1438 1495 1533 352 1576 92 139 1626 1622 1618 1600 1602 1538 1534 1536 1594 1558 278 464 1089 1128 -8 
  8 [13   0: 60]
1630 [18  60: 65]
1629 [23  65: 70]
1500 [28  70: 75]
1627 [33  75: 80]
1501 [38  80: 85]
1628 [43  85: 90]
1384 [44  92: 97]
1506 [46  98:103]
1440 [47 105:110]
1438 [48 110:115]
1495 [53 118:123]
1533 [54 125:130]
352 [49 180:185]
1576 [50 187:192]
 92 [49 193:198]
139 [44 198:203]
1626 [45 204:209]
1622 [46 209:214]
1618 [47 214:219]
1600 [49 219:224]
1602 [54 224:229]
1538 [55 230:235]
1534 [56 235:240]
1536 [57 240:245]
1594 [62 245:250]
1558 [64 251:256]
278 [63 256:261]
464 [62 261:266]
1089 [63 300:305]
1128 [64 307:312]
 -8 [64 314:314]

Vehicle: 814  Cost: 68.81
Route: 8 1447 1383 1483 1463 1465 1475 1470 1374 1520 1515 1512 650 122 1402 1472 1473 297 675 651 151 1063 1612 530 261 195 150 91 539 260 262 1568 544 1560 1148 154 378 213 534 306 302 307 1091 483 256 1107 598 276 619 69 1116 13 1140 1154 1250 1190 1631 1179 1199 -8 
  8 [52   0: 53]
1447 [53  60: 65]
1383 [54  65: 70]
1483 [58  72: 77]
1463 [59  78: 83]
1465 [60  83: 88]
1475 [61  88: 93]
1470 [65  94: 99]
1374 [68 101:106]
1520 [69 109:114]
1515 [70 114:119]
1512 [72 119:124]
650 [71 180:185]
122 [68 185:190]
1402 [69 190:195]
1472 [70 196:201]
1473 [71 201:206]
297 [70 207:212]
675 [69 212:217]
651 [64 218:223]
151 [61 223:228]
1063 [63 229:234]
1612 [64 235:240]
530 [63 240:245]
261 [61 249:254]
195 [60 254:259]
150 [55 259:264]
 91 [54 264:269]
539 [49 269:274]
260 [48 274:279]
262 [46 279:284]
1568 [47 286:291]
544 [46 292:297]
1560 [47 300:305]
1148 [50 305:310]
154 [49 311:316]
378 [48 317:322]
213 [47 323:328]
534 [46 328:333]
306 [45 335:340]
302 [44 340:345]
307 [43 345:350]
1091 [44 352:357]
483 [43 358:363]
256 [42 363:368]
1107 [43 369:374]
598 [42 375:380]
276 [41 382:387]
619 [39 388:393]
 69 [34 394:399]
1116 [35 399:404]
 13 [34 405:410]
1140 [35 410:415]
1154 [36 417:422]
1250 [37 422:427]
1190 [38 428:433]
1631 [39 439:444]
1179 [40 450:455]
1199 [41 457:462]
 -8 [41 467:467]

Vehicle: 815  Cost: 43.62
Route: 8 375 128 557 102 885 1401 747 1375 1371 56 867 667 1009 281 751 928 920 1005 934 708 843 962 813 753 889 800 874 990 819 887 833 994 1043 808 807 809 929 680 1006 925 241 -8 
  8 [58   0:539]
375 [57 540:545]
128 [52 547:552]
557 [47 553:558]
102 [46 559:564]
885 [45 660:665]
1401 [46 665:670]
747 [45 670:675]
1375 [46 676:681]
1371 [47 681:686]
 56 [45 687:692]
867 [44 694:699]
667 [43 700:705]
1009 [42 706:711]
281 [41 713:718]
751 [40 719:724]
928 [39 724:729]
920 [38 731:736]
1005 [37 738:743]
934 [36 743:748]
708 [35 749:754]
843 [34 756:761]
962 [33 762:767]
813 [32 768:773]
753 [31 775:780]
889 [30 780:785]
800 [28 785:790]
874 [27 791:796]
990 [26 797:802]
819 [25 803:808]
887 [24 809:814]
833 [23 814:819]
994 [22 820:825]
1043 [20 826:831]
808 [19 832:837]
807 [17 837:842]
809 [16 842:847]
929 [13 848:853]
680 [12 855:860]
1006 [11 861:866]
925 [ 6 868:873]
241 [ 3 875:880]
 -8 [ 3 883:883]

Vehicle: 816  Cost: 48.32
Route: 8 1207 1236 1062 1255 1187 1234 1235 581 509 612 563 562 561 559 564 1257 114 218 1268 514 776 709 313 816 1003 762 1183 730 831 1403 996 687 854 829 701 -8 
  8 [51   0:419]
1207 [52 420:425]
1236 [53 428:433]
1062 [54 436:441]
1255 [59 445:450]
1187 [62 451:456]
1234 [63 458:463]
1235 [64 463:468]
581 [59 540:545]
509 [58 547:552]
612 [55 552:557]
563 [54 558:563]
562 [53 563:568]
561 [52 568:573]
559 [51 573:578]
564 [50 578:583]
1257 [55 585:590]
114 [54 591:596]
218 [53 596:601]
1268 [58 601:606]
514 [54 607:612]
776 [52 660:665]
709 [47 667:672]
313 [46 675:680]
816 [45 680:685]
1003 [44 686:691]
762 [43 694:699]
1183 [48 699:704]
730 [46 705:710]
831 [44 710:715]
1403 [49 716:721]
996 [48 725:730]
687 [43 731:736]
854 [42 737:742]
829 [37 743:748]
701 [33 749:754]
 -8 [33 757:757]

Vehicle: 817  Cost: 20.80
Route: 8 591 366 77 23 452 251 266 265 90 269 130 519 426 419 348 1358 921 1380 1399 64 -8 
  8 [45   0:539]
591 [40 540:545]
366 [39 545:550]
 77 [38 550:555]
 23 [35 557:562]
452 [30 564:569]
251 [29 570:575]
266 [28 575:580]
265 [27 580:585]
 90 [26 589:594]
269 [22 594:599]
130 [21 600:605]
519 [20 606:611]
426 [17 611:616]
419 [14 616:621]
348 [13 622:627]
1358 [14 660:665]
921 [13 665:670]
1380 [14 672:677]
1399 [15 678:683]
 64 [ 3 685:690]
 -8 [ 3 692:692]

Total Cost: 1916.25
 11:0.00, 750:750 [1, 8, -8, -1]
 12:18.42, 559:750 [1, 7, -7, -8, -1]
 13:0.00, 38:750 [1, 8, -8, -1]
 14:0.00, 41:750 [1, -8, -1]
 15:28.78, 717:750 [1, 5, -5, -1]
 16:28.78, 192:750 [1, -5, -1]
 17:18.42, 130:750 [1, -7, -1]
 18:0.00, 10:750 [1, -8, -1]
501:57.43, 110:160 [5, 1453, 1434, 1462, 1505, 1532, 1471, 1530, 1477, 1436, 1335, 1330, 1337, 1488, 1513, 1425, 1049, 1445, 112, 554, 311, 201, 224, 1544, 1556, 1557, 1548, 1562, 1555, 1559, 1563, 1566, 1550, 1547, 1551, 1543, 1565, 1552, 1553, 1545, 641, 192, 1147, 1146, 219, 283, 636, 521, 328, 1132, 1125, 529, 232, 1085, -5]
502:41.68, 75:160 [5, 361, 358, 510, 574, 199, 93, 1086, 479, 46, 1144, 103, 100, 141, 1134, 1124, 373, 382, 387, 379, 1102, 1176, 1266, 446, 1262, 1320, 179, 177, 175, 436, 368, 566, 592, 252, 1331, 359, 1408, 993, 954, 1406, 820, 665, 679, 692, 1353, 1423, 853, 1045, 876, -5]
503:67.67, 63:160 [5, 1522, 1482, 1050, 1379, 1448, 1452, 1527, 1531, 1427, 1439, 1309, 1319, 314, 253, 1535, 1537, 576, 1540, 1561, 1623, 1575, 431, 428, 1614, 1546, 1458, 1457, 1405, 1394, 1607, 550, 73, 1517, 1108, 171, 399, 1114, 391, 620, 1118, 181, 587, 638, 1160, -5]
504:32.96, 32:160 [5, 1051, 1467, 1476, 322, 176, 1620, 412, 476, 384, 1585, 1489, 385, 522, 157, 593, 1599, 1542, 1554, 1589, 1624, 1604, 142, 1597, 1060, -5]
505:55.09, 108:160 [5, 625, 605, 291, 165, 136, 138, 501, 495, 211, 234, 41, 694, 922, 905, 798, 682, 681, 689, 703, 1033, 845, 913, 842, 293, 715, 917, 880, 827, 834, 906, 777, 919, 951, 740, 961, 1001, 12, 836, 927, 1008, 1022, 828, 149, 360, 863, 707, 859, 908, 916, 897, 1027, -5]
506:55.00, 78:160 [5, 492, 303, 221, 240, 305, 508, 1145, 191, 1150, 624, 608, 1172, 629, 304, 601, 57, 403, 527, 365, 290, 323, 1093, 1104, 1131, 1217, 1227, 1168, 1242, 370, 237, 609, 438, 1339, 55, 1293, 29, 31, 460, 416, 49, 79, 1053, 1122, 168, 1414, 1421, 1392, 1412, 1395, 1418, 760, 826, 838, 116, 748, 696, 729, 909, 949, 706, -5]
507:58.66, 104:160 [5, 516, 656, 296, 87, 214, 449, 1120, 1117, 611, 319, 497, 144, 1137, 1142, 565, 158, 572, 255, 1130, 355, 353, 649, 614, 551, 354, 487, 1162, 1218, 1221, 1109, 83, 81, 74, 76, 20, 367, 594, 1286, 1285, 62, 48, 494, 548, 36, 162, 560, 597, 1329, 1325, 1357, 1359, 850, 848, 830, 791, 914, 1422, 846, 1039, 941, 1370, -5]
508:52.28, 82:160 [5, 106, 298, 193, 569, 330, 660, 655, 400, 1084, 670, 546, 547, 198, 541, 207, 308, 673, 674, 672, 578, 558, 526, 337, 639, 427, 394, 267, 635, 481, 21, 190, 1265, 1261, 1215, 1057, 1298, 180, 54, 95, 161, 1288, 333, 1287, 238, 132, 288, 989, 987, 736, 935, 947, 778, 469, 766, 739, 738, 857, 737, 891, 1362, 743, -5]
509:54.52, 86:160 [5, 164, 1111, 1123, 47, 125, 143, 491, 1173, 573, 196, 200, 204, 203, 230, 215, 485, 346, 1174, 549, 1136, 381, 630, 1184, 28, 146, 1289, 646, 42, 627, 473, 1311, 1306, 1308, 1153, 582, 489, 217, 228, 409, 299, 89, 1332, 690, 965, 678, 773, 960, 980, 992, 936, 718, 903, 918, 937, 542, -5]
510:44.53, 74:160 [5, 538, 172, 1182, 1231, 1229, 1219, 1196, 1198, 1191, 1193, 22, 1334, 300, 156, 111, 1223, 1225, 264, 118, 580, 723, 1398, 769, 726, 1011, 837, 1367, 1366, 1010, 780, 799, 971, 818, 976, -5]
511:40.47, 69:160 [5, 517, 626, 782, 839, 1002, 1024, 1036, 803, 849, 1037, 900, 451, 453, 458, 457, 505, 774, 153, 1032, 998, 873, 700, 973, 878, 1023, 892, 666, 882, 955, 772, 858, 868, 713, 790, 977, 1015, 815, 814, 757, 957, 835, -5]
512:10.35, 10:160 [5, 326, 447, 310, 1192, 32, 1386, 1081, 1082, 997, -5]
701:51.18, 85:160 [7, 454, 1129, 1099, 145, 407, 99, 216, 455, 10, 17, 19, 226, 18, 233, 417, 418, 1243, 1245, 342, 15, 401, 1272, 1282, 27, 35, 1177, 1178, 1186, 1302, 279, 273, 490, 147, 286, 1105, 1317, 632, 280, 321, 1026, 693, 1360, 1300, 1368, 1378, 1381, 749, 756, 855, 860, 968, -7]
702:52.75, 77:160 [7, 1113, 1119, 486, 482, 1087, 1096, 231, 1151, 1094, 631, 493, 475, 525, 363, 398, 263, 152, 1121, 1126, 1141, 1222, 1244, 1226, 1251, 1249, 1328, 1344, 1341, 1275, 1258, 579, 405, 575, 584, 1284, 1307, 1077, 1279, 1074, 1280, 1278, 1232, 589, 543, 397, 1409, 1346, 1040, 710, 910, 1315, 1017, 683, 866, 1345, 984, 699, -7]
703:34.96, 65:160 [7, 496, 664, 1095, 327, 645, 1248, 1149, 1133, 1161, 1135, 1212, 1213, 1214, 1253, 1240, 1239, 1303, 1276, 1233, 1314, 1271, 1269, 1237, 1238, 1324, 1312, 1301, 1299, 662, 1031, 1411, 1397, 926, 686, 741, 1387, 1400, 1388, 1044, 685, 825, 948, -7]
704:69.68, 88:160 [7, 197, 14, 109, 506, 1067, 1072, 1080, 1079, 1073, 1066, 1064, 1070, 1071, 1078, 1076, 1065, 271, 1106, 415, 1103, 110, 604, 606, 270, 1156, 258, 532, 1092, 600, 477, 1170, 393, 533, 1090, 583, 468, 249, 1316, 1277, 71, 432, 440, 53, 24, 178, 332, 540, 1264, 59, 309, 208, 84, 86, 82, 995, 728, 805, 1347, 1354, 1350, 414, 1410, 1304, 883, 871, -7]
705:42.81, 58:160 [7, 1205, 1188, 1241, 277, 60, 1181, 588, 45, 33, 456, 43, 406, 1283, 424, 38, 537, 437, 167, 1343, 30, 1292, 259, 983, 725, 1030, 794, 963, 744, 979, 978, 745, 1391, -7]
706:56.79, 80:160 [7, 420, 478, 242, 11, 523, 783, 698, 869, 810, 942, 188, 724, 1012, 896, 806, 787, 945, 396, 129, 126, 1034, 902, 959, 888, 732, 946, 781, 1047, 931, 840, 894, 985, 986, 245, 688, 640, 137, 135, 1000, 950, 1041, 733, 811, 334, -7]
707:60.35, 70:160 [7, 1507, 1433, 1431, 1518, 1521, 1498, 1496, 1499, 1497, 1342, 1318, 1441, 1204, 1461, 1428, 1511, 351, 1443, 585, 421, 1598, 450, 184, 395, 642, 1549, 254, 596, 634, 1484, 1591, 1583, 1586, 1485, 1486, 189, 1487, 553, 633, 209, 408, 602, 113, -7]
708:60.19, 68:160 [7, 1432, 1464, 1424, 1478, 1509, 1479, 1526, 1528, 1446, 1460, 1519, 1449, 1491, 1492, 1490, 1494, 1466, 1444, 1430, 402, 169, 1592, 1579, 1587, 439, 97, 1615, 1541, 316, 1502, 623, 1376, 1504, 466, 1454, 1539, 104, 1569, 1516, 1097, 223, 1127, 1115, 1112, 1138, 1143, 1166, 119, 603, 444, 345, 301, -7]
709:55.03, 97:160 [7, 292, 388, 174, 434, 65, 884, 785, 969, 865, 268, 823, 1038, 613, 471, 282, 904, 761, 939, 325, 872, 841, 852, 717, 793, 1028, 720, 911, 1007, 988, 779, 63, 784, 768, 817, 898, 952, 789, 786, 1046, 684, 775, 824, 765, 923, -7]
710:19.28, 34:160 [7, 1525, 315, 1616, 357, 571, 101, 206, 643, 1455, 1456, 1459, 340, 410, 470, 663, 502, 1169, 433, 637, 658, 336, -7]
801:31.11, 35:160 [8, 1577, 377, 1625, 294, 445, 1584, 1613, 1601, 1578, 1603, 1596, 1581, 1582, 1580, 374, 124, 96, 1437, 117, 1595, 435, 1171, 1152, 160, 1632, -8]
802:51.46, 42:160 [8, 1159, 480, 194, 507, 372, 338, 1110, 285, 616, 115, 383, 556, 229, 441, 628, 121, 78, 1175, 1185, 339, 1211, 50, 257, 1338, 58, 1259, 520, 1004, 719, 721, 1420, 705, 1419, 1396, 1416, 1404, 1417, 893, 235, 247, 1377, -8]
803:39.02, 72:160 [8, 1157, 120, 272, 1083, 536, 644, 1164, 1163, 1165, 369, 376, 1052, 123, 552, 1088, 98, 595, 599, 499, 1220, 1247, 1305, 518, 343, 1270, 1295, 1291, 371, 472, 1267, 1333, 344, 1321, 68, 66, 459, 461, 442, 932, 933, 752, 711, 691, 1413, 1407, 1393, 1415, 770, 771, 832, 364, 1349, 1356, -8]
804:72.52, 42:160 [8, 1355, 1480, 1529, 1435, 1508, 1442, 1469, 1481, 1474, 1468, 1056, 413, 1588, 85, 1567, 44, 1593, 484, 166, 312, 183, 1069, 465, 205, 429, 1590, 671, 1524, 220, 1514, 9, 284, 1139, -8]
806:43.21, 51:160 [8, 1429, 1426, 1054, 1450, 1451, 70, 1523, 463, 653, 225, 133, 422, 236, 1574, 1610, 1608, 1611, 1571, 1609, 1605, 1573, 1572, 1570, 1606, 1510, 1493, 274, 622, 474, 590, 173, 657, 1100, 202, -8]
807:58.82, 78:160 [8, 462, 52, 567, 182, 187, 1061, 1209, 1194, 1189, 1200, 1252, 1224, 1228, 275, 512, 227, 1296, 1274, 555, 531, 51, 1294, 341, 318, 39, 411, 148, 386, 186, 1290, 350, 425, 586, 767, 847, 1018, 964, 1021, 1348, 1363, 804, 822, 982, 535, 901, 1019, 513, 953, -8]
808:43.97, 69:160 [8, 131, 498, 647, 1206, 1208, 1230, 1058, 1246, 503, 1254, 16, 349, 159, 659, 163, 248, 1256, 1195, 545, 448, 621, 392, 1263, 758, 1364, 991, 1352, 727, 802, 676, 677, 877, 958, 1042, 1180, 1340, 795, 1365, -8]
809:48.56, 39:160 [8, 1055, 1503, 324, 356, 661, 607, 295, 140, 239, 1059, 331, 1564, 1619, 615, 500, 467, 1323, 80, 1617, 1068, 1621, 1155, 246, 610, 212, 335, 1101, 652, 380, 244, -8]
810:46.20, 49:160 [8, 94, 1075, 1167, 1158, 222, 570, 185, 1098, 1203, 1201, 1202, 524, 515, 1336, 1310, 1297, 40, 1216, 1281, 1260, 347, 1322, 362, 1273, 61, 404, 1313, 390, 210, 67, 105, 108, 1389, 1373, 731, 754, 704, 899, 1361, 999, 966, 1372, 734, 763, 1390, 943, 1369, -8]
811:49.80, 98:160 [8, 654, 329, 443, 155, 250, 648, 669, 287, 618, 488, 243, 423, 528, 430, 170, 389, 577, 289, 568, 88, 875, 881, 722, 870, 812, 861, 1014, 714, 1385, 1382, 1210, 668, 792, 930, 912, 1197, 1025, 755, 695, 1351, 26, 821, 712, 856, 924, 716, 974, 788, 938, 940, 956, 742, 134, 34, 1048, -8]
812:60.95, 73:160 [8, 107, 511, 127, 75, 317, 1326, 1327, 72, 617, 37, 907, 972, 944, 702, 864, 801, 981, 764, 851, 25, 970, 1013, 796, 879, 504, 1016, 759, 1029, 915, 890, 844, 797, 697, 1020, 975, 862, 320, 746, 735, 886, 895, 1035, 750, 967, -8]
813:21.01, 64:160 [8, 1630, 1629, 1500, 1627, 1501, 1628, 1384, 1506, 1440, 1438, 1495, 1533, 352, 1576, 92, 139, 1626, 1622, 1618, 1600, 1602, 1538, 1534, 1536, 1594, 1558, 278, 464, 1089, 1128, -8]
814:68.81, 72:160 [8, 1447, 1383, 1483, 1463, 1465, 1475, 1470, 1374, 1520, 1515, 1512, 650, 122, 1402, 1472, 1473, 297, 675, 651, 151, 1063, 1612, 530, 261, 195, 150, 91, 539, 260, 262, 1568, 544, 1560, 1148, 154, 378, 213, 534, 306, 302, 307, 1091, 483, 256, 1107, 598, 276, 619, 69, 1116, 13, 1140, 1154, 1250, 1190, 1631, 1179, 1199, -8]
815:43.62, 58:160 [8, 375, 128, 557, 102, 885, 1401, 747, 1375, 1371, 56, 867, 667, 1009, 281, 751, 928, 920, 1005, 934, 708, 843, 962, 813, 753, 889, 800, 874, 990, 819, 887, 833, 994, 1043, 808, 807, 809, 929, 680, 1006, 925, 241, -8]
816:48.32, 64:160 [8, 1207, 1236, 1062, 1255, 1187, 1234, 1235, 581, 509, 612, 563, 562, 561, 559, 564, 1257, 114, 218, 1268, 514, 776, 709, 313, 816, 1003, 762, 1183, 730, 831, 1403, 996, 687, 854, 829, 701, -8]
817:20.80, 45:160 [8, 591, 366, 77, 23, 452, 251, 266, 265, 90, 269, 130, 519, 426, 419, 348, 1358, 921, 1380, 1399, 64, -8]
fe: 8, se: 38

!ALNS------------
30000,1916.2479956581085,65633.856,53038.456,8,38,0.4061666666666667,0.4217105263157895,203.0,42.73684210526316
85 115 111 45 0 8 68 31 
2.5739547508032175 11.50543957758596 2.229423721011899 3.6199231049046876 18.1722041708191 12.44130375220949 3.246279517583038 5.3861661700984405 
39 54 59 55 68 53 84 51 
4.758931919781191 5.419204899063415 4.461609046584522 5.585710310336784 5.794209867387665 5.638322147211131 4.73508193652781 4.903456437455226 

