--Parameters Information--
speed=350
run=1
iteration= 30000
batch=100
restartPeriod=750
largeRemovalOccurrence=500
initialLNS=250
lowerBoundSmallRemoval=4
smallRemoval=0.1
lowerBoundLargeRemoval=0.45
largeRemoval=0.55
initialWeight=1.0
decayRate=0.1
gamma1=9.0
gamma2=5.0
gamma3=2.0
gamma4=0.0
coolingRate=0.9995
temperatureControlParameter=0.05
initialAcceptanceProbability=0.5
perturbation=0.5
perturbationFactor=0.01
split=6000

Setup: Split One Time
Data: CS_5_D

Run: 1
Total Cost: 2717.06
Vehicle: 11  Cost: 33.27
Route: 1 6 3 -3 -6 -1 
 1 [750   0:  0 [1026, 603, 482, 554, 667, 177, 994, 883, 1115, 1138, 1099, 126, 663, 529, 734, 1061, 496, 897, 993, 36, 1126, 408, 1064, 468, 264, 1107, 988, 87, 849, 636, 333, 1091, 316, 122, 466, 1122, 399, 464, 1074, 396, 1046, 623, 1054, 1039, 327, 828, 1032, 162, 610, 367, 556, 307, 247, 647, 643, 764, 648, 601, 43, 441, 453, 39, 250, 42, 1011, 16, 361, 940, 219, 91, 197, 598, 855, 103, 133, 314, 655, 158, 811, 303, 707, 450, 1071, 287, 759, 276, 941, 344, 22, 25, 692, 1008, 818, 85, 967, 880, 323, 685, 341, 1033, 211, 62, 826, 1076, 186, 640, 445, 1017, 463, 139, 472, 1037, 495, 192, 330, 274, 552, 1013, 460, 66, 154, 248, 1048, 716, 815, 317, 840, 160, 368, 183, 422, 585, 726, 513, 19, 545, 366, 320, 391, 438, 10, 364, 439, 732, 147, 502, 669, 569, 1072, 886, 927, 943, 64, 98, 57, 698, 834, 288, 161, 659, 246, 917, 584, 326, 918, 430, 1133, 134, 906, 557, 905, 595, 310, 1053, 26, 579, 748, 824, 953, 833, 278, 52, 49, 562, 446, 966, 257, 359, 229, 527, 607, 44, 530, 31, 526, 697, 786, 517, 176, 1001, 432, 92, 589, 956, 582, 394, 324, 141, 664, 259, 467, 207, 405, 79, 525, 9, 694, 284, 18, 1030, 563, 237, 373, 832, 983, 778, 703, 1118, 321, 205, 1086, 420, 954, 775, 236, 33, 417, 171, 59, 565, 105, 280, 649, 730, 328, 285, 600, 969, 370, 20, 605, 360, 27, 861, 688, 188, 1128, 73, 331, 1040, 157, 267, 996, 677, 469, 789, 512, 1070, 1049, 150, 724, 551, 190, 911, 1121, 998, 757, 1047, 470, 804, 28, 100, 852, 17, 950, 992, 385, 1105, 888, 1106, 194, 772, 920, 1098, 34, 923, 107, 293, 1052, 231, 203, 283, 423, 384, 711, 136, 166, 392, 657, 714, 89, 282, 151, 676, 421, 670, 521, 480, 415, 1035, 1111]]
 6 [342   0: 15 [1026, 1099, 126, 734, 1061, 264, 988, 87, 849, 636, 333, 466, 1054, 1039, 327, 828, 162, 610, 764, 601, 250, 91, 1071, 287, 759, 276, 344, 818, 826, 1076, 1017, 1037, 274, 66, 154, 248, 1048, 716, 815, 317, 840, 366, 391, 438, 364, 147, 927, 288, 161, 659, 246, 918, 430, 1133, 134, 906, 748, 824, 52, 49, 966, 257, 229, 44, 31, 526, 697, 956, 324, 405, 525, 563, 373, 983, 205, 954, 775, 236, 33, 171, 565, 280, 370, 20, 605, 360, 27, 861, 688, 188, 1128, 73, 331, 1040, 157, 267, 996, 677, 469, 789, 512, 1070, 1049, 150, 724, 551, 190, 1121, 998, 757, 950, 992, 385, 1105, 888, 1106, 194, 772, 920, 1098, 34, 923, 107, 293, 1052, 231, 203, 711, 89, 1035]]
 3 [  0  32: 32 []]
-3 [ 85  32:455 [1694, 1571, 1542, 1250, 1578, 1546, 1400, 1322, 1323, 1238, 1643, 1419, 1488, 1405, 1597, 1579, 1561, 1402, 1518, 1573, 1580, 1401, 1414, 1529, 1568, 1675, 1202, 1496, 1541, 1399, 1251, 1261, 1240, 1443, 1717, 1316, 1662, 1504, 1358, 1437, 1464, 1424, 1321, 1524, 1722, 1436, 1217, 1557, 1228, 1550, 1213, 1460, 1584, 1447, 1319, 1252, 1165, 1476, 1661, 1320, 1211, 1560, 1545]]
-6 [114 472:537 [1666, 1694, 1571, 1727, 1542, 1682, 1250, 1578, 1716, 1546, 1665, 1400, 1322, 1231, 1323, 1679, 1684, 1238, 1643, 1419, 1488, 1405, 1597, 1579, 1561, 1402, 1518, 1740, 1613, 1573, 1580, 1681, 1401, 1414, 1739, 1529, 1568, 1623, 1675, 1670, 1202, 1496, 1719, 1541, 1150, 1399, 1251, 1261, 1240, 1443, 1717, 1316, 1662, 1504, 1358, 1731, 1437, 1726, 1464, 1424, 1321, 1524, 1722, 1436, 1217, 1557, 1228, 1550, 1213, 1460, 1584, 1447, 1319, 1252, 1165, 1476, 1661, 1320, 1211, 1560, 1545, 1672]]
-1 [114 537:537 [1666, 1694, 1571, 1727, 1542, 1682, 1250, 1578, 1716, 1546, 1665, 1400, 1322, 1231, 1323, 1679, 1684, 1238, 1643, 1419, 1488, 1405, 1597, 1579, 1561, 1402, 1518, 1740, 1613, 1573, 1580, 1681, 1401, 1414, 1739, 1529, 1568, 1623, 1675, 1670, 1202, 1496, 1719, 1541, 1150, 1399, 1251, 1261, 1240, 1443, 1717, 1316, 1662, 1504, 1358, 1731, 1437, 1726, 1464, 1424, 1321, 1524, 1722, 1436, 1217, 1557, 1228, 1550, 1213, 1460, 1584, 1447, 1319, 1252, 1165, 1476, 1661, 1320, 1211, 1560, 1545, 1672]]

Vehicle: 12  Cost: 35.48
Route: 1 4 -4 6 -6 -1 
 1 [532   0:  0 [827, 175, 628, 753, 892, 919, 900, 411, 722, 11, 130, 558, 921, 691, 945, 843, 334, 909, 549, 719, 933, 896, 727, 143, 235, 129, 847, 749, 639, 1104, 58, 912, 410, 712, 723, 451, 123, 781, 1067, 693, 932, 23, 1127, 641, 574, 137, 431, 304, 145, 148, 234, 633, 497, 74, 1066, 876, 1045, 901, 816, 805, 1021, 239, 488, 1085, 573, 894, 398, 531, 1056, 768, 263, 627, 740, 131, 223, 206, 1130, 878, 75, 1136, 60, 975, 634, 806, 792, 794, 735, 1120, 483, 1028, 972, 258, 1043, 524, 1145, 63, 568, 348, 376, 810, 752, 268, 519, 652, 1132, 1059, 1083, 744, 922, 251, 654, 1009, 1142, 501, 819, 791, 987, 800, 233, 638, 854, 325, 968, 1055, 269, 82, 532, 306, 902, 1015, 193, 991, 425, 541, 209, 884, 974, 313, 1080, 550, 780, 121, 308, 56, 1125, 937, 510, 1029, 1102, 616, 682, 678, 946, 578, 172, 101, 116, 977, 533, 750, 931, 146, 825, 882, 298, 500, 182, 736, 881, 571, 626, 704, 955, 518, 1095, 997, 220, 989, 761, 754, 477, 67, 729, 412, 363, 1092, 885, 813, 910, 354, 456, 318, 478, 69, 720, 336, 673, 731, 135, 1025, 224, 1103, 838, 868, 1144, 511, 356, 71, 357, 594, 15, 783, 820, 979, 1057, 661, 142, 619, 138, 389, 1016, 706, 397, 461, 1058, 622, 1038, 335, 164, 1135, 474, 938, 94, 808, 887, 1000, 898, 292, 555, 613, 581, 871, 349, 112, 538, 666, 305, 702, 725, 625, 835, 1018, 106, 1007, 553, 602, 755, 448, 637, 221, 83, 1065, 798, 848, 951, 939, 777, 760]]
 4 [ 23  18: 18 [744, 922, 854, 325, 550, 780, 1029, 298, 500, 15, 1000, 848, 951, 939]]
-4 [352  18:384 [1245, 1489, 1312, 1237, 1282, 1276, 1268, 1300, 1206, 1210, 1304, 1313, 1390, 1332, 1482, 1269, 1298, 1307, 1221, 1309, 1253, 1434, 1179, 1296, 1329, 1475, 1297, 1270, 1537, 1507, 1207, 1556, 1503, 1285, 1205, 1310, 1398, 1555, 1204, 1382, 1483, 1249, 1640, 1288, 1387, 1177, 1490, 1450, 1350, 1392, 1267, 1273, 1491, 1458, 1554, 1260, 1396, 1301, 1347, 1239, 1421, 1454, 1533, 1299, 1264, 1243, 1244, 1528, 1534, 1445, 1446, 1215, 1520, 1314, 1463, 1208, 1575, 1255, 1266, 1275, 1510, 1485, 744, 922, 1336, 1242, 1558, 1388, 1600, 1655, 854, 325, 1283, 1354, 1412, 1351, 1420, 1517, 1371, 550, 780, 1572, 1029, 1425, 1256, 1628, 1492, 1466, 1375, 1291, 1254, 1452, 1274, 1287, 1376, 1366, 1306, 1552, 1303, 1451, 1335, 298, 500, 1295, 1302, 1353, 1559, 1624, 1278, 1408, 1181, 1393, 1365, 1403, 1286, 1222, 1272, 1184, 1494, 1538, 1279, 1157, 1280, 1311, 1284, 1305, 1271, 1223, 1409, 1277, 1569, 1200, 1453, 1154, 1467, 1294, 1357, 1540, 1372, 1265, 1161, 1370, 1153, 1367, 15, 1361, 1348, 1293, 1292, 1432, 1389, 1289, 1498, 1290, 1216, 1415, 1160, 1469, 1502, 1625, 1000, 1209, 1203, 1484, 1241, 1236, 1461, 1406, 1281, 1356, 1563, 1577, 1385, 1308, 1166, 1514, 1506, 1212, 1508, 1526, 848, 951, 939]]
 6 [329 401:401 [1245, 1489, 1312, 1237, 1282, 1276, 1268, 1300, 1206, 1210, 1304, 1313, 1390, 1332, 1482, 1269, 1298, 1307, 1221, 1309, 1253, 1434, 1179, 1296, 1329, 1475, 1297, 1270, 1537, 1507, 1207, 1556, 1503, 1285, 1205, 1310, 1398, 1555, 1204, 1382, 1483, 1249, 1640, 1288, 1387, 1177, 1490, 1450, 1350, 1392, 1267, 1273, 1491, 1458, 1554, 1260, 1396, 1301, 1347, 1239, 1421, 1454, 1533, 1299, 1264, 1243, 1244, 1528, 1534, 1445, 1446, 1215, 1520, 1314, 1463, 1208, 1575, 1255, 1266, 1275, 1510, 1485, 1336, 1242, 1558, 1388, 1600, 1655, 1283, 1354, 1412, 1351, 1420, 1517, 1371, 1572, 1425, 1256, 1628, 1492, 1466, 1375, 1291, 1254, 1452, 1274, 1287, 1376, 1366, 1306, 1552, 1303, 1451, 1335, 1295, 1302, 1353, 1559, 1624, 1278, 1408, 1181, 1393, 1365, 1403, 1286, 1222, 1272, 1184, 1494, 1538, 1279, 1157, 1280, 1311, 1284, 1305, 1271, 1223, 1409, 1277, 1569, 1200, 1453, 1154, 1467, 1294, 1357, 1540, 1372, 1265, 1161, 1370, 1153, 1367, 1361, 1348, 1293, 1292, 1432, 1389, 1289, 1498, 1290, 1216, 1415, 1160, 1469, 1502, 1625, 1209, 1203, 1484, 1241, 1236, 1461, 1406, 1281, 1356, 1563, 1577, 1385, 1308, 1166, 1514, 1506, 1212, 1508, 1526]]
-6 [373 401:416 [1245, 1489, 1312, 1237, 1282, 1276, 1268, 1300, 1576, 1206, 1210, 1304, 1313, 1390, 1332, 1482, 1269, 1298, 1307, 1539, 1221, 1309, 1253, 1434, 1179, 1296, 1199, 1329, 1480, 1475, 1297, 1270, 1537, 1507, 1207, 1556, 1503, 1285, 1205, 1310, 1398, 1455, 1555, 1204, 1382, 1483, 1249, 1640, 1288, 1387, 1177, 1490, 1450, 1350, 1392, 1267, 1273, 1491, 1458, 1554, 1260, 1396, 1301, 1347, 1239, 1421, 1454, 1533, 1299, 1264, 1243, 1244, 1528, 1534, 1445, 1446, 1505, 1215, 1520, 1314, 1463, 1208, 1575, 1255, 1589, 1266, 1275, 1510, 1485, 1501, 1336, 1242, 1558, 1388, 1600, 1655, 1173, 1283, 1354, 1412, 1351, 1420, 1517, 1371, 1572, 1425, 1325, 1256, 1628, 1492, 1466, 1375, 1291, 1254, 1452, 1274, 1287, 1376, 1366, 1306, 1552, 1303, 1451, 1335, 1295, 1302, 1353, 1559, 1624, 1278, 1479, 1408, 1181, 1393, 1365, 1403, 1286, 1222, 1272, 1184, 1494, 1538, 1279, 1157, 1280, 1311, 1284, 1305, 1271, 1223, 1409, 1277, 1569, 1200, 1453, 1154, 1467, 1294, 1357, 1540, 1372, 1265, 1161, 1370, 1153, 1367, 1361, 1348, 1293, 1292, 1432, 1389, 1289, 1498, 1290, 1216, 1415, 1160, 1469, 1502, 1625, 1495, 1209, 1203, 1484, 1241, 1236, 1461, 1406, 1281, 1356, 1563, 1577, 1385, 1441, 1308, 1166, 1514, 1506, 1212, 1508, 1526, 1817, 1816, 1818]]
-1 [373 416:416 [1245, 1489, 1312, 1237, 1282, 1276, 1268, 1300, 1576, 1206, 1210, 1304, 1313, 1390, 1332, 1482, 1269, 1298, 1307, 1539, 1221, 1309, 1253, 1434, 1179, 1296, 1199, 1329, 1480, 1475, 1297, 1270, 1537, 1507, 1207, 1556, 1503, 1285, 1205, 1310, 1398, 1455, 1555, 1204, 1382, 1483, 1249, 1640, 1288, 1387, 1177, 1490, 1450, 1350, 1392, 1267, 1273, 1491, 1458, 1554, 1260, 1396, 1301, 1347, 1239, 1421, 1454, 1533, 1299, 1264, 1243, 1244, 1528, 1534, 1445, 1446, 1505, 1215, 1520, 1314, 1463, 1208, 1575, 1255, 1589, 1266, 1275, 1510, 1485, 1501, 1336, 1242, 1558, 1388, 1600, 1655, 1173, 1283, 1354, 1412, 1351, 1420, 1517, 1371, 1572, 1425, 1325, 1256, 1628, 1492, 1466, 1375, 1291, 1254, 1452, 1274, 1287, 1376, 1366, 1306, 1552, 1303, 1451, 1335, 1295, 1302, 1353, 1559, 1624, 1278, 1479, 1408, 1181, 1393, 1365, 1403, 1286, 1222, 1272, 1184, 1494, 1538, 1279, 1157, 1280, 1311, 1284, 1305, 1271, 1223, 1409, 1277, 1569, 1200, 1453, 1154, 1467, 1294, 1357, 1540, 1372, 1265, 1161, 1370, 1153, 1367, 1361, 1348, 1293, 1292, 1432, 1389, 1289, 1498, 1290, 1216, 1415, 1160, 1469, 1502, 1625, 1495, 1209, 1203, 1484, 1241, 1236, 1461, 1406, 1281, 1356, 1563, 1577, 1385, 1441, 1308, 1166, 1514, 1506, 1212, 1508, 1526, 1817, 1816, 1818]]

Vehicle: 13  Cost: 47.75
Route: 1 2 -2 -6 -1 
 1 [385   0:  0 [125, 960, 88, 65, 499, 198, 961, 859, 1077, 1114, 428, 395, 465, 528, 544, 700, 54, 709, 586, 684, 53, 790, 355, 814, 338, 1137, 982, 45, 352, 353, 1141, 1042, 872, 522, 674, 830, 577, 612, 973, 611, 776, 195, 255, 567, 37, 102, 559, 291, 14, 507, 289, 870, 1134, 733, 127, 427, 294, 260, 621, 788, 181, 766, 178, 680, 543, 642, 566, 492, 809, 1088, 201, 386, 535, 111, 279, 721, 296, 1068, 773, 311, 486, 658, 866, 347, 867, 1005, 895, 999, 196, 202, 299, 505, 401, 473, 718, 1129, 471, 99, 742, 80, 877, 437, 118, 728, 230, 173, 1093, 1117, 1084, 416, 583, 110, 1094, 864, 970, 690, 302, 1082, 371, 845, 346, 858, 1041, 1031, 84, 630, 508, 374, 444, 812, 315, 1002, 51, 738, 1081, 490, 29, 797, 256, 498, 204, 393, 822, 683, 440, 903, 362, 217, 167, 216, 381, 132, 689, 358, 115, 413, 675, 708, 419, 270, 322, 390, 1044, 546, 365, 218, 504, 403, 95, 1143, 48, 494, 128, 1112, 424, 770, 185, 245, 484, 242, 597, 662, 281, 1051, 1078, 1079]]
 2 [  0  24: 24 []]
-2 [327  24:740 [1857, 1176, 1155, 1757, 1815, 1695, 1615, 1873, 1803, 1183, 1820, 1791, 1732, 1738, 1865, 1331, 1686, 1734, 1907, 1894, 1872, 1881, 1632, 1866, 1175, 1914, 1809, 1169, 1174, 1317, 1759, 1837, 1891, 1697, 1377, 1704, 1650, 1678, 1647, 1677, 1856, 1180, 1708, 1735, 1701, 1606, 1608, 1609, 1668, 1636, 1742, 1792, 1781, 1771, 1887, 1582, 1629, 1807, 1905, 1814, 1380, 1737, 1658, 1888, 1167, 1754, 1728, 1770, 1901, 1619, 1840, 1885, 1379, 1799, 1328, 1900, 1712, 1692, 1806, 1602, 1610, 1876, 1721, 1745, 1689, 1669, 1567, 1248, 1604, 1730, 1651, 1903, 1904, 1566, 1753, 1711, 1594, 1705, 1747]]
-6 [483 764:779 [1857, 1176, 1847, 1155, 1789, 1860, 1757, 1880, 1783, 1826, 1815, 1695, 1615, 1873, 1803, 1183, 1820, 1791, 1732, 1738, 1710, 1865, 1611, 1331, 1878, 1686, 1734, 1843, 1751, 1907, 1894, 1872, 1881, 1802, 1632, 1866, 1849, 1175, 1914, 1809, 1169, 1174, 1317, 1698, 1759, 1837, 1891, 1697, 1855, 1377, 1916, 1707, 1845, 1897, 1861, 1704, 1650, 1846, 1844, 1678, 1693, 1699, 1854, 1920, 1741, 1647, 1677, 1856, 1180, 1708, 1735, 1701, 1606, 1608, 1609, 1668, 1636, 1702, 1742, 1792, 1781, 1771, 1887, 1582, 1629, 1644, 1807, 1905, 1814, 1718, 1380, 1737, 1635, 1658, 1896, 1842, 1763, 1888, 1167, 1754, 1728, 1706, 1808, 1758, 1859, 1770, 1673, 1724, 1901, 1619, 1840, 1787, 1827, 1685, 1885, 1671, 1379, 1522, 1774, 1688, 1799, 1794, 1328, 1900, 1712, 1692, 1806, 1691, 1602, 1610, 1876, 1874, 1667, 1721, 1745, 1689, 1669, 1709, 1567, 1248, 1604, 1687, 1730, 1651, 1790, 1811, 1784, 1903, 1904, 1725, 1566, 1683, 1753, 1764, 1711, 1594, 1705, 1747, 1899]]
-1 [483 779:779 [1857, 1176, 1847, 1155, 1789, 1860, 1757, 1880, 1783, 1826, 1815, 1695, 1615, 1873, 1803, 1183, 1820, 1791, 1732, 1738, 1710, 1865, 1611, 1331, 1878, 1686, 1734, 1843, 1751, 1907, 1894, 1872, 1881, 1802, 1632, 1866, 1849, 1175, 1914, 1809, 1169, 1174, 1317, 1698, 1759, 1837, 1891, 1697, 1855, 1377, 1916, 1707, 1845, 1897, 1861, 1704, 1650, 1846, 1844, 1678, 1693, 1699, 1854, 1920, 1741, 1647, 1677, 1856, 1180, 1708, 1735, 1701, 1606, 1608, 1609, 1668, 1636, 1702, 1742, 1792, 1781, 1771, 1887, 1582, 1629, 1644, 1807, 1905, 1814, 1718, 1380, 1737, 1635, 1658, 1896, 1842, 1763, 1888, 1167, 1754, 1728, 1706, 1808, 1758, 1859, 1770, 1673, 1724, 1901, 1619, 1840, 1787, 1827, 1685, 1885, 1671, 1379, 1522, 1774, 1688, 1799, 1794, 1328, 1900, 1712, 1692, 1806, 1691, 1602, 1610, 1876, 1874, 1667, 1721, 1745, 1689, 1669, 1709, 1567, 1248, 1604, 1687, 1730, 1651, 1790, 1811, 1784, 1903, 1904, 1725, 1566, 1683, 1753, 1764, 1711, 1594, 1705, 1747, 1899]]

Vehicle: 14  Cost: 0.00
Route: 1 6 -6 -1 
 1 [ 91   0:  0 [756, 587, 109, 252, 787, 646, 990, 155, 631, 608, 414, 215, 487, 907, 645, 986, 1100, 687, 1003, 429, 97, 916, 560, 942, 165, 592, 842, 380, 489, 984, 665, 1109, 580, 1108, 1116, 119, 78, 409, 163, 701, 77, 406, 452, 491, 1148, 915]]
 6 [  0   0:  0 []]
-6 [ 69   0:415 [1513, 1195, 1197, 1194, 1516, 1190, 1185, 1186, 1232, 1230, 1193, 1515, 1429, 1198, 1431, 1192, 1189, 1188, 1416, 1426, 1430, 1411, 1187, 1196, 1428, 1191, 1373, 1427, 1413]]
-1 [ 69 415:415 [1513, 1195, 1197, 1194, 1516, 1190, 1185, 1186, 1232, 1230, 1193, 1515, 1429, 1198, 1431, 1192, 1189, 1188, 1416, 1426, 1430, 1411, 1187, 1196, 1428, 1191, 1373, 1427, 1413]]

Vehicle: 15  Cost: 11.77
Route: 1 7 -7 -1 
 1 [376   0:  0 [515, 890, 863, 978, 1006, 696, 1012, 995, 1097, 803, 829, 340, 758, 860, 436, 156, 971, 856, 857, 1019, 1073, 120, 891, 671, 609, 114, 846, 980, 93, 599, 179, 763, 455, 295, 930, 540, 1075, 705, 751, 681, 153, 240, 1010, 275, 536, 277, 212, 762, 199, 948, 717, 591, 964, 1060, 957, 140, 241, 454, 904, 959, 261, 189, 1140, 12, 913, 588, 168, 615, 618, 13, 1027, 32, 1022, 874, 985, 265, 449, 68, 210, 180, 769, 458, 253, 70, 418, 632, 509, 387, 660, 547, 159, 635, 850, 1089, 914, 802, 1146, 925, 475, 651, 926, 793, 976, 447, 90, 1014, 771, 743, 312, 952, 656, 629, 124, 40, 1090, 606, 117, 1063, 924, 624, 746, 795, 785, 290, 337, 590, 350, 668, 462, 1147, 434, 400, 576, 61, 617, 244, 184, 476, 457, 286, 523, 839, 823, 1020, 1023, 174, 404, 506, 443, 382, 737, 426, 596, 539, 301, 514, 575, 799, 272, 650, 76, 213, 271, 345, 699, 935, 1113, 739, 108, 225, 561, 342, 297, 388, 837]]
 7 [  0   6:  6 []]
-7 [202   6:366 [1477, 1478, 1333, 1349, 1468, 1486, 1564, 1318, 1531, 1338, 1581, 1487, 1258, 1471, 1263, 1234, 1500, 1525, 1315, 1418, 1334, 1151, 1439, 1423, 1570, 1474, 1344, 1638, 1536, 1549, 1342, 1257, 1341, 1369, 1378, 1381, 1339, 1327, 1364, 1456, 1532, 1553, 1410, 1562, 1493, 1383, 1162, 1435, 1229, 1374, 1397, 1384, 1235, 1509, 1457, 1178, 1633, 1391, 1433, 1182, 1368, 1343, 1164, 1470, 1233, 1404, 1465, 1170, 1346, 1442, 1220, 1363, 1227, 1530, 1521, 1352, 1543, 1511, 1631, 1497, 1473, 1394, 1472, 1440, 1548, 1163, 1512, 1499, 1324, 1247, 1438, 1519, 1551, 1527, 1201, 1362, 1574, 1448, 1330, 1340, 1337, 1422, 1345, 1547, 1565, 1634]]
-1 [202 372:372 [1477, 1478, 1333, 1349, 1468, 1486, 1564, 1318, 1531, 1338, 1581, 1487, 1258, 1471, 1263, 1234, 1500, 1525, 1315, 1418, 1334, 1151, 1439, 1423, 1570, 1474, 1344, 1638, 1536, 1549, 1342, 1257, 1341, 1369, 1378, 1381, 1339, 1327, 1364, 1456, 1532, 1553, 1410, 1562, 1493, 1383, 1162, 1435, 1229, 1374, 1397, 1384, 1235, 1509, 1457, 1178, 1633, 1391, 1433, 1182, 1368, 1343, 1164, 1470, 1233, 1404, 1465, 1170, 1346, 1442, 1220, 1363, 1227, 1530, 1521, 1352, 1543, 1511, 1631, 1497, 1473, 1394, 1472, 1440, 1548, 1163, 1512, 1499, 1324, 1247, 1438, 1519, 1551, 1527, 1201, 1362, 1574, 1448, 1330, 1340, 1337, 1422, 1345, 1547, 1565, 1634]]

Vehicle: 16  Cost: 35.48
Route: 1 -6 -4 -1 
 1 [  0   0:  0 []]
-6 [ 15   0:779 [1620, 1657, 1587, 1641, 1796, 1654, 1595, 1588, 1616, 1630]]
-4 [ 43 797:879 [1736, 1911, 1919, 1908, 1917, 1620, 1869, 1657, 1587, 1605, 1641, 1831, 1830, 1796, 1810, 1715, 1833, 1828, 1834, 1654, 1595, 1785, 1588, 1616, 1630]]
-1 [ 43 896:896 [1736, 1911, 1919, 1908, 1917, 1620, 1869, 1657, 1587, 1605, 1641, 1831, 1830, 1796, 1810, 1715, 1833, 1828, 1834, 1654, 1595, 1785, 1588, 1616, 1630]]

Vehicle: 17  Cost: 0.00
Route: 1 -6 -1 
 1 [  0   0:  0 []]
-6 [ 15   0:779 [1481, 1621, 1158, 1626, 1592]]
-1 [ 15 779:779 [1481, 1621, 1158, 1626, 1592]]

Vehicle: 18  Cost: 0.00
Route: 1 -6 -1 
 1 [  0   0:  0 []]
-6 [ 14   0:537 [1172, 1152, 1444, 1171, 1149, 1459, 1462, 1246, 1417, 1156, 1449]]
-1 [ 14 537:537 [1172, 1152, 1444, 1171, 1149, 1459, 1462, 1246, 1417, 1156, 1449]]

Vehicle: 20  Cost: 20.32
Route: 1 5 -5 -1 
 1 [267   0:  0 [767, 928, 741, 807, 779, 765, 1087, 1050, 113, 38, 962, 1124, 479, 782, 238, 1119, 383, 72, 1069, 262, 435, 784, 1036, 695, 853, 745, 1096, 41, 851, 672, 534, 433, 459, 862, 548, 873, 50, 24, 1110, 47, 351, 319, 21, 747, 378, 947, 8, 686, 214, 249, 679, 86, 503, 481, 149, 713, 710, 520, 944, 1139, 369, 620, 144, 228, 879, 200, 266, 774, 865, 187, 936, 1101, 1004, 934, 817, 372, 604, 908, 222, 30, 836, 407, 542, 844, 572, 339, 1062, 715, 226, 889, 1123, 493, 375, 377, 379, 309, 332, 227, 46, 104, 35, 965, 869, 929, 893, 1034, 191, 537, 644, 570, 152, 208, 170, 300, 485, 329, 254, 169, 402, 593]]
 5 [  0  10: 10 []]
-5 [132  10:768 [1778, 1867, 1838, 1777, 1782, 1853, 1813, 1779, 1879, 1224, 1841, 1765, 1768, 1864, 1883, 1800, 1895, 1622, 1760, 1822, 1825, 1913, 1618, 1652, 1762, 1906, 1870, 1219, 1585, 1598, 1793, 1850, 1642, 1832, 1646, 1769, 1798, 1863, 1852, 1848, 1801, 1882, 1918, 1835, 1862, 1755, 1749, 1829, 1591, 1884, 1892, 1649, 1889, 1583, 1868, 1877, 1700, 1676, 1824, 1617, 1776, 1797, 1359, 1218, 1326, 1395, 1703, 1690, 1601, 1720, 1821, 1836, 1226, 1680, 1645, 1875, 1696, 1674, 1407, 1871]]
-1 [132 778:778 [1778, 1867, 1838, 1777, 1782, 1853, 1813, 1779, 1879, 1224, 1841, 1765, 1768, 1864, 1883, 1800, 1895, 1622, 1760, 1822, 1825, 1913, 1618, 1652, 1762, 1906, 1870, 1219, 1585, 1598, 1793, 1850, 1642, 1832, 1646, 1769, 1798, 1863, 1852, 1848, 1801, 1882, 1918, 1835, 1862, 1755, 1749, 1829, 1591, 1884, 1892, 1649, 1889, 1583, 1868, 1877, 1700, 1676, 1824, 1617, 1776, 1797, 1359, 1218, 1326, 1395, 1703, 1690, 1601, 1720, 1821, 1836, 1226, 1680, 1645, 1875, 1696, 1674, 1407, 1871]]

Vehicle: 23  Cost: 11.77
Route: 1 -7 -1 
 1 [  0   0:  0 []]
-7 [ 76   6:772 [1890, 1355, 1839, 1909, 1775, 1898, 1915, 1648, 1225, 1902, 1713, 1819, 1893, 1612, 1168, 1214, 1921, 1733, 1858, 1812, 1627, 1360, 1637, 1664, 1660, 1752, 1729, 1523, 1386, 1886, 1823]]
-1 [ 76 778:778 [1890, 1355, 1839, 1909, 1775, 1898, 1915, 1648, 1225, 1902, 1713, 1819, 1893, 1612, 1168, 1214, 1921, 1733, 1858, 1812, 1627, 1360, 1637, 1664, 1660, 1752, 1729, 1523, 1386, 1886, 1823]]

Vehicle: 25  Cost: 33.27
Route: 1 3 -3 -1 
 1 [ 63   0:  0 [875, 1131, 653, 801, 981, 796, 821, 614, 564, 958, 841, 831, 343, 273, 516, 899, 55, 243, 949, 96, 232, 963, 442, 81, 1024]]
 3 [  0  17: 17 []]
-3 [ 99  17:757 [1259, 1596, 1788, 1586, 1639, 1772, 1723, 1748, 1767, 1544, 1159, 1599, 1773, 1744, 1761, 1653, 1607, 1756, 1659, 1603, 1780, 1786, 1593, 1262, 1714, 1663, 1535, 1614, 1805, 1804, 1912, 1851, 1766, 1590, 1750, 1656, 1743, 1910, 1746, 1795]]
-1 [ 99 774:774 [1259, 1596, 1788, 1586, 1639, 1772, 1723, 1748, 1767, 1544, 1159, 1599, 1773, 1744, 1761, 1653, 1607, 1756, 1659, 1603, 1780, 1786, 1593, 1262, 1714, 1663, 1535, 1614, 1805, 1804, 1912, 1851, 1766, 1590, 1750, 1656, 1743, 1910, 1746, 1795]]

Vehicle: 201  Cost: 43.03
Route: 2 1180 546 1174 217 473 465 559 486 583 419 289 54 346 504 658 508 642 296 683 1745 1712 245 281 427 812 1031 1619 1002 1865 961 1051 773 1837 -2 
  2 [48  24: 54]
1180 [52  60: 65]
546 [51 180:185]
1174 [53 300:305]
217 [52 306:311]
473 [47 313:318]
465 [42 318:323]
559 [40 325:330]
486 [39 332:337]
583 [38 338:343]
419 [37 344:349]
289 [36 351:356]
 54 [34 356:361]
346 [32 361:366]
504 [27 368:373]
658 [26 373:378]
508 [21 379:384]
642 [19 385:390]
296 [18 391:396]
683 [17 398:403]
1745 [18 420:425]
1712 [19 427:432]
245 [18 540:545]
281 [17 546:551]
427 [16 551:556]
812 [15 660:665]
1031 [14 667:672]
1619 [15 673:678]
1002 [12 680:685]
1865 [13 687:692]
961 [12 692:697]
1051 [11 698:703]
773 [10 703:708]
1837 [15 711:716]
 -2 [15 718:718]

Vehicle: 202  Cost: 56.37
Route: 2 1248 218 662 80 1604 1602 1609 1606 358 597 416 484 110 413 311 1705 1711 1669 1692 1668 1701 1704 1697 1686 37 1792 395 621 1566 1317 1183 1695 1754 1814 1820 1815 1328 1331 1747 255 1781 65 401 586 353 960 1900 1042 859 858 1742 1809 1872 1094 1137 -2 
  2 [30  24: 48]
1248 [31  60: 65]
218 [30 180:185]
662 [29 187:192]
 80 [28 194:199]
1604 [33 300:305]
1602 [38 305:310]
1609 [43 310:315]
1606 [48 315:320]
358 [47 320:325]
597 [46 327:332]
416 [45 332:337]
484 [42 337:342]
110 [41 343:348]
413 [40 351:356]
311 [39 356:361]
1705 [44 420:425]
1711 [45 425:430]
1669 [50 430:435]
1692 [55 435:440]
1668 [60 440:445]
1701 [65 445:450]
1704 [70 450:455]
1697 [71 455:460]
1686 [73 460:465]
 37 [72 540:545]
1792 [74 549:554]
395 [73 555:560]
621 [72 561:566]
1566 [77 567:572]
1317 [78 573:578]
1183 [83 578:583]
1695 [88 584:589]
1754 [93 590:595]
1814 [98 596:601]
1820 [103 601:606]
1815 [108 606:611]
1328 [109 611:616]
1331 [110 616:621]
1747 [111 621:626]
255 [108 627:632]
1781 [110 634:639]
 65 [109 639:644]
401 [108 646:651]
586 [107 651:656]
353 [106 656:661]
960 [105 661:666]
1900 [109 669:674]
1042 [108 674:679]
859 [105 680:685]
858 [104 685:690]
1742 [114 692:697]
1809 [115 697:702]
1872 [116 702:707]
1094 [115 711:716]
1137 [114 718:723]
 -2 [114 723:723]

Vehicle: 203  Cost: 102.78
Route: 2 381 365 270 444 167 424 440 728 347 352 866 776 1134 1044 1143 788 903 700 1082 872 1078 1129 1068 822 1117 809 790 1112 877 770 1079 1088 895 766 867 970 845 738 1093 1141 1084 -2 
  2 [91  24:177]
381 [89 180:185]
365 [88 189:194]
270 [85 194:199]
444 [84 540:545]
167 [83 552:557]
424 [78 569:574]
440 [73 574:579]
728 [70 596:601]
347 [65 660:665]
352 [60 665:670]
866 [59 674:679]
776 [58 680:685]
1134 [53 686:691]
1044 [52 692:697]
1143 [51 699:704]
788 [50 706:711]
903 [48 713:718]
700 [47 720:725]
1082 [46 725:730]
872 [45 731:736]
1078 [42 737:742]
1129 [39 743:748]
1068 [35 748:753]
822 [33 754:759]
1117 [32 761:766]
809 [31 767:772]
790 [30 774:779]
1112 [29 786:791]
877 [28 799:804]
770 [27 808:813]
1079 [23 816:821]
1088 [21 821:826]
895 [20 828:833]
766 [19 834:839]
867 [18 840:845]
970 [13 846:851]
845 [ 8 851:856]
738 [ 3 856:861]
1093 [ 2 862:867]
1141 [ 1 868:873]
1084 [ 0 875:880]
 -2 [ 0 882:882]

Vehicle: 204  Cost: 47.38
Route: 2 118 498 675 53 1799 29 522 201 45 1757 505 127 1175 1176 230 48 195 544 721 1803 1169 1888 1914 1907 1873 973 1904 1905 1081 1615 -2 
  2 [34  24:180]
118 [33 180:185]
498 [32 186:191]
675 [31 191:196]
 53 [30 540:545]
1799 [31 545:550]
 29 [26 552:557]
522 [21 559:564]
201 [16 566:571]
 45 [15 573:578]
1757 [25 578:583]
505 [20 584:589]
127 [19 590:595]
1175 [29 596:601]
1176 [39 601:606]
230 [38 610:615]
 48 [37 622:627]
195 [36 632:637]
544 [35 639:644]
721 [34 645:650]
1803 [39 650:655]
1169 [43 656:661]
1888 [44 661:666]
1914 [47 666:671]
1907 [52 674:679]
1873 [57 679:684]
973 [55 686:691]
1904 [56 694:699]
1905 [57 699:704]
1081 [56 706:711]
1615 [57 713:718]
 -2 [57 721:721]

Vehicle: 205  Cost: 49.51
Route: 2 393 1708 428 494 1650 1791 302 1771 733 88 492 260 499 1728 1734 1732 1807 1806 612 1903 814 1167 1881 870 1857 1866 797 1005 -2 
  2 [34  24:179]
393 [33 180:185]
1708 [38 420:425]
428 [36 540:545]
494 [31 546:551]
1650 [36 554:559]
1791 [39 560:565]
302 [38 570:575]
1771 [40 575:580]
733 [39 582:587]
 88 [29 588:593]
492 [24 595:600]
260 [22 601:606]
499 [21 611:616]
1728 [22 617:622]
1734 [23 622:627]
1732 [24 627:632]
1807 [29 633:638]
1806 [34 638:643]
612 [33 645:650]
1903 [34 660:665]
814 [33 669:674]
1167 [37 674:679]
1881 [42 681:686]
870 [40 688:693]
1857 [45 694:699]
1866 [48 702:707]
797 [47 709:714]
1005 [46 718:723]
 -2 [46 724:724]

Vehicle: 207  Cost: 77.79
Route: 2 84 291 709 242 630 690 1567 1582 403 132 684 115 437 185 279 611 674 315 718 355 471 1594 362 294 708 1647 1610 680 102 204 374 299 535 1721 1737 1735 1738 1677 1379 1380 1377 1651 1678 1759 256 202 196 216 567 543 1876 982 999 1114 125 1155 864 1840 1891 742 -2 
  2 [88  24:176]
 84 [87 180:185]
291 [85 188:193]
709 [84 193:198]
242 [81 201:206]
630 [80 207:212]
690 [79 214:219]
1567 [82 221:226]
1582 [85 226:231]
403 [80 233:238]
132 [79 239:244]
684 [78 245:250]
115 [77 251:256]
437 [76 258:263]
185 [75 264:269]
279 [74 270:275]
611 [73 275:280]
674 [72 280:285]
315 [71 288:293]
718 [66 293:298]
355 [65 298:303]
471 [64 304:309]
1594 [69 309:314]
362 [68 315:320]
294 [67 322:327]
708 [66 330:335]
1647 [68 335:340]
1610 [73 342:347]
680 [68 348:353]
102 [64 354:359]
204 [63 360:365]
374 [62 365:370]
299 [59 370:375]
535 [58 375:380]
1721 [63 420:425]
1737 [66 428:433]
1735 [69 433:438]
1738 [72 438:443]
1677 [74 444:449]
1379 [76 449:454]
1380 [78 454:459]
1377 [79 459:464]
1651 [80 466:471]
1678 [85 474:479]
1759 [90 540:545]
256 [88 547:552]
202 [83 553:558]
196 [71 564:569]
216 [66 569:574]
567 [62 575:580]
543 [58 584:589]
1876 [59 660:665]
982 [58 667:672]
999 [57 672:677]
1114 [55 679:684]
125 [53 685:690]
1155 [55 691:696]
864 [54 697:702]
1840 [59 702:707]
1891 [60 709:714]
742 [59 716:721]
 -2 [59 725:725]

Vehicle: 208  Cost: 59.41
Route: 2 1608 577 181 1658 1636 390 322 111 386 178 689 99 128 1632 1689 1629 1730 566 198 371 1770 14 1753 507 51 490 173 338 528 1894 1887 1041 1077 1901 830 1856 95 1885 -2 
  2 [60  24:298]
1608 [64 300:305]
577 [63 309:314]
181 [62 316:321]
1658 [63 321:326]
1636 [65 327:332]
390 [64 333:338]
322 [63 340:345]
111 [62 346:351]
386 [59 351:356]
178 [58 357:362]
689 [57 362:367]
 99 [56 367:372]
128 [51 373:378]
1632 [56 380:385]
1689 [61 420:425]
1629 [62 432:437]
1730 [65 438:443]
566 [60 540:545]
198 [55 545:550]
371 [54 553:558]
1770 [55 560:565]
 14 [54 565:570]
1753 [59 570:575]
507 [56 577:582]
 51 [55 584:589]
490 [54 590:595]
173 [39 597:602]
338 [38 602:607]
528 [33 608:613]
1894 [34 660:665]
1887 [35 665:670]
1041 [34 670:675]
1077 [33 676:681]
1901 [34 686:691]
830 [33 696:701]
1856 [38 703:708]
 95 [35 711:716]
1885 [36 719:724]
 -2 [36 725:725]

Vehicle: 301  Cost: 70.53
Route: 3 150 324 1590 1639 1596 333 126 52 1593 87 466 1262 1259 1586 229 1659 526 1653 653 162 636 66 610 1663 1599 1656 1714 1743 1744 20 1795 716 370 1786 27 190 1756 1780 293 697 963 875 188 764 344 923 1017 950 849 1049 1061 1052 -3 
  3 [80  32:178]
150 [79 180:185]
324 [78 187:192]
1590 [79 300:305]
1639 [80 305:310]
1596 [81 310:315]
333 [80 316:321]
126 [79 323:328]
 52 [74 328:333]
1593 [75 334:339]
 87 [74 344:349]
466 [71 351:356]
1262 [81 357:362]
1259 [91 362:367]
1586 [92 368:373]
229 [91 374:379]
1659 [92 380:385]
526 [91 387:392]
1653 [92 392:397]
653 [91 397:402]
162 [86 402:407]
636 [85 407:412]
 66 [84 413:418]
610 [79 419:424]
1663 [82 425:430]
1599 [83 434:439]
1656 [84 440:445]
1714 [85 447:452]
1743 [86 455:460]
1744 [87 460:465]
 20 [77 540:545]
1795 [78 547:552]
716 [76 555:560]
370 [75 562:567]
1786 [76 570:575]
 27 [75 579:584]
190 [72 586:591]
1756 [73 594:599]
1780 [74 600:605]
293 [73 605:610]
697 [68 612:617]
963 [63 660:665]
875 [60 665:670]
188 [55 672:677]
764 [53 679:684]
344 [48 685:690]
923 [47 691:696]
1017 [46 697:702]
950 [45 702:707]
849 [44 708:713]
1049 [41 715:720]
1061 [40 722:727]
1052 [39 728:733]
 -3 [39 733:733]

Vehicle: 302  Cost: 40.41
Route: 3 1460 1211 1213 1240 1238 1165 1358 1217 1437 385 734 327 1476 1323 430 469 194 1518 1524 248 1580 1578 1571 677 1542 1414 161 1550 1250 563 1643 107 343 1661 1717 1722 -3 
  3 [20  32: 57]
1460 [21  60: 65]
1211 [22  67: 72]
1213 [23  72: 77]
1240 [24  77: 82]
1238 [25  82: 87]
1165 [26  88: 93]
1358 [27  94: 99]
1217 [28 101:106]
1437 [33 108:113]
385 [32 180:185]
734 [31 186:191]
327 [30 192:197]
1476 [35 198:203]
1323 [36 204:209]
430 [35 209:214]
469 [34 215:220]
194 [33 221:226]
1518 [34 227:232]
1524 [35 234:239]
248 [34 240:245]
1580 [37 246:251]
1578 [38 251:256]
1571 [39 256:261]
677 [35 262:267]
1542 [37 268:273]
1414 [38 275:280]
161 [33 283:288]
1550 [36 289:294]
1250 [39 295:300]
563 [38 300:305]
1643 [39 305:310]
107 [38 312:317]
343 [36 318:323]
1661 [38 420:425]
1717 [39 426:431]
1722 [40 432:437]
 -3 [40 440:440]

Vehicle: 303  Cost: 54.23
Route: 3 96 801 920 1076 1099 983 1054 772 981 958 998 564 1048 988 841 1098 1128 840 821 956 796 1133 601 775 1121 246 236 861 906 826 824 1039 1040 996 1024 748 966 1070 -3 
  3 [91  32:179]
 96 [88 180:185]
801 [87 660:665]
920 [86 666:671]
1076 [84 671:676]
1099 [83 679:684]
983 [82 687:692]
1054 [81 692:697]
772 [80 697:702]
981 [75 703:708]
958 [74 709:714]
998 [73 715:720]
564 [68 723:728]
1048 [63 730:735]
988 [62 735:740]
841 [60 742:747]
1098 [59 750:755]
1128 [57 755:760]
840 [55 760:765]
821 [54 767:772]
956 [53 773:778]
796 [52 779:784]
1133 [51 785:790]
601 [46 793:798]
775 [45 799:804]
1121 [44 807:812]
246 [24 813:818]
236 [23 821:826]
861 [20 827:832]
906 [19 834:839]
826 [18 840:845]
824 [17 847:852]
1039 [16 853:858]
1040 [10 861:866]
996 [ 9 866:871]
1024 [ 8 872:877]
748 [ 3 878:883]
966 [ 2 884:889]
1070 [ 0 890:895]
 -3 [ 0 898:898]

Vehicle: 304  Cost: 32.14
Route: 3 614 1748 1750 280 288 438 442 405 364 91 267 264 154 818 1772 512 918 927 1026 992 1131 55 789 1037 1159 1761 -3 
  3 [69  32:179]
614 [64 180:185]
1748 [65 420:425]
1750 [66 540:545]
280 [61 545:550]
288 [56 552:557]
438 [53 559:564]
442 [49 564:569]
405 [48 570:575]
364 [43 577:582]
 91 [42 584:589]
267 [37 590:595]
264 [32 595:600]
154 [30 601:606]
818 [29 660:665]
1772 [31 667:672]
512 [30 673:678]
918 [29 678:683]
927 [28 683:688]
1026 [27 690:695]
992 [22 696:701]
1131 [20 702:707]
 55 [10 709:714]
789 [ 9 715:720]
1037 [ 4 721:726]
1159 [ 5 728:733]
1761 [ 6 734:739]
 -3 [ 6 742:742]

Vehicle: 305  Cost: 46.56
Route: 3 203 565 171 1723 34 33 31 1805 49 688 1804 1766 1788 331 1767 1773 373 287 134 317 81 73 899 1851 759 1603 1607 954 888 1071 815 1106 1535 949 -3 
  3 [97  32:177]
203 [94 180:185]
565 [93 186:191]
171 [92 191:196]
1723 [93 420:425]
 34 [88 540:545]
 33 [68 545:550]
 31 [48 550:555]
1805 [49 558:563]
 49 [44 564:569]
688 [43 571:576]
1804 [44 579:584]
1766 [45 585:590]
1788 [46 590:595]
331 [31 595:600]
1767 [32 602:607]
1773 [37 608:613]
373 [35 616:621]
287 [30 623:628]
134 [29 630:635]
317 [26 637:642]
 81 [23 642:647]
 73 [22 649:654]
899 [21 660:665]
1851 [22 666:671]
759 [19 671:676]
1603 [30 677:682]
1607 [40 682:687]
954 [39 687:692]
888 [37 695:700]
1071 [36 701:706]
815 [35 707:712]
1106 [34 713:718]
1535 [46 718:723]
949 [45 725:730]
 -3 [45 731:731]

Vehicle: 306  Cost: 16.71
Route: 3 205 243 516 1746 44 1614 157 391 1910 1912 828 1035 757 1544 831 1105 -3 
  3 [15  32:179]
205 [14 180:185]
243 [13 186:191]
516 [12 192:197]
1746 [17 420:425]
 44 [16 540:545]
1614 [17 546:551]
157 [16 552:557]
391 [15 558:563]
1910 [16 660:665]
1912 [17 665:670]
828 [12 670:675]
1035 [11 675:680]
757 [10 682:687]
1544 [11 689:694]
831 [10 695:700]
1105 [ 9 701:706]
 -3 [ 9 707:707]

Vehicle: 307  Cost: 35.88
Route: 3 1320 1319 1321 1322 1419 1316 1424 1496 257 659 711 1561 273 274 525 250 1529 1504 1557 1579 232 -3 
  3 [15  32: 53]
1320 [16  60: 65]
1319 [17  65: 70]
1321 [18  70: 75]
1322 [19  75: 80]
1419 [20  85: 90]
1316 [21  91: 96]
1424 [22  97:102]
1496 [23 180:185]
257 [22 188:193]
659 [19 198:203]
711 [18 206:211]
1561 [19 212:217]
273 [17 218:223]
274 [12 223:228]
525 [11 230:235]
250 [10 236:241]
1529 [11 242:247]
1504 [12 250:255]
1557 [13 255:260]
1579 [14 260:265]
232 [13 266:271]
 -3 [13 272:272]

Vehicle: 309  Cost: 46.92
Route: 3 1447 1436 1261 1202 1443 1251 1252 1399 1401 1402 1400 1228 366 551 147 1568 276 1464 231 1405 1584 1488 1546 1560 1541 605 360 89 1573 1545 724 1597 1675 1694 1662 -3 
  3 [18  32: 59]
1447 [19  60: 65]
1436 [20  67: 72]
1261 [21  72: 77]
1202 [22  85: 90]
1443 [23  91: 96]
1251 [26  97:102]
1252 [27 103:108]
1399 [28 112:117]
1401 [29 117:122]
1402 [30 122:127]
1400 [31 127:132]
1228 [32 134:139]
366 [31 180:185]
551 [30 185:190]
147 [29 193:198]
1568 [31 200:205]
276 [29 208:213]
1464 [30 213:218]
231 [29 218:223]
1405 [30 224:229]
1584 [31 230:235]
1488 [32 235:240]
1546 [33 240:245]
1560 [35 246:251]
1541 [38 251:256]
605 [33 257:262]
360 [28 262:267]
 89 [27 268:273]
1573 [28 274:279]
1545 [29 281:286]
724 [28 288:293]
1597 [29 300:305]
1675 [30 420:425]
1694 [31 425:430]
1662 [32 434:439]
 -3 [32 440:440]

Vehicle: 401  Cost: 22.19
Route: 4 1308 1293 1265 1280 1279 1272 1286 1302 1295 1306 1274 1291 1275 1264 1267 1285 1297 1309 1298 1313 1300 1276 1282 1329 1507 1520 130 1506 666 1406 1533 1421 524 336 1371 397 1403 568 549 1540 425 1528 1563 -4 
  4 [13  18: 59]
1308 [14  60: 65]
1293 [15  65: 70]
1265 [16  70: 75]
1280 [17  75: 80]
1279 [18  80: 85]
1272 [19  85: 90]
1286 [20  90: 95]
1302 [21  95:100]
1295 [22 100:105]
1306 [23 105:110]
1274 [24 110:115]
1291 [25 115:120]
1275 [26 120:125]
1264 [27 125:130]
1267 [28 130:135]
1285 [29 135:140]
1297 [30 140:145]
1309 [31 145:150]
1298 [32 150:155]
1313 [33 155:160]
1300 [34 160:165]
1276 [35 165:170]
1282 [36 170:175]
1329 [41 176:181]
1507 [44 181:186]
1520 [49 188:193]
130 [48 194:199]
1506 [49 200:205]
666 [48 206:211]
1406 [50 211:216]
1533 [51 217:222]
1421 [52 224:229]
524 [51 230:235]
336 [50 237:242]
1371 [51 243:248]
397 [47 249:254]
1403 [49 255:260]
568 [48 260:265]
549 [45 265:270]
1540 [48 271:276]
425 [47 276:281]
1528 [48 283:288]
1563 [51 289:294]
 -4 [51 296:296]

Vehicle: 402  Cost: 32.96
Route: 4 1281 1271 1305 1284 1311 1303 1283 1266 1301 1273 1288 1310 1270 1296 1307 1269 1304 1203 1209 1208 1204 1205 1207 1206 206 456 1556 313 1503 142 143 1484 533 349 348 1451 712 193 1577 83 1453 1450 1466 123 702 483 235 619 511 -4 
  4 [37  18: 59]
1281 [38  60: 65]
1271 [39  65: 70]
1305 [40  70: 75]
1284 [41  75: 80]
1311 [42  80: 85]
1303 [43  85: 90]
1283 [44  90: 95]
1266 [45  95:100]
1301 [46 100:105]
1273 [47 105:110]
1288 [48 110:115]
1310 [49 115:120]
1270 [50 120:125]
1296 [51 125:130]
1307 [52 130:135]
1269 [53 135:140]
1304 [54 140:145]
1203 [56 146:151]
1209 [58 151:156]
1208 [60 156:161]
1204 [62 161:166]
1205 [64 166:171]
1207 [66 171:176]
1206 [68 176:181]
206 [65 182:187]
456 [64 188:193]
1556 [69 194:199]
313 [68 199:204]
1503 [69 204:209]
142 [68 210:215]
143 [67 215:220]
1484 [72 220:225]
533 [71 225:230]
349 [66 231:236]
348 [61 236:241]
1451 [66 243:248]
712 [65 250:255]
193 [64 257:262]
1577 [69 265:270]
 83 [65 272:277]
1453 [66 278:283]
1450 [67 283:288]
1466 [68 290:295]
123 [67 296:301]
702 [62 303:308]
483 [59 308:313]
235 [58 314:319]
619 [56 322:327]
511 [55 329:334]
 -4 [55 337:337]

Vehicle: 403  Cost: 58.87
Route: 4 1260 1223 1354 1389 1184 1351 1221 1382 1361 1153 1177 1396 1392 1398 1390 1166 1347 1332 101 258 1461 1222 1256 1237 1492 1485 1489 1420 334 1469 1463 1475 175 1212 613 11 1508 691 1575 172 306 63 627 729 478 -4 
  4 [23  18: 58]
1260 [25  60: 65]
1223 [26  67: 72]
1354 [28  78: 83]
1389 [29  84: 89]
1184 [30  90: 95]
1351 [31  98:103]
1221 [32 105:110]
1382 [33 114:119]
1361 [35 120:125]
1153 [40 126:131]
1177 [41 132:137]
1396 [42 139:144]
1392 [43 144:149]
1398 [44 149:154]
1390 [45 154:159]
1166 [46 160:165]
1347 [47 167:172]
1332 [48 174:179]
101 [47 180:185]
258 [46 187:192]
1461 [47 194:199]
1222 [48 199:204]
1256 [49 204:209]
1237 [50 209:214]
1492 [51 216:221]
1485 [52 221:226]
1489 [53 226:231]
1420 [54 232:237]
334 [53 237:242]
1469 [54 243:248]
1463 [55 248:253]
1475 [56 253:258]
175 [52 259:264]
1212 [55 265:270]
613 [53 270:275]
 11 [52 275:280]
1508 [54 281:286]
691 [53 289:294]
1575 [54 295:300]
172 [53 302:307]
306 [52 308:313]
 63 [51 315:320]
627 [46 320:325]
729 [43 328:333]
478 [42 337:342]
 -4 [42 343:343]

Vehicle: 404  Cost: 58.24
Route: 4 318 497 578 268 82 74 58 461 510 224 292 553 121 223 488 740 912 919 1016 60 808 1015 768 1083 777 810 1066 979 887 825 754 816 1065 900 972 783 798 931 932 933 881 781 477 1103 760 894 1067 1144 1085 847 843 827 1043 885 750 749 1145 -4 
  4 [122  18:538]
318 [121 540:545]
497 [120 546:551]
578 [118 552:557]
268 [117 560:565]
 82 [116 567:572]
 74 [111 572:577]
 58 [110 577:582]
461 [109 582:587]
510 [104 588:593]
224 [103 596:601]
292 [102 603:608]
553 [101 611:616]
121 [100 617:622]
223 [99 622:627]
488 [98 627:632]
740 [96 660:665]
912 [95 665:670]
919 [91 670:675]
1016 [90 676:681]
 60 [86 682:687]
808 [85 688:693]
1015 [84 693:698]
768 [81 698:703]
1083 [80 704:709]
777 [78 710:715]
810 [76 715:720]
1066 [75 722:727]
979 [73 727:732]
887 [72 734:739]
825 [71 739:744]
754 [67 745:750]
816 [66 752:757]
1065 [61 758:763]
900 [59 763:768]
972 [57 770:775]
783 [56 776:781]
798 [51 782:787]
931 [46 789:794]
932 [41 794:799]
933 [38 799:804]
881 [37 805:810]
781 [34 814:819]
477 [33 819:824]
1103 [32 825:830]
760 [31 834:839]
894 [29 839:844]
1067 [28 844:849]
1144 [27 850:855]
1085 [26 855:860]
847 [21 860:865]
843 [18 865:870]
827 [17 870:875]
1043 [12 876:881]
885 [11 883:888]
750 [ 6 888:893]
749 [ 1 893:898]
1145 [ 0 899:904]
 -4 [ 0 909:909]

Vehicle: 405  Cost: 72.44
Route: 4 1353 1348 1154 1336 1181 1412 1432 1445 1446 1388 1387 1255 1367 1215 1434 1210 1161 1454 518 94 305 1537 731 1559 574 451 616 725 389 308 1385 723 220 1157 448 1555 1494 137 693 727 654 532 1600 1625 251 1624 1366 -4 
  4 [37  18: 58]
1353 [39  60: 65]
1348 [40  65: 70]
1154 [43  72: 77]
1336 [44  78: 83]
1181 [49  84: 89]
1412 [50  91: 96]
1432 [55  99:104]
1445 [58 106:111]
1446 [61 113:118]
1388 [64 119:124]
1387 [69 124:129]
1255 [71 133:138]
1367 [74 141:146]
1215 [75 149:154]
1434 [76 154:159]
1210 [77 160:165]
1161 [78 168:173]
1454 [81 175:180]
518 [79 181:186]
 94 [78 188:193]
305 [77 194:199]
1537 [79 199:204]
731 [78 205:210]
1559 [80 211:216]
574 [79 217:222]
451 [78 223:228]
616 [76 228:233]
725 [71 234:239]
389 [70 240:245]
308 [65 246:251]
1385 [66 253:258]
723 [61 260:265]
220 [58 269:274]
1157 [63 276:281]
448 [61 281:286]
1555 [66 288:293]
1494 [67 296:301]
137 [66 304:309]
693 [65 310:315]
727 [63 316:321]
654 [62 321:326]
532 [61 327:332]
1600 [66 333:338]
1625 [69 339:344]
251 [68 345:350]
1624 [69 352:357]
1366 [79 358:363]
 -4 [79 366:366]

Vehicle: 406  Cost: 39.52
Route: 4 1356 1160 1393 1365 1409 1241 1242 1244 1243 1482 1552 519 531 1458 412 1375 398 234 558 1526 71 354 633 411 304 239 720 722 410 1534 637 182 638 652 148 145 641 639 67 1640 -4 
  4 [55  18: 57]
1356 [56  60: 65]
1160 [57  67: 72]
1393 [59  75: 80]
1365 [62  83: 88]
1409 [63  91: 96]
1241 [64  99:104]
1242 [65 104:109]
1244 [66 109:114]
1243 [67 114:119]
1482 [68 180:185]
1552 [70 188:193]
519 [69 193:198]
531 [67 198:203]
1458 [68 203:208]
412 [67 209:214]
1375 [68 216:221]
398 [67 222:227]
234 [64 228:233]
558 [63 233:238]
1526 [68 239:244]
 71 [67 245:250]
354 [63 251:256]
633 [62 257:262]
411 [61 262:267]
304 [60 269:274]
239 [59 275:280]
720 [54 281:286]
722 [49 286:291]
410 [48 292:297]
1534 [53 297:302]
637 [51 302:307]
182 [50 307:312]
638 [47 312:317]
652 [46 317:322]
148 [41 322:327]
145 [36 327:332]
641 [34 332:337]
639 [32 337:342]
 67 [27 343:348]
1640 [29 348:353]
 -4 [29 358:358]

Vehicle: 407  Cost: 76.05
Route: 4 1425 1239 1335 1216 1350 1415 1200 376 356 1502 1498 1558 1572 1517 682 626 116 1569 1510 673 112 501 628 1483 1655 357 -4 
  4 [23  18: 57]
1425 [28  60: 65]
1239 [30  65: 70]
1335 [35  72: 77]
1216 [37  78: 83]
1350 [40  83: 88]
1415 [41  97:102]
1200 [42 118:123]
376 [41 180:185]
356 [40 201:206]
1502 [41 213:218]
1498 [42 218:223]
1558 [43 226:231]
1572 [44 232:237]
1517 [46 237:242]
682 [45 243:248]
626 [40 249:254]
116 [39 254:259]
1569 [41 262:267]
1510 [42 267:272]
673 [39 275:280]
112 [38 282:287]
501 [37 288:293]
628 [32 295:300]
1483 [37 300:305]
1655 [38 305:310]
357 [34 313:318]
 -4 [34 320:320]

Vehicle: 408  Cost: 75.12
Route: 4 1290 1289 1292 1294 1277 1278 1287 1314 1299 1268 1312 1408 1254 1253 1249 1245 1452 1370 1357 1491 634 1376 571 1538 1467 541 263 131 129 335 1236 625 573 1554 1514 1179 146 1490 1628 221 1372 135 106 431 363 233 719 -4 
  4 [34  18: 59]
1290 [35  60: 65]
1289 [36  65: 70]
1292 [37  70: 75]
1294 [38  75: 80]
1277 [39  80: 85]
1278 [40  85: 90]
1287 [41  90: 95]
1314 [42  95:100]
1299 [43 100:105]
1268 [44 105:110]
1312 [45 110:115]
1408 [46 116:121]
1254 [47 125:130]
1253 [48 130:135]
1249 [50 136:141]
1245 [51 141:146]
1452 [52 152:157]
1370 [53 161:166]
1357 [54 176:181]
1491 [55 181:186]
634 [53 187:192]
1376 [57 194:199]
571 [56 205:210]
1538 [57 210:215]
1467 [58 217:222]
541 [55 224:229]
263 [50 229:234]
131 [49 236:241]
129 [48 241:246]
335 [47 249:254]
1236 [48 255:260]
625 [45 261:266]
573 [44 268:273]
1554 [49 274:279]
1514 [50 279:284]
1179 [52 287:292]
146 [49 292:297]
1490 [50 298:303]
1628 [51 305:310]
221 [50 311:316]
1372 [51 317:322]
135 [50 324:329]
106 [47 331:336]
431 [42 340:345]
363 [41 347:352]
233 [40 353:358]
719 [39 361:366]
 -4 [39 369:369]

Vehicle: 409  Cost: 55.14
Route: 4 678 794 805 735 937 1736 892 1021 1132 1605 1142 1919 968 1136 974 1127 909 975 896 755 752 753 835 977 997 1045 910 792 955 946 945 -4 
  4 [45  18:539]
678 [44 540:545]
794 [43 660:665]
805 [42 665:670]
735 [41 671:676]
937 [40 677:682]
1736 [41 682:687]
892 [39 692:697]
1021 [34 698:703]
1132 [31 705:710]
1605 [41 714:719]
1142 [40 720:725]
1919 [41 728:733]
968 [40 735:740]
1136 [39 741:746]
974 [38 746:751]
1127 [35 754:759]
909 [34 759:764]
975 [32 765:770]
896 [30 774:779]
755 [29 783:788]
752 [28 788:793]
753 [27 793:798]
835 [25 799:804]
977 [23 805:810]
997 [22 816:821]
1045 [21 824:829]
910 [20 831:836]
792 [18 836:841]
955 [16 841:846]
946 [13 849:854]
945 [12 857:862]
 -4 [12 864:864]

Vehicle: 410  Cost: 47.64
Route: 4 602 23 1715 1785 704 661 269 538 474 594 209 876 1104 884 1058 1057 1055 1059 1056 736 622 706 1028 1135 898 902 901 820 938 989 991 987 1125 1009 1092 581 921 56 1130 838 1095 800 -4 
  4 [73  18:179]
602 [72 180:185]
 23 [71 540:545]
1715 [72 546:551]
1785 [77 552:557]
704 [76 560:565]
661 [75 568:573]
269 [74 573:578]
538 [72 581:586]
474 [68 586:591]
594 [67 592:597]
209 [66 598:603]
876 [64 660:665]
1104 [63 665:670]
884 [60 671:676]
1058 [58 676:681]
1057 [56 681:686]
1055 [54 686:691]
1059 [52 691:696]
1056 [50 696:701]
736 [45 702:707]
622 [44 707:712]
706 [43 714:719]
1028 [38 720:725]
1135 [37 726:731]
898 [35 732:737]
902 [34 737:742]
901 [32 742:747]
820 [31 748:753]
938 [30 753:758]
989 [29 760:765]
991 [28 765:770]
987 [27 770:775]
1125 [25 776:781]
1009 [24 782:787]
1092 [19 789:794]
581 [17 795:800]
921 [16 802:807]
 56 [14 810:815]
1130 [13 815:820]
838 [12 822:827]
1095 [11 832:837]
800 [ 6 838:843]
 -4 [ 6 849:849]

Vehicle: 411  Cost: 30.57
Route: 4 555 164 1102 1080 1834 1828 1833 1830 1831 1025 1810 813 1908 1120 791 1018 1917 1911 1869 69 1007 882 138 819 878 75 806 1038 871 761 868 -4 
  4 [47  18:538]
555 [42 540:545]
164 [41 546:551]
1102 [37 660:665]
1080 [35 666:671]
1834 [36 672:677]
1828 [37 677:682]
1833 [38 682:687]
1830 [39 687:692]
1831 [40 692:697]
1025 [36 699:704]
1810 [37 705:710]
813 [35 711:716]
1908 [36 718:723]
1120 [35 724:729]
791 [34 729:734]
1018 [29 735:740]
1917 [30 743:748]
1911 [31 748:753]
1869 [32 755:760]
 69 [25 760:765]
1007 [24 766:771]
882 [21 772:777]
138 [20 778:783]
819 [19 783:788]
878 [17 790:795]
 75 [16 796:801]
806 [14 802:807]
1038 [13 808:813]
871 [12 815:820]
761 [11 820:825]
868 [10 826:831]
 -4 [10 833:833]

Vehicle: 501  Cost: 24.59
Route: 5 644 715 351 169 459 570 332 1226 1218 1583 1219 1224 1762 339 35 1779 620 679 372 378 383 47 50 208 1601 1835 1848 1852 1850 782 1853 1821 962 862 873 965 1124 1101 879 1123 1895 -5 
  5 [50  10:178]
644 [49 180:185]
715 [47 185:190]
351 [46 190:195]
169 [45 195:200]
459 [44 200:205]
570 [43 206:211]
332 [38 211:216]
1226 [39 540:545]
1218 [40 545:550]
1583 [41 550:555]
1219 [42 555:560]
1224 [43 560:565]
1762 [44 566:571]
339 [40 571:576]
 35 [39 576:581]
1779 [41 583:588]
620 [40 588:593]
679 [39 594:599]
372 [37 600:605]
378 [34 605:610]
383 [30 610:615]
 47 [29 615:620]
 50 [28 620:625]
208 [27 627:632]
1601 [28 632:637]
1835 [29 660:665]
1848 [30 665:670]
1852 [31 670:675]
1850 [32 675:680]
782 [31 680:685]
1853 [32 685:690]
1821 [33 692:697]
962 [30 699:704]
862 [28 705:710]
873 [23 711:716]
965 [22 716:721]
1124 [21 723:728]
1101 [17 729:734]
879 [16 735:740]
1123 [15 740:745]
1895 [16 746:751]
 -5 [16 753:753]

Vehicle: 502  Cost: 27.34
Route: 5 86 266 1359 254 1326 214 226 402 433 1119 1884 1882 1879 1776 1883 1782 1777 1778 1892 1050 1824 1841 851 1829 -5 
  5 [24  10:539]
 86 [23 540:545]
266 [18 547:552]
1359 [19 553:558]
254 [14 559:564]
1326 [15 564:569]
214 [14 571:576]
226 [13 579:584]
402 [12 586:591]
433 [11 591:596]
1119 [ 8 660:665]
1884 [ 9 667:672]
1882 [10 672:677]
1879 [11 677:682]
1776 [14 682:687]
1883 [16 687:692]
1782 [18 692:697]
1777 [21 697:702]
1778 [24 702:707]
1892 [25 710:715]
1050 [24 720:725]
1824 [25 725:730]
1841 [26 730:735]
851 [21 738:743]
1829 [22 743:748]
 -5 [22 751:751]

Vehicle: 503  Cost: 43.46
Route: 5 485 1645 1618 309 481 1622 1642 1652 713 1585 1591 1617 262 1598 1649 1646 1674 1676 1680 1800 104 249 24 30 1797 1793 8 329 170 686 503 1868 1863 1870 1864 1877 807 1906 1139 149 944 767 747 1096 774 1087 836 -5 
  5 [56  10:179]
485 [51 180:185]
1645 [52 300:305]
1618 [53 305:310]
309 [52 312:317]
481 [51 317:322]
1622 [52 323:328]
1642 [53 328:333]
1652 [54 334:339]
713 [49 339:344]
1585 [51 345:350]
1591 [53 351:356]
1617 [55 358:363]
262 [54 363:368]
1598 [55 368:373]
1649 [56 374:379]
1646 [58 379:384]
1674 [59 420:425]
1676 [60 425:430]
1680 [61 431:436]
1800 [62 540:545]
104 [61 547:552]
249 [58 553:558]
 24 [57 560:565]
 30 [47 568:573]
1797 [48 574:579]
1793 [49 579:584]
  8 [48 587:592]
329 [43 593:598]
170 [41 599:604]
686 [40 606:611]
503 [39 612:617]
1868 [40 660:665]
1863 [41 665:670]
1870 [42 670:675]
1864 [43 675:680]
1877 [44 683:688]
807 [42 688:693]
1906 [45 694:699]
1139 [43 701:706]
149 [41 706:711]
944 [39 712:717]
767 [34 719:724]
747 [33 724:729]
1096 [32 729:734]
774 [31 734:739]
1087 [30 739:744]
836 [29 746:751]
 -5 [29 752:752]

Vehicle: 505  Cost: 24.17
Route: 5 407 1395 493 537 144 1798 46 1749 369 534 1836 1034 1871 1875 908 1822 1825 893 1889 1801 1838 947 -5 
  5 [16  10:538]
407 [15 540:545]
1395 [16 546:551]
493 [12 553:558]
537 [11 559:564]
144 [10 564:569]
1798 [12 569:574]
 46 [11 576:581]
1749 [15 584:589]
369 [14 590:595]
534 [13 596:601]
1836 [16 660:665]
1034 [15 666:671]
1871 [16 672:677]
1875 [18 677:682]
908 [17 682:687]
1822 [18 688:693]
1825 [19 693:698]
893 [17 698:703]
1889 [19 707:712]
1801 [22 712:717]
1838 [26 718:723]
947 [24 724:729]
 -5 [24 731:731]

Vehicle: 506  Cost: 22.65
Route: 5 1720 191 187 300 72 1769 1768 1765 227 228 1755 542 1862 1918 934 817 1004 1069 889 844 929 1832 745 1062 1110 -5 
  5 [37  10:417]
1720 [38 420:425]
191 [36 540:545]
187 [34 545:550]
300 [33 551:556]
 72 [31 557:562]
1769 [32 563:568]
1768 [33 568:573]
1765 [34 573:578]
227 [29 579:584]
228 [24 584:589]
1755 [25 592:597]
542 [24 598:603]
1862 [25 660:665]
1918 [26 665:670]
934 [25 670:675]
817 [23 677:682]
1004 [22 682:687]
1069 [17 688:693]
889 [16 694:699]
844 [15 700:705]
929 [10 705:710]
1832 [11 711:716]
745 [10 718:723]
1062 [ 9 724:729]
1110 [ 8 730:735]
 -5 [ 8 736:736]

Vehicle: 514  Cost: 39.95
Route: 5 152 1696 1703 1700 1407 520 710 604 200 548 319 593 41 695 21 435 113 379 377 375 1690 238 672 572 1760 479 1036 779 1867 741 765 928 936 1913 1813 38 865 853 222 869 784 -5 
  5 [84  10:177]
152 [83 180:185]
1696 [88 420:425]
1703 [93 425:430]
1700 [98 430:435]
1407 [99 436:441]
520 [94 540:545]
710 [89 547:552]
604 [84 553:558]
200 [83 558:563]
548 [82 564:569]
319 [67 570:575]
593 [66 578:583]
 41 [65 584:589]
695 [64 590:595]
 21 [63 596:601]
435 [62 602:607]
113 [59 608:613]
379 [55 614:619]
377 [51 619:624]
375 [46 624:629]
1690 [48 629:634]
238 [47 636:641]
672 [45 641:646]
572 [44 647:652]
1760 [45 652:657]
479 [44 658:663]
1036 [43 663:668]
779 [42 668:673]
1867 [46 673:678]
741 [45 680:685]
765 [40 686:691]
928 [35 692:697]
936 [34 698:703]
1913 [39 704:709]
1813 [44 709:714]
 38 [43 716:721]
865 [39 722:727]
853 [38 728:733]
222 [37 734:739]
869 [36 740:745]
784 [33 745:750]
 -5 [33 753:753]

Vehicle: 601  Cost: 54.34
Route: 6 701 687 9 1481 703 166 79 359 141 139 136 1635 160 1709 1683 1667 1691 1688 1685 1702 1699 1693 1698 786 1878 1789 811 969 1046 787 953 1030 984 1126 915 1003 942 470 -6 
  6 [52   0:179]
701 [51 180:185]
687 [50 185:190]
  9 [49 192:197]
1481 [51 197:202]
703 [46 204:209]
166 [41 211:216]
 79 [36 217:222]
359 [35 224:229]
141 [30 230:235]
139 [29 235:240]
136 [24 240:245]
1635 [25 300:305]
160 [24 305:310]
1709 [25 420:425]
1683 [26 540:545]
1667 [27 545:550]
1691 [28 550:555]
1688 [29 555:560]
1685 [30 560:565]
1702 [31 565:570]
1699 [32 570:575]
1693 [33 575:580]
1698 [36 580:585]
786 [35 660:665]
1878 [37 665:670]
1789 [42 670:675]
811 [41 692:697]
969 [40 701:706]
1046 [38 707:712]
787 [37 712:717]
953 [32 718:723]
1030 [31 723:728]
984 [30 729:734]
1126 [29 734:739]
915 [27 739:744]
1003 [24 745:750]
942 [23 750:755]
470 [22 755:760]
 -6 [22 761:761]

Vehicle: 602  Cost: 36.36
Route: 6 283 1621 600 1620 282 1706 1522 25 314 316 521 415 421 417 420 408 36 569 1783 607 608 399 595 446 330 905 1001 1842 1844 1846 1845 1843 1847 940 916 886 1032 1861 1053 1111 917 986 1896 -6 
  6 [48   0:179]
283 [47 180:185]
1621 [49 300:305]
600 [44 306:311]
1620 [45 313:318]
282 [44 319:324]
1706 [46 420:425]
1522 [50 426:431]
 25 [49 540:545]
314 [48 546:551]
316 [47 551:556]
521 [42 558:563]
415 [41 564:569]
421 [40 569:574]
417 [39 574:579]
420 [38 579:584]
408 [37 584:589]
 36 [36 590:595]
569 [35 596:601]
1783 [38 602:607]
607 [37 608:613]
608 [32 613:618]
399 [31 619:624]
595 [30 625:630]
446 [29 633:638]
330 [28 639:644]
905 [27 660:665]
1001 [22 666:671]
1842 [24 673:678]
1844 [25 678:683]
1846 [26 683:688]
1845 [27 688:693]
1843 [28 693:698]
1847 [29 698:703]
940 [28 703:708]
916 [26 709:714]
886 [25 714:719]
1032 [24 720:725]
1861 [25 726:731]
1053 [24 732:737]
1111 [23 738:743]
917 [21 744:749]
986 [20 751:756]
1896 [21 756:761]
 -6 [21 762:762]

Vehicle: 603  Cost: 72.61
Route: 6 694 119 103 560 361 406 1588 441 452 219 584 664 429 1587 396 328 1592 1673 1724 530 467 122 1764 472 158 247 1758 133 64 19 1108 1122 852 990 1011 1100 1741 1107 1808 907 1116 92 1072 855 -6 
  6 [71   0:179]
694 [70 180:185]
119 [69 186:191]
103 [68 192:197]
560 [67 198:203]
361 [66 205:210]
406 [61 213:218]
1588 [62 300:305]
441 [61 306:311]
452 [56 311:316]
219 [55 318:323]
584 [54 324:329]
664 [49 331:336]
429 [48 348:353]
1587 [49 353:358]
396 [47 358:363]
328 [45 371:376]
1592 [50 377:382]
1673 [51 420:425]
1724 [52 431:436]
530 [51 540:545]
467 [46 547:552]
122 [43 552:557]
1764 [45 559:564]
472 [40 565:570]
158 [35 570:575]
247 [34 576:581]
1758 [35 582:587]
133 [30 588:593]
 64 [29 595:600]
 19 [28 600:605]
1108 [27 660:665]
1122 [26 667:672]
852 [25 673:678]
990 [21 678:683]
1011 [20 685:690]
1100 [19 690:695]
1741 [24 695:700]
1107 [23 702:707]
1808 [27 708:713]
907 [26 713:718]
1116 [25 719:724]
 92 [24 726:731]
1072 [22 732:737]
855 [21 740:745]
 -6 [21 747:747]

Vehicle: 604  Cost: 22.73
Route: 6 598 325 207 384 439 1763 15 550 557 1086 1118 744 778 780 1033 804 1920 911 922 1707 1710 26 943 1644 1916 -6 
  6 [38 401:416]
598 [37 418:423]
325 [36 540:545]
207 [31 546:551]
384 [30 553:558]
439 [29 559:564]
1763 [30 565:570]
 15 [29 572:577]
550 [27 580:585]
557 [25 586:591]
1086 [24 660:665]
1118 [22 665:670]
744 [21 670:675]
778 [16 676:681]
780 [11 681:686]
1033 [ 7 686:691]
804 [ 6 693:698]
1920 [ 7 699:704]
911 [ 5 705:710]
922 [ 4 712:717]
1707 [ 7 717:722]
1710 [ 8 722:727]
 26 [ 7 727:732]
943 [ 6 733:738]
1644 [13 740:745]
1916 [14 745:750]
 -6 [14 750:750]

Vehicle: 605  Cost: 14.76
Route: 6 1191 1196 1187 1188 1189 1192 1198 1193 1186 1185 1190 1194 1197 1195 1501 1576 1480 1455 692 647 1325 1539 109 489 57 1173 487 307 730 645 529 665 1505 1495 1199 320 -6 
  6 [20   0: 60]
1191 [21  60: 65]
1196 [22  65: 70]
1187 [23  70: 75]
1188 [24  75: 80]
1189 [25  80: 85]
1192 [26  85: 90]
1198 [27  90: 95]
1193 [28  95:100]
1186 [29 100:105]
1185 [30 105:110]
1190 [31 110:115]
1194 [32 115:120]
1197 [33 120:125]
1195 [34 125:130]
1501 [35 180:185]
1576 [36 185:190]
1480 [38 190:195]
1455 [39 197:202]
692 [38 204:209]
647 [37 211:216]
1325 [39 216:221]
1539 [41 221:226]
109 [36 226:231]
489 [35 232:237]
 57 [34 237:242]
1173 [40 242:247]
487 [39 247:252]
307 [38 253:258]
730 [37 259:264]
645 [36 264:269]
529 [35 269:274]
665 [30 275:280]
1505 [31 280:285]
1495 [36 287:292]
1199 [41 292:297]
320 [40 299:304]
 -6 [40 305:305]

Vehicle: 606  Cost: 57.52
Route: 6 657 100 1654 237 105 409 1616 1641 1657 176 556 527 1626 1718 1687 1671 1725 1802 1751 432 211 183 22 10 587 445 259 685 554 562 670 676 663 667 367 482 480 155 1854 834 883 165 833 897 1827 1826 756 1899 1860 1148 1091 1109 1064 993 -6 
  6 [92   0:178]
657 [91 180:185]
100 [90 185:190]
1654 [91 300:305]
237 [86 305:310]
105 [85 311:316]
409 [82 316:321]
1616 [83 323:328]
1641 [84 328:333]
1657 [86 333:338]
176 [84 340:345]
556 [83 346:351]
527 [79 352:357]
1626 [80 358:363]
1718 [85 420:425]
1687 [90 426:431]
1671 [91 432:437]
1725 [95 438:443]
1802 [96 540:545]
1751 [98 545:550]
432 [93 551:556]
211 [92 556:561]
183 [91 565:570]
 22 [86 570:575]
 10 [82 577:582]
587 [81 583:588]
445 [78 589:594]
259 [75 595:600]
685 [71 601:606]
554 [70 606:611]
562 [67 612:617]
670 [62 618:623]
676 [57 623:628]
663 [56 628:633]
667 [51 633:638]
367 [50 640:645]
482 [49 645:650]
480 [46 651:656]
155 [43 657:662]
1854 [45 663:668]
834 [40 669:674]
883 [39 676:681]
165 [38 682:687]
833 [33 691:696]
897 [32 697:702]
1827 [37 704:709]
1826 [42 709:714]
756 [41 714:719]
1899 [46 722:727]
1860 [51 727:732]
1148 [50 734:739]
1091 [49 740:745]
1109 [48 745:750]
1064 [47 751:756]
993 [46 756:761]
 -6 [46 764:764]

Vehicle: 607  Cost: 46.45
Route: 6 1413 1411 1230 1427 1428 1430 1426 1431 1429 1232 310 468 368 1513 496 698 726 732 39 97 1516 582 707 1515 1373 495 85 151 453 1479 1416 545 450 631 623 580 1441 491 585 579 592 380 1818 1816 1817 603 1589 -6 
  6 [58   0: 59]
1413 [59  60: 65]
1411 [64  69: 74]
1230 [65  75: 80]
1427 [70  82: 87]
1428 [75  87: 92]
1430 [80  92: 97]
1426 [85  97:102]
1431 [90 102:107]
1429 [95 107:112]
1232 [100 114:119]
310 [99 180:185]
468 [98 186:191]
368 [96 193:198]
1513 [97 198:203]
496 [95 203:208]
698 [94 209:214]
726 [89 215:220]
732 [87 220:225]
 39 [86 226:231]
 97 [85 233:238]
1516 [86 238:243]
582 [85 244:249]
707 [84 250:255]
1515 [89 256:261]
1373 [94 262:267]
495 [92 268:273]
 85 [91 274:279]
151 [90 280:285]
453 [87 285:290]
1479 [88 292:297]
1416 [89 298:303]
545 [84 304:309]
450 [83 309:314]
631 [78 315:320]
623 [73 320:325]
580 [68 325:330]
1441 [69 331:336]
491 [66 337:342]
585 [61 343:348]
579 [60 350:355]
592 [59 359:364]
380 [58 365:370]
1818 [63 370:375]
1816 [68 375:380]
1817 [73 380:385]
603 [72 386:391]
1589 [73 395:400]
 -6 [73 400:400]

Vehicle: 608  Cost: 45.62
Route: 6 423 77 321 1158 1630 1595 18 1784 28 1787 43 1811 669 62 59 1855 1874 1859 1897 1849 1013 967 880 1611 1115 1138 994 1047 842 1008 941 -6 
  6 [27   0:177]
423 [26 180:185]
 77 [25 186:191]
321 [24 193:198]
1158 [29 300:305]
1630 [31 307:312]
1595 [32 312:317]
 18 [29 540:545]
1784 [32 545:550]
 28 [31 551:556]
1787 [32 557:562]
 43 [30 563:568]
1811 [31 571:576]
669 [30 576:581]
 62 [29 583:588]
 59 [28 590:595]
1855 [29 660:665]
1874 [30 667:672]
1859 [31 672:677]
1897 [32 677:682]
1849 [35 684:689]
1013 [34 691:696]
967 [33 698:703]
880 [31 703:708]
1611 [46 708:713]
1115 [45 717:722]
1138 [41 723:728]
994 [40 729:734]
1047 [39 735:740]
842 [38 743:748]
1008 [37 752:757]
941 [35 757:762]
 -6 [35 763:763]

Vehicle: 610  Cost: 21.01
Route: 6 500 1796 1790 16 460 17 1794 298 285 284 197 394 1774 502 848 1880 1029 1000 326 951 854 832 939 1074 -6 
  6 [52 401:416]
500 [51 418:423]
1796 [55 540:545]
1790 [56 545:550]
 16 [52 551:556]
460 [47 557:562]
 17 [46 563:568]
1794 [51 569:574]
298 [50 575:580]
285 [45 580:585]
284 [40 585:590]
197 [39 592:597]
394 [38 598:603]
1774 [54 604:609]
502 [49 609:614]
848 [48 660:665]
1880 [49 667:672]
1029 [48 673:678]
1000 [47 679:684]
326 [46 685:690]
951 [45 692:697]
854 [44 697:702]
832 [34 703:708]
939 [29 710:715]
1074 [27 716:721]
 -6 [27 721:721]

Vehicle: 611  Cost: 65.71
Route: 6 1449 1444 1156 1246 1417 1171 1172 1149 1150 1152 655 513 589 177 192 252 42 643 1459 78 552 414 215 1462 392 464 98 341 1231 714 163 278 463 323 1613 648 646 422 303 517 649 640 186 1716 1681 1684 1679 1682 1672 1726 1731 1740 1727 1623 1670 1739 1665 1666 1719 -6 
  6 [64   0: 59]
1449 [65  60: 65]
1444 [66  70: 75]
1156 [67  77: 82]
1246 [68  86: 91]
1417 [69  93: 98]
1171 [70  99:104]
1172 [71 104:109]
1149 [72 110:115]
1150 [73 180:185]
1152 [74 185:190]
655 [69 191:196]
513 [68 199:204]
589 [63 205:210]
177 [60 211:216]
192 [57 218:223]
252 [54 223:228]
 42 [53 229:234]
643 [52 234:239]
1459 [56 240:245]
 78 [55 246:251]
552 [50 251:256]
414 [49 258:263]
215 [48 265:270]
1462 [49 271:276]
392 [44 277:282]
464 [43 283:288]
 98 [42 288:293]
341 [37 294:299]
1231 [42 300:305]
714 [37 306:311]
163 [34 311:316]
278 [33 317:322]
463 [32 323:328]
323 [31 329:334]
1613 [32 334:339]
648 [31 340:345]
646 [30 345:350]
422 [29 351:356]
303 [28 356:361]
517 [25 361:366]
649 [24 367:372]
640 [22 372:377]
186 [21 378:383]
1716 [22 420:425]
1681 [23 427:432]
1684 [24 432:437]
1679 [25 437:442]
1682 [26 442:447]
1672 [27 451:456]
1726 [28 458:463]
1731 [29 463:468]
1740 [30 468:473]
1727 [31 473:478]
1623 [32 482:487]
1670 [35 491:496]
1739 [36 499:504]
1665 [37 504:509]
1666 [40 512:517]
1719 [43 517:522]
 -6 [43 522:522]

Vehicle: 701  Cost: 33.43
Route: 7 1340 1442 1394 1163 609 120 1499 312 1374 1410 509 1532 590 1527 632 1220 1497 90 1162 -7 
  7 [12   6: 55]
1340 [13  60: 65]
1442 [17  68: 73]
1394 [18  75: 80]
1163 [19  82: 87]
609 [18 180:185]
120 [17 185:190]
1499 [22 191:196]
312 [20 197:202]
1374 [21 202:207]
1410 [23 207:212]
509 [22 212:217]
1532 [23 219:224]
590 [22 225:230]
1527 [23 232:237]
632 [18 239:244]
1220 [19 246:251]
1497 [20 255:260]
 90 [19 261:266]
1162 [21 268:273]
 -7 [21 276:276]

Vehicle: 702  Cost: 50.14
Route: 7 213 225 1648 1733 443 457 458 418 1915 739 1012 904 1886 1902 1890 1020 957 978 1858 -7 
  7 [20   6:177]
213 [19 180:185]
225 [17 186:191]
1648 [18 300:305]
1733 [19 420:425]
443 [17 540:545]
457 [15 547:552]
458 [12 552:557]
418 [11 558:563]
1915 [12 660:665]
739 [11 666:671]
1012 [10 671:676]
904 [ 9 677:682]
1886 [14 698:703]
1902 [19 703:708]
1890 [24 708:713]
1020 [22 728:733]
957 [21 734:739]
978 [18 739:744]
1858 [20 745:750]
 -7 [20 757:757]

Vehicle: 703  Cost: 32.31
Route: 7 635 1548 159 1543 671 277 1487 1470 1465 179 1440 1500 1565 536 1564 436 241 240 1553 575 576 -7 
  7 [23   6:177]
635 [22 180:185]
1548 [27 186:191]
159 [26 193:198]
1543 [27 201:206]
671 [26 209:214]
277 [25 215:220]
1487 [26 220:225]
1470 [27 228:233]
1465 [28 233:238]
179 [27 242:247]
1440 [32 250:255]
1500 [37 255:260]
1565 [38 261:266]
536 [37 267:272]
1564 [40 273:278]
436 [35 279:284]
241 [34 286:291]
240 [33 291:296]
1553 [37 297:302]
575 [32 303:308]
576 [27 308:313]
 -7 [27 314:314]

Vehicle: 704  Cost: 69.05
Route: 7 1448 1363 1257 1337 1178 1333 1418 1334 1435 1330 1324 1342 1315 1338 1318 1341 1345 1170 540 1512 1581 629 93 1530 1562 447 140 1471 114 117 717 455 1574 591 1397 1474 1468 1478 382 180 1638 124 199 337 1473 -7 
  7 [28   6: 56]
1448 [29  60: 65]
1363 [31  70: 75]
1257 [36  78: 83]
1337 [37  83: 88]
1178 [39  91: 96]
1333 [40  96:101]
1418 [42 103:108]
1334 [43 109:114]
1435 [48 117:122]
1330 [49 123:128]
1324 [50 128:133]
1342 [51 133:138]
1315 [52 138:143]
1338 [53 143:148]
1318 [54 148:153]
1341 [59 155:160]
1345 [60 165:170]
1170 [61 172:177]
540 [59 180:185]
1512 [60 187:192]
1581 [61 192:197]
629 [58 197:202]
 93 [57 204:209]
1530 [58 210:215]
1562 [59 217:222]
447 [57 224:229]
140 [56 230:235]
1471 [57 236:241]
114 [56 242:247]
117 [55 249:254]
717 [53 256:261]
455 [52 265:270]
1574 [53 270:275]
591 [50 276:281]
1397 [51 284:289]
1474 [52 290:295]
1468 [53 295:300]
1478 [54 300:305]
382 [52 306:311]
180 [51 312:317]
1638 [53 318:323]
124 [52 324:329]
199 [47 331:336]
337 [45 338:343]
1473 [47 344:349]
 -7 [47 351:351]

Vehicle: 705  Cost: 70.74
Route: 7 596 153 561 189 271 297 699 462 40 265 212 547 523 515 1023 863 926 1140 737 856 860 751 948 795 976 964 746 829 846 1097 743 1014 599 449 959 1010 930 793 1113 1006 758 762 980 763 839 799 802 1073 857 925 1019 1060 1146 -7 
  7 [114   6:539]
596 [109 540:545]
153 [105 547:552]
561 [100 554:559]
189 [99 559:564]
271 [94 566:571]
297 [89 573:578]
699 [85 581:586]
462 [84 590:595]
 40 [83 596:601]
265 [82 603:608]
212 [81 608:613]
547 [80 614:619]
523 [75 623:628]
515 [70 628:633]
1023 [69 660:665]
863 [68 667:672]
926 [63 673:678]
1140 [62 678:683]
737 [61 684:689]
856 [60 689:694]
860 [59 694:699]
751 [58 700:705]
948 [57 708:713]
795 [56 717:722]
976 [55 724:729]
964 [54 730:735]
746 [51 735:740]
829 [50 742:747]
846 [49 747:752]
1097 [44 753:758]
743 [43 759:764]
1014 [38 766:771]
599 [37 773:778]
449 [32 778:783]
959 [31 783:788]
1010 [28 789:794]
930 [27 795:800]
793 [26 800:805]
1113 [25 806:811]
1006 [24 812:817]
758 [23 817:822]
762 [22 824:829]
980 [19 830:835]
763 [18 836:841]
839 [17 843:848]
799 [12 849:854]
802 [ 9 855:860]
1073 [ 7 862:867]
857 [ 5 869:874]
925 [ 3 874:879]
1019 [ 2 880:885]
1060 [ 1 886:891]
1146 [ 0 894:899]
 -7 [ 0 900:900]

Vehicle: 706  Cost: 27.61
Route: 7 1660 1664 13 388 1752 624 1627 1063 475 914 913 1075 1893 1898 890 1360 1909 1355 823 -7 
  7 [22   6:418]
1660 [23 420:425]
1664 [25 430:435]
 13 [20 540:545]
388 [19 546:551]
1752 [20 553:558]
624 [19 660:665]
1627 [24 666:671]
1063 [23 671:676]
475 [18 677:682]
914 [17 684:689]
913 [15 690:695]
1075 [13 695:700]
1893 [14 701:706]
1898 [15 706:711]
890 [13 712:717]
1360 [18 718:723]
1909 [19 723:728]
1355 [24 728:733]
823 [22 735:740]
 -7 [22 745:745]

Vehicle: 707  Cost: 52.03
Route: 7 1362 1383 1438 1422 1457 1164 1391 1344 1384 1381 1378 1227 1263 1369 1368 1182 1327 1439 1343 650 340 615 1472 1536 705 1339 696 301 1551 1519 156 253 1511 1493 1151 345 12 1547 290 261 275 -7 
  7 [34   6: 56]
1362 [36  60: 65]
1383 [38  67: 72]
1438 [39  72: 77]
1422 [44  79: 84]
1457 [49  84: 89]
1164 [54  94: 99]
1391 [55 101:106]
1344 [56 108:113]
1384 [57 115:120]
1381 [62 120:125]
1378 [64 125:130]
1227 [69 132:137]
1263 [74 138:143]
1369 [79 144:149]
1368 [80 149:154]
1182 [81 154:159]
1327 [82 161:166]
1439 [87 168:173]
1343 [88 173:178]
650 [87 180:185]
340 [86 186:191]
615 [81 192:197]
1472 [82 198:203]
1536 [83 203:208]
705 [78 210:215]
1339 [79 216:221]
696 [78 222:227]
301 [75 229:234]
1551 [76 235:240]
1519 [77 242:247]
156 [73 247:252]
253 [68 254:259]
1511 [69 260:265]
1493 [70 265:270]
1151 [71 271:276]
345 [70 278:283]
 12 [69 284:289]
1547 [71 290:295]
290 [70 295:300]
261 [67 302:307]
275 [64 307:312]
 -7 [64 314:314]

Vehicle: 708  Cost: 35.45
Route: 7 426 76 1523 1225 506 660 681 404 1775 350 454 70 68 1812 32 295 476 400 342 1027 1022 935 769 1090 1089 1386 985 1214 1147 924 -7 
  7 [65   6:178]
426 [60 180:185]
 76 [59 186:191]
1523 [61 193:198]
1225 [62 420:425]
506 [59 540:545]
660 [58 547:552]
681 [57 553:558]
404 [47 559:564]
1775 [49 564:569]
350 [48 570:575]
454 [46 575:580]
 70 [42 581:586]
 68 [38 586:591]
1812 [39 593:598]
 32 [34 599:604]
295 [33 606:611]
476 [32 614:619]
400 [27 619:624]
342 [22 625:630]
1027 [20 660:665]
1022 [19 666:671]
935 [16 672:677]
769 [15 678:683]
1090 [14 688:693]
1089 [13 693:698]
1386 [18 698:703]
985 [17 705:710]
1214 [18 712:717]
1147 [13 718:723]
924 [12 724:729]
 -7 [12 730:730]

Vehicle: 709  Cost: 98.24
Route: 7 1201 1346 1233 1235 1229 1404 1433 1423 1234 1247 1456 1364 1258 1486 1477 651 1521 1549 1525 1352 1349 606 1570 174 656 286 434 1509 1531 1634 1631 1633 387 108 168 514 -7 
  7 [20   6: 54]
1201 [21  60: 65]
1346 [25  71: 76]
1233 [26  78: 83]
1235 [27  83: 88]
1229 [28  88: 93]
1404 [29  94: 99]
1433 [30 101:106]
1423 [31 107:112]
1234 [32 113:118]
1247 [35 119:124]
1456 [36 133:138]
1364 [37 138:143]
1258 [42 163:168]
1486 [47 180:185]
1477 [52 185:190]
651 [51 204:209]
1521 [52 216:221]
1549 [53 230:235]
1525 [54 237:242]
1352 [55 243:248]
1349 [56 248:253]
606 [55 255:260]
1570 [56 263:268]
174 [51 269:274]
656 [46 274:279]
286 [45 281:286]
434 [44 286:291]
1509 [45 291:296]
1531 [46 297:302]
1634 [47 302:307]
1631 [48 307:312]
1633 [49 312:317]
387 [48 318:323]
108 [47 325:330]
168 [44 330:335]
514 [43 337:342]
 -7 [43 344:344]

Vehicle: 710  Cost: 51.32
Route: 7 539 668 588 244 272 184 1168 617 618 1637 1612 210 61 1729 1713 1819 1823 771 785 1921 837 952 1839 803 874 971 891 850 995 -7 
  7 [38   6:178]
539 [37 180:185]
668 [36 186:191]
588 [31 192:197]
244 [30 200:205]
272 [27 207:212]
184 [22 212:217]
1168 [24 300:305]
617 [23 306:311]
618 [22 311:316]
1637 [23 316:321]
1612 [24 323:328]
210 [23 328:333]
 61 [22 334:339]
1729 [23 420:425]
1713 [28 435:440]
1819 [33 540:545]
1823 [38 660:665]
771 [37 673:678]
785 [36 680:685]
1921 [37 686:691]
837 [32 692:697]
952 [31 698:703]
1839 [32 705:710]
803 [28 711:716]
874 [27 717:722]
971 [26 723:728]
891 [25 730:735]
850 [23 737:742]
995 [22 743:748]
 -7 [22 751:751]

Total Cost: 2717.06
 11:33.27, 750:750 [1, 6, 3, -3, -6, -1]
 12:35.48, 532:750 [1, 4, -4, 6, -6, -1]
 13:47.75, 483:750 [1, 2, -2, -6, -1]
 14:0.00, 91:750 [1, 6, -6, -1]
 15:11.77, 376:750 [1, 7, -7, -1]
 16:35.48, 43:750 [1, -6, -4, -1]
 17:0.00, 15:750 [1, -6, -1]
 18:0.00, 14:750 [1, -6, -1]
 20:20.32, 267:750 [1, 5, -5, -1]
 23:11.77, 76:750 [1, -7, -1]
 25:33.27, 99:750 [1, 3, -3, -1]
201:43.03, 53:160 [2, 1180, 546, 1174, 217, 473, 465, 559, 486, 583, 419, 289, 54, 346, 504, 658, 508, 642, 296, 683, 1745, 1712, 245, 281, 427, 812, 1031, 1619, 1002, 1865, 961, 1051, 773, 1837, -2]
202:56.37, 116:160 [2, 1248, 218, 662, 80, 1604, 1602, 1609, 1606, 358, 597, 416, 484, 110, 413, 311, 1705, 1711, 1669, 1692, 1668, 1701, 1704, 1697, 1686, 37, 1792, 395, 621, 1566, 1317, 1183, 1695, 1754, 1814, 1820, 1815, 1328, 1331, 1747, 255, 1781, 65, 401, 586, 353, 960, 1900, 1042, 859, 858, 1742, 1809, 1872, 1094, 1137, -2]
203:102.78, 91:160 [2, 381, 365, 270, 444, 167, 424, 440, 728, 347, 352, 866, 776, 1134, 1044, 1143, 788, 903, 700, 1082, 872, 1078, 1129, 1068, 822, 1117, 809, 790, 1112, 877, 770, 1079, 1088, 895, 766, 867, 970, 845, 738, 1093, 1141, 1084, -2]
204:47.38, 57:160 [2, 118, 498, 675, 53, 1799, 29, 522, 201, 45, 1757, 505, 127, 1175, 1176, 230, 48, 195, 544, 721, 1803, 1169, 1888, 1914, 1907, 1873, 973, 1904, 1905, 1081, 1615, -2]
205:49.51, 48:160 [2, 393, 1708, 428, 494, 1650, 1791, 302, 1771, 733, 88, 492, 260, 499, 1728, 1734, 1732, 1807, 1806, 612, 1903, 814, 1167, 1881, 870, 1857, 1866, 797, 1005, -2]
207:77.79, 90:160 [2, 84, 291, 709, 242, 630, 690, 1567, 1582, 403, 132, 684, 115, 437, 185, 279, 611, 674, 315, 718, 355, 471, 1594, 362, 294, 708, 1647, 1610, 680, 102, 204, 374, 299, 535, 1721, 1737, 1735, 1738, 1677, 1379, 1380, 1377, 1651, 1678, 1759, 256, 202, 196, 216, 567, 543, 1876, 982, 999, 1114, 125, 1155, 864, 1840, 1891, 742, -2]
208:59.41, 65:160 [2, 1608, 577, 181, 1658, 1636, 390, 322, 111, 386, 178, 689, 99, 128, 1632, 1689, 1629, 1730, 566, 198, 371, 1770, 14, 1753, 507, 51, 490, 173, 338, 528, 1894, 1887, 1041, 1077, 1901, 830, 1856, 95, 1885, -2]
301:70.53, 92:160 [3, 150, 324, 1590, 1639, 1596, 333, 126, 52, 1593, 87, 466, 1262, 1259, 1586, 229, 1659, 526, 1653, 653, 162, 636, 66, 610, 1663, 1599, 1656, 1714, 1743, 1744, 20, 1795, 716, 370, 1786, 27, 190, 1756, 1780, 293, 697, 963, 875, 188, 764, 344, 923, 1017, 950, 849, 1049, 1061, 1052, -3]
302:40.41, 40:160 [3, 1460, 1211, 1213, 1240, 1238, 1165, 1358, 1217, 1437, 385, 734, 327, 1476, 1323, 430, 469, 194, 1518, 1524, 248, 1580, 1578, 1571, 677, 1542, 1414, 161, 1550, 1250, 563, 1643, 107, 343, 1661, 1717, 1722, -3]
303:54.23, 91:160 [3, 96, 801, 920, 1076, 1099, 983, 1054, 772, 981, 958, 998, 564, 1048, 988, 841, 1098, 1128, 840, 821, 956, 796, 1133, 601, 775, 1121, 246, 236, 861, 906, 826, 824, 1039, 1040, 996, 1024, 748, 966, 1070, -3]
304:32.14, 69:160 [3, 614, 1748, 1750, 280, 288, 438, 442, 405, 364, 91, 267, 264, 154, 818, 1772, 512, 918, 927, 1026, 992, 1131, 55, 789, 1037, 1159, 1761, -3]
305:46.56, 97:160 [3, 203, 565, 171, 1723, 34, 33, 31, 1805, 49, 688, 1804, 1766, 1788, 331, 1767, 1773, 373, 287, 134, 317, 81, 73, 899, 1851, 759, 1603, 1607, 954, 888, 1071, 815, 1106, 1535, 949, -3]
306:16.71, 17:160 [3, 205, 243, 516, 1746, 44, 1614, 157, 391, 1910, 1912, 828, 1035, 757, 1544, 831, 1105, -3]
307:35.88, 23:160 [3, 1320, 1319, 1321, 1322, 1419, 1316, 1424, 1496, 257, 659, 711, 1561, 273, 274, 525, 250, 1529, 1504, 1557, 1579, 232, -3]
309:46.92, 38:160 [3, 1447, 1436, 1261, 1202, 1443, 1251, 1252, 1399, 1401, 1402, 1400, 1228, 366, 551, 147, 1568, 276, 1464, 231, 1405, 1584, 1488, 1546, 1560, 1541, 605, 360, 89, 1573, 1545, 724, 1597, 1675, 1694, 1662, -3]
401:22.19, 52:160 [4, 1308, 1293, 1265, 1280, 1279, 1272, 1286, 1302, 1295, 1306, 1274, 1291, 1275, 1264, 1267, 1285, 1297, 1309, 1298, 1313, 1300, 1276, 1282, 1329, 1507, 1520, 130, 1506, 666, 1406, 1533, 1421, 524, 336, 1371, 397, 1403, 568, 549, 1540, 425, 1528, 1563, -4]
402:32.96, 72:160 [4, 1281, 1271, 1305, 1284, 1311, 1303, 1283, 1266, 1301, 1273, 1288, 1310, 1270, 1296, 1307, 1269, 1304, 1203, 1209, 1208, 1204, 1205, 1207, 1206, 206, 456, 1556, 313, 1503, 142, 143, 1484, 533, 349, 348, 1451, 712, 193, 1577, 83, 1453, 1450, 1466, 123, 702, 483, 235, 619, 511, -4]
403:58.87, 56:160 [4, 1260, 1223, 1354, 1389, 1184, 1351, 1221, 1382, 1361, 1153, 1177, 1396, 1392, 1398, 1390, 1166, 1347, 1332, 101, 258, 1461, 1222, 1256, 1237, 1492, 1485, 1489, 1420, 334, 1469, 1463, 1475, 175, 1212, 613, 11, 1508, 691, 1575, 172, 306, 63, 627, 729, 478, -4]
404:58.24, 122:160 [4, 318, 497, 578, 268, 82, 74, 58, 461, 510, 224, 292, 553, 121, 223, 488, 740, 912, 919, 1016, 60, 808, 1015, 768, 1083, 777, 810, 1066, 979, 887, 825, 754, 816, 1065, 900, 972, 783, 798, 931, 932, 933, 881, 781, 477, 1103, 760, 894, 1067, 1144, 1085, 847, 843, 827, 1043, 885, 750, 749, 1145, -4]
405:72.44, 81:160 [4, 1353, 1348, 1154, 1336, 1181, 1412, 1432, 1445, 1446, 1388, 1387, 1255, 1367, 1215, 1434, 1210, 1161, 1454, 518, 94, 305, 1537, 731, 1559, 574, 451, 616, 725, 389, 308, 1385, 723, 220, 1157, 448, 1555, 1494, 137, 693, 727, 654, 532, 1600, 1625, 251, 1624, 1366, -4]
406:39.52, 70:160 [4, 1356, 1160, 1393, 1365, 1409, 1241, 1242, 1244, 1243, 1482, 1552, 519, 531, 1458, 412, 1375, 398, 234, 558, 1526, 71, 354, 633, 411, 304, 239, 720, 722, 410, 1534, 637, 182, 638, 652, 148, 145, 641, 639, 67, 1640, -4]
407:76.05, 46:160 [4, 1425, 1239, 1335, 1216, 1350, 1415, 1200, 376, 356, 1502, 1498, 1558, 1572, 1517, 682, 626, 116, 1569, 1510, 673, 112, 501, 628, 1483, 1655, 357, -4]
408:75.12, 58:160 [4, 1290, 1289, 1292, 1294, 1277, 1278, 1287, 1314, 1299, 1268, 1312, 1408, 1254, 1253, 1249, 1245, 1452, 1370, 1357, 1491, 634, 1376, 571, 1538, 1467, 541, 263, 131, 129, 335, 1236, 625, 573, 1554, 1514, 1179, 146, 1490, 1628, 221, 1372, 135, 106, 431, 363, 233, 719, -4]
409:55.14, 45:160 [4, 678, 794, 805, 735, 937, 1736, 892, 1021, 1132, 1605, 1142, 1919, 968, 1136, 974, 1127, 909, 975, 896, 755, 752, 753, 835, 977, 997, 1045, 910, 792, 955, 946, 945, -4]
410:47.64, 77:160 [4, 602, 23, 1715, 1785, 704, 661, 269, 538, 474, 594, 209, 876, 1104, 884, 1058, 1057, 1055, 1059, 1056, 736, 622, 706, 1028, 1135, 898, 902, 901, 820, 938, 989, 991, 987, 1125, 1009, 1092, 581, 921, 56, 1130, 838, 1095, 800, -4]
411:30.57, 47:160 [4, 555, 164, 1102, 1080, 1834, 1828, 1833, 1830, 1831, 1025, 1810, 813, 1908, 1120, 791, 1018, 1917, 1911, 1869, 69, 1007, 882, 138, 819, 878, 75, 806, 1038, 871, 761, 868, -4]
501:24.59, 50:160 [5, 644, 715, 351, 169, 459, 570, 332, 1226, 1218, 1583, 1219, 1224, 1762, 339, 35, 1779, 620, 679, 372, 378, 383, 47, 50, 208, 1601, 1835, 1848, 1852, 1850, 782, 1853, 1821, 962, 862, 873, 965, 1124, 1101, 879, 1123, 1895, -5]
502:27.34, 26:160 [5, 86, 266, 1359, 254, 1326, 214, 226, 402, 433, 1119, 1884, 1882, 1879, 1776, 1883, 1782, 1777, 1778, 1892, 1050, 1824, 1841, 851, 1829, -5]
503:43.46, 62:160 [5, 485, 1645, 1618, 309, 481, 1622, 1642, 1652, 713, 1585, 1591, 1617, 262, 1598, 1649, 1646, 1674, 1676, 1680, 1800, 104, 249, 24, 30, 1797, 1793, 8, 329, 170, 686, 503, 1868, 1863, 1870, 1864, 1877, 807, 1906, 1139, 149, 944, 767, 747, 1096, 774, 1087, 836, -5]
505:24.17, 26:160 [5, 407, 1395, 493, 537, 144, 1798, 46, 1749, 369, 534, 1836, 1034, 1871, 1875, 908, 1822, 1825, 893, 1889, 1801, 1838, 947, -5]
506:22.65, 38:160 [5, 1720, 191, 187, 300, 72, 1769, 1768, 1765, 227, 228, 1755, 542, 1862, 1918, 934, 817, 1004, 1069, 889, 844, 929, 1832, 745, 1062, 1110, -5]
514:39.95, 99:160 [5, 152, 1696, 1703, 1700, 1407, 520, 710, 604, 200, 548, 319, 593, 41, 695, 21, 435, 113, 379, 377, 375, 1690, 238, 672, 572, 1760, 479, 1036, 779, 1867, 741, 765, 928, 936, 1913, 1813, 38, 865, 853, 222, 869, 784, -5]
601:54.34, 52:160 [6, 701, 687, 9, 1481, 703, 166, 79, 359, 141, 139, 136, 1635, 160, 1709, 1683, 1667, 1691, 1688, 1685, 1702, 1699, 1693, 1698, 786, 1878, 1789, 811, 969, 1046, 787, 953, 1030, 984, 1126, 915, 1003, 942, 470, -6]
602:36.36, 50:160 [6, 283, 1621, 600, 1620, 282, 1706, 1522, 25, 314, 316, 521, 415, 421, 417, 420, 408, 36, 569, 1783, 607, 608, 399, 595, 446, 330, 905, 1001, 1842, 1844, 1846, 1845, 1843, 1847, 940, 916, 886, 1032, 1861, 1053, 1111, 917, 986, 1896, -6]
603:72.61, 71:160 [6, 694, 119, 103, 560, 361, 406, 1588, 441, 452, 219, 584, 664, 429, 1587, 396, 328, 1592, 1673, 1724, 530, 467, 122, 1764, 472, 158, 247, 1758, 133, 64, 19, 1108, 1122, 852, 990, 1011, 1100, 1741, 1107, 1808, 907, 1116, 92, 1072, 855, -6]
604:22.73, 38:160 [6, 598, 325, 207, 384, 439, 1763, 15, 550, 557, 1086, 1118, 744, 778, 780, 1033, 804, 1920, 911, 922, 1707, 1710, 26, 943, 1644, 1916, -6]
605:14.76, 41:160 [6, 1191, 1196, 1187, 1188, 1189, 1192, 1198, 1193, 1186, 1185, 1190, 1194, 1197, 1195, 1501, 1576, 1480, 1455, 692, 647, 1325, 1539, 109, 489, 57, 1173, 487, 307, 730, 645, 529, 665, 1505, 1495, 1199, 320, -6]
606:57.52, 98:160 [6, 657, 100, 1654, 237, 105, 409, 1616, 1641, 1657, 176, 556, 527, 1626, 1718, 1687, 1671, 1725, 1802, 1751, 432, 211, 183, 22, 10, 587, 445, 259, 685, 554, 562, 670, 676, 663, 667, 367, 482, 480, 155, 1854, 834, 883, 165, 833, 897, 1827, 1826, 756, 1899, 1860, 1148, 1091, 1109, 1064, 993, -6]
607:46.45, 100:160 [6, 1413, 1411, 1230, 1427, 1428, 1430, 1426, 1431, 1429, 1232, 310, 468, 368, 1513, 496, 698, 726, 732, 39, 97, 1516, 582, 707, 1515, 1373, 495, 85, 151, 453, 1479, 1416, 545, 450, 631, 623, 580, 1441, 491, 585, 579, 592, 380, 1818, 1816, 1817, 603, 1589, -6]
608:45.62, 46:160 [6, 423, 77, 321, 1158, 1630, 1595, 18, 1784, 28, 1787, 43, 1811, 669, 62, 59, 1855, 1874, 1859, 1897, 1849, 1013, 967, 880, 1611, 1115, 1138, 994, 1047, 842, 1008, 941, -6]
610:21.01, 56:160 [6, 500, 1796, 1790, 16, 460, 17, 1794, 298, 285, 284, 197, 394, 1774, 502, 848, 1880, 1029, 1000, 326, 951, 854, 832, 939, 1074, -6]
611:65.71, 74:160 [6, 1449, 1444, 1156, 1246, 1417, 1171, 1172, 1149, 1150, 1152, 655, 513, 589, 177, 192, 252, 42, 643, 1459, 78, 552, 414, 215, 1462, 392, 464, 98, 341, 1231, 714, 163, 278, 463, 323, 1613, 648, 646, 422, 303, 517, 649, 640, 186, 1716, 1681, 1684, 1679, 1682, 1672, 1726, 1731, 1740, 1727, 1623, 1670, 1739, 1665, 1666, 1719, -6]
701:33.43, 23:160 [7, 1340, 1442, 1394, 1163, 609, 120, 1499, 312, 1374, 1410, 509, 1532, 590, 1527, 632, 1220, 1497, 90, 1162, -7]
702:50.14, 24:160 [7, 213, 225, 1648, 1733, 443, 457, 458, 418, 1915, 739, 1012, 904, 1886, 1902, 1890, 1020, 957, 978, 1858, -7]
703:32.31, 40:160 [7, 635, 1548, 159, 1543, 671, 277, 1487, 1470, 1465, 179, 1440, 1500, 1565, 536, 1564, 436, 241, 240, 1553, 575, 576, -7]
704:69.05, 61:160 [7, 1448, 1363, 1257, 1337, 1178, 1333, 1418, 1334, 1435, 1330, 1324, 1342, 1315, 1338, 1318, 1341, 1345, 1170, 540, 1512, 1581, 629, 93, 1530, 1562, 447, 140, 1471, 114, 117, 717, 455, 1574, 591, 1397, 1474, 1468, 1478, 382, 180, 1638, 124, 199, 337, 1473, -7]
705:70.74, 114:160 [7, 596, 153, 561, 189, 271, 297, 699, 462, 40, 265, 212, 547, 523, 515, 1023, 863, 926, 1140, 737, 856, 860, 751, 948, 795, 976, 964, 746, 829, 846, 1097, 743, 1014, 599, 449, 959, 1010, 930, 793, 1113, 1006, 758, 762, 980, 763, 839, 799, 802, 1073, 857, 925, 1019, 1060, 1146, -7]
706:27.61, 25:160 [7, 1660, 1664, 13, 388, 1752, 624, 1627, 1063, 475, 914, 913, 1075, 1893, 1898, 890, 1360, 1909, 1355, 823, -7]
707:52.03, 88:160 [7, 1362, 1383, 1438, 1422, 1457, 1164, 1391, 1344, 1384, 1381, 1378, 1227, 1263, 1369, 1368, 1182, 1327, 1439, 1343, 650, 340, 615, 1472, 1536, 705, 1339, 696, 301, 1551, 1519, 156, 253, 1511, 1493, 1151, 345, 12, 1547, 290, 261, 275, -7]
708:35.45, 65:160 [7, 426, 76, 1523, 1225, 506, 660, 681, 404, 1775, 350, 454, 70, 68, 1812, 32, 295, 476, 400, 342, 1027, 1022, 935, 769, 1090, 1089, 1386, 985, 1214, 1147, 924, -7]
709:98.24, 56:160 [7, 1201, 1346, 1233, 1235, 1229, 1404, 1433, 1423, 1234, 1247, 1456, 1364, 1258, 1486, 1477, 651, 1521, 1549, 1525, 1352, 1349, 606, 1570, 174, 656, 286, 434, 1509, 1531, 1634, 1631, 1633, 387, 108, 168, 514, -7]
710:51.32, 38:160 [7, 539, 668, 588, 244, 272, 184, 1168, 617, 618, 1637, 1612, 210, 61, 1729, 1713, 1819, 1823, 771, 785, 1921, 837, 952, 1839, 803, 874, 971, 891, 850, 995, -7]
fe: 11, se: 52

!ALNS------------
30000,2717.0611877864717,82127.39,82060.664,11,52,0.33284848484848484,0.3814903846153846,174.0,36.80769230769231
147 209 155 76 1 8 92 21 
4.409479448978273 20.115842091610897 6.047074359071707 4.8701442867788005 85.89096983929171 33.146462175814385 4.9832035671094 9.52085327599019 
87 86 85 73 110 71 117 80 
9.59482063240154 9.125305620446417 8.160460868312683 9.366817162321281 9.352699389094445 8.631651915043893 9.666644590242047 13.684951783511663 

