--Parameters Information--
speed=1
run=5
iteration= 100000
batch=100
restartPeriod=10000
largeRemovalOccurrence=500
initialLNS=250
lowerBoundSmallRemoval=4
smallRemoval=0.2
lowerBoundLargeRemoval=0.55
largeRemoval=0.8
initialWeight=1.0
decayRate=0.1
gamma1=9.0
gamma2=5.0
gamma3=2.0
gamma4=0.0
coolingRate=0.9995
temperatureControlParameter=0.05
initialAcceptanceProbability=0.5
perturbation=0.5
perturbationFactor=0.01
split=20000

Setup: Split
Data: A_100_3_LD

Run: 1
Total Cost: 2230.17
Vehicle: 11  Cost: 146.29
Route: 1 2 3 -3 -2 -1 
 1 [ 75   0:  0 [19, 46, 18, 12, 45, 5, 35, 7, 36, 64, 22, 66, 15, 20, 14, 40, 43, 60, 49, 4, 63, 48, 67, 74, 37, 38, 59, 23, 30, 68, 42, 25, 69, 33]]
 2 [ 35  42: 57 [12, 45, 5, 35, 36, 64, 22, 15, 20, 40, 43, 49, 4, 74, 59, 23]]
 3 [  0  88: 88 []]
-3 [ 37  88:487 [124, 96, 113, 86, 89, 100, 94, 106, 107, 117, 118, 75, 103]]
-2 [ 61 518:533 [81, 87, 124, 84, 119, 112, 96, 113, 86, 89, 80, 100, 94, 106, 101, 108, 107, 117, 116, 125, 118, 75, 103, 92]]
-1 [ 61 575:575 [81, 87, 124, 84, 119, 112, 96, 113, 86, 89, 80, 100, 94, 106, 101, 108, 107, 117, 116, 125, 118, 75, 103, 92]]

Vehicle: 12  Cost: 84.00
Route: 1 2 -2 -1 
 1 [ 53   0:  0 [53, 16, 17, 28, 41, 71, 52, 10, 62, 61, 51, 21, 44, 13, 58, 57, 55, 56]]
 2 [  0  42: 42 []]
-2 [ 43  42:378 [83, 114, 98, 115, 90, 109, 122, 121, 105, 78, 123, 120, 88, 97, 77, 93, 76, 99, 104, 95, 85]]
-1 [ 43 420:420 [83, 114, 98, 115, 90, 109, 122, 121, 105, 78, 123, 120, 88, 97, 77, 93, 76, 99, 104, 95, 85]]

Vehicle: 14  Cost: 146.12
Route: 1 3 -3 -1 
 1 [ 49   0:  0 [24, 8, 32, 65, 73, 26, 47, 9, 6, 70, 50, 29, 31, 34, 27, 72, 54, 39, 11]]
 3 [  0  73: 73 []]
-3 [ 16  73:366 [111, 91, 102, 82, 110, 79]]
-1 [ 16 439:439 [111, 91, 102, 82, 110, 79]]

Vehicle: 201  Cost: 149.67
Route: 2 55 101 46 112 60 63 119 108 56 -2 
  2 [10  42: 57]
 55 [ 6 109:114]
101 [10 300:305]
 46 [ 9 314:319]
112 [10 319:324]
 60 [ 8 328:333]
 63 [ 7 344:349]
119 [ 8 420:425]
108 [ 9 444:449]
 56 [ 7 456:461]
 -2 [ 7 499:499]

Vehicle: 202  Cost: 89.04
Route: 2 14 44 109 95 42 99 -2 
  2 [10  42: 57]
 14 [ 8  81: 86]
 44 [ 4  96:101]
109 [ 5 101:106]
 95 [ 7 116:121]
 42 [ 3 135:140]
 99 [ 6 147:152]
 -2 [ 6 176:176]

Vehicle: 203  Cost: 39.92
Route: 2 30 98 93 51 115 -2 
  2 [ 8  42: 57]
 30 [ 4  70: 75]
 98 [ 7  75: 80]
 93 [ 9  90: 95]
 51 [ 5 300:305]
115 [ 6 305:310]
 -2 [ 6 321:321]

Vehicle: 204  Cost: 163.10
Route: 2 13 81 21 10 69 116 92 38 -2 
  2 [10  42: 57]
 13 [ 7 101:106]
 81 [ 8 106:111]
 21 [ 5 180:185]
 10 [ 3 202:207]
 69 [ 2 212:217]
116 [ 6 420:425]
 92 [ 9 440:445]
 38 [ 8 460:465]
 -2 [ 8 512:512]

Vehicle: 205  Cost: 107.46
Route: 2 53 71 90 19 85 104 68 105 -2 
  2 [ 9  42: 57]
 53 [ 5  73: 78]
 71 [ 4  96:101]
 90 [ 6 116:121]
 19 [ 4 121:126]
 85 [ 6 131:136]
104 [10 153:158]
 68 [ 8 300:305]
105 [10 314:319]
 -2 [10 335:335]

Vehicle: 206  Cost: 47.31
Route: 2 62 123 97 28 88 -2 
  2 [ 8  42: 57]
 62 [ 4  79: 84]
123 [ 7 300:305]
 97 [ 8 309:314]
 28 [ 4 314:319]
 88 [ 5 328:333]
 -2 [ 5 342:342]

Vehicle: 207  Cost: 92.15
Route: 2 41 120 58 121 7 -2 
  2 [10  42: 57]
 41 [ 6  90: 95]
120 [ 7 101:106]
 58 [ 5 300:305]
121 [ 7 305:310]
  7 [ 3 336:341]
 -2 [ 3 363:363]

Vehicle: 208  Cost: 132.48
Route: 2 33 57 67 17 87 52 80 125 -2 
  2 [10  42: 57]
 33 [ 9  78: 83]
 57 [ 6 300:305]
 67 [ 3 321:326]
 17 [ 1 330:335]
 87 [ 2 335:340]
 52 [ 1 343:348]
 80 [ 3 420:425]
125 [ 7 445:450]
 -2 [ 7 475:475]

Vehicle: 209  Cost: 28.55
Route: 2 83 122 25 77 -2 
  2 [ 2  42: 57]
 83 [ 3  66: 71]
122 [ 4  73: 78]
 25 [ 2 300:305]
 77 [ 3 308:313]
 -2 [ 3 322:322]

Vehicle: 210  Cost: 67.06
Route: 2 18 84 37 16 -2 
  2 [ 8  42: 57]
 18 [ 7  79: 84]
 84 [ 9 300:305]
 37 [ 5 318:323]
 16 [ 2 340:345]
 -2 [ 2 357:357]

Vehicle: 214  Cost: 124.75
Route: 2 61 48 114 78 66 76 -2 
  2 [ 8  42: 57]
 61 [ 5  88: 93]
 48 [ 2 115:120]
114 [ 5 120:125]
 78 [ 9 133:138]
 66 [ 7 180:185]
 76 [10 200:205]
 -2 [10 250:250]

Vehicle: 301  Cost: 128.05
Route: 3 65 124 22 89 64 32 100 23 94 -3 
  3 [10  88:103]
 65 [ 8 145:150]
124 [ 9 150:155]
 22 [ 8 161:166]
 89 [10 173:178]
 64 [ 7 181:186]
 32 [ 4 300:305]
100 [ 8 305:310]
 23 [ 7 324:329]
 94 [ 9 329:334]
 -3 [ 9 379:379]

Vehicle: 302  Cost: 108.84
Route: 3 50 117 27 96 35 -3 
  3 [ 8  88:103]
 50 [ 6 151:156]
117 [10 180:185]
 27 [ 6 197:202]
 96 [10 202:207]
 35 [ 8 420:425]
 -3 [ 8 445:445]

Vehicle: 303  Cost: 24.57
Route: 3 39 9 -3 
  3 [ 8  88:288]
 39 [ 4 300:305]
  9 [ 0 420:425]
 -3 [ 0 432:432]

Vehicle: 304  Cost: 152.36
Route: 3 8 79 12 91 20 74 40 102 45 111 -3 
  3 [10  88:103]
  8 [ 9 129:134]
 79 [10 153:158]
 12 [ 6 158:163]
 91 [10 190:195]
 20 [ 8 195:200]
 74 [ 7 214:219]
 40 [ 6 236:241]
102 [ 9 241:246]
 45 [ 8 300:305]
111 [10 305:310]
 -3 [10 351:351]

Vehicle: 306  Cost: 66.77
Route: 3 31 82 36 24 110 -3 
  3 [10  88:103]
 31 [ 7 124:129]
 82 [ 9 180:185]
 36 [ 6 193:198]
 24 [ 2 300:305]
110 [ 6 319:324]
 -3 [ 6 341:341]

Vehicle: 307  Cost: 37.93
Route: 3 26 73 118 54 -3 
  3 [ 8  88:103]
 26 [ 7 107:112]
 73 [ 3 116:121]
118 [ 7 126:131]
 54 [ 4 138:143]
 -3 [ 4 161:161]

Vehicle: 308  Cost: 118.19
Route: 3 59 72 49 70 103 107 5 -3 
  3 [10  88:273]
 59 [ 8 300:305]
 72 [ 5 339:344]
 49 [ 2 347:352]
 70 [ 1 356:361]
103 [ 5 373:378]
107 [ 9 388:393]
  5 [ 8 420:425]
 -3 [ 8 434:434]

Vehicle: 309  Cost: 89.48
Route: 3 43 106 11 75 47 113 29 -3 
  3 [10  88:103]
 43 [ 6 135:140]
106 [ 7 140:145]
 11 [ 5 180:185]
 75 [ 8 300:305]
 47 [ 6 420:425]
113 [ 9 425:430]
 29 [ 7 453:458]
 -3 [ 7 472:472]

Vehicle: 310  Cost: 86.07
Route: 3 34 15 86 6 4 -3 
  3 [10  88:103]
 34 [ 7 138:143]
 15 [ 5 300:305]
 86 [ 6 305:310]
  6 [ 5 420:425]
  4 [ 1 429:434]
 -3 [ 1 456:456]

Total Cost: 2230.17
 11:146.29, 75:75 [1, 2, 3, -3, -2, -1]
 12:84.00, 53:75 [1, 2, -2, -1]
 14:146.12, 49:75 [1, 3, -3, -1]
201:149.67, 10:10 [2, 55, 101, 46, 112, 60, 63, 119, 108, 56, -2]
202:89.04, 10:10 [2, 14, 44, 109, 95, 42, 99, -2]
203:39.92, 9:10 [2, 30, 98, 93, 51, 115, -2]
204:163.10, 10:10 [2, 13, 81, 21, 10, 69, 116, 92, 38, -2]
205:107.46, 10:10 [2, 53, 71, 90, 19, 85, 104, 68, 105, -2]
206:47.31, 8:10 [2, 62, 123, 97, 28, 88, -2]
207:92.15, 10:10 [2, 41, 120, 58, 121, 7, -2]
208:132.48, 10:10 [2, 33, 57, 67, 17, 87, 52, 80, 125, -2]
209:28.55, 4:10 [2, 83, 122, 25, 77, -2]
210:67.06, 9:10 [2, 18, 84, 37, 16, -2]
214:124.75, 10:10 [2, 61, 48, 114, 78, 66, 76, -2]
301:128.05, 10:10 [3, 65, 124, 22, 89, 64, 32, 100, 23, 94, -3]
302:108.84, 10:10 [3, 50, 117, 27, 96, 35, -3]
303:24.57, 8:10 [3, 39, 9, -3]
304:152.36, 10:10 [3, 8, 79, 12, 91, 20, 74, 40, 102, 45, 111, -3]
306:66.77, 10:10 [3, 31, 82, 36, 24, 110, -3]
307:37.93, 8:10 [3, 26, 73, 118, 54, -3]
308:118.19, 10:10 [3, 59, 72, 49, 70, 103, 107, 5, -3]
309:89.48, 10:10 [3, 43, 106, 11, 75, 47, 113, 29, -3]
310:86.07, 10:10 [3, 34, 15, 86, 6, 4, -3]
fe: 3, se: 20

!ALNS------------
100000,2230.1740826115724,419.792,376.713,3,20,0.7866666666666666,0.93,40.666666666666664,6.1
13 24 10 5 0 0 7 7 
28.611119254446496 56.76093582897311 40.086016634264794 39.030709464667844 NaN NaN 28.191896908866433 25.682578710838968 
13 6 3 9 7 7 15 6 
36.17606297759568 34.840061601478965 44.282118320369 40.89922671427731 32.35219070987778 38.943598965134576 35.87673467802329 44.43865890512465 

x[5545] = 1.0
Vehicle: 11  Cost: 146.29
Route: 1 2 3 -3 -2 -1 
 1 [ 74   0:  0 [64, 7, 32, 9, 27, 57, 36, 4, 23, 15, 6, 58, 29, 26, 12, 50, 74, 40, 45, 8, 54, 71, 68, 24, 10, 59, 41, 51, 20, 18, 56]]
 2 [ 48  42: 57 [64, 32, 9, 27, 57, 36, 4, 23, 15, 6, 29, 26, 50, 74, 40, 45, 8, 54, 24, 59, 20]]
 3 [  0  88: 88 []]
-3 [ 46  88:487 [117, 75, 96, 113, 91, 102, 107, 118, 111, 124, 106, 100, 89, 94, 86, 103]]
-2 [ 64 518:533 [81, 117, 75, 96, 113, 91, 108, 102, 101, 119, 107, 118, 111, 124, 112, 106, 100, 92, 80, 89, 94, 116, 115, 86, 103]]
-1 [ 64 575:575 [81, 117, 75, 96, 113, 91, 108, 102, 101, 119, 107, 118, 111, 124, 112, 106, 100, 92, 80, 89, 94, 116, 115, 86, 103]]

x[10394] = 1.0
Vehicle: 13  Cost: 84.00
Route: 1 -2 -1 
 1 [  0   0:  0 []]
-2 [ 32  42:582 [87, 101, 83, 97, 88, 100, 84, 81, 112, 95, 115, 92, 119, 80, 77, 116, 122, 108]]
-1 [ 32 624:624 [87, 101, 83, 97, 88, 100, 84, 81, 112, 95, 115, 92, 119, 80, 77, 116, 122, 108]]

x[12160] = 1.0
Vehicle: 14  Cost: 146.21
Route: 1 3 -3 -2 -1 
 1 [ 35   0:  0 [73, 11, 65, 43, 35, 39, 34, 47, 22, 72, 70, 49, 5, 31]]
 3 [  0  73: 73 []]
-3 [  6  73:362 [110, 82]]
-2 [ 12 393:408 [79, 110, 87, 82, 125]]
-1 [ 12 450:450 [79, 110, 87, 82, 125]]

x[13076] = 1.0
Vehicle: 15  Cost: 84.00
Route: 1 -2 -1 
 1 [  0   0:  0 []]
-2 [ 34  42:363 [85, 91, 83, 76, 81, 99, 122, 84, 90, 95, 120, 114, 79, 125, 78]]
-1 [ 34 405:405 [85, 91, 83, 76, 81, 99, 122, 84, 90, 95, 120, 114, 79, 125, 78]]

x[34830] = 1.0
Vehicle: 12  Cost: 84.00
Route: 1 2 -2 -1 
 1 [ 68   0:  0 [66, 25, 55, 16, 61, 28, 53, 48, 60, 46, 37, 63, 52, 67, 17, 44, 14, 62, 33, 21, 38, 69, 13, 30, 42, 19]]
 2 [  0  42: 42 []]
-2 [ 44  42:378 [99, 105, 76, 114, 120, 95, 85, 109, 122, 104, 123, 93, 77, 83, 88, 90, 78, 97, 84, 98, 121]]
-1 [ 44 420:420 [99, 105, 76, 114, 120, 95, 85, 109, 122, 104, 123, 93, 77, 83, 88, 90, 78, 97, 84, 98, 121]]

y[204] = 1.0
Vehicle: 207  Cost: 153.66
Route: 2 48 114 66 63 119 60 46 112 101 108 -2 
  2 [ 9  42: 57]
 48 [ 6 104:109]
114 [ 9 109:114]
 66 [ 7 180:185]
 63 [ 6 300:305]
119 [ 7 420:425]
 60 [ 5 436:441]
 46 [ 4 445:450]
112 [ 5 450:455]
101 [ 9 464:469]
108 [10 485:490]
 -2 [10 532:532]

y[1446] = 1.0
Vehicle: 219  Cost: 28.55
Route: 2 83 122 25 77 -2 
  2 [ 2 119:134]
 83 [ 3 143:148]
122 [ 4 150:155]
 25 [ 2 300:305]
 77 [ 3 308:313]
 -2 [ 3 322:322]

y[1744] = 1.0
Vehicle: 206  Cost: 42.82
Route: 2 98 53 93 105 16 -2 
  2 [ 7  42: 57]
 98 [10  70: 75]
 53 [ 6  79: 84]
 93 [ 8  92: 97]
105 [10 300:305]
 16 [ 7 310:315]
 -2 [ 7 327:327]

y[2453] = 1.0
Vehicle: 309  Cost: 80.73
Route: 3 43 106 11 75 47 113 35 -3 
  3 [10  73: 88]
 43 [ 6 120:125]
106 [ 7 125:130]
 11 [ 5 180:185]
 75 [ 8 300:305]
 47 [ 6 420:425]
113 [ 9 425:430]
 35 [ 7 438:443]
 -3 [ 7 463:463]

y[2763] = 1.0
Vehicle: 204  Cost: 92.31
Route: 2 61 95 44 109 14 18 -2 
  2 [10  42: 57]
 61 [ 7  88: 93]
 95 [ 9 105:110]
 44 [ 5 120:125]
109 [ 6 125:130]
 14 [ 4 140:145]
 18 [ 3 152:157]
 -2 [ 3 179:179]

y[2994] = 1.0
Vehicle: 203  Cost: 56.58
Route: 2 37 115 51 -2 
  2 [ 8  42:273]
 37 [ 4 300:305]
115 [ 5 324:329]
 51 [ 1 329:334]
 -2 [ 1 345:345]

y[3470] = 1.0
Vehicle: 307  Cost: 37.82
Route: 3 73 118 54 -3 
  3 [ 7  88:103]
 73 [ 3 111:116]
118 [ 7 121:126]
 54 [ 4 133:138]
 -3 [ 4 156:156]

y[4350] = 1.0
Vehicle: 304  Cost: 140.34
Route: 3 34 40 102 74 20 91 15 86 45 111 -3 
  3 [10  88:103]
 34 [ 7 138:143]
 40 [ 6 152:157]
102 [ 9 157:162]
 74 [ 8 180:185]
 20 [ 6 199:204]
 91 [10 204:209]
 15 [ 8 300:305]
 86 [ 9 305:310]
 45 [ 8 316:321]
111 [10 321:326]
 -3 [10 367:367]

y[5237] = 1.0
Vehicle: 303  Cost: 94.62
Route: 3 26 8 57 6 4 -3 
  3 [10  88:103]
 26 [ 9 107:112]
  8 [ 8 134:139]
 57 [ 5 300:305]
  6 [ 4 420:425]
  4 [ 0 429:434]
 -3 [ 0 456:456]

y[5710] = 1.0
Vehicle: 308  Cost: 114.10
Route: 3 50 72 49 70 103 107 5 -3 
  3 [10  88:103]
 50 [ 8 151:156]
 72 [ 5 300:305]
 49 [ 2 309:314]
 70 [ 1 317:322]
103 [ 5 334:339]
107 [ 9 349:354]
  5 [ 8 420:425]
 -3 [ 8 434:434]

y[5824] = 1.0
Vehicle: 208  Cost: 93.29
Route: 2 42 99 56 7 -2 
  2 [10  42: 57]
 42 [ 6  82: 87]
 99 [ 9  95:100]
 56 [ 7 300:305]
  7 [ 3 327:332]
 -2 [ 3 353:353]

y[8393] = 1.0
Vehicle: 208  Cost: 113.33
Route: 2 12 79 67 87 17 52 125 -2 
  2 [10  42: 57]
 12 [ 6  92: 97]
 79 [ 7  97:102]
 67 [ 4 300:305]
 87 [ 5 309:314]
 17 [ 3 314:319]
 52 [ 2 321:326]
125 [ 6 356:361]
 -2 [ 6 385:385]

y[10329] = 1.0
Vehicle: 207  Cost: 47.31
Route: 2 62 123 28 97 88 -2 
  2 [ 8 119:134]
 62 [ 4 156:161]
123 [ 7 300:305]
 28 [ 3 309:314]
 97 [ 4 314:319]
 88 [ 5 328:333]
 -2 [ 5 342:342]

y[10631] = 1.0
Vehicle: 204  Cost: 172.37
Route: 2 10 69 81 13 21 38 92 116 80 -2 
  2 [10  42: 57]
 10 [ 8 105:110]
 69 [ 7 115:120]
 81 [ 8 133:138]
 13 [ 5 138:143]
 21 [ 2 180:185]
 38 [ 1 300:305]
 92 [ 4 320:325]
116 [ 8 420:425]
 80 [10 442:447]
 -2 [10 491:491]

y[11538] = 1.0
Vehicle: 205  Cost: 119.34
Route: 2 30 33 71 90 19 85 104 68 84 -2 
  2 [10  42: 57]
 30 [ 6  70: 75]
 33 [ 5  83: 88]
 71 [ 4 104:109]
 90 [ 6 124:129]
 19 [ 4 129:134]
 85 [ 6 140:145]
104 [10 161:166]
 68 [ 8 300:305]
 84 [10 314:319]
 -2 [10 343:343]

y[11851] = 1.0
Vehicle: 301  Cost: 128.05
Route: 3 65 124 22 89 64 32 100 94 23 -3 
  3 [10  88:103]
 65 [ 8 145:150]
124 [ 9 150:155]
 22 [ 8 161:166]
 89 [10 173:178]
 64 [ 7 181:186]
 32 [ 4 300:305]
100 [ 8 305:310]
 94 [10 324:329]
 23 [ 9 329:334]
 -3 [ 9 379:379]

y[12308] = 1.0
Vehicle: 302  Cost: 113.55
Route: 3 31 82 117 27 96 -3 
  3 [ 7  88:103]
 31 [ 4 124:129]
 82 [ 6 180:185]
117 [10 226:231]
 27 [ 6 243:248]
 96 [10 248:253]
 -3 [10 287:287]

y[12891] = 1.0
Vehicle: 207  Cost: 131.08
Route: 2 41 120 76 55 78 58 121 -2 
  2 [10  42: 57]
 41 [ 6  90: 95]
120 [ 7 101:106]
 76 [10 118:123]
 55 [ 6 130:135]
 78 [10 157:162]
 58 [ 8 300:305]
121 [10 305:310]
 -2 [10 351:351]

y[15349] = 1.0
Vehicle: 303  Cost: 40.40
Route: 3 9 39 29 -3 
  3 [10  73:413]
  9 [ 6 420:425]
 39 [ 2 431:436]
 29 [ 0 450:455]
 -3 [ 0 469:469]

y[15967] = 1.0
Vehicle: 308  Cost: 60.95
Route: 3 36 24 59 110 -3 
  3 [ 9  73:153]
 36 [ 6 180:185]
 24 [ 2 300:305]
 59 [ 0 306:311]
110 [ 4 325:330]
 -3 [ 4 347:347]

FE: 5
SE: 20
!MIP-----
2405.6811636120424,5400.785383939743,0.12062650733428656,5,20,56887,16249

Run: 2
Total Cost: 2229.51
Vehicle: 11  Cost: 84.00
Route: 1 2 -2 -1 
 1 [ 74   0:  0 [56, 28, 66, 22, 41, 33, 58, 23, 71, 7, 19, 12, 32, 38, 10, 31, 54, 53, 25, 16, 65, 46, 60, 68, 63, 48, 69, 55, 29, 21, 64, 18]]
 2 [  0  42: 42 []]
-2 [ 48  42:528 [77, 85, 80, 125, 119, 108, 112, 92, 116, 93, 104, 98, 115, 84, 114, 90, 75, 100, 94, 105, 81]]
-1 [ 48 570:570 [77, 85, 80, 125, 119, 108, 112, 92, 116, 93, 104, 98, 115, 84, 114, 90, 75, 100, 94, 105, 81]]

Vehicle: 12  Cost: 84.00
Route: 1 2 -2 -1 
 1 [ 32   0:  0 [51, 13, 14, 44, 37, 42, 30, 61, 62]]
 2 [  0  42: 42 []]
-2 [ 37  42:373 [121, 123, 89, 118, 124, 109, 95, 83, 101, 79, 120, 99, 97, 82, 78, 76, 122, 88]]
-1 [ 37 415:415 [121, 123, 89, 118, 124, 109, 95, 83, 101, 79, 120, 99, 97, 82, 78, 76, 122, 88]]

Vehicle: 14  Cost: 146.12
Route: 1 3 -3 -1 
 1 [ 71   0:  0 [15, 6, 34, 59, 49, 45, 11, 40, 72, 52, 17, 73, 20, 43, 24, 50, 27, 39, 47, 4, 70, 8, 26, 67, 74, 57, 36, 35, 5, 9]]
 3 [  0  73: 73 []]
-3 [ 35  73:485 [107, 86, 87, 102, 110, 91, 113, 106, 96, 111, 117, 103]]
-1 [ 35 558:558 [107, 86, 87, 102, 110, 91, 113, 106, 96, 111, 117, 103]]

Vehicle: 201  Cost: 138.80
Route: 2 61 48 114 63 119 46 112 60 108 -2 
  2 [10  42: 57]
 61 [ 7  88: 93]
 48 [ 4 115:120]
114 [ 7 120:125]
 63 [ 6 300:305]
119 [ 7 420:425]
 46 [ 6 436:441]
112 [ 7 441:446]
 60 [ 5 450:455]
108 [ 6 466:471]
 -2 [ 6 513:513]

Vehicle: 202  Cost: 172.37
Route: 2 10 69 81 13 21 38 92 116 80 -2 
  2 [10  42: 57]
 10 [ 8 105:110]
 69 [ 7 115:120]
 81 [ 8 133:138]
 13 [ 5 138:143]
 21 [ 2 180:185]
 38 [ 1 300:305]
 92 [ 4 320:325]
116 [ 8 420:425]
 80 [10 442:447]
 -2 [10 491:491]

Vehicle: 203  Cost: 107.33
Route: 2 41 120 66 78 58 121 56 -2 
  2 [10  42: 57]
 41 [ 6  90: 95]
120 [ 7 101:106]
 66 [ 5 180:185]
 78 [ 9 189:194]
 58 [ 7 300:305]
121 [ 9 305:310]
 56 [ 7 315:320]
 -2 [ 7 358:358]

Vehicle: 204  Cost: 77.25
Route: 2 33 79 12 123 97 28 88 -2 
  2 [ 9  42: 57]
 33 [ 8  78: 83]
 79 [ 9  99:104]
 12 [ 5 104:109]
123 [ 8 300:305]
 97 [ 9 309:314]
 28 [ 5 314:319]
 88 [ 6 328:333]
 -2 [ 6 342:342]

Vehicle: 206  Cost: 129.60
Route: 2 62 54 118 31 82 122 83 -2 
  2 [10  42: 57]
 62 [ 6  79: 84]
 54 [ 3  99:104]
118 [ 7 111:116]
 31 [ 4 136:141]
 82 [ 6 180:185]
122 [ 7 233:238]
 83 [ 8 240:245]
 -2 [ 8 254:254]

Vehicle: 207  Cost: 130.59
Route: 2 65 124 22 89 64 76 55 101 -2 
  2 [10  42: 57]
 65 [ 8  98:103]
124 [ 9 103:108]
 22 [ 8 114:119]
 89 [10 126:131]
 64 [ 7 180:185]
 76 [10 198:203]
 55 [ 6 210:215]
101 [10 300:305]
 -2 [10 353:353]

Vehicle: 208  Cost: 24.67
Route: 2 16 115 51 -2 
  2 [ 7  42:288]
 16 [ 4 300:305]
115 [ 5 307:312]
 51 [ 1 312:317]
 -2 [ 1 328:328]

Vehicle: 209  Cost: 88.12
Route: 2 14 44 109 95 99 7 -2 
  2 [10  42: 57]
 14 [ 8  81: 86]
 44 [ 4  96:101]
109 [ 5 101:106]
 95 [ 7 116:121]
 99 [10 139:144]
  7 [ 6 300:305]
 -2 [ 6 327:327]

Vehicle: 210  Cost: 116.72
Route: 2 53 71 90 19 85 104 18 93 -2 
  2 [ 8  42: 57]
 53 [ 4  73: 78]
 71 [ 3  96:101]
 90 [ 5 116:121]
 19 [ 3 121:126]
 85 [ 5 131:136]
104 [ 9 153:158]
 18 [ 8 179:184]
 93 [10 193:198]
 -2 [10 214:214]

Vehicle: 211  Cost: 80.30
Route: 2 42 37 84 68 125 105 -2 
  2 [10  42: 57]
 42 [ 6  82: 87]
 37 [ 2 300:305]
 84 [ 4 318:323]
 68 [ 2 331:336]
125 [ 6 336:341]
105 [ 8 351:356]
 -2 [ 8 371:371]

Vehicle: 212  Cost: 124.78
Route: 2 77 25 29 75 94 23 32 100 -2 
  2 [ 8  42:291]
 77 [ 9 300:305]
 25 [ 7 308:313]
 29 [ 5 323:328]
 75 [ 8 357:362]
 94 [10 372:377]
 23 [ 9 377:382]
 32 [ 6 395:400]
100 [10 400:405]
 -2 [10 456:456]

Vehicle: 213  Cost: 26.31
Route: 2 30 98 -2 
  2 [ 4  42: 57]
 30 [ 0  70: 75]
 98 [ 3  75: 80]
 -2 [ 3  93: 93]

Vehicle: 301  Cost: 24.57
Route: 3 9 39 -3 
  3 [ 8  73:413]
  9 [ 4 420:425]
 39 [ 0 431:436]
 -3 [ 0 448:448]

Vehicle: 302  Cost: 102.31
Route: 3 43 106 11 117 27 96 -3 
  3 [10  73: 88]
 43 [ 6 120:125]
106 [ 7 125:130]
 11 [ 5 180:185]
117 [ 9 204:209]
 27 [ 5 221:226]
 96 [ 9 226:231]
 -3 [ 9 265:265]

Vehicle: 303  Cost: 81.53
Route: 3 26 34 15 86 4 -3 
  3 [10  73: 88]
 26 [ 9  92: 97]
 34 [ 6 128:133]
 15 [ 4 300:305]
 86 [ 5 305:310]
  4 [ 1 328:333]
 -3 [ 1 356:356]

Vehicle: 304  Cost: 125.88
Route: 3 17 87 52 67 57 6 -3 
  3 [10  73:244]
 17 [ 8 300:305]
 87 [ 9 305:310]
 52 [ 8 313:318]
 67 [ 5 323:328]
 57 [ 2 344:349]
  6 [ 1 420:425]
 -3 [ 1 450:450]

Vehicle: 305  Cost: 55.46
Route: 3 35 47 113 -3 
  3 [ 4  73:400]
 35 [ 2 420:425]
 47 [ 0 433:438]
113 [ 3 438:443]
 -3 [ 3 470:470]

Vehicle: 307  Cost: 114.10
Route: 3 50 72 49 70 103 107 5 -3 
  3 [10  73: 88]
 50 [ 8 136:141]
 72 [ 5 300:305]
 49 [ 2 309:314]
 70 [ 1 317:322]
103 [ 5 334:339]
107 [ 9 349:354]
  5 [ 8 420:425]
 -3 [ 8 434:434]

Vehicle: 308  Cost: 133.75
Route: 3 73 8 20 91 74 40 102 111 45 -3 
  3 [10  73: 88]
 73 [ 6  96:101]
  8 [ 5 120:125]
 20 [ 3 151:156]
 91 [ 7 156:161]
 74 [ 6 180:185]
 40 [ 5 203:208]
102 [ 8 208:213]
111 [10 300:305]
 45 [ 9 305:310]
 -3 [ 9 351:351]

Vehicle: 309  Cost: 60.95
Route: 3 36 24 59 110 -3 
  3 [ 9  73:153]
 36 [ 6 180:185]
 24 [ 2 300:305]
 59 [ 0 306:311]
110 [ 4 325:330]
 -3 [ 4 347:347]

Total Cost: 2229.51
 11:84.00, 74:75 [1, 2, -2, -1]
 12:84.00, 37:75 [1, 2, -2, -1]
 14:146.12, 71:75 [1, 3, -3, -1]
201:138.80, 10:10 [2, 61, 48, 114, 63, 119, 46, 112, 60, 108, -2]
202:172.37, 10:10 [2, 10, 69, 81, 13, 21, 38, 92, 116, 80, -2]
203:107.33, 10:10 [2, 41, 120, 66, 78, 58, 121, 56, -2]
204:77.25, 9:10 [2, 33, 79, 12, 123, 97, 28, 88, -2]
206:129.60, 10:10 [2, 62, 54, 118, 31, 82, 122, 83, -2]
207:130.59, 10:10 [2, 65, 124, 22, 89, 64, 76, 55, 101, -2]
208:24.67, 7:10 [2, 16, 115, 51, -2]
209:88.12, 10:10 [2, 14, 44, 109, 95, 99, 7, -2]
210:116.72, 10:10 [2, 53, 71, 90, 19, 85, 104, 18, 93, -2]
211:80.30, 10:10 [2, 42, 37, 84, 68, 125, 105, -2]
212:124.78, 10:10 [2, 77, 25, 29, 75, 94, 23, 32, 100, -2]
213:26.31, 4:10 [2, 30, 98, -2]
301:24.57, 8:10 [3, 9, 39, -3]
302:102.31, 10:10 [3, 43, 106, 11, 117, 27, 96, -3]
303:81.53, 10:10 [3, 26, 34, 15, 86, 4, -3]
304:125.88, 10:10 [3, 17, 87, 52, 67, 57, 6, -3]
305:55.46, 4:10 [3, 35, 47, 113, -3]
307:114.10, 10:10 [3, 50, 72, 49, 70, 103, 107, 5, -3]
308:133.75, 10:10 [3, 73, 8, 20, 91, 74, 40, 102, 111, 45, -3]
309:60.95, 9:10 [3, 36, 24, 59, 110, -3]
fe: 3, se: 20

!ALNS------------
100000,2229.505010645905,455.153,84.087,3,20,0.8088888888888889,0.905,40.666666666666664,6.1
12 24 12 7 0 0 14 0 
22.295848343389427 58.018990203357106 35.98105700969881 29.920761965379945 NaN 135.39365630640933 30.91003990592373 32.63963085209624 
8 8 9 11 7 5 10 11 
43.78904751604298 33.75878564538764 34.75363305404898 41.11275321787802 32.98712541821117 38.4756247229773 32.30232750281467 36.2931190261711 

x[10558] = 1.0
Vehicle: 12  Cost: 84.00
Route: 1 2 -2 -1 
 1 [ 36   0:  0 [64, 36, 58, 66, 18, 21, 69, 10, 53, 62, 19, 51, 25, 48]]
 2 [  0  42: 42 []]
-2 [ 37  42:374 [82, 123, 120, 121, 79, 88, 109, 83, 110, 78, 89, 95, 101, 97, 124, 122, 99, 76]]
-1 [ 37 416:416 [82, 123, 120, 121, 79, 88, 109, 83, 110, 78, 89, 95, 101, 97, 124, 122, 99, 76]]

x[10628] = 1.0
Vehicle: 11  Cost: 84.00
Route: 1 2 -2 -1 
 1 [ 74   0:  0 [23, 32, 14, 42, 44, 7, 30, 39, 31, 68, 41, 29, 28, 56, 60, 61, 13, 63, 46, 16, 65, 71, 22, 33, 37, 55, 38, 12]]
 2 [  0  42: 42 []]
-2 [ 48  42:528 [75, 92, 93, 98, 112, 119, 104, 115, 77, 105, 85, 108, 90, 125, 100, 94, 80, 84, 114, 81, 116]]
-1 [ 48 570:570 [75, 92, 93, 98, 112, 119, 104, 115, 77, 105, 85, 108, 90, 125, 100, 94, 80, 84, 114, 81, 116]]

x[39596] = 1.0
Vehicle: 14  Cost: 146.12
Route: 1 3 -3 -1 
 1 [ 67   0:  0 [11, 15, 40, 5, 26, 74, 8, 20, 47, 6, 35, 9, 70, 52, 50, 27, 49, 43, 24, 67, 57, 17, 59, 34, 45, 54, 72, 4, 73]]
 3 [  0  73: 73 []]
-3 [ 35  73:485 [102, 86, 113, 87, 107, 111, 103, 106, 117, 96, 118, 91]]
-1 [ 35 558:558 [102, 86, 113, 87, 107, 111, 103, 106, 117, 96, 118, 91]]

y[1467] = 0.9999999999692096
Vehicle: 203  Cost: 53.81
Route: 2 30 98 53 125 68 105 -2 
  2 [10  42: 57]
 30 [ 6  70: 75]
 98 [ 9  75: 80]
 53 [ 5  84: 89]
125 [ 9 300:305]
 68 [ 7 305:310]
105 [ 9 319:324]
 -2 [ 9 340:340]

y[3570] = 1.0
Vehicle: 302  Cost: 102.31
Route: 3 43 106 11 117 27 96 -3 
  3 [10  88:103]
 43 [ 6 135:140]
106 [ 7 140:145]
 11 [ 5 180:185]
117 [ 9 204:209]
 27 [ 5 221:226]
 96 [ 9 226:231]
 -3 [ 9 265:265]

y[3573] = 0.9999999999205347
Vehicle: 209  Cost: 34.84
Route: 2 93 16 115 51 -2 
  2 [ 7  42: 57]
 93 [ 9  73: 78]
 16 [ 6 300:305]
115 [ 7 307:312]
 51 [ 3 312:317]
 -2 [ 3 328:328]

y[3618] = 1.0
Vehicle: 206  Cost: 123.49
Route: 2 36 82 31 110 39 -2 
  2 [10  42:122]
 36 [ 7 180:185]
 82 [ 9 193:198]
 31 [ 6 204:209]
110 [10 300:305]
 39 [ 6 332:337]
 -2 [ 6 359:359]

y[3836] = 1.0
Vehicle: 303  Cost: 140.34
Route: 3 34 102 40 74 20 91 15 86 45 111 -3 
  3 [10  73: 88]
 34 [ 7 122:127]
102 [10 137:142]
 40 [ 9 142:147]
 74 [ 8 180:185]
 20 [ 6 199:204]
 91 [10 204:209]
 15 [ 8 300:305]
 86 [ 9 305:310]
 45 [ 8 316:321]
111 [10 321:326]
 -3 [10 367:367]

y[5048] = 1.0
Vehicle: 309  Cost: 87.86
Route: 3 59 24 35 113 47 -3 
  3 [10  73:273]
 59 [ 8 300:305]
 24 [ 4 306:311]
 35 [ 2 420:425]
113 [ 5 433:438]
 47 [ 3 438:443]
 -3 [ 3 470:470]

y[5378] = 0.9999999999600702
Vehicle: 211  Cost: 126.08
Route: 2 33 79 12 19 90 85 104 71 -2 
  2 [ 8  42: 57]
 33 [ 7  78: 83]
 79 [ 8  99:104]
 12 [ 4 104:109]
 19 [ 2 138:143]
 90 [ 4 143:148]
 85 [ 6 153:158]
104 [10 174:179]
 71 [ 9 185:190]
 -2 [ 9 223:223]

y[5539] = 1.0
Vehicle: 309  Cost: 50.58
Route: 3 54 4 6 -3 
  3 [ 8  88:103]
 54 [ 5 121:126]
  4 [ 1 300:305]
  6 [ 0 420:425]
 -3 [ 0 450:450]

y[5932] = 0.9999999999823578
Vehicle: 307  Cost: 114.10
Route: 3 50 72 49 70 103 107 5 -3 
  3 [10  88:103]
 50 [ 8 151:156]
 72 [ 5 300:305]
 49 [ 2 309:314]
 70 [ 1 317:322]
103 [ 5 334:339]
107 [ 9 349:354]
  5 [ 8 420:425]
 -3 [ 8 434:434]

y[6729] = 1.0
Vehicle: 209  Cost: 102.07
Route: 2 14 44 109 95 42 99 122 83 -2 
  2 [10  42: 57]
 14 [ 8  81: 86]
 44 [ 4  96:101]
109 [ 5 101:106]
 95 [ 7 116:121]
 42 [ 3 135:140]
 99 [ 6 147:152]
122 [ 7 178:183]
 83 [ 8 186:191]
 -2 [ 8 199:199]

y[6742] = 1.0
Vehicle: 205  Cost: 47.31
Route: 2 62 123 97 28 88 -2 
  2 [ 8  42: 57]
 62 [ 4  79: 84]
123 [ 7 300:305]
 97 [ 8 309:314]
 28 [ 4 314:319]
 88 [ 5 328:333]
 -2 [ 5 342:342]

y[7328] = 1.0
Vehicle: 212  Cost: 124.78
Route: 2 77 25 29 75 94 23 32 100 -2 
  2 [ 8  42:291]
 77 [ 9 300:305]
 25 [ 7 308:313]
 29 [ 5 323:328]
 75 [ 8 357:362]
 94 [10 372:377]
 23 [ 9 377:382]
 32 [ 6 395:400]
100 [10 400:405]
 -2 [10 456:456]

y[8631] = 1.0
Vehicle: 207  Cost: 130.59
Route: 2 65 124 22 89 64 76 55 101 -2 
  2 [10  42: 57]
 65 [ 8  98:103]
124 [ 9 103:108]
 22 [ 8 114:119]
 89 [10 126:131]
 64 [ 7 180:185]
 76 [10 198:203]
 55 [ 6 210:215]
101 [10 300:305]
 -2 [10 353:353]

y[10852] = 1.0
Vehicle: 304  Cost: 127.42
Route: 3 8 57 67 52 87 17 -3 
  3 [10  73: 88]
  8 [ 9 114:119]
 57 [ 6 300:305]
 67 [ 3 321:326]
 52 [ 2 331:336]
 87 [ 3 339:344]
 17 [ 1 344:349]
 -3 [ 1 405:405]

y[11135] = 1.0
Vehicle: 202  Cost: 172.37
Route: 2 10 69 81 13 21 38 92 116 80 -2 
  2 [10  42: 57]
 10 [ 8 105:110]
 69 [ 7 115:120]
 81 [ 8 133:138]
 13 [ 5 138:143]
 21 [ 2 180:185]
 38 [ 1 300:305]
 92 [ 4 320:325]
116 [ 8 420:425]
 80 [10 442:447]
 -2 [10 491:491]

y[11412] = 1.0
Vehicle: 206  Cost: 72.58
Route: 2 18 84 37 7 -2 
  2 [ 9  42: 57]
 18 [ 8  79: 84]
 84 [10 300:305]
 37 [ 6 318:323]
  7 [ 2 336:341]
 -2 [ 2 362:362]

y[13197] = 1.0
Vehicle: 203  Cost: 107.33
Route: 2 41 120 66 78 58 121 56 -2 
  2 [10  42: 57]
 41 [ 6  90: 95]
120 [ 7 101:106]
 66 [ 5 180:185]
 78 [ 9 189:194]
 58 [ 7 300:305]
121 [ 9 305:310]
 56 [ 7 315:320]
 -2 [ 7 358:358]

y[13309] = 1.0
Vehicle: 303  Cost: 31.22
Route: 3 26 73 118 9 -3 
  3 [ 9  88:103]
 26 [ 8 107:112]
 73 [ 4 116:121]
118 [ 8 126:131]
  9 [ 4 420:425]
 -3 [ 4 432:432]

y[14221] = 1.0
Vehicle: 201  Cost: 138.80
Route: 2 61 48 114 63 119 46 112 60 108 -2 
  2 [10  42: 57]
 61 [ 7  88: 93]
 48 [ 4 115:120]
114 [ 7 120:125]
 63 [ 6 300:305]
119 [ 7 420:425]
 46 [ 6 436:441]
112 [ 7 441:446]
 60 [ 5 450:455]
108 [ 6 466:471]
 -2 [ 6 513:513]

FE: 3
SE: 19
!MIP-----
2202.003762167098,5403.068925142288,0.04148122409119405,3,19,50227,17006

Run: 3
Total Cost: 2192.89
Vehicle: 11  Cost: 84.00
Route: 1 2 -2 -1 
 1 [ 75   0:  0 [7, 25, 57, 47, 12, 67, 52, 35, 37, 33, 29, 69, 17, 62, 16, 18, 65, 63, 61, 66, 46, 56, 60, 58, 64, 51, 28, 22, 23, 53, 30]]
 2 [  0  42: 42 []]
-2 [ 63  42:528 [108, 124, 81, 80, 98, 85, 93, 84, 92, 113, 112, 95, 125, 119, 97, 94, 75, 123, 88, 104, 77, 115, 83, 105, 87, 114, 90, 100, 116, 109, 122]]
-1 [ 63 570:570 [108, 124, 81, 80, 98, 85, 93, 84, 92, 113, 112, 95, 125, 119, 97, 94, 75, 123, 88, 104, 77, 115, 83, 105, 87, 114, 90, 100, 116, 109, 122]]

Vehicle: 12  Cost: 84.00
Route: 1 2 -2 -1 
 1 [ 40   0:  0 [14, 13, 10, 44, 71, 21, 38, 19, 20, 32, 48, 41, 68, 55, 42]]
 2 [  0  42: 42 []]
-2 [ 24  42:373 [78, 101, 89, 121, 91, 79, 120, 76, 99]]
-1 [ 24 415:415 [78, 101, 89, 121, 91, 79, 120, 76, 99]]

Vehicle: 15  Cost: 146.12
Route: 1 3 -3 -1 
 1 [ 62   0:  0 [11, 45, 27, 31, 73, 72, 8, 39, 36, 6, 40, 34, 50, 70, 49, 24, 26, 9, 4, 5, 54, 59, 43, 15, 74]]
 3 [  0  73: 73 []]
-3 [ 33  73:398 [111, 102, 96, 103, 86, 82, 107, 110, 117, 106, 118]]
-1 [ 33 471:471 [111, 102, 96, 103, 86, 82, 107, 110, 117, 106, 118]]

Vehicle: 201  Cost: 58.41
Route: 2 42 99 7 -2 
  2 [ 8  42: 57]
 42 [ 4  82: 87]
 99 [ 7  95:100]
  7 [ 3 300:305]
 -2 [ 3 327:327]

Vehicle: 202  Cost: 82.07
Route: 2 53 104 68 84 51 115 -2 
  2 [10  42: 57]
 53 [ 6  73: 78]
104 [10  99:104]
 68 [ 8 300:305]
 84 [10 314:319]
 51 [ 6 333:338]
115 [ 7 338:343]
 -2 [ 7 353:353]

Vehicle: 203  Cost: 172.37
Route: 2 10 69 13 81 21 38 92 116 80 -2 
  2 [10  42: 57]
 10 [ 8 105:110]
 69 [ 7 115:120]
 13 [ 4 133:138]
 81 [ 5 138:143]
 21 [ 2 180:185]
 38 [ 1 300:305]
 92 [ 4 320:325]
116 [ 8 420:425]
 80 [10 442:447]
 -2 [10 491:491]

Vehicle: 204  Cost: 41.34
Route: 2 30 98 93 105 16 -2 
  2 [ 7  42: 57]
 30 [ 3  70: 75]
 98 [ 6  75: 80]
 93 [ 8  90: 95]
105 [10 300:305]
 16 [ 7 310:315]
 -2 [ 7 327:327]

Vehicle: 205  Cost: 47.31
Route: 2 62 123 28 97 88 -2 
  2 [ 8  42: 57]
 62 [ 4  79: 84]
123 [ 7 300:305]
 28 [ 3 309:314]
 97 [ 4 314:319]
 88 [ 5 328:333]
 -2 [ 5 342:342]

Vehicle: 206  Cost: 115.67
Route: 2 89 64 76 55 101 -2 
  2 [ 7  42: 57]
 89 [ 9  96:101]
 64 [ 6 180:185]
 76 [ 9 198:203]
 55 [ 5 210:215]
101 [ 9 300:305]
 -2 [ 9 353:353]

Vehicle: 207  Cost: 115.33
Route: 2 83 122 22 65 124 23 94 32 100 -2 
  2 [ 7  42: 57]
 83 [ 8  66: 71]
122 [ 9  73: 78]
 22 [ 8 106:111]
 65 [ 6 116:121]
124 [ 7 121:126]
 23 [ 6 300:305]
 94 [ 8 305:310]
 32 [ 5 324:329]
100 [ 9 329:334]
 -2 [ 9 384:384]

Vehicle: 209  Cost: 107.33
Route: 2 41 120 66 78 58 121 56 -2 
  2 [10  42: 57]
 41 [ 6  90: 95]
120 [ 7 101:106]
 66 [ 5 180:185]
 78 [ 9 189:194]
 58 [ 7 300:305]
121 [ 9 305:310]
 56 [ 7 315:320]
 -2 [ 7 358:358]

Vehicle: 210  Cost: 140.65
Route: 2 18 71 85 19 90 52 67 87 17 125 -2 
  2 [10  42: 57]
 18 [ 9  79: 84]
 71 [ 8 106:111]
 85 [10 130:135]
 19 [ 8 140:145]
 90 [10 145:150]
 52 [ 9 300:305]
 67 [ 6 310:315]
 87 [ 7 319:324]
 17 [ 5 324:329]
125 [ 9 357:362]
 -2 [ 9 387:387]

Vehicle: 211  Cost: 157.72
Route: 2 61 95 48 114 63 119 46 112 60 108 -2 
  2 [10  42: 57]
 61 [ 7  88: 93]
 95 [ 9 105:110]
 48 [ 6 138:143]
114 [ 9 143:148]
 63 [ 8 300:305]
119 [ 9 420:425]
 46 [ 8 436:441]
112 [ 9 441:446]
 60 [ 7 450:455]
108 [ 8 466:471]
 -2 [ 8 513:513]

Vehicle: 212  Cost: 65.93
Route: 2 14 109 44 37 -2 
  2 [10  42: 57]
 14 [ 8  81: 86]
109 [ 9  96:101]
 44 [ 5 101:106]
 37 [ 1 300:305]
 -2 [ 1 332:332]

Vehicle: 214  Cost: 107.70
Route: 2 25 75 47 113 35 29 77 -2 
  2 [ 8  42:288]
 25 [ 6 300:305]
 75 [ 9 338:343]
 47 [ 7 420:425]
113 [10 425:430]
 35 [ 8 438:443]
 29 [ 6 464:469]
 77 [ 7 482:487]
 -2 [ 7 496:496]

Vehicle: 222  Cost: 125.36
Route: 2 33 79 12 20 91 57 -2 
  2 [10  42: 57]
 33 [ 9  78: 83]
 79 [10  99:104]
 12 [ 6 104:109]
 20 [ 4 135:140]
 91 [ 8 140:145]
 57 [ 5 300:305]
 -2 [ 5 352:352]

Vehicle: 301  Cost: 113.91
Route: 3 50 72 49 70 103 107 -3 
  3 [ 9  73: 88]
 50 [ 7 136:141]
 72 [ 4 300:305]
 49 [ 1 309:314]
 70 [ 0 317:322]
103 [ 4 334:339]
107 [ 8 349:354]
 -3 [ 8 383:383]

Vehicle: 302  Cost: 24.57
Route: 3 9 39 -3 
  3 [ 8  73:413]
  9 [ 4 420:425]
 39 [ 0 431:436]
 -3 [ 0 448:448]

Vehicle: 303  Cost: 102.31
Route: 3 43 106 11 117 27 96 -3 
  3 [10  73: 88]
 43 [ 6 120:125]
106 [ 7 125:130]
 11 [ 5 180:185]
117 [ 9 204:209]
 27 [ 5 221:226]
 96 [ 9 226:231]
 -3 [ 9 265:265]

Vehicle: 304  Cost: 63.96
Route: 3 73 118 82 31 110 -3 
  3 [ 7  73: 88]
 73 [ 3  96:101]
118 [ 7 106:111]
 82 [ 9 180:185]
 31 [ 6 191:196]
110 [10 300:305]
 -3 [10 322:322]

Vehicle: 305  Cost: 125.67
Route: 3 26 8 34 40 102 74 45 111 15 86 -3 
  3 [10  73: 88]
 26 [ 9  92: 97]
  8 [ 8 119:124]
 34 [ 5 139:144]
 40 [ 4 153:158]
102 [ 7 158:163]
 74 [ 6 181:186]
 45 [ 5 300:305]
111 [ 7 305:310]
 15 [ 5 316:321]
 86 [ 6 321:326]
 -3 [ 6 362:362]

Vehicle: 306  Cost: 60.59
Route: 3 36 59 24 5 -3 
  3 [10  73:153]
 36 [ 7 180:185]
 59 [ 5 300:305]
 24 [ 1 306:311]
  5 [ 0 420:425]
 -3 [ 0 434:434]

Vehicle: 307  Cost: 50.58
Route: 3 54 4 6 -3 
  3 [ 8  73: 88]
 54 [ 5 106:111]
  4 [ 1 300:305]
  6 [ 0 420:425]
 -3 [ 0 450:450]

Total Cost: 2192.89
 11:84.00, 75:75 [1, 2, -2, -1]
 12:84.00, 40:75 [1, 2, -2, -1]
 15:146.12, 62:75 [1, 3, -3, -1]
201:58.41, 8:10 [2, 42, 99, 7, -2]
202:82.07, 10:10 [2, 53, 104, 68, 84, 51, 115, -2]
203:172.37, 10:10 [2, 10, 69, 13, 81, 21, 38, 92, 116, 80, -2]
204:41.34, 10:10 [2, 30, 98, 93, 105, 16, -2]
205:47.31, 8:10 [2, 62, 123, 28, 97, 88, -2]
206:115.67, 9:10 [2, 89, 64, 76, 55, 101, -2]
207:115.33, 9:10 [2, 83, 122, 22, 65, 124, 23, 94, 32, 100, -2]
209:107.33, 10:10 [2, 41, 120, 66, 78, 58, 121, 56, -2]
210:140.65, 10:10 [2, 18, 71, 85, 19, 90, 52, 67, 87, 17, 125, -2]
211:157.72, 10:10 [2, 61, 95, 48, 114, 63, 119, 46, 112, 60, 108, -2]
212:65.93, 10:10 [2, 14, 109, 44, 37, -2]
214:107.70, 10:10 [2, 25, 75, 47, 113, 35, 29, 77, -2]
222:125.36, 10:10 [2, 33, 79, 12, 20, 91, 57, -2]
301:113.91, 9:10 [3, 50, 72, 49, 70, 103, 107, -3]
302:24.57, 8:10 [3, 9, 39, -3]
303:102.31, 10:10 [3, 43, 106, 11, 117, 27, 96, -3]
304:63.96, 10:10 [3, 73, 118, 82, 31, 110, -3]
305:125.67, 10:10 [3, 26, 8, 34, 40, 102, 74, 45, 111, 15, 86, -3]
306:60.59, 10:10 [3, 36, 59, 24, 5, -3]
307:50.58, 8:10 [3, 54, 4, 6, -3]
fe: 3, se: 20

!ALNS------------
100000,2192.8947089095627,531.681,526.974,3,20,0.7866666666666666,0.945,40.666666666666664,6.1
16 30 12 10 0 0 15 5 
25.7651200381209 53.31603731460915 38.87433914469242 41.18646712024107 128.52996452049456 147.22344990730667 36.66009467104318 32.14211422990294 
10 8 9 10 12 17 16 6 
40.55153755927901 36.33383259366762 34.08655271608932 42.90795051036919 37.029594373775474 33.80498365728858 38.11087545468862 48.289572026257744 

x[2643] = 1.0
Vehicle: 13  Cost: 84.00
Route: 1 -2 -1 
 1 [  0   0:  0 []]
-2 [ 14  42:617 [80, 119, 92, 87, 124, 116, 108, 112]]
-1 [ 14 659:659 [80, 119, 92, 87, 124, 116, 108, 112]]

x[16028] = 1.0
Vehicle: 12  Cost: 84.00
Route: 1 2 -2 -1 
 1 [ 35   0:  0 [42, 44, 10, 37, 56, 30, 7, 21, 61, 68, 14, 18]]
 2 [  0  42: 42 []]
-2 [ 28  42:366 [93, 122, 123, 120, 124, 76, 78, 79, 95, 99, 114, 121, 89]]
-1 [ 28 408:408 [93, 122, 123, 120, 124, 76, 78, 79, 95, 99, 114, 121, 89]]

x[24512] = 1.0
Vehicle: 11  Cost: 84.00
Route: 1 2 -2 -1 
 1 [ 75   0:  0 [62, 67, 19, 52, 71, 28, 16, 63, 46, 47, 17, 25, 35, 33, 60, 53, 32, 23, 66, 29, 41, 12, 64, 48, 65, 51, 22, 55, 69, 38, 13, 58]]
 2 [  0  42: 42 []]
-2 [ 55  42:547 [98, 100, 85, 90, 77, 94, 113, 81, 84, 88, 119, 104, 116, 75, 101, 92, 80, 125, 109, 87, 105, 83, 108, 115, 97, 112]]
-1 [ 55 589:589 [98, 100, 85, 90, 77, 94, 113, 81, 84, 88, 119, 104, 116, 75, 101, 92, 80, 125, 109, 87, 105, 83, 108, 115, 97, 112]]

x[28083] = 1.0
Vehicle: 15  Cost: 146.12
Route: 1 3 -3 -1 
 1 [ 67   0:  0 [34, 72, 11, 59, 50, 70, 45, 15, 8, 57, 40, 27, 74, 43, 36, 6, 49, 31, 73, 24, 54, 26, 9, 4, 20, 5, 39]]
 3 [  0  73: 73 []]
-3 [ 37  73:402 [102, 103, 117, 96, 111, 107, 86, 106, 91, 82, 118, 110]]
-1 [ 37 475:475 [102, 103, 117, 96, 111, 107, 86, 106, 91, 82, 118, 110]]

y[2789] = 1.0
Vehicle: 206  Cost: 124.91
Route: 2 22 124 65 32 100 23 94 75 -2 
  2 [ 7  42: 57]
 22 [ 6  95:100]
124 [ 7 106:111]
 65 [ 5 111:116]
 32 [ 2 300:305]
100 [ 6 305:310]
 23 [ 5 324:329]
 94 [ 7 329:334]
 75 [10 344:349]
 -2 [10 393:393]

y[3260] = 1.0
Vehicle: 202  Cost: 118.39
Route: 2 61 48 114 66 78 58 121 -2 
  2 [10 119:134]
 61 [ 7 166:171]
 48 [ 4 192:197]
114 [ 7 197:202]
 66 [ 5 213:218]
 78 [ 9 222:227]
 58 [ 7 300:305]
121 [ 9 305:310]
 -2 [ 9 351:351]

y[3392] = 1.0
Vehicle: 302  Cost: 24.57
Route: 3 39 9 -3 
  3 [ 8 489:504]
 39 [ 4 516:521]
  9 [ 0 527:532]
 -3 [ 0 539:539]

y[3400] = 1.0
Vehicle: 206  Cost: 149.67
Route: 2 55 101 46 112 60 63 119 108 56 -2 
  2 [10  42: 57]
 55 [ 6 109:114]
101 [10 300:305]
 46 [ 9 314:319]
112 [10 319:324]
 60 [ 8 328:333]
 63 [ 7 344:349]
119 [ 8 420:425]
108 [ 9 444:449]
 56 [ 7 456:461]
 -2 [ 7 499:499]

y[3746] = 1.0
Vehicle: 303  Cost: 102.31
Route: 3 43 106 11 117 27 96 -3 
  3 [10  88:103]
 43 [ 6 135:140]
106 [ 7 140:145]
 11 [ 5 180:185]
117 [ 9 204:209]
 27 [ 5 221:226]
 96 [ 9 226:231]
 -3 [ 9 265:265]

y[3981] = 1.0
Vehicle: 305  Cost: 140.34
Route: 3 34 40 102 74 20 91 15 86 45 111 -3 
  3 [10  73: 88]
 34 [ 7 122:127]
 40 [ 6 137:142]
102 [ 9 142:147]
 74 [ 8 180:185]
 20 [ 6 199:204]
 91 [10 204:209]
 15 [ 8 300:305]
 86 [ 9 305:310]
 45 [ 8 316:321]
111 [10 321:326]
 -3 [10 367:367]

y[4964] = 1.0
Vehicle: 213  Cost: 40.94
Route: 2 30 98 53 93 105 -2 
  2 [ 8  42: 57]
 30 [ 4  70: 75]
 98 [ 7  75: 80]
 53 [ 3  84: 89]
 93 [ 5  97:102]
105 [ 7 300:305]
 -2 [ 7 320:320]

y[5104] = 1.0
Vehicle: 306  Cost: 60.59
Route: 3 36 59 24 5 -3 
  3 [10  88:153]
 36 [ 7 180:185]
 59 [ 5 300:305]
 24 [ 1 306:311]
  5 [ 0 420:425]
 -3 [ 0 434:434]

y[6060] = 1.0
Vehicle: 201  Cost: 24.67
Route: 2 16 115 51 -2 
  2 [ 7  42:288]
 16 [ 4 300:305]
115 [ 5 307:312]
 51 [ 1 312:317]
 -2 [ 1 328:328]

y[6623] = 1.0
Vehicle: 210  Cost: 42.09
Route: 2 123 28 97 88 -2 
  2 [ 4  42:280]
123 [ 7 300:305]
 28 [ 3 309:314]
 97 [ 4 314:319]
 88 [ 5 328:333]
 -2 [ 5 342:342]

y[6758] = 1.0
Vehicle: 208  Cost: 99.73
Route: 2 62 12 79 104 68 125 -2 
  2 [10  42: 57]
 62 [ 6  79: 84]
 12 [ 2  99:104]
 79 [ 3 104:109]
104 [ 7 135:140]
 68 [ 5 300:305]
125 [ 9 305:310]
 -2 [ 9 335:335]

y[6929] = 1.0
Vehicle: 214  Cost: 93.64
Route: 2 29 35 113 47 25 77 -2 
  2 [ 8  42:279]
 29 [ 6 300:305]
 35 [ 4 420:425]
113 [ 7 433:438]
 47 [ 5 438:443]
 25 [ 3 474:479]
 77 [ 4 482:487]
 -2 [ 4 497:497]

y[7174] = 1.0
Vehicle: 301  Cost: 113.91
Route: 3 50 72 49 70 103 107 -3 
  3 [ 9  88:103]
 50 [ 7 151:156]
 72 [ 4 300:305]
 49 [ 1 309:314]
 70 [ 0 317:322]
103 [ 4 334:339]
107 [ 8 349:354]
 -3 [ 8 383:383]

y[8032] = 1.0
Vehicle: 209  Cost: 107.46
Route: 2 41 120 76 64 89 122 83 -2 
  2 [ 7  42: 57]
 41 [ 3  90: 95]
120 [ 4 101:106]
 76 [ 7 118:123]
 64 [ 4 180:185]
 89 [ 6 189:194]
122 [ 7 223:228]
 83 [ 8 230:235]
 -2 [ 8 244:244]

y[11571] = 1.0
Vehicle: 204  Cost: 172.37
Route: 2 10 69 81 13 21 38 92 116 80 -2 
  2 [10  42: 57]
 10 [ 8 105:110]
 69 [ 7 115:120]
 81 [ 8 133:138]
 13 [ 5 138:143]
 21 [ 2 180:185]
 38 [ 1 300:305]
 92 [ 4 320:325]
116 [ 8 420:425]
 80 [10 442:447]
 -2 [10 491:491]

y[11843] = 1.0
Vehicle: 210  Cost: 72.58
Route: 2 18 84 37 7 -2 
  2 [ 9  42: 57]
 18 [ 8  79: 84]
 84 [10 300:305]
 37 [ 6 318:323]
  7 [ 2 336:341]
 -2 [ 2 362:362]

y[12893] = 1.0
Vehicle: 204  Cost: 89.04
Route: 2 14 44 109 95 42 99 -2 
  2 [10  42: 57]
 14 [ 8  81: 86]
 44 [ 4  96:101]
109 [ 5 101:106]
 95 [ 7 116:121]
 42 [ 3 135:140]
 99 [ 6 147:152]
 -2 [ 6 176:176]

y[13564] = 1.0
Vehicle: 210  Cost: 126.95
Route: 2 33 71 85 19 90 52 67 17 87 -2 
  2 [10  42: 57]
 33 [ 9  78: 83]
 71 [ 8  99:104]
 85 [10 123:128]
 19 [ 8 133:138]
 90 [10 138:143]
 52 [ 9 300:305]
 67 [ 6 310:315]
 17 [ 4 319:324]
 87 [ 5 324:329]
 -2 [ 5 375:375]

y[14465] = 1.0
Vehicle: 303  Cost: 76.54
Route: 3 73 118 54 31 82 110 -3 
  3 [10 164:179]
 73 [ 6 187:192]
118 [10 197:202]
 54 [ 7 209:214]
 31 [ 4 240:245]
 82 [ 6 251:256]
110 [10 300:305]
 -3 [10 322:322]

y[14900] = 1.0
Vehicle: 307  Cost: 94.62
Route: 3 26 8 57 6 4 -3 
  3 [10  73: 88]
 26 [ 9  92: 97]
  8 [ 8 119:124]
 57 [ 5 300:305]
  6 [ 4 420:425]
  4 [ 0 429:434]
 -3 [ 0 456:456]

FE: 4
SE: 20
!MIP-----
2273.4291779389705,5405.954262971878,0.06635935652095076,4,20,48074,17452

Run: 4
Total Cost: 2181.55
Vehicle: 11  Cost: 84.00
Route: 1 2 -2 -1 
 1 [ 75   0:  0 [64, 67, 12, 42, 35, 48, 33, 58, 61, 21, 55, 7, 29, 41, 63, 62, 47, 14, 30, 66, 18, 16, 68, 28, 38, 52, 37, 69, 71]]
 2 [  0  42: 42 []]
-2 [ 44  42:547 [114, 97, 98, 77, 123, 81, 87, 113, 90, 101, 92, 85, 108, 80, 88, 116, 119, 112, 115, 125, 84]]
-1 [ 44 589:589 [114, 97, 98, 77, 123, 81, 87, 113, 90, 101, 92, 85, 108, 80, 88, 116, 119, 112, 115, 125, 84]]

Vehicle: 12  Cost: 84.00
Route: 1 2 -2 -1 
 1 [ 31   0:  0 [17, 25, 60, 10, 46, 56, 51, 53, 57, 13, 19, 44]]
 2 [  0  42: 42 []]
-2 [ 29  42:373 [122, 120, 95, 99, 78, 121, 89, 105, 76, 79, 93, 83, 104, 109]]
-1 [ 29 415:415 [122, 120, 95, 99, 78, 121, 89, 105, 76, 79, 93, 83, 104, 109]]

Vehicle: 14  Cost: 146.12
Route: 1 3 -3 -1 
 1 [ 71   0:  0 [70, 9, 31, 8, 45, 32, 65, 23, 22, 39, 24, 20, 15, 74, 11, 34, 36, 59, 4, 54, 40, 26, 5, 43, 72, 6, 49, 73, 27, 50]]
 3 [  0  73: 73 []]
-3 [ 47  73:400 [102, 111, 91, 110, 75, 118, 96, 100, 94, 103, 117, 107, 124, 82, 106, 86]]
-1 [ 47 473:473 [102, 111, 91, 110, 75, 118, 96, 100, 94, 103, 117, 107, 124, 82, 106, 86]]

Vehicle: 201  Cost: 152.56
Route: 2 61 48 114 63 119 60 112 46 101 108 -2 
  2 [10  42: 57]
 61 [ 7  88: 93]
 48 [ 4 115:120]
114 [ 7 120:125]
 63 [ 6 300:305]
119 [ 7 420:425]
 60 [ 5 436:441]
112 [ 6 445:450]
 46 [ 5 450:455]
101 [ 9 464:469]
108 [10 485:490]
 -2 [10 532:532]

Vehicle: 202  Cost: 72.58
Route: 2 18 84 37 7 -2 
  2 [ 9  42: 57]
 18 [ 8  79: 84]
 84 [10 300:305]
 37 [ 6 318:323]
  7 [ 2 336:341]
 -2 [ 2 362:362]

Vehicle: 203  Cost: 107.19
Route: 2 53 71 19 90 85 80 68 125 -2 
  2 [ 9  42: 57]
 53 [ 5  73: 78]
 71 [ 4  96:101]
 19 [ 2 116:121]
 90 [ 4 121:126]
 85 [ 6 131:136]
 80 [ 8 420:425]
 68 [ 6 445:450]
125 [10 450:455]
 -2 [10 480:480]

Vehicle: 204  Cost: 24.67
Route: 2 16 115 51 -2 
  2 [ 7  42:288]
 16 [ 4 300:305]
115 [ 5 307:312]
 51 [ 1 312:317]
 -2 [ 1 328:328]

Vehicle: 205  Cost: 107.33
Route: 2 41 120 66 78 58 121 56 -2 
  2 [10  42: 57]
 41 [ 6  90: 95]
120 [ 7 101:106]
 66 [ 5 180:185]
 78 [ 9 189:194]
 58 [ 7 300:305]
121 [ 9 305:310]
 56 [ 7 315:320]
 -2 [ 7 358:358]

Vehicle: 206  Cost: 89.04
Route: 2 14 44 109 95 42 99 -2 
  2 [10  42: 57]
 14 [ 8  81: 86]
 44 [ 4  96:101]
109 [ 5 101:106]
 95 [ 7 116:121]
 42 [ 3 135:140]
 99 [ 6 147:152]
 -2 [ 6 176:176]

Vehicle: 208  Cost: 110.62
Route: 2 76 55 64 89 122 83 -2 
  2 [ 7  42: 57]
 76 [10 102:107]
 55 [ 6 114:119]
 64 [ 3 180:185]
 89 [ 5 189:194]
122 [ 6 223:228]
 83 [ 7 230:235]
 -2 [ 7 244:244]

Vehicle: 209  Cost: 99.62
Route: 2 62 79 12 104 93 105 -2 
  2 [ 8  42: 57]
 62 [ 4  79: 84]
 79 [ 5  99:104]
 12 [ 1 104:109]
104 [ 5 135:140]
 93 [ 7 160:165]
105 [ 9 300:305]
 -2 [ 9 320:320]

Vehicle: 210  Cost: 163.10
Route: 2 13 81 21 10 69 116 92 38 -2 
  2 [10  42: 57]
 13 [ 7 101:106]
 81 [ 8 106:111]
 21 [ 5 180:185]
 10 [ 3 202:207]
 69 [ 2 212:217]
116 [ 6 420:425]
 92 [ 9 440:445]
 38 [ 8 460:465]
 -2 [ 8 512:512]

Vehicle: 211  Cost: 42.72
Route: 2 30 98 28 97 88 -2 
  2 [ 8  42: 57]
 30 [ 4  70: 75]
 98 [ 7  75: 80]
 28 [ 3 300:305]
 97 [ 4 305:310]
 88 [ 5 319:324]
 -2 [ 5 333:333]

Vehicle: 212  Cost: 119.28
Route: 2 33 87 17 52 67 57 123 -2 
  2 [10  42: 57]
 33 [ 9  78: 83]
 87 [10 300:305]
 17 [ 8 305:310]
 52 [ 7 313:318]
 67 [ 4 323:328]
 57 [ 1 344:349]
123 [ 4 378:383]
 -2 [ 4 403:403]

Vehicle: 219  Cost: 93.64
Route: 2 29 35 47 113 25 77 -2 
  2 [ 8  42:279]
 29 [ 6 300:305]
 35 [ 4 420:425]
 47 [ 2 433:438]
113 [ 5 438:443]
 25 [ 3 474:479]
 77 [ 4 482:487]
 -2 [ 4 497:497]

Vehicle: 301  Cost: 113.91
Route: 3 50 72 49 70 103 107 -3 
  3 [ 9  73: 88]
 50 [ 7 136:141]
 72 [ 4 300:305]
 49 [ 1 309:314]
 70 [ 0 317:322]
103 [ 4 334:339]
107 [ 8 349:354]
 -3 [ 8 383:383]

Vehicle: 302  Cost: 59.74
Route: 3 54 8 6 4 -3 
  3 [ 9  73: 88]
 54 [ 6 106:111]
  8 [ 5 120:125]
  6 [ 4 420:425]
  4 [ 0 429:434]
 -3 [ 0 456:456]

Vehicle: 303  Cost: 102.31
Route: 3 43 106 11 117 27 96 -3 
  3 [10  73: 88]
 43 [ 6 120:125]
106 [ 7 125:130]
 11 [ 5 180:185]
117 [ 9 204:209]
 27 [ 5 221:226]
 96 [ 9 226:231]
 -3 [ 9 265:265]

Vehicle: 304  Cost: 140.34
Route: 3 34 40 102 74 20 91 15 86 45 111 -3 
  3 [10  73: 88]
 34 [ 7 122:127]
 40 [ 6 137:142]
102 [ 9 142:147]
 74 [ 8 180:185]
 20 [ 6 199:204]
 91 [10 204:209]
 15 [ 8 300:305]
 86 [ 9 305:310]
 45 [ 8 316:321]
111 [10 321:326]
 -3 [10 367:367]

Vehicle: 305  Cost: 24.57
Route: 3 39 9 -3 
  3 [ 8  73:288]
 39 [ 4 300:305]
  9 [ 0 420:425]
 -3 [ 0 432:432]

Vehicle: 306  Cost: 60.59
Route: 3 36 59 24 5 -3 
  3 [10  73:153]
 36 [ 7 180:185]
 59 [ 5 300:305]
 24 [ 1 306:311]
  5 [ 0 420:425]
 -3 [ 0 434:434]

Vehicle: 307  Cost: 64.07
Route: 3 26 73 118 82 31 110 -3 
  3 [ 8  73: 88]
 26 [ 7  92: 97]
 73 [ 3 101:106]
118 [ 7 111:116]
 82 [ 9 180:185]
 31 [ 6 191:196]
110 [10 300:305]
 -3 [10 322:322]

Vehicle: 308  Cost: 119.54
Route: 3 124 65 22 100 32 94 23 75 -3 
  3 [ 7  73: 88]
124 [ 8 130:135]
 65 [ 6 135:140]
 22 [ 5 146:151]
100 [ 9 300:305]
 32 [ 6 305:310]
 94 [ 8 324:329]
 23 [ 7 329:334]
 75 [10 344:349]
 -3 [10 385:385]

Total Cost: 2181.55
 11:84.00, 75:75 [1, 2, -2, -1]
 12:84.00, 31:75 [1, 2, -2, -1]
 14:146.12, 71:75 [1, 3, -3, -1]
201:152.56, 10:10 [2, 61, 48, 114, 63, 119, 60, 112, 46, 101, 108, -2]
202:72.58, 10:10 [2, 18, 84, 37, 7, -2]
203:107.19, 10:10 [2, 53, 71, 19, 90, 85, 80, 68, 125, -2]
204:24.67, 7:10 [2, 16, 115, 51, -2]
205:107.33, 10:10 [2, 41, 120, 66, 78, 58, 121, 56, -2]
206:89.04, 10:10 [2, 14, 44, 109, 95, 42, 99, -2]
208:110.62, 10:10 [2, 76, 55, 64, 89, 122, 83, -2]
209:99.62, 9:10 [2, 62, 79, 12, 104, 93, 105, -2]
210:163.10, 10:10 [2, 13, 81, 21, 10, 69, 116, 92, 38, -2]
211:42.72, 8:10 [2, 30, 98, 28, 97, 88, -2]
212:119.28, 10:10 [2, 33, 87, 17, 52, 67, 57, 123, -2]
219:93.64, 8:10 [2, 29, 35, 47, 113, 25, 77, -2]
301:113.91, 9:10 [3, 50, 72, 49, 70, 103, 107, -3]
302:59.74, 9:10 [3, 54, 8, 6, 4, -3]
303:102.31, 10:10 [3, 43, 106, 11, 117, 27, 96, -3]
304:140.34, 10:10 [3, 34, 40, 102, 74, 20, 91, 15, 86, 45, 111, -3]
305:24.57, 8:10 [3, 39, 9, -3]
306:60.59, 10:10 [3, 36, 59, 24, 5, -3]
307:64.07, 10:10 [3, 26, 73, 118, 82, 31, 110, -3]
308:119.54, 10:10 [3, 124, 65, 22, 100, 32, 94, 23, 75, -3]
fe: 3, se: 20

!ALNS------------
100000,2181.5470254376182,473.658,450.484,3,20,0.7866666666666666,0.94,40.666666666666664,6.1
25 32 21 14 0 0 9 3 
21.853378105439763 51.34145847096164 38.13230203491958 42.10563017992666 NaN 76.85728345322718 30.95482430427803 33.111361826485364 
12 15 9 13 17 7 18 13 
36.48848668602831 35.947901262147504 33.985072561431 35.94232925150796 44.43872300739816 29.853476767135366 29.818746134415548 55.9563830995292 

x[3042] = 1.0
Vehicle: 11  Cost: 84.00
Route: 1 2 -2 -1 
 1 [ 74   0:  0 [64, 67, 44, 38, 52, 37, 35, 18, 28, 10, 14, 47, 12, 21, 51, 53, 33, 42, 55, 65, 23, 69, 22, 71, 17, 63, 46, 60, 66, 48, 58, 56]]
 2 [  0  42: 42 []]
-2 [ 59  42:547 [112, 87, 97, 109, 90, 101, 92, 122, 123, 100, 80, 81, 94, 115, 88, 113, 75, 124, 95, 125, 108, 77, 116, 98, 114, 84, 83, 119, 85]]
-1 [ 59 589:589 [112, 87, 97, 109, 90, 101, 92, 122, 123, 100, 80, 81, 94, 115, 88, 113, 75, 124, 95, 125, 108, 77, 116, 98, 114, 84, 83, 119, 85]]

x[38519] = 1.0
Vehicle: 14  Cost: 146.12
Route: 1 3 -3 -1 
 1 [ 64   0:  0 [8, 70, 26, 9, 31, 59, 5, 72, 15, 45, 74, 34, 4, 49, 27, 6, 36, 50, 73, 43, 11, 39, 54, 24, 40, 20]]
 3 [  0  73: 73 []]
-3 [ 40  73:398 [107, 96, 106, 91, 110, 82, 102, 111, 86, 103, 117, 118, 75]]
-1 [ 40 471:471 [107, 96, 106, 91, 110, 82, 102, 111, 86, 103, 117, 118, 75]]

x[40876] = 1.0
Vehicle: 12  Cost: 84.00
Route: 1 2 -2 -1 
 1 [ 39   0:  0 [68, 7, 62, 19, 16, 29, 57, 25, 32, 13, 30, 41, 61]]
 2 [  0  42: 42 []]
-2 [ 24  42:373 [93, 76, 78, 105, 104, 99, 89, 120, 79, 121]]
-1 [ 24 415:415 [93, 76, 78, 105, 104, 99, 89, 120, 79, 121]]

y[64] = 1.0
Vehicle: 201  Cost: 52.01
Route: 2 30 98 33 53 93 105 -2 
  2 [ 9  42: 57]
 30 [ 5  70: 75]
 98 [ 8  75: 80]
 33 [ 7  88: 93]
 53 [ 3 100:105]
 93 [ 5 113:118]
105 [ 7 300:305]
 -2 [ 7 320:320]

y[598] = 1.0
Vehicle: 210  Cost: 122.05
Route: 2 71 52 87 17 67 57 123 -2 
  2 [10  42: 57]
 71 [ 9  91: 96]
 52 [ 8 300:305]
 87 [ 9 308:313]
 17 [ 7 313:318]
 67 [ 4 321:326]
 57 [ 1 343:348]
123 [ 4 377:382]
 -2 [ 4 402:402]

y[1440] = 1.0
Vehicle: 304  Cost: 24.57
Route: 3 39 9 -3 
  3 [ 8 405:420]
 39 [ 4 432:437]
  9 [ 0 442:447]
 -3 [ 0 454:454]

y[3409] = 1.0
Vehicle: 309  Cost: 102.31
Route: 3 43 106 11 117 27 96 -3 
  3 [10  88:103]
 43 [ 6 135:140]
106 [ 7 140:145]
 11 [ 5 180:185]
117 [ 9 204:209]
 27 [ 5 221:226]
 96 [ 9 226:231]
 -3 [ 9 265:265]

y[4180] = 1.0
Vehicle: 304  Cost: 140.34
Route: 3 34 102 40 74 20 91 15 86 45 111 -3 
  3 [10  88:103]
 34 [ 7 138:143]
102 [10 152:157]
 40 [ 9 157:162]
 74 [ 8 180:185]
 20 [ 6 199:204]
 91 [10 204:209]
 15 [ 8 300:305]
 86 [ 9 305:310]
 45 [ 8 316:321]
111 [10 321:326]
 -3 [10 367:367]

y[4623] = 1.0
Vehicle: 204  Cost: 24.67
Route: 2 115 51 16 -2 
  2 [ 7  42:289]
115 [ 8 300:305]
 51 [ 4 305:310]
 16 [ 1 312:317]
 -2 [ 1 329:329]

y[6167] = 1.0
Vehicle: 307  Cost: 64.07
Route: 3 26 73 118 82 31 110 -3 
  3 [ 8  88:103]
 26 [ 7 107:112]
 73 [ 3 116:121]
118 [ 7 126:131]
 82 [ 9 180:185]
 31 [ 6 191:196]
110 [10 300:305]
 -3 [10 322:322]

y[6460] = 1.0
Vehicle: 206  Cost: 34.57
Route: 2 28 97 88 -2 
  2 [ 4  42:284]
 28 [ 0 300:305]
 97 [ 1 305:310]
 88 [ 2 319:324]
 -2 [ 2 333:333]

y[6486] = 1.0
Vehicle: 305  Cost: 113.91
Route: 3 50 72 49 70 103 107 -3 
  3 [ 9  88:103]
 50 [ 7 151:156]
 72 [ 4 300:305]
 49 [ 1 309:314]
 70 [ 0 317:322]
103 [ 4 334:339]
107 [ 8 349:354]
 -3 [ 8 383:383]

y[7160] = 1.0
Vehicle: 221  Cost: 121.29
Route: 2 41 120 76 64 89 22 65 124 122 83 -2 
  2 [10  42: 57]
 41 [ 6  90: 95]
120 [ 7 101:106]
 76 [10 118:123]
 64 [ 7 180:185]
 89 [ 9 189:194]
 22 [ 8 201:206]
 65 [ 6 211:216]
124 [ 7 216:221]
122 [ 8 252:257]
 83 [ 9 259:264]
 -2 [ 9 273:273]

y[7341] = 1.0
Vehicle: 207  Cost: 149.74
Route: 2 7 56 63 119 60 112 46 101 108 -2 
  2 [10  42:278]
  7 [ 6 300:305]
 56 [ 4 327:332]
 63 [ 3 351:356]
119 [ 4 420:425]
 60 [ 2 436:441]
112 [ 3 445:450]
 46 [ 2 450:455]
101 [ 6 464:469]
108 [ 7 485:490]
 -2 [ 7 532:532]

y[7592] = 1.0
Vehicle: 206  Cost: 80.14
Route: 2 42 37 84 125 68 -2 
  2 [10  42: 57]
 42 [ 6  82: 87]
 37 [ 2 300:305]
 84 [ 4 318:323]
125 [ 8 331:336]
 68 [ 6 336:341]
 -2 [ 6 366:366]

y[8050] = 1.0
Vehicle: 205  Cost: 111.50
Route: 2 66 78 48 114 58 121 -2 
  2 [ 7  42:131]
 66 [ 5 180:185]
 78 [ 9 189:194]
 48 [ 6 202:207]
114 [ 9 207:212]
 58 [ 7 300:305]
121 [ 9 305:310]
 -2 [ 9 351:351]

y[9904] = 1.0
Vehicle: 305  Cost: 59.74
Route: 3 54 8 6 4 -3 
  3 [ 9 197:212]
 54 [ 6 230:235]
  8 [ 5 244:249]
  6 [ 4 420:425]
  4 [ 0 429:434]
 -3 [ 0 456:456]

y[10357] = 1.0
Vehicle: 210  Cost: 172.37
Route: 2 10 69 13 81 21 38 92 116 80 -2 
  2 [10  42: 57]
 10 [ 8 105:110]
 69 [ 7 115:120]
 13 [ 4 133:138]
 81 [ 5 138:143]
 21 [ 2 180:185]
 38 [ 1 300:305]
 92 [ 4 320:325]
116 [ 8 420:425]
 80 [10 442:447]
 -2 [10 491:491]

y[12018] = 1.0
Vehicle: 303  Cost: 60.59
Route: 3 36 59 24 5 -3 
  3 [10  73:153]
 36 [ 7 180:185]
 59 [ 5 300:305]
 24 [ 1 306:311]
  5 [ 0 420:425]
 -3 [ 0 434:434]

y[12764] = 1.0
Vehicle: 208  Cost: 93.64
Route: 2 77 25 47 113 35 29 -2 
  2 [ 8  42:291]
 77 [ 9 300:305]
 25 [ 7 308:313]
 47 [ 5 420:425]
113 [ 8 425:430]
 35 [ 6 438:443]
 29 [ 4 464:469]
 -2 [ 4 490:490]

y[13032] = 1.0
Vehicle: 206  Cost: 92.75
Route: 2 18 14 44 109 95 61 99 -2 
  2 [10  42: 57]
 18 [ 9  79: 84]
 14 [ 7  91: 96]
 44 [ 3 106:111]
109 [ 4 111:116]
 95 [ 6 126:131]
 61 [ 3 143:148]
 99 [ 6 156:161]
 -2 [ 6 185:185]

y[13444] = 1.0
Vehicle: 207  Cost: 123.30
Route: 2 62 79 12 19 90 85 104 -2 
  2 [10  42: 57]
 62 [ 6  79: 84]
 79 [ 7  99:104]
 12 [ 3 104:109]
 19 [ 1 138:143]
 90 [ 3 143:148]
 85 [ 5 153:158]
104 [ 9 175:180]
 -2 [ 9 215:215]

y[15618] = 1.0
Vehicle: 219  Cost: 138.82
Route: 2 55 32 100 94 23 75 -2 
  2 [ 8  42: 57]
 55 [ 4 109:114]
 32 [ 1 300:305]
100 [ 5 305:310]
 94 [ 7 324:329]
 23 [ 6 329:334]
 75 [ 9 344:349]
 -2 [ 9 393:393]

FE: 3
SE: 20
!MIP-----
2196.51453477045,5402.778668880463,0.03945549170322812,3,20,46006,15800

Run: 5
Total Cost: 2201.11
Vehicle: 11  Cost: 84.00
Route: 1 2 -2 -1 
 1 [ 75   0:  0 [44, 55, 13, 62, 14, 56, 65, 68, 46, 25, 32, 51, 61, 19, 67, 52, 17, 10, 60, 20, 40, 18, 33, 12, 48, 66, 21, 42, 37, 58]]
 2 [  0  42: 42 []]
-2 [ 37  42:528 [116, 77, 112, 81, 87, 94, 124, 114, 122, 100, 85, 90, 97, 115, 108, 123, 84, 119, 80, 92]]
-1 [ 37 570:570 [116, 77, 112, 81, 87, 94, 124, 114, 122, 100, 85, 90, 97, 115, 108, 123, 84, 119, 80, 92]]

Vehicle: 12  Cost: 84.00
Route: 1 2 -2 -1 
 1 [ 39   0:  0 [28, 53, 16, 30, 71, 22, 31, 7, 64, 63, 23, 69, 74, 41, 54, 38]]
 2 [  0  42: 42 []]
-2 [ 49  42:373 [83, 125, 79, 88, 104, 98, 82, 120, 89, 105, 91, 99, 109, 121, 93, 101, 102, 95, 78, 76]]
-1 [ 49 415:415 [83, 125, 79, 88, 104, 98, 82, 120, 89, 105, 91, 99, 109, 121, 93, 101, 102, 95, 78, 76]]

Vehicle: 14  Cost: 146.12
Route: 1 3 -3 -1 
 1 [ 63   0:  0 [15, 11, 26, 47, 6, 49, 45, 9, 59, 36, 70, 72, 73, 5, 34, 43, 27, 35, 4, 39, 50, 29, 24, 57, 8]]
 3 [  0  73: 73 []]
-3 [ 34  73:487 [113, 107, 103, 106, 86, 111, 75, 96, 110, 117, 118]]
-1 [ 34 560:560 [113, 107, 103, 106, 86, 111, 75, 96, 110, 117, 118]]

Vehicle: 201  Cost: 24.67
Route: 2 16 115 51 -2 
  2 [ 7  42:288]
 16 [ 4 300:305]
115 [ 5 307:312]
 51 [ 1 312:317]
 -2 [ 1 328:328]

Vehicle: 202  Cost: 116.45
Route: 2 83 89 64 76 55 101 -2 
  2 [ 7  42: 57]
 83 [ 8  66: 71]
 89 [10 102:107]
 64 [ 7 180:185]
 76 [10 198:203]
 55 [ 6 210:215]
101 [10 300:305]
 -2 [10 353:353]

Vehicle: 203  Cost: 138.80
Route: 2 61 48 114 63 119 46 112 60 108 -2 
  2 [10  42: 57]
 61 [ 7  88: 93]
 48 [ 4 115:120]
114 [ 7 120:125]
 63 [ 6 300:305]
119 [ 7 420:425]
 46 [ 6 436:441]
112 [ 7 441:446]
 60 [ 5 450:455]
108 [ 6 466:471]
 -2 [ 6 513:513]

Vehicle: 204  Cost: 32.80
Route: 2 97 28 -2 
  2 [ 4  42:284]
 97 [ 5 300:305]
 28 [ 1 305:310]
 -2 [ 1 326:326]

Vehicle: 205  Cost: 72.58
Route: 2 18 84 37 7 -2 
  2 [ 9  42: 57]
 18 [ 8  79: 84]
 84 [10 300:305]
 37 [ 6 318:323]
  7 [ 2 336:341]
 -2 [ 2 362:362]

Vehicle: 206  Cost: 172.37
Route: 2 10 69 81 13 21 38 92 116 80 -2 
  2 [10  42: 57]
 10 [ 8 105:110]
 69 [ 7 115:120]
 81 [ 8 133:138]
 13 [ 5 138:143]
 21 [ 2 180:185]
 38 [ 1 300:305]
 92 [ 4 320:325]
116 [ 8 420:425]
 80 [10 442:447]
 -2 [10 491:491]

Vehicle: 207  Cost: 133.12
Route: 2 33 71 85 19 90 52 17 87 67 123 -2 
  2 [10  42: 57]
 33 [ 9  78: 83]
 71 [ 8  99:104]
 85 [10 123:128]
 19 [ 8 133:138]
 90 [10 138:143]
 52 [ 9 300:305]
 17 [ 7 308:313]
 87 [ 8 313:318]
 67 [ 5 321:326]
123 [ 8 361:366]
 -2 [ 8 386:386]

Vehicle: 208  Cost: 40.94
Route: 2 30 98 53 93 105 -2 
  2 [ 8  42: 57]
 30 [ 4  70: 75]
 98 [ 7  75: 80]
 53 [ 3  84: 89]
 93 [ 5  97:102]
105 [ 7 300:305]
 -2 [ 7 320:320]

Vehicle: 210  Cost: 120.03
Route: 2 122 22 124 65 23 94 32 100 25 77 -2 
  2 [ 9  42: 57]
122 [10  68: 73]
 22 [ 9 101:106]
124 [10 111:116]
 65 [ 8 116:121]
 23 [ 7 300:305]
 94 [ 9 305:310]
 32 [ 6 324:329]
100 [10 329:334]
 25 [ 8 376:381]
 77 [ 9 385:390]
 -2 [ 9 399:399]

Vehicle: 211  Cost: 89.04
Route: 2 14 109 44 95 42 99 -2 
  2 [10  42: 57]
 14 [ 8  81: 86]
109 [ 9  96:101]
 44 [ 5 101:106]
 95 [ 7 116:121]
 42 [ 3 135:140]
 99 [ 6 147:152]
 -2 [ 6 176:176]

Vehicle: 213  Cost: 107.33
Route: 2 41 120 66 78 58 121 56 -2 
  2 [10  42: 57]
 41 [ 6  90: 95]
120 [ 7 101:106]
 66 [ 5 180:185]
 78 [ 9 189:194]
 58 [ 7 300:305]
121 [ 9 305:310]
 56 [ 7 315:320]
 -2 [ 7 358:358]

Vehicle: 214  Cost: 99.73
Route: 2 62 12 79 104 68 125 -2 
  2 [10  42: 57]
 62 [ 6  79: 84]
 12 [ 2  99:104]
 79 [ 3 104:109]
104 [ 7 135:140]
 68 [ 5 300:305]
125 [ 9 305:310]
 -2 [ 9 335:335]

Vehicle: 215  Cost: 189.94
Route: 2 54 20 91 74 40 102 31 82 88 -2 
  2 [10  42: 57]
 54 [ 7  90: 95]
 20 [ 5 129:134]
 91 [ 9 134:139]
 74 [ 8 180:185]
 40 [ 7 203:208]
102 [10 208:213]
 31 [ 7 245:250]
 82 [ 9 256:261]
 88 [10 305:310]
 -2 [10 319:319]

Vehicle: 301  Cost: 114.10
Route: 3 50 72 49 70 103 107 5 -3 
  3 [10  73: 88]
 50 [ 8 136:141]
 72 [ 5 300:305]
 49 [ 2 309:314]
 70 [ 1 317:322]
103 [ 5 334:339]
107 [ 9 349:354]
  5 [ 8 420:425]
 -3 [ 8 434:434]

Vehicle: 302  Cost: 89.48
Route: 3 43 106 11 75 47 113 29 -3 
  3 [10  73: 88]
 43 [ 6 120:125]
106 [ 7 125:130]
 11 [ 5 180:185]
 75 [ 8 300:305]
 47 [ 6 420:425]
113 [ 9 425:430]
 29 [ 7 453:458]
 -3 [ 7 472:472]

Vehicle: 303  Cost: 90.40
Route: 3 117 27 96 35 -3 
  3 [ 6  73:136]
117 [10 180:185]
 27 [ 6 197:202]
 96 [10 202:207]
 35 [ 8 420:425]
 -3 [ 8 445:445]

Vehicle: 304  Cost: 114.69
Route: 3 34 111 45 86 15 57 6 -3 
  3 [10  73: 88]
 34 [ 7 122:127]
111 [ 9 300:305]
 45 [ 8 305:310]
 86 [ 9 316:321]
 15 [ 7 321:326]
 57 [ 4 347:352]
  6 [ 3 420:425]
 -3 [ 3 450:450]

Vehicle: 305  Cost: 54.97
Route: 3 26 73 118 8 4 -3 
  3 [10  73: 88]
 26 [ 9  92: 97]
 73 [ 5 101:106]
118 [ 9 111:116]
  8 [ 8 130:135]
  4 [ 4 300:305]
 -3 [ 4 327:327]

Vehicle: 306  Cost: 60.95
Route: 3 36 24 59 110 -3 
  3 [ 9  73:153]
 36 [ 6 180:185]
 24 [ 2 300:305]
 59 [ 0 306:311]
110 [ 4 325:330]
 -3 [ 4 347:347]

Vehicle: 307  Cost: 24.57
Route: 3 39 9 -3 
  3 [ 8  73:288]
 39 [ 4 300:305]
  9 [ 0 420:425]
 -3 [ 0 432:432]

Total Cost: 2201.11
 11:84.00, 75:75 [1, 2, -2, -1]
 12:84.00, 49:75 [1, 2, -2, -1]
 14:146.12, 63:75 [1, 3, -3, -1]
201:24.67, 7:10 [2, 16, 115, 51, -2]
202:116.45, 10:10 [2, 83, 89, 64, 76, 55, 101, -2]
203:138.80, 10:10 [2, 61, 48, 114, 63, 119, 46, 112, 60, 108, -2]
204:32.80, 5:10 [2, 97, 28, -2]
205:72.58, 10:10 [2, 18, 84, 37, 7, -2]
206:172.37, 10:10 [2, 10, 69, 81, 13, 21, 38, 92, 116, 80, -2]
207:133.12, 10:10 [2, 33, 71, 85, 19, 90, 52, 17, 87, 67, 123, -2]
208:40.94, 8:10 [2, 30, 98, 53, 93, 105, -2]
210:120.03, 10:10 [2, 122, 22, 124, 65, 23, 94, 32, 100, 25, 77, -2]
211:89.04, 10:10 [2, 14, 109, 44, 95, 42, 99, -2]
213:107.33, 10:10 [2, 41, 120, 66, 78, 58, 121, 56, -2]
214:99.73, 10:10 [2, 62, 12, 79, 104, 68, 125, -2]
215:189.94, 10:10 [2, 54, 20, 91, 74, 40, 102, 31, 82, 88, -2]
301:114.10, 10:10 [3, 50, 72, 49, 70, 103, 107, 5, -3]
302:89.48, 10:10 [3, 43, 106, 11, 75, 47, 113, 29, -3]
303:90.40, 10:10 [3, 117, 27, 96, 35, -3]
304:114.69, 10:10 [3, 34, 111, 45, 86, 15, 57, 6, -3]
305:54.97, 10:10 [3, 26, 73, 118, 8, 4, -3]
306:60.95, 9:10 [3, 36, 24, 59, 110, -3]
307:24.57, 8:10 [3, 39, 9, -3]
fe: 3, se: 20

!ALNS------------
100000,2201.109101003886,604.107,584.359,3,20,0.8311111111111111,0.935,40.666666666666664,6.1
29 34 22 9 0 0 9 2 
33.05460898960952 72.01932219355186 38.90448432231214 44.076455134082124 121.27692118114874 109.65420672960113 34.91640277579142 31.114354833062187 
7 18 14 11 12 7 24 12 
47.04103884157705 43.927060720291074 40.350802336710565 41.06709373157642 45.94326302958968 42.74726126801415 43.50758131547281 58.25097865806301 

x[21909] = 1.0
Vehicle: 14  Cost: 146.12
Route: 1 3 -3 -1 
 1 [ 61   0:  0 [24, 70, 26, 72, 40, 15, 34, 4, 39, 9, 31, 5, 29, 6, 32, 27, 49, 59, 35, 47, 73, 63, 50, 46, 45, 60]]
 3 [  0  73: 73 []]
-3 [ 39  73:562 [113, 103, 111, 96, 102, 107, 86, 100, 118, 101, 112, 119, 110]]
-1 [ 39 635:635 [113, 103, 111, 96, 102, 107, 86, 100, 118, 101, 112, 119, 110]]

x[24132] = 1.0
Vehicle: 13  Cost: 84.00
Route: 1 -2 -1 
 1 [  0   0:  0 []]
-2 [ 24  42:513 [92, 106, 108, 121, 114, 112, 80, 123, 97, 116, 84, 120]]
-1 [ 24 555:555 [92, 106, 108, 121, 114, 112, 80, 123, 97, 116, 84, 120]]

x[25160] = 1.0
Vehicle: 11  Cost: 84.00
Route: 1 2 -2 -1 
 1 [ 75   0:  0 [33, 16, 11, 52, 36, 69, 51, 28, 10, 57, 20, 54, 74, 21, 41, 13, 8, 44, 14, 18, 17, 55, 38, 43, 19, 30, 68, 67, 65, 23, 22, 71]]
 2 [  0  42: 42 []]
-2 [ 46  42:506 [81, 80, 95, 90, 84, 125, 115, 116, 75, 123, 124, 87, 85, 108, 109, 98, 91, 77, 94, 97, 89, 92]]
-1 [ 46 548:548 [81, 80, 95, 90, 84, 125, 115, 116, 75, 123, 124, 87, 85, 108, 109, 98, 91, 77, 94, 97, 89, 92]]

x[41209] = 1.0
Vehicle: 12  Cost: 84.00
Route: 1 2 -2 -1 
 1 [ 41   0:  0 [53, 7, 37, 66, 42, 58, 48, 61, 56, 62, 12, 64, 25]]
 2 [  0  42: 42 []]
-2 [ 35  42:366 [106, 105, 120, 82, 79, 104, 88, 121, 83, 117, 93, 122, 99, 114, 78, 76]]
-1 [ 35 408:408 [106, 105, 120, 82, 79, 104, 88, 121, 83, 117, 93, 122, 99, 114, 78, 76]]

y[810] = 1.0
Vehicle: 211  Cost: 81.02
Route: 2 18 37 84 68 125 16 -2 
  2 [10  42: 57]
 18 [ 9  79: 84]
 37 [ 5 300:305]
 84 [ 7 318:323]
 68 [ 5 331:336]
125 [ 9 336:341]
 16 [ 6 356:361]
 -2 [ 6 373:373]

y[2716] = 1.0
Vehicle: 210  Cost: 109.37
Route: 2 61 48 114 58 121 108 56 -2 
  2 [10  42: 57]
 61 [ 7  88: 93]
 48 [ 4 115:120]
114 [ 7 120:125]
 58 [ 5 300:305]
121 [ 7 305:310]
108 [ 8 420:425]
 56 [ 6 432:437]
 -2 [ 6 476:476]

y[3289] = 1.0
Vehicle: 210  Cost: 119.71
Route: 2 64 89 22 65 124 94 23 75 25 77 -2 
  2 [ 9  42:139]
 64 [ 6 180:185]
 89 [ 8 189:194]
 22 [ 7 201:206]
 65 [ 5 211:216]
124 [ 6 216:221]
 94 [ 8 300:305]
 23 [ 7 305:310]
 75 [10 320:325]
 25 [ 8 358:363]
 77 [ 9 366:371]
 -2 [ 9 380:380]

y[4549] = 1.0
Vehicle: 301  Cost: 183.98
Route: 3 29 60 63 119 46 112 101 32 100 -3 
  3 [ 9  73:286]
 29 [ 7 300:305]
 60 [ 5 362:367]
 63 [ 4 378:383]
119 [ 5 420:425]
 46 [ 4 436:441]
112 [ 5 441:446]
101 [ 9 455:460]
 32 [ 6 482:487]
100 [10 487:492]
 -3 [10 547:547]

y[4772] = 1.0
Vehicle: 304  Cost: 94.45
Route: 3 26 34 102 40 45 111 15 86 -3 
  3 [ 8  88:103]
 26 [ 7 107:112]
 34 [ 4 143:148]
102 [ 7 157:162]
 40 [ 6 162:167]
 45 [ 5 300:305]
111 [ 7 305:310]
 15 [ 5 316:321]
 86 [ 6 321:326]
 -3 [ 6 362:362]

y[5940] = 1.0
Vehicle: 209  Cost: 150.82
Route: 2 54 8 74 91 20 57 123 -2 
  2 [10  42: 57]
 54 [ 7  90: 95]
  8 [ 6 103:108]
 74 [ 5 180:185]
 91 [ 9 199:204]
 20 [ 7 204:209]
 57 [ 4 300:305]
123 [ 7 334:339]
 -2 [ 7 359:359]

y[6015] = 1.0
Vehicle: 205  Cost: 50.16
Route: 2 42 -2 
  2 [ 4  42: 57]
 42 [ 0  82: 87]
 -2 [ 0 112:112]

y[6086] = 1.0
Vehicle: 301  Cost: 114.10
Route: 3 50 72 49 70 103 107 5 -3 
  3 [10  88:103]
 50 [ 8 151:156]
 72 [ 5 300:305]
 49 [ 2 309:314]
 70 [ 1 317:322]
103 [ 5 334:339]
107 [ 9 349:354]
  5 [ 8 420:425]
 -3 [ 8 434:434]

y[6342] = 1.0
Vehicle: 308  Cost: 64.23
Route: 3 31 110 59 24 -3 
  3 [ 9  73: 88]
 31 [ 6 108:113]
110 [10 300:305]
 59 [ 8 318:323]
 24 [ 4 325:330]
 -3 [ 4 356:356]

y[7177] = 1.0
Vehicle: 202  Cost: 131.58
Route: 2 41 120 66 78 55 76 83 -2 
  2 [10  42: 57]
 41 [ 6  90: 95]
120 [ 7 101:106]
 66 [ 5 180:185]
 78 [ 9 189:194]
 55 [ 5 217:222]
 76 [ 8 229:234]
 83 [ 9 273:278]
 -2 [ 9 287:287]

y[8107] = 1.0
Vehicle: 214  Cost: 99.48
Route: 2 62 79 12 104 93 -2 
  2 [ 8  42: 57]
 62 [ 4  79: 84]
 79 [ 5  99:104]
 12 [ 1 104:109]
104 [ 5 135:140]
 93 [ 7 160:165]
 -2 [ 7 181:181]

y[9792] = 1.0
Vehicle: 201  Cost: 38.88
Route: 2 30 98 105 115 51 -2 
  2 [ 8  42: 57]
 30 [ 4  70: 75]
 98 [ 7  75: 80]
105 [ 9 300:305]
115 [10 310:315]
 51 [ 6 315:320]
 -2 [ 6 331:331]

y[11281] = 1.0
Vehicle: 206  Cost: 172.37
Route: 2 10 69 81 13 21 38 92 116 80 -2 
  2 [10  42: 57]
 10 [ 8 105:110]
 69 [ 7 115:120]
 81 [ 8 133:138]
 13 [ 5 138:143]
 21 [ 2 180:185]
 38 [ 1 300:305]
 92 [ 4 320:325]
116 [ 8 420:425]
 80 [10 442:447]
 -2 [10 491:491]

y[12033] = 1.0
Vehicle: 206  Cost: 47.66
Route: 2 53 28 97 -2 
  2 [ 8  42: 57]
 53 [ 4  73: 78]
 28 [ 0 300:305]
 97 [ 1 305:310]
 -2 [ 1 326:326]

y[13300] = 1.0
Vehicle: 207  Cost: 126.95
Route: 2 33 71 85 19 90 52 67 17 87 -2 
  2 [10  42: 57]
 33 [ 9  78: 83]
 71 [ 8  99:104]
 85 [10 123:128]
 19 [ 8 133:138]
 90 [10 138:143]
 52 [ 9 300:305]
 67 [ 6 310:315]
 17 [ 4 319:324]
 87 [ 5 324:329]
 -2 [ 5 375:375]

y[13571] = 1.0
Vehicle: 305  Cost: 52.12
Route: 3 73 118 4 6 -3 
  3 [ 9  88:103]
 73 [ 5 111:116]
118 [ 9 121:126]
  4 [ 5 300:305]
  6 [ 4 420:425]
 -3 [ 4 450:450]

y[13865] = 1.0
Vehicle: 302  Cost: 70.76
Route: 3 27 96 47 113 35 -3 
  3 [ 8  73: 88]
 27 [ 4 122:127]
 96 [ 8 127:132]
 47 [ 6 420:425]
113 [ 9 425:430]
 35 [ 7 438:443]
 -3 [ 7 463:463]

y[14468] = 1.0
Vehicle: 308  Cost: 24.57
Route: 3 9 39 -3 
  3 [ 8 513:528]
  9 [ 4 535:540]
 39 [ 0 545:550]
 -3 [ 0 563:563]

y[14559] = 1.0
Vehicle: 205  Cost: 165.52
Route: 2 122 43 106 11 117 36 82 88 -2 
  2 [ 9  42: 57]
122 [10  68: 73]
 43 [ 6 107:112]
106 [ 7 112:117]
 11 [ 5 180:185]
117 [ 9 204:209]
 36 [ 6 245:250]
 82 [ 8 258:263]
 88 [ 9 306:311]
 -2 [ 9 321:321]

y[17111] = 1.0
Vehicle: 213  Cost: 88.12
Route: 2 14 109 44 95 99 7 -2 
  2 [10  42: 57]
 14 [ 8  81: 86]
109 [ 9  96:101]
 44 [ 5 101:106]
 95 [ 7 116:121]
 99 [10 139:144]
  7 [ 6 300:305]
 -2 [ 6 327:327]

FE: 4
SE: 20
!MIP-----
2383.963796136992,5403.14194393158,0.10958479239324022,4,20,46735,17361

