--Parameters Information--
speed=1
run=5
iteration= 100000
batch=100
restartPeriod=10000
largeRemovalOccurrence=500
initialLNS=250
lowerBoundSmallRemoval=4
smallRemoval=0.2
lowerBoundLargeRemoval=0.55
largeRemoval=0.8
initialWeight=1.0
decayRate=0.1
gamma1=9.0
gamma2=5.0
gamma3=2.0
gamma4=0.0
coolingRate=0.9995
temperatureControlParameter=0.05
initialAcceptanceProbability=0.5
perturbation=0.5
perturbationFactor=0.01
split=20000

Setup: Split
Data: A_100_6_LD

Run: 1
Total Cost: 2544.25
Vehicle: 11  Cost: 109.84
Route: 1 2 -2 -1 
 1 [ 74   0:  0 [71, 79, 82, 73, 45, 22, 11, 29, 77, 39, 35, 28, 36, 17, 48, 66, 5, 8, 25, 43, 75, 56, 7, 50, 12, 57, 47, 32, 33]]
 2 [  0  55: 55 []]
-2 [ 48  55:512 [89, 118, 98, 88, 112, 110, 91, 93, 126, 92, 129, 102, 109, 114]]
-1 [ 48 567:567 [89, 118, 98, 88, 112, 110, 91, 93, 126, 92, 129, 102, 109, 114]]

Vehicle: 12  Cost: 109.84
Route: 1 2 -2 -1 
 1 [ 34   0:  0 [16, 38, 60, 24, 4, 83, 37, 69, 53, 44, 80]]
 2 [  0  55: 55 []]
-2 [ 15  55:313 [111, 117, 97, 103, 122]]
-1 [ 15 367:367 [111, 117, 97, 103, 122]]

Vehicle: 13  Cost: 117.88
Route: 1 3 -3 -1 
 1 [ 75   0:  0 [87, 34, 27, 76, 26, 61, 74, 55, 70, 42, 30, 19, 65, 62, 78, 14, 84, 23, 85, 86, 49, 72, 51, 67, 20, 31, 6, 13]]
 3 [  0  59: 59 []]
-3 [ 32  59:483 [115, 100, 130, 108, 127, 131, 124, 101, 94, 96, 106, 121, 125, 123]]
-1 [ 32 542:542 [115, 100, 130, 108, 127, 131, 124, 101, 94, 96, 106, 121, 125, 123]]

Vehicle: 14  Cost: 117.88
Route: 1 3 -3 -1 
 1 [ 43   0:  0 [58, 15, 59, 81, 21, 40, 46, 52, 18, 10, 64, 63, 68, 41, 54, 9]]
 3 [  0  59: 59 []]
-3 [ 32  59:353 [119, 132, 116, 104, 113, 95, 99, 105, 128, 107, 90, 120]]
-1 [ 32 412:412 [119, 132, 116, 104, 113, 95, 99, 105, 128, 107, 90, 120]]

Vehicle: 201  Cost: 108.10
Route: 2 43 82 32 102 57 8 91 -2 
  2 [ 9  55: 70]
 43 [ 8  96:101]
 82 [ 6 180:185]
 32 [ 5 300:305]
102 [ 9 305:310]
 57 [ 5 318:323]
  8 [ 4 331:336]
 91 [ 8 336:341]
 -2 [ 8 383:383]

Vehicle: 202  Cost: 90.61
Route: 2 7 89 45 110 73 69 93 -2 
  2 [10  55:272]
  7 [ 9 300:305]
 89 [10 305:310]
 45 [ 6 324:329]
110 [10 329:334]
 73 [ 7 353:358]
 69 [ 5 365:370]
 93 [ 9 420:425]
 -2 [ 9 443:443]

Vehicle: 203  Cost: 51.71
Route: 2 33 16 12 92 -2 
  2 [10  55:285]
 33 [ 6 300:305]
 16 [ 2 314:319]
 12 [ 0 420:425]
 92 [ 4 425:430]
 -2 [ 4 435:435]

Vehicle: 204  Cost: 44.37
Route: 2 29 98 129 79 -2 
  2 [ 4  55:279]
 29 [ 1 300:305]
 98 [ 5 305:310]
129 [ 8 319:324]
 79 [ 7 324:329]
 -2 [ 7 343:343]

Vehicle: 205  Cost: 41.87
Route: 2 77 83 4 -2 
  2 [10  55:281]
 77 [ 6 300:305]
 83 [ 2 312:317]
  4 [ 0 319:324]
 -2 [ 0 338:338]

Vehicle: 206  Cost: 90.30
Route: 2 60 117 17 103 122 66 -2 
  2 [ 9  55: 70]
 60 [ 5  93: 98]
117 [ 7  98:103]
 17 [ 3 128:133]
103 [ 6 144:149]
122 [10 167:172]
 66 [ 9 172:177]
 -2 [ 9 190:190]

Vehicle: 207  Cost: 32.16
Route: 2 11 114 56 -2 
  2 [ 7  55: 70]
 11 [ 4  77: 82]
114 [ 7 300:305]
 56 [ 3 305:310]
 -2 [ 3 324:324]

Vehicle: 208  Cost: 124.29
Route: 2 35 80 39 97 28 47 111 -2 
  2 [10  55:138]
 35 [ 9 180:185]
 80 [ 7 195:200]
 39 [ 3 210:215]
 97 [ 5 244:249]
 28 [ 3 249:254]
 47 [ 2 279:284]
111 [ 6 284:289]
 -2 [ 6 298:298]

Vehicle: 209  Cost: 76.74
Route: 2 24 50 112 126 36 88 -2 
  2 [10  55:390]
 24 [ 7 420:425]
 50 [ 3 434:439]
112 [ 6 439:444]
126 [ 9 451:456]
 36 [ 6 467:472]
 88 [10 483:488]
 -2 [10 497:497]

Vehicle: 210  Cost: 83.87
Route: 2 38 37 44 -2 
  2 [10  55: 70]
 38 [ 8 108:113]
 37 [ 4 300:305]
 44 [ 0 318:323]
 -2 [ 0 353:353]

Vehicle: 211  Cost: 66.62
Route: 2 48 5 53 -2 
  2 [10  55: 70]
 48 [ 6  97:102]
  5 [ 3 300:305]
 53 [ 0 310:315]
 -2 [ 0 344:344]

Vehicle: 212  Cost: 105.63
Route: 2 75 71 22 25 118 109 -2 
  2 [ 9  55: 70]
 75 [ 8 109:114]
 71 [ 4 125:130]
 22 [ 1 180:185]
 25 [ 0 188:193]
118 [ 4 206:211]
109 [ 7 226:231]
 -2 [ 7 244:244]

Vehicle: 301  Cost: 58.45
Route: 3 15 99 30 104 86 -3 
  3 [ 9  59: 74]
 15 [ 7  92: 97]
 99 [ 9 100:105]
 30 [ 6 105:110]
104 [10 124:129]
 86 [ 6 300:305]
 -3 [ 6 322:322]

Vehicle: 302  Cost: 124.22
Route: 3 67 18 131 10 62 121 65 31 101 -3 
  3 [ 8  59: 74]
 67 [ 7  91: 96]
 18 [ 4 106:111]
131 [ 8 129:134]
 10 [ 7 300:305]
 62 [ 6 311:316]
121 [ 9 331:336]
 65 [ 8 336:341]
 31 [ 7 357:362]
101 [ 9 362:367]
 -3 [ 9 399:399]

Vehicle: 303  Cost: 102.39
Route: 3 63 119 20 41 -3 
  3 [10  59: 74]
 63 [ 6 109:114]
119 [ 9 114:119]
 20 [ 6 140:145]
 41 [ 3 300:305]
 -3 [ 3 319:319]

Vehicle: 304  Cost: 73.85
Route: 3 55 6 74 -3 
  3 [10  59:265]
 55 [ 7 300:305]
  6 [ 3 309:314]
 74 [ 0 420:425]
 -3 [ 0 451:451]

Vehicle: 305  Cost: 102.20
Route: 3 106 81 130 42 123 -3 
  3 [ 8  59:150]
106 [ 9 180:185]
 81 [ 5 300:305]
130 [ 9 305:310]
 42 [ 5 320:325]
123 [ 6 420:425]
 -3 [ 6 458:458]

Vehicle: 306  Cost: 130.77
Route: 3 54 14 94 19 84 100 78 -3 
  3 [10  59: 74]
 54 [ 9 115:120]
 14 [ 5 180:185]
 94 [ 6 300:305]
 19 [ 4 305:310]
 84 [ 3 324:329]
100 [ 5 420:425]
 78 [ 3 432:437]
 -3 [ 3 468:468]

Vehicle: 307  Cost: 42.59
Route: 3 107 51 120 64 -3 
  3 [ 5  59: 74]
107 [ 7  95:100]
 51 [ 6 102:107]
120 [ 9 300:305]
 64 [ 5 305:310]
 -3 [ 5 329:329]

Vehicle: 308  Cost: 49.06
Route: 3 52 125 72 85 -3 
  3 [ 8  59:278]
 52 [ 5 300:305]
125 [ 6 420:425]
 72 [ 2 425:430]
 85 [ 1 432:437]
 -3 [ 1 452:452]

Vehicle: 310  Cost: 76.46
Route: 3 70 124 58 115 13 61 -3 
  3 [10  59: 74]
 70 [ 7 105:110]
124 [ 9 110:115]
 58 [ 6 119:124]
115 [10 124:129]
 13 [ 9 300:305]
 61 [ 6 308:313]
 -3 [ 6 334:334]

Vehicle: 311  Cost: 72.37
Route: 3 23 96 26 9 -3 
  3 [10  59: 74]
 23 [ 6 104:109]
 96 [ 8 300:305]
 26 [ 4 305:310]
  9 [ 2 322:327]
 -3 [ 2 353:353]

Vehicle: 313  Cost: 139.93
Route: 3 87 49 113 105 34 128 -3 
  3 [10  59: 74]
 87 [ 6 124:129]
 49 [ 2 136:141]
113 [ 3 155:160]
105 [ 7 180:185]
 34 [ 5 185:190]
128 [ 9 300:305]
 -3 [ 9 338:338]

Vehicle: 314  Cost: 84.80
Route: 3 27 46 59 116 132 90 21 95 -3 
  3 [10  59: 74]
 27 [ 7  93: 98]
 46 [ 4 101:106]
 59 [ 2 125:130]
116 [ 3 130:135]
132 [ 6 139:144]
 90 [ 9 152:157]
 21 [ 7 177:182]
 95 [ 9 182:187]
 -3 [ 9 199:199]

Vehicle: 315  Cost: 115.45
Route: 3 68 127 76 108 40 -3 
  3 [10  59:259]
 68 [ 7 300:305]
127 [ 9 321:326]
 76 [ 5 326:331]
108 [ 8 334:339]
 40 [ 5 339:344]
 -3 [ 5 399:399]

Total Cost: 2544.25
 11:109.84, 74:75 [1, 2, -2, -1]
 12:109.84, 34:75 [1, 2, -2, -1]
 13:117.88, 75:75 [1, 3, -3, -1]
 14:117.88, 43:75 [1, 3, -3, -1]
201:108.10, 9:10 [2, 43, 82, 32, 102, 57, 8, 91, -2]
202:90.61, 10:10 [2, 7, 89, 45, 110, 73, 69, 93, -2]
203:51.71, 10:10 [2, 33, 16, 12, 92, -2]
204:44.37, 8:10 [2, 29, 98, 129, 79, -2]
205:41.87, 10:10 [2, 77, 83, 4, -2]
206:90.30, 10:10 [2, 60, 117, 17, 103, 122, 66, -2]
207:32.16, 7:10 [2, 11, 114, 56, -2]
208:124.29, 10:10 [2, 35, 80, 39, 97, 28, 47, 111, -2]
209:76.74, 10:10 [2, 24, 50, 112, 126, 36, 88, -2]
210:83.87, 10:10 [2, 38, 37, 44, -2]
211:66.62, 10:10 [2, 48, 5, 53, -2]
212:105.63, 9:10 [2, 75, 71, 22, 25, 118, 109, -2]
301:58.45, 10:10 [3, 15, 99, 30, 104, 86, -3]
302:124.22, 9:10 [3, 67, 18, 131, 10, 62, 121, 65, 31, 101, -3]
303:102.39, 10:10 [3, 63, 119, 20, 41, -3]
304:73.85, 10:10 [3, 55, 6, 74, -3]
305:102.20, 9:10 [3, 106, 81, 130, 42, 123, -3]
306:130.77, 10:10 [3, 54, 14, 94, 19, 84, 100, 78, -3]
307:42.59, 9:10 [3, 107, 51, 120, 64, -3]
308:49.06, 8:10 [3, 52, 125, 72, 85, -3]
310:76.46, 10:10 [3, 70, 124, 58, 115, 13, 61, -3]
311:72.37, 10:10 [3, 23, 96, 26, 9, -3]
313:139.93, 10:10 [3, 87, 49, 113, 105, 34, 128, -3]
314:84.80, 10:10 [3, 27, 46, 59, 116, 132, 90, 21, 95, -3]
315:115.45, 10:10 [3, 68, 127, 76, 108, 40, -3]
fe: 4, se: 25

!ALNS------------
100000,2544.252958494658,478.662,396.849,4,25,0.7533333333333333,0.952,32.25,5.16
25 15 18 12 0 0 12 2 
26.628360678185892 56.09014092850422 36.619598350971806 36.158925766239655 103.12389445387062 45.90212222282116 36.76359322195582 32.0782789300084 
5 12 6 13 7 17 21 3 
40.92480474198447 36.13413300711466 38.05739090500123 31.672783128196816 42.97601302005871 44.723229781750995 30.625574744905972 50.86433167011928 

x[4337] = 1.0
Vehicle: 11  Cost: 109.84
Route: 1 2 -2 -1 
 1 [ 74   0:  0 [75, 80, 79, 82, 28, 66, 44, 45, 32, 29, 24, 60, 35, 8, 25, 7, 33, 5, 38, 69, 47, 71, 43, 37, 57, 53, 17, 39, 12, 77]]
 2 [  0  55: 55 []]
-2 [ 56  55:523 [122, 109, 93, 92, 91, 126, 102, 88, 111, 118, 110, 98, 129, 114, 89, 112]]
-1 [ 56 578:578 [122, 109, 93, 92, 91, 126, 102, 88, 111, 118, 110, 98, 129, 114, 89, 112]]

x[20463] = 1.0
Vehicle: 14  Cost: 117.88
Route: 1 3 -3 -1 
 1 [  3   0:  0 [74]]
 3 [  0  59: 59 []]
-3 [ 20  59:353 [128, 132, 105, 113, 107, 119, 116, 99]]
-1 [ 20 412:412 [128, 132, 105, 113, 107, 119, 116, 99]]

x[21532] = 1.0
Vehicle: 14  Cost: 117.88
Route: 1 3 -3 -1 
 1 [ 43   0:  0 [10, 23, 72, 61, 59, 74, 41, 70, 76, 6, 51, 86, 20, 78, 21]]
 3 [  0  59: 59 []]
-3 [ 35  59:353 [124, 104, 99, 105, 116, 115, 128, 95, 107, 113, 132, 90, 119]]
-1 [ 35 412:412 [124, 104, 99, 105, 116, 115, 128, 95, 107, 113, 132, 90, 119]]

x[25520] = 1.0
Vehicle: 12  Cost: 109.84
Route: 1 2 -2 -1 
 1 [ 34   0:  0 [4, 83, 48, 36, 11, 73, 50, 16, 56, 22]]
 2 [  0  55: 55 []]
-2 [  7  55:343 [117, 103, 97]]
-1 [  7 398:398 [117, 103, 97]]

x[33912] = 1.0
Vehicle: 13  Cost: 117.88
Route: 1 3 -3 -1 
 1 [ 75   0:  0 [63, 31, 13, 34, 67, 85, 81, 15, 30, 19, 64, 84, 54, 9, 68, 27, 46, 40, 26, 65, 14, 87, 42, 58, 18, 49, 55, 52, 62]]
 3 [  0  59: 59 []]
-3 [ 29  59:483 [123, 94, 96, 127, 101, 108, 106, 120, 125, 130, 121, 100, 131]]
-1 [ 29 542:542 [123, 94, 96, 127, 101, 108, 106, 120, 125, 130, 121, 100, 131]]

y[509] = 1.0
Vehicle: 210  Cost: 29.54
Route: 2 47 33 -2 
  2 [ 5  55: 70]
 47 [ 4  78: 83]
 33 [ 0 300:305]
 -2 [ 0 320:320]

y[753] = 1.0
Vehicle: 304  Cost: 73.85
Route: 3 55 6 74 -3 
  3 [10 311:326]
 55 [ 7 361:366]
  6 [ 3 370:375]
 74 [ 0 420:425]
 -3 [ 0 451:451]

y[2561] = 1.0
Vehicle: 310  Cost: 84.80
Route: 3 27 46 59 116 132 90 21 95 -3 
  3 [10  59: 74]
 27 [ 7  93: 98]
 46 [ 4 101:106]
 59 [ 2 125:130]
116 [ 3 130:135]
132 [ 6 139:144]
 90 [ 9 152:157]
 21 [ 7 177:182]
 95 [ 9 182:187]
 -3 [ 9 199:199]

y[2963] = 1.0
Vehicle: 311  Cost: 48.40
Route: 3 107 51 64 120 41 -3 
  3 [ 8  59: 74]
107 [10  95:100]
 51 [ 9 102:107]
 64 [ 5 300:305]
120 [ 8 305:310]
 41 [ 5 321:326]
 -3 [ 5 340:340]

y[3620] = 1.0
Vehicle: 209  Cost: 87.30
Route: 2 25 22 118 73 36 88 -2 
  2 [10  55: 70]
 25 [ 9 109:114]
 22 [ 6 180:185]
118 [10 200:205]
 73 [ 7 300:305]
 36 [ 4 310:315]
 88 [ 8 327:332]
 -2 [ 8 341:341]

y[5064] = 1.0
Vehicle: 306  Cost: 130.77
Route: 3 54 14 94 19 84 100 78 -3 
  3 [10  59: 74]
 54 [ 9 115:120]
 14 [ 5 180:185]
 94 [ 6 300:305]
 19 [ 4 305:310]
 84 [ 3 324:329]
100 [ 5 420:425]
 78 [ 3 432:437]
 -3 [ 3 468:468]

y[5457] = 1.0
Vehicle: 303  Cost: 103.31
Route: 3 63 119 20 9 -3 
  3 [ 9  59: 74]
 63 [ 5 109:114]
119 [ 8 114:119]
 20 [ 5 140:145]
  9 [ 3 300:305]
 -3 [ 3 331:331]

y[5642] = 1.0
Vehicle: 208  Cost: 129.56
Route: 2 17 39 103 28 97 111 -2 
  2 [10  55: 70]
 17 [ 6 111:116]
 39 [ 2 132:137]
103 [ 5 157:162]
 28 [ 3 181:186]
 97 [ 5 186:191]
111 [ 9 216:221]
 -2 [ 9 229:229]

y[6045] = 1.0
Vehicle: 308  Cost: 49.06
Route: 3 52 72 125 85 -3 
  3 [ 8 336:351]
 52 [ 5 373:378]
 72 [ 1 420:425]
125 [ 2 425:430]
 85 [ 1 432:437]
 -3 [ 1 452:452]

y[7036] = 1.0
Vehicle: 201  Cost: 78.00
Route: 2 53 5 44 -2 
  2 [10 120:271]
 53 [ 7 300:305]
  5 [ 4 310:315]
 44 [ 0 329:334]
 -2 [ 0 364:364]

y[7415] = 1.0
Vehicle: 208  Cost: 87.94
Route: 2 43 126 50 112 24 93 -2 
  2 [ 8  55: 70]
 43 [ 7  96:101]
126 [10 300:305]
 50 [ 6 311:316]
112 [ 9 316:321]
 24 [ 6 420:425]
 93 [10 437:442]
 -2 [10 460:460]

y[7463] = 1.0
Vehicle: 204  Cost: 117.40
Route: 2 35 80 38 37 -2 
  2 [ 9  55:138]
 35 [ 8 180:185]
 80 [ 6 195:200]
 38 [ 4 221:226]
 37 [ 0 300:305]
 -2 [ 0 346:346]

y[8147] = 1.0
Vehicle: 320  Cost: 68.41
Route: 3 23 96 26 -3 
  3 [ 8  59: 74]
 23 [ 4 104:109]
 96 [ 6 300:305]
 26 [ 2 305:310]
 -3 [ 2 344:344]

y[9434] = 1.0
Vehicle: 305  Cost: 102.20
Route: 3 106 81 130 42 123 -3 
  3 [ 8 116:150]
106 [ 9 180:185]
 81 [ 5 300:305]
130 [ 9 305:310]
 42 [ 5 320:325]
123 [ 6 420:425]
 -3 [ 6 458:458]

y[9628] = 1.0
Vehicle: 313  Cost: 139.93
Route: 3 87 49 113 34 105 128 -3 
  3 [10 116:131]
 87 [ 6 182:187]
 49 [ 2 193:198]
113 [ 3 213:218]
 34 [ 1 224:229]
105 [ 5 229:234]
128 [ 9 300:305]
 -3 [ 9 338:338]

y[10812] = 1.0
Vehicle: 213  Cost: 58.37
Route: 2 60 117 66 122 56 114 -2 
  2 [ 9  55: 70]
 60 [ 5  93: 98]
117 [ 7  98:103]
 66 [ 6 116:121]
122 [10 121:126]
 56 [ 6 300:305]
114 [ 9 305:310]
 -2 [ 9 324:324]

y[10814] = 1.0
Vehicle: 205  Cost: 41.87
Route: 2 4 83 77 -2 
  2 [10 344:359]
  4 [ 8 372:377]
 83 [ 4 379:384]
 77 [ 0 392:397]
 -2 [ 0 416:416]

y[13878] = 1.0
Vehicle: 301  Cost: 58.45
Route: 3 15 30 99 104 86 -3 
  3 [ 9 116:131]
 15 [ 7 150:155]
 30 [ 4 157:162]
 99 [ 6 162:167]
104 [10 182:187]
 86 [ 6 300:305]
 -3 [ 6 322:322]

y[16596] = 1.0
Vehicle: 202  Cost: 103.57
Route: 2 75 71 45 110 89 7 98 -2 
  2 [10 120:135]
 75 [ 9 174:179]
 71 [ 5 191:196]
 45 [ 1 300:305]
110 [ 5 305:310]
 89 [ 6 324:329]
  7 [ 5 329:334]
 98 [ 9 342:347]
 -2 [ 9 368:368]

y[17355] = 1.0
Vehicle: 302  Cost: 124.22
Route: 3 67 18 131 10 62 65 121 101 31 -3 
  3 [ 8  59: 74]
 67 [ 7  91: 96]
 18 [ 4 106:111]
131 [ 8 129:134]
 10 [ 7 300:305]
 62 [ 6 311:316]
 65 [ 5 331:336]
121 [ 8 336:341]
101 [10 357:362]
 31 [ 9 362:367]
 -3 [ 9 399:399]

y[17854] = 1.0
Vehicle: 204  Cost: 63.49
Route: 2 11 109 29 79 129 12 92 -2 
  2 [ 9  55: 70]
 11 [ 6  77: 82]
109 [ 9 101:106]
 29 [ 6 300:305]
 79 [ 5 314:319]
129 [ 8 319:324]
 12 [ 6 420:425]
 92 [10 425:430]
 -2 [10 435:435]

y[18012] = 1.0
Vehicle: 204  Cost: 64.51
Route: 2 48 16 -2 
  2 [ 8  55: 70]
 48 [ 4  97:102]
 16 [ 0 300:305]
 -2 [ 0 328:328]

y[18217] = 1.0
Vehicle: 314  Cost: 76.46
Route: 3 70 124 58 115 13 61 -3 
  3 [10  59: 74]
 70 [ 7 105:110]
124 [ 9 110:115]
 58 [ 6 119:124]
115 [10 124:129]
 13 [ 9 300:305]
 61 [ 6 308:313]
 -3 [ 6 334:334]

y[18594] = 1.0
Vehicle: 201  Cost: 101.02
Route: 2 82 57 32 102 8 91 69 -2 
  2 [10 120:140]
 82 [ 8 180:185]
 57 [ 4 300:305]
 32 [ 3 313:318]
102 [ 7 318:323]
  8 [ 6 324:329]
 91 [10 329:334]
 69 [ 8 354:359]
 -2 [ 8 381:381]

y[18928] = 1.0
Vehicle: 315  Cost: 115.45
Route: 3 68 76 127 40 108 -3 
  3 [10 300:315]
 68 [ 7 356:361]
 76 [ 3 377:382]
127 [ 5 382:387]
 40 [ 2 391:396]
108 [ 5 396:401]
 -3 [ 5 456:456]

FE: 5
SE: 25
!MIP-----
2711.19202629657,5400.616702079773,0.10523883787722582,5,25,50941,19244

Run: 2
Total Cost: 2538.88
Vehicle: 11  Cost: 109.84
Route: 1 2 -2 -1 
 1 [ 75   0:  0 [44, 53, 38, 80, 71, 12, 36, 11, 22, 39, 47, 25, 37, 82, 43, 50, 29, 7, 73, 66, 5, 4, 75, 28, 79, 83, 56, 16, 24]]
 2 [  0  55: 55 []]
-2 [ 37  55:475 [126, 109, 89, 112, 92, 129, 98, 118, 88, 110, 93]]
-1 [ 37 530:530 [126, 109, 89, 112, 92, 129, 98, 118, 88, 110, 93]]

Vehicle: 13  Cost: 117.88
Route: 1 3 -3 -1 
 1 [ 75   0:  0 [67, 51, 21, 26, 76, 68, 9, 46, 34, 31, 85, 35, 81, 49, 63, 74, 15, 58, 59, 60, 72, 13, 65, 19, 8, 54, 52, 86, 84, 42, 10, 32]]
 3 [  0  59: 59 []]
-3 [ 44  59:486 [91, 106, 115, 101, 120, 130, 131, 119, 127, 100, 123, 94, 102, 125, 108, 124, 121]]
-1 [ 44 545:545 [91, 106, 115, 101, 120, 130, 131, 119, 127, 100, 123, 94, 102, 125, 108, 124, 121]]

Vehicle: 15  Cost: 117.88
Route: 1 3 -3 -1 
 1 [ 54   0:  0 [27, 62, 20, 64, 57, 41, 23, 30, 18, 14, 6, 78, 55, 70, 87, 40, 61]]
 3 [  0  59: 59 []]
-3 [ 30  59:359 [128, 107, 104, 117, 132, 96, 99, 90, 116, 95, 113, 105]]
-1 [ 30 418:418 [128, 107, 104, 117, 132, 96, 99, 90, 116, 95, 113, 105]]

Vehicle: 18  Cost: 109.84
Route: 1 2 -2 -1 
 1 [ 22   0:  0 [48, 69, 33, 45, 17, 77]]
 2 [  0  55: 55 []]
-2 [ 16  55:339 [97, 114, 122, 103, 111]]
-1 [ 16 394:394 [97, 114, 122, 103, 111]]

Vehicle: 201  Cost: 72.76
Route: 2 11 66 122 28 97 56 114 -2 
  2 [10  55: 70]
 11 [ 7  77: 82]
 66 [ 6  95:100]
122 [10 100:105]
 28 [ 8 180:185]
 97 [10 185:190]
 56 [ 6 300:305]
114 [ 9 305:310]
 -2 [ 9 324:324]

Vehicle: 202  Cost: 51.72
Route: 2 47 33 16 92 -2 
  2 [ 9  55: 70]
 47 [ 8  78: 83]
 33 [ 4 300:305]
 16 [ 0 314:319]
 92 [ 4 420:425]
 -2 [ 4 430:430]

Vehicle: 203  Cost: 41.87
Route: 2 77 83 4 -2 
  2 [10  55:281]
 77 [ 6 300:305]
 83 [ 2 312:317]
  4 [ 0 319:324]
 -2 [ 0 338:338]

Vehicle: 204  Cost: 105.63
Route: 2 75 71 22 25 118 109 -2 
  2 [ 9  55: 70]
 75 [ 8 109:114]
 71 [ 4 125:130]
 22 [ 1 180:185]
 25 [ 0 188:193]
118 [ 4 206:211]
109 [ 7 226:231]
 -2 [ 7 244:244]

Vehicle: 205  Cost: 95.01
Route: 2 43 82 50 112 126 24 88 -2 
  2 [10  55: 70]
 43 [ 9  96:101]
 82 [ 7 180:185]
 50 [ 3 300:305]
112 [ 6 305:310]
126 [ 9 316:321]
 24 [ 6 420:425]
 88 [10 446:451]
 -2 [10 460:460]

Vehicle: 206  Cost: 90.61
Route: 2 7 89 45 110 73 69 93 -2 
  2 [10  55:272]
  7 [ 9 300:305]
 89 [10 305:310]
 45 [ 6 324:329]
110 [10 329:334]
 73 [ 7 353:358]
 69 [ 5 365:370]
 93 [ 9 420:425]
 -2 [ 9 443:443]

Vehicle: 207  Cost: 66.62
Route: 2 48 5 53 -2 
  2 [10  55: 70]
 48 [ 6  97:102]
  5 [ 3 300:305]
 53 [ 0 310:315]
 -2 [ 0 344:344]

Vehicle: 208  Cost: 118.28
Route: 2 17 80 39 103 111 -2 
  2 [10  55: 70]
 17 [ 6 111:116]
 80 [ 4 122:127]
 39 [ 0 137:142]
103 [ 3 163:168]
111 [ 7 200:205]
 -2 [ 7 213:213]

Vehicle: 209  Cost: 83.87
Route: 2 38 37 44 -2 
  2 [10  55: 70]
 38 [ 8 108:113]
 37 [ 4 300:305]
 44 [ 0 318:323]
 -2 [ 0 353:353]

Vehicle: 210  Cost: 56.46
Route: 2 36 98 29 79 129 12 -2 
  2 [ 9  55:280]
 36 [ 6 300:305]
 98 [10 318:323]
 29 [ 7 323:328]
 79 [ 6 337:342]
129 [ 9 342:347]
 12 [ 7 420:425]
 -2 [ 7 430:430]

Vehicle: 301  Cost: 139.93
Route: 3 87 49 113 105 34 128 -3 
  3 [10  59: 74]
 87 [ 6 124:129]
 49 [ 2 136:141]
113 [ 3 155:160]
105 [ 7 180:185]
 34 [ 5 185:190]
128 [ 9 300:305]
 -3 [ 9 338:338]

Vehicle: 302  Cost: 124.22
Route: 3 67 18 131 10 62 65 121 31 101 -3 
  3 [ 8  59: 74]
 67 [ 7  91: 96]
 18 [ 4 106:111]
131 [ 8 129:134]
 10 [ 7 300:305]
 62 [ 6 311:316]
 65 [ 5 331:336]
121 [ 8 336:341]
 31 [ 7 357:362]
101 [ 9 362:367]
 -3 [ 9 399:399]

Vehicle: 303  Cost: 41.83
Route: 3 86 72 125 85 -3 
  3 [ 9  59:283]
 86 [ 5 300:305]
 72 [ 1 420:425]
125 [ 2 425:430]
 85 [ 1 432:437]
 -3 [ 1 452:452]

Vehicle: 304  Cost: 70.25
Route: 3 51 107 23 96 26 -3 
  3 [ 9  59: 74]
 51 [ 8  94: 99]
107 [10 101:106]
 23 [ 6 116:121]
 96 [ 8 300:305]
 26 [ 4 305:310]
 -3 [ 4 344:344]

Vehicle: 305  Cost: 126.88
Route: 3 54 14 19 94 68 -3 
  3 [10  59: 74]
 54 [ 9 115:120]
 14 [ 5 180:185]
 19 [ 3 300:305]
 94 [ 4 305:310]
 68 [ 1 330:335]
 -3 [ 1 376:376]

Vehicle: 306  Cost: 109.99
Route: 3 42 57 32 102 8 91 -3 
  3 [10  59:255]
 42 [ 6 300:305]
 57 [ 2 312:317]
 32 [ 1 325:330]
102 [ 5 330:335]
  8 [ 4 336:341]
 91 [ 8 341:346]
 -3 [ 8 395:395]

Vehicle: 307  Cost: 111.38
Route: 3 63 119 20 84 100 78 -3 
  3 [10  59: 74]
 63 [ 6 109:114]
119 [ 9 114:119]
 20 [ 6 140:145]
 84 [ 5 300:305]
100 [ 7 420:425]
 78 [ 5 432:437]
 -3 [ 5 468:468]

Vehicle: 308  Cost: 73.85
Route: 3 55 6 74 -3 
  3 [10  59:265]
 55 [ 7 300:305]
  6 [ 3 309:314]
 74 [ 0 420:425]
 -3 [ 0 451:451]

Vehicle: 310  Cost: 64.04
Route: 3 30 99 60 117 104 -3 
  3 [ 7  59: 74]
 30 [ 4  92: 97]
 99 [ 6  97:102]
 60 [ 2 114:119]
117 [ 4 119:124]
104 [ 8 145:150]
 -3 [ 8 163:163]

Vehicle: 311  Cost: 98.96
Route: 3 106 81 130 123 52 -3 
  3 [ 7  59:150]
106 [ 8 180:185]
 81 [ 4 300:305]
130 [ 8 305:310]
123 [ 9 420:425]
 52 [ 6 444:449]
 -3 [ 6 471:471]

Vehicle: 312  Cost: 76.46
Route: 3 70 124 58 115 13 61 -3 
  3 [10  59: 74]
 70 [ 7 105:110]
124 [ 9 110:115]
 58 [ 6 119:124]
115 [10 124:129]
 13 [ 9 300:305]
 61 [ 6 308:313]
 -3 [ 6 334:334]

Vehicle: 313  Cost: 84.80
Route: 3 27 46 116 59 132 90 21 95 -3 
  3 [10  59: 74]
 27 [ 7  93: 98]
 46 [ 4 101:106]
116 [ 5 125:130]
 59 [ 3 130:135]
132 [ 6 139:144]
 90 [ 9 152:157]
 21 [ 7 177:182]
 95 [ 9 182:187]
 -3 [ 9 199:199]

Vehicle: 314  Cost: 55.84
Route: 3 41 9 64 120 -3 
  3 [ 9  59:286]
 41 [ 6 300:305]
  9 [ 4 319:324]
 64 [ 0 333:338]
120 [ 3 338:343]
 -3 [ 3 362:362]

Vehicle: 315  Cost: 122.18
Route: 3 15 35 40 108 127 76 -3 
  3 [10  59: 74]
 15 [ 8  92: 97]
 35 [ 7 180:185]
 40 [ 4 300:305]
108 [ 7 305:310]
127 [ 9 314:319]
 76 [ 5 319:324]
 -3 [ 5 377:377]

Total Cost: 2538.88
 11:109.84, 75:75 [1, 2, -2, -1]
 13:117.88, 75:75 [1, 3, -3, -1]
 15:117.88, 54:75 [1, 3, -3, -1]
 18:109.84, 22:75 [1, 2, -2, -1]
201:72.76, 10:10 [2, 11, 66, 122, 28, 97, 56, 114, -2]
202:51.72, 9:10 [2, 47, 33, 16, 92, -2]
203:41.87, 10:10 [2, 77, 83, 4, -2]
204:105.63, 9:10 [2, 75, 71, 22, 25, 118, 109, -2]
205:95.01, 10:10 [2, 43, 82, 50, 112, 126, 24, 88, -2]
206:90.61, 10:10 [2, 7, 89, 45, 110, 73, 69, 93, -2]
207:66.62, 10:10 [2, 48, 5, 53, -2]
208:118.28, 10:10 [2, 17, 80, 39, 103, 111, -2]
209:83.87, 10:10 [2, 38, 37, 44, -2]
210:56.46, 10:10 [2, 36, 98, 29, 79, 129, 12, -2]
301:139.93, 10:10 [3, 87, 49, 113, 105, 34, 128, -3]
302:124.22, 9:10 [3, 67, 18, 131, 10, 62, 65, 121, 31, 101, -3]
303:41.83, 9:10 [3, 86, 72, 125, 85, -3]
304:70.25, 10:10 [3, 51, 107, 23, 96, 26, -3]
305:126.88, 10:10 [3, 54, 14, 19, 94, 68, -3]
306:109.99, 10:10 [3, 42, 57, 32, 102, 8, 91, -3]
307:111.38, 10:10 [3, 63, 119, 20, 84, 100, 78, -3]
308:73.85, 10:10 [3, 55, 6, 74, -3]
310:64.04, 8:10 [3, 30, 99, 60, 117, 104, -3]
311:98.96, 9:10 [3, 106, 81, 130, 123, 52, -3]
312:76.46, 10:10 [3, 70, 124, 58, 115, 13, 61, -3]
313:84.80, 10:10 [3, 27, 46, 116, 59, 132, 90, 21, 95, -3]
314:55.84, 9:10 [3, 41, 9, 64, 120, -3]
315:122.18, 10:10 [3, 15, 35, 40, 108, 127, 76, -3]
fe: 4, se: 24

!ALNS------------
100000,2538.8836416532868,501.7,175.542,4,24,0.7533333333333333,0.9666666666666667,32.25,5.375
27 17 23 4 0 0 13 7 
22.851833360380017 56.36314919284082 32.66378665401998 34.734388480077456 45.14115491400139 196.8150811624016 33.40041117352137 30.751543627961183 
7 15 11 5 11 8 31 3 
39.36987348780941 31.138905096151685 43.61600331621213 32.57720670572988 34.89791112600407 38.50647754501127 31.645033032218304 47.6355046627053 

x[12159] = 1.0
Vehicle: 11  Cost: 109.84
Route: 1 2 -2 -1 
 1 [ 75   0:  0 [69, 25, 80, 75, 83, 56, 24, 73, 17, 82, 36, 28, 79, 7, 39, 37, 50, 44, 38, 33, 53, 66, 29, 12, 48, 5, 71]]
 2 [  0  55: 55 []]
-2 [ 37  55:552 [112, 93, 92, 109, 118, 126, 88, 89, 98, 110, 129]]
-1 [ 37 607:607 [112, 93, 92, 109, 118, 126, 88, 89, 98, 110, 129]]

x[32863] = 1.0
Vehicle: 13  Cost: 117.88
Route: 1 3 -3 -1 
 1 [ 75   0:  0 [43, 10, 40, 68, 8, 21, 85, 55, 63, 6, 20, 9, 32, 57, 67, 72, 46, 59, 41, 64, 61, 13, 74, 70, 34, 78, 14, 49, 52]]
 3 [  0  59: 59 []]
-3 [ 44  59:483 [100, 123, 130, 125, 101, 106, 127, 115, 120, 119, 124, 94, 102, 121, 108, 91, 131]]
-1 [ 44 542:542 [100, 123, 130, 125, 101, 106, 127, 115, 120, 119, 124, 94, 102, 121, 108, 91, 131]]

x[32954] = 1.0
Vehicle: 15  Cost: 117.88
Route: 1 3 -3 -1 
 1 [ 55   0:  0 [65, 60, 30, 42, 31, 81, 86, 26, 27, 62, 54, 23, 51, 15, 76, 87, 19, 35, 58, 18, 84]]
 3 [  0  59: 59 []]
-3 [ 30  59:359 [99, 132, 95, 128, 96, 107, 117, 116, 113, 105, 90, 104]]
-1 [ 30 418:418 [99, 132, 95, 128, 96, 107, 117, 116, 113, 105, 90, 104]]

x[49992] = 1.0
Vehicle: 18  Cost: 109.84
Route: 1 2 -2 -1 
 1 [ 21   0:  0 [22, 4, 11, 77, 45, 47, 16]]
 2 [  0  55: 55 []]
-2 [ 16  55:339 [114, 97, 103, 122, 111]]
-1 [ 16 394:394 [114, 97, 103, 122, 111]]

y[515] = 1.0
Vehicle: 305  Cost: 125.32
Route: 3 43 52 57 102 32 8 91 -3 
  3 [10  59: 74]
 43 [ 9 104:109]
 52 [ 6 300:305]
 57 [ 2 332:337]
102 [ 6 345:350]
 32 [ 5 350:355]
  8 [ 4 356:361]
 91 [ 8 361:366]
 -3 [ 8 415:415]

y[1523] = 1.0
Vehicle: 206  Cost: 83.76
Route: 2 45 110 89 7 29 98 -2 
  2 [ 8  55:260]
 45 [ 4 300:305]
110 [ 8 305:310]
 89 [ 9 324:329]
  7 [ 8 329:334]
 29 [ 5 342:347]
 98 [ 9 347:352]
 -2 [ 9 373:373]

y[2333] = 1.0
Vehicle: 312  Cost: 84.80
Route: 3 27 46 116 59 132 90 21 95 -3 
  3 [10  59: 74]
 27 [ 7  93: 98]
 46 [ 4 101:106]
116 [ 5 125:130]
 59 [ 3 130:135]
132 [ 6 139:144]
 90 [ 9 152:157]
 21 [ 7 177:182]
 95 [ 9 182:187]
 -3 [ 9 199:199]

y[2387] = 1.0
Vehicle: 207  Cost: 105.63
Route: 2 75 71 22 25 118 109 -2 
  2 [ 9  55: 70]
 75 [ 8 109:114]
 71 [ 4 125:130]
 22 [ 1 180:185]
 25 [ 0 188:193]
118 [ 4 206:211]
109 [ 7 226:231]
 -2 [ 7 244:244]

y[2580] = 1.0
Vehicle: 316  Cost: 115.45
Route: 3 68 127 76 108 40 -3 
  3 [10  59:259]
 68 [ 7 300:305]
127 [ 9 321:326]
 76 [ 5 326:331]
108 [ 8 334:339]
 40 [ 5 339:344]
 -3 [ 5 399:399]

y[3860] = 1.0
Vehicle: 208  Cost: 129.68
Route: 2 17 80 39 103 97 111 -2 
  2 [10  55: 70]
 17 [ 6 111:116]
 80 [ 4 122:127]
 39 [ 0 137:142]
103 [ 3 163:168]
 97 [ 5 186:191]
111 [ 9 217:222]
 -2 [ 9 230:230]

y[5230] = 1.0
Vehicle: 311  Cost: 70.25
Route: 3 51 107 23 96 26 -3 
  3 [ 9  59: 74]
 51 [ 8  94: 99]
107 [10 101:106]
 23 [ 6 116:121]
 96 [ 8 300:305]
 26 [ 4 305:310]
 -3 [ 4 344:344]

y[5305] = 1.0
Vehicle: 203  Cost: 83.87
Route: 2 38 37 44 -2 
  2 [10 120:135]
 38 [ 8 174:179]
 37 [ 4 300:305]
 44 [ 0 318:323]
 -2 [ 0 353:353]

y[6017] = 1.0
Vehicle: 312  Cost: 43.76
Route: 3 64 120 41 -3 
  3 [ 7  59:281]
 64 [ 3 300:305]
120 [ 6 305:310]
 41 [ 3 321:326]
 -3 [ 3 340:340]

y[7146] = 1.0
Vehicle: 305  Cost: 102.20
Route: 3 106 81 130 42 123 -3 
  3 [ 8  59:150]
106 [ 9 180:185]
 81 [ 5 300:305]
130 [ 9 305:310]
 42 [ 5 320:325]
123 [ 6 420:425]
 -3 [ 6 458:458]

y[8768] = 1.0
Vehicle: 308  Cost: 67.43
Route: 3 15 30 99 117 60 104 -3 
  3 [ 9  59: 74]
 15 [ 7  92: 97]
 30 [ 4 100:105]
 99 [ 6 105:110]
117 [ 8 123:128]
 60 [ 4 128:133]
104 [ 8 153:158]
 -3 [ 8 171:171]

y[8832] = 1.0
Vehicle: 309  Cost: 73.85
Route: 3 55 6 74 -3 
  3 [10 116:265]
 55 [ 7 300:305]
  6 [ 3 309:314]
 74 [ 0 420:425]
 -3 [ 0 451:451]

y[10095] = 1.0
Vehicle: 302  Cost: 133.22
Route: 3 87 14 113 34 105 128 -3 
  3 [10  59: 74]
 87 [ 6 124:129]
 14 [ 2 180:185]
113 [ 3 193:198]
 34 [ 1 205:210]
105 [ 5 210:215]
128 [ 9 300:305]
 -3 [ 9 338:338]

y[11159] = 1.0
Vehicle: 205  Cost: 87.68
Route: 2 82 50 112 126 24 93 -2 
  2 [ 9  55:140]
 82 [ 7 180:185]
 50 [ 3 300:305]
112 [ 6 305:310]
126 [ 9 316:321]
 24 [ 6 420:425]
 93 [10 437:442]
 -2 [10 460:460]

y[11283] = 1.0
Vehicle: 201  Cost: 41.87
Route: 2 4 83 77 -2 
  2 [10  55:287]
  4 [ 8 300:305]
 83 [ 4 307:312]
 77 [ 0 319:324]
 -2 [ 0 343:343]

y[11343] = 1.0
Vehicle: 316  Cost: 41.83
Route: 3 85 125 72 86 -3 
  3 [ 9  59:285]
 85 [ 8 300:305]
125 [ 9 420:425]
 72 [ 5 425:430]
 86 [ 1 437:442]
 -3 [ 1 459:459]

y[11897] = 1.0
Vehicle: 203  Cost: 66.62
Route: 2 48 5 53 -2 
  2 [10 247:262]
 48 [ 6 289:294]
  5 [ 3 300:305]
 53 [ 0 310:315]
 -2 [ 0 344:344]

y[13794] = 1.0
Vehicle: 305  Cost: 153.32
Route: 3 35 49 94 19 84 9 -3 
  3 [10  59:139]
 35 [ 9 180:185]
 49 [ 5 217:222]
 94 [ 6 300:305]
 19 [ 4 305:310]
 84 [ 3 324:329]
  9 [ 1 353:358]
 -3 [ 1 384:384]

y[15432] = 1.0
Vehicle: 201  Cost: 72.76
Route: 2 11 66 122 28 56 114 -2 
  2 [10  55: 70]
 11 [ 7  77: 82]
 66 [ 6  95:100]
122 [10 100:105]
 28 [ 8 180:185]
 56 [ 4 300:305]
114 [ 7 305:310]
 -2 [ 7 324:324]

y[15815] = 1.0
Vehicle: 302  Cost: 124.22
Route: 3 67 18 131 10 62 65 121 31 101 -3 
  3 [ 8  59: 74]
 67 [ 7  91: 96]
 18 [ 4 106:111]
131 [ 8 129:134]
 10 [ 7 300:305]
 62 [ 6 311:316]
 65 [ 5 331:336]
121 [ 8 336:341]
 31 [ 7 357:362]
101 [ 9 362:367]
 -3 [ 9 399:399]

y[16612] = 1.0
Vehicle: 315  Cost: 76.46
Route: 3 70 124 58 115 13 61 -3 
  3 [10  59: 74]
 70 [ 7 105:110]
124 [ 9 110:115]
 58 [ 6 119:124]
115 [10 124:129]
 13 [ 9 300:305]
 61 [ 6 308:313]
 -3 [ 6 334:334]

y[16664] = 1.0
Vehicle: 307  Cost: 103.80
Route: 3 63 119 54 20 100 78 -3 
  3 [10  59: 74]
 63 [ 6 109:114]
119 [ 9 114:119]
 54 [ 8 132:137]
 20 [ 5 145:150]
100 [ 7 420:425]
 78 [ 5 432:437]
 -3 [ 5 468:468]

y[17286] = 1.0
Vehicle: 207  Cost: 56.45
Route: 2 69 73 36 88 92 12 -2 
  2 [10  55:278]
 69 [ 8 300:305]
 73 [ 5 312:317]
 36 [ 2 323:328]
 88 [ 6 339:344]
 92 [10 420:425]
 12 [ 8 425:430]
 -2 [ 8 435:435]

y[17414] = 1.0
Vehicle: 202  Cost: 57.88
Route: 2 47 33 16 129 79 -2 
  2 [10  55: 70]
 47 [ 9  78: 83]
 33 [ 5 300:305]
 16 [ 1 314:319]
129 [ 4 339:344]
 79 [ 3 344:349]
 -2 [ 3 363:363]

FE: 4
SE: 24
!MIP-----
2557.5507405718126,5408.54944896698,0.0492116926522028,4,24,51768,17486

Run: 3
Total Cost: 2547.22
Vehicle: 11  Cost: 109.84
Route: 1 2 -2 -1 
 1 [ 75   0:  0 [66, 82, 4, 69, 22, 50, 53, 60, 39, 71, 37, 5, 43, 73, 56, 45, 29, 44, 16, 8, 38, 17, 48, 77, 25]]
 2 [  0  55: 55 []]
-2 [ 47  55:482 [88, 112, 98, 117, 109, 118, 122, 93, 111, 110, 126, 129, 92, 89]]
-1 [ 47 537:537 [88, 112, 98, 117, 109, 118, 122, 93, 111, 110, 126, 129, 92, 89]]

Vehicle: 12  Cost: 109.84
Route: 1 2 -2 -1 
 1 [ 27   0:  0 [12, 47, 75, 24, 79, 83, 11, 28, 7, 80, 33, 36]]
 2 [  0  55: 55 []]
-2 [  8  55:339 [114, 97, 103]]
-1 [  8 394:394 [114, 97, 103]]

Vehicle: 13  Cost: 117.88
Route: 1 3 -3 -1 
 1 [ 72   0:  0 [21, 9, 61, 34, 6, 87, 55, 23, 20, 26, 85, 41, 57, 52, 84, 70, 32, 81, 27, 49, 67, 14, 35, 13, 19, 62, 42]]
 3 [  0  59: 59 []]
-3 [ 43  59:483 [121, 127, 94, 91, 119, 108, 130, 100, 123, 124, 125, 102, 120, 90, 95, 131, 106]]
-1 [ 43 542:542 [121, 127, 94, 91, 119, 108, 130, 100, 123, 124, 125, 102, 120, 90, 95, 131, 106]]

Vehicle: 14  Cost: 117.88
Route: 1 3 -3 -1 
 1 [ 52   0:  0 [86, 30, 74, 15, 64, 51, 54, 31, 63, 78, 72, 40, 59, 18, 46, 65, 10, 58, 68, 76]]
 3 [  0  59: 59 []]
-3 [ 29  59:359 [107, 128, 96, 101, 116, 104, 113, 115, 132, 105, 99]]
-1 [ 29 418:418 [107, 128, 96, 101, 116, 104, 113, 115, 132, 105, 99]]

Vehicle: 201  Cost: 73.72
Route: 2 5 53 16 -2 
  2 [10  55:267]
  5 [ 7 300:305]
 53 [ 4 310:315]
 16 [ 0 328:333]
 -2 [ 0 356:356]

Vehicle: 202  Cost: 41.87
Route: 2 4 83 77 -2 
  2 [10  55:287]
  4 [ 8 300:305]
 83 [ 4 307:312]
 77 [ 0 319:324]
 -2 [ 0 343:343]

Vehicle: 203  Cost: 48.97
Route: 2 60 117 122 66 -2 
  2 [ 5  55: 70]
 60 [ 1  93: 98]
117 [ 3  98:103]
122 [ 7 116:121]
 66 [ 6 121:126]
 -2 [ 6 139:139]

Vehicle: 204  Cost: 108.72
Route: 2 17 80 39 103 -2 
  2 [10  55: 70]
 17 [ 6 111:116]
 80 [ 4 122:127]
 39 [ 0 137:142]
103 [ 3 163:168]
 -2 [ 3 199:199]

Vehicle: 205  Cost: 46.05
Route: 2 11 47 111 33 129 12 -2 
  2 [10  55: 70]
 11 [ 7  77: 82]
 47 [ 6  86: 91]
111 [10  91: 96]
 33 [ 6 300:305]
129 [ 9 319:324]
 12 [ 7 420:425]
 -2 [ 7 430:430]

Vehicle: 206  Cost: 85.61
Route: 2 79 29 98 89 7 45 110 -2 
  2 [ 9  55:286]
 79 [ 8 300:305]
 29 [ 5 314:319]
 98 [ 9 319:324]
 89 [10 332:337]
  7 [ 9 337:342]
 45 [ 5 356:361]
110 [ 9 361:366]
 -2 [ 9 407:407]

Vehicle: 207  Cost: 83.87
Route: 2 38 37 44 -2 
  2 [10  55: 70]
 38 [ 8 108:113]
 37 [ 4 300:305]
 44 [ 0 318:323]
 -2 [ 0 353:353]

Vehicle: 208  Cost: 95.52
Route: 2 43 82 8 50 112 126 69 93 -2 
  2 [10  55: 70]
 43 [ 9  96:101]
 82 [ 7 180:185]
  8 [ 6 300:305]
 50 [ 2 313:318]
112 [ 5 318:323]
126 [ 8 329:334]
 69 [ 6 344:349]
 93 [10 420:425]
 -2 [10 443:443]

Vehicle: 209  Cost: 70.14
Route: 2 48 28 97 56 114 -2 
  2 [10  55: 70]
 48 [ 6  97:102]
 28 [ 4 180:185]
 97 [ 6 185:190]
 56 [ 2 300:305]
114 [ 5 305:310]
 -2 [ 5 324:324]

Vehicle: 212  Cost: 105.63
Route: 2 75 71 22 25 118 109 -2 
  2 [ 9  55: 70]
 75 [ 8 109:114]
 71 [ 4 125:130]
 22 [ 1 180:185]
 25 [ 0 188:193]
118 [ 4 206:211]
109 [ 7 226:231]
 -2 [ 7 244:244]

Vehicle: 214  Cost: 65.57
Route: 2 36 73 24 88 92 -2 
  2 [ 9  55:280]
 36 [ 6 300:305]
 73 [ 3 310:315]
 24 [ 0 420:425]
 88 [ 4 446:451]
 92 [ 8 457:462]
 -2 [ 8 467:467]

Vehicle: 301  Cost: 58.45
Route: 3 15 99 30 104 86 -3 
  3 [ 9  59: 74]
 15 [ 7  92: 97]
 99 [ 9 100:105]
 30 [ 6 105:110]
104 [10 124:129]
 86 [ 6 300:305]
 -3 [ 6 322:322]

Vehicle: 302  Cost: 74.76
Route: 3 6 55 61 -3 
  3 [10  59:266]
  6 [ 6 300:305]
 55 [ 3 309:314]
 61 [ 0 331:336]
 -3 [ 0 356:356]

Vehicle: 303  Cost: 105.86
Route: 3 67 18 131 81 130 123 -3 
  3 [ 8  59: 74]
 67 [ 7  91: 96]
 18 [ 4 106:111]
131 [ 8 129:134]
 81 [ 4 300:305]
130 [ 8 305:310]
123 [ 9 420:425]
 -3 [ 9 458:458]

Vehicle: 304  Cost: 61.31
Route: 3 21 95 52 125 72 85 -3 
  3 [10  59: 74]
 21 [ 8  86: 91]
 95 [10  91: 96]
 52 [ 7 300:305]
125 [ 8 420:425]
 72 [ 4 425:430]
 85 [ 3 432:437]
 -3 [ 3 452:452]

Vehicle: 305  Cost: 115.45
Route: 3 68 76 127 40 108 -3 
  3 [10  59:259]
 68 [ 7 300:305]
 76 [ 3 321:326]
127 [ 5 326:331]
 40 [ 2 334:339]
108 [ 5 339:344]
 -3 [ 5 399:399]

Vehicle: 306  Cost: 79.85
Route: 3 70 115 58 132 59 116 31 101 -3 
  3 [ 9  59: 74]
 70 [ 6 105:110]
115 [10 114:119]
 58 [ 7 119:124]
132 [10 131:136]
 59 [ 8 140:145]
116 [ 9 145:150]
 31 [ 8 300:305]
101 [10 305:310]
 -3 [10 342:342]

Vehicle: 308  Cost: 153.32
Route: 3 35 49 19 94 84 9 -3 
  3 [10  59:139]
 35 [ 9 180:185]
 49 [ 5 217:222]
 19 [ 3 300:305]
 94 [ 4 305:310]
 84 [ 3 324:329]
  9 [ 1 353:358]
 -3 [ 1 384:384]

Vehicle: 309  Cost: 55.41
Route: 3 64 120 74 41 -3 
  3 [10  59:281]
 64 [ 6 300:305]
120 [ 9 305:310]
 74 [ 6 420:425]
 41 [ 3 441:446]
 -3 [ 3 460:460]

Vehicle: 310  Cost: 70.25
Route: 3 51 107 23 96 26 -3 
  3 [ 9  59: 74]
 51 [ 8  94: 99]
107 [10 101:106]
 23 [ 6 116:121]
 96 [ 8 300:305]
 26 [ 4 305:310]
 -3 [ 4 344:344]

Vehicle: 312  Cost: 139.97
Route: 3 27 46 124 90 10 62 65 121 13 -3 
  3 [10  59: 74]
 27 [ 7  93: 98]
 46 [ 4 101:106]
124 [ 6 120:125]
 90 [ 9 141:146]
 10 [ 8 300:305]
 62 [ 7 311:316]
 65 [ 6 331:336]
121 [ 9 336:341]
 13 [ 8 376:381]
 -3 [ 8 405:405]

Vehicle: 313  Cost: 133.22
Route: 3 87 14 113 105 34 128 -3 
  3 [10  59: 74]
 87 [ 6 124:129]
 14 [ 2 180:185]
113 [ 3 193:198]
105 [ 7 205:210]
 34 [ 5 210:215]
128 [ 9 300:305]
 -3 [ 9 338:338]

Vehicle: 315  Cost: 103.80
Route: 3 63 119 54 20 100 78 -3 
  3 [10  59: 74]
 63 [ 6 109:114]
119 [ 9 114:119]
 54 [ 8 132:137]
 20 [ 5 145:150]
100 [ 7 420:425]
 78 [ 5 432:437]
 -3 [ 5 468:468]

Vehicle: 316  Cost: 114.46
Route: 3 106 42 57 102 32 91 -3 
  3 [ 9  59:150]
106 [10 180:185]
 42 [ 6 300:305]
 57 [ 2 312:317]
102 [ 6 325:330]
 32 [ 5 330:335]
 91 [ 9 336:341]
 -3 [ 9 390:390]

Total Cost: 2547.22
 11:109.84, 75:75 [1, 2, -2, -1]
 12:109.84, 27:75 [1, 2, -2, -1]
 13:117.88, 72:75 [1, 3, -3, -1]
 14:117.88, 52:75 [1, 3, -3, -1]
201:73.72, 10:10 [2, 5, 53, 16, -2]
202:41.87, 10:10 [2, 4, 83, 77, -2]
203:48.97, 7:10 [2, 60, 117, 122, 66, -2]
204:108.72, 10:10 [2, 17, 80, 39, 103, -2]
205:46.05, 10:10 [2, 11, 47, 111, 33, 129, 12, -2]
206:85.61, 10:10 [2, 79, 29, 98, 89, 7, 45, 110, -2]
207:83.87, 10:10 [2, 38, 37, 44, -2]
208:95.52, 10:10 [2, 43, 82, 8, 50, 112, 126, 69, 93, -2]
209:70.14, 10:10 [2, 48, 28, 97, 56, 114, -2]
212:105.63, 9:10 [2, 75, 71, 22, 25, 118, 109, -2]
214:65.57, 9:10 [2, 36, 73, 24, 88, 92, -2]
301:58.45, 10:10 [3, 15, 99, 30, 104, 86, -3]
302:74.76, 10:10 [3, 6, 55, 61, -3]
303:105.86, 9:10 [3, 67, 18, 131, 81, 130, 123, -3]
304:61.31, 10:10 [3, 21, 95, 52, 125, 72, 85, -3]
305:115.45, 10:10 [3, 68, 76, 127, 40, 108, -3]
306:79.85, 10:10 [3, 70, 115, 58, 132, 59, 116, 31, 101, -3]
308:153.32, 10:10 [3, 35, 49, 19, 94, 84, 9, -3]
309:55.41, 10:10 [3, 64, 120, 74, 41, -3]
310:70.25, 10:10 [3, 51, 107, 23, 96, 26, -3]
312:139.97, 10:10 [3, 27, 46, 124, 90, 10, 62, 65, 121, 13, -3]
313:133.22, 10:10 [3, 87, 14, 113, 105, 34, 128, -3]
315:103.80, 10:10 [3, 63, 119, 54, 20, 100, 78, -3]
316:114.46, 10:10 [3, 106, 42, 57, 102, 32, 91, -3]
fe: 4, se: 24

!ALNS------------
100000,2547.2214143648293,552.069,259.935,4,24,0.7533333333333333,0.975,32.25,5.375
14 13 12 9 0 0 10 6 
28.854566449800924 62.688059447221995 37.45664616431462 41.408403039015155 NaN 87.1965772055825 36.831197208983696 33.537337642962434 
9 7 5 9 6 8 17 3 
49.85652617024698 37.85042478190396 42.124627470869946 37.614215547691416 39.954206169684625 41.11797326613131 36.34661605254126 44.403674836244925 

x[23247] = 1.0
Vehicle: 13  Cost: 117.88
Route: 1 3 -3 -1 
 1 [ 75   0:  0 [14, 27, 61, 57, 85, 8, 51, 87, 72, 18, 62, 65, 31, 70, 10, 19, 32, 84, 49, 15, 23, 13, 26, 67, 42, 81, 46, 34, 40, 76]]
 3 [  0  59: 59 []]
-3 [ 43  59:483 [131, 123, 127, 120, 119, 106, 121, 90, 124, 100, 91, 102, 125, 130, 108, 101, 94]]
-1 [ 43 542:542 [131, 123, 127, 120, 119, 106, 121, 90, 124, 100, 91, 102, 125, 130, 108, 101, 94]]

x[31841] = 1.0
Vehicle: 11  Cost: 109.84
Route: 1 2 -2 -1 
 1 [ 75   0:  0 [77, 17, 45, 50, 47, 79, 82, 11, 75, 38, 36, 44, 71, 22, 4, 12, 66, 25, 80, 60, 53, 48, 43, 73, 39, 37, 24, 7]]
 2 [  0  55: 55 []]
-2 [ 50  55:475 [98, 118, 88, 111, 129, 126, 89, 122, 114, 110, 112, 93, 117, 109, 92]]
-1 [ 50 530:530 [98, 118, 88, 111, 129, 126, 89, 122, 114, 110, 112, 93, 117, 109, 92]]

x[36660] = 1.0
Vehicle: 14  Cost: 117.88
Route: 1 3 -3 -1 
 1 [ 50   0:  0 [41, 6, 35, 54, 52, 30, 63, 78, 74, 64, 86, 9, 20, 55, 68, 58, 59, 21]]
 3 [  0  59: 59 []]
-3 [ 29  59:359 [105, 107, 95, 128, 99, 116, 113, 104, 96, 115, 132]]
-1 [ 29 418:418 [105, 107, 95, 128, 99, 116, 113, 104, 96, 115, 132]]

x[37324] = 1.0
Vehicle: 12  Cost: 109.84
Route: 1 2 -2 -1 
 1 [ 26   0:  0 [5, 69, 56, 16, 83, 29, 33, 28]]
 2 [  0  55: 55 []]
-2 [  5  55:359 [97, 103]]
-1 [  5 414:414 [97, 103]]

y[461] = 1.0
Vehicle: 209  Cost: 70.14
Route: 2 48 97 28 114 56 -2 
  2 [10 120:135]
 48 [ 6 163:168]
 97 [ 8 181:186]
 28 [ 6 186:191]
114 [ 9 300:305]
 56 [ 5 305:310]
 -2 [ 5 324:324]

y[1493] = 1.0
Vehicle: 304  Cost: 49.06
Route: 3 85 72 125 52 -3 
  3 [ 8 116:285]
 85 [ 7 300:305]
 72 [ 3 420:425]
125 [ 4 425:430]
 52 [ 1 439:444]
 -3 [ 1 467:467]

y[2357] = 1.0
Vehicle: 315  Cost: 84.80
Route: 3 27 46 59 116 132 90 21 95 -3 
  3 [10  59: 74]
 27 [ 7  93: 98]
 46 [ 4 101:106]
 59 [ 2 125:130]
116 [ 3 130:135]
132 [ 6 139:144]
 90 [ 9 152:157]
 21 [ 7 177:182]
 95 [ 9 182:187]
 -3 [ 9 199:199]

y[2386] = 1.0
Vehicle: 208  Cost: 55.87
Route: 2 109 36 29 98 79 129 -2 
  2 [ 7  55: 70]
109 [10  83: 88]
 36 [ 7 300:305]
 29 [ 4 318:323]
 98 [ 8 323:328]
 79 [ 7 337:342]
129 [10 342:347]
 -2 [10 361:361]

y[2561] = 1.0
Vehicle: 205  Cost: 37.39
Route: 2 11 47 111 33 92 12 -2 
  2 [10 120:135]
 11 [ 7 142:147]
 47 [ 6 151:156]
111 [10 156:161]
 33 [ 6 300:305]
 92 [10 420:425]
 12 [ 8 425:430]
 -2 [ 8 435:435]

y[3248] = 1.0
Vehicle: 314  Cost: 115.45
Route: 3 40 108 76 127 68 -3 
  3 [10  59:245]
 40 [ 7 300:305]
108 [10 305:310]
 76 [ 6 314:319]
127 [ 8 319:324]
 68 [ 5 339:344]
 -3 [ 5 385:385]

y[3465] = 1.0
Vehicle: 204  Cost: 108.72
Route: 2 17 80 39 103 -2 
  2 [10 120:135]
 17 [ 6 176:181]
 80 [ 4 187:192]
 39 [ 0 202:207]
103 [ 3 228:233]
 -2 [ 3 264:264]

y[4489] = 1.0
Vehicle: 318  Cost: 90.92
Route: 3 106 130 81 123 -3 
  3 [ 4  59:150]
106 [ 5 180:185]
130 [ 9 300:305]
 81 [ 5 305:310]
123 [ 6 420:425]
 -3 [ 6 458:458]

y[5293] = 1.0
Vehicle: 207  Cost: 83.87
Route: 2 38 37 44 -2 
  2 [10 120:135]
 38 [ 8 174:179]
 37 [ 4 300:305]
 44 [ 0 318:323]
 -2 [ 0 353:353]

y[6029] = 1.0
Vehicle: 316  Cost: 43.76
Route: 3 120 64 41 -3 
  3 [ 7  59:281]
120 [10 300:305]
 64 [ 6 305:310]
 41 [ 3 321:326]
 -3 [ 3 340:340]

y[7435] = 1.0
Vehicle: 205  Cost: 109.22
Route: 2 43 82 22 25 118 73 88 -2 
  2 [10  55: 70]
 43 [ 9  96:101]
 82 [ 7 180:185]
 22 [ 4 201:206]
 25 [ 3 209:214]
118 [ 7 227:232]
 73 [ 4 300:305]
 88 [ 8 321:326]
 -2 [ 8 335:335]

y[7486] = 1.0
Vehicle: 214  Cost: 73.72
Route: 2 16 53 5 -2 
  2 [10 519:534]
 16 [ 6 558:563]
 53 [ 3 575:580]
  5 [ 0 586:591]
 -2 [ 0 623:623]

y[7702] = 1.0
Vehicle: 316  Cost: 109.99
Route: 3 42 57 32 102 8 91 -3 
  3 [10 277:292]
 42 [ 6 337:342]
 57 [ 2 349:354]
 32 [ 1 362:367]
102 [ 5 367:372]
  8 [ 4 373:378]
 91 [ 8 378:383]
 -3 [ 8 432:432]

y[8773] = 1.0
Vehicle: 304  Cost: 73.85
Route: 3 55 6 74 -3 
  3 [10 116:265]
 55 [ 7 300:305]
  6 [ 3 309:314]
 74 [ 0 420:425]
 -3 [ 0 451:451]

y[10157] = 1.0
Vehicle: 309  Cost: 70.25
Route: 3 51 107 23 26 96 -3 
  3 [ 9 116:131]
 51 [ 8 151:156]
107 [10 158:163]
 23 [ 6 173:178]
 26 [ 2 300:305]
 96 [ 4 305:310]
 -3 [ 4 344:344]

y[10176] = 1.0
Vehicle: 313  Cost: 133.22
Route: 3 87 14 113 105 34 128 -3 
  3 [10  59: 74]
 87 [ 6 124:129]
 14 [ 2 180:185]
113 [ 3 193:198]
105 [ 7 205:210]
 34 [ 5 210:215]
128 [ 9 300:305]
 -3 [ 9 338:338]

y[12735] = 1.0
Vehicle: 302  Cost: 58.45
Route: 3 15 30 99 104 86 -3 
  3 [ 9 116:131]
 15 [ 7 150:155]
 30 [ 4 157:162]
 99 [ 6 162:167]
104 [10 182:187]
 86 [ 6 300:305]
 -3 [ 6 322:322]

y[13050] = 1.0
Vehicle: 203  Cost: 41.87
Route: 2 4 83 77 -2 
  2 [10 120:287]
  4 [ 8 300:305]
 83 [ 4 307:312]
 77 [ 0 319:324]
 -2 [ 0 343:343]

y[13897] = 1.0
Vehicle: 308  Cost: 153.32
Route: 3 35 49 19 94 84 9 -3 
  3 [10  59:139]
 35 [ 9 180:185]
 49 [ 5 217:222]
 19 [ 3 300:305]
 94 [ 4 305:310]
 84 [ 3 324:329]
  9 [ 1 353:358]
 -3 [ 1 384:384]

y[14614] = 1.0
Vehicle: 214  Cost: 77.26
Route: 2 69 126 50 112 24 93 -2 
  2 [ 9  55:278]
 69 [ 7 300:305]
126 [10 314:319]
 50 [ 6 326:331]
112 [ 9 331:336]
 24 [ 6 420:425]
 93 [10 437:442]
 -2 [10 460:460]

y[15197] = 1.0
Vehicle: 206  Cost: 102.10
Route: 2 75 71 45 110 7 89 -2 
  2 [10  55: 70]
 75 [ 9 109:114]
 71 [ 5 125:130]
 45 [ 1 300:305]
110 [ 5 305:310]
  7 [ 4 324:329]
 89 [ 5 329:334]
 -2 [ 5 362:362]

y[15939] = 1.0
Vehicle: 303  Cost: 124.22
Route: 3 67 18 131 10 62 65 121 31 101 -3 
  3 [ 8  59: 74]
 67 [ 7  91: 96]
 18 [ 4 106:111]
131 [ 8 129:134]
 10 [ 7 300:305]
 62 [ 6 311:316]
 65 [ 5 331:336]
121 [ 8 336:341]
 31 [ 7 357:362]
101 [ 9 362:367]
 -3 [ 9 399:399]

y[16747] = 1.0
Vehicle: 302  Cost: 76.46
Route: 3 70 124 58 115 13 61 -3 
  3 [10  59: 74]
 70 [ 7 105:110]
124 [ 9 110:115]
 58 [ 6 119:124]
115 [10 124:129]
 13 [ 9 300:305]
 61 [ 6 308:313]
 -3 [ 6 334:334]

y[16801] = 1.0
Vehicle: 308  Cost: 103.80
Route: 3 63 119 54 20 100 78 -3 
  3 [10  59: 74]
 63 [ 6 109:114]
119 [ 9 114:119]
 54 [ 8 132:137]
 20 [ 5 145:150]
100 [ 7 420:425]
 78 [ 5 432:437]
 -3 [ 5 468:468]

y[17373] = 1.0
Vehicle: 204  Cost: 48.97
Route: 2 117 60 122 66 -2 
  2 [ 5  55: 70]
117 [ 7  93: 98]
 60 [ 3  98:103]
122 [ 7 116:121]
 66 [ 6 121:126]
 -2 [ 6 139:139]

FE: 4
SE: 25
!MIP-----
2552.103486790793,5402.338957071304,0.047917871084806905,4,25,50614,17668

Run: 4
Total Cost: 2536.20
Vehicle: 11  Cost: 109.84
Route: 1 2 -2 -1 
 1 [ 75   0:  0 [50, 82, 44, 17, 60, 32, 57, 48, 33, 83, 29, 66, 12, 4, 79, 77, 16, 43, 53, 7, 28, 71, 39, 35, 38, 8, 22, 25]]
 2 [  0  55: 55 []]
-2 [ 48  55:475 [102, 91, 109, 114, 88, 89, 110, 129, 93, 118, 112, 92, 98, 126]]
-1 [ 48 530:530 [102, 91, 109, 114, 88, 89, 110, 129, 93, 118, 112, 92, 98, 126]]

Vehicle: 12  Cost: 109.84
Route: 1 2 -2 -1 
 1 [ 33   0:  0 [24, 56, 5, 69, 37, 45, 47, 80, 75, 11, 73, 36]]
 2 [  0  55: 55 []]
-2 [ 15  55:313 [117, 111, 103, 122, 97]]
-1 [ 15 367:367 [117, 111, 103, 122, 97]]

Vehicle: 14  Cost: 117.88
Route: 1 3 -3 -1 
 1 [ 75   0:  0 [49, 40, 84, 34, 63, 6, 20, 52, 41, 21, 59, 10, 70, 55, 54, 87, 14, 19, 58, 74, 9, 62, 72, 85, 26, 51, 42, 15, 67]]
 3 [  0  59: 59 []]
-3 [ 36  59:483 [106, 101, 131, 119, 121, 115, 120, 124, 108, 123, 130, 125, 127, 100, 94]]
-1 [ 36 542:542 [106, 101, 131, 119, 121, 115, 120, 124, 108, 123, 130, 125, 127, 100, 94]]

Vehicle: 15  Cost: 117.88
Route: 1 3 -3 -1 
 1 [ 43   0:  0 [78, 64, 68, 46, 76, 65, 18, 31, 13, 61, 27, 23, 81, 86, 30]]
 3 [  0  59: 59 []]
-3 [ 28  59:359 [128, 90, 132, 95, 116, 105, 113, 99, 104, 107, 96]]
-1 [ 28 418:418 [128, 90, 132, 95, 116, 105, 113, 99, 104, 107, 96]]

Vehicle: 201  Cost: 108.10
Route: 2 43 82 32 102 57 8 91 -2 
  2 [ 9  55: 70]
 43 [ 8  96:101]
 82 [ 6 180:185]
 32 [ 5 300:305]
102 [ 9 305:310]
 57 [ 5 318:323]
  8 [ 4 331:336]
 91 [ 8 336:341]
 -2 [ 8 383:383]

Vehicle: 202  Cost: 83.87
Route: 2 38 37 44 -2 
  2 [10  55: 70]
 38 [ 8 108:113]
 37 [ 4 300:305]
 44 [ 0 318:323]
 -2 [ 0 353:353]

Vehicle: 203  Cost: 32.16
Route: 2 11 56 114 -2 
  2 [ 7  55: 70]
 11 [ 4  77: 82]
 56 [ 0 300:305]
114 [ 3 305:310]
 -2 [ 3 324:324]

Vehicle: 204  Cost: 77.26
Route: 2 69 126 50 112 24 93 -2 
  2 [ 9  55:278]
 69 [ 7 300:305]
126 [10 314:319]
 50 [ 6 326:331]
112 [ 9 331:336]
 24 [ 6 420:425]
 93 [10 437:442]
 -2 [10 460:460]

Vehicle: 205  Cost: 50.09
Route: 2 109 29 79 129 12 92 -2 
  2 [ 6  55: 70]
109 [ 9  83: 88]
 29 [ 6 300:305]
 79 [ 5 314:319]
129 [ 8 319:324]
 12 [ 6 420:425]
 92 [10 425:430]
 -2 [10 435:435]

Vehicle: 206  Cost: 46.69
Route: 2 16 33 -2 
  2 [ 8  55:277]
 16 [ 4 300:305]
 33 [ 0 314:319]
 -2 [ 0 333:333]

Vehicle: 207  Cost: 103.57
Route: 2 75 71 45 110 7 89 98 -2 
  2 [10  55: 70]
 75 [ 9 109:114]
 71 [ 5 125:130]
 45 [ 1 300:305]
110 [ 5 305:310]
  7 [ 4 324:329]
 89 [ 5 329:334]
 98 [ 9 342:347]
 -2 [ 9 368:368]

Vehicle: 208  Cost: 66.62
Route: 2 48 5 53 -2 
  2 [10  55: 70]
 48 [ 6  97:102]
  5 [ 3 300:305]
 53 [ 0 310:315]
 -2 [ 0 344:344]

Vehicle: 209  Cost: 41.87
Route: 2 4 83 77 -2 
  2 [10  55:287]
  4 [ 8 300:305]
 83 [ 4 307:312]
 77 [ 0 319:324]
 -2 [ 0 343:343]

Vehicle: 210  Cost: 90.30
Route: 2 60 117 17 103 66 122 -2 
  2 [ 9  55: 70]
 60 [ 5  93: 98]
117 [ 7  98:103]
 17 [ 3 128:133]
103 [ 6 144:149]
 66 [ 5 167:172]
122 [ 9 172:177]
 -2 [ 9 190:190]

Vehicle: 211  Cost: 124.29
Route: 2 35 80 39 28 97 47 111 -2 
  2 [10  55:138]
 35 [ 9 180:185]
 80 [ 7 195:200]
 39 [ 3 210:215]
 28 [ 1 244:249]
 97 [ 3 249:254]
 47 [ 2 279:284]
111 [ 6 284:289]
 -2 [ 6 298:298]

Vehicle: 213  Cost: 87.30
Route: 2 25 22 118 73 36 88 -2 
  2 [10  55: 70]
 25 [ 9 109:114]
 22 [ 6 180:185]
118 [10 200:205]
 73 [ 7 300:305]
 36 [ 4 310:315]
 88 [ 8 327:332]
 -2 [ 8 341:341]

Vehicle: 301  Cost: 73.85
Route: 3 55 6 74 -3 
  3 [10  59:265]
 55 [ 7 300:305]
  6 [ 3 309:314]
 74 [ 0 420:425]
 -3 [ 0 451:451]

Vehicle: 302  Cost: 70.25
Route: 3 51 107 23 96 26 -3 
  3 [ 9  59: 74]
 51 [ 8  94: 99]
107 [10 101:106]
 23 [ 6 116:121]
 96 [ 8 300:305]
 26 [ 4 305:310]
 -3 [ 4 344:344]

Vehicle: 303  Cost: 84.80
Route: 3 27 46 59 116 132 90 21 95 -3 
  3 [10  59: 74]
 27 [ 7  93: 98]
 46 [ 4 101:106]
 59 [ 2 125:130]
116 [ 3 130:135]
132 [ 6 139:144]
 90 [ 9 152:157]
 21 [ 7 177:182]
 95 [ 9 182:187]
 -3 [ 9 199:199]

Vehicle: 304  Cost: 115.45
Route: 3 40 108 76 127 68 -3 
  3 [10  59:245]
 40 [ 7 300:305]
108 [10 305:310]
 76 [ 6 314:319]
127 [ 8 319:324]
 68 [ 5 339:344]
 -3 [ 5 385:385]

Vehicle: 305  Cost: 102.20
Route: 3 106 81 130 42 123 -3 
  3 [ 8  59:150]
106 [ 9 180:185]
 81 [ 5 300:305]
130 [ 9 305:310]
 42 [ 5 320:325]
123 [ 6 420:425]
 -3 [ 6 458:458]

Vehicle: 307  Cost: 124.22
Route: 3 67 18 131 10 62 65 121 31 101 -3 
  3 [ 8  59: 74]
 67 [ 7  91: 96]
 18 [ 4 106:111]
131 [ 8 129:134]
 10 [ 7 300:305]
 62 [ 6 311:316]
 65 [ 5 331:336]
121 [ 8 336:341]
 31 [ 7 357:362]
101 [ 9 362:367]
 -3 [ 9 399:399]

Vehicle: 308  Cost: 43.76
Route: 3 41 120 64 -3 
  3 [ 7  59:286]
 41 [ 4 300:305]
120 [ 7 316:321]
 64 [ 3 321:326]
 -3 [ 3 345:345]

Vehicle: 309  Cost: 126.42
Route: 3 14 19 94 84 9 -3 
  3 [ 9  59:125]
 14 [ 5 180:185]
 19 [ 3 300:305]
 94 [ 4 305:310]
 84 [ 3 324:329]
  9 [ 1 353:358]
 -3 [ 1 384:384]

Vehicle: 310  Cost: 49.06
Route: 3 85 72 125 52 -3 
  3 [ 8  59:285]
 85 [ 7 300:305]
 72 [ 3 420:425]
125 [ 4 425:430]
 52 [ 1 439:444]
 -3 [ 1 467:467]

Vehicle: 311  Cost: 76.46
Route: 3 70 124 58 115 13 61 -3 
  3 [10  59: 74]
 70 [ 7 105:110]
124 [ 9 110:115]
 58 [ 6 119:124]
115 [10 124:129]
 13 [ 9 300:305]
 61 [ 6 308:313]
 -3 [ 6 334:334]

Vehicle: 313  Cost: 139.93
Route: 3 87 49 113 105 34 128 -3 
  3 [10  59: 74]
 87 [ 6 124:129]
 49 [ 2 136:141]
113 [ 3 155:160]
105 [ 7 180:185]
 34 [ 5 185:190]
128 [ 9 300:305]
 -3 [ 9 338:338]

Vehicle: 314  Cost: 58.45
Route: 3 15 30 99 104 86 -3 
  3 [ 9  59: 74]
 15 [ 7  92: 97]
 30 [ 4 100:105]
 99 [ 6 105:110]
104 [10 124:129]
 86 [ 6 300:305]
 -3 [ 6 322:322]

Vehicle: 317  Cost: 103.80
Route: 3 63 119 54 20 100 78 -3 
  3 [10  59: 74]
 63 [ 6 109:114]
119 [ 9 114:119]
 54 [ 8 132:137]
 20 [ 5 145:150]
100 [ 7 420:425]
 78 [ 5 432:437]
 -3 [ 5 468:468]

Total Cost: 2536.20
 11:109.84, 75:75 [1, 2, -2, -1]
 12:109.84, 33:75 [1, 2, -2, -1]
 14:117.88, 75:75 [1, 3, -3, -1]
 15:117.88, 43:75 [1, 3, -3, -1]
201:108.10, 9:10 [2, 43, 82, 32, 102, 57, 8, 91, -2]
202:83.87, 10:10 [2, 38, 37, 44, -2]
203:32.16, 7:10 [2, 11, 56, 114, -2]
204:77.26, 10:10 [2, 69, 126, 50, 112, 24, 93, -2]
205:50.09, 10:10 [2, 109, 29, 79, 129, 12, 92, -2]
206:46.69, 8:10 [2, 16, 33, -2]
207:103.57, 10:10 [2, 75, 71, 45, 110, 7, 89, 98, -2]
208:66.62, 10:10 [2, 48, 5, 53, -2]
209:41.87, 10:10 [2, 4, 83, 77, -2]
210:90.30, 9:10 [2, 60, 117, 17, 103, 66, 122, -2]
211:124.29, 10:10 [2, 35, 80, 39, 28, 97, 47, 111, -2]
213:87.30, 10:10 [2, 25, 22, 118, 73, 36, 88, -2]
301:73.85, 10:10 [3, 55, 6, 74, -3]
302:70.25, 10:10 [3, 51, 107, 23, 96, 26, -3]
303:84.80, 10:10 [3, 27, 46, 59, 116, 132, 90, 21, 95, -3]
304:115.45, 10:10 [3, 40, 108, 76, 127, 68, -3]
305:102.20, 9:10 [3, 106, 81, 130, 42, 123, -3]
307:124.22, 9:10 [3, 67, 18, 131, 10, 62, 65, 121, 31, 101, -3]
308:43.76, 7:10 [3, 41, 120, 64, -3]
309:126.42, 9:10 [3, 14, 19, 94, 84, 9, -3]
310:49.06, 8:10 [3, 85, 72, 125, 52, -3]
311:76.46, 10:10 [3, 70, 124, 58, 115, 13, 61, -3]
313:139.93, 10:10 [3, 87, 49, 113, 105, 34, 128, -3]
314:58.45, 10:10 [3, 15, 30, 99, 104, 86, -3]
317:103.80, 10:10 [3, 63, 119, 54, 20, 100, 78, -3]
fe: 4, se: 25

!ALNS------------
100000,2536.200232044829,577.07,247.391,4,25,0.7533333333333333,0.94,32.25,5.16
26 18 19 10 0 0 16 3 
27.294194245926555 67.82407393797642 40.43812664770406 38.77501804230308 NaN NaN 34.79641269212549 38.177255014462666 
15 15 2 11 11 4 27 7 
50.54804826591481 35.54856889271902 55.736400173878344 38.81918253462723 40.96016698328569 32.62173212626522 37.715239583567424 47.934890307596014 

x[632] = 1.0
Vehicle: 11  Cost: 109.84
Route: 1 2 -2 -1 
 1 [ 75   0:  0 [44, 8, 43, 47, 29, 33, 57, 28, 75, 24, 37, 77, 71, 22, 39, 48, 38, 60, 69, 7, 17, 25, 83, 53, 73, 4, 79, 32]]
 2 [  0  55: 55 []]
-2 [ 54  55:513 [102, 122, 98, 93, 112, 117, 91, 126, 110, 114, 89, 92, 118, 109, 129, 88]]
-1 [ 54 567:567 [102, 122, 98, 93, 112, 117, 91, 126, 110, 114, 89, 92, 118, 109, 129, 88]]

x[22624] = 1.0
Vehicle: 12  Cost: 109.84
Route: 1 2 -2 -1 
 1 [ 30   0:  0 [56, 11, 50, 45, 82, 36, 66, 16, 5, 12]]
 2 [  0  55: 55 []]
-2 [  9  55:350 [111, 103, 97]]
-1 [  9 405:405 [111, 103, 97]]

x[28306] = 1.0
Vehicle: 14  Cost: 117.88
Route: 1 3 -3 -1 
 1 [ 75   0:  0 [51, 64, 72, 23, 78, 85, 59, 62, 52, 9, 84, 30, 19, 87, 42, 54, 26, 81, 34, 14, 55, 10, 13, 68, 65, 49, 6, 70, 80]]
 3 [  0  59: 59 []]
-3 [ 38  59:483 [124, 120, 130, 127, 100, 115, 119, 106, 125, 94, 101, 131, 123, 96, 108, 121]]
-1 [ 38 542:542 [124, 120, 130, 127, 100, 115, 119, 106, 125, 94, 101, 131, 123, 96, 108, 121]]

x[34404] = 1.0
Vehicle: 15  Cost: 117.88
Route: 1 3 -3 -1 
 1 [ 50   0:  0 [74, 6, 63, 27, 35, 18, 20, 46, 21, 41, 86, 40, 76, 58, 31, 61, 15, 67]]
 3 [  0  59: 59 []]
-3 [ 26  59:354 [95, 105, 99, 90, 128, 113, 132, 116, 107, 104]]
-1 [ 26 412:412 [95, 105, 99, 90, 128, 113, 132, 116, 107, 104]]

y[262] = 1.0
Vehicle: 302  Cost: 74.21
Route: 3 23 26 96 9 120 -3 
  3 [10  59: 74]
 23 [ 6 104:109]
 26 [ 2 300:305]
 96 [ 4 305:310]
  9 [ 2 322:327]
120 [ 5 336:341]
 -3 [ 5 360:360]

y[632] = 1.0
Vehicle: 213  Cost: 46.69
Route: 2 47 16 33 -2 
  2 [ 9  55: 70]
 47 [ 8  78: 83]
 16 [ 4 300:305]
 33 [ 0 314:319]
 -2 [ 0 333:333]

y[1384] = 1.0
Vehicle: 318  Cost: 49.06
Route: 3 85 72 125 52 -3 
  3 [ 8 116:285]
 85 [ 7 300:305]
 72 [ 3 420:425]
125 [ 4 425:430]
 52 [ 1 439:444]
 -3 [ 1 467:467]

y[2161] = 1.0
Vehicle: 308  Cost: 84.80
Route: 3 27 46 59 116 132 90 21 95 -3 
  3 [10  59: 74]
 27 [ 7  93: 98]
 46 [ 4 101:106]
 59 [ 2 125:130]
116 [ 3 130:135]
132 [ 6 139:144]
 90 [ 9 152:157]
 21 [ 7 177:182]
 95 [ 9 182:187]
 -3 [ 9 199:199]

y[2303] = 1.0
Vehicle: 209  Cost: 83.85
Route: 2 28 44 37 -2 
  2 [10  55:151]
 28 [ 8 180:185]
 44 [ 4 300:305]
 37 [ 0 318:323]
 -2 [ 0 364:364]

y[2387] = 1.0
Vehicle: 205  Cost: 103.57
Route: 2 75 71 110 45 89 7 98 -2 
  2 [10  55: 70]
 75 [ 9 109:114]
 71 [ 5 125:130]
110 [ 9 300:305]
 45 [ 5 305:310]
 89 [ 6 324:329]
  7 [ 5 329:334]
 98 [ 9 342:347]
 -2 [ 9 368:368]

y[2389] = 1.0
Vehicle: 201  Cost: 85.88
Route: 2 43 24 50 112 126 69 93 -2 
  2 [10  55: 70]
 43 [ 9  96:101]
 24 [ 6 420:425]
 50 [ 2 434:439]
112 [ 5 439:444]
126 [ 8 451:456]
 69 [ 6 465:470]
 93 [10 474:479]
 -2 [10 498:498]

y[2776] = 1.0
Vehicle: 205  Cost: 32.16
Route: 2 11 56 114 -2 
  2 [ 7 228:243]
 11 [ 4 250:255]
 56 [ 0 300:305]
114 [ 3 305:310]
 -2 [ 3 324:324]

y[3210] = 1.0
Vehicle: 213  Cost: 87.30
Route: 2 25 22 118 73 36 88 -2 
  2 [10 204:219]
 25 [ 9 258:263]
 22 [ 6 266:271]
118 [10 286:291]
 73 [ 7 300:305]
 36 [ 4 310:315]
 88 [ 8 327:332]
 -2 [ 8 341:341]

y[4031] = 1.0
Vehicle: 211  Cost: 120.30
Route: 2 17 39 38 97 111 -2 
  2 [10  55: 70]
 17 [ 6 111:116]
 39 [ 2 132:137]
 38 [ 0 156:161]
 97 [ 2 180:185]
111 [ 6 211:216]
 -2 [ 6 224:224]

y[4124] = 1.0
Vehicle: 209  Cost: 41.87
Route: 2 4 83 77 -2 
  2 [10 228:287]
  4 [ 8 300:305]
 83 [ 4 307:312]
 77 [ 0 319:324]
 -2 [ 0 343:343]

y[4351] = 1.0
Vehicle: 306  Cost: 130.77
Route: 3 54 14 19 94 84 100 78 -3 
  3 [10  59: 74]
 54 [ 9 115:120]
 14 [ 5 180:185]
 19 [ 3 300:305]
 94 [ 4 305:310]
 84 [ 3 324:329]
100 [ 5 420:425]
 78 [ 3 432:437]
 -3 [ 3 468:468]

y[5574] = 1.0
Vehicle: 317  Cost: 114.18
Route: 3 20 119 63 68 -3 
  3 [10  59: 74]
 20 [ 7 120:125]
119 [10 146:151]
 63 [ 6 151:156]
 68 [ 3 300:305]
 -3 [ 3 346:346]

y[5594] = 1.0
Vehicle: 303  Cost: 131.76
Route: 3 35 80 40 108 127 76 -3 
  3 [10  59:139]
 35 [ 9 180:185]
 80 [ 7 195:200]
 40 [ 4 300:305]
108 [ 7 305:310]
127 [ 9 314:319]
 76 [ 5 319:324]
 -3 [ 5 377:377]

y[6762] = 1.0
Vehicle: 303  Cost: 102.20
Route: 3 106 81 130 42 123 -3 
  3 [ 8  59:150]
106 [ 9 180:185]
 81 [ 5 300:305]
130 [ 9 305:310]
 42 [ 5 320:325]
123 [ 6 420:425]
 -3 [ 6 458:458]

y[7362] = 1.0
Vehicle: 312  Cost: 73.85
Route: 3 55 6 74 -3 
  3 [10 306:321]
 55 [ 7 356:361]
  6 [ 3 364:369]
 74 [ 0 420:425]
 -3 [ 0 451:451]

y[8414] = 1.0
Vehicle: 313  Cost: 139.93
Route: 3 87 49 113 34 105 128 -3 
  3 [10 116:131]
 87 [ 6 182:187]
 49 [ 2 193:198]
113 [ 3 213:218]
 34 [ 1 224:229]
105 [ 5 229:234]
128 [ 9 300:305]
 -3 [ 9 338:338]

y[10721] = 1.0
Vehicle: 210  Cost: 66.62
Route: 2 48 5 53 -2 
  2 [10 120:135]
 48 [ 6 163:168]
  5 [ 3 300:305]
 53 [ 0 310:315]
 -2 [ 0 344:344]

y[12030] = 1.0
Vehicle: 314  Cost: 58.45
Route: 3 15 99 30 104 86 -3 
  3 [ 9 116:131]
 15 [ 7 150:155]
 99 [ 9 157:162]
 30 [ 6 162:167]
104 [10 182:187]
 86 [ 6 300:305]
 -3 [ 6 322:322]

y[13256] = 1.0
Vehicle: 302  Cost: 48.40
Route: 3 107 51 64 41 -3 
  3 [ 8  59: 74]
107 [10  95:100]
 51 [ 9 102:107]
 64 [ 5 300:305]
 41 [ 2 316:321]
 -3 [ 2 335:335]

y[15081] = 1.0
Vehicle: 308  Cost: 124.22
Route: 3 67 18 131 10 62 121 65 31 101 -3 
  3 [ 8  59: 74]
 67 [ 7  91: 96]
 18 [ 4 106:111]
131 [ 8 129:134]
 10 [ 7 300:305]
 62 [ 6 311:316]
121 [ 9 331:336]
 65 [ 8 336:341]
 31 [ 7 357:362]
101 [ 9 362:367]
 -3 [ 9 399:399]

y[15149] = 1.0
Vehicle: 210  Cost: 74.25
Route: 2 60 117 103 66 122 -2 
  2 [ 5  55: 70]
 60 [ 1  93: 98]
117 [ 3  98:103]
103 [ 6 123:128]
 66 [ 5 146:151]
122 [ 9 151:156]
 -2 [ 9 169:169]

y[15831] = 1.0
Vehicle: 303  Cost: 76.46
Route: 3 70 124 58 115 13 61 -3 
  3 [10  59: 74]
 70 [ 7 105:110]
124 [ 9 110:115]
 58 [ 6 119:124]
115 [10 124:129]
 13 [ 9 300:305]
 61 [ 6 308:313]
 -3 [ 6 334:334]

y[16036] = 1.0
Vehicle: 205  Cost: 50.09
Route: 2 109 29 79 129 12 92 -2 
  2 [ 6 120:135]
109 [ 9 148:153]
 29 [ 6 300:305]
 79 [ 5 314:319]
129 [ 8 319:324]
 12 [ 6 420:425]
 92 [10 425:430]
 -2 [10 435:435]

y[16368] = 1.0
Vehicle: 205  Cost: 100.57
Route: 2 82 102 32 57 91 8 -2 
  2 [ 8  55:140]
 82 [ 6 180:185]
102 [10 300:305]
 32 [ 9 305:310]
 57 [ 5 318:323]
 91 [ 9 331:336]
  8 [ 8 336:341]
 -2 [ 8 383:383]

FE: 4
SE: 25
!MIP-----
2556.8843609710766,5400.773409128189,0.048484824504184995,4,25,52902,16691

Run: 5
Total Cost: 2557.74
Vehicle: 11  Cost: 109.84
Route: 1 2 -2 -1 
 1 [ 74   0:  0 [45, 28, 17, 29, 16, 7, 80, 75, 53, 56, 36, 5, 37, 33, 44, 25, 83, 47, 22, 77, 57, 32, 82, 8, 71, 79, 38]]
 2 [  0  55: 55 []]
-2 [ 53  55:458 [102, 112, 98, 91, 88, 118, 122, 110, 89, 126, 93, 111, 109, 129, 92]]
-1 [ 53 513:513 [102, 112, 98, 91, 88, 118, 122, 110, 89, 126, 93, 111, 109, 129, 92]]

Vehicle: 12  Cost: 109.84
Route: 1 2 -2 -1 
 1 [ 25   0:  0 [4, 50, 66, 11, 12, 48, 39, 69, 73]]
 2 [  0  55: 55 []]
-2 [  8  55:339 [114, 97, 103]]
-1 [  8 394:394 [114, 97, 103]]

Vehicle: 13  Cost: 117.88
Route: 1 3 -3 -1 
 1 [ 75   0:  0 [15, 87, 13, 14, 84, 58, 52, 59, 72, 34, 21, 30, 27, 43, 23, 42, 35, 49, 19, 81, 20, 62, 65, 31, 10, 63, 54, 46, 61, 68]]
 3 [  0  59: 59 []]
-3 [ 38  59:483 [125, 115, 119, 127, 124, 108, 120, 123, 131, 121, 101, 96, 94, 130, 106, 100]]
-1 [ 38 542:542 [125, 115, 119, 127, 124, 108, 120, 123, 131, 121, 101, 96, 94, 130, 106, 100]]

Vehicle: 15  Cost: 117.88
Route: 1 3 -3 -1 
 1 [ 52   0:  0 [85, 74, 51, 41, 86, 60, 26, 24, 70, 40, 76, 18, 67, 78, 6, 64, 9, 55]]
 3 [  0  59: 59 []]
-3 [ 28  59:354 [107, 116, 99, 95, 128, 105, 90, 132, 113, 104, 117]]
-1 [ 28 412:412 [107, 116, 99, 95, 128, 105, 90, 132, 113, 104, 117]]

Vehicle: 201  Cost: 85.61
Route: 2 79 29 98 7 89 45 110 -2 
  2 [ 9  55:286]
 79 [ 8 300:305]
 29 [ 5 314:319]
 98 [ 9 319:324]
  7 [ 8 332:337]
 89 [ 9 337:342]
 45 [ 5 356:361]
110 [ 9 361:366]
 -2 [ 9 407:407]

Vehicle: 202  Cost: 83.87
Route: 2 38 37 44 -2 
  2 [10  55: 70]
 38 [ 8 108:113]
 37 [ 4 300:305]
 44 [ 0 318:323]
 -2 [ 0 353:353]

Vehicle: 203  Cost: 70.14
Route: 2 48 97 28 56 114 -2 
  2 [10  55: 70]
 48 [ 6  97:102]
 97 [ 8 180:185]
 28 [ 6 185:190]
 56 [ 2 300:305]
114 [ 5 305:310]
 -2 [ 5 324:324]

Vehicle: 204  Cost: 101.02
Route: 2 82 8 57 32 102 91 69 -2 
  2 [10  55:140]
 82 [ 8 180:185]
  8 [ 7 300:305]
 57 [ 3 313:318]
 32 [ 2 326:331]
102 [ 6 331:336]
 91 [10 337:342]
 69 [ 8 362:367]
 -2 [ 8 389:389]

Vehicle: 205  Cost: 73.72
Route: 2 5 53 16 -2 
  2 [10  55:267]
  5 [ 7 300:305]
 53 [ 4 310:315]
 16 [ 0 328:333]
 -2 [ 0 356:356]

Vehicle: 206  Cost: 25.46
Route: 2 66 122 -2 
  2 [ 1  55: 70]
 66 [ 0  83: 88]
122 [ 4  88: 93]
 -2 [ 4 105:105]

Vehicle: 208  Cost: 74.84
Route: 2 36 73 112 50 126 93 -2 
  2 [10  55:280]
 36 [ 7 300:305]
 73 [ 4 310:315]
112 [ 7 326:331]
 50 [ 3 331:336]
126 [ 6 343:348]
 93 [10 420:425]
 -2 [10 443:443]

Vehicle: 209  Cost: 49.25
Route: 2 77 83 4 88 92 -2 
  2 [10  55:281]
 77 [ 6 300:305]
 83 [ 2 312:317]
  4 [ 0 319:324]
 88 [ 4 334:339]
 92 [ 8 420:425]
 -2 [ 8 430:430]

Vehicle: 210  Cost: 105.63
Route: 2 75 71 22 25 118 109 -2 
  2 [ 9  55: 70]
 75 [ 8 109:114]
 71 [ 4 125:130]
 22 [ 1 180:185]
 25 [ 0 188:193]
118 [ 4 206:211]
109 [ 7 226:231]
 -2 [ 7 244:244]

Vehicle: 211  Cost: 108.72
Route: 2 17 80 39 103 -2 
  2 [10  55: 70]
 17 [ 6 111:116]
 80 [ 4 122:127]
 39 [ 0 137:142]
103 [ 3 163:168]
 -2 [ 3 199:199]

Vehicle: 212  Cost: 46.05
Route: 2 11 47 111 33 129 12 -2 
  2 [10  55: 70]
 11 [ 7  77: 82]
 47 [ 6  86: 91]
111 [10  91: 96]
 33 [ 6 300:305]
129 [ 9 319:324]
 12 [ 7 420:425]
 -2 [ 7 430:430]

Vehicle: 301  Cost: 43.76
Route: 3 41 64 120 -3 
  3 [ 7  59:286]
 41 [ 4 300:305]
 64 [ 0 316:321]
120 [ 3 321:326]
 -3 [ 3 345:345]

Vehicle: 302  Cost: 133.22
Route: 3 87 14 113 105 34 128 -3 
  3 [10  59: 74]
 87 [ 6 124:129]
 14 [ 2 180:185]
113 [ 3 193:198]
105 [ 7 205:210]
 34 [ 5 210:215]
128 [ 9 300:305]
 -3 [ 9 338:338]

Vehicle: 303  Cost: 41.83
Route: 3 85 72 125 86 -3 
  3 [ 9  59:285]
 85 [ 8 300:305]
 72 [ 4 420:425]
125 [ 5 425:430]
 86 [ 1 437:442]
 -3 [ 1 459:459]

Vehicle: 304  Cost: 69.94
Route: 3 51 107 23 6 -3 
  3 [ 9  59: 74]
 51 [ 8  94: 99]
107 [10 101:106]
 23 [ 6 116:121]
  6 [ 2 300:305]
 -3 [ 2 339:339]

Vehicle: 305  Cost: 76.46
Route: 3 70 124 58 115 13 61 -3 
  3 [10  59: 74]
 70 [ 7 105:110]
124 [ 9 110:115]
 58 [ 6 119:124]
115 [10 124:129]
 13 [ 9 300:305]
 61 [ 6 308:313]
 -3 [ 6 334:334]

Vehicle: 306  Cost: 67.43
Route: 3 15 30 99 117 60 104 -3 
  3 [ 9  59: 74]
 15 [ 7  92: 97]
 30 [ 4 100:105]
 99 [ 6 105:110]
117 [ 8 123:128]
 60 [ 4 128:133]
104 [ 8 153:158]
 -3 [ 8 171:171]

Vehicle: 307  Cost: 115.45
Route: 3 68 76 127 40 108 -3 
  3 [10  59:259]
 68 [ 7 300:305]
 76 [ 3 321:326]
127 [ 5 326:331]
 40 [ 2 334:339]
108 [ 5 339:344]
 -3 [ 5 399:399]

Vehicle: 308  Cost: 153.32
Route: 3 35 49 94 19 84 9 -3 
  3 [10  59:139]
 35 [ 9 180:185]
 49 [ 5 217:222]
 94 [ 6 300:305]
 19 [ 4 305:310]
 84 [ 3 324:329]
  9 [ 1 353:358]
 -3 [ 1 384:384]

Vehicle: 309  Cost: 84.80
Route: 3 27 46 116 59 132 90 21 95 -3 
  3 [10  59: 74]
 27 [ 7  93: 98]
 46 [ 4 101:106]
116 [ 5 125:130]
 59 [ 3 130:135]
132 [ 6 139:144]
 90 [ 9 152:157]
 21 [ 7 177:182]
 95 [ 9 182:187]
 -3 [ 9 199:199]

Vehicle: 310  Cost: 76.08
Route: 3 55 96 26 74 -3 
  3 [10  59:265]
 55 [ 7 300:305]
 96 [ 9 311:316]
 26 [ 5 316:321]
 74 [ 2 420:425]
 -3 [ 2 451:451]

Vehicle: 311  Cost: 103.80
Route: 3 63 119 54 20 100 78 -3 
  3 [10  59: 74]
 63 [ 6 109:114]
119 [ 9 114:119]
 54 [ 8 132:137]
 20 [ 5 145:150]
100 [ 7 420:425]
 78 [ 5 432:437]
 -3 [ 5 468:468]

Vehicle: 312  Cost: 124.22
Route: 3 67 18 131 10 62 65 121 31 101 -3 
  3 [ 8  59: 74]
 67 [ 7  91: 96]
 18 [ 4 106:111]
131 [ 8 129:134]
 10 [ 7 300:305]
 62 [ 6 311:316]
 65 [ 5 331:336]
121 [ 8 336:341]
 31 [ 7 357:362]
101 [ 9 362:367]
 -3 [ 9 399:399]

Vehicle: 313  Cost: 85.49
Route: 3 43 24 52 -3 
  3 [ 7  59: 74]
 43 [ 6 104:109]
 24 [ 3 420:425]
 52 [ 0 445:450]
 -3 [ 0 472:472]

Vehicle: 316  Cost: 102.20
Route: 3 106 81 130 42 123 -3 
  3 [ 8  59:150]
106 [ 9 180:185]
 81 [ 5 300:305]
130 [ 9 305:310]
 42 [ 5 320:325]
123 [ 6 420:425]
 -3 [ 6 458:458]

Total Cost: 2557.74
 11:109.84, 74:75 [1, 2, -2, -1]
 12:109.84, 25:75 [1, 2, -2, -1]
 13:117.88, 75:75 [1, 3, -3, -1]
 15:117.88, 52:75 [1, 3, -3, -1]
201:85.61, 9:10 [2, 79, 29, 98, 7, 89, 45, 110, -2]
202:83.87, 10:10 [2, 38, 37, 44, -2]
203:70.14, 10:10 [2, 48, 97, 28, 56, 114, -2]
204:101.02, 10:10 [2, 82, 8, 57, 32, 102, 91, 69, -2]
205:73.72, 10:10 [2, 5, 53, 16, -2]
206:25.46, 4:10 [2, 66, 122, -2]
208:74.84, 10:10 [2, 36, 73, 112, 50, 126, 93, -2]
209:49.25, 10:10 [2, 77, 83, 4, 88, 92, -2]
210:105.63, 9:10 [2, 75, 71, 22, 25, 118, 109, -2]
211:108.72, 10:10 [2, 17, 80, 39, 103, -2]
212:46.05, 10:10 [2, 11, 47, 111, 33, 129, 12, -2]
301:43.76, 7:10 [3, 41, 64, 120, -3]
302:133.22, 10:10 [3, 87, 14, 113, 105, 34, 128, -3]
303:41.83, 9:10 [3, 85, 72, 125, 86, -3]
304:69.94, 10:10 [3, 51, 107, 23, 6, -3]
305:76.46, 10:10 [3, 70, 124, 58, 115, 13, 61, -3]
306:67.43, 9:10 [3, 15, 30, 99, 117, 60, 104, -3]
307:115.45, 10:10 [3, 68, 76, 127, 40, 108, -3]
308:153.32, 10:10 [3, 35, 49, 94, 19, 84, 9, -3]
309:84.80, 10:10 [3, 27, 46, 116, 59, 132, 90, 21, 95, -3]
310:76.08, 10:10 [3, 55, 96, 26, 74, -3]
311:103.80, 10:10 [3, 63, 119, 54, 20, 100, 78, -3]
312:124.22, 9:10 [3, 67, 18, 131, 10, 62, 65, 121, 31, 101, -3]
313:85.49, 7:10 [3, 43, 24, 52, -3]
316:102.20, 9:10 [3, 106, 81, 130, 42, 123, -3]
fe: 4, se: 25

!ALNS------------
100000,2557.740259451991,566.974,528.551,4,25,0.7533333333333333,0.928,32.25,5.16
25 17 20 8 0 0 12 1 
25.51888327357866 65.68384365411609 43.22752467892017 44.367477029476895 254.74138105352023 133.24071982782266 40.959768433227204 35.095633211406 
10 12 9 6 13 9 21 3 
43.25234273310734 35.7343408652116 49.825890616768845 52.11426993238135 41.25544936032336 42.67497399676458 38.182167994242434 49.62968592440729 

x[7948] = 1.0
Vehicle: 12  Cost: 109.84
Route: 1 2 -2 -1 
 1 [ 30   0:  0 [36, 37, 48, 32, 38, 29, 69, 73, 4, 28, 79, 5]]
 2 [  0  55: 55 []]
-2 [  9  55:343 [97, 103, 111]]
-1 [  9 398:398 [97, 103, 111]]

x[16486] = 1.0
Vehicle: 11  Cost: 109.84
Route: 1 2 -2 -1 
 1 [ 74   0:  0 [45, 75, 50, 47, 12, 8, 25, 17, 53, 57, 39, 77, 33, 44, 11, 24, 66, 82, 7, 43, 83, 56, 71, 16, 22, 29]]
 2 [  0  55: 55 []]
-2 [ 52  55:512 [126, 109, 92, 89, 110, 129, 112, 88, 98, 114, 91, 122, 102, 118, 93]]
-1 [ 52 567:567 [126, 109, 92, 89, 110, 129, 112, 88, 98, 114, 91, 122, 102, 118, 93]]

x[33099] = 1.0
Vehicle: 13  Cost: 117.88
Route: 1 3 -3 -1 
 1 [ 75   0:  0 [64, 14, 51, 19, 54, 59, 76, 58, 55, 31, 18, 84, 9, 80, 42, 87, 63, 65, 81, 61, 15, 30, 13, 23, 78, 10, 62, 67, 68, 52, 85]]
 3 [  0  59: 59 []]
-3 [ 38  59:488 [94, 120, 124, 123, 101, 121, 119, 130, 125, 131, 127, 108, 96, 100, 115, 106]]
-1 [ 38 547:547 [94, 120, 124, 123, 101, 121, 119, 130, 125, 131, 127, 108, 96, 100, 115, 106]]

x[50593] = 1.0
Vehicle: 15  Cost: 117.88
Route: 1 3 -3 -1 
 1 [ 50   0:  0 [40, 72, 26, 70, 41, 20, 21, 34, 46, 86, 74, 60, 49, 35, 27, 6]]
 3 [  0  59: 59 []]
-3 [ 28  59:353 [99, 117, 113, 104, 116, 128, 105, 90, 95, 107, 132]]
-1 [ 28 412:412 [99, 117, 113, 104, 116, 128, 105, 90, 95, 107, 132]]

y[506] = 1.0
Vehicle: 240  Cost: 34.86
Route: 2 66 122 56 -2 
  2 [ 5 120:135]
 66 [ 4 148:153]
122 [ 8 153:158]
 56 [ 4 300:305]
 -2 [ 4 319:319]

y[1266] = 1.0
Vehicle: 201  Cost: 115.67
Route: 2 28 97 39 17 103 -2 
  2 [10  55:151]
 28 [ 8 180:185]
 97 [10 185:190]
 39 [ 6 219:224]
 17 [ 2 239:244]
103 [ 5 256:261]
 -2 [ 5 292:292]

y[2149] = 1.0
Vehicle: 201  Cost: 66.62
Route: 2 48 5 53 -2 
  2 [10 207:222]
 48 [ 6 250:255]
  5 [ 3 300:305]
 53 [ 0 310:315]
 -2 [ 0 344:344]

y[2601] = 1.0
Vehicle: 309  Cost: 84.80
Route: 3 27 46 116 59 132 90 21 95 -3 
  3 [10  59: 74]
 27 [ 7  93: 98]
 46 [ 4 101:106]
116 [ 5 125:130]
 59 [ 3 130:135]
132 [ 6 139:144]
 90 [ 9 152:157]
 21 [ 7 177:182]
 95 [ 9 182:187]
 -3 [ 9 199:199]

y[3445] = 1.0
Vehicle: 317  Cost: 45.71
Route: 3 51 64 120 41 -3 
  3 [ 8  59: 74]
 51 [ 7  94: 99]
 64 [ 3 300:305]
120 [ 6 305:310]
 41 [ 3 321:326]
 -3 [ 3 340:340]

y[3713] = 1.0
Vehicle: 304  Cost: 101.21
Route: 3 63 119 26 -3 
  3 [ 8  59: 74]
 63 [ 4 109:114]
119 [ 7 114:119]
 26 [ 3 300:305]
 -3 [ 3 339:339]

y[3865] = 1.0
Vehicle: 304  Cost: 73.85
Route: 3 55 6 74 -3 
  3 [10 300:315]
 55 [ 7 350:355]
  6 [ 3 359:364]
 74 [ 0 420:425]
 -3 [ 0 451:451]

y[4983] = 1.0
Vehicle: 213  Cost: 105.63
Route: 2 75 71 22 25 118 109 -2 
  2 [ 9 120:135]
 75 [ 8 174:179]
 71 [ 4 191:196]
 22 [ 1 207:212]
 25 [ 0 215:220]
118 [ 4 233:238]
109 [ 7 253:258]
 -2 [ 7 271:271]

y[6508] = 1.0
Vehicle: 306  Cost: 131.76
Route: 3 35 80 40 108 127 76 -3 
  3 [10  59:139]
 35 [ 9 180:185]
 80 [ 7 195:200]
 40 [ 4 300:305]
108 [ 7 305:310]
127 [ 9 314:319]
 76 [ 5 319:324]
 -3 [ 5 377:377]

y[7830] = 1.0
Vehicle: 314  Cost: 102.20
Route: 3 106 81 130 42 123 -3 
  3 [ 8  59:150]
106 [ 9 180:185]
 81 [ 5 300:305]
130 [ 9 305:310]
 42 [ 5 320:325]
123 [ 6 420:425]
 -3 [ 6 458:458]

y[8359] = 1.0
Vehicle: 305  Cost: 68.41
Route: 3 23 96 -3 
  3 [ 4  59: 74]
 23 [ 0 104:109]
 96 [ 2 300:305]
 -3 [ 2 339:339]

y[11309] = 1.0
Vehicle: 307  Cost: 41.83
Route: 3 86 125 72 85 -3 
  3 [ 9 116:283]
 86 [ 5 300:305]
125 [ 6 420:425]
 72 [ 2 425:430]
 85 [ 1 432:437]
 -3 [ 1 452:452]

y[11740] = 1.0
Vehicle: 209  Cost: 76.74
Route: 2 24 112 50 126 36 88 -2 
  2 [10  55:390]
 24 [ 7 420:425]
112 [10 434:439]
 50 [ 6 439:444]
126 [ 9 451:456]
 36 [ 6 467:472]
 88 [10 483:488]
 -2 [10 497:497]

y[11812] = 1.0
Vehicle: 308  Cost: 126.63
Route: 3 68 19 94 84 100 78 9 -3 
  3 [10  59:259]
 68 [ 7 300:305]
 19 [ 5 325:330]
 94 [ 6 330:335]
 84 [ 5 349:354]
100 [ 7 420:425]
 78 [ 5 432:437]
  9 [ 3 442:447]
 -3 [ 3 473:473]

y[13144] = 1.0
Vehicle: 311  Cost: 111.72
Route: 3 87 14 128 -3 
  3 [ 8  59: 74]
 87 [ 4 124:129]
 14 [ 0 180:185]
128 [ 4 300:305]
 -3 [ 4 338:338]

y[13516] = 1.0
Vehicle: 208  Cost: 90.61
Route: 2 7 89 45 110 73 69 93 -2 
  2 [10  55:272]
  7 [ 9 300:305]
 89 [10 305:310]
 45 [ 6 324:329]
110 [10 329:334]
 73 [ 7 353:358]
 69 [ 5 365:370]
 93 [ 9 420:425]
 -2 [ 9 443:443]

y[13993] = 1.0
Vehicle: 204  Cost: 108.10
Route: 2 43 82 102 32 57 91 8 -2 
  2 [ 9  55: 70]
 43 [ 8  96:101]
 82 [ 6 180:185]
102 [10 300:305]
 32 [ 9 305:310]
 57 [ 5 318:323]
 91 [ 9 331:336]
  8 [ 8 336:341]
 -2 [ 8 383:383]

y[14133] = 1.0
Vehicle: 202  Cost: 84.67
Route: 2 38 37 44 114 -2 
  2 [10 120:135]
 38 [ 8 174:179]
 37 [ 4 300:305]
 44 [ 0 318:323]
114 [ 3 339:344]
 -2 [ 3 358:358]

y[15905] = 1.0
Vehicle: 209  Cost: 47.35
Route: 2 77 83 4 92 -2 
  2 [10 120:281]
 77 [ 6 300:305]
 83 [ 2 312:317]
  4 [ 0 319:324]
 92 [ 4 420:425]
 -2 [ 4 430:430]

y[16321] = 1.0
Vehicle: 212  Cost: 49.40
Route: 2 11 47 111 16 -2 
  2 [ 8 120:135]
 11 [ 5 142:147]
 47 [ 4 151:156]
111 [ 8 156:161]
 16 [ 4 300:305]
 -2 [ 4 328:328]

y[17472] = 1.0
Vehicle: 313  Cost: 86.93
Route: 3 30 117 60 104 52 -3 
  3 [10  59: 74]
 30 [ 7  92: 97]
117 [ 9 109:114]
 60 [ 5 114:119]
104 [ 9 140:145]
 52 [ 6 300:305]
 -3 [ 6 327:327]

y[17523] = 1.0
Vehicle: 301  Cost: 124.22
Route: 3 67 18 131 10 62 121 65 31 101 -3 
  3 [ 8  59: 74]
 67 [ 7  91: 96]
 18 [ 4 106:111]
131 [ 8 129:134]
 10 [ 7 300:305]
 62 [ 6 311:316]
121 [ 9 331:336]
 65 [ 8 336:341]
 31 [ 7 357:362]
101 [ 9 362:367]
 -3 [ 9 399:399]

y[18295] = 1.0
Vehicle: 321  Cost: 38.99
Route: 3 15 99 -3 
  3 [ 2  59: 74]
 15 [ 0  92: 97]
 99 [ 2 100:105]
 -3 [ 2 123:123]

y[18459] = 1.0
Vehicle: 307  Cost: 76.46
Route: 3 70 124 58 115 13 61 -3 
  3 [10  59: 74]
 70 [ 7 105:110]
124 [ 9 110:115]
 58 [ 6 119:124]
115 [10 124:129]
 13 [ 9 300:305]
 61 [ 6 308:313]
 -3 [ 6 334:334]

y[18478] = 1.0
Vehicle: 204  Cost: 59.30
Route: 2 33 79 129 29 98 12 -2 
  2 [10  55:285]
 33 [ 6 300:305]
 79 [ 5 319:324]
129 [ 8 324:329]
 29 [ 5 338:343]
 98 [ 9 343:348]
 12 [ 7 420:425]
 -2 [ 7 430:430]

y[19251] = 1.0
Vehicle: 302  Cost: 150.22
Route: 3 49 113 34 105 20 54 107 -3 
  3 [10  59: 74]
 49 [ 6 129:134]
113 [ 7 148:153]
 34 [ 5 180:185]
105 [ 9 185:190]
 20 [ 6 210:215]
 54 [ 5 223:228]
107 [ 7 254:259]
 -3 [ 7 279:279]

FE: 4
SE: 26
!MIP-----
2659.3293560542556,5401.996581077576,0.08754006185752983,4,26,51133,19460

