--Parameters Information--
speed=1
run=5
iteration= 100000
batch=100
restartPeriod=10000
largeRemovalOccurrence=500
initialLNS=250
lowerBoundSmallRemoval=4
smallRemoval=0.2
lowerBoundLargeRemoval=0.55
largeRemoval=0.8
initialWeight=1.0
decayRate=0.1
gamma1=9.0
gamma2=5.0
gamma3=2.0
gamma4=0.0
coolingRate=0.9995
temperatureControlParameter=0.05
initialAcceptanceProbability=0.5
perturbation=0.5
perturbationFactor=0.01
split=20000

Setup: Split
Data: A_100_10_LD

Run: 1
Total Cost: 2169.75
Vehicle: 11  Cost: 54.92
Route: 1 2 -2 -1 
 1 [ 75   0:  0 [48, 50, 11, 46, 30, 72, 66, 40, 32, 42, 7, 52, 38, 53, 62, 63, 34, 36, 25, 14, 45, 13, 64, 29, 37, 16, 60, 55, 57, 61, 20, 47]]
 2 [  0  27: 27 []]
-2 [ 41  27:539 [110, 124, 79, 100, 87, 107, 123, 95, 94, 91, 74, 88, 115, 78, 82, 120]]
-1 [ 41 567:567 [110, 124, 79, 100, 87, 107, 123, 95, 94, 91, 74, 88, 115, 78, 82, 120]]

Vehicle: 12  Cost: 54.92
Route: 1 2 -2 -1 
 1 [  5   0:  0 [41, 24, 71]]
 2 [  0  27: 27 []]
-2 [ 29  27:365 [122, 101, 105, 90, 81, 114, 92, 97, 80, 96]]
-1 [ 29 392:392 [122, 101, 105, 90, 81, 114, 92, 97, 80, 96]]

Vehicle: 13  Cost: 120.00
Route: 1 3 -3 -1 
 1 [ 74   0:  0 [49, 44, 26, 56, 54, 23, 9, 39, 10, 73, 69, 33, 68, 65, 43, 4, 70, 51, 15, 8, 35, 6, 59, 22, 31, 28, 12, 17, 21, 18, 27]]
 3 [  0  60: 60 []]
-3 [ 41  60:504 [75, 85, 99, 103, 89, 98, 93, 76, 108, 104, 113, 102, 116, 117, 112, 109, 84, 118]]
-1 [ 41 564:564 [75, 85, 99, 103, 89, 98, 93, 76, 108, 104, 113, 102, 116, 117, 112, 109, 84, 118]]

Vehicle: 14  Cost: 120.00
Route: 1 3 -3 -1 
 1 [  8   0:  0 [67, 58, 19, 5]]
 3 [  0  60: 60 []]
-3 [ 15  60:360 [106, 111, 77, 86, 121, 83, 119]]
-1 [ 15 420:420 [106, 111, 77, 86, 121, 83, 119]]

Vehicle: 201  Cost: 140.40
Route: 2 32 46 50 88 120 -2 
  2 [10  27: 42]
 32 [ 7  96:101]
 46 [ 3 180:185]
 50 [ 0 420:425]
 88 [ 2 440:445]
120 [ 4 462:467]
 -2 [ 4 503:503]

Vehicle: 202  Cost: 134.51
Route: 2 29 37 24 64 110 124 82 115 -2 
  2 [ 9  27: 42]
 29 [ 8  90: 95]
 37 [ 4 300:305]
 24 [ 1 420:425]
 64 [ 0 433:438]
110 [ 4 438:443]
124 [ 6 453:458]
 82 [ 7 477:482]
115 [10 487:492]
 -2 [10 524:524]

Vehicle: 203  Cost: 90.50
Route: 2 62 96 52 14 81 48 101 -2 
  2 [10  27: 42]
 62 [ 7  70: 75]
 96 [10  81: 86]
 52 [ 6  96:101]
 14 [ 4 108:113]
 81 [ 8 113:118]
 48 [ 7 300:305]
101 [10 316:321]
 -2 [10 341:341]

Vehicle: 204  Cost: 86.42
Route: 2 7 66 122 97 40 -2 
  2 [10  27: 42]
  7 [ 7  62: 67]
 66 [ 3  77: 82]
122 [ 7  98:103]
 97 [ 9 107:112]
 40 [ 6 300:305]
 -2 [ 6 336:336]

Vehicle: 205  Cost: 79.16
Route: 2 80 53 105 38 63 -2 
  2 [ 6  27:152]
 80 [10 180:185]
 53 [ 9 197:202]
105 [10 202:207]
 38 [ 7 300:305]
 63 [ 5 309:314]
 -2 [ 5 338:338]

Vehicle: 206  Cost: 33.37
Route: 2 41 94 36 34 60 55 -2 
  2 [ 8  27:168]
 41 [ 7 180:185]
 94 [ 9 185:190]
 36 [ 8 194:199]
 34 [ 7 201:206]
 60 [ 4 300:305]
 55 [ 2 306:311]
 -2 [ 2 323:323]

Vehicle: 207  Cost: 61.71
Route: 2 42 95 13 74 25 11 78 -2 
  2 [ 8  27: 42]
 42 [ 5  60: 65]
 95 [ 8  65: 70]
 13 [ 6  78: 83]
 74 [10  88: 93]
 25 [ 8 420:425]
 11 [ 7 433:438]
 78 [10 438:443]
 -2 [10 456:456]

Vehicle: 208  Cost: 113.26
Route: 2 47 71 57 20 91 107 61 -2 
  2 [ 9  27: 42]
 47 [ 8  63: 68]
 71 [ 7  94: 99]
 57 [ 5 300:305]
 20 [ 3 420:425]
 91 [ 6 445:450]
107 [10 458:463]
 61 [ 7 472:477]
 -2 [ 7 493:493]

Vehicle: 209  Cost: 85.69
Route: 2 92 114 16 90 30 -2 
  2 [ 5  27:155]
 92 [ 9 180:185]
114 [10 204:209]
 16 [ 6 300:305]
 90 [ 9 318:323]
 30 [ 8 323:328]
 -2 [ 8 350:350]

Vehicle: 210  Cost: 46.92
Route: 2 87 79 45 100 123 72 -2 
  2 [ 5  27: 42]
 87 [ 9  49: 54]
 79 [10 300:305]
 45 [ 6 314:319]
100 [ 7 319:324]
123 [ 9 420:425]
 72 [ 8 425:430]
 -2 [ 8 438:438]

Vehicle: 301  Cost: 10.00
Route: 3 54 -3 
  3 [ 4  60:295]
 54 [ 0 300:305]
 -3 [ 0 310:310]

Vehicle: 302  Cost: 106.23
Route: 3 22 86 119 69 8 77 106 -3 
  3 [10  60: 75]
 22 [ 6  87: 92]
 86 [ 8 102:107]
119 [10 126:131]
 69 [ 7 131:136]
  8 [ 4 159:164]
 77 [ 6 164:169]
106 [ 8 180:185]
 -3 [ 8 216:216]

Vehicle: 303  Cost: 122.70
Route: 3 43 17 68 51 104 93 85 -3 
  3 [10  60: 75]
 43 [ 9 117:122]
 17 [ 6 180:185]
 68 [ 4 189:194]
 51 [ 0 206:211]
104 [ 3 211:216]
 93 [ 4 230:235]
 85 [ 8 265:270]
 -3 [ 8 282:282]

Vehicle: 304  Cost: 134.86
Route: 3 49 103 9 73 84 98 116 -3 
  3 [10  60: 75]
 49 [ 8 119:124]
103 [10 124:129]
  9 [ 6 300:305]
 73 [ 2 322:327]
 84 [ 4 420:425]
 98 [ 6 451:456]
116 [10 467:472]
 -3 [10 489:489]

Vehicle: 305  Cost: 106.00
Route: 3 4 35 15 28 89 5 118 -3 
  3 [10  60: 75]
  4 [ 9  79: 84]
 35 [ 5 126:131]
 15 [ 4 300:305]
 28 [ 2 420:425]
 89 [ 3 425:430]
  5 [ 1 435:440]
118 [ 2 445:450]
 -3 [ 2 472:472]

Vehicle: 306  Cost: 174.27
Route: 3 31 102 109 21 58 12 117 67 112 -3 
  3 [ 8  60: 75]
 31 [ 5 114:119]
102 [ 7 126:131]
109 [10 180:185]
 21 [ 9 207:212]
 58 [ 7 300:305]
 12 [ 6 326:331]
117 [ 8 420:425]
 67 [ 7 464:469]
112 [10 469:474]
 -3 [10 484:484]

Vehicle: 307  Cost: 92.99
Route: 3 65 111 23 121 70 19 83 -3 
  3 [10  60: 75]
 65 [ 6  93: 98]
111 [ 7 107:112]
 23 [ 6 123:128]
121 [10 141:146]
 70 [ 8 146:151]
 19 [ 5 300:305]
 83 [ 7 305:310]
 -3 [ 7 345:345]

Vehicle: 308  Cost: 85.90
Route: 3 33 113 26 10 99 44 75 -3 
  3 [10  60: 75]
 33 [ 9  93: 98]
113 [10 300:305]
 26 [ 6 307:312]
 10 [ 4 319:324]
 99 [ 6 420:425]
 44 [ 3 425:430]
 75 [ 7 434:439]
 -3 [ 7 476:476]

Vehicle: 309  Cost: 115.01
Route: 3 39 59 108 18 6 76 56 27 -3 
  3 [10  60: 75]
 39 [ 9 107:112]
 59 [ 7 300:305]
108 [ 9 305:310]
 18 [ 8 316:321]
  6 [ 4 335:340]
 76 [ 6 340:345]
 56 [ 5 352:357]
 27 [ 4 359:364]
 -3 [ 4 407:407]

Total Cost: 2169.75
 11:54.92, 75:75 [1, 2, -2, -1]
 12:54.92, 29:75 [1, 2, -2, -1]
 13:120.00, 74:75 [1, 3, -3, -1]
 14:120.00, 15:75 [1, 3, -3, -1]
201:140.40, 10:10 [2, 32, 46, 50, 88, 120, -2]
202:134.51, 10:10 [2, 29, 37, 24, 64, 110, 124, 82, 115, -2]
203:90.50, 10:10 [2, 62, 96, 52, 14, 81, 48, 101, -2]
204:86.42, 10:10 [2, 7, 66, 122, 97, 40, -2]
205:79.16, 10:10 [2, 80, 53, 105, 38, 63, -2]
206:33.37, 9:10 [2, 41, 94, 36, 34, 60, 55, -2]
207:61.71, 10:10 [2, 42, 95, 13, 74, 25, 11, 78, -2]
208:113.26, 10:10 [2, 47, 71, 57, 20, 91, 107, 61, -2]
209:85.69, 10:10 [2, 92, 114, 16, 90, 30, -2]
210:46.92, 10:10 [2, 87, 79, 45, 100, 123, 72, -2]
301:10.00, 4:10 [3, 54, -3]
302:106.23, 10:10 [3, 22, 86, 119, 69, 8, 77, 106, -3]
303:122.70, 10:10 [3, 43, 17, 68, 51, 104, 93, 85, -3]
304:134.86, 10:10 [3, 49, 103, 9, 73, 84, 98, 116, -3]
305:106.00, 10:10 [3, 4, 35, 15, 28, 89, 5, 118, -3]
306:174.27, 10:10 [3, 31, 102, 109, 21, 58, 12, 117, 67, 112, -3]
307:92.99, 10:10 [3, 65, 111, 23, 121, 70, 19, 83, -3]
308:85.90, 10:10 [3, 33, 113, 26, 10, 99, 44, 75, -3]
309:115.01, 10:10 [3, 39, 59, 108, 18, 6, 76, 56, 27, -3]
fe: 4, se: 19

!ALNS------------
100000,2169.750640124699,399.998,380.662,4,19,0.6433333333333333,0.9631578947368421,30.25,6.368421052631579
17 22 14 14 0 0 10 1 
20.89834363225787 52.28150329265321 24.624229569631048 31.42401311346037 73.26717926465176 87.34079901978608 27.93691907782265 28.28854379090664 
11 8 11 12 9 9 12 6 
32.926481445916174 29.710500085994724 37.15127169576768 28.002817674601186 33.60161643624368 29.437542004648986 25.149017044115276 50.13940080401495 

x[10431] = 1.0
Vehicle: 13  Cost: 120.00
Route: 1 3 -3 -1 
 1 [ 75   0:  0 [56, 27, 70, 49, 23, 67, 59, 33, 9, 26, 69, 28, 4, 21, 22, 73, 6, 65, 8, 31, 39, 18, 44, 17, 5, 12, 35, 15, 58, 10, 51, 19]]
 3 [  0  60: 60 []]
-3 [ 47  60:504 [108, 112, 75, 113, 118, 116, 76, 89, 85, 83, 117, 99, 109, 103, 104, 121, 98, 84, 93, 102]]
-1 [ 47 564:564 [108, 112, 75, 113, 118, 116, 76, 89, 85, 83, 117, 99, 109, 103, 104, 121, 98, 84, 93, 102]]

x[14601] = 1.0
Vehicle: 14  Cost: 120.00
Route: 1 3 -3 -1 
 1 [  7   0:  0 [54, 68, 43]]
 3 [  0  60: 60 []]
-3 [ 15  60:360 [83, 111, 86, 106, 121, 119, 77]]
-1 [ 15 420:420 [83, 111, 86, 106, 121, 119, 77]]

x[16792] = 1.0
Vehicle: 11  Cost: 54.92
Route: 1 2 -2 -1 
 1 [ 73   0:  0 [38, 45, 53, 60, 64, 11, 16, 55, 46, 7, 41, 37, 63, 71, 20, 30, 24, 14, 62, 52, 50, 32, 57, 42, 25, 48, 40, 72, 61, 34, 13]]
 2 [  0  27: 27 []]
-2 [ 53  27:564 [74, 91, 120, 81, 88, 82, 79, 78, 96, 95, 123, 101, 124, 80, 107, 110, 115, 87, 100]]
-1 [ 53 591:591 [74, 91, 120, 81, 88, 82, 79, 78, 96, 95, 123, 101, 124, 80, 107, 110, 115, 87, 100]]

x[22993] = 1.0
Vehicle: 11  Cost: 54.92
Route: 1 2 -2 -1 
 1 [ 73   0:  0 [24, 64, 20, 16, 34, 36, 66, 38, 30, 14, 63, 32, 57, 53, 62, 61, 55, 25, 48, 7, 50, 46, 41, 47, 40, 52, 11, 13, 60, 71, 72, 37, 29]]
 2 [  0  27: 27 []]
-2 [ 52  27:365 [115, 96, 94, 78, 114, 81, 91, 74, 80, 107, 87, 90, 92, 105, 97, 95, 122]]
-1 [ 52 392:392 [115, 96, 94, 78, 114, 81, 91, 74, 80, 107, 87, 90, 92, 105, 97, 95, 122]]

y[211] = 1.0
Vehicle: 313  Cost: 144.75
Route: 3 31 102 109 21 18 108 59 -3 
  3 [ 7  60: 75]
 31 [ 4 114:119]
102 [ 6 126:131]
109 [ 9 180:185]
 21 [ 8 207:212]
 18 [ 7 300:305]
108 [ 9 311:316]
 59 [ 7 316:321]
 -3 [ 7 364:364]

y[215] = 1.0
Vehicle: 204  Cost: 86.42
Route: 2 7 66 122 97 40 -2 
  2 [10 108:123]
  7 [ 7 143:148]
 66 [ 3 157:162]
122 [ 7 179:184]
 97 [ 9 188:193]
 40 [ 6 300:305]
 -2 [ 6 336:336]

y[983] = 1.0
Vehicle: 203  Cost: 90.50
Route: 2 62 96 52 81 14 48 101 -2 
  2 [10 108:123]
 62 [ 7 151:156]
 96 [10 162:167]
 52 [ 6 177:182]
 81 [10 189:194]
 14 [ 8 194:199]
 48 [ 7 300:305]
101 [10 316:321]
 -2 [10 341:341]

y[4777] = 1.0
Vehicle: 204  Cost: 85.69
Route: 2 92 114 16 90 30 -2 
  2 [ 5  27:155]
 92 [ 9 180:185]
114 [10 204:209]
 16 [ 6 300:305]
 90 [ 9 318:323]
 30 [ 8 323:328]
 -2 [ 8 350:350]

y[5449] = 1.0
Vehicle: 304  Cost: 134.86
Route: 3 49 103 9 73 84 98 116 -3 
  3 [10  76: 91]
 49 [ 8 135:140]
103 [10 140:145]
  9 [ 6 300:305]
 73 [ 2 322:327]
 84 [ 4 420:425]
 98 [ 6 451:456]
116 [10 467:472]
 -3 [10 489:489]

y[7715] = 1.0
Vehicle: 307  Cost: 125.09
Route: 3 43 17 68 51 104 93 121 -3 
  3 [10  60: 75]
 43 [ 9 117:122]
 17 [ 6 180:185]
 68 [ 4 189:194]
 51 [ 0 206:211]
104 [ 3 211:216]
 93 [ 4 230:235]
121 [ 8 241:246]
 -3 [ 8 285:285]

y[7987] = 1.0
Vehicle: 309  Cost: 135.24
Route: 3 6 76 56 27 58 12 117 112 67 -3 
  3 [10  60:261]
  6 [ 6 300:305]
 76 [ 8 305:310]
 56 [ 7 316:321]
 27 [ 6 324:329]
 58 [ 4 340:345]
 12 [ 3 366:371]
117 [ 5 420:425]
112 [ 8 464:469]
 67 [ 7 469:474]
 -3 [ 7 484:484]

y[8010] = 1.0
Vehicle: 303  Cost: 74.77
Route: 3 65 23 28 89 5 118 -3 
  3 [ 9  60: 75]
 65 [ 5  93: 98]
 23 [ 4 116:121]
 28 [ 2 420:425]
 89 [ 3 425:430]
  5 [ 1 435:440]
118 [ 2 445:450]
 -3 [ 2 472:472]

y[8982] = 1.0
Vehicle: 307  Cost: 97.94
Route: 3 70 35 15 19 83 -3 
  3 [10  60: 75]
 70 [ 8 113:118]
 35 [ 4 126:131]
 15 [ 3 300:305]
 19 [ 0 318:323]
 83 [ 2 323:328]
 -3 [ 2 363:363]

y[10364] = 1.0
Vehicle: 201  Cost: 140.40
Route: 2 32 46 50 88 120 -2 
  2 [10 108:123]
 32 [ 7 177:182]
 46 [ 3 198:203]
 50 [ 0 420:425]
 88 [ 2 440:445]
120 [ 4 462:467]
 -2 [ 4 503:503]

y[11470] = 1.0
Vehicle: 302  Cost: 116.34
Route: 3 86 33 111 69 119 39 77 8 106 -3 
  3 [ 8  60: 75]
 86 [10  92: 97]
 33 [ 9 101:106]
111 [10 115:120]
 69 [ 7 140:145]
119 [ 9 145:150]
 39 [ 8 157:162]
 77 [10 179:184]
  8 [ 7 184:189]
106 [ 9 201:206]
 -3 [ 9 236:236]

y[12164] = 1.0
Vehicle: 306  Cost: 85.64
Route: 3 113 26 10 99 44 75 -3 
  3 [ 9  60:274]
113 [10 300:305]
 26 [ 6 307:312]
 10 [ 4 319:324]
 99 [ 6 420:425]
 44 [ 3 425:430]
 75 [ 7 434:439]
 -3 [ 7 476:476]

y[14559] = 1.0
Vehicle: 206  Cost: 79.16
Route: 2 80 53 105 38 63 -2 
  2 [ 6  27:152]
 80 [10 180:185]
 53 [ 9 197:202]
105 [10 202:207]
 38 [ 7 300:305]
 63 [ 5 309:314]
 -2 [ 5 338:338]

y[14661] = 1.0
Vehicle: 201  Cost: 33.37
Route: 2 41 94 36 34 60 55 -2 
  2 [ 8  27:168]
 41 [ 7 180:185]
 94 [ 9 185:190]
 36 [ 8 194:199]
 34 [ 7 201:206]
 60 [ 4 300:305]
 55 [ 2 306:311]
 -2 [ 2 323:323]

y[14840] = 1.0
Vehicle: 202  Cost: 134.51
Route: 2 29 37 24 110 64 124 82 115 -2 
  2 [ 9 108:123]
 29 [ 8 171:176]
 37 [ 4 300:305]
 24 [ 1 420:425]
110 [ 5 433:438]
 64 [ 4 438:443]
124 [ 6 453:458]
 82 [ 7 477:482]
115 [10 487:492]
 -2 [10 524:524]

y[16361] = 1.0
Vehicle: 207  Cost: 61.71
Route: 2 42 95 13 74 25 11 78 -2 
  2 [ 8 108:123]
 42 [ 5 141:146]
 95 [ 8 146:151]
 13 [ 6 158:163]
 74 [10 168:173]
 25 [ 8 420:425]
 11 [ 7 433:438]
 78 [10 438:443]
 -2 [10 456:456]

y[16699] = 1.0
Vehicle: 208  Cost: 113.26
Route: 2 47 71 57 20 91 107 61 -2 
  2 [ 9 108:123]
 47 [ 8 144:149]
 71 [ 7 175:180]
 57 [ 5 300:305]
 20 [ 3 420:425]
 91 [ 6 445:450]
107 [10 458:463]
 61 [ 7 472:477]
 -2 [ 7 493:493]

y[17370] = 1.0
Vehicle: 310  Cost: 27.80
Route: 3 4 22 85 54 -3 
  3 [ 9 116:131]
  4 [ 8 135:140]
 22 [ 4 147:152]
 85 [ 8 152:157]
 54 [ 4 300:305]
 -3 [ 4 310:310]

y[18121] = 1.0
Vehicle: 210  Cost: 46.92
Route: 2 87 79 45 100 72 123 -2 
  2 [ 5 108:123]
 87 [ 9 130:135]
 79 [10 300:305]
 45 [ 6 314:319]
100 [ 7 319:324]
 72 [ 6 420:425]
123 [ 8 425:430]
 -2 [ 8 438:438]

FE: 4
SE: 19
!MIP-----
2164.216531535263,5401.333443880081,0.04788877250129402,4,19,35199,19028

Run: 2
Total Cost: 2160.31
Vehicle: 11  Cost: 54.92
Route: 1 2 -2 -1 
 1 [ 71   0:  0 [25, 16, 42, 50, 45, 66, 61, 72, 40, 60, 14, 41, 11, 55, 32, 52, 63, 71, 62, 38, 7, 20, 13, 47, 30, 34, 57, 36, 46, 48, 53]]
 2 [  0  27: 27 []]
-2 [ 31  27:518 [95, 88, 78, 87, 107, 123, 79, 120, 91, 94, 100, 74]]
-1 [ 31 545:545 [95, 88, 78, 87, 107, 123, 79, 120, 91, 94, 100, 74]]

Vehicle: 12  Cost: 54.92
Route: 1 -2 -1 
 1 [  0   0:  0 []]
-2 [ 29  27:365 [105, 90, 96, 92, 114, 80, 81, 122, 97, 101]]
-1 [ 29 392:392 [105, 90, 96, 92, 114, 80, 81, 122, 97, 101]]

Vehicle: 14  Cost: 120.00
Route: 1 3 -3 -1 
 1 [ 75   0:  0 [65, 4, 73, 9, 59, 70, 26, 54, 15, 8, 21, 51, 68, 43, 44, 5, 35, 69, 49, 33, 19, 56, 58, 27, 6, 37, 17, 23, 31, 29]]
 3 [  0  60: 60 []]
-3 [ 52  60:545 [103, 99, 104, 110, 115, 118, 83, 108, 82, 112, 121, 84, 124, 102, 109, 76, 75, 116, 98, 93, 117, 89]]
-1 [ 52 605:605 [103, 99, 104, 110, 115, 118, 83, 108, 82, 112, 121, 84, 124, 102, 109, 76, 75, 116, 98, 93, 117, 89]]

Vehicle: 15  Cost: 120.00
Route: 1 3 -3 -1 
 1 [ 16   0:  0 [39, 18, 22, 28, 10, 12, 24, 64, 67]]
 3 [  0  60: 60 []]
-3 [ 14  60:354 [119, 113, 86, 106, 111, 85, 77]]
-1 [ 14 414:414 [119, 113, 86, 106, 111, 85, 77]]

Vehicle: 201  Cost: 113.26
Route: 2 47 71 57 20 91 107 61 -2 
  2 [ 9  27: 42]
 47 [ 8  63: 68]
 71 [ 7  94: 99]
 57 [ 5 300:305]
 20 [ 3 420:425]
 91 [ 6 445:450]
107 [10 458:463]
 61 [ 7 472:477]
 -2 [ 7 493:493]

Vehicle: 202  Cost: 79.16
Route: 2 80 53 105 38 63 -2 
  2 [ 6  27:152]
 80 [10 180:185]
 53 [ 9 197:202]
105 [10 202:207]
 38 [ 7 300:305]
 63 [ 5 309:314]
 -2 [ 5 338:338]

Vehicle: 203  Cost: 140.40
Route: 2 32 46 50 88 120 -2 
  2 [10  27: 42]
 32 [ 7  96:101]
 46 [ 3 180:185]
 50 [ 0 420:425]
 88 [ 2 440:445]
120 [ 4 462:467]
 -2 [ 4 503:503]

Vehicle: 204  Cost: 85.69
Route: 2 92 114 16 30 90 -2 
  2 [ 5  27:155]
 92 [ 9 180:185]
114 [10 204:209]
 16 [ 6 300:305]
 30 [ 5 318:323]
 90 [ 8 323:328]
 -2 [ 8 350:350]

Vehicle: 205  Cost: 46.92
Route: 2 87 79 45 100 123 72 -2 
  2 [ 5  27: 42]
 87 [ 9  49: 54]
 79 [10 300:305]
 45 [ 6 314:319]
100 [ 7 319:324]
123 [ 9 420:425]
 72 [ 8 425:430]
 -2 [ 8 438:438]

Vehicle: 206  Cost: 61.71
Route: 2 42 95 13 74 25 11 78 -2 
  2 [ 8  27: 42]
 42 [ 5  60: 65]
 95 [ 8  65: 70]
 13 [ 6  78: 83]
 74 [10  88: 93]
 25 [ 8 420:425]
 11 [ 7 433:438]
 78 [10 438:443]
 -2 [10 456:456]

Vehicle: 207  Cost: 86.42
Route: 2 7 66 122 97 40 -2 
  2 [10  27: 42]
  7 [ 7  62: 67]
 66 [ 3  77: 82]
122 [ 7  98:103]
 97 [ 9 107:112]
 40 [ 6 300:305]
 -2 [ 6 336:336]

Vehicle: 208  Cost: 33.37
Route: 2 94 41 36 34 60 55 -2 
  2 [ 8  27:168]
 94 [10 180:185]
 41 [ 9 185:190]
 36 [ 8 194:199]
 34 [ 7 201:206]
 60 [ 4 300:305]
 55 [ 2 306:311]
 -2 [ 2 323:323]

Vehicle: 211  Cost: 90.50
Route: 2 62 96 52 81 14 48 101 -2 
  2 [10  27: 42]
 62 [ 7  70: 75]
 96 [10  81: 86]
 52 [ 6  96:101]
 81 [10 108:113]
 14 [ 8 113:118]
 48 [ 7 300:305]
101 [10 316:321]
 -2 [10 341:341]

Vehicle: 301  Cost: 86.90
Route: 3 10 44 99 75 28 89 5 118 -3 
  3 [ 9  60:266]
 10 [ 7 300:305]
 44 [ 4 420:425]
 99 [ 6 425:430]
 75 [10 434:439]
 28 [ 8 447:452]
 89 [ 9 452:457]
  5 [ 7 463:468]
118 [ 8 472:477]
 -3 [ 8 499:499]

Vehicle: 302  Cost: 135.24
Route: 3 6 76 56 27 58 12 117 67 112 -3 
  3 [10  60:261]
  6 [ 6 300:305]
 76 [ 8 305:310]
 56 [ 7 316:321]
 27 [ 6 324:329]
 58 [ 4 340:345]
 12 [ 3 366:371]
117 [ 5 420:425]
 67 [ 4 464:469]
112 [ 7 469:474]
 -3 [ 7 484:484]

Vehicle: 303  Cost: 134.39
Route: 3 29 37 24 64 110 124 82 115 -3 
  3 [ 9  60: 75]
 29 [ 8 117:122]
 37 [ 4 300:305]
 24 [ 1 420:425]
 64 [ 0 433:438]
110 [ 4 438:443]
124 [ 6 453:458]
 82 [ 7 477:482]
115 [10 487:492]
 -3 [10 530:530]

Vehicle: 304  Cost: 81.12
Route: 3 4 22 85 23 111 26 113 -3 
  3 [10  60: 75]
  4 [ 9  79: 84]
 22 [ 5  92: 97]
 85 [ 9  97:102]
 23 [ 8 124:129]
111 [ 9 140:145]
 26 [ 5 300:305]
113 [ 6 307:312]
 -3 [ 6 339:339]

Vehicle: 305  Cost: 10.00
Route: 3 54 -3 
  3 [ 4  60:295]
 54 [ 0 300:305]
 -3 [ 0 310:310]

Vehicle: 306  Cost: 125.09
Route: 3 43 17 68 51 104 93 121 -3 
  3 [10  60: 75]
 43 [ 9 117:122]
 17 [ 6 180:185]
 68 [ 4 189:194]
 51 [ 0 206:211]
104 [ 3 211:216]
 93 [ 4 230:235]
121 [ 8 241:246]
 -3 [ 8 285:285]

Vehicle: 308  Cost: 134.86
Route: 3 49 103 9 73 84 98 116 -3 
  3 [10  60: 75]
 49 [ 8 119:124]
103 [10 124:129]
  9 [ 6 300:305]
 73 [ 2 322:327]
 84 [ 4 420:425]
 98 [ 6 451:456]
116 [10 467:472]
 -3 [10 489:489]

Vehicle: 309  Cost: 108.62
Route: 3 65 33 86 69 119 39 77 106 -3 
  3 [ 9  60: 75]
 65 [ 5  93: 98]
 33 [ 4 100:105]
 86 [ 6 108:113]
 69 [ 3 132:137]
119 [ 5 137:142]
 39 [ 4 149:154]
 77 [ 6 171:176]
106 [ 8 188:193]
 -3 [ 8 224:224]

Vehicle: 310  Cost: 158.88
Route: 3 8 31 102 109 21 18 59 108 -3 
  3 [10  60: 75]
  8 [ 7 113:118]
 31 [ 4 133:138]
102 [ 6 146:151]
109 [ 9 180:185]
 21 [ 8 207:212]
 18 [ 7 300:305]
 59 [ 5 311:316]
108 [ 7 316:321]
 -3 [ 7 364:364]

Vehicle: 311  Cost: 97.94
Route: 3 70 35 15 19 83 -3 
  3 [10  60: 75]
 70 [ 8 113:118]
 35 [ 4 126:131]
 15 [ 3 300:305]
 19 [ 0 318:323]
 83 [ 2 323:328]
 -3 [ 2 363:363]

Total Cost: 2160.31
 11:54.92, 71:75 [1, 2, -2, -1]
 12:54.92, 29:75 [1, -2, -1]
 14:120.00, 75:75 [1, 3, -3, -1]
 15:120.00, 16:75 [1, 3, -3, -1]
201:113.26, 10:10 [2, 47, 71, 57, 20, 91, 107, 61, -2]
202:79.16, 10:10 [2, 80, 53, 105, 38, 63, -2]
203:140.40, 10:10 [2, 32, 46, 50, 88, 120, -2]
204:85.69, 10:10 [2, 92, 114, 16, 30, 90, -2]
205:46.92, 10:10 [2, 87, 79, 45, 100, 123, 72, -2]
206:61.71, 10:10 [2, 42, 95, 13, 74, 25, 11, 78, -2]
207:86.42, 10:10 [2, 7, 66, 122, 97, 40, -2]
208:33.37, 10:10 [2, 94, 41, 36, 34, 60, 55, -2]
211:90.50, 10:10 [2, 62, 96, 52, 81, 14, 48, 101, -2]
301:86.90, 10:10 [3, 10, 44, 99, 75, 28, 89, 5, 118, -3]
302:135.24, 10:10 [3, 6, 76, 56, 27, 58, 12, 117, 67, 112, -3]
303:134.39, 10:10 [3, 29, 37, 24, 64, 110, 124, 82, 115, -3]
304:81.12, 10:10 [3, 4, 22, 85, 23, 111, 26, 113, -3]
305:10.00, 4:10 [3, 54, -3]
306:125.09, 10:10 [3, 43, 17, 68, 51, 104, 93, 121, -3]
308:134.86, 10:10 [3, 49, 103, 9, 73, 84, 98, 116, -3]
309:108.62, 9:10 [3, 65, 33, 86, 69, 119, 39, 77, 106, -3]
310:158.88, 10:10 [3, 8, 31, 102, 109, 21, 18, 59, 108, -3]
311:97.94, 10:10 [3, 70, 35, 15, 19, 83, -3]
fe: 4, se: 19

!ALNS------------
100000,2160.312397341714,432.275,408.395,4,19,0.6366666666666667,0.9631578947368421,30.25,6.368421052631579
19 18 20 8 0 0 13 0 
17.614444108756516 39.17552419047856 22.927408953319713 32.282735920085734 NaN NaN 20.896104551809636 29.769602101518277 
15 6 4 8 10 11 14 10 
30.342737444047778 25.759460657108757 29.30576427716909 23.520516831405814 21.418819757445466 33.73871140021982 22.03341450841362 30.980100611690364 

x[3633] = 1.0
Vehicle: 11  Cost: 54.92
Route: 1 2 -2 -1 
 1 [ 71   0:  0 [53, 38, 36, 46, 47, 16, 25, 57, 50, 48, 45, 63, 20, 52, 61, 14, 32, 72, 7, 42, 71, 11, 40, 41, 66, 13, 60, 62, 55, 30, 34]]
 2 [  0  27: 27 []]
-2 [ 44  27:564 [123, 95, 124, 100, 88, 107, 87, 96, 74, 101, 79, 78, 120, 82, 91, 81, 94]]
-1 [ 44 591:591 [123, 95, 124, 100, 88, 107, 87, 96, 74, 101, 79, 78, 120, 82, 91, 81, 94]]

x[26575] = 1.0
Vehicle: 12  Cost: 54.92
Route: 1 -2 -1 
 1 [  0   0:  0 []]
-2 [ 44  27:387 [114, 105, 97, 122, 92, 80, 101, 78, 74, 96, 87, 91, 90, 98, 95]]
-1 [ 44 414:414 [114, 105, 97, 122, 92, 80, 101, 78, 74, 96, 87, 91, 90, 98, 95]]

x[30423] = 1.0
Vehicle: 14  Cost: 120.00
Route: 1 3 -3 -1 
 1 [ 75   0:  0 [33, 68, 10, 26, 44, 70, 49, 35, 51, 65, 69, 19, 12, 56, 58, 27, 67, 64, 37, 23, 4, 39, 31, 59, 21, 18, 54, 28, 17, 29, 22, 73, 43, 15]]
 3 [  0  60: 60 []]
-3 [ 47  60:513 [116, 118, 75, 109, 115, 112, 76, 84, 117, 108, 82, 102, 85, 103, 98, 89, 83, 99, 113, 110]]
-1 [ 47 573:573 [116, 118, 75, 109, 115, 112, 76, 84, 117, 108, 82, 102, 85, 103, 98, 89, 83, 99, 113, 110]]

x[37714] = 1.0
Vehicle: 15  Cost: 120.00
Route: 1 3 -3 -1 
 1 [ 16   0:  0 [6, 5, 8, 24, 9]]
 3 [  0  60: 60 []]
-3 [ 17  60:316 [93, 111, 121, 106, 86, 77, 119, 104]]
-1 [ 17 376:376 [93, 111, 121, 106, 86, 77, 119, 104]]

y[653] = 1.0
Vehicle: 205  Cost: 46.92
Route: 2 87 79 45 100 72 123 -2 
  2 [ 5 240:255]
 87 [ 9 262:267]
 79 [10 300:305]
 45 [ 6 314:319]
100 [ 7 319:324]
 72 [ 6 420:425]
123 [ 8 425:430]
 -2 [ 8 438:438]

y[1132] = 1.0
Vehicle: 206  Cost: 61.71
Route: 2 42 95 13 74 25 11 78 -2 
  2 [ 8  27: 42]
 42 [ 5  60: 65]
 95 [ 8  65: 70]
 13 [ 6  78: 83]
 74 [10  88: 93]
 25 [ 8 420:425]
 11 [ 7 433:438]
 78 [10 438:443]
 -2 [10 456:456]

y[1691] = 1.0
Vehicle: 301  Cost: 73.16
Route: 3 4 22 85 23 28 89 5 118 -3 
  3 [10  76: 91]
  4 [ 9  95:100]
 22 [ 5 108:113]
 85 [ 9 113:118]
 23 [ 8 140:145]
 28 [ 6 420:425]
 89 [ 7 425:430]
  5 [ 5 435:440]
118 [ 6 445:450]
 -3 [ 6 472:472]

y[1900] = 1.0
Vehicle: 311  Cost: 97.94
Route: 3 70 35 15 19 83 -3 
  3 [10 144:159]
 70 [ 8 198:203]
 35 [ 4 211:216]
 15 [ 3 300:305]
 19 [ 0 318:323]
 83 [ 2 323:328]
 -3 [ 2 363:363]

y[2034] = 1.0
Vehicle: 307  Cost: 117.72
Route: 3 29 37 64 110 24 115 98 -3 
  3 [ 9  60: 75]
 29 [ 8 117:122]
 37 [ 4 300:305]
 64 [ 3 315:320]
110 [ 7 320:325]
 24 [ 4 420:425]
115 [ 7 439:444]
 98 [ 9 456:461]
 -3 [ 9 488:488]

y[2891] = 1.0
Vehicle: 336  Cost: 85.90
Route: 3 33 113 26 10 44 99 75 -3 
  3 [10  76: 91]
 33 [ 9 109:114]
113 [10 300:305]
 26 [ 6 307:312]
 10 [ 4 319:324]
 44 [ 1 420:425]
 99 [ 3 425:430]
 75 [ 7 434:439]
 -3 [ 7 476:476]

y[4131] = 1.0
Vehicle: 309  Cost: 107.65
Route: 3 65 86 69 119 8 77 106 -3 
  3 [10  60: 75]
 65 [ 6  93: 98]
 86 [ 8 103:108]
 69 [ 5 127:132]
119 [ 7 132:137]
  8 [ 4 160:165]
 77 [ 6 165:170]
106 [ 8 182:187]
 -3 [ 8 218:218]

y[4153] = 1.0
Vehicle: 204  Cost: 85.69
Route: 2 92 114 16 90 30 -2 
  2 [ 5  27:155]
 92 [ 9 180:185]
114 [10 204:209]
 16 [ 6 300:305]
 90 [ 9 318:323]
 30 [ 8 323:328]
 -2 [ 8 350:350]

y[5198] = 1.0
Vehicle: 302  Cost: 139.26
Route: 3 39 21 18 59 108 6 76 112 67 -3 
  3 [10  60: 75]
 39 [ 9 107:112]
 21 [ 8 144:149]
 18 [ 7 300:305]
 59 [ 5 311:316]
108 [ 7 316:321]
  6 [ 3 331:336]
 76 [ 5 336:341]
112 [ 8 376:381]
 67 [ 7 381:386]
 -3 [ 7 395:395]

y[8986] = 1.0
Vehicle: 205  Cost: 86.42
Route: 2 7 66 122 97 40 -2 
  2 [10  27: 42]
  7 [ 7  62: 67]
 66 [ 3  77: 82]
122 [ 7  98:103]
 97 [ 9 107:112]
 40 [ 6 300:305]
 -2 [ 6 336:336]

y[9668] = 1.0
Vehicle: 201  Cost: 113.26
Route: 2 47 71 57 20 91 107 61 -2 
  2 [ 9  27: 42]
 47 [ 8  63: 68]
 71 [ 7  94: 99]
 57 [ 5 300:305]
 20 [ 3 420:425]
 91 [ 6 445:450]
107 [10 458:463]
 61 [ 7 472:477]
 -2 [ 7 493:493]

y[9941] = 1.0
Vehicle: 306  Cost: 136.06
Route: 3 43 17 68 51 104 93 121 111 -3 
  3 [10  60: 75]
 43 [ 9 117:122]
 17 [ 6 180:185]
 68 [ 4 189:194]
 51 [ 0 206:211]
104 [ 3 211:216]
 93 [ 4 230:235]
121 [ 8 241:246]
111 [ 9 268:273]
 -3 [ 9 301:301]

y[10810] = 1.0
Vehicle: 207  Cost: 133.09
Route: 2 62 96 46 50 88 120 -2 
  2 [10  27: 42]
 62 [ 7  70: 75]
 96 [10  81: 86]
 46 [ 6 180:185]
 50 [ 3 420:425]
 88 [ 5 440:445]
120 [ 7 462:467]
 -2 [ 7 503:503]

y[11904] = 1.0
Vehicle: 305  Cost: 10.00
Route: 3 54 -3 
  3 [ 4 566:581]
 54 [ 0 586:591]
 -3 [ 0 596:596]

y[12425] = 1.0
Vehicle: 308  Cost: 130.84
Route: 3 49 103 9 73 84 116 -3 
  3 [10  76: 91]
 49 [ 8 135:140]
103 [10 140:145]
  9 [ 6 300:305]
 73 [ 2 322:327]
 84 [ 4 420:425]
116 [ 8 458:463]
 -3 [ 8 480:480]

y[12576] = 1.0
Vehicle: 211  Cost: 116.96
Route: 2 52 81 14 32 124 82 48 101 -2 
  2 [10  27: 42]
 52 [ 6  79: 84]
 81 [10  90: 95]
 14 [ 8  95:100]
 32 [ 5 116:121]
124 [ 7 300:305]
 82 [ 8 420:425]
 48 [ 7 432:437]
101 [10 448:453]
 -2 [10 473:473]

y[12614] = 1.0
Vehicle: 301  Cost: 147.67
Route: 3 31 102 109 58 12 117 27 56 -3 
  3 [ 8  60: 75]
 31 [ 5 114:119]
102 [ 7 126:131]
109 [10 180:185]
 58 [ 8 300:305]
 12 [ 7 326:331]
117 [ 9 420:425]
 27 [ 8 439:444]
 56 [ 7 446:451]
 -3 [ 7 492:492]

y[12651] = 1.0
Vehicle: 202  Cost: 79.16
Route: 2 80 53 105 38 63 -2 
  2 [ 6  27:152]
 80 [10 180:185]
 53 [ 9 197:202]
105 [10 202:207]
 38 [ 7 300:305]
 63 [ 5 309:314]
 -2 [ 5 338:338]

y[12768] = 1.0
Vehicle: 204  Cost: 33.37
Route: 2 41 94 36 34 60 55 -2 
  2 [ 8  27:168]
 41 [ 7 180:185]
 94 [ 9 185:190]
 36 [ 8 194:199]
 34 [ 7 201:206]
 60 [ 4 300:305]
 55 [ 2 306:311]
 -2 [ 2 323:323]

FE: 4
SE: 19
!MIP-----
2152.632856871577,5401.302978038788,0.03845647034735728,4,19,40510,16538

Run: 3
Total Cost: 2243.58
Vehicle: 11  Cost: 54.92
Route: 1 2 -2 -1 
 1 [ 73   0:  0 [8, 36, 30, 31, 50, 53, 48, 34, 13, 71, 14, 40, 38, 7, 47, 11, 25, 20, 16, 52, 66, 46, 41, 57, 55, 72, 42, 32, 62, 60, 63, 61]]
 2 [  0  27: 27 []]
-2 [ 43  27:541 [95, 123, 81, 78, 90, 101, 120, 87, 96, 91, 88, 107, 94, 74, 79]]
-1 [ 43 569:569 [95, 123, 81, 78, 90, 101, 120, 87, 96, 91, 88, 107, 94, 74, 79]]

Vehicle: 12  Cost: 54.92
Route: 1 -2 -1 
 1 [  0   0:  0 []]
-2 [ 20  27:353 [106, 105, 77, 80, 122, 92, 97, 114]]
-1 [ 20 380:380 [106, 105, 77, 80, 122, 92, 97, 114]]

Vehicle: 13  Cost: 120.00
Route: 1 3 -3 -1 
 1 [ 75   0:  0 [4, 28, 35, 49, 26, 19, 5, 6, 10, 23, 45, 22, 39, 69, 70, 9, 51, 65, 67, 64, 27, 56, 21, 73, 68, 44, 43, 29, 37, 58, 59]]
 3 [  0  60: 60 []]
-3 [ 51  60:545 [103, 112, 117, 110, 75, 89, 104, 99, 76, 82, 98, 108, 102, 84, 93, 109, 116, 124, 115, 100, 85, 118]]
-1 [ 51 605:605 [103, 112, 117, 110, 75, 89, 104, 99, 76, 82, 98, 108, 102, 84, 93, 109, 116, 124, 115, 100, 85, 118]]

Vehicle: 14  Cost: 120.00
Route: 1 3 -3 -1 
 1 [ 14   0:  0 [15, 17, 18, 33, 24, 12, 54]]
 3 [  0  60: 60 []]
-3 [ 12  60:360 [119, 86, 113, 121, 83, 111]]
-1 [ 12 420:420 [119, 86, 113, 121, 83, 111]]

Vehicle: 201  Cost: 132.20
Route: 2 71 57 20 91 16 107 30 90 -2 
  2 [10  27: 42]
 71 [ 9  85: 90]
 57 [ 7 300:305]
 20 [ 5 420:425]
 91 [ 8 445:450]
 16 [ 4 465:470]
107 [ 8 483:488]
 30 [ 7 494:499]
 90 [10 499:504]
 -2 [10 526:526]

Vehicle: 202  Cost: 140.40
Route: 2 32 46 50 88 120 -2 
  2 [10  27: 42]
 32 [ 7  96:101]
 46 [ 3 180:185]
 50 [ 0 420:425]
 88 [ 2 440:445]
120 [ 4 462:467]
 -2 [ 4 503:503]

Vehicle: 203  Cost: 33.37
Route: 2 94 41 36 34 60 55 -2 
  2 [ 8  27:168]
 94 [10 180:185]
 41 [ 9 185:190]
 36 [ 8 194:199]
 34 [ 7 201:206]
 60 [ 4 300:305]
 55 [ 2 306:311]
 -2 [ 2 323:323]

Vehicle: 204  Cost: 79.16
Route: 2 80 53 105 38 63 -2 
  2 [ 6  27:152]
 80 [10 180:185]
 53 [ 9 197:202]
105 [10 202:207]
 38 [ 7 300:305]
 63 [ 5 309:314]
 -2 [ 5 338:338]

Vehicle: 205  Cost: 90.50
Route: 2 62 96 52 81 14 48 101 -2 
  2 [10  27: 42]
 62 [ 7  70: 75]
 96 [10  81: 86]
 52 [ 6  96:101]
 81 [10 108:113]
 14 [ 8 113:118]
 48 [ 7 300:305]
101 [10 316:321]
 -2 [10 341:341]

Vehicle: 206  Cost: 61.71
Route: 2 42 95 13 74 25 11 78 -2 
  2 [ 8  27: 42]
 42 [ 5  60: 65]
 95 [ 8  65: 70]
 13 [ 6  78: 83]
 74 [10  88: 93]
 25 [ 8 420:425]
 11 [ 7 433:438]
 78 [10 438:443]
 -2 [10 456:456]

Vehicle: 207  Cost: 52.73
Route: 2 87 72 123 79 61 -2 
  2 [ 4  27: 42]
 87 [ 8  49: 54]
 72 [ 7 420:425]
123 [ 9 425:430]
 79 [10 436:441]
 61 [ 7 461:466]
 -2 [ 7 482:482]

Vehicle: 208  Cost: 86.42
Route: 2 7 66 122 97 40 -2 
  2 [10  27: 42]
  7 [ 7  62: 67]
 66 [ 3  77: 82]
122 [ 7  98:103]
 97 [ 9 107:112]
 40 [ 6 300:305]
 -2 [ 6 336:336]

Vehicle: 216  Cost: 139.31
Route: 2 47 114 31 77 8 106 92 -2 
  2 [ 7  27: 42]
 47 [ 6  63: 68]
114 [ 7 180:185]
 31 [ 4 211:216]
 77 [ 6 231:236]
  8 [ 3 236:241]
106 [ 5 253:258]
 92 [ 9 282:287]
 -2 [ 9 311:311]

Vehicle: 301  Cost: 130.29
Route: 3 39 59 108 18 58 76 6 -3 
  3 [10  60: 75]
 39 [ 9 107:112]
 59 [ 7 300:305]
108 [ 9 305:310]
 18 [ 8 316:321]
 58 [ 6 345:350]
 76 [ 8 368:373]
  6 [ 4 373:378]
 -3 [ 4 417:417]

Vehicle: 302  Cost: 92.99
Route: 3 65 111 23 121 70 19 83 -3 
  3 [10  60: 75]
 65 [ 6  93: 98]
111 [ 7 107:112]
 23 [ 6 123:128]
121 [10 141:146]
 70 [ 8 146:151]
 19 [ 5 300:305]
 83 [ 7 305:310]
 -3 [ 7 345:345]

Vehicle: 303  Cost: 114.52
Route: 3 93 51 104 35 15 -3 
  3 [ 9  60:140]
 93 [10 180:185]
 51 [ 6 200:205]
104 [ 9 205:210]
 35 [ 5 221:226]
 15 [ 4 300:305]
 -3 [ 4 350:350]

Vehicle: 304  Cost: 27.80
Route: 3 4 22 85 54 -3 
  3 [ 9  60: 75]
  4 [ 8  79: 84]
 22 [ 4  92: 97]
 85 [ 8  97:102]
 54 [ 4 300:305]
 -3 [ 4 310:310]

Vehicle: 305  Cost: 142.00
Route: 3 43 68 17 9 84 98 116 -3 
  3 [10  60: 75]
 43 [ 9 117:122]
 68 [ 7 134:139]
 17 [ 4 180:185]
  9 [ 0 300:305]
 84 [ 2 420:425]
 98 [ 4 451:456]
116 [ 8 467:472]
 -3 [ 8 489:489]

Vehicle: 306  Cost: 76.92
Route: 3 86 69 119 26 113 -3 
  3 [ 7  60: 75]
 86 [ 9  92: 97]
 69 [ 6 117:122]
119 [ 8 122:127]
 26 [ 4 300:305]
113 [ 5 307:312]
 -3 [ 5 339:339]

Vehicle: 307  Cost: 134.39
Route: 3 29 37 24 64 110 124 82 115 -3 
  3 [ 9  60: 75]
 29 [ 8 117:122]
 37 [ 4 300:305]
 24 [ 1 420:425]
 64 [ 0 433:438]
110 [ 4 438:443]
124 [ 6 453:458]
 82 [ 7 477:482]
115 [10 487:492]
 -3 [10 530:530]

Vehicle: 308  Cost: 88.04
Route: 3 33 10 44 99 75 28 89 5 118 -3 
  3 [10  60: 75]
 33 [ 9  93: 98]
 10 [ 7 300:305]
 44 [ 4 420:425]
 99 [ 6 425:430]
 75 [10 434:439]
 28 [ 8 447:452]
 89 [ 9 452:457]
  5 [ 7 463:468]
118 [ 8 472:477]
 -3 [ 8 499:499]

Vehicle: 309  Cost: 103.99
Route: 3 49 103 73 100 45 -3 
  3 [10  60: 75]
 49 [ 8 119:124]
103 [10 124:129]
 73 [ 6 300:305]
100 [ 7 342:347]
 45 [ 3 347:352]
 -3 [ 3 364:364]

Vehicle: 310  Cost: 167.00
Route: 3 21 109 102 12 117 27 56 67 112 -3 
  3 [ 5  60: 75]
 21 [ 4 137:142]
109 [ 7 180:185]
102 [ 9 197:202]
 12 [ 8 300:305]
117 [10 420:425]
 27 [ 9 439:444]
 56 [ 8 446:451]
 67 [ 7 486:491]
112 [10 491:496]
 -3 [10 506:506]

Total Cost: 2243.58
 11:54.92, 73:75 [1, 2, -2, -1]
 12:54.92, 20:75 [1, -2, -1]
 13:120.00, 75:75 [1, 3, -3, -1]
 14:120.00, 14:75 [1, 3, -3, -1]
201:132.20, 10:10 [2, 71, 57, 20, 91, 16, 107, 30, 90, -2]
202:140.40, 10:10 [2, 32, 46, 50, 88, 120, -2]
203:33.37, 10:10 [2, 94, 41, 36, 34, 60, 55, -2]
204:79.16, 10:10 [2, 80, 53, 105, 38, 63, -2]
205:90.50, 10:10 [2, 62, 96, 52, 81, 14, 48, 101, -2]
206:61.71, 10:10 [2, 42, 95, 13, 74, 25, 11, 78, -2]
207:52.73, 10:10 [2, 87, 72, 123, 79, 61, -2]
208:86.42, 10:10 [2, 7, 66, 122, 97, 40, -2]
216:139.31, 9:10 [2, 47, 114, 31, 77, 8, 106, 92, -2]
301:130.29, 10:10 [3, 39, 59, 108, 18, 58, 76, 6, -3]
302:92.99, 10:10 [3, 65, 111, 23, 121, 70, 19, 83, -3]
303:114.52, 10:10 [3, 93, 51, 104, 35, 15, -3]
304:27.80, 9:10 [3, 4, 22, 85, 54, -3]
305:142.00, 10:10 [3, 43, 68, 17, 9, 84, 98, 116, -3]
306:76.92, 9:10 [3, 86, 69, 119, 26, 113, -3]
307:134.39, 10:10 [3, 29, 37, 24, 64, 110, 124, 82, 115, -3]
308:88.04, 10:10 [3, 33, 10, 44, 99, 75, 28, 89, 5, 118, -3]
309:103.99, 10:10 [3, 49, 103, 73, 100, 45, -3]
310:167.00, 10:10 [3, 21, 109, 102, 12, 117, 27, 56, 67, 112, -3]
fe: 4, se: 19

!ALNS------------
100000,2243.575499564612,412.174,381.924,4,19,0.6066666666666667,0.9842105263157894,30.25,6.368421052631579
18 19 11 10 0 0 5 0 
19.21250795033287 40.7479361825377 26.18373932495412 27.181268676700746 NaN 40.32959579997487 23.530355952593784 30.610718666577032 
8 3 5 5 11 8 18 5 
22.176892418056383 27.793408612573735 27.814856644514844 30.141133892914954 29.917400020475814 28.693634267205713 27.61836187090247 32.86125264439105 

x[11893] = 1.0
Vehicle: 13  Cost: 120.00
Route: 1 3 -3 -1 
 1 [  7   0:  0 [6, 24]]
 3 [  0  60: 60 []]
-3 [ 33  60:360 [106, 105, 83, 80, 92, 109, 119, 101, 77, 121, 111, 97, 102, 114]]
-1 [ 33 420:420 [106, 105, 83, 80, 92, 109, 119, 101, 77, 121, 111, 97, 102, 114]]

x[17046] = 1.0
Vehicle: 11  Cost: 54.92
Route: 1 2 -2 -1 
 1 [ 71   0:  0 [53, 72, 41, 66, 52, 20, 13, 7, 30, 46, 11, 25, 36, 50, 62, 48, 60, 45, 63, 61, 57, 14, 38, 40, 16, 42, 32, 55, 71, 34, 47]]
 2 [  0  27: 27 []]
-2 [ 48  27:562 [88, 78, 95, 91, 96, 79, 94, 101, 123, 120, 90, 87, 107, 81, 80, 74, 100]]
-1 [ 48 589:589 [88, 78, 95, 91, 96, 79, 94, 101, 123, 120, 90, 87, 107, 81, 80, 74, 100]]

x[20203] = 1.0
Vehicle: 12  Cost: 54.92
Route: 1 -2 -1 
 1 [  0   0:  0 []]
-2 [ 45  27:390 [97, 87, 90, 122, 96, 94, 114, 80, 105, 107, 78, 91, 92, 74, 101]]
-1 [ 45 418:418 [97, 87, 90, 122, 96, 94, 114, 80, 105, 107, 78, 91, 92, 74, 101]]

x[21322] = 1.0
Vehicle: 13  Cost: 120.00
Route: 1 3 -3 -1 
 1 [ 75   0:  0 [31, 35, 27, 43, 37, 17, 33, 44, 49, 54, 64, 15, 68, 58, 56, 26, 21, 59, 8, 51, 12, 67, 29, 5, 18, 10, 9, 28, 73, 65, 23, 69, 39, 4]]
 3 [  0  60: 60 []]
-3 [ 52  60:545 [112, 104, 99, 100, 124, 85, 75, 82, 103, 76, 116, 102, 93, 113, 118, 110, 108, 89, 117, 98, 109, 115, 84]]
-1 [ 52 605:605 [112, 104, 99, 100, 124, 85, 75, 82, 103, 76, 116, 102, 93, 113, 118, 110, 108, 89, 117, 98, 109, 115, 84]]

x[25169] = 1.0
Vehicle: 14  Cost: 120.00
Route: 1 3 -3 -1 
 1 [  9   0:  0 [70, 19, 22]]
 3 [  0  60: 60 []]
-3 [ 12  60:360 [119, 113, 83, 121, 86, 111]]
-1 [ 12 420:420 [119, 113, 83, 121, 86, 111]]

y[147] = 1.0
Vehicle: 208  Cost: 86.42
Route: 2 7 66 122 97 40 -2 
  2 [10 108:123]
  7 [ 7 143:148]
 66 [ 3 157:162]
122 [ 7 179:184]
 97 [ 9 188:193]
 40 [ 6 300:305]
 -2 [ 6 336:336]

y[1904] = 1.0
Vehicle: 207  Cost: 46.92
Route: 2 87 79 45 100 72 123 -2 
  2 [ 5  27: 42]
 87 [ 9  49: 54]
 79 [10 300:305]
 45 [ 6 314:319]
100 [ 7 319:324]
 72 [ 6 420:425]
123 [ 8 425:430]
 -2 [ 8 438:438]

y[2562] = 1.0
Vehicle: 305  Cost: 10.00
Route: 3 54 -3 
  3 [ 4 422:437]
 54 [ 0 442:447]
 -3 [ 0 452:452]

y[3960] = 1.0
Vehicle: 302  Cost: 107.65
Route: 3 65 86 69 119 77 8 106 -3 
  3 [10  60: 75]
 65 [ 6  93: 98]
 86 [ 8 103:108]
 69 [ 5 127:132]
119 [ 7 132:137]
 77 [ 9 160:165]
  8 [ 6 165:170]
106 [ 8 182:187]
 -3 [ 8 218:218]

y[3979] = 1.0
Vehicle: 216  Cost: 85.69
Route: 2 92 114 16 90 30 -2 
  2 [ 5  27:155]
 92 [ 9 180:185]
114 [10 204:209]
 16 [ 6 300:305]
 90 [ 9 318:323]
 30 [ 8 323:328]
 -2 [ 8 350:350]

y[4973] = 1.0
Vehicle: 307  Cost: 139.26
Route: 3 39 21 18 59 108 6 76 112 67 -3 
  3 [10  60: 75]
 39 [ 9 107:112]
 21 [ 8 144:149]
 18 [ 7 300:305]
 59 [ 5 311:316]
108 [ 7 316:321]
  6 [ 3 331:336]
 76 [ 5 336:341]
112 [ 8 376:381]
 67 [ 7 381:386]
 -3 [ 7 395:395]

y[6381] = 1.0
Vehicle: 302  Cost: 125.09
Route: 3 43 17 68 51 104 93 121 -3 
  3 [10  60: 75]
 43 [ 9 117:122]
 17 [ 6 180:185]
 68 [ 4 189:194]
 51 [ 0 206:211]
104 [ 3 211:216]
 93 [ 4 230:235]
121 [ 8 241:246]
 -3 [ 8 285:285]

y[7466] = 1.0
Vehicle: 307  Cost: 97.94
Route: 3 70 35 15 83 19 -3 
  3 [10  60: 75]
 70 [ 8 113:118]
 35 [ 4 126:131]
 15 [ 3 300:305]
 83 [ 5 318:323]
 19 [ 2 323:328]
 -3 [ 2 363:363]

y[7906] = 1.0
Vehicle: 202  Cost: 140.40
Route: 2 32 46 50 88 120 -2 
  2 [10  27: 42]
 32 [ 7  96:101]
 46 [ 3 180:185]
 50 [ 0 420:425]
 88 [ 2 440:445]
120 [ 4 462:467]
 -2 [ 4 503:503]

y[9085] = 1.0
Vehicle: 307  Cost: 134.39
Route: 3 29 37 24 64 110 124 82 115 -3 
  3 [ 9 120:135]
 29 [ 8 177:182]
 37 [ 4 300:305]
 24 [ 1 420:425]
 64 [ 0 433:438]
110 [ 4 438:443]
124 [ 6 453:458]
 82 [ 7 477:482]
115 [10 487:492]
 -3 [10 530:530]

y[9225] = 1.0
Vehicle: 201  Cost: 113.26
Route: 2 47 71 57 20 91 107 61 -2 
  2 [ 9  27: 42]
 47 [ 8  63: 68]
 71 [ 7  94: 99]
 57 [ 5 300:305]
 20 [ 3 420:425]
 91 [ 6 445:450]
107 [10 458:463]
 61 [ 7 472:477]
 -2 [ 7 493:493]

y[9913] = 1.0
Vehicle: 206  Cost: 90.50
Route: 2 62 96 52 14 81 48 101 -2 
  2 [10  27: 42]
 62 [ 7  70: 75]
 96 [10  81: 86]
 52 [ 6  96:101]
 14 [ 4 108:113]
 81 [ 8 113:118]
 48 [ 7 300:305]
101 [10 316:321]
 -2 [10 341:341]

y[11678] = 1.0
Vehicle: 308  Cost: 88.04
Route: 3 33 10 44 99 75 28 89 5 118 -3 
  3 [10  76: 91]
 33 [ 9 109:114]
 10 [ 7 300:305]
 44 [ 4 420:425]
 99 [ 6 425:430]
 75 [10 434:439]
 28 [ 8 447:452]
 89 [ 9 452:457]
  5 [ 7 463:468]
118 [ 8 472:477]
 -3 [ 8 499:499]

y[11929] = 1.0
Vehicle: 310  Cost: 147.67
Route: 3 31 102 109 58 12 117 27 56 -3 
  3 [ 8  60: 75]
 31 [ 5 114:119]
102 [ 7 126:131]
109 [10 180:185]
 58 [ 8 300:305]
 12 [ 7 326:331]
117 [ 9 420:425]
 27 [ 8 439:444]
 56 [ 7 446:451]
 -3 [ 7 492:492]

y[12057] = 1.0
Vehicle: 203  Cost: 33.37
Route: 2 41 94 36 34 60 55 -2 
  2 [ 8  27:168]
 41 [ 7 180:185]
 94 [ 9 185:190]
 36 [ 8 194:199]
 34 [ 7 201:206]
 60 [ 4 300:305]
 55 [ 2 306:311]
 -2 [ 2 323:323]

y[12511] = 1.0
Vehicle: 204  Cost: 79.16
Route: 2 80 53 105 38 63 -2 
  2 [ 6 108:152]
 80 [10 180:185]
 53 [ 9 197:202]
105 [10 202:207]
 38 [ 7 300:305]
 63 [ 5 309:314]
 -2 [ 5 338:338]

y[13350] = 1.0
Vehicle: 206  Cost: 61.71
Route: 2 42 95 13 74 25 11 78 -2 
  2 [ 8 108:123]
 42 [ 5 141:146]
 95 [ 8 146:151]
 13 [ 6 158:163]
 74 [10 168:173]
 25 [ 8 420:425]
 11 [ 7 433:438]
 78 [10 438:443]
 -2 [10 456:456]

y[14338] = 1.0
Vehicle: 305  Cost: 134.86
Route: 3 49 103 9 73 84 98 116 -3 
  3 [10  60: 75]
 49 [ 8 119:124]
103 [10 124:129]
  9 [ 6 300:305]
 73 [ 2 322:327]
 84 [ 4 420:425]
 98 [ 6 451:456]
116 [10 467:472]
 -3 [10 489:489]

y[14558] = 1.0
Vehicle: 306  Cost: 81.12
Route: 3 4 22 85 23 111 26 113 -3 
  3 [10  60: 75]
  4 [ 9  79: 84]
 22 [ 5  92: 97]
 85 [ 9  97:102]
 23 [ 8 124:129]
111 [ 9 140:145]
 26 [ 5 300:305]
113 [ 6 307:312]
 -3 [ 6 339:339]

FE: 5
SE: 19
!MIP-----
2273.2910117627025,5401.520270109177,0.08542088366019981,5,19,36644,15634

Run: 4
Total Cost: 2172.02
Vehicle: 11  Cost: 54.92
Route: 1 2 -2 -1 
 1 [ 66   0:  0 [57, 53, 60, 66, 55, 34, 20, 41, 52, 32, 48, 42, 71, 14, 50, 30, 13, 11, 63, 61, 7, 46, 25, 38, 47, 36, 16, 40, 62]]
 2 [  0  27: 27 []]
-2 [ 36  27:518 [95, 81, 107, 88, 74, 94, 101, 78, 91, 124, 96, 120, 82]]
-1 [ 36 545:545 [95, 81, 107, 88, 74, 94, 101, 78, 91, 124, 96, 120, 82]]

Vehicle: 12  Cost: 54.92
Route: 1 -2 -1 
 1 [  0   0:  0 []]
-2 [ 23  27:365 [114, 105, 87, 90, 80, 92, 122, 97]]
-1 [ 23 392:392 [114, 105, 87, 90, 80, 92, 122, 97]]

Vehicle: 14  Cost: 120.00
Route: 1 3 -3 -1 
 1 [ 75   0:  0 [44, 67, 12, 58, 10, 31, 26, 24, 72, 45, 37, 4, 5, 27, 29, 33, 19, 15, 56, 70, 51, 17, 68, 65, 64, 54, 35, 23, 21, 18, 59, 6, 8]]
 3 [  0  60: 60 []]
-3 [ 49  60:529 [123, 103, 116, 83, 112, 117, 75, 115, 100, 79, 89, 99, 102, 110, 113, 109, 85, 98, 84, 108, 76]]
-1 [ 49 589:589 [123, 103, 116, 83, 112, 117, 75, 115, 100, 79, 89, 99, 102, 110, 113, 109, 85, 98, 84, 108, 76]]

Vehicle: 15  Cost: 120.00
Route: 1 3 -3 -1 
 1 [ 21   0:  0 [28, 49, 43, 73, 22, 9, 69, 39]]
 3 [  0  60: 60 []]
-3 [ 18  60:342 [93, 106, 104, 121, 118, 111, 86, 77, 119]]
-1 [ 18 402:402 [93, 106, 104, 121, 118, 111, 86, 77, 119]]

Vehicle: 201  Cost: 133.09
Route: 2 62 96 46 50 88 120 -2 
  2 [10  27: 42]
 62 [ 7  70: 75]
 96 [10  81: 86]
 46 [ 6 180:185]
 50 [ 3 420:425]
 88 [ 5 440:445]
120 [ 7 462:467]
 -2 [ 7 503:503]

Vehicle: 202  Cost: 72.05
Route: 2 80 53 105 60 55 -2 
  2 [ 6  27:152]
 80 [10 180:185]
 53 [ 9 197:202]
105 [10 202:207]
 60 [ 7 300:305]
 55 [ 5 306:311]
 -2 [ 5 323:323]

Vehicle: 203  Cost: 113.26
Route: 2 47 71 57 20 91 107 61 -2 
  2 [ 9  27: 42]
 47 [ 8  63: 68]
 71 [ 7  94: 99]
 57 [ 5 300:305]
 20 [ 3 420:425]
 91 [ 6 445:450]
107 [10 458:463]
 61 [ 7 472:477]
 -2 [ 7 493:493]

Vehicle: 204  Cost: 116.96
Route: 2 52 14 81 32 124 82 48 101 -2 
  2 [10  27: 42]
 52 [ 6  79: 84]
 14 [ 4  90: 95]
 81 [ 8  95:100]
 32 [ 5 116:121]
124 [ 7 300:305]
 82 [ 8 420:425]
 48 [ 7 432:437]
101 [10 448:453]
 -2 [10 473:473]

Vehicle: 205  Cost: 61.71
Route: 2 42 95 13 74 25 11 78 -2 
  2 [ 8  27: 42]
 42 [ 5  60: 65]
 95 [ 8  65: 70]
 13 [ 6  78: 83]
 74 [10  88: 93]
 25 [ 8 420:425]
 11 [ 7 433:438]
 78 [10 438:443]
 -2 [10 456:456]

Vehicle: 206  Cost: 88.99
Route: 2 36 34 7 97 122 66 87 -2 
  2 [ 9  27:168]
 36 [ 8 180:185]
 34 [ 7 187:192]
  7 [ 4 199:204]
 97 [ 6 219:224]
122 [10 228:233]
 66 [ 6 249:254]
 87 [10 281:286]
 -2 [10 292:292]

Vehicle: 208  Cost: 85.69
Route: 2 92 114 16 30 90 -2 
  2 [ 5  27:155]
 92 [ 9 180:185]
114 [10 204:209]
 16 [ 6 300:305]
 30 [ 5 318:323]
 90 [ 8 323:328]
 -2 [ 8 350:350]

Vehicle: 210  Cost: 62.95
Route: 2 41 94 38 40 63 -2 
  2 [ 9  27:168]
 41 [ 8 180:185]
 94 [10 185:190]
 38 [ 7 300:305]
 40 [ 4 315:320]
 63 [ 2 327:332]
 -2 [ 2 356:356]

Vehicle: 301  Cost: 169.65
Route: 3 39 21 109 58 18 108 59 112 67 -3 
  3 [ 8  60: 75]
 39 [ 7 107:112]
 21 [ 6 144:149]
109 [ 9 180:185]
 58 [ 7 300:305]
 18 [ 6 328:333]
108 [ 8 340:345]
 59 [ 6 345:350]
112 [ 9 390:395]
 67 [ 8 395:400]
 -3 [ 8 409:409]

Vehicle: 302  Cost: 72.85
Route: 3 4 22 85 23 89 28 5 -3 
  3 [10  60: 75]
  4 [ 9  79: 84]
 22 [ 5  92: 97]
 85 [ 9  97:102]
 23 [ 8 124:129]
 89 [ 9 420:425]
 28 [ 7 425:430]
  5 [ 5 435:440]
 -3 [ 5 467:467]

Vehicle: 303  Cost: 134.86
Route: 3 49 103 9 73 84 98 116 -3 
  3 [10  60: 75]
 49 [ 8 119:124]
103 [10 124:129]
  9 [ 6 300:305]
 73 [ 2 322:327]
 84 [ 4 420:425]
 98 [ 6 451:456]
116 [10 467:472]
 -3 [10 489:489]

Vehicle: 304  Cost: 29.53
Route: 3 54 100 45 -3 
  3 [ 8  60:295]
 54 [ 4 300:305]
100 [ 5 317:322]
 45 [ 1 322:327]
 -3 [ 1 340:340]

Vehicle: 305  Cost: 85.90
Route: 3 33 113 26 10 99 44 75 -3 
  3 [10  60: 75]
 33 [ 9  93: 98]
113 [10 300:305]
 26 [ 6 307:312]
 10 [ 4 319:324]
 99 [ 6 420:425]
 44 [ 3 425:430]
 75 [ 7 434:439]
 -3 [ 7 476:476]

Vehicle: 306  Cost: 97.94
Route: 3 70 35 15 19 83 -3 
  3 [10  60: 75]
 70 [ 8 113:118]
 35 [ 4 126:131]
 15 [ 3 300:305]
 19 [ 0 318:323]
 83 [ 2 323:328]
 -3 [ 2 363:363]

Vehicle: 309  Cost: 107.65
Route: 3 65 86 69 119 8 77 106 -3 
  3 [10  60: 75]
 65 [ 6  93: 98]
 86 [ 8 103:108]
 69 [ 5 127:132]
119 [ 7 132:137]
  8 [ 4 160:165]
 77 [ 6 165:170]
106 [ 8 182:187]
 -3 [ 8 218:218]

Vehicle: 310  Cost: 136.36
Route: 3 43 17 68 51 104 93 121 111 118 -3 
  3 [10  60: 75]
 43 [ 9 117:122]
 17 [ 6 180:185]
 68 [ 4 189:194]
 51 [ 0 206:211]
104 [ 3 211:216]
 93 [ 4 230:235]
121 [ 8 241:246]
111 [ 9 268:273]
118 [10 300:305]
 -3 [10 327:327]

Vehicle: 311  Cost: 134.29
Route: 3 29 37 64 110 24 115 72 123 79 -3 
  3 [10  60: 75]
 29 [ 9 117:122]
 37 [ 5 300:305]
 64 [ 4 315:320]
110 [ 8 320:325]
 24 [ 5 420:425]
115 [ 8 439:444]
 72 [ 7 474:479]
123 [ 9 479:484]
 79 [10 490:495]
 -3 [10 514:514]

Vehicle: 313  Cost: 118.44
Route: 3 31 102 12 117 27 56 76 6 -3 
  3 [10  60: 75]
 31 [ 7 114:119]
102 [ 9 126:131]
 12 [ 8 300:305]
117 [10 420:425]
 27 [ 9 439:444]
 56 [ 8 446:451]
 76 [10 457:462]
  6 [ 6 462:467]
 -3 [ 6 507:507]

Total Cost: 2172.02
 11:54.92, 66:75 [1, 2, -2, -1]
 12:54.92, 23:75 [1, -2, -1]
 14:120.00, 75:75 [1, 3, -3, -1]
 15:120.00, 21:75 [1, 3, -3, -1]
201:133.09, 10:10 [2, 62, 96, 46, 50, 88, 120, -2]
202:72.05, 10:10 [2, 80, 53, 105, 60, 55, -2]
203:113.26, 10:10 [2, 47, 71, 57, 20, 91, 107, 61, -2]
204:116.96, 10:10 [2, 52, 14, 81, 32, 124, 82, 48, 101, -2]
205:61.71, 10:10 [2, 42, 95, 13, 74, 25, 11, 78, -2]
206:88.99, 10:10 [2, 36, 34, 7, 97, 122, 66, 87, -2]
208:85.69, 10:10 [2, 92, 114, 16, 30, 90, -2]
210:62.95, 10:10 [2, 41, 94, 38, 40, 63, -2]
301:169.65, 9:10 [3, 39, 21, 109, 58, 18, 108, 59, 112, 67, -3]
302:72.85, 10:10 [3, 4, 22, 85, 23, 89, 28, 5, -3]
303:134.86, 10:10 [3, 49, 103, 9, 73, 84, 98, 116, -3]
304:29.53, 8:10 [3, 54, 100, 45, -3]
305:85.90, 10:10 [3, 33, 113, 26, 10, 99, 44, 75, -3]
306:97.94, 10:10 [3, 70, 35, 15, 19, 83, -3]
309:107.65, 10:10 [3, 65, 86, 69, 119, 8, 77, 106, -3]
310:136.36, 10:10 [3, 43, 17, 68, 51, 104, 93, 121, 111, 118, -3]
311:134.29, 10:10 [3, 29, 37, 64, 110, 24, 115, 72, 123, 79, -3]
313:118.44, 10:10 [3, 31, 102, 12, 117, 27, 56, 76, 6, -3]
fe: 4, se: 18

!ALNS------------
100000,2172.0220316764594,400.281,259.54,4,18,0.6166666666666667,0.9833333333333333,30.25,6.722222222222222
16 29 22 10 0 0 13 4 
13.61598942912747 44.68218167850116 25.313851352496524 24.09521322241171 NaN 14.09742213881691 22.178004913621113 33.969996597120605 
9 15 10 12 13 9 19 7 
38.918130219412326 23.451328614573022 32.97497150860441 26.15825229679986 25.45078610741881 23.67410631295694 23.83194487610975 26.994588343631158 

x[1898] = 1.0
Vehicle: 15  Cost: 120.00
Route: 1 3 -3 -1 
 1 [ 21   0:  0 [5, 54, 31, 56, 28, 22, 27, 19, 15]]
 3 [  0  60: 60 []]
-3 [ 18  60:342 [93, 86, 104, 121, 111, 119, 77, 106, 118]]
-1 [ 18 402:402 [93, 86, 104, 121, 111, 119, 77, 106, 118]]

x[5006] = 1.0
Vehicle: 12  Cost: 54.92
Route: 1 -2 -1 
 1 [  0   0:  0 []]
-2 [ 46  27:384 [90, 97, 122, 92, 80, 114, 107, 95, 74, 96, 87, 105, 124, 81, 101]]
-1 [ 46 412:412 [90, 97, 122, 92, 80, 114, 107, 95, 74, 96, 87, 105, 124, 81, 101]]

x[17687] = 1.0
Vehicle: 11  Cost: 54.92
Route: 1 2 -2 -1 
 1 [ 66   0:  0 [36, 50, 11, 46, 25, 53, 34, 41, 38, 20, 47, 32, 60, 63, 48, 62, 57, 30, 55, 52, 42, 14, 61, 7, 66, 40, 71, 16, 13]]
 2 [  0  27: 27 []]
-2 [ 42  27:384 [94, 105, 80, 122, 114, 81, 97, 92, 74, 90, 101, 95, 87, 96]]
-1 [ 42 411:411 [94, 105, 80, 122, 114, 81, 97, 92, 74, 90, 101, 95, 87, 96]]

x[25335] = 1.0
Vehicle: 14  Cost: 120.84
Route: 1 3 -3 -2 -1 
 1 [ 75   0:  0 [51, 69, 17, 43, 49, 67, 65, 24, 68, 26, 58, 37, 23, 72, 18, 73, 10, 21, 45, 44, 64, 59, 29, 8, 6, 9, 33, 4, 12, 39, 35, 70]]
 3 [  0  60: 60 []]
-3 [ 49  60:529 [99, 89, 110, 123, 116, 76, 98, 79, 84, 112, 83, 85, 113, 108, 109, 75, 102, 100, 117, 103, 115]]
-2 [ 66 563:578 [99, 89, 110, 123, 116, 76, 98, 79, 84, 112, 88, 83, 85, 78, 124, 82, 91, 120, 113, 108, 109, 75, 107, 102, 100, 117, 103, 115]]
-1 [ 66 605:605 [99, 89, 110, 123, 116, 76, 98, 79, 84, 112, 88, 83, 85, 78, 124, 82, 91, 120, 113, 108, 109, 75, 107, 102, 100, 117, 103, 115]]

y[210] = 1.0
Vehicle: 205  Cost: 29.00
Route: 2 94 41 36 55 60 -2 
  2 [ 7  27:168]
 94 [ 9 180:185]
 41 [ 8 185:190]
 36 [ 7 194:199]
 55 [ 5 300:305]
 60 [ 2 306:311]
 -2 [ 2 324:324]

y[1596] = 1.0
Vehicle: 306  Cost: 97.94
Route: 3 70 35 15 19 83 -3 
  3 [10  76: 91]
 70 [ 8 129:134]
 35 [ 4 142:147]
 15 [ 3 300:305]
 19 [ 0 318:323]
 83 [ 2 323:328]
 -3 [ 2 363:363]

y[2875] = 1.0
Vehicle: 305  Cost: 85.90
Route: 3 33 113 26 10 44 99 75 -3 
  3 [10  76: 91]
 33 [ 9 109:114]
113 [10 300:305]
 26 [ 6 307:312]
 10 [ 4 319:324]
 44 [ 1 420:425]
 99 [ 3 425:430]
 75 [ 7 434:439]
 -3 [ 7 476:476]

y[3510] = 1.0
Vehicle: 302  Cost: 72.85
Route: 3 4 22 85 23 89 28 5 -3 
  3 [10  60: 75]
  4 [ 9  79: 84]
 22 [ 5  92: 97]
 85 [ 9  97:102]
 23 [ 8 124:129]
 89 [ 9 420:425]
 28 [ 7 425:430]
  5 [ 5 435:440]
 -3 [ 5 467:467]

y[4082] = 1.0
Vehicle: 309  Cost: 107.65
Route: 3 65 86 119 69 77 8 106 -3 
  3 [10  60: 75]
 65 [ 6  93: 98]
 86 [ 8 103:108]
119 [10 127:132]
 69 [ 7 132:137]
 77 [ 9 160:165]
  8 [ 6 165:170]
106 [ 8 182:187]
 -3 [ 8 218:218]

y[4104] = 1.0
Vehicle: 205  Cost: 85.69
Route: 2 92 114 16 30 90 -2 
  2 [ 5  27:155]
 92 [ 9 180:185]
114 [10 204:209]
 16 [ 6 300:305]
 30 [ 5 318:323]
 90 [ 8 323:328]
 -2 [ 8 350:350]

y[5101] = 1.0
Vehicle: 301  Cost: 139.26
Route: 3 39 21 18 108 59 76 6 112 67 -3 
  3 [10  60: 75]
 39 [ 9 107:112]
 21 [ 8 144:149]
 18 [ 7 300:305]
108 [ 9 311:316]
 59 [ 7 316:321]
 76 [ 9 331:336]
  6 [ 5 336:341]
112 [ 8 376:381]
 67 [ 7 381:386]
 -3 [ 7 395:395]

y[5195] = 1.0
Vehicle: 310  Cost: 136.36
Route: 3 43 17 68 51 104 93 121 111 118 -3 
  3 [10  76: 91]
 43 [ 9 133:138]
 17 [ 6 180:185]
 68 [ 4 189:194]
 51 [ 0 206:211]
104 [ 3 211:216]
 93 [ 4 230:235]
121 [ 8 241:246]
111 [ 9 268:273]
118 [10 300:305]
 -3 [10 327:327]

y[6476] = 1.0
Vehicle: 304  Cost: 29.53
Route: 3 54 100 45 -3 
  3 [ 8 413:428]
 54 [ 4 433:438]
100 [ 5 450:455]
 45 [ 1 455:460]
 -3 [ 1 472:472]

y[6988] = 1.0
Vehicle: 201  Cost: 133.09
Route: 2 62 96 46 50 88 120 -2 
  2 [10 108:123]
 62 [ 7 151:156]
 96 [10 162:167]
 46 [ 6 196:201]
 50 [ 3 420:425]
 88 [ 5 440:445]
120 [ 7 462:467]
 -2 [ 7 503:503]

y[7743] = 1.0
Vehicle: 311  Cost: 134.29
Route: 3 29 37 64 110 24 115 72 123 79 -3 
  3 [10  76: 91]
 29 [ 9 133:138]
 37 [ 5 300:305]
 64 [ 4 315:320]
110 [ 8 320:325]
 24 [ 5 420:425]
115 [ 8 439:444]
 72 [ 7 474:479]
123 [ 9 479:484]
 79 [10 490:495]
 -3 [10 514:514]

y[12148] = 1.0
Vehicle: 203  Cost: 107.11
Route: 2 40 57 20 91 107 61 -2 
  2 [10  27:269]
 40 [ 7 300:305]
 57 [ 5 324:329]
 20 [ 3 420:425]
 91 [ 6 445:450]
107 [10 458:463]
 61 [ 7 472:477]
 -2 [ 7 493:493]

y[12379] = 1.0
Vehicle: 204  Cost: 116.96
Route: 2 52 81 14 32 124 82 48 101 -2 
  2 [10  27: 42]
 52 [ 6  79: 84]
 81 [10  90: 95]
 14 [ 8  95:100]
 32 [ 5 116:121]
124 [ 7 300:305]
 82 [ 8 420:425]
 48 [ 7 432:437]
101 [10 448:453]
 -2 [10 473:473]

y[12422] = 1.0
Vehicle: 313  Cost: 147.67
Route: 3 31 102 109 58 12 117 27 56 -3 
  3 [ 8  60: 75]
 31 [ 5 114:119]
102 [ 7 126:131]
109 [10 180:185]
 58 [ 8 300:305]
 12 [ 7 326:331]
117 [ 9 420:425]
 27 [ 8 439:444]
 56 [ 7 446:451]
 -3 [ 7 492:492]

y[12454] = 1.0
Vehicle: 204  Cost: 79.16
Route: 2 80 53 105 38 63 -2 
  2 [ 6  27:152]
 80 [10 180:185]
 53 [ 9 197:202]
105 [10 202:207]
 38 [ 7 300:305]
 63 [ 5 309:314]
 -2 [ 5 338:338]

y[14004] = 1.0
Vehicle: 205  Cost: 61.71
Route: 2 42 95 13 74 25 11 78 -2 
  2 [ 8 108:123]
 42 [ 5 141:146]
 95 [ 8 146:151]
 13 [ 6 158:163]
 74 [10 168:173]
 25 [ 8 420:425]
 11 [ 7 433:438]
 78 [10 438:443]
 -2 [10 456:456]

y[14351] = 1.0
Vehicle: 212  Cost: 108.79
Route: 2 47 66 71 122 97 7 34 87 -2 
  2 [10  27: 42]
 47 [ 9  63: 68]
 66 [ 5  79: 84]
 71 [ 4 100:105]
122 [ 8 118:123]
 97 [10 128:133]
  7 [ 7 148:153]
 34 [ 6 180:185]
 87 [10 201:206]
 -2 [10 212:212]

y[14981] = 1.0
Vehicle: 303  Cost: 134.86
Route: 3 49 103 9 73 84 98 116 -3 
  3 [10  60: 75]
 49 [ 8 119:124]
103 [10 124:129]
  9 [ 6 300:305]
 73 [ 2 322:327]
 84 [ 4 420:425]
 98 [ 6 451:456]
116 [10 467:472]
 -3 [10 489:489]

FE: 4
SE: 18
!MIP-----
2158.4885987246653,5406.322926998138,0.0462334471715202,4,18,42389,16289

Run: 5
Total Cost: 2157.07
Vehicle: 11  Cost: 54.92
Route: 1 2 -2 -1 
 1 [ 74   0:  0 [53, 38, 24, 60, 14, 57, 46, 48, 47, 72, 34, 41, 66, 50, 37, 7, 36, 32, 16, 25, 61, 64, 13, 71, 62, 63, 40, 52, 30, 11, 29, 42, 20]]
 2 [  0  27: 27 []]
-2 [ 48  27:518 [79, 115, 120, 110, 82, 87, 124, 88, 95, 81, 78, 96, 123, 101, 91, 107, 74]]
-1 [ 48 546:546 [79, 115, 120, 110, 82, 87, 124, 88, 95, 81, 78, 96, 123, 101, 91, 107, 74]]

Vehicle: 12  Cost: 54.92
Route: 1 2 -2 -1 
 1 [  2   0:  0 [55]]
 2 [  0  27: 27 []]
-2 [ 21  27:365 [105, 80, 97, 94, 92, 90, 114, 122]]
-1 [ 21 392:392 [105, 80, 97, 94, 92, 90, 114, 122]]

Vehicle: 14  Cost: 120.00
Route: 1 3 -3 -1 
 1 [ 75   0:  0 [68, 5, 49, 67, 59, 69, 33, 39, 19, 8, 15, 18, 51, 17, 44, 58, 65, 31, 6, 73, 28, 10, 56, 9, 54, 43, 35, 12, 70, 23, 45]]
 3 [  0  60: 60 []]
-3 [ 43  60:531 [76, 109, 93, 104, 100, 84, 103, 117, 83, 118, 99, 102, 112, 89, 108, 121, 75, 98, 116]]
-1 [ 43 591:591 [76, 109, 93, 104, 100, 84, 103, 117, 83, 118, 99, 102, 112, 89, 108, 121, 75, 98, 116]]

Vehicle: 15  Cost: 120.00
Route: 1 3 -3 -1 
 1 [ 11   0:  0 [22, 26, 27, 21, 4]]
 3 [  0  60: 60 []]
-3 [ 14  60:354 [119, 106, 77, 86, 113, 85, 111]]
-1 [ 14 414:414 [119, 106, 77, 86, 113, 85, 111]]

Vehicle: 201  Cost: 97.20
Route: 2 34 7 66 71 122 97 94 41 -2 
  2 [10  27:167]
 34 [ 9 180:185]
  7 [ 6 191:196]
 66 [ 2 206:211]
 71 [ 1 227:232]
122 [ 5 246:251]
 97 [ 7 255:260]
 94 [ 9 282:287]
 41 [ 8 287:292]
 -2 [ 8 304:304]

Vehicle: 202  Cost: 129.20
Route: 2 29 37 64 110 24 115 79 72 123 -2 
  2 [10  27: 42]
 29 [ 9  90: 95]
 37 [ 5 300:305]
 64 [ 4 315:320]
110 [ 8 320:325]
 24 [ 5 420:425]
115 [ 8 439:444]
 79 [ 9 474:479]
 72 [ 8 485:490]
123 [10 490:495]
 -2 [10 503:503]

Vehicle: 204  Cost: 116.96
Route: 2 52 81 14 32 124 82 48 101 -2 
  2 [10  27: 42]
 52 [ 6  79: 84]
 81 [10  90: 95]
 14 [ 8  95:100]
 32 [ 5 116:121]
124 [ 7 300:305]
 82 [ 8 420:425]
 48 [ 7 432:437]
101 [10 448:453]
 -2 [10 473:473]

Vehicle: 205  Cost: 61.71
Route: 2 42 95 13 74 25 11 78 -2 
  2 [ 8  27: 42]
 42 [ 5  60: 65]
 95 [ 8  65: 70]
 13 [ 6  78: 83]
 74 [10  88: 93]
 25 [ 8 420:425]
 11 [ 7 433:438]
 78 [10 438:443]
 -2 [10 456:456]

Vehicle: 206  Cost: 35.70
Route: 2 87 36 55 60 -2 
  2 [ 6  27: 42]
 87 [10  49: 54]
 36 [ 9 180:185]
 55 [ 7 300:305]
 60 [ 4 306:311]
 -2 [ 4 324:324]

Vehicle: 207  Cost: 94.48
Route: 2 47 92 114 16 90 30 -2 
  2 [ 6  27: 42]
 47 [ 5  63: 68]
 92 [ 9 180:185]
114 [10 204:209]
 16 [ 6 300:305]
 90 [ 9 318:323]
 30 [ 8 323:328]
 -2 [ 8 350:350]

Vehicle: 209  Cost: 79.16
Route: 2 80 53 105 38 63 -2 
  2 [ 6  27:152]
 80 [10 180:185]
 53 [ 9 197:202]
105 [10 202:207]
 38 [ 7 300:305]
 63 [ 5 309:314]
 -2 [ 5 338:338]

Vehicle: 210  Cost: 133.09
Route: 2 62 96 46 50 88 120 -2 
  2 [10  27: 42]
 62 [ 7  70: 75]
 96 [10  81: 86]
 46 [ 6 180:185]
 50 [ 3 420:425]
 88 [ 5 440:445]
120 [ 7 462:467]
 -2 [ 7 503:503]

Vehicle: 215  Cost: 107.11
Route: 2 40 57 20 91 107 61 -2 
  2 [10  27:269]
 40 [ 7 300:305]
 57 [ 5 324:329]
 20 [ 3 420:425]
 91 [ 6 445:450]
107 [10 458:463]
 61 [ 7 472:477]
 -2 [ 7 493:493]

Vehicle: 301  Cost: 81.12
Route: 3 4 22 85 23 111 26 113 -3 
  3 [10  60: 75]
  4 [ 9  79: 84]
 22 [ 5  92: 97]
 85 [ 9  97:102]
 23 [ 8 124:129]
111 [ 9 140:145]
 26 [ 5 300:305]
113 [ 6 307:312]
 -3 [ 6 339:339]

Vehicle: 302  Cost: 163.38
Route: 3 8 21 109 58 18 108 59 -3 
  3 [ 9  60: 75]
  8 [ 6 113:118]
 21 [ 5 144:149]
109 [ 8 180:185]
 58 [ 6 300:305]
 18 [ 5 328:333]
108 [ 7 340:345]
 59 [ 5 345:350]
 -3 [ 5 392:392]

Vehicle: 303  Cost: 29.53
Route: 3 54 45 100 -3 
  3 [ 8  60:295]
 54 [ 4 300:305]
 45 [ 0 317:322]
100 [ 1 322:327]
 -3 [ 1 340:340]

Vehicle: 304  Cost: 110.56
Route: 3 65 33 86 119 69 39 77 106 67 -3 
  3 [10  60: 75]
 65 [ 6  93: 98]
 33 [ 5 100:105]
 86 [ 7 108:113]
119 [ 9 132:137]
 69 [ 6 137:142]
 39 [ 5 149:154]
 77 [ 7 171:176]
106 [ 9 188:193]
 67 [ 8 300:305]
 -3 [ 8 314:314]

Vehicle: 305  Cost: 134.86
Route: 3 49 103 9 73 84 98 116 -3 
  3 [10  60: 75]
 49 [ 8 119:124]
103 [10 124:129]
  9 [ 6 300:305]
 73 [ 2 322:327]
 84 [ 4 420:425]
 98 [ 6 451:456]
116 [10 467:472]
 -3 [10 489:489]

Vehicle: 306  Cost: 86.90
Route: 3 10 99 44 75 28 89 5 118 -3 
  3 [ 9  60:266]
 10 [ 7 300:305]
 99 [ 9 420:425]
 44 [ 6 425:430]
 75 [10 434:439]
 28 [ 8 447:452]
 89 [ 9 452:457]
  5 [ 7 463:468]
118 [ 8 472:477]
 -3 [ 8 499:499]

Vehicle: 307  Cost: 97.94
Route: 3 70 35 15 83 19 -3 
  3 [10  60: 75]
 70 [ 8 113:118]
 35 [ 4 126:131]
 15 [ 3 300:305]
 83 [ 5 318:323]
 19 [ 2 323:328]
 -3 [ 2 363:363]

Vehicle: 308  Cost: 125.09
Route: 3 43 17 68 104 51 93 121 -3 
  3 [10  60: 75]
 43 [ 9 117:122]
 17 [ 6 180:185]
 68 [ 4 189:194]
104 [ 7 206:211]
 51 [ 3 211:216]
 93 [ 4 230:235]
121 [ 8 241:246]
 -3 [ 8 285:285]

Vehicle: 309  Cost: 123.23
Route: 3 31 102 12 117 27 56 6 76 112 -3 
  3 [10  60: 75]
 31 [ 7 114:119]
102 [ 9 126:131]
 12 [ 8 300:305]
117 [10 420:425]
 27 [ 9 439:444]
 56 [ 8 446:451]
  6 [ 4 457:462]
 76 [ 6 462:467]
112 [ 9 502:507]
 -3 [ 9 516:516]

Total Cost: 2157.07
 11:54.92, 74:75 [1, 2, -2, -1]
 12:54.92, 21:75 [1, 2, -2, -1]
 14:120.00, 75:75 [1, 3, -3, -1]
 15:120.00, 14:75 [1, 3, -3, -1]
201:97.20, 10:10 [2, 34, 7, 66, 71, 122, 97, 94, 41, -2]
202:129.20, 10:10 [2, 29, 37, 64, 110, 24, 115, 79, 72, 123, -2]
204:116.96, 10:10 [2, 52, 81, 14, 32, 124, 82, 48, 101, -2]
205:61.71, 10:10 [2, 42, 95, 13, 74, 25, 11, 78, -2]
206:35.70, 10:10 [2, 87, 36, 55, 60, -2]
207:94.48, 10:10 [2, 47, 92, 114, 16, 90, 30, -2]
209:79.16, 10:10 [2, 80, 53, 105, 38, 63, -2]
210:133.09, 10:10 [2, 62, 96, 46, 50, 88, 120, -2]
215:107.11, 10:10 [2, 40, 57, 20, 91, 107, 61, -2]
301:81.12, 10:10 [3, 4, 22, 85, 23, 111, 26, 113, -3]
302:163.38, 9:10 [3, 8, 21, 109, 58, 18, 108, 59, -3]
303:29.53, 8:10 [3, 54, 45, 100, -3]
304:110.56, 10:10 [3, 65, 33, 86, 119, 69, 39, 77, 106, 67, -3]
305:134.86, 10:10 [3, 49, 103, 9, 73, 84, 98, 116, -3]
306:86.90, 10:10 [3, 10, 99, 44, 75, 28, 89, 5, 118, -3]
307:97.94, 10:10 [3, 70, 35, 15, 83, 19, -3]
308:125.09, 10:10 [3, 43, 17, 68, 104, 51, 93, 121, -3]
309:123.23, 10:10 [3, 31, 102, 12, 117, 27, 56, 6, 76, 112, -3]
fe: 4, se: 18

!ALNS------------
100000,2157.067350263893,386.686,331.214,4,18,0.6133333333333333,0.9833333333333333,30.25,6.722222222222222
18 20 18 16 0 1 9 4 
17.039812112119662 44.5531206470573 20.622971831675542 20.52489878605379 NaN 6.807277006324284 23.39352913273267 31.72546367510146 
13 19 9 10 7 8 17 3 
27.754889138800706 27.631770397998633 28.80410891699335 29.354373250568756 29.340866160793976 27.310353417409715 20.86172066434848 26.384799509134893 

x[304] = 1.0
Vehicle: 11  Cost: 54.92
Route: 1 2 -2 -1 
 1 [ 73   0:  0 [53, 52, 38, 16, 42, 40, 61, 48, 11, 50, 30, 25, 14, 60, 63, 57, 46, 20, 55, 41, 34, 47, 7, 66, 36, 13, 37, 64, 29, 62, 24, 72, 71]]
 2 [  0  27: 27 []]
-2 [ 54  27:560 [78, 110, 115, 101, 95, 94, 123, 87, 88, 107, 81, 91, 79, 74, 96, 124, 120, 82, 80]]
-1 [ 54 588:588 [78, 110, 115, 101, 95, 94, 123, 87, 88, 107, 81, 91, 79, 74, 96, 124, 120, 82, 80]]

x[22339] = 1.0
Vehicle: 15  Cost: 120.00
Route: 1 3 -3 -1 
 1 [ 14   0:  0 [33, 54, 28, 31, 65]]
 3 [  0  60: 60 []]
-3 [  9  60:359 [111, 77, 119, 106, 86]]
-1 [  9 419:419 [111, 77, 119, 106, 86]]

x[30171] = 1.0
Vehicle: 14  Cost: 120.00
Route: 1 3 -3 -1 
 1 [ 72   0:  0 [44, 51, 8, 67, 39, 17, 4, 35, 15, 49, 22, 73, 23, 45, 27, 19, 5, 56, 59, 26, 43, 6, 18, 9, 68, 21, 12, 58, 70, 69, 10]]
 3 [  0  60: 60 []]
-3 [ 48  60:539 [85, 103, 99, 93, 102, 108, 100, 118, 121, 89, 104, 75, 98, 117, 109, 116, 112, 113, 84, 83, 76]]
-1 [ 48 599:599 [85, 103, 99, 93, 102, 108, 100, 118, 121, 89, 104, 75, 98, 117, 109, 116, 112, 113, 84, 83, 76]]

x[31992] = 1.0
Vehicle: 12  Cost: 54.92
Route: 1 2 -2 -1 
 1 [  6   0:  0 [32, 40]]
 2 [  0  27: 27 []]
-2 [ 23  27:365 [105, 74, 114, 97, 80, 122, 92, 90]]
-1 [ 23 392:392 [105, 74, 114, 97, 80, 122, 92, 90]]

y[181] = 1.0
Vehicle: 213  Cost: 29.00
Route: 2 41 94 36 55 60 -2 
  2 [ 7  27:168]
 41 [ 6 180:185]
 94 [ 8 185:190]
 36 [ 7 194:199]
 55 [ 5 300:305]
 60 [ 2 306:311]
 -2 [ 2 324:324]

y[1064] = 1.0
Vehicle: 206  Cost: 61.71
Route: 2 42 95 13 74 25 11 78 -2 
  2 [ 8  27: 42]
 42 [ 5  60: 65]
 95 [ 8  65: 70]
 13 [ 6  78: 83]
 74 [10  88: 93]
 25 [ 8 420:425]
 11 [ 7 433:438]
 78 [10 438:443]
 -2 [10 456:456]

y[1592] = 1.0
Vehicle: 345  Cost: 97.94
Route: 3 70 35 15 83 19 -3 
  3 [10  76: 91]
 70 [ 8 129:134]
 35 [ 4 142:147]
 15 [ 3 300:305]
 83 [ 5 318:323]
 19 [ 2 323:328]
 -3 [ 2 363:363]

y[2822] = 1.0
Vehicle: 309  Cost: 29.53
Route: 3 100 45 54 -3 
  3 [ 8  60:288]
100 [ 9 300:305]
 45 [ 5 305:310]
 54 [ 1 322:327]
 -3 [ 1 332:332]

y[4171] = 1.0
Vehicle: 203  Cost: 85.69
Route: 2 92 114 16 30 90 -2 
  2 [ 5  27:155]
 92 [ 9 180:185]
114 [10 204:209]
 16 [ 6 300:305]
 30 [ 5 318:323]
 90 [ 8 323:328]
 -2 [ 8 350:350]

y[6626] = 1.0
Vehicle: 215  Cost: 107.11
Route: 2 40 57 20 91 107 61 -2 
  2 [10 108:269]
 40 [ 7 300:305]
 57 [ 5 324:329]
 20 [ 3 420:425]
 91 [ 6 445:450]
107 [10 458:463]
 61 [ 7 472:477]
 -2 [ 7 493:493]

y[10298] = 1.0
Vehicle: 308  Cost: 125.09
Route: 3 43 17 68 51 104 93 121 -3 
  3 [10  76: 91]
 43 [ 9 133:138]
 17 [ 6 180:185]
 68 [ 4 189:194]
 51 [ 0 206:211]
104 [ 3 211:216]
 93 [ 4 230:235]
121 [ 8 241:246]
 -3 [ 8 285:285]

y[10930] = 1.0
Vehicle: 204  Cost: 133.09
Route: 2 62 96 46 50 88 120 -2 
  2 [10  27: 42]
 62 [ 7  70: 75]
 96 [10  81: 86]
 46 [ 6 180:185]
 50 [ 3 420:425]
 88 [ 5 440:445]
120 [ 7 462:467]
 -2 [ 7 503:503]

y[12271] = 1.0
Vehicle: 210  Cost: 129.20
Route: 2 29 37 64 110 24 115 79 72 123 -2 
  2 [10  27: 42]
 29 [ 9  90: 95]
 37 [ 5 300:305]
 64 [ 4 315:320]
110 [ 8 320:325]
 24 [ 5 420:425]
115 [ 8 439:444]
 79 [ 9 474:479]
 72 [ 8 485:490]
123 [10 490:495]
 -2 [10 503:503]

y[12349] = 1.0
Vehicle: 306  Cost: 108.62
Route: 3 65 33 86 69 119 39 77 106 -3 
  3 [ 9  60: 75]
 65 [ 5  93: 98]
 33 [ 4 100:105]
 86 [ 6 108:113]
 69 [ 3 132:137]
119 [ 5 137:142]
 39 [ 4 149:154]
 77 [ 6 171:176]
106 [ 8 188:193]
 -3 [ 8 224:224]

y[12629] = 1.0
Vehicle: 204  Cost: 116.96
Route: 2 52 14 81 32 124 82 48 101 -2 
  2 [10  27: 42]
 52 [ 6  79: 84]
 14 [ 4  90: 95]
 81 [ 8  95:100]
 32 [ 5 116:121]
124 [ 7 300:305]
 82 [ 8 420:425]
 48 [ 7 432:437]
101 [10 448:453]
 -2 [10 473:473]

y[12694] = 1.0
Vehicle: 209  Cost: 79.16
Route: 2 80 53 105 38 63 -2 
  2 [ 6  27:152]
 80 [10 180:185]
 53 [ 9 197:202]
105 [10 202:207]
 38 [ 7 300:305]
 63 [ 5 309:314]
 -2 [ 5 338:338]

y[13760] = 1.0
Vehicle: 302  Cost: 86.90
Route: 3 10 44 99 75 28 89 5 118 -3 
  3 [ 9  60:266]
 10 [ 7 300:305]
 44 [ 4 420:425]
 99 [ 6 425:430]
 75 [10 434:439]
 28 [ 8 447:452]
 89 [ 9 452:457]
  5 [ 7 463:468]
118 [ 8 472:477]
 -3 [ 8 499:499]

y[14601] = 1.0
Vehicle: 201  Cost: 108.79
Route: 2 47 66 71 122 97 7 34 87 -2 
  2 [10  27: 42]
 47 [ 9  63: 68]
 66 [ 5  79: 84]
 71 [ 4 100:105]
122 [ 8 118:123]
 97 [10 128:133]
  7 [ 7 148:153]
 34 [ 6 180:185]
 87 [10 201:206]
 -2 [10 212:212]

y[14977] = 1.0
Vehicle: 309  Cost: 118.44
Route: 3 31 102 12 117 27 56 76 6 -3 
  3 [10 181:196]
 31 [ 7 235:240]
102 [ 9 248:253]
 12 [ 8 300:305]
117 [10 420:425]
 27 [ 9 439:444]
 56 [ 8 446:451]
 76 [10 457:462]
  6 [ 6 462:467]
 -3 [ 6 507:507]

y[15012] = 1.0
Vehicle: 305  Cost: 170.17
Route: 3 8 21 109 58 18 108 59 67 112 -3 
  3 [10  60: 75]
  8 [ 7 113:118]
 21 [ 6 144:149]
109 [ 9 180:185]
 58 [ 7 300:305]
 18 [ 6 328:333]
108 [ 8 340:345]
 59 [ 6 345:350]
 67 [ 5 390:395]
112 [ 8 395:400]
 -3 [ 8 409:409]

y[15196] = 1.0
Vehicle: 305  Cost: 134.86
Route: 3 49 103 9 73 84 98 116 -3 
  3 [10  60: 75]
 49 [ 8 119:124]
103 [10 124:129]
  9 [ 6 300:305]
 73 [ 2 322:327]
 84 [ 4 420:425]
 98 [ 6 451:456]
116 [10 467:472]
 -3 [10 489:489]

y[15417] = 1.0
Vehicle: 301  Cost: 81.12
Route: 3 4 22 85 23 111 26 113 -3 
  3 [10  60: 75]
  4 [ 9  79: 84]
 22 [ 5  92: 97]
 85 [ 9  97:102]
 23 [ 8 124:129]
111 [ 9 140:145]
 26 [ 5 300:305]
113 [ 6 307:312]
 -3 [ 6 339:339]

FE: 4
SE: 18
!MIP-----
2153.2178752977993,5402.099734067917,0.043110943835766795,4,18,33027,16468

