--Parameters Information--
speed=1
run=5
iteration= 100000
batch=100
restartPeriod=10000
largeRemovalOccurrence=500
initialLNS=250
lowerBoundSmallRemoval=4
smallRemoval=0.2
lowerBoundLargeRemoval=0.55
largeRemoval=0.8
initialWeight=1.0
decayRate=0.1
gamma1=9.0
gamma2=5.0
gamma3=2.0
gamma4=0.0
coolingRate=0.9995
temperatureControlParameter=0.05
initialAcceptanceProbability=0.5
perturbation=0.5
perturbationFactor=0.01
split=20000

Setup: Split
Data: A_50_2_LD

Run: 1
Total Cost: 1359.00
Vehicle: 11  Cost: 128.16
Route: 1 2 -2 -1 
 1 [ 51   0:  0 [32, 10, 9, 19, 11, 31, 4, 35, 8, 13, 21, 39, 27, 34, 25, 17, 22, 23, 36, 38, 6]]
 2 [  0  64: 64 []]
-2 [ 43  64:511 [60, 46, 57, 50, 51, 45, 69, 55, 68, 54, 58, 61, 44, 42, 67, 47, 56]]
-1 [ 43 575:575 [60, 46, 57, 50, 51, 45, 69, 55, 68, 54, 58, 61, 44, 42, 67, 47, 56]]

Vehicle: 13  Cost: 72.14
Route: 1 3 -3 -1 
 1 [ 36   0:  0 [26, 14, 18, 16, 24, 5, 20, 28, 29, 40, 33, 30, 37, 12, 7, 15]]
 3 [  0  36: 36 []]
-3 [ 33  36:372 [59, 53, 71, 62, 41, 65, 49, 48, 43, 52, 64, 70, 63, 66]]
-1 [ 33 408:408 [59, 53, 71, 62, 41, 65, 49, 48, 43, 52, 64, 70, 63, 66]]

Vehicle: 201  Cost: 169.52
Route: 2 17 34 22 51 19 47 42 -2 
  2 [10  64: 79]
 17 [ 8 110:115]
 34 [ 7 120:125]
 22 [ 3 300:305]
 51 [ 5 367:372]
 19 [ 2 372:377]
 47 [ 5 380:385]
 42 [ 9 420:425]
 -2 [ 9 474:474]

Vehicle: 202  Cost: 156.43
Route: 2 57 56 9 45 67 35 60 -2 
  2 [ 6  64: 79]
 57 [ 7 106:111]
 56 [ 9 300:305]
  9 [ 5 318:323]
 45 [ 8 323:328]
 67 [10 338:343]
 35 [ 8 420:425]
 60 [10 451:456]
 -2 [10 486:486]

Vehicle: 203  Cost: 96.74
Route: 2 54 31 27 21 55 -2 
  2 [ 7  64: 79]
 54 [10  92: 97]
 31 [ 7 139:144]
 27 [ 5 149:154]
 21 [ 3 300:305]
 55 [ 4 305:310]
 -2 [ 4 323:323]

Vehicle: 204  Cost: 133.04
Route: 2 11 50 10 46 4 23 58 61 -2 
  2 [ 8  64:141]
 11 [ 4 180:185]
 50 [ 8 210:215]
 10 [ 7 226:231]
 46 [ 9 231:236]
  4 [ 8 420:425]
 23 [ 6 447:452]
 58 [ 7 452:457]
 61 [10 471:476]
 -2 [10 496:496]

Vehicle: 205  Cost: 130.93
Route: 2 36 32 38 69 6 44 68 -2 
  2 [10  64: 79]
 36 [ 8 113:118]
 32 [ 6 128:133]
 38 [ 2 140:145]
 69 [ 5 145:150]
  6 [ 3 300:305]
 44 [ 7 305:310]
 68 [10 350:355]
 -2 [10 391:391]

Vehicle: 206  Cost: 54.05
Route: 2 39 25 8 13 -2 
  2 [10  64:298]
 39 [ 9 300:305]
 25 [ 8 323:328]
  8 [ 4 334:339]
 13 [ 0 352:357]
 -2 [ 0 372:372]

Vehicle: 301  Cost: 71.39
Route: 3 41 26 62 18 48 14 -3 
  3 [ 8  36: 51]
 41 [ 9  66: 71]
 26 [ 6  79: 84]
 62 [10  84: 89]
 18 [ 6 300:305]
 48 [10 318:323]
 14 [ 9 323:328]
 -3 [ 9 357:357]

Vehicle: 303  Cost: 72.10
Route: 3 29 65 70 5 43 -3 
  3 [ 5  36: 51]
 29 [ 3  73: 78]
 65 [ 7  92: 97]
 70 [10 104:109]
  5 [ 7 300:305]
 43 [ 9 305:310]
 -3 [ 9 338:338]

Vehicle: 304  Cost: 158.72
Route: 3 24 59 49 16 7 12 20 53 64 -3 
  3 [ 8  36: 51]
 24 [ 6  95:100]
 59 [ 9 100:105]
 49 [10 144:149]
 16 [ 9 149:154]
  7 [ 8 184:189]
 12 [ 7 201:206]
 20 [ 4 210:215]
 53 [ 5 215:220]
 64 [ 9 228:233]
 -3 [ 9 255:255]

Vehicle: 305  Cost: 47.69
Route: 3 66 33 63 28 -3 
  3 [ 8  36:283]
 66 [ 9 300:305]
 33 [ 5 305:310]
 63 [ 7 333:338]
 28 [ 3 338:343]
 -3 [ 3 351:351]

Vehicle: 306  Cost: 68.10
Route: 3 37 40 71 30 15 52 -3 
  3 [ 7  36: 51]
 37 [ 5  75: 80]
 40 [ 4 180:185]
 71 [ 6 185:190]
 30 [ 3 300:305]
 15 [ 2 308:313]
 52 [ 3 331:336]
 -3 [ 3 348:348]

Total Cost: 1359.00
 11:128.16, 51:75 [1, 2, -2, -1]
 13:72.14, 36:75 [1, 3, -3, -1]
201:169.52, 10:10 [2, 17, 34, 22, 51, 19, 47, 42, -2]
202:156.43, 10:10 [2, 57, 56, 9, 45, 67, 35, 60, -2]
203:96.74, 10:10 [2, 54, 31, 27, 21, 55, -2]
204:133.04, 10:10 [2, 11, 50, 10, 46, 4, 23, 58, 61, -2]
205:130.93, 10:10 [2, 36, 32, 38, 69, 6, 44, 68, -2]
206:54.05, 10:10 [2, 39, 25, 8, 13, -2]
301:71.39, 10:10 [3, 41, 26, 62, 18, 48, 14, -3]
303:72.10, 10:10 [3, 29, 65, 70, 5, 43, -3]
304:158.72, 10:10 [3, 24, 59, 49, 16, 7, 12, 20, 53, 64, -3]
305:47.69, 9:10 [3, 66, 33, 63, 28, -3]
306:68.10, 7:10 [3, 37, 40, 71, 30, 15, 52, -3]
fe: 2, se: 11

!ALNS------------
100000,1358.9984025320878,132.505,23.653,2,11,0.58,0.9636363636363636,34.0,6.181818181818182
4 5 3 2 0 0 0 0 
22.571500199209254 41.16510259520963 33.57178398010179 30.454452881434413 NaN 35.55549223827054 28.25036192866344 79.64858592720843 
1 3 0 1 2 2 3 2 
26.2427800749992 34.01258418162575 43.480069194326695 27.897818070626997 37.24396106438772 37.6841636617808 30.79834492361622 34.37080136329465 

x[2546] = 1.0
Vehicle: 11  Cost: 128.16
Route: 1 2 -2 -1 
 1 [ 51   0:  0 [10, 19, 31, 4, 13, 21, 39, 27, 34, 17, 22, 23, 36, 6, 25, 9, 32, 38, 8, 35, 11]]
 2 [  0  64: 64 []]
-2 [ 46  64:535 [60, 46, 57, 50, 44, 47, 69, 58, 55, 45, 68, 70, 56, 67, 61, 51, 42, 54]]
-1 [ 46 599:599 [60, 46, 57, 50, 44, 47, 69, 58, 55, 45, 68, 70, 56, 67, 61, 51, 42, 54]]

x[3445] = 1.0
Vehicle: 13  Cost: 72.14
Route: 1 3 -3 -1 
 1 [ 36   0:  0 [18, 28, 33, 14, 26, 15, 40, 5, 12, 30, 37, 29, 7, 20, 24, 16]]
 3 [  0  36: 36 []]
-3 [ 39  36:383 [63, 41, 43, 66, 48, 71, 70, 53, 65, 59, 54, 60, 52, 49, 62, 64, 57]]
-1 [ 39 419:419 [63, 41, 43, 66, 48, 71, 70, 53, 65, 59, 54, 60, 52, 49, 62, 64, 57]]

y[750] = 1.0
Vehicle: 303  Cost: 72.10
Route: 3 29 65 70 5 43 -3 
  3 [ 5 139:154]
 29 [ 3 176:181]
 65 [ 7 195:200]
 70 [10 207:212]
  5 [ 7 300:305]
 43 [ 9 305:310]
 -3 [ 9 338:338]

y[871] = 1.0
Vehicle: 206  Cost: 130.93
Route: 2 36 32 38 69 44 6 68 -2 
  2 [10  64: 79]
 36 [ 8 113:118]
 32 [ 6 128:133]
 38 [ 2 140:145]
 69 [ 5 145:150]
 44 [ 9 300:305]
  6 [ 7 305:310]
 68 [10 350:355]
 -2 [10 391:391]

y[1031] = 1.0
Vehicle: 302  Cost: 71.39
Route: 3 41 26 62 18 14 48 -3 
  3 [ 8 139:154]
 41 [ 9 169:174]
 26 [ 6 182:187]
 62 [10 187:192]
 18 [ 6 300:305]
 14 [ 5 318:323]
 48 [ 9 323:328]
 -3 [ 9 357:357]

y[2153] = 1.0
Vehicle: 201  Cost: 177.71
Route: 2 34 22 58 23 19 51 47 56 60 -2 
  2 [10  64: 79]
 34 [ 9 114:119]
 22 [ 5 300:305]
 58 [ 6 339:344]
 23 [ 4 344:349]
 19 [ 1 379:384]
 51 [ 3 384:389]
 47 [ 6 392:397]
 56 [ 8 419:424]
 60 [10 439:444]
 -2 [10 474:474]

y[2982] = 1.0
Vehicle: 309  Cost: 47.69
Route: 3 66 33 63 28 -3 
  3 [ 8 139:283]
 66 [ 9 300:305]
 33 [ 5 305:310]
 63 [ 7 333:338]
 28 [ 3 338:343]
 -3 [ 3 351:351]

y[4205] = 1.0
Vehicle: 202  Cost: 143.58
Route: 2 54 9 45 67 35 -2 
  2 [ 6  64: 79]
 54 [ 9  92: 97]
  9 [ 5 300:305]
 45 [ 8 305:310]
 67 [10 320:325]
 35 [ 8 420:425]
 -2 [ 8 469:469]

y[4819] = 1.0
Vehicle: 301  Cost: 68.10
Route: 3 37 71 40 30 15 52 -3 
  3 [ 7 139:154]
 37 [ 5 178:183]
 71 [ 7 191:196]
 40 [ 6 196:201]
 30 [ 3 300:305]
 15 [ 2 308:313]
 52 [ 3 331:336]
 -3 [ 3 348:348]

y[5292] = 1.0
Vehicle: 204  Cost: 131.76
Route: 2 17 11 50 10 46 4 42 -2 
  2 [ 8  64: 79]
 17 [ 6 110:115]
 11 [ 2 180:185]
 50 [ 6 210:215]
 10 [ 5 226:231]
 46 [ 7 231:236]
  4 [ 6 420:425]
 42 [10 425:430]
 -2 [10 479:479]

y[5766] = 1.0
Vehicle: 205  Cost: 75.42
Route: 2 31 27 55 21 39 -2 
  2 [ 8  64: 79]
 31 [ 5 112:117]
 27 [ 3 123:128]
 55 [ 4 300:305]
 21 [ 2 305:310]
 39 [ 1 321:326]
 -2 [ 1 328:328]

y[6280] = 1.0
Vehicle: 207  Cost: 66.54
Route: 2 25 8 13 61 -2 
  2 [ 9  64:283]
 25 [ 8 300:305]
  8 [ 4 311:316]
 13 [ 0 328:333]
 61 [ 3 343:348]
 -2 [ 3 369:369]

y[6436] = 1.0
Vehicle: 304  Cost: 165.67
Route: 3 24 59 57 16 49 7 12 20 53 64 -3 
  3 [ 8  36: 51]
 24 [ 6  95:100]
 59 [ 9 100:105]
 57 [10 115:120]
 16 [ 9 156:161]
 49 [10 161:166]
  7 [ 9 196:201]
 12 [ 8 213:218]
 20 [ 5 222:227]
 53 [ 6 227:232]
 64 [10 240:245]
 -3 [10 267:267]

FE: 2
SE: 11
!MIP-----
1351.1740024338437,88.3895480632782,8.744376901394593E-5,2,11,5713,6510

Run: 2
Total Cost: 1350.37
Vehicle: 11  Cost: 128.16
Route: 1 2 -2 -1 
 1 [ 51   0:  0 [39, 27, 25, 21, 31, 10, 32, 9, 11, 13, 6, 36, 19, 4, 22, 23, 17, 38, 34, 24, 8]]
 2 [  0  64: 64 []]
-2 [ 42  64:494 [58, 45, 44, 51, 46, 50, 60, 61, 47, 68, 69, 54, 67, 42, 56, 55]]
-1 [ 42 558:558 [58, 45, 44, 51, 46, 50, 60, 61, 47, 68, 69, 54, 67, 42, 56, 55]]

Vehicle: 12  Cost: 72.14
Route: 1 3 -3 -1 
 1 [ 36   0:  0 [33, 14, 15, 26, 30, 5, 28, 29, 35, 37, 12, 20, 18, 7, 16, 40]]
 3 [  0  36: 36 []]
-3 [ 34  36:372 [43, 64, 63, 49, 65, 66, 59, 62, 57, 48, 52, 70, 53, 71, 41]]
-1 [ 34 408:408 [43, 64, 63, 49, 65, 66, 59, 62, 57, 48, 52, 70, 53, 71, 41]]

Vehicle: 201  Cost: 66.54
Route: 2 25 8 13 61 -2 
  2 [ 9  64:283]
 25 [ 8 300:305]
  8 [ 4 311:316]
 13 [ 0 328:333]
 61 [ 3 343:348]
 -2 [ 3 369:369]

Vehicle: 202  Cost: 119.98
Route: 2 54 24 60 9 45 67 -2 
  2 [ 6  64: 79]
 54 [ 9  92: 97]
 24 [ 7 112:117]
 60 [ 9 300:305]
  9 [ 5 325:330]
 45 [ 8 330:335]
 67 [10 345:350]
 -2 [10 409:409]

Vehicle: 203  Cost: 131.76
Route: 2 17 11 50 46 10 4 42 -2 
  2 [ 8  64: 79]
 17 [ 6 110:115]
 11 [ 2 180:185]
 50 [ 6 210:215]
 46 [ 8 226:231]
 10 [ 7 231:236]
  4 [ 6 420:425]
 42 [10 425:430]
 -2 [10 479:479]

Vehicle: 204  Cost: 172.12
Route: 2 34 22 23 58 19 51 47 56 -2 
  2 [10  64: 79]
 34 [ 9 114:119]
 22 [ 5 300:305]
 23 [ 3 339:344]
 58 [ 4 344:349]
 19 [ 1 379:384]
 51 [ 3 384:389]
 47 [ 6 392:397]
 56 [ 8 419:424]
 -2 [ 8 463:463]

Vehicle: 205  Cost: 130.93
Route: 2 36 32 38 69 6 44 68 -2 
  2 [10  64: 79]
 36 [ 8 113:118]
 32 [ 6 128:133]
 38 [ 2 140:145]
 69 [ 5 145:150]
  6 [ 3 300:305]
 44 [ 7 305:310]
 68 [10 350:355]
 -2 [10 391:391]

Vehicle: 207  Cost: 75.42
Route: 2 31 27 55 21 39 -2 
  2 [ 8  64: 79]
 31 [ 5 112:117]
 27 [ 3 123:128]
 55 [ 4 300:305]
 21 [ 2 305:310]
 39 [ 1 321:326]
 -2 [ 1 328:328]

Vehicle: 301  Cost: 165.67
Route: 3 29 64 20 53 12 7 16 49 57 59 -3 
  3 [ 8  36: 51]
 29 [ 6  73: 78]
 64 [10  78: 83]
 20 [ 7  91: 96]
 53 [ 8  96:101]
 12 [ 7 105:110]
  7 [ 6 122:127]
 16 [ 5 157:162]
 49 [ 6 162:167]
 57 [ 7 202:207]
 59 [10 218:223]
 -3 [10 267:267]

Vehicle: 302  Cost: 47.69
Route: 3 66 33 28 63 -3 
  3 [ 8  36:283]
 66 [ 9 300:305]
 33 [ 5 305:310]
 28 [ 1 333:338]
 63 [ 3 338:343]
 -3 [ 3 351:351]

Vehicle: 303  Cost: 68.10
Route: 3 37 40 71 30 15 52 -3 
  3 [ 7  36: 51]
 37 [ 5  75: 80]
 40 [ 4 180:185]
 71 [ 6 185:190]
 30 [ 3 300:305]
 15 [ 2 308:313]
 52 [ 3 331:336]
 -3 [ 3 348:348]

Vehicle: 304  Cost: 64.42
Route: 3 65 70 5 43 -3 
  3 [ 3  36: 51]
 65 [ 7  79: 84]
 70 [10  92: 97]
  5 [ 7 300:305]
 43 [ 9 305:310]
 -3 [ 9 338:338]

Vehicle: 305  Cost: 36.06
Route: 3 35 -3 
  3 [ 2  36:402]
 35 [ 0 420:425]
 -3 [ 0 443:443]

Vehicle: 306  Cost: 71.39
Route: 3 41 26 62 18 48 14 -3 
  3 [ 8  36: 51]
 41 [ 9  66: 71]
 26 [ 6  79: 84]
 62 [10  84: 89]
 18 [ 6 300:305]
 48 [10 318:323]
 14 [ 9 323:328]
 -3 [ 9 357:357]

Total Cost: 1350.37
 11:128.16, 51:75 [1, 2, -2, -1]
 12:72.14, 36:75 [1, 3, -3, -1]
201:66.54, 9:10 [2, 25, 8, 13, 61, -2]
202:119.98, 10:10 [2, 54, 24, 60, 9, 45, 67, -2]
203:131.76, 10:10 [2, 17, 11, 50, 46, 10, 4, 42, -2]
204:172.12, 10:10 [2, 34, 22, 23, 58, 19, 51, 47, 56, -2]
205:130.93, 10:10 [2, 36, 32, 38, 69, 6, 44, 68, -2]
207:75.42, 8:10 [2, 31, 27, 55, 21, 39, -2]
301:165.67, 10:10 [3, 29, 64, 20, 53, 12, 7, 16, 49, 57, 59, -3]
302:47.69, 9:10 [3, 66, 33, 28, 63, -3]
303:68.10, 7:10 [3, 37, 40, 71, 30, 15, 52, -3]
304:64.42, 10:10 [3, 65, 70, 5, 43, -3]
305:36.06, 2:10 [3, 35, -3]
306:71.39, 10:10 [3, 41, 26, 62, 18, 48, 14, -3]
fe: 2, se: 12

!ALNS------------
100000,1350.3699561835774,114.486,60.18,2,12,0.58,0.875,34.0,5.666666666666667
5 13 3 6 0 0 7 0 
18.08410222408428 35.86937114654826 20.995457980156118 27.722398862219066 131.24938288750567 38.11358831719575 18.990144709378434 72.29643422255404 
0 6 4 4 3 4 10 3 
25.052546210692146 24.277207313941755 30.1952728417268 31.96219999516784 21.815164104408897 31.666286852910392 25.131257823309095 26.071283296319674 

x[1403] = 1.0
Vehicle: 12  Cost: 72.14
Route: 1 3 -3 -1 
 1 [ 36   0:  0 [33, 14, 15, 26, 30, 29, 12, 20, 18, 16, 7, 40, 5, 35, 28, 37]]
 3 [  0  36: 36 []]
-3 [ 34  36:384 [43, 64, 53, 59, 62, 48, 63, 71, 52, 66, 57, 70, 65, 41, 49]]
-1 [ 34 420:420 [43, 64, 53, 59, 62, 48, 63, 71, 52, 66, 57, 70, 65, 41, 49]]

x[3752] = 1.0
Vehicle: 11  Cost: 128.16
Route: 1 2 -2 -1 
 1 [ 51   0:  0 [9, 4, 10, 6, 23, 38, 34, 32, 19, 36, 39, 31, 11, 27, 22, 8, 25, 17, 21, 13, 24]]
 2 [  0  64: 64 []]
-2 [ 43  64:535 [42, 44, 69, 55, 68, 67, 61, 58, 50, 47, 46, 45, 56, 57, 54, 51, 60]]
-1 [ 43 599:599 [42, 44, 69, 55, 68, 67, 61, 58, 50, 47, 46, 45, 56, 57, 54, 51, 60]]

y[1049] = 1.0
Vehicle: 307  Cost: 36.06
Route: 3 35 -3 
  3 [ 2 481:496]
 35 [ 0 514:519]
 -3 [ 0 537:537]

y[1702] = 1.0
Vehicle: 205  Cost: 130.93
Route: 2 36 32 38 69 44 6 68 -2 
  2 [10  64: 79]
 36 [ 8 113:118]
 32 [ 6 128:133]
 38 [ 2 140:145]
 69 [ 5 145:150]
 44 [ 9 300:305]
  6 [ 7 305:310]
 68 [10 350:355]
 -2 [10 391:391]

y[2005] = 1.0
Vehicle: 306  Cost: 71.39
Route: 3 41 26 62 18 48 14 -3 
  3 [ 8 139:154]
 41 [ 9 169:174]
 26 [ 6 182:187]
 62 [10 187:192]
 18 [ 6 300:305]
 48 [10 318:323]
 14 [ 9 323:328]
 -3 [ 9 357:357]

y[2935] = 1.0
Vehicle: 303  Cost: 68.10
Route: 3 37 40 71 30 15 52 -3 
  3 [ 7 139:154]
 37 [ 5 178:183]
 40 [ 4 191:196]
 71 [ 6 196:201]
 30 [ 3 300:305]
 15 [ 2 308:313]
 52 [ 3 331:336]
 -3 [ 3 348:348]

y[4011] = 1.0
Vehicle: 203  Cost: 172.12
Route: 2 34 22 23 58 19 51 47 56 -2 
  2 [10  64: 79]
 34 [ 9 114:119]
 22 [ 5 300:305]
 23 [ 3 339:344]
 58 [ 4 344:349]
 19 [ 1 379:384]
 51 [ 3 384:389]
 47 [ 6 392:397]
 56 [ 8 419:424]
 -2 [ 8 463:463]

y[4162] = 1.0
Vehicle: 203  Cost: 75.42
Route: 2 31 27 55 21 39 -2 
  2 [ 8 111:126]
 31 [ 5 159:164]
 27 [ 3 170:175]
 55 [ 4 300:305]
 21 [ 2 305:310]
 39 [ 1 321:326]
 -2 [ 1 328:328]

y[4381] = 1.0
Vehicle: 202  Cost: 119.98
Route: 2 54 24 60 9 45 67 -2 
  2 [ 6  64: 79]
 54 [ 9  92: 97]
 24 [ 7 112:117]
 60 [ 9 300:305]
  9 [ 5 325:330]
 45 [ 8 330:335]
 67 [10 345:350]
 -2 [10 409:409]

y[4653] = 1.0
Vehicle: 203  Cost: 131.76
Route: 2 17 11 50 46 10 4 42 -2 
  2 [ 8 183:198]
 17 [ 6 229:234]
 11 [ 2 249:254]
 50 [ 6 279:284]
 46 [ 8 295:300]
 10 [ 7 300:305]
  4 [ 6 420:425]
 42 [10 425:430]
 -2 [10 479:479]

y[5216] = 1.0
Vehicle: 302  Cost: 47.69
Route: 3 66 33 63 28 -3 
  3 [ 8 219:283]
 66 [ 9 300:305]
 33 [ 5 305:310]
 63 [ 7 333:338]
 28 [ 3 338:343]
 -3 [ 3 351:351]

y[5487] = 1.0
Vehicle: 304  Cost: 64.42
Route: 3 65 70 5 43 -3 
  3 [ 3 139:154]
 65 [ 7 182:187]
 70 [10 195:200]
  5 [ 7 300:305]
 43 [ 9 305:310]
 -3 [ 9 338:338]

y[5682] = 1.0
Vehicle: 204  Cost: 66.54
Route: 2 25 8 13 61 -2 
  2 [ 9  64:283]
 25 [ 8 300:305]
  8 [ 4 311:316]
 13 [ 0 328:333]
 61 [ 3 343:348]
 -2 [ 3 369:369]

y[5857] = 1.0
Vehicle: 301  Cost: 165.67
Route: 3 29 64 20 53 12 7 16 49 57 59 -3 
  3 [ 8  36: 51]
 29 [ 6  73: 78]
 64 [10  78: 83]
 20 [ 7  91: 96]
 53 [ 8  96:101]
 12 [ 7 105:110]
  7 [ 6 122:127]
 16 [ 5 157:162]
 49 [ 6 162:167]
 57 [ 7 202:207]
 59 [10 218:223]
 -3 [10 267:267]

FE: 2
SE: 12
!MIP-----
1350.3699561835772,60.00806188583374,9.891378747924222E-5,2,12,4957,6103

Run: 3
Total Cost: 1351.17
Vehicle: 11  Cost: 128.16
Route: 1 2 -2 -1 
 1 [ 51   0:  0 [27, 9, 19, 38, 17, 39, 25, 8, 23, 35, 13, 31, 34, 21, 11, 6, 36, 22, 4, 10, 32]]
 2 [  0  64: 64 []]
-2 [ 42  64:494 [58, 54, 45, 47, 50, 60, 42, 51, 56, 61, 68, 44, 69, 67, 55, 46]]
-1 [ 42 558:558 [58, 54, 45, 47, 50, 60, 42, 51, 56, 61, 68, 44, 69, 67, 55, 46]]

Vehicle: 12  Cost: 72.14
Route: 1 3 -3 -1 
 1 [ 36   0:  0 [7, 12, 29, 20, 37, 14, 18, 26, 24, 40, 5, 15, 33, 30, 28, 16]]
 3 [  0  36: 36 []]
-3 [ 34  36:375 [66, 52, 49, 62, 48, 57, 53, 43, 71, 41, 70, 65, 59, 64, 63]]
-1 [ 34 411:411 [66, 52, 49, 62, 48, 57, 53, 43, 71, 41, 70, 65, 59, 64, 63]]

Vehicle: 201  Cost: 143.58
Route: 2 54 9 45 67 35 -2 
  2 [ 6  64: 79]
 54 [ 9  92: 97]
  9 [ 5 300:305]
 45 [ 8 305:310]
 67 [10 320:325]
 35 [ 8 420:425]
 -2 [ 8 469:469]

Vehicle: 202  Cost: 131.76
Route: 2 17 11 50 10 46 4 42 -2 
  2 [ 8  64: 79]
 17 [ 6 110:115]
 11 [ 2 180:185]
 50 [ 6 210:215]
 10 [ 5 226:231]
 46 [ 7 231:236]
  4 [ 6 420:425]
 42 [10 425:430]
 -2 [10 479:479]

Vehicle: 203  Cost: 75.42
Route: 2 31 27 55 21 39 -2 
  2 [ 8  64: 79]
 31 [ 5 112:117]
 27 [ 3 123:128]
 55 [ 4 300:305]
 21 [ 2 305:310]
 39 [ 1 321:326]
 -2 [ 1 328:328]

Vehicle: 204  Cost: 177.71
Route: 2 34 22 23 58 51 19 47 56 60 -2 
  2 [10  64: 79]
 34 [ 9 114:119]
 22 [ 5 300:305]
 23 [ 3 339:344]
 58 [ 4 344:349]
 51 [ 6 379:384]
 19 [ 3 384:389]
 47 [ 6 392:397]
 56 [ 8 419:424]
 60 [10 439:444]
 -2 [10 474:474]

Vehicle: 205  Cost: 66.54
Route: 2 25 8 13 61 -2 
  2 [ 9  64:283]
 25 [ 8 300:305]
  8 [ 4 311:316]
 13 [ 0 328:333]
 61 [ 3 343:348]
 -2 [ 3 369:369]

Vehicle: 206  Cost: 130.93
Route: 2 36 32 69 38 6 44 68 -2 
  2 [10  64: 79]
 36 [ 8 113:118]
 32 [ 6 128:133]
 69 [ 9 140:145]
 38 [ 5 145:150]
  6 [ 3 300:305]
 44 [ 7 305:310]
 68 [10 350:355]
 -2 [10 391:391]

Vehicle: 301  Cost: 165.67
Route: 3 24 59 57 16 49 7 12 20 53 64 -3 
  3 [ 8  36: 51]
 24 [ 6  95:100]
 59 [ 9 100:105]
 57 [10 115:120]
 16 [ 9 156:161]
 49 [10 161:166]
  7 [ 9 196:201]
 12 [ 8 213:218]
 20 [ 5 222:227]
 53 [ 6 227:232]
 64 [10 240:245]
 -3 [10 267:267]

Vehicle: 302  Cost: 72.10
Route: 3 29 65 70 5 43 -3 
  3 [ 5  36: 51]
 29 [ 3  73: 78]
 65 [ 7  92: 97]
 70 [10 104:109]
  5 [ 7 300:305]
 43 [ 9 305:310]
 -3 [ 9 338:338]

Vehicle: 303  Cost: 68.10
Route: 3 37 40 71 30 15 52 -3 
  3 [ 7  36: 51]
 37 [ 5  75: 80]
 40 [ 4 180:185]
 71 [ 6 185:190]
 30 [ 3 300:305]
 15 [ 2 308:313]
 52 [ 3 331:336]
 -3 [ 3 348:348]

Vehicle: 304  Cost: 47.69
Route: 3 63 28 33 66 -3 
  3 [ 8  36:292]
 63 [10 300:305]
 28 [ 6 305:310]
 33 [ 2 333:338]
 66 [ 3 338:343]
 -3 [ 3 360:360]

Vehicle: 306  Cost: 71.39
Route: 3 41 26 62 18 14 48 -3 
  3 [ 8  36: 51]
 41 [ 9  66: 71]
 26 [ 6  79: 84]
 62 [10  84: 89]
 18 [ 6 300:305]
 14 [ 5 318:323]
 48 [ 9 323:328]
 -3 [ 9 357:357]

Total Cost: 1351.17
 11:128.16, 51:75 [1, 2, -2, -1]
 12:72.14, 36:75 [1, 3, -3, -1]
201:143.58, 10:10 [2, 54, 9, 45, 67, 35, -2]
202:131.76, 10:10 [2, 17, 11, 50, 10, 46, 4, 42, -2]
203:75.42, 8:10 [2, 31, 27, 55, 21, 39, -2]
204:177.71, 10:10 [2, 34, 22, 23, 58, 51, 19, 47, 56, 60, -2]
205:66.54, 9:10 [2, 25, 8, 13, 61, -2]
206:130.93, 10:10 [2, 36, 32, 69, 38, 6, 44, 68, -2]
301:165.67, 10:10 [3, 24, 59, 57, 16, 49, 7, 12, 20, 53, 64, -3]
302:72.10, 10:10 [3, 29, 65, 70, 5, 43, -3]
303:68.10, 7:10 [3, 37, 40, 71, 30, 15, 52, -3]
304:47.69, 10:10 [3, 63, 28, 33, 66, -3]
306:71.39, 10:10 [3, 41, 26, 62, 18, 14, 48, -3]
fe: 2, se: 11

!ALNS------------
100000,1351.174002433844,121.143,27.169,2,11,0.58,0.9454545454545454,34.0,6.181818181818182
6 13 5 2 0 0 3 0 
21.631034814912486 32.69208755720068 30.498277306731488 18.339164667874478 NaN NaN 21.658081275482903 79.781753181225 
6 1 7 2 2 4 5 2 
24.148024227013995 31.39101189320022 25.505002201752976 28.491230211760488 32.4134133856857 28.975022829193662 26.510171754904338 27.33775449542071 

x[243] = 1.0
Vehicle: 11  Cost: 128.16
Route: 1 2 -2 -1 
 1 [ 51   0:  0 [21, 39, 9, 27, 34, 17, 4, 13, 22, 11, 23, 19, 36, 25, 8, 6, 10, 38, 32, 31, 24]]
 2 [  0  64: 64 []]
-2 [ 43  64:527 [51, 50, 45, 61, 57, 55, 56, 47, 67, 68, 46, 69, 58, 54, 44, 42, 60]]
-1 [ 43 591:591 [51, 50, 45, 61, 57, 55, 56, 47, 67, 68, 46, 69, 58, 54, 44, 42, 60]]

x[1647] = 1.0
Vehicle: 12  Cost: 72.14
Route: 1 3 -3 -1 
 1 [ 36   0:  0 [28, 12, 33, 18, 15, 14, 5, 40, 16, 30, 20, 26, 29, 7, 37, 35]]
 3 [  0  36: 36 []]
-3 [ 34  36:382 [65, 43, 53, 49, 41, 71, 48, 66, 62, 64, 63, 70, 59, 57, 52]]
-1 [ 34 418:418 [65, 43, 53, 49, 41, 71, 48, 66, 62, 64, 63, 70, 59, 57, 52]]

y[806] = 1.0
Vehicle: 304  Cost: 36.06
Route: 3 35 -3 
  3 [ 2  36:402]
 35 [ 0 420:425]
 -3 [ 0 443:443]

y[1164] = 1.0
Vehicle: 306  Cost: 71.39
Route: 3 41 26 62 18 14 48 -3 
  3 [ 8 149:164]
 41 [ 9 180:185]
 26 [ 6 193:198]
 62 [10 198:203]
 18 [ 6 300:305]
 14 [ 5 318:323]
 48 [ 9 323:328]
 -3 [ 9 357:357]

y[1176] = 1.0
Vehicle: 303  Cost: 64.42
Route: 3 65 70 5 43 -3 
  3 [ 3  36: 51]
 65 [ 7  79: 84]
 70 [10  92: 97]
  5 [ 7 300:305]
 43 [ 9 305:310]
 -3 [ 9 338:338]

y[1226] = 1.0
Vehicle: 203  Cost: 130.93
Route: 2 36 32 69 38 44 6 68 -2 
  2 [10  64: 79]
 36 [ 8 113:118]
 32 [ 6 128:133]
 69 [ 9 140:145]
 38 [ 5 145:150]
 44 [ 9 300:305]
  6 [ 7 305:310]
 68 [10 350:355]
 -2 [10 391:391]

y[1909] = 1.0
Vehicle: 204  Cost: 172.12
Route: 2 34 22 23 58 19 51 47 56 -2 
  2 [10 183:198]
 34 [ 9 233:238]
 22 [ 5 300:305]
 23 [ 3 339:344]
 58 [ 4 344:349]
 19 [ 1 379:384]
 51 [ 3 384:389]
 47 [ 6 392:397]
 56 [ 8 419:424]
 -2 [ 8 463:463]

y[2131] = 1.0
Vehicle: 303  Cost: 68.10
Route: 3 37 71 40 30 15 52 -3 
  3 [ 7 139:154]
 37 [ 5 178:183]
 71 [ 7 191:196]
 40 [ 6 196:201]
 30 [ 3 300:305]
 15 [ 2 308:313]
 52 [ 3 331:336]
 -3 [ 3 348:348]

y[2767] = 1.0
Vehicle: 202  Cost: 131.76
Route: 2 17 11 50 10 46 4 42 -2 
  2 [ 8  64: 79]
 17 [ 6 110:115]
 11 [ 2 180:185]
 50 [ 6 210:215]
 10 [ 5 226:231]
 46 [ 7 231:236]
  4 [ 6 420:425]
 42 [10 425:430]
 -2 [10 479:479]

y[3189] = 1.0
Vehicle: 201  Cost: 119.98
Route: 2 54 24 60 9 45 67 -2 
  2 [ 6  64: 79]
 54 [ 9  92: 97]
 24 [ 7 112:117]
 60 [ 9 300:305]
  9 [ 5 325:330]
 45 [ 8 330:335]
 67 [10 345:350]
 -2 [10 409:409]

y[3332] = 1.0
Vehicle: 304  Cost: 47.69
Route: 3 28 63 33 66 -3 
  3 [ 8  36:292]
 28 [ 4 300:305]
 63 [ 6 305:310]
 33 [ 2 333:338]
 66 [ 3 338:343]
 -3 [ 3 360:360]

y[3398] = 1.0
Vehicle: 206  Cost: 75.42
Route: 2 31 27 21 55 39 -2 
  2 [ 8  64: 79]
 31 [ 5 112:117]
 27 [ 3 123:128]
 21 [ 1 300:305]
 55 [ 2 305:310]
 39 [ 1 321:326]
 -2 [ 1 328:328]

y[4159] = 1.0
Vehicle: 201  Cost: 66.54
Route: 2 25 8 13 61 -2 
  2 [ 9  64:283]
 25 [ 8 300:305]
  8 [ 4 311:316]
 13 [ 0 328:333]
 61 [ 3 343:348]
 -2 [ 3 369:369]

y[4267] = 1.0
Vehicle: 301  Cost: 165.67
Route: 3 29 64 20 53 12 7 49 16 57 59 -3 
  3 [ 8  36: 51]
 29 [ 6  73: 78]
 64 [10  78: 83]
 20 [ 7  91: 96]
 53 [ 8  96:101]
 12 [ 7 105:110]
  7 [ 6 122:127]
 49 [ 7 157:162]
 16 [ 6 162:167]
 57 [ 7 202:207]
 59 [10 218:223]
 -3 [10 267:267]

FE: 2
SE: 12
!MIP-----
1350.3699561835772,164.22592282295227,9.977088463222133E-5,2,12,3731,4449

Run: 4
Total Cost: 1350.37
Vehicle: 11  Cost: 128.16
Route: 1 2 -2 -1 
 1 [ 51   0:  0 [39, 17, 6, 25, 9, 19, 8, 38, 32, 4, 31, 11, 27, 21, 10, 23, 13, 22, 24, 34, 36]]
 2 [  0  64: 64 []]
-2 [ 42  64:494 [42, 61, 60, 46, 54, 56, 67, 47, 51, 44, 50, 58, 55, 45, 69, 68]]
-1 [ 42 558:558 [42, 61, 60, 46, 54, 56, 67, 47, 51, 44, 50, 58, 55, 45, 69, 68]]

Vehicle: 13  Cost: 72.14
Route: 1 3 -3 -1 
 1 [ 36   0:  0 [15, 28, 18, 26, 7, 40, 14, 12, 33, 5, 29, 16, 20, 30, 35, 37]]
 3 [  0  36: 36 []]
-3 [ 34  36:372 [71, 48, 49, 53, 64, 59, 62, 43, 66, 63, 57, 70, 52, 65, 41]]
-1 [ 34 408:408 [71, 48, 49, 53, 64, 59, 62, 43, 66, 63, 57, 70, 52, 65, 41]]

Vehicle: 201  Cost: 130.93
Route: 2 36 32 69 38 44 6 68 -2 
  2 [10  64: 79]
 36 [ 8 113:118]
 32 [ 6 128:133]
 69 [ 9 140:145]
 38 [ 5 145:150]
 44 [ 9 300:305]
  6 [ 7 305:310]
 68 [10 350:355]
 -2 [10 391:391]

Vehicle: 202  Cost: 75.42
Route: 2 31 27 55 21 39 -2 
  2 [ 8  64: 79]
 31 [ 5 112:117]
 27 [ 3 123:128]
 55 [ 4 300:305]
 21 [ 2 305:310]
 39 [ 1 321:326]
 -2 [ 1 328:328]

Vehicle: 203  Cost: 119.98
Route: 2 54 24 60 9 45 67 -2 
  2 [ 6  64: 79]
 54 [ 9  92: 97]
 24 [ 7 112:117]
 60 [ 9 300:305]
  9 [ 5 325:330]
 45 [ 8 330:335]
 67 [10 345:350]
 -2 [10 409:409]

Vehicle: 204  Cost: 66.54
Route: 2 25 8 13 61 -2 
  2 [ 9  64:283]
 25 [ 8 300:305]
  8 [ 4 311:316]
 13 [ 0 328:333]
 61 [ 3 343:348]
 -2 [ 3 369:369]

Vehicle: 205  Cost: 172.12
Route: 2 34 22 23 58 51 19 47 56 -2 
  2 [10  64: 79]
 34 [ 9 114:119]
 22 [ 5 300:305]
 23 [ 3 339:344]
 58 [ 4 344:349]
 51 [ 6 379:384]
 19 [ 3 384:389]
 47 [ 6 392:397]
 56 [ 8 419:424]
 -2 [ 8 463:463]

Vehicle: 206  Cost: 131.76
Route: 2 17 11 50 10 46 4 42 -2 
  2 [ 8  64: 79]
 17 [ 6 110:115]
 11 [ 2 180:185]
 50 [ 6 210:215]
 10 [ 5 226:231]
 46 [ 7 231:236]
  4 [ 6 420:425]
 42 [10 425:430]
 -2 [10 479:479]

Vehicle: 301  Cost: 71.39
Route: 3 41 26 62 18 14 48 -3 
  3 [ 8  36: 51]
 41 [ 9  66: 71]
 26 [ 6  79: 84]
 62 [10  84: 89]
 18 [ 6 300:305]
 14 [ 5 318:323]
 48 [ 9 323:328]
 -3 [ 9 357:357]

Vehicle: 302  Cost: 36.06
Route: 3 35 -3 
  3 [ 2  36:402]
 35 [ 0 420:425]
 -3 [ 0 443:443]

Vehicle: 303  Cost: 165.67
Route: 3 29 64 20 53 12 7 16 49 57 59 -3 
  3 [ 8  36: 51]
 29 [ 6  73: 78]
 64 [10  78: 83]
 20 [ 7  91: 96]
 53 [ 8  96:101]
 12 [ 7 105:110]
  7 [ 6 122:127]
 16 [ 5 157:162]
 49 [ 6 162:167]
 57 [ 7 202:207]
 59 [10 218:223]
 -3 [10 267:267]

Vehicle: 305  Cost: 64.42
Route: 3 65 70 5 43 -3 
  3 [ 3  36: 51]
 65 [ 7  79: 84]
 70 [10  92: 97]
  5 [ 7 300:305]
 43 [ 9 305:310]
 -3 [ 9 338:338]

Vehicle: 306  Cost: 68.10
Route: 3 37 40 71 30 15 52 -3 
  3 [ 7  36: 51]
 37 [ 5  75: 80]
 40 [ 4 180:185]
 71 [ 6 185:190]
 30 [ 3 300:305]
 15 [ 2 308:313]
 52 [ 3 331:336]
 -3 [ 3 348:348]

Vehicle: 307  Cost: 47.69
Route: 3 33 66 63 28 -3 
  3 [ 8  36:283]
 33 [ 4 300:305]
 66 [ 5 305:310]
 63 [ 7 333:338]
 28 [ 3 338:343]
 -3 [ 3 351:351]

Total Cost: 1350.37
 11:128.16, 51:75 [1, 2, -2, -1]
 13:72.14, 36:75 [1, 3, -3, -1]
201:130.93, 10:10 [2, 36, 32, 69, 38, 44, 6, 68, -2]
202:75.42, 8:10 [2, 31, 27, 55, 21, 39, -2]
203:119.98, 10:10 [2, 54, 24, 60, 9, 45, 67, -2]
204:66.54, 9:10 [2, 25, 8, 13, 61, -2]
205:172.12, 10:10 [2, 34, 22, 23, 58, 51, 19, 47, 56, -2]
206:131.76, 10:10 [2, 17, 11, 50, 10, 46, 4, 42, -2]
301:71.39, 10:10 [3, 41, 26, 62, 18, 14, 48, -3]
302:36.06, 2:10 [3, 35, -3]
303:165.67, 10:10 [3, 29, 64, 20, 53, 12, 7, 16, 49, 57, 59, -3]
305:64.42, 10:10 [3, 65, 70, 5, 43, -3]
306:68.10, 7:10 [3, 37, 40, 71, 30, 15, 52, -3]
307:47.69, 8:10 [3, 33, 66, 63, 28, -3]
fe: 2, se: 12

!ALNS------------
100000,1350.3699561835772,120.986,118.918,2,12,0.58,0.8666666666666667,34.0,5.666666666666667
8 18 4 4 0 0 13 0 
20.766697313918502 45.04663391200874 27.515153601991088 27.906378469034276 136.93200989331817 102.27791459476822 19.001584269909138 65.33273618134412 
9 5 9 5 5 4 7 3 
26.43119060353675 25.832015437154805 31.886070191039135 37.26586868694593 29.606908430686932 35.400140129319446 28.178890179233225 40.232255324473996 

x[324] = 1.0
Vehicle: 11  Cost: 128.16
Route: 1 2 -2 -1 
 1 [ 51   0:  0 [22, 27, 36, 17, 38, 9, 24, 11, 8, 21, 6, 39, 23, 13, 34, 4, 19, 10, 32, 31, 25]]
 2 [  0  64: 64 []]
-2 [ 43  64:527 [50, 44, 57, 60, 68, 45, 61, 56, 54, 69, 67, 58, 47, 42, 51, 46, 55]]
-1 [ 43 591:591 [50, 44, 57, 60, 68, 45, 61, 56, 54, 69, 67, 58, 47, 42, 51, 46, 55]]

x[849] = 1.0
Vehicle: 13  Cost: 72.14
Route: 1 3 -3 -1 
 1 [ 36   0:  0 [15, 5, 18, 40, 37, 35, 16, 26, 28, 14, 30, 29, 12, 20, 33, 7]]
 3 [  0  36: 36 []]
-3 [ 34  36:382 [48, 43, 49, 70, 41, 71, 62, 63, 52, 59, 57, 66, 64, 53, 65]]
-1 [ 34 418:418 [48, 43, 49, 70, 41, 71, 62, 63, 52, 59, 57, 66, 64, 53, 65]]

y[337] = 1.0
Vehicle: 202  Cost: 75.42
Route: 2 31 27 21 55 39 -2 
  2 [ 8 125:140]
 31 [ 5 174:179]
 27 [ 3 184:189]
 21 [ 1 300:305]
 55 [ 2 305:310]
 39 [ 1 321:326]
 -2 [ 1 328:328]

y[538] = 1.0
Vehicle: 206  Cost: 131.76
Route: 2 17 11 50 46 10 4 42 -2 
  2 [ 8 151:166]
 17 [ 6 197:202]
 11 [ 2 217:222]
 50 [ 6 247:252]
 46 [ 8 263:268]
 10 [ 7 268:273]
  4 [ 6 420:425]
 42 [10 425:430]
 -2 [10 479:479]

y[543] = 1.0
Vehicle: 205  Cost: 172.12
Route: 2 34 22 23 58 19 51 47 56 -2 
  2 [10 125:140]
 34 [ 9 175:180]
 22 [ 5 300:305]
 23 [ 3 339:344]
 58 [ 4 344:349]
 19 [ 1 379:384]
 51 [ 3 384:389]
 47 [ 6 392:397]
 56 [ 8 419:424]
 -2 [ 8 463:463]

y[854] = 1.0
Vehicle: 308  Cost: 36.06
Route: 3 35 -3 
  3 [ 2  36:402]
 35 [ 0 420:425]
 -3 [ 0 443:443]

y[1304] = 1.0
Vehicle: 205  Cost: 130.93
Route: 2 36 32 69 38 6 44 68 -2 
  2 [10  64: 79]
 36 [ 8 113:118]
 32 [ 6 128:133]
 69 [ 9 140:145]
 38 [ 5 145:150]
  6 [ 3 300:305]
 44 [ 7 305:310]
 68 [10 350:355]
 -2 [10 391:391]

y[1442] = 1.0
Vehicle: 303  Cost: 47.69
Route: 3 66 33 63 28 -3 
  3 [ 8  36:283]
 66 [ 9 300:305]
 33 [ 5 305:310]
 63 [ 7 333:338]
 28 [ 3 338:343]
 -3 [ 3 351:351]

y[1545] = 1.0
Vehicle: 302  Cost: 71.39
Route: 3 41 26 62 18 14 48 -3 
  3 [ 8 139:154]
 41 [ 9 169:174]
 26 [ 6 182:187]
 62 [10 187:192]
 18 [ 6 300:305]
 14 [ 5 318:323]
 48 [ 9 323:328]
 -3 [ 9 357:357]

y[2278] = 1.0
Vehicle: 304  Cost: 68.10
Route: 3 37 40 71 30 15 52 -3 
  3 [ 7 139:154]
 37 [ 5 178:183]
 40 [ 4 191:196]
 71 [ 6 196:201]
 30 [ 3 300:305]
 15 [ 2 308:313]
 52 [ 3 331:336]
 -3 [ 3 348:348]

y[3460] = 1.0
Vehicle: 203  Cost: 119.98
Route: 2 54 24 60 9 45 67 -2 
  2 [ 6  64: 79]
 54 [ 9  92: 97]
 24 [ 7 112:117]
 60 [ 9 300:305]
  9 [ 5 325:330]
 45 [ 8 330:335]
 67 [10 345:350]
 -2 [10 409:409]

y[4338] = 1.0
Vehicle: 305  Cost: 64.42
Route: 3 65 70 5 43 -3 
  3 [ 3 139:154]
 65 [ 7 182:187]
 70 [10 195:200]
  5 [ 7 300:305]
 43 [ 9 305:310]
 -3 [ 9 338:338]

y[4492] = 1.0
Vehicle: 203  Cost: 66.54
Route: 2 25 8 13 61 -2 
  2 [ 9  64:283]
 25 [ 8 300:305]
  8 [ 4 311:316]
 13 [ 0 328:333]
 61 [ 3 343:348]
 -2 [ 3 369:369]

y[4615] = 1.0
Vehicle: 303  Cost: 165.67
Route: 3 29 64 20 53 12 7 49 16 57 59 -3 
  3 [ 8  36: 51]
 29 [ 6  73: 78]
 64 [10  78: 83]
 20 [ 7  91: 96]
 53 [ 8  96:101]
 12 [ 7 105:110]
  7 [ 6 122:127]
 49 [ 7 157:162]
 16 [ 6 162:167]
 57 [ 7 202:207]
 59 [10 218:223]
 -3 [10 267:267]

FE: 2
SE: 12
!MIP-----
1350.3699561835772,187.53653383255005,9.999721928835084E-5,2,12,5201,4804

Run: 5
Total Cost: 1357.93
Vehicle: 11  Cost: 128.16
Route: 1 2 -2 -1 
 1 [ 50   0:  0 [13, 27, 21, 6, 9, 19, 32, 38, 39, 34, 17, 23, 22, 8, 35, 36, 31, 25, 11, 4]]
 2 [  0  64: 64 []]
-2 [ 38  64:505 [44, 47, 42, 45, 55, 58, 50, 51, 56, 67, 68, 54, 61, 69]]
-1 [ 38 569:569 [44, 47, 42, 45, 55, 58, 50, 51, 56, 67, 68, 54, 61, 69]]

Vehicle: 12  Cost: 72.14
Route: 1 3 -3 -1 
 1 [ 37   0:  0 [18, 7, 24, 15, 20, 16, 33, 14, 29, 40, 26, 5, 37, 30, 28, 12, 10]]
 3 [  0  36: 36 []]
-3 [ 38  36:372 [43, 60, 65, 48, 66, 63, 59, 62, 64, 49, 53, 57, 52, 71, 70, 41, 46]]
-1 [ 38 408:408 [43, 60, 65, 48, 66, 63, 59, 62, 64, 49, 53, 57, 52, 71, 70, 41, 46]]

Vehicle: 201  Cost: 143.58
Route: 2 54 9 45 67 35 -2 
  2 [ 6  64: 79]
 54 [ 9  92: 97]
  9 [ 5 300:305]
 45 [ 8 305:310]
 67 [10 320:325]
 35 [ 8 420:425]
 -2 [ 8 469:469]

Vehicle: 202  Cost: 149.34
Route: 2 17 11 50 51 19 47 -2 
  2 [ 9  64: 79]
 17 [ 7 110:115]
 11 [ 3 180:185]
 50 [ 7 210:215]
 51 [ 9 300:305]
 19 [ 6 305:310]
 47 [ 9 313:318]
 -2 [ 9 377:377]

Vehicle: 203  Cost: 116.18
Route: 2 13 61 23 58 4 42 56 -2 
  2 [ 7  64:284]
 13 [ 3 300:305]
 61 [ 6 315:320]
 23 [ 4 334:339]
 58 [ 5 339:344]
  4 [ 4 420:425]
 42 [ 8 425:430]
 56 [10 446:451]
 -2 [10 490:490]

Vehicle: 204  Cost: 75.42
Route: 2 31 27 55 21 39 -2 
  2 [ 8  64: 79]
 31 [ 5 112:117]
 27 [ 3 123:128]
 55 [ 4 300:305]
 21 [ 2 305:310]
 39 [ 1 321:326]
 -2 [ 1 328:328]

Vehicle: 205  Cost: 93.28
Route: 2 34 22 8 25 -2 
  2 [10  64: 79]
 34 [ 9 114:119]
 22 [ 5 300:305]
  8 [ 1 331:336]
 25 [ 0 342:347]
 -2 [ 0 364:364]

Vehicle: 207  Cost: 130.93
Route: 2 36 32 69 38 6 44 68 -2 
  2 [10  64: 79]
 36 [ 8 113:118]
 32 [ 6 128:133]
 69 [ 9 140:145]
 38 [ 5 145:150]
  6 [ 3 300:305]
 44 [ 7 305:310]
 68 [10 350:355]
 -2 [10 391:391]

Vehicle: 301  Cost: 64.42
Route: 3 65 70 5 43 -3 
  3 [ 3  36: 51]
 65 [ 7  79: 84]
 70 [10  92: 97]
  5 [ 7 300:305]
 43 [ 9 305:310]
 -3 [ 9 338:338]

Vehicle: 302  Cost: 52.43
Route: 3 64 29 66 33 -3 
  3 [ 6  36: 51]
 64 [10  73: 78]
 29 [ 8  78: 83]
 66 [ 9 300:305]
 33 [ 5 305:310]
 -3 [ 5 327:327]

Vehicle: 303  Cost: 16.12
Route: 3 28 63 -3 
  3 [ 4  36:292]
 28 [ 0 300:305]
 63 [ 2 305:310]
 -3 [ 2 318:318]

Vehicle: 305  Cost: 71.39
Route: 3 41 26 62 18 14 48 -3 
  3 [ 8  36: 51]
 41 [ 9  66: 71]
 26 [ 6  79: 84]
 62 [10  84: 89]
 18 [ 6 300:305]
 14 [ 5 318:323]
 48 [ 9 323:328]
 -3 [ 9 357:357]

Vehicle: 306  Cost: 68.10
Route: 3 37 71 40 30 15 52 -3 
  3 [ 7  36: 51]
 37 [ 5  75: 80]
 71 [ 7 180:185]
 40 [ 6 185:190]
 30 [ 3 300:305]
 15 [ 2 308:313]
 52 [ 3 331:336]
 -3 [ 3 348:348]

Vehicle: 307  Cost: 176.44
Route: 3 53 20 12 7 49 16 10 46 57 59 24 60 -3 
  3 [ 9  36: 51]
 53 [10  79: 84]
 20 [ 7  84: 89]
 12 [ 6  94: 99]
  7 [ 5 111:116]
 49 [ 6 146:151]
 16 [ 5 151:156]
 10 [ 4 174:179]
 46 [ 6 179:184]
 57 [ 7 210:215]
 59 [10 225:230]
 24 [ 8 230:235]
 60 [10 300:305]
 -3 [10 349:349]

Total Cost: 1357.93
 11:128.16, 50:75 [1, 2, -2, -1]
 12:72.14, 38:75 [1, 3, -3, -1]
201:143.58, 10:10 [2, 54, 9, 45, 67, 35, -2]
202:149.34, 9:10 [2, 17, 11, 50, 51, 19, 47, -2]
203:116.18, 10:10 [2, 13, 61, 23, 58, 4, 42, 56, -2]
204:75.42, 8:10 [2, 31, 27, 55, 21, 39, -2]
205:93.28, 10:10 [2, 34, 22, 8, 25, -2]
207:130.93, 10:10 [2, 36, 32, 69, 38, 6, 44, 68, -2]
301:64.42, 10:10 [3, 65, 70, 5, 43, -3]
302:52.43, 10:10 [3, 64, 29, 66, 33, -3]
303:16.12, 4:10 [3, 28, 63, -3]
305:71.39, 10:10 [3, 41, 26, 62, 18, 14, 48, -3]
306:68.10, 7:10 [3, 37, 71, 40, 30, 15, 52, -3]
307:176.44, 10:10 [3, 53, 20, 12, 7, 49, 16, 10, 46, 57, 59, 24, 60, -3]
fe: 2, se: 12

!ALNS------------
100000,1357.9263387119533,117.125,47.178,2,12,0.5866666666666667,0.9,34.0,5.666666666666667
13 15 6 2 0 1 9 0 
18.67501307899539 41.32238504445123 40.032342985590994 35.03861779910411 89.35134616425084 154.46069717528178 23.948876928589403 70.46476487993496 
5 7 6 7 7 3 7 4 
33.7110002976331 28.390970112252607 39.953955624160066 38.170128973838466 34.293991190652505 40.034831974886394 30.503075597069532 33.15864489291753 

x[2307] = 1.0
Vehicle: 11  Cost: 128.16
Route: 1 2 -2 -1 
 1 [ 48   0:  0 [27, 11, 6, 21, 31, 19, 9, 23, 8, 22, 36, 38, 25, 39, 32, 4, 34, 17, 13]]
 2 [  0  64: 64 []]
-2 [ 40  64:534 [55, 47, 42, 54, 60, 69, 44, 51, 45, 50, 56, 61, 67, 68, 58]]
-1 [ 40 599:599 [55, 47, 42, 54, 60, 69, 44, 51, 45, 50, 56, 61, 67, 68, 58]]

x[2821] = 1.0
Vehicle: 12  Cost: 72.14
Route: 1 3 -3 -1 
 1 [ 39   0:  0 [7, 15, 16, 14, 26, 5, 28, 12, 10, 18, 30, 37, 20, 40, 24, 29, 33, 35]]
 3 [  0  36: 36 []]
-3 [ 38  36:384 [64, 53, 57, 60, 48, 70, 41, 46, 71, 65, 52, 66, 49, 59, 62, 43, 63]]
-1 [ 38 420:420 [64, 53, 57, 60, 48, 70, 41, 46, 71, 65, 52, 66, 49, 59, 62, 43, 63]]

y[274] = 1.0
Vehicle: 202  Cost: 118.25
Route: 2 17 11 50 23 58 61 -2 
  2 [ 8 111:126]
 17 [ 6 156:161]
 11 [ 2 180:185]
 50 [ 6 210:215]
 23 [ 4 300:305]
 58 [ 5 305:310]
 61 [ 8 323:328]
 -2 [ 8 349:349]

y[558] = 1.0
Vehicle: 307  Cost: 36.06
Route: 3 35 -3 
  3 [ 2  36:402]
 35 [ 0 420:425]
 -3 [ 0 443:443]

y[884] = 1.0
Vehicle: 207  Cost: 130.93
Route: 2 36 32 69 38 6 44 68 -2 
  2 [10  64: 79]
 36 [ 8 113:118]
 32 [ 6 128:133]
 69 [ 9 140:145]
 38 [ 5 145:150]
  6 [ 3 300:305]
 44 [ 7 305:310]
 68 [10 350:355]
 -2 [10 391:391]

y[1032] = 1.0
Vehicle: 305  Cost: 71.39
Route: 3 41 26 62 18 48 14 -3 
  3 [ 8 139:154]
 41 [ 9 169:174]
 26 [ 6 182:187]
 62 [10 187:192]
 18 [ 6 300:305]
 48 [10 318:323]
 14 [ 9 323:328]
 -3 [ 9 357:357]

y[1053] = 1.0
Vehicle: 203  Cost: 122.09
Route: 2 54 67 9 45 56 -2 
  2 [ 4 111:126]
 54 [ 7 139:144]
 67 [ 9 300:305]
  9 [ 5 315:320]
 45 [ 8 320:325]
 56 [10 338:343]
 -2 [10 382:382]

y[1342] = 1.0
Vehicle: 303  Cost: 16.12
Route: 3 63 28 -3 
  3 [ 4 139:292]
 63 [ 6 300:305]
 28 [ 2 305:310]
 -3 [ 2 318:318]

y[2412] = 1.0
Vehicle: 201  Cost: 51.15
Route: 2 13 8 25 -2 
  2 [ 9 111:284]
 13 [ 5 300:305]
  8 [ 1 317:322]
 25 [ 0 328:333]
 -2 [ 0 351:351]

y[2650] = 1.0
Vehicle: 302  Cost: 52.43
Route: 3 29 64 66 33 -3 
  3 [ 6 139:154]
 29 [ 4 176:181]
 64 [ 8 181:186]
 66 [ 9 300:305]
 33 [ 5 305:310]
 -3 [ 5 327:327]

y[3157] = 1.0
Vehicle: 204  Cost: 168.95
Route: 2 34 22 51 19 47 42 4 -2 
  2 [ 9 111:126]
 34 [ 8 161:166]
 22 [ 4 300:305]
 51 [ 6 367:372]
 19 [ 3 372:377]
 47 [ 6 380:385]
 42 [10 420:425]
  4 [ 9 425:430]
 -2 [ 9 479:479]

y[3383] = 1.0
Vehicle: 307  Cost: 176.44
Route: 3 53 20 12 7 16 49 10 46 57 24 59 60 -3 
  3 [ 9  36: 51]
 53 [10  79: 84]
 20 [ 7  84: 89]
 12 [ 6  94: 99]
  7 [ 5 111:116]
 16 [ 4 146:151]
 49 [ 5 151:156]
 10 [ 4 174:179]
 46 [ 6 179:184]
 57 [ 7 210:215]
 24 [ 5 225:230]
 59 [ 8 230:235]
 60 [10 300:305]
 -3 [10 349:349]

y[3919] = 1.0
Vehicle: 306  Cost: 64.42
Route: 3 65 70 5 43 -3 
  3 [ 3  36: 51]
 65 [ 7  79: 84]
 70 [10  92: 97]
  5 [ 7 300:305]
 43 [ 9 305:310]
 -3 [ 9 338:338]

y[4563] = 1.0
Vehicle: 306  Cost: 68.10
Route: 3 37 40 71 30 15 52 -3 
  3 [ 7 139:154]
 37 [ 5 178:183]
 40 [ 4 191:196]
 71 [ 6 196:201]
 30 [ 3 300:305]
 15 [ 2 308:313]
 52 [ 3 331:336]
 -3 [ 3 348:348]

y[5493] = 1.0
Vehicle: 204  Cost: 75.42
Route: 2 31 27 55 21 39 -2 
  2 [ 8  64: 79]
 31 [ 5 112:117]
 27 [ 3 123:128]
 55 [ 4 300:305]
 21 [ 2 305:310]
 39 [ 1 321:326]
 -2 [ 1 328:328]

FE: 2
SE: 13
!MIP-----
1352.0492662898414,104.3358519077301,9.766452141809447E-5,2,13,4980,6182

