--Parameters Information--
speed=1
run=5
iteration= 100000
batch=100
restartPeriod=10000
largeRemovalOccurrence=500
initialLNS=250
lowerBoundSmallRemoval=4
smallRemoval=0.2
lowerBoundLargeRemoval=0.55
largeRemoval=0.8
initialWeight=1.0
decayRate=0.1
gamma1=9.0
gamma2=5.0
gamma3=2.0
gamma4=0.0
coolingRate=0.9995
temperatureControlParameter=0.05
initialAcceptanceProbability=0.5
perturbation=0.5
perturbationFactor=0.01
split=20000

Setup: Split
Data: A_50_8_LD

Run: 1
Total Cost: 1385.13
Vehicle: 11  Cost: 110.15
Route: 1 2 -2 -1 
 1 [ 56   0:  0 [5, 18, 32, 8, 17, 36, 19, 13, 29, 26, 12, 39, 15, 25, 7, 21, 6, 23, 34, 4, 31, 37, 33]]
 2 [  0  55: 55 []]
-2 [ 32  55:482 [46, 62, 64, 43, 40, 54, 56, 66, 61, 44, 60, 48, 51, 50, 45, 65]]
-1 [ 32 537:537 [46, 62, 64, 43, 40, 54, 56, 66, 61, 44, 60, 48, 51, 50, 45, 65]]

Vehicle: 14  Cost: 131.48
Route: 1 3 -3 -1 
 1 [ 32   0:  0 [28, 16, 10, 20, 27, 38, 11, 9, 22, 30, 14, 24, 35]]
 3 [  0  66: 66 []]
-3 [ 25  66:337 [55, 58, 52, 53, 57, 63, 47, 42, 49, 59, 41]]
-1 [ 25 403:403 [55, 58, 52, 53, 57, 63, 47, 42, 49, 59, 41]]

Vehicle: 201  Cost: 114.78
Route: 2 33 45 8 40 23 5 -2 
  2 [10  55: 70]
 33 [ 7 116:121]
 45 [10 300:305]
  8 [ 7 305:310]
 40 [ 8 318:323]
 23 [ 6 332:337]
  5 [ 4 352:357]
 -2 [ 4 388:388]

Vehicle: 202  Cost: 133.27
Route: 2 4 15 29 44 7 -2 
  2 [10  55: 70]
  4 [ 8 103:108]
 15 [ 5 115:120]
 29 [ 4 158:163]
 44 [ 7 300:305]
  7 [ 3 305:310]
 -2 [ 3 363:363]

Vehicle: 203  Cost: 123.82
Route: 2 17 60 32 46 54 12 6 -2 
  2 [10  55: 70]
 17 [ 8  85: 90]
 60 [ 9 180:185]
 32 [ 8 185:190]
 46 [ 9 198:203]
 54 [10 227:232]
 12 [ 6 236:241]
  6 [ 3 300:305]
 -2 [ 3 351:351]

Vehicle: 205  Cost: 115.09
Route: 2 43 25 51 18 65 50 13 -2 
  2 [ 9  55: 70]
 43 [10  80: 85]
 25 [ 6  98:103]
 51 [10 120:125]
 18 [ 6 125:130]
 65 [ 9 300:305]
 50 [10 318:323]
 13 [ 9 336:341]
 -2 [ 9 376:376]

Vehicle: 206  Cost: 128.54
Route: 2 36 64 37 66 26 56 61 19 62 -2 
  2 [ 9  55: 70]
 36 [ 6  79: 84]
 64 [ 7  84: 89]
 37 [ 6 122:127]
 66 [ 9 127:132]
 26 [ 5 141:146]
 56 [ 8 146:151]
 61 [10 166:171]
 19 [ 9 300:305]
 62 [10 327:332]
 -2 [10 369:369]

Vehicle: 207  Cost: 110.53
Route: 2 31 21 39 48 34 -2 
  2 [ 8  55: 70]
 31 [ 5  98:103]
 21 [ 4 118:123]
 39 [ 2 134:139]
 48 [ 5 147:152]
 34 [ 3 420:425]
 -2 [ 3 467:467]

Vehicle: 301  Cost: 128.20
Route: 3 9 28 58 35 53 -3 
  3 [10  66: 81]
  9 [ 7 130:135]
 28 [ 4 147:152]
 58 [ 6 152:157]
 35 [ 2 203:208]
 53 [ 6 218:223]
 -3 [ 6 234:234]

Vehicle: 302  Cost: 73.29
Route: 3 27 57 52 14 49 41 -3 
  3 [ 3  66: 81]
 27 [ 2  87: 92]
 57 [ 5  92: 97]
 52 [ 6 120:125]
 14 [ 4 129:134]
 49 [ 8 160:165]
 41 [ 9 300:305]
 -3 [ 9 316:316]

Vehicle: 303  Cost: 168.20
Route: 3 20 55 11 47 16 10 42 30 59 -3 
  3 [10  66: 81]
 20 [ 8 114:119]
 55 [ 9 129:134]
 11 [ 7 177:182]
 47 [ 9 182:187]
 16 [ 7 192:197]
 10 [ 4 202:207]
 42 [ 8 254:259]
 30 [ 7 273:278]
 59 [ 9 278:283]
 -3 [ 9 294:294]

Vehicle: 304  Cost: 47.77
Route: 3 22 38 63 24 -3 
  3 [ 9  66: 81]
 22 [ 8  91: 96]
 38 [ 4 103:108]
 63 [ 5 112:117]
 24 [ 1 300:305]
 -3 [ 1 322:322]

Total Cost: 1385.13
 11:110.15, 56:75 [1, 2, -2, -1]
 14:131.48, 32:75 [1, 3, -3, -1]
201:114.78, 10:10 [2, 33, 45, 8, 40, 23, 5, -2]
202:133.27, 10:10 [2, 4, 15, 29, 44, 7, -2]
203:123.82, 10:10 [2, 17, 60, 32, 46, 54, 12, 6, -2]
205:115.09, 10:10 [2, 43, 25, 51, 18, 65, 50, 13, -2]
206:128.54, 10:10 [2, 36, 64, 37, 66, 26, 56, 61, 19, 62, -2]
207:110.53, 8:10 [2, 31, 21, 39, 48, 34, -2]
301:128.20, 10:10 [3, 9, 28, 58, 35, 53, -3]
302:73.29, 9:10 [3, 27, 57, 52, 14, 49, 41, -3]
303:168.20, 10:10 [3, 20, 55, 11, 47, 16, 10, 42, 30, 59, -3]
304:47.77, 9:10 [3, 22, 38, 63, 24, -3]
fe: 2, se: 10

!ALNS------------
100000,1385.134059599135,112.943,75.149,2,10,0.5866666666666667,0.96,31.5,6.3
4 7 8 11 0 0 4 0 
20.768748989375386 44.77499419516868 29.71034490160804 25.068425241353587 80.84451031402837 26.70817824665561 21.423930980435518 61.90571281181279 
6 7 5 3 3 3 6 1 
28.4055189802812 28.347934991132288 29.893188346208397 35.12132825009792 31.432558187301336 28.714689610545193 28.92907034671434 40.18217765376415 

x[765] = 1.0
Vehicle: 11  Cost: 110.15
Route: 1 2 -2 -1 
 1 [ 50   0:  0 [5, 39, 21, 36, 17, 13, 23, 34, 12, 33, 6, 25, 32, 7, 29, 26, 18, 8, 31, 19]]
 2 [  0  55: 55 []]
-2 [ 29  55:482 [40, 54, 60, 51, 64, 43, 46, 50, 48, 45, 61, 44, 56, 62, 65]]
-1 [ 29 537:537 [40, 54, 60, 51, 64, 43, 46, 50, 48, 45, 61, 44, 56, 62, 65]]

x[1137] = 1.0
Vehicle: 13  Cost: 131.48
Route: 1 3 -3 -1 
 1 [ 38   0:  0 [16, 11, 14, 35, 9, 28, 4, 30, 37, 10, 20, 38, 24, 22, 15, 27]]
 3 [  0  66: 66 []]
-3 [ 28  66:331 [49, 58, 41, 57, 53, 42, 59, 66, 55, 47, 63, 52]]
-1 [ 28 397:397 [49, 58, 41, 57, 53, 42, 59, 66, 55, 47, 63, 52]]

y[458] = 1.0
Vehicle: 203  Cost: 18.00
Route: 2 64 36 -2 
  2 [ 3  55: 70]
 64 [ 4  79: 84]
 36 [ 1  84: 89]
 -2 [ 1  98: 98]

y[1613] = 1.0
Vehicle: 302  Cost: 132.50
Route: 3 35 28 58 9 63 -3 
  3 [10  66: 81]
 35 [ 6 100:105]
 28 [ 3 151:156]
 58 [ 5 156:161]
  9 [ 2 172:177]
 63 [ 3 215:220]
 -3 [ 3 238:238]

y[1719] = 1.0
Vehicle: 303  Cost: 73.29
Route: 3 57 27 52 14 49 41 -3 
  3 [ 3 127:142]
 57 [ 6 149:154]
 27 [ 5 154:159]
 52 [ 6 181:186]
 14 [ 4 190:195]
 49 [ 8 222:227]
 41 [ 9 300:305]
 -3 [ 9 316:316]

y[1874] = 1.0
Vehicle: 304  Cost: 42.12
Route: 3 22 38 24 -3 
  3 [ 9 127:142]
 22 [ 8 152:157]
 38 [ 4 164:169]
 24 [ 0 300:305]
 -3 [ 0 322:322]

y[2381] = 1.0
Vehicle: 305  Cost: 50.86
Route: 3 30 59 4 42 15 -3 
  3 [ 6  66: 81]
 30 [ 5  92: 97]
 59 [ 7  97:102]
  4 [ 5 116:121]
 42 [ 9 121:126]
 15 [ 6 132:137]
 -3 [ 6 157:157]

y[3135] = 1.0
Vehicle: 303  Cost: 185.15
Route: 3 20 55 11 47 16 10 37 66 53 -3 
  3 [10  66: 81]
 20 [ 8 114:119]
 55 [ 9 129:134]
 11 [ 7 177:182]
 47 [ 9 182:187]
 16 [ 7 192:197]
 10 [ 4 202:207]
 37 [ 3 250:255]
 66 [ 6 255:260]
 53 [10 295:300]
 -3 [10 311:311]

y[3324] = 1.0
Vehicle: 201  Cost: 115.09
Route: 2 43 25 18 51 65 50 13 -2 
  2 [ 9  55: 70]
 43 [10  80: 85]
 25 [ 6  98:103]
 18 [ 2 120:125]
 51 [ 6 125:130]
 65 [ 9 300:305]
 50 [10 318:323]
 13 [ 9 336:341]
 -2 [ 9 376:376]

y[4269] = 1.0
Vehicle: 206  Cost: 165.45
Route: 2 29 26 56 61 19 7 44 62 -2 
  2 [10  55: 70]
 29 [ 9 122:127]
 26 [ 5 138:143]
 56 [ 8 143:148]
 61 [10 163:168]
 19 [ 9 300:305]
  7 [ 5 326:331]
 44 [ 8 331:336]
 62 [ 9 363:368]
 -2 [ 9 404:404]

y[5612] = 1.0
Vehicle: 201  Cost: 114.78
Route: 2 33 8 45 40 23 5 -2 
  2 [10 138:153]
 33 [ 7 199:204]
  8 [ 4 300:305]
 45 [ 7 305:310]
 40 [ 8 318:323]
 23 [ 6 332:337]
  5 [ 4 352:357]
 -2 [ 4 388:388]

y[6050] = 1.0
Vehicle: 205  Cost: 123.82
Route: 2 17 32 60 46 54 12 6 -2 
  2 [10 138:153]
 17 [ 8 168:173]
 32 [ 7 191:196]
 60 [ 8 196:201]
 46 [ 9 209:214]
 54 [10 238:243]
 12 [ 6 246:251]
  6 [ 3 300:305]
 -2 [ 3 351:351]

y[6213] = 1.0
Vehicle: 201  Cost: 110.53
Route: 2 31 21 39 48 34 -2 
  2 [ 8  55: 70]
 31 [ 5  98:103]
 21 [ 4 118:123]
 39 [ 2 134:139]
 48 [ 5 147:152]
 34 [ 3 420:425]
 -2 [ 3 467:467]

FE: 2
SE: 11
!MIP-----
1373.2225402570625,308.3358328342438,9.480443729472722E-6,2,11,7102,6440

Run: 2
Total Cost: 1387.63
Vehicle: 11  Cost: 110.15
Route: 1 2 -2 -1 
 1 [ 56   0:  0 [36, 18, 12, 7, 29, 17, 23, 10, 19, 8, 5, 16, 31, 37, 33, 25, 26, 32, 34, 13, 6, 39, 21]]
 2 [  0  55: 55 []]
-2 [ 32  55:482 [54, 45, 44, 64, 50, 56, 51, 43, 60, 46, 48, 66, 61, 65, 40, 62]]
-1 [ 32 537:537 [54, 45, 44, 64, 50, 56, 51, 43, 60, 46, 48, 66, 61, 65, 40, 62]]

Vehicle: 13  Cost: 131.48
Route: 1 3 -3 -1 
 1 [ 32   0:  0 [11, 24, 4, 20, 9, 35, 38, 28, 15, 30, 27, 14, 22]]
 3 [  0  66: 66 []]
-3 [ 25  66:337 [42, 63, 58, 41, 57, 59, 55, 47, 52, 53, 49]]
-1 [ 25 403:403 [42, 63, 58, 41, 57, 59, 55, 47, 52, 53, 49]]

Vehicle: 201  Cost: 115.09
Route: 2 43 25 51 18 65 50 13 -2 
  2 [ 9  55: 70]
 43 [10  80: 85]
 25 [ 6  98:103]
 51 [10 120:125]
 18 [ 6 125:130]
 65 [ 9 300:305]
 50 [10 318:323]
 13 [ 9 336:341]
 -2 [ 9 376:376]

Vehicle: 202  Cost: 110.53
Route: 2 31 21 39 48 34 -2 
  2 [ 8  55: 70]
 31 [ 5  98:103]
 21 [ 4 118:123]
 39 [ 2 134:139]
 48 [ 5 147:152]
 34 [ 3 420:425]
 -2 [ 3 467:467]

Vehicle: 203  Cost: 128.54
Route: 2 64 36 66 37 26 56 61 19 62 -2 
  2 [ 9  55: 70]
 64 [10  79: 84]
 36 [ 7  84: 89]
 66 [10 122:127]
 37 [ 9 127:132]
 26 [ 5 141:146]
 56 [ 8 146:151]
 61 [10 166:171]
 19 [ 9 300:305]
 62 [10 327:332]
 -2 [10 369:369]

Vehicle: 204  Cost: 126.58
Route: 2 12 54 6 8 45 -2 
  2 [10  55: 70]
 12 [ 6 117:122]
 54 [ 7 180:185]
  6 [ 4 300:305]
  8 [ 1 319:324]
 45 [ 4 324:329]
 -2 [ 4 379:379]

Vehicle: 205  Cost: 113.91
Route: 2 17 46 60 32 33 40 23 5 -2 
  2 [10  55: 70]
 17 [ 8  85: 90]
 46 [ 9 106:111]
 60 [10 180:185]
 32 [ 9 185:190]
 33 [ 6 205:210]
 40 [ 7 300:305]
 23 [ 5 314:319]
  5 [ 3 333:338]
 -2 [ 3 369:369]

Vehicle: 208  Cost: 134.97
Route: 2 16 10 29 44 7 -2 
  2 [10  55:163]
 16 [ 8 180:185]
 10 [ 5 190:195]
 29 [ 4 252:257]
 44 [ 7 300:305]
  7 [ 3 305:310]
 -2 [ 3 363:363]

Vehicle: 302  Cost: 47.77
Route: 3 22 38 63 24 -3 
  3 [ 9  66: 81]
 22 [ 8  91: 96]
 38 [ 4 103:108]
 63 [ 5 112:117]
 24 [ 1 300:305]
 -3 [ 1 322:322]

Vehicle: 303  Cost: 128.20
Route: 3 9 58 28 35 53 -3 
  3 [10  66: 81]
  9 [ 7 130:135]
 58 [ 9 147:152]
 28 [ 6 152:157]
 35 [ 2 203:208]
 53 [ 6 218:223]
 -3 [ 6 234:234]

Vehicle: 304  Cost: 73.29
Route: 3 27 57 52 14 49 41 -3 
  3 [ 3  66: 81]
 27 [ 2  87: 92]
 57 [ 5  92: 97]
 52 [ 6 120:125]
 14 [ 4 129:134]
 49 [ 8 160:165]
 41 [ 9 300:305]
 -3 [ 9 316:316]

Vehicle: 305  Cost: 167.11
Route: 3 15 4 42 11 47 55 20 59 30 -3 
  3 [10  66: 81]
 15 [ 7 100:105]
  4 [ 5 112:117]
 42 [ 9 117:122]
 11 [ 7 176:181]
 47 [ 9 181:186]
 55 [10 229:234]
 20 [ 8 244:249]
 59 [10 272:277]
 30 [ 9 277:282]
 -3 [ 9 293:293]

Total Cost: 1387.63
 11:110.15, 56:75 [1, 2, -2, -1]
 13:131.48, 32:75 [1, 3, -3, -1]
201:115.09, 10:10 [2, 43, 25, 51, 18, 65, 50, 13, -2]
202:110.53, 8:10 [2, 31, 21, 39, 48, 34, -2]
203:128.54, 10:10 [2, 64, 36, 66, 37, 26, 56, 61, 19, 62, -2]
204:126.58, 10:10 [2, 12, 54, 6, 8, 45, -2]
205:113.91, 10:10 [2, 17, 46, 60, 32, 33, 40, 23, 5, -2]
208:134.97, 10:10 [2, 16, 10, 29, 44, 7, -2]
302:47.77, 9:10 [3, 22, 38, 63, 24, -3]
303:128.20, 10:10 [3, 9, 58, 28, 35, 53, -3]
304:73.29, 9:10 [3, 27, 57, 52, 14, 49, 41, -3]
305:167.11, 10:10 [3, 15, 4, 42, 11, 47, 55, 20, 59, 30, -3]
fe: 2, se: 10

!ALNS------------
100000,1387.626166845259,103.32,60.206,2,10,0.5866666666666667,0.96,31.5,6.3
3 12 1 3 0 0 5 0 
19.086856665152446 35.50848366585698 27.94716552755166 19.692112282955055 54.63900602446461 95.18896081805582 17.211502207141887 63.41125093110075 
2 5 1 3 3 5 4 1 
30.351009857792494 25.072879637870034 25.658640260660494 25.509306247127608 30.4888765916677 25.71185608769996 26.123461090727936 23.658376270710203 

x[1459] = 1.0
Vehicle: 11  Cost: 110.15
Route: 1 2 -2 -1 
 1 [ 56   0:  0 [6, 33, 10, 5, 34, 32, 8, 31, 29, 39, 23, 25, 17, 7, 26, 21, 37, 16, 19, 13, 12, 36, 18]]
 2 [  0  55: 55 []]
-2 [ 32  55:539 [46, 43, 56, 44, 48, 61, 62, 65, 40, 54, 66, 51, 60, 50, 45, 64]]
-1 [ 32 594:594 [46, 43, 56, 44, 48, 61, 62, 65, 40, 54, 66, 51, 60, 50, 45, 64]]

x[3940] = 1.0
Vehicle: 13  Cost: 131.48
Route: 1 3 -3 -1 
 1 [ 32   0:  0 [28, 38, 20, 4, 22, 15, 11, 14, 30, 9, 24, 35, 27]]
 3 [  0  66: 66 []]
-3 [ 26  66:337 [42, 55, 58, 49, 41, 52, 47, 63, 64, 59, 57, 53]]
-1 [ 26 403:403 [42, 55, 58, 49, 41, 52, 47, 63, 64, 59, 57, 53]]

y[1108] = 1.0
Vehicle: 301  Cost: 128.20
Route: 3 9 58 28 35 53 -3 
  3 [10  66: 81]
  9 [ 7 130:135]
 58 [ 9 147:152]
 28 [ 6 152:157]
 35 [ 2 203:208]
 53 [ 6 218:223]
 -3 [ 6 234:234]

y[1770] = 1.0
Vehicle: 304  Cost: 73.29
Route: 3 27 57 52 14 49 41 -3 
  3 [ 3 127:142]
 27 [ 2 149:154]
 57 [ 5 154:159]
 52 [ 6 181:186]
 14 [ 4 190:195]
 49 [ 8 222:227]
 41 [ 9 300:305]
 -3 [ 9 316:316]

y[1816] = 1.0
Vehicle: 205  Cost: 123.82
Route: 2 17 32 60 46 54 12 6 -2 
  2 [10  55: 70]
 17 [ 8  85: 90]
 32 [ 7 180:185]
 60 [ 8 185:190]
 46 [ 9 198:203]
 54 [10 227:232]
 12 [ 6 236:241]
  6 [ 3 300:305]
 -2 [ 3 351:351]

y[2610] = 1.0
Vehicle: 202  Cost: 114.78
Route: 2 33 8 45 40 23 5 -2 
  2 [10  55: 70]
 33 [ 7 116:121]
  8 [ 4 300:305]
 45 [ 7 305:310]
 40 [ 8 318:323]
 23 [ 6 332:337]
  5 [ 4 352:357]
 -2 [ 4 388:388]

y[3408] = 1.0
Vehicle: 201  Cost: 115.09
Route: 2 43 25 18 51 65 50 13 -2 
  2 [ 9  55: 70]
 43 [10  80: 85]
 25 [ 6  98:103]
 18 [ 2 120:125]
 51 [ 6 125:130]
 65 [ 9 300:305]
 50 [10 318:323]
 13 [ 9 336:341]
 -2 [ 9 376:376]

y[4124] = 1.0
Vehicle: 201  Cost: 52.86
Route: 2 16 10 36 64 -2 
  2 [ 8  55:163]
 16 [ 6 180:185]
 10 [ 3 190:195]
 36 [ 0 217:222]
 64 [ 1 222:227]
 -2 [ 1 236:236]

y[4779] = 1.0
Vehicle: 305  Cost: 167.11
Route: 3 15 4 42 11 47 55 20 59 30 -3 
  3 [10  66: 81]
 15 [ 7 100:105]
  4 [ 5 112:117]
 42 [ 9 117:122]
 11 [ 7 176:181]
 47 [ 9 181:186]
 55 [10 229:234]
 20 [ 8 244:249]
 59 [10 272:277]
 30 [ 9 277:282]
 -3 [ 9 293:293]

y[5747] = 1.0
Vehicle: 302  Cost: 47.77
Route: 3 22 38 63 24 -3 
  3 [ 9 203:218]
 22 [ 8 228:233]
 38 [ 4 240:245]
 63 [ 5 249:254]
 24 [ 1 300:305]
 -3 [ 1 322:322]

y[6086] = 1.0
Vehicle: 204  Cost: 139.89
Route: 2 29 26 56 37 66 7 44 -2 
  2 [10  55: 70]
 29 [ 9 122:127]
 26 [ 5 138:143]
 56 [ 8 143:148]
 37 [ 7 156:161]
 66 [10 161:166]
  7 [ 6 300:305]
 44 [ 9 305:310]
 -2 [ 9 363:363]

y[6462] = 1.0
Vehicle: 203  Cost: 168.45
Route: 2 31 21 39 48 61 19 62 34 -2 
  2 [ 9  55: 70]
 31 [ 6  98:103]
 21 [ 5 118:123]
 39 [ 3 134:139]
 48 [ 6 147:152]
 61 [ 8 179:184]
 19 [ 7 300:305]
 62 [ 8 327:332]
 34 [ 6 420:425]
 -2 [ 6 467:467]

FE: 2
SE: 10
!MIP-----
1372.8954072360864,172.16807198524475,6.952406782015243E-5,2,10,5111,6490

Run: 3
Total Cost: 1374.78
Vehicle: 11  Cost: 110.15
Route: 1 2 -2 -1 
 1 [ 56   0:  0 [10, 39, 18, 23, 16, 33, 32, 12, 6, 5, 31, 34, 13, 21, 36, 8, 25, 17, 26, 7, 19, 37, 29]]
 2 [  0  55: 55 []]
-2 [ 32  55:482 [62, 43, 45, 60, 64, 40, 54, 48, 46, 65, 50, 51, 56, 66, 44, 61]]
-1 [ 32 537:537 [62, 43, 45, 60, 64, 40, 54, 48, 46, 65, 50, 51, 56, 66, 44, 61]]

Vehicle: 12  Cost: 131.48
Route: 1 3 -3 -1 
 1 [ 32   0:  0 [4, 30, 27, 9, 38, 22, 15, 14, 24, 28, 20, 11, 35]]
 3 [  0  66: 66 []]
-3 [ 25  66:337 [47, 53, 55, 58, 42, 52, 57, 41, 63, 59, 49]]
-1 [ 25 403:403 [47, 53, 55, 58, 42, 52, 57, 41, 63, 59, 49]]

Vehicle: 201  Cost: 113.91
Route: 2 17 46 60 32 33 40 23 5 -2 
  2 [10  55: 70]
 17 [ 8  85: 90]
 46 [ 9 106:111]
 60 [10 180:185]
 32 [ 9 185:190]
 33 [ 6 205:210]
 40 [ 7 300:305]
 23 [ 5 314:319]
  5 [ 3 333:338]
 -2 [ 3 369:369]

Vehicle: 202  Cost: 126.58
Route: 2 12 54 6 8 45 -2 
  2 [10  55: 70]
 12 [ 6 117:122]
 54 [ 7 180:185]
  6 [ 4 300:305]
  8 [ 1 319:324]
 45 [ 4 324:329]
 -2 [ 4 379:379]

Vehicle: 203  Cost: 139.89
Route: 2 29 26 56 37 66 7 44 -2 
  2 [10  55: 70]
 29 [ 9 122:127]
 26 [ 5 138:143]
 56 [ 8 143:148]
 37 [ 7 156:161]
 66 [10 161:166]
  7 [ 6 300:305]
 44 [ 9 305:310]
 -2 [ 9 363:363]

Vehicle: 204  Cost: 115.09
Route: 2 43 25 51 18 65 50 13 -2 
  2 [ 9  55: 70]
 43 [10  80: 85]
 25 [ 6  98:103]
 51 [10 120:125]
 18 [ 6 125:130]
 65 [ 9 300:305]
 50 [10 318:323]
 13 [ 9 336:341]
 -2 [ 9 376:376]

Vehicle: 205  Cost: 168.45
Route: 2 31 21 39 48 61 19 62 34 -2 
  2 [ 9  55: 70]
 31 [ 6  98:103]
 21 [ 5 118:123]
 39 [ 3 134:139]
 48 [ 6 147:152]
 61 [ 8 179:184]
 19 [ 7 300:305]
 62 [ 8 327:332]
 34 [ 6 420:425]
 -2 [ 6 467:467]

Vehicle: 206  Cost: 52.86
Route: 2 16 10 36 64 -2 
  2 [ 8  55:163]
 16 [ 6 180:185]
 10 [ 3 190:195]
 36 [ 0 217:222]
 64 [ 1 222:227]
 -2 [ 1 236:236]

Vehicle: 301  Cost: 167.11
Route: 3 15 4 42 11 47 55 20 59 30 -3 
  3 [10  66: 81]
 15 [ 7 100:105]
  4 [ 5 112:117]
 42 [ 9 117:122]
 11 [ 7 176:181]
 47 [ 9 181:186]
 55 [10 229:234]
 20 [ 8 244:249]
 59 [10 272:277]
 30 [ 9 277:282]
 -3 [ 9 293:293]

Vehicle: 302  Cost: 128.20
Route: 3 9 28 58 35 53 -3 
  3 [10  66: 81]
  9 [ 7 130:135]
 28 [ 4 147:152]
 58 [ 6 152:157]
 35 [ 2 203:208]
 53 [ 6 218:223]
 -3 [ 6 234:234]

Vehicle: 303  Cost: 73.29
Route: 3 57 27 52 14 49 41 -3 
  3 [ 3  66: 81]
 57 [ 6  87: 92]
 27 [ 5  92: 97]
 52 [ 6 120:125]
 14 [ 4 129:134]
 49 [ 8 160:165]
 41 [ 9 300:305]
 -3 [ 9 316:316]

Vehicle: 304  Cost: 47.77
Route: 3 22 38 63 24 -3 
  3 [ 9  66: 81]
 22 [ 8  91: 96]
 38 [ 4 103:108]
 63 [ 5 112:117]
 24 [ 1 300:305]
 -3 [ 1 322:322]

Total Cost: 1374.78
 11:110.15, 56:75 [1, 2, -2, -1]
 12:131.48, 32:75 [1, 3, -3, -1]
201:113.91, 10:10 [2, 17, 46, 60, 32, 33, 40, 23, 5, -2]
202:126.58, 10:10 [2, 12, 54, 6, 8, 45, -2]
203:139.89, 10:10 [2, 29, 26, 56, 37, 66, 7, 44, -2]
204:115.09, 10:10 [2, 43, 25, 51, 18, 65, 50, 13, -2]
205:168.45, 9:10 [2, 31, 21, 39, 48, 61, 19, 62, 34, -2]
206:52.86, 8:10 [2, 16, 10, 36, 64, -2]
301:167.11, 10:10 [3, 15, 4, 42, 11, 47, 55, 20, 59, 30, -3]
302:128.20, 10:10 [3, 9, 28, 58, 35, 53, -3]
303:73.29, 9:10 [3, 57, 27, 52, 14, 49, 41, -3]
304:47.77, 9:10 [3, 22, 38, 63, 24, -3]
fe: 2, se: 10

!ALNS------------
100000,1374.7769364896146,157.827,41.088,2,10,0.5866666666666667,0.95,31.5,6.3
2 10 1 4 0 1 4 0 
19.73273673084762 42.58239813843639 34.21082155514276 33.33150489425242 88.72080977414885 68.76370174003667 24.39951632009457 73.85957416125812 
4 6 1 3 2 1 5 0 
32.98316904733477 28.250526278800276 41.16335668786537 37.1797838376995 27.319684439206107 31.25658993420099 31.07998694845837 46.92626259382113 

x[485] = 0.9999999999999999
Vehicle: 15  Cost: 131.48
Route: 1 3 -3 -1 
 1 [ 32   0:  0 [25, 9, 38, 35, 24, 30, 22, 27, 4, 15, 14, 28]]
 3 [  0  66: 66 []]
-3 [ 29  66:337 [53, 57, 59, 43, 41, 42, 58, 63, 55, 52, 49, 47, 56]]
-1 [ 29 403:403 [53, 57, 59, 43, 41, 42, 58, 63, 55, 52, 49, 47, 56]]

x[2834] = 1.0000000000000018
Vehicle: 11  Cost: 110.15
Route: 1 2 -2 -1 
 1 [ 56   0:  0 [34, 29, 16, 23, 32, 19, 26, 39, 37, 31, 10, 21, 17, 5, 36, 33, 6, 7, 13, 20, 18, 12, 8, 11]]
 2 [  0  55: 55 []]
-2 [ 32  55:539 [50, 56, 44, 51, 46, 43, 40, 61, 60, 62, 64, 65, 48, 45, 66, 54]]
-1 [ 32 594:594 [50, 56, 44, 51, 46, 43, 40, 61, 60, 62, 64, 65, 48, 45, 66, 54]]

y[1135] = 1.0000000000000107
Vehicle: 204  Cost: 123.75
Route: 2 36 64 20 51 18 65 50 13 -2 
  2 [10  55: 70]
 36 [ 7  79: 84]
 64 [ 8  84: 89]
 20 [ 6 114:119]
 51 [10 134:139]
 18 [ 6 139:144]
 65 [ 9 300:305]
 50 [10 318:323]
 13 [ 9 336:341]
 -2 [ 9 376:376]

y[1188] = 1.0
Vehicle: 305  Cost: 128.20
Route: 3 9 28 58 35 53 -3 
  3 [10  66: 81]
  9 [ 7 130:135]
 28 [ 4 147:152]
 58 [ 6 152:157]
 35 [ 2 203:208]
 53 [ 6 218:223]
 -3 [ 6 234:234]

y[1949] = 1.0
Vehicle: 204  Cost: 123.82
Route: 2 17 60 32 46 54 12 6 -2 
  2 [10  55: 70]
 17 [ 8  85: 90]
 60 [ 9 180:185]
 32 [ 8 185:190]
 46 [ 9 198:203]
 54 [10 227:232]
 12 [ 6 236:241]
  6 [ 3 300:305]
 -2 [ 3 351:351]

y[2353] = 1.0
Vehicle: 304  Cost: 47.77
Route: 3 22 38 63 24 -3 
  3 [ 9 135:150]
 22 [ 8 160:165]
 38 [ 4 172:177]
 63 [ 5 182:187]
 24 [ 1 300:305]
 -3 [ 1 322:322]

y[2812] = 1.0
Vehicle: 206  Cost: 114.78
Route: 2 33 8 45 40 23 5 -2 
  2 [10  55: 70]
 33 [ 7 116:121]
  8 [ 4 300:305]
 45 [ 7 305:310]
 40 [ 8 318:323]
 23 [ 6 332:337]
  5 [ 4 352:357]
 -2 [ 4 388:388]

y[5051] = 1.0
Vehicle: 303  Cost: 73.29
Route: 3 27 57 52 14 49 41 -3 
  3 [ 3 135:150]
 27 [ 2 157:162]
 57 [ 5 162:167]
 52 [ 6 189:194]
 14 [ 4 198:203]
 49 [ 8 230:235]
 41 [ 9 300:305]
 -3 [ 9 316:316]

y[6100] = 1.0
Vehicle: 203  Cost: 46.07
Route: 2 11 16 10 -2 
  2 [ 7  55: 70]
 11 [ 5  92: 97]
 16 [ 3 180:185]
 10 [ 0 190:195]
 -2 [ 0 210:210]

y[6566] = 0.9999999999999999
Vehicle: 206  Cost: 139.89
Route: 2 29 26 56 37 66 7 44 -2 
  2 [10  55: 70]
 29 [ 9 122:127]
 26 [ 5 138:143]
 56 [ 8 143:148]
 37 [ 7 156:161]
 66 [10 161:166]
  7 [ 6 300:305]
 44 [ 9 305:310]
 -2 [ 9 363:363]

y[6720] = 1.0000000000000107
Vehicle: 302  Cost: 164.99
Route: 3 15 47 43 25 55 4 42 30 59 -3 
  3 [10  66: 81]
 15 [ 7 100:105]
 47 [ 9 164:169]
 43 [10 200:205]
 25 [ 6 218:223]
 55 [ 7 223:228]
  4 [ 5 246:251]
 42 [ 9 251:256]
 30 [ 8 270:275]
 59 [10 275:280]
 -3 [10 291:291]

y[7004] = 1.0
Vehicle: 202  Cost: 168.45
Route: 2 31 21 39 48 61 19 62 34 -2 
  2 [ 9  55: 70]
 31 [ 6  98:103]
 21 [ 5 118:123]
 39 [ 3 134:139]
 48 [ 6 147:152]
 61 [ 8 179:184]
 19 [ 7 300:305]
 62 [ 8 327:332]
 34 [ 6 420:425]
 -2 [ 6 467:467]

FE: 2
SE: 10
!MIP-----
1372.6553238456165,389.62739992141724,0.0,2,10,6282,7026

Run: 4
Total Cost: 1372.90
Vehicle: 11  Cost: 110.15
Route: 1 2 -2 -1 
 1 [ 56   0:  0 [17, 23, 7, 31, 6, 12, 25, 16, 39, 36, 19, 10, 34, 33, 32, 21, 13, 8, 18, 26, 5, 29, 37]]
 2 [  0  55: 55 []]
-2 [ 32  55:482 [61, 60, 48, 46, 51, 54, 50, 45, 40, 64, 43, 65, 56, 66, 44, 62]]
-1 [ 32 537:537 [61, 60, 48, 46, 51, 54, 50, 45, 40, 64, 43, 65, 56, 66, 44, 62]]

Vehicle: 13  Cost: 131.48
Route: 1 3 -3 -1 
 1 [ 32   0:  0 [20, 30, 11, 9, 24, 27, 4, 28, 38, 35, 14, 15, 22]]
 3 [  0  66: 66 []]
-3 [ 25  66:337 [63, 53, 49, 57, 59, 42, 55, 47, 41, 58, 52]]
-1 [ 25 403:403 [63, 53, 49, 57, 59, 42, 55, 47, 41, 58, 52]]

Vehicle: 201  Cost: 114.78
Route: 2 33 8 45 40 23 5 -2 
  2 [10  55: 70]
 33 [ 7 116:121]
  8 [ 4 300:305]
 45 [ 7 305:310]
 40 [ 8 318:323]
 23 [ 6 332:337]
  5 [ 4 352:357]
 -2 [ 4 388:388]

Vehicle: 202  Cost: 115.09
Route: 2 43 25 18 51 65 50 13 -2 
  2 [ 9  55: 70]
 43 [10  80: 85]
 25 [ 6  98:103]
 18 [ 2 120:125]
 51 [ 6 125:130]
 65 [ 9 300:305]
 50 [10 318:323]
 13 [ 9 336:341]
 -2 [ 9 376:376]

Vehicle: 203  Cost: 52.86
Route: 2 16 10 64 36 -2 
  2 [ 8  55:163]
 16 [ 6 180:185]
 10 [ 3 190:195]
 64 [ 4 217:222]
 36 [ 1 222:227]
 -2 [ 1 236:236]

Vehicle: 204  Cost: 123.82
Route: 2 17 32 60 46 54 12 6 -2 
  2 [10  55: 70]
 17 [ 8  85: 90]
 32 [ 7 180:185]
 60 [ 8 185:190]
 46 [ 9 198:203]
 54 [10 227:232]
 12 [ 6 236:241]
  6 [ 3 300:305]
 -2 [ 3 351:351]

Vehicle: 205  Cost: 139.89
Route: 2 29 26 56 37 66 7 44 -2 
  2 [10  55: 70]
 29 [ 9 122:127]
 26 [ 5 138:143]
 56 [ 8 143:148]
 37 [ 7 156:161]
 66 [10 161:166]
  7 [ 6 300:305]
 44 [ 9 305:310]
 -2 [ 9 363:363]

Vehicle: 206  Cost: 168.45
Route: 2 31 21 39 48 61 19 62 34 -2 
  2 [ 9  55: 70]
 31 [ 6  98:103]
 21 [ 5 118:123]
 39 [ 3 134:139]
 48 [ 6 147:152]
 61 [ 8 179:184]
 19 [ 7 300:305]
 62 [ 8 327:332]
 34 [ 6 420:425]
 -2 [ 6 467:467]

Vehicle: 301  Cost: 73.29
Route: 3 27 57 52 14 49 41 -3 
  3 [ 3  66: 81]
 27 [ 2  87: 92]
 57 [ 5  92: 97]
 52 [ 6 120:125]
 14 [ 4 129:134]
 49 [ 8 160:165]
 41 [ 9 300:305]
 -3 [ 9 316:316]

Vehicle: 302  Cost: 167.11
Route: 3 15 4 42 11 47 55 20 59 30 -3 
  3 [10  66: 81]
 15 [ 7 100:105]
  4 [ 5 112:117]
 42 [ 9 117:122]
 11 [ 7 176:181]
 47 [ 9 181:186]
 55 [10 229:234]
 20 [ 8 244:249]
 59 [10 272:277]
 30 [ 9 277:282]
 -3 [ 9 293:293]

Vehicle: 303  Cost: 128.20
Route: 3 9 58 28 35 53 -3 
  3 [10  66: 81]
  9 [ 7 130:135]
 58 [ 9 147:152]
 28 [ 6 152:157]
 35 [ 2 203:208]
 53 [ 6 218:223]
 -3 [ 6 234:234]

Vehicle: 304  Cost: 47.77
Route: 3 22 38 63 24 -3 
  3 [ 9  66: 81]
 22 [ 8  91: 96]
 38 [ 4 103:108]
 63 [ 5 112:117]
 24 [ 1 300:305]
 -3 [ 1 322:322]

Total Cost: 1372.90
 11:110.15, 56:75 [1, 2, -2, -1]
 13:131.48, 32:75 [1, 3, -3, -1]
201:114.78, 10:10 [2, 33, 8, 45, 40, 23, 5, -2]
202:115.09, 10:10 [2, 43, 25, 18, 51, 65, 50, 13, -2]
203:52.86, 8:10 [2, 16, 10, 64, 36, -2]
204:123.82, 10:10 [2, 17, 32, 60, 46, 54, 12, 6, -2]
205:139.89, 10:10 [2, 29, 26, 56, 37, 66, 7, 44, -2]
206:168.45, 9:10 [2, 31, 21, 39, 48, 61, 19, 62, 34, -2]
301:73.29, 9:10 [3, 27, 57, 52, 14, 49, 41, -3]
302:167.11, 10:10 [3, 15, 4, 42, 11, 47, 55, 20, 59, 30, -3]
303:128.20, 10:10 [3, 9, 58, 28, 35, 53, -3]
304:47.77, 9:10 [3, 22, 38, 63, 24, -3]
fe: 2, se: 10

!ALNS------------
100000,1372.8954072360866,216.567,115.819,2,10,0.5866666666666667,0.95,31.5,6.3
5 14 7 7 1 0 6 0 
17.906286359671824 46.83635171852631 26.916601168827 29.569635191877236 48.18373477600627 121.5499184144357 21.51100276759664 56.83347114705941 
5 8 1 6 5 5 8 2 
32.1724859109851 29.684007578319278 33.833572931681616 24.330343369424956 35.033943030053344 41.49843429746947 30.47568176931459 26.3892831066249 

x[224] = 1.0
Vehicle: 11  Cost: 110.15
Route: 1 2 -2 -1 
 1 [ 56   0:  0 [37, 10, 8, 7, 34, 32, 6, 12, 36, 33, 13, 17, 39, 29, 5, 31, 25, 16, 26, 19, 18, 23, 21]]
 2 [  0  55: 55 []]
-2 [ 32  55:482 [44, 40, 48, 61, 45, 46, 65, 60, 66, 56, 54, 50, 62, 64, 51, 43]]
-1 [ 32 537:537 [44, 40, 48, 61, 45, 46, 65, 60, 66, 56, 54, 50, 62, 64, 51, 43]]

x[2228] = 1.0
Vehicle: 13  Cost: 131.48
Route: 1 3 -3 -1 
 1 [ 32   0:  0 [11, 4, 24, 38, 27, 30, 15, 14, 28, 22, 9, 35, 20]]
 3 [  0  66: 66 []]
-3 [ 29  66:337 [43, 55, 47, 52, 42, 41, 57, 59, 63, 66, 53, 58, 49]]
-1 [ 29 403:403 [43, 55, 47, 52, 42, 41, 57, 59, 63, 66, 53, 58, 49]]

y[360] = 1.0
Vehicle: 303  Cost: 47.77
Route: 3 22 38 63 24 -3 
  3 [ 9  66: 81]
 22 [ 8  91: 96]
 38 [ 4 103:108]
 63 [ 5 112:117]
 24 [ 1 300:305]
 -3 [ 1 322:322]

y[545] = 1.0
Vehicle: 203  Cost: 52.86
Route: 2 64 36 10 16 -2 
  2 [ 8  55: 70]
 64 [ 9  79: 84]
 36 [ 6  84: 89]
 10 [ 3 111:116]
 16 [ 1 180:185]
 -2 [ 1 202:202]

y[1021] = 1.0
Vehicle: 301  Cost: 128.20
Route: 3 9 28 58 35 53 -3 
  3 [10  66: 81]
  9 [ 7 130:135]
 28 [ 4 147:152]
 58 [ 6 152:157]
 35 [ 2 203:208]
 53 [ 6 218:223]
 -3 [ 6 234:234]

y[1679] = 1.0
Vehicle: 302  Cost: 73.29
Route: 3 57 27 52 14 49 41 -3 
  3 [ 3 127:142]
 57 [ 6 149:154]
 27 [ 5 154:159]
 52 [ 6 181:186]
 14 [ 4 190:195]
 49 [ 8 222:227]
 41 [ 9 300:305]
 -3 [ 9 316:316]

y[1718] = 1.0
Vehicle: 204  Cost: 123.82
Route: 2 17 32 60 46 54 12 6 -2 
  2 [10  55: 70]
 17 [ 8  85: 90]
 32 [ 7 180:185]
 60 [ 8 185:190]
 46 [ 9 198:203]
 54 [10 227:232]
 12 [ 6 236:241]
  6 [ 3 300:305]
 -2 [ 3 351:351]

y[2525] = 1.0
Vehicle: 201  Cost: 114.78
Route: 2 33 8 45 40 23 5 -2 
  2 [10  55: 70]
 33 [ 7 116:121]
  8 [ 4 300:305]
 45 [ 7 305:310]
 40 [ 8 318:323]
 23 [ 6 332:337]
  5 [ 4 352:357]
 -2 [ 4 388:388]

y[3390] = 1.0
Vehicle: 202  Cost: 115.09
Route: 2 43 25 51 18 65 50 13 -2 
  2 [ 9  55: 70]
 43 [10  80: 85]
 25 [ 6  98:103]
 51 [10 120:125]
 18 [ 6 125:130]
 65 [ 9 300:305]
 50 [10 318:323]
 13 [ 9 336:341]
 -2 [ 9 376:376]

y[4724] = 1.0
Vehicle: 302  Cost: 167.11
Route: 3 15 4 42 11 47 55 20 30 59 -3 
  3 [10  66: 81]
 15 [ 7 100:105]
  4 [ 5 112:117]
 42 [ 9 117:122]
 11 [ 7 176:181]
 47 [ 9 181:186]
 55 [10 229:234]
 20 [ 8 244:249]
 30 [ 7 272:277]
 59 [ 9 277:282]
 -3 [ 9 293:293]

y[6019] = 1.0
Vehicle: 205  Cost: 139.89
Route: 2 29 26 56 37 66 7 44 -2 
  2 [10  55: 70]
 29 [ 9 122:127]
 26 [ 5 138:143]
 56 [ 8 143:148]
 37 [ 7 156:161]
 66 [10 161:166]
  7 [ 6 300:305]
 44 [ 9 305:310]
 -2 [ 9 363:363]

y[6405] = 1.0
Vehicle: 202  Cost: 168.45
Route: 2 31 21 39 48 61 19 62 34 -2 
  2 [ 9  55: 70]
 31 [ 6  98:103]
 21 [ 5 118:123]
 39 [ 3 134:139]
 48 [ 6 147:152]
 61 [ 8 179:184]
 19 [ 7 300:305]
 62 [ 8 327:332]
 34 [ 6 420:425]
 -2 [ 6 467:467]

FE: 2
SE: 10
!MIP-----
1372.8954072360864,341.43526697158813,5.918051832254154E-5,2,10,6594,6425

Run: 5
Total Cost: 1345.27
Vehicle: 11  Cost: 110.15
Route: 1 2 -2 -1 
 1 [ 54   0:  0 [6, 10, 16, 21, 34, 12, 25, 8, 11, 28, 9, 32, 36, 39, 33, 13, 31, 23, 5, 17, 18, 37]]
 2 [  0  55: 55 []]
-2 [ 18  55:357 [60, 51, 66, 46, 62, 47, 43, 64, 55, 58, 54]]
-1 [ 18 412:412 [60, 51, 66, 46, 62, 47, 43, 64, 55, 58, 54]]

Vehicle: 13  Cost: 177.88
Route: 1 3 -3 -2 -1 
 1 [ 34   0:  0 [38, 14, 30, 20, 24, 4, 19, 7, 22, 26, 35, 27, 29, 15]]
 3 [  0  66: 66 []]
-3 [ 32  66:389 [57, 49, 42, 50, 65, 59, 53, 63, 52, 56, 61, 44, 41]]
-2 [ 39 446:482 [45, 40, 57, 49, 42, 50, 65, 48, 59, 53, 63, 52, 56, 61, 44, 41]]
-1 [ 39 537:537 [45, 40, 57, 49, 42, 50, 65, 48, 59, 53, 63, 52, 56, 61, 44, 41]]

Vehicle: 201  Cost: 46.07
Route: 2 10 16 11 47 -2 
  2 [ 7  55: 70]
 10 [ 4  84: 89]
 16 [ 2 180:185]
 11 [ 0 190:195]
 47 [ 2 195:200]
 -2 [ 2 222:222]

Vehicle: 202  Cost: 183.69
Route: 2 36 64 37 66 9 58 28 62 -2 
  2 [10  55: 70]
 36 [ 7  79: 84]
 64 [ 8  84: 89]
 37 [ 7 122:127]
 66 [10 127:132]
  9 [ 7 173:178]
 58 [ 9 189:194]
 28 [ 6 194:199]
 62 [ 7 300:305]
 -2 [ 7 342:342]

Vehicle: 203  Cost: 110.53
Route: 2 31 21 39 48 34 -2 
  2 [ 8  55: 70]
 31 [ 5  98:103]
 21 [ 4 118:123]
 39 [ 2 134:139]
 48 [ 5 147:152]
 34 [ 3 420:425]
 -2 [ 3 467:467]

Vehicle: 205  Cost: 99.56
Route: 2 12 54 18 51 13 -2 
  2 [ 9  55: 70]
 12 [ 5 117:122]
 54 [ 6 180:185]
 18 [ 2 194:199]
 51 [ 6 199:204]
 13 [ 5 300:305]
 -2 [ 5 340:340]

Vehicle: 206  Cost: 109.03
Route: 2 17 32 60 33 46 55 25 43 -2 
  2 [10  55: 70]
 17 [ 8  85: 90]
 32 [ 7 180:185]
 60 [ 8 185:190]
 33 [ 5 205:210]
 46 [ 6 225:230]
 55 [ 7 253:258]
 25 [ 3 258:263]
 43 [ 4 276:281]
 -2 [ 4 291:291]

Vehicle: 207  Cost: 123.09
Route: 2 6 8 45 40 23 5 -2 
  2 [10  55:254]
  6 [ 7 300:305]
  8 [ 4 319:324]
 45 [ 7 324:329]
 40 [ 8 338:343]
 23 [ 6 351:356]
  5 [ 4 371:376]
 -2 [ 4 407:407]

Vehicle: 301  Cost: 129.06
Route: 3 29 26 56 61 19 7 44 -3 
  3 [10  66: 81]
 29 [ 9 122:127]
 26 [ 5 137:142]
 56 [ 8 142:147]
 61 [10 162:167]
 19 [ 9 300:305]
  7 [ 5 326:331]
 44 [ 8 331:336]
 -3 [ 8 374:374]

Vehicle: 302  Cost: 76.52
Route: 3 27 57 14 52 24 -3 
  3 [ 7  66: 81]
 27 [ 6  87: 92]
 57 [ 9  92: 97]
 14 [ 7 121:126]
 52 [ 8 129:134]
 24 [ 4 300:305]
 -3 [ 4 322:322]

Vehicle: 304  Cost: 96.02
Route: 3 59 30 15 4 42 20 50 65 -3 
  3 [ 8  66: 81]
 59 [10  92: 97]
 30 [ 9  97:102]
 15 [ 6 110:115]
  4 [ 4 122:127]
 42 [ 8 127:132]
 20 [ 6 143:148]
 50 [ 7 300:305]
 65 [10 318:323]
 -3 [10 360:360]

Vehicle: 305  Cost: 83.66
Route: 3 22 38 63 35 53 49 41 -3 
  3 [ 9  66: 81]
 22 [ 8  91: 96]
 38 [ 4 103:108]
 63 [ 5 112:117]
 35 [ 1 141:146]
 53 [ 5 156:161]
 49 [ 9 176:181]
 41 [10 300:305]
 -3 [10 316:316]

Total Cost: 1345.27
 11:110.15, 54:75 [1, 2, -2, -1]
 13:177.88, 39:75 [1, 3, -3, -2, -1]
201:46.07, 7:10 [2, 10, 16, 11, 47, -2]
202:183.69, 10:10 [2, 36, 64, 37, 66, 9, 58, 28, 62, -2]
203:110.53, 8:10 [2, 31, 21, 39, 48, 34, -2]
205:99.56, 9:10 [2, 12, 54, 18, 51, 13, -2]
206:109.03, 10:10 [2, 17, 32, 60, 33, 46, 55, 25, 43, -2]
207:123.09, 10:10 [2, 6, 8, 45, 40, 23, 5, -2]
301:129.06, 10:10 [3, 29, 26, 56, 61, 19, 7, 44, -3]
302:76.52, 9:10 [3, 27, 57, 14, 52, 24, -3]
304:96.02, 10:10 [3, 59, 30, 15, 4, 42, 20, 50, 65, -3]
305:83.66, 10:10 [3, 22, 38, 63, 35, 53, 49, 41, -3]
fe: 2, se: 10

!ALNS------------
100000,1345.2662134096745,118.093,100.117,2,10,0.62,0.93,31.5,6.3
8 8 1 3 0 0 6 0 
19.525869022601505 38.208909291481106 22.922050056416854 19.425943137133498 68.80021016013418 61.34180701039114 20.58515742469804 71.15811724808194 
4 3 2 4 4 1 5 3 
25.21105378488081 27.296448943043252 31.032591881028075 24.940834691902488 26.693284225016026 27.07962541640481 29.889467001914202 30.992249998025297 

x[873] = 0.9999999999999999
Vehicle: 13  Cost: 177.88
Route: 1 3 -3 -2 -1 
 1 [ 41   0:  0 [26, 19, 24, 30, 29, 15, 22, 14, 12, 7, 6, 20, 35, 4, 38, 27]]
 3 [  0  66: 66 []]
-3 [ 33  66:409 [54, 57, 56, 41, 59, 53, 63, 44, 65, 61, 49, 52, 42, 50]]
-2 [ 40 466:482 [54, 57, 56, 41, 59, 40, 53, 63, 44, 65, 61, 49, 48, 45, 52, 42, 50]]
-1 [ 40 537:537 [54, 57, 56, 41, 59, 40, 53, 63, 44, 65, 61, 49, 48, 45, 52, 42, 50]]

x[1226] = 1.0
Vehicle: 11  Cost: 110.15
Route: 1 2 -2 -1 
 1 [ 47   0:  0 [39, 28, 16, 31, 9, 8, 17, 25, 5, 34, 37, 11, 21, 10, 23, 18, 33, 13, 36, 32]]
 2 [  0  55: 55 []]
-2 [ 20  55:357 [55, 62, 66, 46, 48, 64, 51, 43, 60, 47, 58]]
-1 [ 20 412:412 [55, 62, 66, 46, 48, 64, 51, 43, 60, 47, 58]]

y[541] = 1.0
Vehicle: 307  Cost: 129.06
Route: 3 29 26 56 61 19 7 44 -3 
  3 [10  66: 81]
 29 [ 9 122:127]
 26 [ 5 137:142]
 56 [ 8 142:147]
 61 [10 162:167]
 19 [ 9 300:305]
  7 [ 5 326:331]
 44 [ 8 331:336]
 -3 [ 8 374:374]

y[1610] = 1.0
Vehicle: 202  Cost: 183.69
Route: 2 36 64 37 66 9 28 58 62 -2 
  2 [10  55: 70]
 36 [ 7  79: 84]
 64 [ 8  84: 89]
 37 [ 7 122:127]
 66 [10 127:132]
  9 [ 7 173:178]
 28 [ 4 189:194]
 58 [ 6 194:199]
 62 [ 7 300:305]
 -2 [ 7 342:342]

y[2850] = 1.0
Vehicle: 302  Cost: 47.77
Route: 3 22 38 63 24 -3 
  3 [ 9 127:142]
 22 [ 8 152:157]
 38 [ 4 164:169]
 63 [ 5 174:179]
 24 [ 1 300:305]
 -3 [ 1 322:322]

y[3038] = 1.0
Vehicle: 207  Cost: 114.78
Route: 2 33 45 8 40 23 5 -2 
  2 [10  55: 70]
 33 [ 7 116:121]
 45 [10 300:305]
  8 [ 7 305:310]
 40 [ 8 318:323]
 23 [ 6 332:337]
  5 [ 4 352:357]
 -2 [ 4 388:388]

y[5394] = 0.9999999999999999
Vehicle: 302  Cost: 73.65
Route: 3 35 53 15 4 42 30 59 -3 
  3 [10  66: 81]
 35 [ 6 100:105]
 53 [10 115:120]
 15 [ 7 133:138]
  4 [ 5 144:149]
 42 [ 9 149:154]
 30 [ 8 168:173]
 59 [10 173:178]
 -3 [10 189:189]

y[6367] = 1.0
Vehicle: 304  Cost: 142.93
Route: 3 20 54 12 6 65 50 41 -3 
  3 [ 9  66: 81]
 20 [ 7 114:119]
 54 [ 8 180:185]
 12 [ 4 189:194]
  6 [ 1 300:305]
 65 [ 4 334:339]
 50 [ 5 351:356]
 41 [ 6 377:382]
 -3 [ 6 394:394]

y[6901] = 1.0
Vehicle: 206  Cost: 79.78
Route: 2 43 25 55 18 51 13 -2 
  2 [ 9  55: 70]
 43 [10  80: 85]
 25 [ 6  98:103]
 55 [ 7 103:108]
 18 [ 3 125:130]
 51 [ 7 130:135]
 13 [ 6 300:305]
 -2 [ 6 340:340]

y[7323] = 1.0
Vehicle: 203  Cost: 101.84
Route: 2 10 16 11 47 32 60 46 17 -2 
  2 [10  55: 70]
 10 [ 7  84: 89]
 16 [ 5 180:185]
 11 [ 3 190:195]
 47 [ 5 195:200]
 32 [ 4 238:243]
 60 [ 5 243:248]
 46 [ 6 256:261]
 17 [ 4 277:282]
 -2 [ 4 297:297]

y[7461] = 1.0
Vehicle: 204  Cost: 110.53
Route: 2 31 21 39 48 34 -2 
  2 [ 8  55: 70]
 31 [ 5  98:103]
 21 [ 4 118:123]
 39 [ 2 134:139]
 48 [ 5 147:152]
 34 [ 3 420:425]
 -2 [ 3 467:467]

y[7545] = 1.0
Vehicle: 304  Cost: 68.96
Route: 3 49 14 52 27 57 -3 
  3 [ 3  66: 81]
 49 [ 7  90: 95]
 14 [ 5 122:127]
 52 [ 6 130:135]
 27 [ 5 158:163]
 57 [ 8 163:168]
 -3 [ 8 175:175]

FE: 2
SE: 10
!MIP-----
1341.0218883664102,59.55172395706177,8.733626413525565E-5,2,10,6510,7737

