--Parameters Information--
speed=1
run=5
iteration= 100000
batch=100
restartPeriod=10000
largeRemovalOccurrence=500
initialLNS=250
lowerBoundSmallRemoval=4
smallRemoval=0.2
lowerBoundLargeRemoval=0.55
largeRemoval=0.8
initialWeight=1.0
decayRate=0.1
gamma1=9.0
gamma2=5.0
gamma3=2.0
gamma4=0.0
coolingRate=0.9995
temperatureControlParameter=0.05
initialAcceptanceProbability=0.5
perturbation=0.5
perturbationFactor=0.01
split=20000

Setup: Split
Data: A_50_9_LD

Run: 1
Total Cost: 1577.75
Vehicle: 11  Cost: 147.30
Route: 1 2 -2 -3 -1 
 1 [ 30   0:  0 [40, 16, 35, 17, 14, 12, 11, 21, 38, 33, 9]]
 2 [  0  68: 68 []]
-2 [ 17  68:381 [68, 47, 65, 50, 44, 64, 62]]
-3 [ 26 405:420 [68, 47, 65, 50, 53, 44, 67, 64, 54, 62]]
-1 [ 26 475:475 [68, 47, 65, 50, 53, 44, 67, 64, 54, 62]]

Vehicle: 12  Cost: 110.45
Route: 1 3 -3 -1 
 1 [ 67   0:  0 [31, 7, 28, 26, 6, 18, 10, 27, 32, 25, 4, 13, 8, 22, 20, 34, 29, 24, 36, 23, 37, 19, 39, 15, 5, 30]]
 3 [  0  55: 55 []]
-3 [ 43  55:490 [48, 59, 46, 57, 49, 45, 66, 58, 42, 51, 55, 61, 52, 43, 60, 56, 63, 41]]
-1 [ 43 545:545 [48, 59, 46, 57, 49, 45, 66, 58, 42, 51, 55, 61, 52, 43, 60, 56, 63, 41]]

Vehicle: 201  Cost: 18.12
Route: 2 40 68 14 47 -2 
  2 [ 5  68: 83]
 40 [ 2  91: 96]
 68 [ 6  96:101]
 14 [ 4 102:107]
 47 [ 5 107:112]
 -2 [ 5 121:121]

Vehicle: 202  Cost: 92.25
Route: 2 12 38 9 44 62 11 -2 
  2 [ 9  68: 83]
 12 [ 7  93: 98]
 38 [ 5 127:132]
  9 [ 1 300:305]
 44 [ 3 305:310]
 62 [ 5 323:328]
 11 [ 4 342:347]
 -2 [ 4 366:366]

Vehicle: 203  Cost: 79.88
Route: 2 21 16 17 -2 
  2 [ 9  68: 83]
 21 [ 5 121:126]
 16 [ 3 137:142]
 17 [ 0 420:425]
 -2 [ 0 453:453]

Vehicle: 204  Cost: 77.21
Route: 2 33 64 35 65 50 -2 
  2 [ 7  68: 83]
 33 [ 3 117:122]
 64 [ 4 122:127]
 35 [ 1 131:136]
 65 [ 4 136:141]
 50 [ 8 143:148]
 -2 [ 8 185:185]

Vehicle: 301  Cost: 167.43
Route: 3 34 51 43 7 41 -3 
  3 [ 8  55: 70]
 34 [ 4 122:127]
 51 [ 7 180:185]
 43 [ 8 300:305]
  7 [ 4 305:310]
 41 [ 8 329:334]
 -3 [ 8 394:394]

Vehicle: 302  Cost: 156.94
Route: 3 59 4 13 46 20 60 -3 
  3 [ 9  55:140]
 59 [10 180:185]
  4 [ 7 300:305]
 13 [ 3 331:336]
 46 [ 7 336:341]
 20 [ 5 420:425]
 60 [ 8 462:467]
 -3 [ 8 475:475]

Vehicle: 303  Cost: 26.98
Route: 3 31 29 -3 
  3 [ 5  55: 70]
 31 [ 4  77: 82]
 29 [ 0 420:425]
 -3 [ 0 438:438]

Vehicle: 304  Cost: 105.28
Route: 3 55 26 52 49 28 -3 
  3 [ 6  55: 70]
 55 [ 8  87: 92]
 26 [ 4  92: 97]
 52 [ 8 139:144]
 49 [ 9 300:305]
 28 [ 7 320:325]
 -3 [ 7 347:347]

Vehicle: 305  Cost: 88.16
Route: 3 66 39 5 -3 
  3 [ 5  55:142]
 66 [ 8 180:185]
 39 [ 4 300:305]
  5 [ 3 312:317]
 -3 [ 3 353:353]

Vehicle: 306  Cost: 144.86
Route: 3 30 19 18 42 6 -3 
  3 [10  55: 70]
 30 [ 9  98:103]
 19 [ 8 126:131]
 18 [ 4 300:305]
 42 [ 6 331:336]
  6 [ 2 336:341]
 -3 [ 2 400:400]

Vehicle: 307  Cost: 180.95
Route: 3 15 48 32 61 57 58 8 45 10 -3 
  3 [ 9  55: 70]
 15 [ 5 133:138]
 48 [ 6 138:143]
 32 [ 3 159:164]
 61 [ 4 179:184]
 57 [ 8 208:213]
 58 [10 300:305]
  8 [ 9 315:320]
 45 [10 420:425]
 10 [ 9 425:430]
 -3 [ 9 453:453]

Vehicle: 308  Cost: 79.17
Route: 3 27 56 22 25 63 -3 
  3 [ 7  55: 70]
 27 [ 6  95:100]
 56 [10 100:105]
 22 [ 6 121:126]
 25 [ 4 300:305]
 63 [ 6 420:425]
 -3 [ 6 431:431]

Vehicle: 309  Cost: 102.78
Route: 3 37 23 53 24 54 36 67 -3 
  3 [ 8  55: 70]
 37 [ 7  90: 95]
 23 [ 6 116:121]
 53 [10 121:126]
 24 [ 7 300:305]
 54 [ 9 305:310]
 36 [ 6 320:325]
 67 [ 9 325:330]
 -3 [ 9 371:371]

Total Cost: 1577.75
 11:147.30, 30:75 [1, 2, -2, -3, -1]
 12:110.45, 67:75 [1, 3, -3, -1]
201:18.12, 6:10 [2, 40, 68, 14, 47, -2]
202:92.25, 9:10 [2, 12, 38, 9, 44, 62, 11, -2]
203:79.88, 9:10 [2, 21, 16, 17, -2]
204:77.21, 8:10 [2, 33, 64, 35, 65, 50, -2]
301:167.43, 8:10 [3, 34, 51, 43, 7, 41, -3]
302:156.94, 10:10 [3, 59, 4, 13, 46, 20, 60, -3]
303:26.98, 5:10 [3, 31, 29, -3]
304:105.28, 9:10 [3, 55, 26, 52, 49, 28, -3]
305:88.16, 8:10 [3, 66, 39, 5, -3]
306:144.86, 10:10 [3, 30, 19, 18, 42, 6, -3]
307:180.95, 10:10 [3, 15, 48, 32, 61, 57, 58, 8, 45, 10, -3]
308:79.17, 10:10 [3, 27, 56, 22, 25, 63, -3]
309:102.78, 10:10 [3, 37, 23, 53, 24, 54, 36, 67, -3]
fe: 2, se: 13

!ALNS------------
100000,1577.751095917963,144.634,23.217,2,13,0.6466666666666666,0.8615384615384616,32.5,5.0
3 7 7 7 0 0 4 0 
22.946611965484056 37.33620098789573 21.284023632478718 23.936685545889407 53.8114048957104 133.32793999663005 23.28278918331283 39.66917709210038 
4 6 2 2 6 3 2 3 
24.41390011522663 30.039890683447062 28.194361753470222 26.161776400706316 27.34448814589069 32.769765364663115 29.03049863807655 25.095444189627916 

x[1477] = 1.0
Vehicle: 12  Cost: 110.45
Route: 1 3 -3 -1 
 1 [ 67   0:  0 [31, 22, 37, 20, 27, 18, 26, 25, 19, 6, 23, 8, 7, 29, 39, 5, 34, 24, 36, 30, 28, 10, 13, 4, 15, 32]]
 3 [  0  55: 55 []]
-3 [ 48  55:572 [56, 57, 63, 55, 60, 46, 42, 58, 49, 41, 43, 67, 51, 54, 52, 61, 66, 45, 48, 59]]
-1 [ 48 627:627 [56, 57, 63, 55, 60, 46, 42, 58, 49, 41, 43, 67, 51, 54, 52, 61, 66, 45, 48, 59]]

x[4033] = 1.0
Vehicle: 11  Cost: 147.30
Route: 1 2 -2 -3 -1 
 1 [ 30   0:  0 [9, 33, 38, 12, 35, 17, 21, 14, 16, 11, 40]]
 2 [  0  68: 68 []]
-2 [ 17  68:381 [62, 44, 68, 64, 47, 65, 50]]
-3 [ 43 405:422 [67, 54, 49, 58, 53, 42, 62, 43, 44, 68, 64, 46, 60, 47, 52, 65, 50]]
-1 [ 43 478:478 [67, 54, 49, 58, 53, 42, 62, 43, 44, 68, 64, 46, 60, 47, 52, 65, 50]]

y[726] = 1.0
Vehicle: 306  Cost: 135.94
Route: 3 66 39 8 58 5 10 45 -3 
  3 [ 7  55:142]
 66 [10 180:185]
 39 [ 6 300:305]
  8 [ 5 322:327]
 58 [ 7 336:341]
  5 [ 6 368:373]
 10 [ 5 420:425]
 45 [ 6 425:430]
 -3 [ 6 453:453]

y[1261] = 1.0
Vehicle: 303  Cost: 55.47
Route: 3 55 26 29 60 -3 
  3 [ 8 227:242]
 55 [10 259:264]
 26 [ 6 264:269]
 29 [ 2 420:425]
 60 [ 5 436:441]
 -3 [ 5 448:448]

y[1718] = 1.0
Vehicle: 304  Cost: 135.56
Route: 3 59 15 48 4 25 63 -3 
  3 [ 9  55:140]
 59 [10 180:185]
 15 [ 6 208:213]
 48 [ 7 213:218]
  4 [ 4 300:305]
 25 [ 2 347:352]
 63 [ 4 420:425]
 -3 [ 4 431:431]

y[2107] = 1.0
Vehicle: 308  Cost: 159.74
Route: 3 22 32 61 57 52 49 -3 
  3 [ 7  55: 70]
 22 [ 3 107:112]
 32 [ 0 138:143]
 61 [ 1 158:163]
 57 [ 5 187:192]
 52 [ 9 205:210]
 49 [10 300:305]
 -3 [10 341:341]

y[2308] = 1.0
Vehicle: 202  Cost: 77.21
Route: 2 64 33 65 35 50 -2 
  2 [ 7  68: 83]
 64 [ 8 117:122]
 33 [ 4 122:127]
 65 [ 7 131:136]
 35 [ 4 136:141]
 50 [ 8 143:148]
 -2 [ 8 185:185]

y[2359] = 1.0
Vehicle: 201  Cost: 79.88
Route: 2 21 16 17 -2 
  2 [ 9  94:109]
 21 [ 5 148:153]
 16 [ 3 164:169]
 17 [ 0 420:425]
 -2 [ 0 453:453]

y[2406] = 1.0
Vehicle: 202  Cost: 92.25
Route: 2 12 38 9 44 62 11 -2 
  2 [ 9  94:109]
 12 [ 7 119:124]
 38 [ 5 154:159]
  9 [ 1 300:305]
 44 [ 3 305:310]
 62 [ 5 323:328]
 11 [ 4 342:347]
 -2 [ 4 366:366]

y[4276] = 1.0
Vehicle: 301  Cost: 111.44
Route: 3 31 27 56 20 13 46 -3 
  3 [ 8  55: 70]
 31 [ 7  77: 82]
 27 [ 6 106:111]
 56 [10 111:116]
 20 [ 8 420:425]
 13 [ 4 446:451]
 46 [ 8 451:456]
 -3 [ 8 498:498]

y[4388] = 1.0
Vehicle: 201  Cost: 18.12
Route: 2 47 14 68 40 -2 
  2 [ 5  68: 83]
 47 [ 6  92: 97]
 14 [ 4  97:102]
 68 [ 8 103:108]
 40 [ 5 108:113]
 -2 [ 5 121:121]

y[4842] = 1.0
Vehicle: 301  Cost: 169.83
Route: 3 34 51 7 43 41 28 -3 
  3 [10 160:175]
 34 [ 6 227:232]
 51 [ 9 249:254]
  7 [ 5 300:305]
 43 [ 6 305:310]
 41 [10 329:334]
 28 [ 8 375:380]
 -3 [ 8 402:402]

y[7163] = 1.0
Vehicle: 308  Cost: 102.78
Route: 3 37 23 53 24 54 36 67 -3 
  3 [ 8 107:122]
 37 [ 7 142:147]
 23 [ 6 168:173]
 53 [10 173:178]
 24 [ 7 300:305]
 54 [ 9 305:310]
 36 [ 6 320:325]
 67 [ 9 325:330]
 -3 [ 9 371:371]

y[8121] = 1.0
Vehicle: 306  Cost: 144.86
Route: 3 30 19 18 6 42 -3 
  3 [10 211:226]
 30 [ 9 254:259]
 19 [ 8 282:287]
 18 [ 4 300:305]
  6 [ 0 331:336]
 42 [ 2 336:341]
 -3 [ 2 400:400]

FE: 2
SE: 12
!MIP-----
1540.820038103074,309.84961700439453,2.218329001110066E-8,2,12,12103,8535

Run: 2
Total Cost: 1556.15
Vehicle: 12  Cost: 110.45
Route: 1 3 -3 -1 
 1 [ 74   0:  0 [23, 8, 7, 18, 6, 15, 35, 37, 39, 29, 34, 24, 26, 5, 19, 30, 32, 31, 13, 4, 33, 36, 22, 27, 25, 28, 20, 10]]
 3 [  0  55: 55 []]
-3 [ 52  55:487 [55, 65, 46, 48, 54, 59, 50, 51, 60, 58, 45, 61, 43, 41, 42, 57, 66, 56, 64, 67, 49, 63]]
-1 [ 52 542:542 [55, 65, 46, 48, 54, 59, 50, 51, 60, 58, 45, 61, 43, 41, 42, 57, 66, 56, 64, 67, 49, 63]]

Vehicle: 13  Cost: 147.30
Route: 1 2 -2 -3 -1 
 1 [ 23   0:  0 [12, 14, 16, 40, 9, 11, 17, 38, 21]]
 2 [  0  68: 68 []]
-2 [  9  68:381 [62, 68, 47, 44]]
-3 [ 17 405:420 [53, 62, 68, 52, 47, 44]]
-1 [ 17 475:475 [53, 62, 68, 52, 47, 44]]

Vehicle: 201  Cost: 18.12
Route: 2 47 14 68 40 -2 
  2 [ 5  68: 83]
 47 [ 6  92: 97]
 14 [ 4  97:102]
 68 [ 8 103:108]
 40 [ 5 108:113]
 -2 [ 5 121:121]

Vehicle: 202  Cost: 79.88
Route: 2 21 16 17 -2 
  2 [ 9  68: 83]
 21 [ 5 121:126]
 16 [ 3 137:142]
 17 [ 0 420:425]
 -2 [ 0 453:453]

Vehicle: 203  Cost: 92.25
Route: 2 12 38 44 9 62 11 -2 
  2 [ 9  68: 83]
 12 [ 7  93: 98]
 38 [ 5 127:132]
 44 [ 7 300:305]
  9 [ 3 305:310]
 62 [ 5 323:328]
 11 [ 4 342:347]
 -2 [ 4 366:366]

Vehicle: 301  Cost: 144.86
Route: 3 30 19 18 42 6 -3 
  3 [10  55: 70]
 30 [ 9  98:103]
 19 [ 8 126:131]
 18 [ 4 300:305]
 42 [ 6 331:336]
  6 [ 2 336:341]
 -3 [ 2 400:400]

Vehicle: 302  Cost: 126.02
Route: 3 31 64 33 35 65 50 20 63 -3 
  3 [10  55: 70]
 31 [ 9  77: 82]
 64 [10 122:127]
 33 [ 6 127:132]
 35 [ 3 136:141]
 65 [ 6 141:146]
 50 [10 148:153]
 20 [ 8 420:425]
 63 [10 461:466]
 -3 [10 472:472]

Vehicle: 303  Cost: 91.80
Route: 3 27 56 25 13 46 -3 
  3 [ 7  55: 70]
 27 [ 6  95:100]
 56 [10 100:105]
 25 [ 8 300:305]
 13 [ 4 322:327]
 46 [ 8 327:332]
 -3 [ 8 374:374]

Vehicle: 304  Cost: 55.47
Route: 3 26 55 29 60 -3 
  3 [ 8  55: 70]
 26 [ 4  87: 92]
 55 [ 6  92: 97]
 29 [ 2 420:425]
 60 [ 5 436:441]
 -3 [ 5 448:448]

Vehicle: 305  Cost: 154.73
Route: 3 34 51 57 58 8 49 -3 
  3 [ 5  55: 70]
 34 [ 1 122:127]
 51 [ 4 180:185]
 57 [ 8 206:211]
 58 [10 300:305]
  8 [ 9 315:320]
 49 [10 336:341]
 -3 [10 377:377]

Vehicle: 306  Cost: 157.92
Route: 3 24 54 43 7 41 36 67 -3 
  3 [10  55:253]
 24 [ 7 300:305]
 54 [ 9 305:310]
 43 [10 340:345]
  7 [ 6 345:350]
 41 [10 368:373]
 36 [ 7 395:400]
 67 [10 400:405]
 -3 [10 445:445]

Vehicle: 307  Cost: 128.98
Route: 3 22 61 66 39 5 10 45 -3 
  3 [10  55: 70]
 22 [ 6 107:112]
 61 [ 7 146:151]
 66 [10 180:185]
 39 [ 6 300:305]
  5 [ 5 312:317]
 10 [ 4 420:425]
 45 [ 5 425:430]
 -3 [ 5 453:453]

Vehicle: 309  Cost: 146.71
Route: 3 32 59 48 15 4 -3 
  3 [10  55: 70]
 32 [ 7 119:124]
 59 [ 8 180:185]
 48 [ 9 208:213]
 15 [ 5 213:218]
  4 [ 2 300:305]
 -3 [ 2 369:369]

Vehicle: 311  Cost: 101.67
Route: 3 37 52 23 53 28 -3 
  3 [ 4  55: 70]
 37 [ 3  90: 95]
 52 [ 7 121:126]
 23 [ 6 141:146]
 53 [10 146:151]
 28 [ 8 300:305]
 -3 [ 8 327:327]

Total Cost: 1556.15
 12:110.45, 74:75 [1, 3, -3, -1]
 13:147.30, 23:75 [1, 2, -2, -3, -1]
201:18.12, 8:10 [2, 47, 14, 68, 40, -2]
202:79.88, 9:10 [2, 21, 16, 17, -2]
203:92.25, 9:10 [2, 12, 38, 44, 9, 62, 11, -2]
301:144.86, 10:10 [3, 30, 19, 18, 42, 6, -3]
302:126.02, 10:10 [3, 31, 64, 33, 35, 65, 50, 20, 63, -3]
303:91.80, 10:10 [3, 27, 56, 25, 13, 46, -3]
304:55.47, 8:10 [3, 26, 55, 29, 60, -3]
305:154.73, 10:10 [3, 34, 51, 57, 58, 8, 49, -3]
306:157.92, 10:10 [3, 24, 54, 43, 7, 41, 36, 67, -3]
307:128.98, 10:10 [3, 22, 61, 66, 39, 5, 10, 45, -3]
309:146.71, 10:10 [3, 32, 59, 48, 15, 4, -3]
311:101.67, 10:10 [3, 37, 52, 23, 53, 28, -3]
fe: 2, se: 12

!ALNS------------
100000,1556.1486279535966,131.27,38.538,2,12,0.6466666666666666,0.95,32.5,5.416666666666667
3 6 5 6 0 1 5 1 
23.47496883854656 47.31134443771152 26.841862583518818 25.54123163863225 51.19120515692462 33.134226805216294 32.63778921868431 52.08565753586315 
4 3 4 6 3 2 3 2 
29.443493366062274 35.94824574243635 30.4853373176581 30.8731526996417 29.67093267588057 36.027778767147495 37.355418109339055 36.331084697147816 

x[1331] = 1.0
Vehicle: 13  Cost: 147.30
Route: 1 2 -2 -3 -1 
 1 [ 30   0:  0 [35, 17, 9, 33, 40, 16, 14, 11, 12, 38, 21]]
 2 [  0  68: 68 []]
-2 [ 17  68:381 [47, 68, 44, 64, 65, 50, 62]]
-3 [ 26 405:420 [53, 47, 68, 44, 64, 65, 54, 67, 50, 62]]
-1 [ 26 475:475 [47, 68, 44, 64, 65, 53, 54, 67, 50, 62]]

x[3390] = 1.0
Vehicle: 12  Cost: 110.45
Route: 1 3 -3 -1 
 1 [ 67   0:  0 [34, 15, 32, 8, 36, 25, 37, 4, 19, 13, 39, 26, 5, 7, 28, 23, 31, 24, 6, 18, 10, 20, 29, 30, 22, 27]]
 3 [  0  55: 55 []]
-3 [ 48  55:629 [48, 59, 58, 56, 61, 66, 51, 41, 67, 63, 54, 52, 55, 43, 42, 60, 49, 57, 46, 45]]
-1 [ 48 684:684 [48, 59, 58, 56, 61, 66, 51, 41, 67, 63, 54, 52, 55, 43, 42, 60, 49, 57, 46, 45]]

y[287] = 1.0
Vehicle: 303  Cost: 55.47
Route: 3 26 55 29 60 -3 
  3 [ 8  55: 70]
 26 [ 4  87: 92]
 55 [ 6  92: 97]
 29 [ 2 420:425]
 60 [ 5 436:441]
 -3 [ 5 448:448]

y[367] = 1.0
Vehicle: 310  Cost: 144.86
Route: 3 30 19 18 42 6 -3 
  3 [10  55: 70]
 30 [ 9  98:103]
 19 [ 8 126:131]
 18 [ 4 300:305]
 42 [ 6 331:336]
  6 [ 2 336:341]
 -3 [ 2 400:400]

y[416] = 1.0
Vehicle: 203  Cost: 79.88
Route: 2 21 16 17 -2 
  2 [ 9  68: 83]
 21 [ 5 121:126]
 16 [ 3 137:142]
 17 [ 0 420:425]
 -2 [ 0 453:453]

y[666] = 1.0
Vehicle: 305  Cost: 135.94
Route: 3 66 39 8 58 5 45 10 -3 
  3 [ 7  55:142]
 66 [10 180:185]
 39 [ 6 300:305]
  8 [ 5 322:327]
 58 [ 7 336:341]
  5 [ 6 368:373]
 45 [ 7 420:425]
 10 [ 6 425:430]
 -3 [ 6 453:453]

y[1549] = 1.0
Vehicle: 302  Cost: 111.44
Route: 3 31 27 56 20 13 46 -3 
  3 [ 8 107:122]
 31 [ 7 128:133]
 27 [ 6 158:163]
 56 [10 163:168]
 20 [ 8 420:425]
 13 [ 4 446:451]
 46 [ 8 451:456]
 -3 [ 8 498:498]

y[1610] = 1.0
Vehicle: 305  Cost: 135.56
Route: 3 59 15 48 4 25 63 -3 
  3 [ 9  55:140]
 59 [10 180:185]
 15 [ 6 208:213]
 48 [ 7 213:218]
  4 [ 4 300:305]
 25 [ 2 347:352]
 63 [ 4 420:425]
 -3 [ 4 431:431]

y[1975] = 1.0
Vehicle: 301  Cost: 159.74
Route: 3 22 32 61 57 52 49 -3 
  3 [ 7  55: 70]
 22 [ 3 107:112]
 32 [ 0 138:143]
 61 [ 1 158:163]
 57 [ 5 187:192]
 52 [ 9 205:210]
 49 [10 300:305]
 -3 [10 341:341]

y[2136] = 1.0
Vehicle: 201  Cost: 77.21
Route: 2 64 33 65 35 50 -2 
  2 [ 7  68: 83]
 64 [ 8 117:122]
 33 [ 4 122:127]
 65 [ 7 131:136]
 35 [ 4 136:141]
 50 [ 8 143:148]
 -2 [ 8 185:185]

y[3342] = 1.0
Vehicle: 304  Cost: 169.83
Route: 3 34 51 7 43 41 28 -3 
  3 [10  55: 70]
 34 [ 6 122:127]
 51 [ 9 180:185]
  7 [ 5 300:305]
 43 [ 6 305:310]
 41 [10 329:334]
 28 [ 8 375:380]
 -3 [ 8 402:402]

y[4062] = 1.0
Vehicle: 202  Cost: 18.12
Route: 2 68 40 14 47 -2 
  2 [ 5  68: 83]
 68 [ 9  91: 96]
 40 [ 6  96:101]
 14 [ 4 102:107]
 47 [ 5 107:112]
 -2 [ 5 121:121]

y[4307] = 1.0
Vehicle: 203  Cost: 92.25
Route: 2 12 38 44 9 62 11 -2 
  2 [ 9 138:153]
 12 [ 7 163:168]
 38 [ 5 198:203]
 44 [ 7 300:305]
  9 [ 3 305:310]
 62 [ 5 323:328]
 11 [ 4 342:347]
 -2 [ 4 366:366]

y[6608] = 1.0
Vehicle: 305  Cost: 102.78
Route: 3 37 23 53 24 54 36 67 -3 
  3 [ 8 107:122]
 37 [ 7 142:147]
 23 [ 6 168:173]
 53 [10 173:178]
 24 [ 7 300:305]
 54 [ 9 305:310]
 36 [ 6 320:325]
 67 [ 9 325:330]
 -3 [ 9 371:371]

FE: 2
SE: 12
!MIP-----
1540.820038103074,102.02891397476196,9.240505953541403E-5,2,12,9585,7901

Run: 3
Total Cost: 1561.78
Vehicle: 11  Cost: 147.30
Route: 1 2 -2 -3 -1 
 1 [ 23   0:  0 [38, 9, 11, 21, 40, 14, 12, 17, 16]]
 2 [  0  68: 68 []]
-2 [  9  68:381 [62, 68, 44, 47]]
-3 [ 18 405:420 [53, 54, 67, 62, 68, 44, 47]]
-1 [ 18 475:475 [53, 54, 67, 62, 68, 44, 47]]

Vehicle: 13  Cost: 110.45
Route: 1 3 -3 -1 
 1 [ 74   0:  0 [15, 37, 29, 13, 7, 5, 27, 30, 28, 26, 33, 20, 22, 31, 39, 32, 8, 25, 18, 19, 10, 4, 34, 35, 23, 36, 24, 6]]
 3 [  0  55: 55 []]
-3 [ 51  55:487 [56, 43, 60, 64, 65, 51, 59, 52, 48, 57, 45, 66, 55, 41, 42, 58, 61, 46, 49, 63, 50]]
-1 [ 51 542:542 [56, 43, 60, 64, 65, 51, 59, 52, 48, 57, 45, 66, 55, 41, 42, 58, 61, 46, 49, 63, 50]]

Vehicle: 201  Cost: 92.25
Route: 2 12 38 44 9 62 11 -2 
  2 [ 9  68: 83]
 12 [ 7  93: 98]
 38 [ 5 127:132]
 44 [ 7 300:305]
  9 [ 3 305:310]
 62 [ 5 323:328]
 11 [ 4 342:347]
 -2 [ 4 366:366]

Vehicle: 202  Cost: 79.88
Route: 2 21 16 17 -2 
  2 [ 9  68: 83]
 21 [ 5 121:126]
 16 [ 3 137:142]
 17 [ 0 420:425]
 -2 [ 0 453:453]

Vehicle: 203  Cost: 18.12
Route: 2 14 47 40 68 -2 
  2 [ 5  68: 83]
 14 [ 3  92: 97]
 47 [ 4  97:102]
 40 [ 1 103:108]
 68 [ 5 108:113]
 -2 [ 5 121:121]

Vehicle: 301  Cost: 114.61
Route: 3 37 52 61 39 5 -3 
  3 [ 6  55: 70]
 37 [ 5  90: 95]
 52 [ 9 121:126]
 61 [10 151:156]
 39 [ 6 300:305]
  5 [ 5 312:317]
 -3 [ 5 353:353]

Vehicle: 302  Cost: 171.65
Route: 3 22 32 66 57 58 8 49 -3 
  3 [ 8  55: 70]
 22 [ 4 107:112]
 32 [ 1 138:143]
 66 [ 4 180:185]
 57 [ 8 216:221]
 58 [10 300:305]
  8 [ 9 315:320]
 49 [10 336:341]
 -3 [10 377:377]

Vehicle: 303  Cost: 144.86
Route: 3 30 19 18 6 42 -3 
  3 [10  55: 70]
 30 [ 9  98:103]
 19 [ 8 126:131]
 18 [ 4 300:305]
  6 [ 0 331:336]
 42 [ 2 336:341]
 -3 [ 2 400:400]

Vehicle: 304  Cost: 126.02
Route: 3 31 33 64 35 65 50 20 63 -3 
  3 [10  55: 70]
 31 [ 9  77: 82]
 33 [ 5 122:127]
 64 [ 6 127:132]
 35 [ 3 136:141]
 65 [ 6 141:146]
 50 [10 148:153]
 20 [ 8 420:425]
 63 [10 461:466]
 -3 [10 472:472]

Vehicle: 305  Cost: 101.56
Route: 3 23 53 24 54 36 67 -3 
  3 [ 7  55: 70]
 23 [ 6 110:115]
 53 [10 115:120]
 24 [ 7 300:305]
 54 [ 9 305:310]
 36 [ 6 320:325]
 67 [ 9 325:330]
 -3 [ 9 371:371]

Vehicle: 306  Cost: 91.80
Route: 3 27 56 25 13 46 -3 
  3 [ 7  55: 70]
 27 [ 6  95:100]
 56 [10 100:105]
 25 [ 8 300:305]
 13 [ 4 322:327]
 46 [ 8 327:332]
 -3 [ 8 374:374]

Vehicle: 307  Cost: 137.99
Route: 3 59 48 15 4 10 45 -3 
  3 [ 8  55:140]
 59 [ 9 180:185]
 48 [10 208:213]
 15 [ 6 213:218]
  4 [ 3 300:305]
 10 [ 2 420:425]
 45 [ 3 425:430]
 -3 [ 3 453:453]

Vehicle: 308  Cost: 169.83
Route: 3 34 51 43 7 41 28 -3 
  3 [10  55: 70]
 34 [ 6 122:127]
 51 [ 9 180:185]
 43 [10 300:305]
  7 [ 6 305:310]
 41 [10 329:334]
 28 [ 8 375:380]
 -3 [ 8 402:402]

Vehicle: 309  Cost: 55.47
Route: 3 55 26 29 60 -3 
  3 [ 8  55: 70]
 55 [10  87: 92]
 26 [ 6  92: 97]
 29 [ 2 420:425]
 60 [ 5 436:441]
 -3 [ 5 448:448]

Total Cost: 1561.78
 11:147.30, 23:75 [1, 2, -2, -3, -1]
 13:110.45, 74:75 [1, 3, -3, -1]
201:92.25, 9:10 [2, 12, 38, 44, 9, 62, 11, -2]
202:79.88, 9:10 [2, 21, 16, 17, -2]
203:18.12, 5:10 [2, 14, 47, 40, 68, -2]
301:114.61, 10:10 [3, 37, 52, 61, 39, 5, -3]
302:171.65, 10:10 [3, 22, 32, 66, 57, 58, 8, 49, -3]
303:144.86, 10:10 [3, 30, 19, 18, 6, 42, -3]
304:126.02, 10:10 [3, 31, 33, 64, 35, 65, 50, 20, 63, -3]
305:101.56, 10:10 [3, 23, 53, 24, 54, 36, 67, -3]
306:91.80, 10:10 [3, 27, 56, 25, 13, 46, -3]
307:137.99, 10:10 [3, 59, 48, 15, 4, 10, 45, -3]
308:169.83, 10:10 [3, 34, 51, 43, 7, 41, 28, -3]
309:55.47, 10:10 [3, 55, 26, 29, 60, -3]
fe: 2, se: 12

!ALNS------------
100000,1561.7798703556405,161.292,6.319,2,12,0.6466666666666666,0.9416666666666667,32.5,5.416666666666667
5 7 0 5 0 0 1 1 
25.409924212470532 33.49136140250238 29.41745017615543 25.300012794649152 78.59893542074815 54.250255789201134 35.66067417577591 44.3683397061459 
3 2 1 2 5 1 3 2 
29.35769137875245 27.87424457752815 33.90130849575019 30.08941435997832 31.285806748992453 38.41828731142491 30.483439037491863 33.0547800926146 

x[6575] = 1.0
Vehicle: 13  Cost: 110.45
Route: 1 3 -3 -1 
 1 [ 67   0:  0 [26, 22, 5, 31, 15, 30, 19, 4, 29, 25, 24, 23, 34, 28, 7, 13, 37, 10, 27, 32, 8, 20, 39, 6, 18, 36]]
 3 [  0  55: 55 []]
-3 [ 48  55:494 [59, 51, 48, 58, 61, 67, 49, 52, 46, 66, 63, 56, 57, 43, 60, 54, 45, 55, 42, 41]]
-1 [ 48 549:549 [59, 51, 48, 58, 61, 67, 49, 52, 46, 66, 63, 56, 57, 43, 60, 54, 45, 55, 42, 41]]

x[9337] = 1.0
Vehicle: 11  Cost: 147.30
Route: 1 2 -2 -3 -1 
 1 [ 30   0:  0 [21, 35, 16, 38, 12, 33, 17, 11, 9, 14, 40]]
 2 [  0  68: 68 []]
-2 [ 17  68:381 [50, 68, 47, 62, 64, 44, 65]]
-3 [ 41 405:420 [53, 67, 57, 49, 50, 58, 46, 68, 47, 62, 64, 44, 54, 52, 65]]
-1 [ 41 475:475 [53, 67, 57, 49, 50, 58, 46, 68, 47, 62, 64, 44, 54, 52, 65]]

y[180] = 1.0
Vehicle: 305  Cost: 50.07
Route: 3 26 55 29 -3 
  3 [ 8  55: 70]
 26 [ 4  87: 92]
 55 [ 6  92: 97]
 29 [ 2 420:425]
 -3 [ 2 438:438]

y[354] = 1.0
Vehicle: 201  Cost: 79.88
Route: 2 21 16 17 -2 
  2 [ 9 230:245]
 21 [ 5 284:289]
 16 [ 3 300:305]
 17 [ 0 420:425]
 -2 [ 0 453:453]

y[606] = 1.0
Vehicle: 301  Cost: 135.94
Route: 3 66 39 8 58 5 10 45 -3 
  3 [ 7  55:142]
 66 [10 180:185]
 39 [ 6 300:305]
  8 [ 5 322:327]
 58 [ 7 336:341]
  5 [ 6 368:373]
 10 [ 5 420:425]
 45 [ 6 425:430]
 -3 [ 6 453:453]

y[935] = 1.0
Vehicle: 205  Cost: 92.25
Route: 2 12 38 9 44 62 11 -2 
  2 [ 9 217:232]
 12 [ 7 242:247]
 38 [ 5 276:281]
  9 [ 1 300:305]
 44 [ 3 305:310]
 62 [ 5 323:328]
 11 [ 4 342:347]
 -2 [ 4 366:366]

y[1767] = 1.0
Vehicle: 302  Cost: 159.74
Route: 3 22 32 61 57 52 49 -3 
  3 [ 7  55: 70]
 22 [ 3 107:112]
 32 [ 0 138:143]
 61 [ 1 158:163]
 57 [ 5 187:192]
 52 [ 9 205:210]
 49 [10 300:305]
 -3 [10 341:341]

y[2378] = 1.0
Vehicle: 201  Cost: 77.21
Route: 2 33 64 65 35 50 -2 
  2 [ 7  94:109]
 33 [ 3 144:149]
 64 [ 4 149:154]
 65 [ 7 157:162]
 35 [ 4 162:167]
 50 [ 8 169:174]
 -2 [ 8 211:211]

y[2988] = 1.0
Vehicle: 305  Cost: 102.78
Route: 3 37 23 53 24 54 36 67 -3 
  3 [ 8  55: 70]
 37 [ 7  90: 95]
 23 [ 6 116:121]
 53 [10 121:126]
 24 [ 7 300:305]
 54 [ 9 305:310]
 36 [ 6 320:325]
 67 [ 9 325:330]
 -3 [ 9 371:371]

y[3434] = 1.0
Vehicle: 307  Cost: 156.02
Route: 3 59 15 48 4 20 60 -3 
  3 [ 9  55:140]
 59 [10 180:185]
 15 [ 6 208:213]
 48 [ 7 213:218]
  4 [ 4 300:305]
 20 [ 2 420:425]
 60 [ 5 462:467]
 -3 [ 5 475:475]

y[3460] = 1.0
Vehicle: 306  Cost: 99.54
Route: 3 31 27 56 13 46 25 63 -3 
  3 [ 8  55: 70]
 31 [ 7  77: 82]
 27 [ 6 106:111]
 56 [10 111:116]
 13 [ 6 300:305]
 46 [10 305:310]
 25 [ 8 327:332]
 63 [10 420:425]
 -3 [10 431:431]

y[4173] = 1.0
Vehicle: 308  Cost: 169.83
Route: 3 34 51 43 7 41 28 -3 
  3 [10 160:175]
 34 [ 6 227:232]
 51 [ 9 249:254]
 43 [10 300:305]
  7 [ 6 305:310]
 41 [10 329:334]
 28 [ 8 375:380]
 -3 [ 8 402:402]

y[4462] = 1.0
Vehicle: 303  Cost: 144.86
Route: 3 30 19 18 42 6 -3 
  3 [10 224:239]
 30 [ 9 267:272]
 19 [ 8 295:300]
 18 [ 4 309:314]
 42 [ 6 340:345]
  6 [ 2 345:350]
 -3 [ 2 409:409]

y[6631] = 1.0
Vehicle: 204  Cost: 18.12
Route: 2 40 68 47 14 -2 
  2 [ 5 138:153]
 40 [ 2 161:166]
 68 [ 6 166:171]
 47 [ 7 172:177]
 14 [ 5 177:182]
 -2 [ 5 191:191]

FE: 2
SE: 12
!MIP-----
1543.977135945705,719.4229810237885,8.665661192884781E-5,2,12,14045,7369

Run: 4
Total Cost: 1553.24
Vehicle: 11  Cost: 147.30
Route: 1 2 -2 -3 -1 
 1 [ 36   0:  0 [38, 40, 9, 29, 20, 12, 16, 14, 35, 17, 21, 33, 11]]
 2 [  0  68: 68 []]
-2 [ 17  68:486 [47, 50, 44, 68, 62, 64, 65]]
-3 [ 32 510:525 [47, 50, 44, 59, 68, 45, 66, 42, 58, 62, 64, 65, 49, 60, 63]]
-1 [ 32 580:580 [47, 50, 44, 59, 68, 45, 66, 42, 58, 62, 64, 65, 49, 60, 63]]

Vehicle: 12  Cost: 110.45
Route: 1 3 -3 -1 
 1 [ 61   0:  0 [7, 6, 13, 39, 4, 10, 24, 27, 18, 19, 32, 28, 8, 23, 30, 5, 34, 36, 15, 22, 25, 37, 26, 31]]
 3 [  0  55: 55 []]
-3 [ 37  55:417 [53, 46, 61, 41, 57, 43, 54, 67, 52, 48, 51, 55, 56]]
-1 [ 37 472:472 [53, 46, 61, 41, 57, 43, 54, 67, 52, 48, 51, 55, 56]]

Vehicle: 201  Cost: 92.25
Route: 2 12 38 44 9 62 11 -2 
  2 [ 9  68: 83]
 12 [ 7  93: 98]
 38 [ 5 127:132]
 44 [ 7 300:305]
  9 [ 3 305:310]
 62 [ 5 323:328]
 11 [ 4 342:347]
 -2 [ 4 366:366]

Vehicle: 202  Cost: 79.88
Route: 2 21 16 17 -2 
  2 [ 9  68: 83]
 21 [ 5 121:126]
 16 [ 3 137:142]
 17 [ 0 420:425]
 -2 [ 0 453:453]

Vehicle: 203  Cost: 30.92
Route: 2 40 68 14 47 29 -2 
  2 [ 9  68: 83]
 40 [ 6  91: 96]
 68 [10  96:101]
 14 [ 8 102:107]
 47 [ 9 107:112]
 29 [ 5 420:425]
 -2 [ 5 438:438]

Vehicle: 204  Cost: 117.36
Route: 2 33 64 65 35 50 20 -2 
  2 [ 9  68: 83]
 33 [ 5 117:122]
 64 [ 6 122:127]
 65 [ 9 131:136]
 35 [ 6 136:141]
 50 [10 143:148]
 20 [ 8 420:425]
 -2 [ 8 471:471]

Vehicle: 301  Cost: 98.20
Route: 3 31 27 56 25 13 46 -3 
  3 [ 8  55: 70]
 31 [ 7  77: 82]
 27 [ 6 106:111]
 56 [10 111:116]
 25 [ 8 300:305]
 13 [ 4 322:327]
 46 [ 8 327:332]
 -3 [ 8 374:374]

Vehicle: 302  Cost: 34.06
Route: 3 26 55 -3 
  3 [ 4  55: 70]
 26 [ 0  87: 92]
 55 [ 2  92: 97]
 -3 [ 2 114:114]

Vehicle: 303  Cost: 169.83
Route: 3 34 51 43 7 41 28 -3 
  3 [10  55: 70]
 34 [ 6 122:127]
 51 [ 9 180:185]
 43 [10 300:305]
  7 [ 6 305:310]
 41 [10 329:334]
 28 [ 8 375:380]
 -3 [ 8 402:402]

Vehicle: 304  Cost: 157.72
Route: 3 22 59 66 39 8 58 49 45 10 -3 
  3 [10  55: 70]
 22 [ 6 107:112]
 59 [ 7 180:185]
 66 [10 193:198]
 39 [ 6 300:305]
  8 [ 5 322:327]
 58 [ 7 336:341]
 49 [ 8 362:367]
 45 [ 9 420:425]
 10 [ 8 425:430]
 -3 [ 8 453:453]

Vehicle: 305  Cost: 157.07
Route: 3 30 19 18 42 6 60 63 -3 
  3 [10  55: 70]
 30 [ 9  98:103]
 19 [ 8 126:131]
 18 [ 4 300:305]
 42 [ 6 331:336]
  6 [ 2 336:341]
 60 [ 5 402:407]
 63 [ 7 420:425]
 -3 [ 7 431:431]

Vehicle: 306  Cost: 126.01
Route: 3 37 52 57 61 5 -3 
  3 [ 2  55: 70]
 37 [ 1  90: 95]
 52 [ 5 121:126]
 57 [ 9 138:143]
 61 [10 167:172]
  5 [ 9 300:305]
 -3 [ 9 341:341]

Vehicle: 308  Cost: 130.64
Route: 3 32 15 48 4 -3 
  3 [10  55: 70]
 32 [ 7 119:124]
 15 [ 3 140:145]
 48 [ 4 145:150]
  4 [ 1 300:305]
 -3 [ 1 369:369]

Vehicle: 309  Cost: 101.56
Route: 3 23 53 24 54 36 67 -3 
  3 [ 7  55: 70]
 23 [ 6 110:115]
 53 [10 115:120]
 24 [ 7 300:305]
 54 [ 9 305:310]
 36 [ 6 320:325]
 67 [ 9 325:330]
 -3 [ 9 371:371]

Total Cost: 1553.24
 11:147.30, 36:75 [1, 2, -2, -3, -1]
 12:110.45, 61:75 [1, 3, -3, -1]
201:92.25, 9:10 [2, 12, 38, 44, 9, 62, 11, -2]
202:79.88, 9:10 [2, 21, 16, 17, -2]
203:30.92, 10:10 [2, 40, 68, 14, 47, 29, -2]
204:117.36, 10:10 [2, 33, 64, 65, 35, 50, 20, -2]
301:98.20, 10:10 [3, 31, 27, 56, 25, 13, 46, -3]
302:34.06, 4:10 [3, 26, 55, -3]
303:169.83, 10:10 [3, 34, 51, 43, 7, 41, 28, -3]
304:157.72, 10:10 [3, 22, 59, 66, 39, 8, 58, 49, 45, 10, -3]
305:157.07, 10:10 [3, 30, 19, 18, 42, 6, 60, 63, -3]
306:126.01, 10:10 [3, 37, 52, 57, 61, 5, -3]
308:130.64, 10:10 [3, 32, 15, 48, 4, -3]
309:101.56, 10:10 [3, 23, 53, 24, 54, 36, 67, -3]
fe: 2, se: 12

!ALNS------------
100000,1553.2447636740044,158.676,50.667,2,12,0.6466666666666666,0.9333333333333333,32.5,5.416666666666667
2 9 3 1 0 0 2 0 
20.11271385067656 45.780020263264326 29.227299944647978 29.75465693640452 10.372610764558885 37.51247438080148 23.436251435905522 48.162065675855935 
1 5 3 2 1 1 3 1 
28.533314169094176 34.682089996486326 42.251227391515926 31.236121992589922 29.89093935853952 28.13351815208885 27.58560910865049 30.231366568890838 

x[1281] = 1.0
Vehicle: 12  Cost: 110.45
Route: 1 3 -3 -1 
 1 [ 63   0:  0 [15, 36, 30, 4, 8, 5, 10, 37, 6, 32, 26, 22, 18, 24, 23, 31, 20, 34, 19, 28, 13, 27, 39, 25, 7]]
 3 [  0  55: 55 []]
-3 [ 44  55:417 [61, 46, 59, 53, 51, 67, 57, 66, 49, 55, 54, 52, 48, 41, 58, 43, 56]]
-1 [ 44 472:472 [61, 46, 59, 53, 51, 67, 57, 66, 49, 55, 54, 52, 48, 41, 58, 43, 56]]

x[4871] = 1.0
Vehicle: 11  Cost: 147.30
Route: 1 2 -2 -3 -1 
 1 [ 34   0:  0 [9, 16, 33, 40, 17, 14, 38, 29, 21, 12, 35, 11]]
 2 [  0  68: 68 []]
-2 [ 17  68:453 [47, 50, 65, 64, 68, 62, 44]]
-3 [ 37 477:498 [48, 66, 59, 42, 47, 45, 60, 50, 65, 64, 63, 58, 49, 68, 62, 44, 52]]
-1 [ 37 554:554 [48, 66, 59, 42, 47, 45, 60, 50, 65, 64, 63, 58, 49, 68, 62, 44, 52]]

y[444] = 1.0
Vehicle: 305  Cost: 91.80
Route: 3 27 56 25 13 46 -3 
  3 [ 7  55: 70]
 27 [ 6  95:100]
 56 [10 100:105]
 25 [ 8 300:305]
 13 [ 4 322:327]
 46 [ 8 327:332]
 -3 [ 8 374:374]

y[819] = 1.0
Vehicle: 303  Cost: 169.83
Route: 3 34 51 43 7 41 28 -3 
  3 [10 160:175]
 34 [ 6 227:232]
 51 [ 9 249:254]
 43 [10 300:305]
  7 [ 6 305:310]
 41 [10 329:334]
 28 [ 8 375:380]
 -3 [ 8 402:402]

y[1030] = 1.0
Vehicle: 301  Cost: 135.94
Route: 3 66 39 8 58 5 10 45 -3 
  3 [ 7  55:142]
 66 [10 180:185]
 39 [ 6 300:305]
  8 [ 5 322:327]
 58 [ 7 336:341]
  5 [ 6 368:373]
 10 [ 5 420:425]
 45 [ 6 425:430]
 -3 [ 6 453:453]

y[1166] = 1.0
Vehicle: 308  Cost: 152.77
Route: 3 59 15 48 4 20 63 -3 
  3 [ 9  55:140]
 59 [10 180:185]
 15 [ 6 208:213]
 48 [ 7 213:218]
  4 [ 4 300:305]
 20 [ 2 420:425]
 63 [ 4 461:466]
 -3 [ 4 472:472]

y[1527] = 1.0
Vehicle: 201  Cost: 82.07
Route: 2 12 11 9 44 62 -2 
  2 [ 7  94:109]
 12 [ 5 119:124]
 11 [ 4 300:305]
  9 [ 0 330:335]
 44 [ 2 335:340]
 62 [ 4 353:358]
 -2 [ 4 382:382]

y[2772] = 1.0
Vehicle: 207  Cost: 86.87
Route: 2 64 33 65 35 50 38 -2 
  2 [ 9  68: 83]
 64 [10 117:122]
 33 [ 6 122:127]
 65 [ 9 131:136]
 35 [ 6 136:141]
 50 [10 143:148]
 38 [ 8 162:167]
 -2 [ 8 200:200]

y[2920] = 1.0
Vehicle: 311  Cost: 159.74
Route: 3 22 32 61 57 52 49 -3 
  3 [ 7  55: 70]
 22 [ 3 107:112]
 32 [ 0 138:143]
 61 [ 1 158:163]
 57 [ 5 187:192]
 52 [ 9 205:210]
 49 [10 300:305]
 -3 [10 341:341]

y[3307] = 1.0
Vehicle: 202  Cost: 30.92
Route: 2 40 68 14 47 29 -2 
  2 [ 9  94:109]
 40 [ 6 117:122]
 68 [10 122:127]
 14 [ 8 128:133]
 47 [ 9 133:138]
 29 [ 5 420:425]
 -2 [ 5 438:438]

y[3784] = 1.0
Vehicle: 302  Cost: 48.61
Route: 3 55 26 31 60 -3 
  3 [ 5  55: 70]
 55 [ 7  87: 92]
 26 [ 3  92: 97]
 31 [ 2 117:122]
 60 [ 5 300:305]
 -3 [ 5 313:313]

y[4092] = 1.0
Vehicle: 309  Cost: 102.78
Route: 3 37 23 53 24 54 36 67 -3 
  3 [ 8 107:122]
 37 [ 7 142:147]
 23 [ 6 168:173]
 53 [10 173:178]
 24 [ 7 300:305]
 54 [ 9 305:310]
 36 [ 6 320:325]
 67 [ 9 325:330]
 -3 [ 9 371:371]

y[5349] = 1.0
Vehicle: 305  Cost: 144.86
Route: 3 30 19 18 42 6 -3 
  3 [10 172:187]
 30 [ 9 215:220]
 19 [ 8 242:247]
 18 [ 4 300:305]
 42 [ 6 331:336]
  6 [ 2 336:341]
 -3 [ 2 400:400]

y[5791] = 1.0
Vehicle: 203  Cost: 79.88
Route: 2 21 16 17 -2 
  2 [ 9 109:124]
 21 [ 5 163:168]
 16 [ 3 179:184]
 17 [ 0 420:425]
 -2 [ 0 453:453]

FE: 2
SE: 12
!MIP-----
1543.8103847680945,130.90909385681152,9.869464855086678E-5,2,12,10310,5902

Run: 5
Total Cost: 1567.14
Vehicle: 11  Cost: 147.30
Route: 1 2 -2 -3 -1 
 1 [ 34   0:  0 [12, 9, 33, 17, 40, 29, 11, 16, 38, 14, 21, 35]]
 2 [  0  68: 68 []]
-2 [ 17  68:453 [47, 65, 64, 68, 50, 62, 44]]
-3 [ 33 477:498 [49, 58, 66, 42, 47, 59, 45, 63, 65, 64, 68, 50, 60, 62, 44, 48]]
-1 [ 33 554:554 [49, 58, 66, 42, 47, 59, 45, 63, 65, 64, 68, 50, 60, 62, 44, 48]]

Vehicle: 12  Cost: 110.45
Route: 1 3 -3 -1 
 1 [ 63   0:  0 [32, 10, 7, 4, 25, 22, 31, 18, 24, 37, 19, 6, 8, 28, 30, 39, 13, 34, 26, 15, 36, 20, 23, 27, 5]]
 3 [  0  55: 55 []]
-3 [ 36  55:409 [46, 52, 41, 56, 51, 55, 67, 43, 54, 53, 61, 57]]
-1 [ 36 464:464 [46, 52, 41, 56, 51, 55, 67, 43, 54, 53, 61, 57]]

Vehicle: 201  Cost: 82.07
Route: 2 12 11 44 9 62 -2 
  2 [ 7  68: 83]
 12 [ 5  93: 98]
 11 [ 4 300:305]
 44 [ 6 330:335]
  9 [ 2 335:340]
 62 [ 4 353:358]
 -2 [ 4 382:382]

Vehicle: 202  Cost: 79.88
Route: 2 21 16 17 -2 
  2 [ 9  68: 83]
 21 [ 5 121:126]
 16 [ 3 137:142]
 17 [ 0 420:425]
 -2 [ 0 453:453]

Vehicle: 203  Cost: 86.87
Route: 2 64 33 35 65 50 38 -2 
  2 [ 9  68: 83]
 64 [10 117:122]
 33 [ 6 122:127]
 35 [ 3 131:136]
 65 [ 6 136:141]
 50 [10 143:148]
 38 [ 8 162:167]
 -2 [ 8 200:200]

Vehicle: 204  Cost: 30.92
Route: 2 40 68 14 47 29 -2 
  2 [ 9  68: 83]
 40 [ 6  91: 96]
 68 [10  96:101]
 14 [ 8 102:107]
 47 [ 9 107:112]
 29 [ 5 420:425]
 -2 [ 5 438:438]

Vehicle: 301  Cost: 127.94
Route: 3 37 28 49 58 8 39 5 45 10 -3 
  3 [10  55: 70]
 37 [ 9  90: 95]
 28 [ 7 300:305]
 49 [ 8 320:325]
 58 [10 346:351]
  8 [ 9 361:366]
 39 [ 5 382:387]
  5 [ 4 394:399]
 45 [ 5 420:425]
 10 [ 4 425:430]
 -3 [ 4 453:453]

Vehicle: 302  Cost: 190.03
Route: 3 22 59 66 48 4 20 60 63 -3 
  3 [ 9  55: 70]
 22 [ 5 107:112]
 59 [ 6 180:185]
 66 [ 9 193:198]
 48 [10 227:232]
  4 [ 7 300:305]
 20 [ 5 420:425]
 60 [ 8 462:467]
 63 [10 472:477]
 -3 [10 483:483]

Vehicle: 303  Cost: 110.01
Route: 3 26 53 24 54 36 67 -3 
  3 [10  55: 70]
 26 [ 6  87: 92]
 53 [10 123:128]
 24 [ 7 300:305]
 54 [ 9 305:310]
 36 [ 6 320:325]
 67 [ 9 325:330]
 -3 [ 9 371:371]

Vehicle: 304  Cost: 185.76
Route: 3 15 32 61 57 52 23 -3 
  3 [ 8  55: 70]
 15 [ 4 133:138]
 32 [ 1 154:159]
 61 [ 2 174:179]
 57 [ 6 203:208]
 52 [10 221:226]
 23 [ 9 241:246]
 -3 [ 9 286:286]

Vehicle: 306  Cost: 172.86
Route: 3 55 34 51 43 7 41 -3 
  3 [ 8  55: 70]
 55 [10  87: 92]
 34 [ 6 133:138]
 51 [ 9 180:185]
 43 [10 300:305]
  7 [ 6 305:310]
 41 [10 329:334]
 -3 [10 394:394]

Vehicle: 307  Cost: 98.20
Route: 3 31 27 56 25 13 46 -3 
  3 [ 8  55: 70]
 31 [ 7  77: 82]
 27 [ 6 106:111]
 56 [10 111:116]
 25 [ 8 300:305]
 13 [ 4 322:327]
 46 [ 8 327:332]
 -3 [ 8 374:374]

Vehicle: 308  Cost: 144.86
Route: 3 30 19 18 6 42 -3 
  3 [10  55: 70]
 30 [ 9  98:103]
 19 [ 8 126:131]
 18 [ 4 300:305]
  6 [ 0 331:336]
 42 [ 2 336:341]
 -3 [ 2 400:400]

Total Cost: 1567.14
 11:147.30, 34:75 [1, 2, -2, -3, -1]
 12:110.45, 63:75 [1, 3, -3, -1]
201:82.07, 7:10 [2, 12, 11, 44, 9, 62, -2]
202:79.88, 9:10 [2, 21, 16, 17, -2]
203:86.87, 10:10 [2, 64, 33, 35, 65, 50, 38, -2]
204:30.92, 10:10 [2, 40, 68, 14, 47, 29, -2]
301:127.94, 10:10 [3, 37, 28, 49, 58, 8, 39, 5, 45, 10, -3]
302:190.03, 10:10 [3, 22, 59, 66, 48, 4, 20, 60, 63, -3]
303:110.01, 10:10 [3, 26, 53, 24, 54, 36, 67, -3]
304:185.76, 10:10 [3, 15, 32, 61, 57, 52, 23, -3]
306:172.86, 10:10 [3, 55, 34, 51, 43, 7, 41, -3]
307:98.20, 10:10 [3, 31, 27, 56, 25, 13, 46, -3]
308:144.86, 10:10 [3, 30, 19, 18, 6, 42, -3]
fe: 2, se: 11

!ALNS------------
100000,1567.138442395085,117.879,65.674,2,11,0.6466666666666666,0.9636363636363636,32.5,5.909090909090909
7 6 3 4 0 0 8 1 
21.79250795137172 37.98444916801216 31.238516030325457 23.176941739024606 NaN NaN 21.793704300626068 57.63355571064819 
6 4 1 5 0 4 7 2 
26.821200414962995 31.590860416843867 31.6736592227166 27.86446125391697 27.044492599455513 30.303305446533678 28.263278105197806 31.856088722951185 

x[337] = 1.0
Vehicle: 12  Cost: 110.45
Route: 1 3 -3 -1 
 1 [ 63   0:  0 [4, 5, 7, 13, 31, 24, 25, 6, 28, 32, 37, 18, 23, 26, 22, 20, 10, 30, 8, 36, 39, 19, 27, 15, 34]]
 3 [  0  55: 55 []]
-3 [ 43  55:424 [56, 57, 51, 46, 52, 67, 55, 66, 49, 59, 61, 43, 41, 58, 53, 54]]
-1 [ 43 479:479 [56, 57, 51, 46, 52, 67, 55, 66, 49, 59, 61, 43, 41, 58, 53, 54]]

x[3763] = 1.0
Vehicle: 11  Cost: 147.30
Route: 1 2 -2 -3 -1 
 1 [ 34   0:  0 [33, 29, 16, 14, 21, 11, 40, 38, 12, 35, 9, 17]]
 2 [  0  68: 68 []]
-2 [ 17  68:453 [68, 50, 62, 44, 65, 47, 64]]
-3 [ 36 477:508 [58, 42, 59, 68, 50, 62, 44, 48, 46, 60, 45, 63, 65, 47, 64, 66]]
-1 [ 36 563:563 [58, 42, 59, 68, 50, 62, 44, 48, 46, 60, 45, 63, 65, 47, 64, 66]]

y[590] = 1.0
Vehicle: 204  Cost: 79.88
Route: 2 21 16 17 -2 
  2 [ 9  68: 83]
 21 [ 5 121:126]
 16 [ 3 137:142]
 17 [ 0 420:425]
 -2 [ 0 453:453]

y[1500] = 1.0
Vehicle: 202  Cost: 82.07
Route: 2 12 11 44 9 62 -2 
  2 [ 7  94:109]
 12 [ 5 119:124]
 11 [ 4 300:305]
 44 [ 6 330:335]
  9 [ 2 335:340]
 62 [ 4 353:358]
 -2 [ 4 382:382]

y[1886] = 1.0
Vehicle: 308  Cost: 144.86
Route: 3 30 19 18 6 42 -3 
  3 [10 160:175]
 30 [ 9 203:208]
 19 [ 8 231:236]
 18 [ 4 300:305]
  6 [ 0 331:336]
 42 [ 2 336:341]
 -3 [ 2 400:400]

y[2490] = 1.0
Vehicle: 308  Cost: 34.06
Route: 3 26 55 -3 
  3 [ 4  55: 70]
 26 [ 0  87: 92]
 55 [ 2  92: 97]
 -3 [ 2 114:114]

y[2740] = 1.0
Vehicle: 203  Cost: 86.87
Route: 2 64 33 65 35 50 38 -2 
  2 [ 9  68: 83]
 64 [10 117:122]
 33 [ 6 122:127]
 65 [ 9 131:136]
 35 [ 6 136:141]
 50 [10 143:148]
 38 [ 8 162:167]
 -2 [ 8 200:200]

y[2889] = 1.0
Vehicle: 307  Cost: 159.74
Route: 3 22 32 61 57 52 49 -3 
  3 [ 7  55: 70]
 22 [ 3 107:112]
 32 [ 0 138:143]
 61 [ 1 158:163]
 57 [ 5 187:192]
 52 [ 9 205:210]
 49 [10 300:305]
 -3 [10 341:341]

y[3141] = 1.0
Vehicle: 201  Cost: 30.92
Route: 2 40 68 14 47 29 -2 
  2 [ 9  68: 83]
 40 [ 6  91: 96]
 68 [10  96:101]
 14 [ 8 102:107]
 47 [ 9 107:112]
 29 [ 5 420:425]
 -2 [ 5 438:438]

y[3233] = 1.0
Vehicle: 307  Cost: 98.20
Route: 3 31 27 56 25 13 46 -3 
  3 [ 8 107:122]
 31 [ 7 128:133]
 27 [ 6 158:163]
 56 [10 163:168]
 25 [ 8 300:305]
 13 [ 4 322:327]
 46 [ 8 327:332]
 -3 [ 8 374:374]

y[4101] = 1.0
Vehicle: 303  Cost: 102.78
Route: 3 37 23 53 24 54 36 67 -3 
  3 [ 8 107:122]
 37 [ 7 142:147]
 23 [ 6 168:173]
 53 [10 173:178]
 24 [ 7 300:305]
 54 [ 9 305:310]
 36 [ 6 320:325]
 67 [ 9 325:330]
 -3 [ 9 371:371]

y[4657] = 1.0
Vehicle: 306  Cost: 169.83
Route: 3 34 51 43 7 41 28 -3 
  3 [10 107:122]
 34 [ 6 174:179]
 51 [ 9 195:200]
 43 [10 300:305]
  7 [ 6 305:310]
 41 [10 329:334]
 28 [ 8 375:380]
 -3 [ 8 402:402]

y[5732] = 1.0
Vehicle: 302  Cost: 159.21
Route: 3 59 15 48 4 20 60 63 -3 
  3 [ 9 155:170]
 59 [10 210:215]
 15 [ 6 239:244]
 48 [ 7 244:249]
  4 [ 4 300:305]
 20 [ 2 420:425]
 60 [ 5 462:467]
 63 [ 7 472:477]
 -3 [ 7 483:483]

y[5871] = 1.0
Vehicle: 301  Cost: 135.94
Route: 3 66 39 8 58 5 10 45 -3 
  3 [ 7 107:142]
 66 [10 180:185]
 39 [ 6 300:305]
  8 [ 5 322:327]
 58 [ 7 336:341]
  5 [ 6 368:373]
 10 [ 5 420:425]
 45 [ 6 425:430]
 -3 [ 6 453:453]

FE: 2
SE: 12
!MIP-----
1542.0991981198365,61.64311599731445,9.092314070660217E-5,2,12,9945,6024

