--Parameters Information--
speed=1
run=5
iteration= 100000
batch=100
restartPeriod=10000
largeRemovalOccurrence=500
initialLNS=250
lowerBoundSmallRemoval=4
smallRemoval=0.2
lowerBoundLargeRemoval=0.55
largeRemoval=0.8
initialWeight=1.0
decayRate=0.1
gamma1=9.0
gamma2=5.0
gamma3=2.0
gamma4=0.0
coolingRate=0.9995
temperatureControlParameter=0.05
initialAcceptanceProbability=0.5
perturbation=0.5
perturbationFactor=0.01
split=20000

Setup: Split
Data: B_100_9_LD

Run: 1
Total Cost: 2209.40
Vehicle: 11  Cost: 101.20
Route: 1 5 2 -2 -5 -1 
 1 [ 75   0:  0 [57, 61, 18, 15, 41, 59, 60, 10, 13, 12, 16, 22, 75, 68, 48, 55, 6, 28, 24, 73, 44, 74, 25, 19, 8, 39, 76, 30, 47, 72, 65, 21]]
 5 [ 44  27: 42 [57, 61, 18, 15, 41, 60, 13, 12, 16, 22, 75, 68, 48, 6, 28, 24, 74, 19, 76, 30]]
 2 [  0  66: 66 []]
-2 [ 23  66:477 [128, 98, 104, 100, 88, 119, 122, 94, 125, 90]]
-5 [ 42 500:519 [128, 93, 98, 104, 126, 100, 84, 88, 83, 115, 119, 122, 102, 94, 125, 90]]
-1 [ 42 546:546 [128, 93, 98, 104, 126, 100, 84, 88, 83, 115, 119, 122, 102, 94, 125, 90]]

Vehicle: 12  Cost: 112.02
Route: 1 3 -3 -1 
 1 [ 74   0:  0 [78, 7, 49, 35, 67, 82, 66, 58, 71, 56, 54, 36, 46, 11, 33, 31, 23, 37, 26, 50, 81, 62, 17, 34, 20, 69, 29, 38, 64]]
 3 [  0  56: 56 []]
-3 [ 43  56:389 [95, 131, 121, 118, 120, 132, 105, 99, 89, 91, 127, 107, 108, 106, 101]]
-1 [ 43 445:445 [95, 131, 121, 118, 120, 132, 105, 99, 89, 91, 127, 107, 108, 106, 101]]

Vehicle: 13  Cost: 54.00
Route: 1 5 -5 -1 
 1 [ 17   0:  0 [52, 79, 53, 70, 9]]
 5 [  0  27: 27 []]
-5 [ 20  27:343 [124, 111, 116, 117, 113, 87, 129]]
-1 [ 20 370:370 [124, 111, 116, 117, 113, 87, 129]]

Vehicle: 17  Cost: 85.44
Route: 1 4 -4 -1 
 1 [ 29   0:  0 [51, 27, 43, 63, 40, 45, 14, 42, 77, 32, 80]]
 4 [  0  43: 43 []]
-4 [ 36  43:376 [130, 109, 114, 96, 110, 92, 103, 97, 85, 86, 123, 112]]
-1 [ 36 418:418 [130, 109, 114, 96, 110, 92, 103, 97, 85, 86, 123, 112]]

Vehicle: 201  Cost: 49.83
Route: 2 16 57 90 28 98 12 -2 
  2 [10  66: 81]
 16 [ 7 100:105]
 57 [ 3 107:112]
 90 [ 4 119:124]
 28 [ 2 300:305]
 98 [ 3 305:310]
 12 [ 2 323:328]
 -2 [ 2 335:335]

Vehicle: 202  Cost: 101.60
Route: 2 22 30 41 18 94 24 74 48 -2 
  2 [10  66: 81]
 22 [ 8  98:103]
 30 [ 7 110:115]
 41 [ 6 124:129]
 18 [ 5 138:143]
 94 [ 6 144:149]
 24 [ 5 149:154]
 74 [ 2 300:305]
 48 [ 1 321:326]
 -2 [ 1 356:356]

Vehicle: 204  Cost: 55.75
Route: 2 19 60 119 88 15 122 68 125 -2 
  2 [10  66:165]
 19 [ 9 180:185]
 60 [ 5 300:305]
119 [ 7 305:310]
 88 [10 313:318]
 15 [ 8 318:323]
122 [ 9 328:333]
 68 [ 6 333:338]
125 [ 9 344:349]
 -2 [ 9 363:363]

Vehicle: 205  Cost: 54.81
Route: 2 100 6 104 -2 
  2 [ 4  66: 81]
100 [ 7  90: 95]
  6 [ 3 300:305]
104 [ 7 420:425]
 -2 [ 7 431:431]

Vehicle: 206  Cost: 63.35
Route: 2 13 75 76 128 61 -2 
  2 [10  66: 81]
 13 [ 7 103:108]
 75 [ 6 300:305]
 76 [ 3 420:425]
128 [ 7 425:430]
 61 [ 4 435:440]
 -2 [ 4 462:462]

Vehicle: 301  Cost: 71.79
Route: 3 29 120 66 106 81 131 -3 
  3 [ 6  56:170]
 29 [ 5 180:185]
120 [ 8 204:209]
 66 [ 4 209:214]
106 [ 8 219:224]
 81 [ 7 233:238]
131 [10 238:243]
 -3 [10 272:272]

Vehicle: 302  Cost: 91.03
Route: 3 71 107 37 108 101 -3 
  3 [ 5  56: 71]
 71 [ 4 102:107]
107 [ 8 300:305]
 37 [ 4 309:314]
108 [ 5 316:321]
101 [ 6 338:343]
 -3 [ 6 366:366]

Vehicle: 303  Cost: 70.92
Route: 3 17 89 26 50 46 -3 
  3 [10  56: 71]
 17 [ 6  98:103]
 89 [ 9 103:108]
 26 [ 8 112:117]
 50 [ 7 180:185]
 46 [ 3 189:194]
 -3 [ 3 224:224]

Vehicle: 304  Cost: 24.49
Route: 3 64 58 11 -3 
  3 [10  56: 71]
 64 [ 6  74: 79]
 58 [ 2 300:305]
 11 [ 0 309:314]
 -3 [ 0 324:324]

Vehicle: 305  Cost: 126.97
Route: 3 35 91 31 99 49 -3 
  3 [ 6  56: 71]
 35 [ 5  81: 86]
 91 [ 9 180:185]
 31 [ 7 187:192]
 99 [10 192:197]
 49 [ 7 300:305]
 -3 [ 7 352:352]

Vehicle: 306  Cost: 124.63
Route: 3 69 78 95 82 132 33 -3 
  3 [ 8  56: 71]
 69 [ 5  83: 88]
 78 [ 4 102:107]
 95 [ 8 143:148]
 82 [ 6 164:169]
132 [10 169:174]
 33 [ 8 300:305]
 -3 [ 8 325:325]

Vehicle: 307  Cost: 64.81
Route: 3 62 34 36 -3 
  3 [10  56:392]
 62 [ 8 420:425]
 34 [ 4 435:440]
 36 [ 0 453:458]
 -3 [ 0 472:472]

Vehicle: 308  Cost: 71.42
Route: 3 38 105 20 54 118 7 -3 
  3 [ 9  56: 71]
 38 [ 8  78: 83]
105 [ 9  83: 88]
 20 [ 5 300:305]
 54 [ 4 322:327]
118 [ 8 327:332]
  7 [ 5 352:357]
 -3 [ 5 374:374]

Vehicle: 309  Cost: 133.42
Route: 3 56 127 23 67 121 -3 
  3 [10  56: 71]
 56 [ 8 120:125]
127 [ 9 144:149]
 23 [ 5 300:305]
 67 [ 1 314:319]
121 [ 4 319:324]
 -3 [ 4 362:362]

Vehicle: 401  Cost: 71.41
Route: 4 85 42 109 86 43 -4 
  4 [ 4  43:160]
 85 [ 6 180:185]
 42 [ 3 192:197]
109 [ 7 197:202]
 86 [ 9 300:305]
 43 [ 8 314:319]
 -4 [ 8 346:346]

Vehicle: 402  Cost: 94.68
Route: 4 96 63 97 27 14 112 110 -4 
  4 [ 8  43: 58]
 96 [10  73: 78]
 63 [ 6  97:102]
 97 [10 109:114]
 27 [ 7 114:119]
 14 [ 6 131:136]
112 [ 9 300:305]
110 [10 325:330]
 -4 [10 348:348]

Vehicle: 405  Cost: 82.80
Route: 4 77 80 130 51 114 92 -4 
  4 [ 9  43: 58]
 77 [ 5  85: 90]
 80 [ 1 300:305]
130 [ 4 305:310]
 51 [ 3 316:321]
114 [ 7 321:326]
 92 [10 339:344]
 -4 [10 361:361]

Vehicle: 406  Cost: 120.81
Route: 4 32 40 123 103 45 -4 
  4 [ 8  43: 58]
 32 [ 5  76: 81]
 40 [ 2  98:103]
123 [ 6 127:132]
103 [10 137:142]
 45 [ 8 300:305]
 -4 [ 8 347:347]

Vehicle: 501  Cost: 63.60
Route: 5 70 124 44 111 87 -5 
  5 [ 6  27: 42]
 70 [ 4  73: 78]
124 [ 7  78: 83]
 44 [ 3  97:102]
111 [ 7 102:107]
 87 [ 9 300:305]
 -5 [ 9 311:311]

Vehicle: 502  Cost: 107.95
Route: 5 10 53 102 84 72 126 -5 
  5 [ 8  27: 42]
 10 [ 4  53: 58]
 53 [ 1  76: 81]
102 [ 2 420:425]
 84 [ 6 449:454]
 72 [ 5 458:463]
126 [ 9 463:468]
 -5 [ 9 504:504]

Vehicle: 503  Cost: 31.11
Route: 5 79 129 117 65 73 -5 
  5 [ 9  27: 42]
 79 [ 5  44: 49]
129 [ 9  49: 54]
117 [10  69: 74]
 65 [ 8 180:185]
 73 [ 5 300:305]
 -5 [ 5 311:311]

Vehicle: 504  Cost: 28.33
Route: 5 21 93 39 83 -5 
  5 [ 6  27:413]
 21 [ 3 420:425]
 93 [ 5 425:430]
 39 [ 2 437:442]
 83 [ 6 445:450]
 -5 [ 6 461:461]

Vehicle: 505  Cost: 50.64
Route: 5 52 116 47 113 55 -5 
  5 [10  27: 42]
 52 [ 6  56: 61]
116 [10  61: 66]
 47 [ 6 180:185]
113 [ 8 185:190]
 55 [ 6 300:305]
 -5 [ 6 328:328]

Vehicle: 506  Cost: 100.58
Route: 5 59 25 9 8 115 -5 
  5 [ 9  27:140]
 59 [ 8 180:185]
 25 [ 7 300:305]
  9 [ 3 314:319]
  8 [ 0 324:329]
115 [ 4 355:360]
 -5 [ 4 369:369]

Total Cost: 2209.40
 11:101.20, 75:75 [1, 5, 2, -2, -5, -1]
 12:112.02, 74:75 [1, 3, -3, -1]
 13:54.00, 20:75 [1, 5, -5, -1]
 17:85.44, 36:75 [1, 4, -4, -1]
201:49.83, 10:10 [2, 16, 57, 90, 28, 98, 12, -2]
202:101.60, 10:10 [2, 22, 30, 41, 18, 94, 24, 74, 48, -2]
204:55.75, 10:10 [2, 19, 60, 119, 88, 15, 122, 68, 125, -2]
205:54.81, 7:10 [2, 100, 6, 104, -2]
206:63.35, 10:10 [2, 13, 75, 76, 128, 61, -2]
301:71.79, 10:10 [3, 29, 120, 66, 106, 81, 131, -3]
302:91.03, 8:10 [3, 71, 107, 37, 108, 101, -3]
303:70.92, 10:10 [3, 17, 89, 26, 50, 46, -3]
304:24.49, 10:10 [3, 64, 58, 11, -3]
305:126.97, 10:10 [3, 35, 91, 31, 99, 49, -3]
306:124.63, 10:10 [3, 69, 78, 95, 82, 132, 33, -3]
307:64.81, 10:10 [3, 62, 34, 36, -3]
308:71.42, 9:10 [3, 38, 105, 20, 54, 118, 7, -3]
309:133.42, 10:10 [3, 56, 127, 23, 67, 121, -3]
401:71.41, 9:10 [4, 85, 42, 109, 86, 43, -4]
402:94.68, 10:10 [4, 96, 63, 97, 27, 14, 112, 110, -4]
405:82.80, 10:10 [4, 77, 80, 130, 51, 114, 92, -4]
406:120.81, 10:10 [4, 32, 40, 123, 103, 45, -4]
501:63.60, 9:10 [5, 70, 124, 44, 111, 87, -5]
502:107.95, 9:10 [5, 10, 53, 102, 84, 72, 126, -5]
503:31.11, 10:10 [5, 79, 129, 117, 65, 73, -5]
504:28.33, 6:10 [5, 21, 93, 39, 83, -5]
505:50.64, 10:10 [5, 52, 116, 47, 113, 55, -5]
506:100.58, 9:10 [5, 59, 25, 9, 8, 115, -5]
fe: 4, se: 24

!ALNS------------
100000,2209.4011060741796,441.458,432.175,4,24,0.6833333333333333,0.9416666666666667,31.75,5.291666666666667
30 21 25 13 0 1 15 3 
8.37969480903297 27.24644217564965 11.368481472701996 15.144136368960071 34.222688031720544 33.68228588427266 15.920976042811684 21.317257846476213 
16 14 10 8 12 13 26 9 
14.020320371909497 15.343826641008032 18.704931752126985 13.65827362374693 14.268699661346956 15.514812798523371 15.940427675272034 19.46593366105177 

x[2400] = 1.0
Vehicle: 17  Cost: 85.44
Route: 1 4 -4 -1 
 1 [ 26   0:  0 [51, 32, 45, 80, 43, 27, 77, 42, 53, 82]]
 4 [  0  43: 43 []]
-4 [ 36  43:376 [109, 112, 114, 103, 86, 123, 97, 85, 96, 92, 130, 110]]
-1 [ 36 418:418 [109, 112, 114, 103, 86, 123, 97, 85, 96, 92, 130, 110]]

x[18596] = 1.0
Vehicle: 13  Cost: 54.00
Route: 1 5 -5 -1 
 1 [ 20   0:  0 [21, 59, 52, 47, 14, 73, 63]]
 5 [  0  27: 27 []]
-5 [ 27  27:376 [117, 115, 113, 124, 112, 87, 111, 129, 116]]
-1 [ 27 403:403 [117, 115, 113, 124, 112, 87, 111, 129, 116]]

x[21146] = 1.0
Vehicle: 11  Cost: 101.20
Route: 1 5 2 -2 -5 -1 
 1 [ 75   0:  0 [76, 25, 44, 30, 61, 19, 12, 8, 70, 68, 28, 22, 24, 9, 60, 57, 13, 59, 15, 18, 6, 79, 65, 74, 48, 41, 16, 55, 75, 10, 72, 39]]
 5 [ 44  27: 42 [76, 30, 61, 19, 12, 68, 28, 22, 24, 60, 57, 13, 15, 18, 6, 74, 48, 41, 16, 75]]
 2 [  0  66: 66 []]
-2 [ 23  66:477 [125, 88, 94, 119, 90, 100, 104, 98, 122, 128]]
-5 [ 42 500:519 [126, 84, 93, 125, 88, 94, 119, 90, 83, 100, 115, 104, 98, 122, 128, 102]]
-1 [ 42 546:546 [126, 84, 93, 125, 88, 94, 119, 90, 83, 100, 115, 104, 98, 122, 128, 102]]

x[22487] = 1.0
Vehicle: 12  Cost: 112.02
Route: 1 3 -3 -1 
 1 [ 75   0:  0 [40, 17, 34, 38, 64, 50, 31, 37, 54, 69, 33, 67, 62, 7, 11, 66, 35, 36, 56, 78, 58, 49, 23, 26, 71, 46, 81, 20, 29]]
 3 [  0  56: 56 []]
-3 [ 43  56:411 [131, 132, 118, 108, 91, 127, 105, 120, 107, 101, 99, 95, 121, 106, 89]]
-1 [ 43 467:467 [131, 132, 118, 108, 91, 127, 105, 120, 107, 101, 99, 95, 121, 106, 89]]

y[140] = 1.0
Vehicle: 503  Cost: 29.45
Route: 5 10 117 65 73 -5 
  5 [ 9  84: 99]
 10 [ 5 110:115]
117 [ 6 119:124]
 65 [ 4 180:185]
 73 [ 1 300:305]
 -5 [ 1 311:311]

y[375] = 1.0
Vehicle: 304  Cost: 24.49
Route: 3 64 58 11 -3 
  3 [10  71: 86]
 64 [ 6  89: 94]
 58 [ 2 300:305]
 11 [ 0 309:314]
 -3 [ 0 324:324]

y[660] = 1.0
Vehicle: 501  Cost: 63.60
Route: 5 70 124 44 111 87 -5 
  5 [ 6 128:143]
 70 [ 4 174:179]
124 [ 7 179:184]
 44 [ 3 197:202]
111 [ 7 202:207]
 87 [ 9 300:305]
 -5 [ 9 311:311]

y[1239] = 1.0
Vehicle: 302  Cost: 91.03
Route: 3 71 107 37 108 101 -3 
  3 [ 5  56: 71]
 71 [ 4 102:107]
107 [ 8 300:305]
 37 [ 4 309:314]
108 [ 5 316:321]
101 [ 6 338:343]
 -3 [ 6 366:366]

y[1760] = 1.0
Vehicle: 506  Cost: 100.58
Route: 5 59 25 9 8 115 -5 
  5 [ 9 128:143]
 59 [ 8 182:187]
 25 [ 7 300:305]
  9 [ 3 314:319]
  8 [ 0 324:329]
115 [ 4 355:360]
 -5 [ 4 369:369]

y[1801] = 1.0
Vehicle: 201  Cost: 66.80
Route: 2 12 98 28 75 76 128 61 -2 
  2 [10 109:294]
 12 [ 9 300:305]
 98 [10 318:323]
 28 [ 8 323:328]
 75 [ 7 345:350]
 76 [ 4 420:425]
128 [ 8 425:430]
 61 [ 5 435:440]
 -2 [ 5 462:462]

y[2022] = 1.0
Vehicle: 202  Cost: 101.60
Route: 2 22 30 41 18 24 94 74 48 -2 
  2 [10  94:109]
 22 [ 8 127:132]
 30 [ 7 138:143]
 41 [ 6 153:158]
 18 [ 5 166:171]
 24 [ 4 172:177]
 94 [ 5 177:182]
 74 [ 2 300:305]
 48 [ 1 321:326]
 -2 [ 1 356:356]

y[2066] = 1.0
Vehicle: 309  Cost: 133.42
Route: 3 56 127 23 121 67 -3 
  3 [10  84: 99]
 56 [ 8 147:152]
127 [ 9 172:177]
 23 [ 5 300:305]
121 [ 8 314:319]
 67 [ 4 319:324]
 -3 [ 4 362:362]

y[2749] = 1.0
Vehicle: 303  Cost: 70.92
Route: 3 17 89 26 50 46 -3 
  3 [10  84: 99]
 17 [ 6 126:131]
 89 [ 9 131:136]
 26 [ 8 140:145]
 50 [ 7 180:185]
 46 [ 3 189:194]
 -3 [ 3 224:224]

y[5099] = 1.0
Vehicle: 406  Cost: 120.99
Route: 4 32 82 123 103 45 -4 
  4 [ 7 180:195]
 32 [ 4 213:218]
 82 [ 2 252:257]
123 [ 6 264:269]
103 [10 275:280]
 45 [ 8 300:305]
 -4 [ 8 347:347]

y[6113] = 1.0
Vehicle: 308  Cost: 124.63
Route: 3 69 78 95 132 33 -3 
  3 [ 6  56: 71]
 69 [ 3  83: 88]
 78 [ 2 102:107]
 95 [ 6 143:148]
132 [10 164:169]
 33 [ 8 300:305]
 -3 [ 8 325:325]

y[6272] = 1.0
Vehicle: 301  Cost: 71.79
Route: 3 29 66 120 40 106 81 131 -3 
  3 [ 9  56:170]
 29 [ 8 180:185]
 66 [ 4 204:209]
120 [ 7 209:214]
 40 [ 4 219:224]
106 [ 8 224:229]
 81 [ 7 238:243]
131 [10 243:248]
 -3 [10 277:277]

y[6718] = 1.0
Vehicle: 507  Cost: 28.33
Route: 5 83 39 21 93 -5 
  5 [ 6 381:396]
 83 [10 407:412]
 39 [ 7 420:425]
 21 [ 4 432:437]
 93 [ 6 437:442]
 -5 [ 6 449:449]

y[6831] = 1.0
Vehicle: 203  Cost: 42.65
Route: 2 6 104 -2 
  2 [ 4 109:282]
  6 [ 0 300:305]
104 [ 4 420:425]
 -2 [ 4 431:431]

y[7416] = 1.0
Vehicle: 405  Cost: 68.33
Route: 4 80 130 51 114 92 -4 
  4 [ 5 197:267]
 80 [ 1 300:305]
130 [ 4 305:310]
 51 [ 3 316:321]
114 [ 7 321:326]
 92 [10 339:344]
 -4 [10 361:361]

y[8401] = 1.0
Vehicle: 502  Cost: 131.73
Route: 5 63 55 126 72 84 102 -5 
  5 [ 7  27: 42]
 63 [ 3  72: 77]
 55 [ 1 300:305]
126 [ 5 326:331]
 72 [ 4 331:336]
 84 [ 8 420:425]
102 [ 9 449:454]
 -5 [ 9 497:497]

y[8905] = 1.0
Vehicle: 401  Cost: 72.24
Route: 4 53 85 42 109 86 43 -4 
  4 [ 7 136:151]
 53 [ 4 156:161]
 85 [ 6 180:185]
 42 [ 3 192:197]
109 [ 7 197:202]
 86 [ 9 300:305]
 43 [ 8 314:319]
 -4 [ 8 346:346]

y[9351] = 1.0
Vehicle: 204  Cost: 55.75
Route: 2 19 60 119 15 88 68 122 125 -2 
  2 [10 109:165]
 19 [ 9 180:185]
 60 [ 5 300:305]
119 [ 7 305:310]
 15 [ 5 313:318]
 88 [ 8 318:323]
 68 [ 5 328:333]
122 [ 6 333:338]
125 [ 9 344:349]
 -2 [ 9 363:363]

y[9720] = 1.0
Vehicle: 307  Cost: 64.81
Route: 3 62 34 36 -3 
  3 [10  71:392]
 62 [ 8 420:425]
 34 [ 4 435:440]
 36 [ 0 453:458]
 -3 [ 0 472:472]

y[9959] = 1.0
Vehicle: 402  Cost: 62.88
Route: 4 96 77 97 27 110 -4 
  4 [ 7  43: 58]
 96 [ 9  73: 78]
 77 [ 5  91: 96]
 97 [ 9  99:104]
 27 [ 6 104:109]
110 [ 7 300:305]
 -4 [ 7 324:324]

y[11295] = 1.0
Vehicle: 505  Cost: 60.08
Route: 5 52 116 47 113 14 112 -5 
  5 [ 9 100:115]
 52 [ 5 129:134]
116 [ 9 134:139]
 47 [ 5 180:185]
113 [ 7 185:190]
 14 [ 6 197:202]
112 [ 9 300:305]
 -5 [ 9 334:334]

y[12180] = 1.0
Vehicle: 201  Cost: 55.86
Route: 2 16 57 90 13 100 -2 
  2 [10 109:124]
 16 [ 7 144:149]
 57 [ 3 151:156]
 90 [ 4 163:168]
 13 [ 1 172:177]
100 [ 4 191:196]
 -2 [ 4 205:205]

y[13922] = 1.0
Vehicle: 308  Cost: 71.42
Route: 3 38 105 20 54 118 7 -3 
  3 [ 9 104:119]
 38 [ 8 126:131]
105 [ 9 131:136]
 20 [ 5 300:305]
 54 [ 4 322:327]
118 [ 8 327:332]
  7 [ 5 352:357]
 -3 [ 5 374:374]

y[15555] = 1.0
Vehicle: 305  Cost: 126.97
Route: 3 35 91 31 99 49 -3 
  3 [ 6  71: 86]
 35 [ 5  96:101]
 91 [ 9 180:185]
 31 [ 7 187:192]
 99 [10 192:197]
 49 [ 7 300:305]
 -3 [ 7 352:352]

y[16260] = 1.0
Vehicle: 506  Cost: 4.47
Route: 5 79 129 -5 
  5 [ 4  27: 42]
 79 [ 0  44: 49]
129 [ 4  49: 54]
 -5 [ 4  56: 56]

FE: 4
SE: 25
!MIP-----
2197.48176031022,5401.02965092659,0.027884445067183503,4,25,23689,16342

Run: 2
Total Cost: 2204.76
Vehicle: 11  Cost: 90.38
Route: 1 2 -2 -1 
 1 [ 69   0:  0 [44, 75, 9, 17, 46, 50, 24, 22, 67, 70, 15, 12, 74, 48, 28, 18, 68, 25, 8, 19, 16, 26, 59, 60, 30, 41, 23, 13, 56, 57]]
 2 [  0  45: 45 []]
-2 [ 29  45:373 [125, 98, 111, 94, 88, 124, 122, 121, 127, 119, 89, 90, 100]]
-1 [ 29 419:419 [125, 98, 111, 94, 88, 124, 122, 121, 127, 119, 89, 90, 100]]

Vehicle: 13  Cost: 112.03
Route: 1 3 -3 -5 -1 
 1 [ 65   0:  0 [29, 78, 31, 64, 71, 45, 54, 82, 11, 37, 36, 38, 62, 34, 58, 76, 66, 33, 69, 35, 20, 61, 49, 7, 6]]
 3 [  0  56: 56 []]
-3 [ 39  56:519 [132, 102, 101, 104, 118, 123, 95, 105, 128, 99, 108, 84, 107]]
-5 [ 54 548:563 [93, 132, 102, 101, 115, 104, 87, 83, 118, 123, 95, 105, 128, 99, 108, 84, 112, 107]]
-1 [ 54 590:590 [132, 102, 101, 93, 115, 104, 87, 83, 118, 123, 95, 105, 128, 99, 108, 84, 112, 107]]

Vehicle: 14  Cost: 94.42
Route: 1 5 -5 4 -4 -1 
 1 [ 61   0:  0 [51, 32, 72, 40, 43, 42, 81, 53, 65, 52, 80, 14, 79, 55, 77, 27, 10, 47, 63, 39, 21, 73]]
 5 [ 43  27: 27 [51, 32, 72, 40, 43, 42, 81, 53, 65, 52, 80, 55, 77, 27, 10, 47]]
-5 [ 47  27: 71 [129, 51, 32, 72, 40, 43, 42, 81, 53, 65, 52, 80, 55, 77, 27, 10, 47]]
 4 [  4  96: 96 [129]]
-4 [ 58  96:376 [130, 110, 113, 116, 117, 106, 85, 103, 129, 114, 126, 92, 96, 120, 97, 109, 86, 91, 131]]
-1 [ 58 418:418 [130, 110, 113, 116, 117, 106, 85, 103, 129, 114, 126, 92, 96, 120, 97, 109, 86, 91, 131]]

Vehicle: 201  Cost: 80.45
Route: 2 17 89 26 50 46 100 -2 
  2 [10  45: 60]
 17 [ 6  91: 96]
 89 [ 9  96:101]
 26 [ 8 106:111]
 50 [ 7 180:185]
 46 [ 3 189:194]
100 [ 6 220:225]
 -2 [ 6 235:235]

Vehicle: 202  Cost: 99.30
Route: 2 15 74 23 48 -2 
  2 [10  45:276]
 15 [ 8 300:305]
 74 [ 5 327:332]
 23 [ 1 344:349]
 48 [ 0 361:366]
 -2 [ 0 395:395]

Vehicle: 203  Cost: 53.13
Route: 2 22 119 60 88 68 122 125 -2 
  2 [ 9  45: 60]
 22 [ 7  78: 83]
119 [ 9 300:305]
 60 [ 5 305:310]
 88 [ 8 313:318]
 68 [ 5 323:328]
122 [ 6 328:333]
125 [ 9 339:344]
 -2 [ 9 358:358]

Vehicle: 204  Cost: 99.63
Route: 2 19 75 25 9 8 -2 
  2 [10  45:165]
 19 [ 9 180:185]
 75 [ 8 300:305]
 25 [ 7 328:333]
  9 [ 3 342:347]
  8 [ 0 351:356]
 -2 [ 0 389:389]

Vehicle: 205  Cost: 96.37
Route: 2 16 124 70 59 44 111 -2 
  2 [10  45: 60]
 16 [ 7  80: 85]
124 [10 102:107]
 70 [ 8 107:112]
 59 [ 7 180:185]
 44 [ 3 207:212]
111 [ 7 212:217]
 -2 [ 7 246:246]

Vehicle: 208  Cost: 138.49
Route: 2 30 41 18 24 94 127 56 121 67 -2 
  2 [10  45: 60]
 30 [ 9  79: 84]
 41 [ 8  94: 99]
 18 [ 7 107:112]
 24 [ 6 113:118]
 94 [ 7 118:123]
127 [ 8 147:152]
 56 [ 6 172:177]
121 [ 9 300:305]
 67 [ 5 305:310]
 -2 [ 5 350:350]

Vehicle: 209  Cost: 56.50
Route: 2 57 13 90 28 98 12 -2 
  2 [10  45: 60]
 57 [ 6  81: 86]
 13 [ 3  96:101]
 90 [ 4 105:110]
 28 [ 2 300:305]
 98 [ 3 305:310]
 12 [ 2 323:328]
 -2 [ 2 335:335]

Vehicle: 301  Cost: 142.69
Route: 3 69 78 71 99 31 95 49 -3 
  3 [10  56: 71]
 69 [ 7  83: 88]
 78 [ 6 102:107]
 71 [ 5 117:122]
 99 [ 8 166:171]
 31 [ 6 171:176]
 95 [10 179:184]
 49 [ 7 300:305]
 -3 [ 7 352:352]

Vehicle: 302  Cost: 92.33
Route: 3 34 101 108 37 107 62 -3 
  3 [10  56:277]
 34 [ 6 300:305]
101 [ 7 305:310]
108 [ 8 327:332]
 37 [ 4 334:339]
107 [ 8 343:348]
 62 [ 6 420:425]
 -3 [ 6 453:453]

Vehicle: 304  Cost: 24.49
Route: 3 64 58 11 -3 
  3 [10  56: 71]
 64 [ 6  74: 79]
 58 [ 2 300:305]
 11 [ 0 309:314]
 -3 [ 0 324:324]

Vehicle: 305  Cost: 107.70
Route: 3 6 128 76 61 104 -3 
  3 [10  56:277]
  6 [ 6 300:305]
128 [10 420:425]
 76 [ 7 425:430]
 61 [ 4 435:440]
104 [ 8 468:473]
 -3 [ 8 490:490]

Vehicle: 306  Cost: 29.28
Route: 3 105 38 35 36 -3 
  3 [ 6  56: 71]
105 [ 7  78: 83]
 38 [ 6  83: 88]
 35 [ 5  93: 98]
 36 [ 1 300:305]
 -3 [ 1 318:318]

Vehicle: 307  Cost: 139.91
Route: 3 7 20 33 118 54 102 84 -3 
  3 [10  56:283]
  7 [ 7 300:305]
 20 [ 3 312:317]
 33 [ 1 321:326]
118 [ 5 341:346]
 54 [ 4 346:351]
102 [ 5 420:425]
 84 [ 9 449:454]
 -3 [ 9 504:504]

Vehicle: 308  Cost: 119.69
Route: 3 29 66 82 132 123 45 -3 
  3 [ 9  56:170]
 29 [ 8 180:185]
 66 [ 4 204:209]
 82 [ 2 229:234]
132 [ 6 234:239]
123 [10 247:252]
 45 [ 8 300:305]
 -3 [ 8 353:353]

Vehicle: 401  Cost: 81.05
Route: 4 53 40 106 131 81 120 -4 
  4 [ 7  96:111]
 53 [ 4 116:121]
 40 [ 1 150:155]
106 [ 5 155:160]
131 [ 8 169:174]
 81 [ 7 174:179]
120 [10 186:191]
 -4 [10 222:222]

Vehicle: 402  Cost: 166.39
Route: 4 10 117 65 32 91 103 43 -4 
  4 [10  96:111]
 10 [ 6 125:130]
117 [ 7 134:139]
 65 [ 5 180:185]
 32 [ 2 209:214]
 91 [ 6 264:269]
103 [10 280:285]
 43 [ 9 317:322]
 -4 [ 9 350:350]

Vehicle: 403  Cost: 61.93
Route: 4 52 116 47 113 55 110 -4 
  4 [10  96:111]
 52 [ 6 134:139]
116 [10 139:144]
 47 [ 6 180:185]
113 [ 8 185:190]
 55 [ 6 300:305]
110 [ 7 312:317]
 -4 [ 7 336:336]

Vehicle: 404  Cost: 68.33
Route: 4 80 130 114 51 92 -4 
  4 [ 5  96:267]
 80 [ 1 300:305]
130 [ 4 305:310]
114 [ 8 316:321]
 51 [ 7 321:326]
 92 [10 339:344]
 -4 [10 361:361]

Vehicle: 405  Cost: 65.64
Route: 4 85 109 42 86 -4 
  4 [ 3  96:160]
 85 [ 5 180:185]
109 [ 9 192:197]
 42 [ 6 197:202]
 86 [ 8 300:305]
 -4 [ 8 335:335]

Vehicle: 406  Cost: 71.92
Route: 4 96 77 27 97 72 126 -4 
  4 [ 8  96:111]
 96 [10 126:131]
 77 [ 6 144:149]
 27 [ 3 153:158]
 97 [ 7 158:163]
 72 [ 6 300:305]
126 [10 305:310]
 -4 [10 330:330]

Vehicle: 501  Cost: 69.58
Route: 5 63 14 112 39 83 -5 
  5 [ 8  27: 42]
 63 [ 4  72: 77]
 14 [ 3  84: 89]
112 [ 6 300:305]
 39 [ 3 420:425]
 83 [ 7 428:433]
 -5 [ 7 444:444]

Vehicle: 502  Cost: 38.65
Route: 5 73 21 93 87 115 -5 
  5 [ 6  27:294]
 73 [ 3 300:305]
 21 [ 0 420:425]
 93 [ 2 425:430]
 87 [ 4 433:438]
115 [ 8 446:451]
 -5 [ 8 459:459]

Vehicle: 503  Cost: 4.47
Route: 5 79 129 -5 
  5 [ 4  27: 42]
 79 [ 0  44: 49]
129 [ 4  49: 54]
 -5 [ 4  56: 56]

Total Cost: 2204.76
 11:90.38, 69:75 [1, 2, -2, -1]
 13:112.03, 65:75 [1, 3, -3, -5, -1]
 14:94.42, 61:75 [1, 5, -5, 4, -4, -1]
201:80.45, 10:10 [2, 17, 89, 26, 50, 46, 100, -2]
202:99.30, 10:10 [2, 15, 74, 23, 48, -2]
203:53.13, 9:10 [2, 22, 119, 60, 88, 68, 122, 125, -2]
204:99.63, 10:10 [2, 19, 75, 25, 9, 8, -2]
205:96.37, 10:10 [2, 16, 124, 70, 59, 44, 111, -2]
208:138.49, 10:10 [2, 30, 41, 18, 24, 94, 127, 56, 121, 67, -2]
209:56.50, 10:10 [2, 57, 13, 90, 28, 98, 12, -2]
301:142.69, 10:10 [3, 69, 78, 71, 99, 31, 95, 49, -3]
302:92.33, 10:10 [3, 34, 101, 108, 37, 107, 62, -3]
304:24.49, 10:10 [3, 64, 58, 11, -3]
305:107.70, 10:10 [3, 6, 128, 76, 61, 104, -3]
306:29.28, 7:10 [3, 105, 38, 35, 36, -3]
307:139.91, 10:10 [3, 7, 20, 33, 118, 54, 102, 84, -3]
308:119.69, 10:10 [3, 29, 66, 82, 132, 123, 45, -3]
401:81.05, 10:10 [4, 53, 40, 106, 131, 81, 120, -4]
402:166.39, 10:10 [4, 10, 117, 65, 32, 91, 103, 43, -4]
403:61.93, 10:10 [4, 52, 116, 47, 113, 55, 110, -4]
404:68.33, 10:10 [4, 80, 130, 114, 51, 92, -4]
405:65.64, 9:10 [4, 85, 109, 42, 86, -4]
406:71.92, 10:10 [4, 96, 77, 27, 97, 72, 126, -4]
501:69.58, 8:10 [5, 63, 14, 112, 39, 83, -5]
502:38.65, 8:10 [5, 73, 21, 93, 87, 115, -5]
503:4.47, 4:10 [5, 79, 129, -5]
fe: 3, se: 23

!ALNS------------
100000,2204.761159994102,440.186,201.508,3,23,0.8666666666666667,0.9347826086956522,42.333333333333336,5.521739130434782
20 35 29 7 0 0 7 0 
10.939864913612855 29.99915447346198 13.243757299840889 14.986059032743738 40.868344037408406 47.08348641463923 17.908054768600547 30.95270410933437 
14 17 8 6 16 12 16 9 
19.88432909252166 17.893558723793266 20.078722412400488 18.88614929498819 20.263605618525265 17.37218861839706 18.99482860384686 15.921495566424227 

x[1010] = 1.0
Vehicle: 14  Cost: 85.44
Route: 1 4 -4 -1 
 1 [ 54   0:  0 [51, 32, 40, 43, 42, 53, 52, 65, 10, 81, 80, 66, 72, 45, 77, 55, 63, 47, 27, 14]]
 4 [  0  43: 43 []]
-4 [ 63  43:377 [110, 113, 106, 103, 114, 126, 120, 109, 131, 123, 92, 130, 129, 116, 86, 97, 85, 117, 96, 112, 87]]
-1 [ 63 420:420 [110, 113, 106, 103, 114, 126, 120, 109, 131, 123, 92, 130, 129, 116, 86, 97, 85, 117, 96, 112, 87]]

x[2624] = 1.0
Vehicle: 13  Cost: 130.05
Route: 1 5 3 -3 -2 -5 -1 
 1 [ 71   0:  0 [73, 31, 79, 69, 37, 36, 58, 7, 82, 74, 29, 35, 38, 78, 62, 20, 54, 34, 64, 39, 71, 21, 33, 11, 56, 49, 23]]
 5 [ 58  27: 42 [31, 69, 37, 36, 58, 7, 82, 74, 29, 35, 38, 78, 62, 20, 54, 34, 64, 71, 33, 11, 56, 49, 23]]
 3 [  0  71: 71 []]
-3 [ 32  71:480 [127, 107, 132, 101, 105, 91, 99, 108, 102, 118, 95, 123]]
-2 [ 50 503:518 [121, 127, 107, 132, 101, 105, 91, 87, 99, 108, 115, 102, 128, 118, 95, 123, 122, 104]]
-5 [ 60 542:557 [121, 93, 127, 107, 132, 101, 83, 105, 91, 87, 99, 108, 115, 102, 128, 118, 95, 84, 123, 122, 104]]
-1 [ 60 584:584 [121, 93, 127, 107, 132, 101, 83, 105, 91, 87, 99, 108, 115, 102, 128, 118, 95, 84, 123, 122, 104]]

x[7481] = 1.0
Vehicle: 11  Cost: 90.38
Route: 1 2 -2 -1 
 1 [ 70   0:  0 [15, 9, 25, 13, 57, 16, 18, 17, 76, 22, 61, 26, 19, 60, 28, 67, 70, 44, 8, 75, 68, 12, 48, 41, 50, 24, 30, 59, 6, 46]]
 2 [  0  45: 45 []]
-2 [ 25  45:369 [89, 124, 100, 111, 119, 90, 98, 88, 94, 125, 122]]
-1 [ 25 414:414 [89, 124, 100, 111, 119, 90, 98, 88, 94, 125, 122]]

y[833] = 1.0
Vehicle: 206  Cost: 103.66
Route: 2 13 9 8 87 115 104 -2 
  2 [10  45: 60]
 13 [ 7  82: 87]
  9 [ 3 300:305]
  8 [ 0 309:314]
 87 [ 2 346:351]
115 [ 6 359:364]
104 [10 420:425]
 -2 [10 431:431]

y[921] = 1.0
Vehicle: 404  Cost: 82.80
Route: 4 77 80 130 51 114 92 -4 
  4 [ 9 150:165]
 77 [ 5 192:197]
 80 [ 1 300:305]
130 [ 4 305:310]
 51 [ 3 316:321]
114 [ 7 321:326]
 92 [10 339:344]
 -4 [10 361:361]

y[1136] = 1.0
Vehicle: 304  Cost: 35.71
Route: 3 105 38 29 7 -3 
  3 [ 5  89:104]
105 [ 6 111:116]
 38 [ 5 116:121]
 29 [ 4 180:185]
  7 [ 1 300:305]
 -3 [ 1 322:322]

y[1595] = 1.0
Vehicle: 304  Cost: 24.49
Route: 3 64 58 11 -3 
  3 [10 113:128]
 64 [ 6 131:136]
 58 [ 2 300:305]
 11 [ 0 309:314]
 -3 [ 0 324:324]

y[2259] = 1.0
Vehicle: 208  Cost: 83.51
Route: 2 30 41 18 94 24 50 46 48 -2 
  2 [10  66: 81]
 30 [ 9  99:104]
 41 [ 8 114:119]
 18 [ 7 127:132]
 94 [ 8 133:138]
 24 [ 7 138:143]
 50 [ 6 180:185]
 46 [ 2 189:194]
 48 [ 1 300:305]
 -2 [ 1 334:334]

y[2601] = 1.0
Vehicle: 403  Cost: 71.02
Route: 4 10 117 65 129 52 116 -4 
  4 [10  43: 58]
 10 [ 6  72: 77]
117 [ 7  80: 85]
 65 [ 5 180:185]
129 [ 9 198:203]
 52 [ 5 216:221]
116 [ 9 221:226]
 -4 [ 9 249:249]

y[2902] = 1.0
Vehicle: 305  Cost: 98.81
Route: 3 36 20 54 118 102 -3 
  3 [ 9  71:287]
 36 [ 5 300:305]
 20 [ 1 311:316]
 54 [ 0 333:338]
118 [ 4 338:343]
102 [ 5 420:425]
 -3 [ 5 465:465]

y[4183] = 1.0
Vehicle: 404  Cost: 81.30
Route: 4 96 63 27 97 72 126 -4 
  4 [ 8 102:117]
 96 [10 133:138]
 63 [ 6 157:162]
 27 [ 3 168:173]
 97 [ 7 173:178]
 72 [ 6 300:305]
126 [10 305:310]
 -4 [10 330:330]

y[4446] = 1.0
Vehicle: 209  Cost: 47.78
Route: 2 16 57 90 28 98 -2 
  2 [ 9  45: 60]
 16 [ 6  80: 85]
 57 [ 2  87: 92]
 90 [ 3  98:103]
 28 [ 1 300:305]
 98 [ 2 305:310]
 -2 [ 2 327:327]

y[5529] = 1.0
Vehicle: 504  Cost: 12.65
Route: 5 73 -5 
  5 [ 3 571:586]
 73 [ 0 592:597]
 -5 [ 0 603:603]

y[5742] = 1.0
Vehicle: 305  Cost: 145.82
Route: 3 56 127 74 23 -3 
  3 [ 9  71: 86]
 56 [ 7 135:140]
127 [ 8 159:164]
 74 [ 5 300:305]
 23 [ 1 317:322]
 -3 [ 1 365:365]

y[5887] = 1.0
Vehicle: 207  Cost: 106.69
Route: 2 44 111 70 124 59 25 12 -2 
  2 [ 9  45: 60]
 44 [ 5  89: 94]
111 [ 9  94: 99]
 70 [ 7 113:118]
124 [10 118:123]
 59 [ 9 180:185]
 25 [ 8 300:305]
 12 [ 7 342:347]
 -2 [ 7 353:353]

y[5998] = 1.0
Vehicle: 405  Cost: 71.41
Route: 4 85 109 42 86 43 -4 
  4 [ 4 204:219]
 85 [ 6 239:244]
109 [10 251:256]
 42 [ 7 256:261]
 86 [ 9 300:305]
 43 [ 8 314:319]
 -4 [ 8 346:346]

y[9546] = 1.0
Vehicle: 301  Cost: 131.49
Route: 3 35 69 78 91 31 99 49 -3 
  3 [10  71: 86]
 35 [ 9  96:101]
 69 [ 6 103:108]
 78 [ 5 123:128]
 91 [ 9 180:185]
 31 [ 7 187:192]
 99 [10 192:197]
 49 [ 7 300:305]
 -3 [ 7 352:352]

y[12370] = 1.0
Vehicle: 201  Cost: 82.44
Route: 2 17 89 26 67 121 -2 
  2 [ 9  45: 60]
 17 [ 5  91: 96]
 89 [ 8  96:101]
 26 [ 7 106:111]
 67 [ 3 300:305]
121 [ 6 305:310]
 -2 [ 6 350:350]

y[12435] = 1.0
Vehicle: 403  Cost: 77.50
Route: 4 113 47 14 112 55 110 -4 
  4 [ 7  67:151]
113 [ 9 180:185]
 47 [ 5 185:190]
 14 [ 4 197:202]
112 [ 7 300:305]
 55 [ 5 318:323]
110 [ 6 330:335]
 -4 [ 6 354:354]

y[14004] = 1.0
Vehicle: 309  Cost: 133.58
Route: 3 71 95 82 132 33 -3 
  3 [ 5  84: 99]
 71 [ 4 130:135]
 95 [ 8 175:180]
 82 [ 6 195:200]
132 [10 200:205]
 33 [ 8 300:305]
 -3 [ 8 325:325]

y[14387] = 1.0
Vehicle: 502  Cost: 86.10
Route: 5 79 21 93 83 39 84 -5 
  5 [10  27: 42]
 79 [ 6  44: 49]
 21 [ 3 420:425]
 93 [ 5 425:430]
 83 [ 9 434:439]
 39 [ 6 443:448]
 84 [10 480:485]
 -5 [10 523:523]

y[14909] = 1.0
Vehicle: 302  Cost: 92.33
Route: 3 34 101 108 37 107 62 -3 
  3 [10 128:277]
 34 [ 6 300:305]
101 [ 7 305:310]
108 [ 8 327:332]
 37 [ 4 334:339]
107 [ 8 343:348]
 62 [ 6 420:425]
 -3 [ 6 453:453]

y[15664] = 1.0
Vehicle: 204  Cost: 60.82
Route: 2 19 76 128 75 61 -2 
  2 [ 8  45:165]
 19 [ 7 180:185]
 76 [ 4 420:425]
128 [ 8 425:430]
 75 [ 7 434:439]
 61 [ 4 447:452]
 -2 [ 4 473:473]

y[16346] = 1.0
Vehicle: 203  Cost: 52.70
Route: 2 22 119 60 15 88 125 -2 
  2 [ 8  66: 81]
 22 [ 6  98:103]
119 [ 8 300:305]
 60 [ 4 305:310]
 15 [ 2 313:318]
 88 [ 5 318:323]
125 [ 8 333:338]
 -2 [ 8 353:353]

y[18817] = 1.0
Vehicle: 402  Cost: 81.27
Route: 4 32 120 66 81 131 106 -4 
  4 [ 8  43: 58]
 32 [ 5  76: 81]
120 [ 8  95:100]
 66 [ 4 100:105]
 81 [ 3 112:117]
131 [ 6 117:122]
106 [10 130:135]
 -4 [10 169:169]

y[19194] = 1.0
Vehicle: 401  Cost: 119.23
Route: 4 53 40 123 103 45 -4 
  4 [ 8  43: 58]
 53 [ 5  63: 68]
 40 [ 2  97:102]
123 [ 6 125:130]
103 [10 135:140]
 45 [ 8 300:305]
 -4 [ 8 347:347]

y[20959] = 1.0
Vehicle: 206  Cost: 57.47
Route: 2 100 68 122 6 -2 
  2 [ 7  45: 60]
100 [10  70: 75]
 68 [ 7 300:305]
122 [ 8 305:310]
  6 [ 4 325:330]
 -2 [ 4 348:348]

FE: 3
SE: 24
!MIP-----
2246.45589486421,5400.626038074493,0.04799172774159188,3,24,13457,21003

Run: 3
Total Cost: 2203.36
Vehicle: 11  Cost: 90.38
Route: 1 2 -2 -1 
 1 [ 65   0:  0 [22, 46, 56, 74, 28, 15, 23, 57, 18, 50, 41, 26, 67, 70, 48, 68, 25, 19, 24, 60, 13, 59, 9, 8, 17, 44, 30, 12]]
 2 [  0  45: 45 []]
-2 [ 29  45:373 [125, 119, 98, 121, 94, 127, 88, 90, 122, 124, 89, 111, 100]]
-1 [ 29 419:419 [125, 119, 98, 121, 94, 127, 88, 90, 122, 124, 89, 111, 100]]

Vehicle: 13  Cost: 112.03
Route: 1 3 -3 -5 -1 
 1 [ 56   0:  0 [54, 7, 64, 37, 29, 71, 49, 6, 35, 78, 62, 20, 36, 81, 69, 31, 11, 38, 58, 33, 34, 66]]
 3 [  0  56: 56 []]
-3 [ 37  56:519 [99, 106, 101, 118, 102, 84, 95, 108, 107, 120, 131, 104, 105]]
-5 [ 53 548:563 [83, 87, 93, 99, 106, 101, 115, 118, 102, 84, 95, 108, 107, 120, 131, 104, 128, 105]]
-1 [ 53 590:590 [83, 87, 93, 99, 106, 101, 115, 118, 102, 84, 95, 108, 107, 120, 131, 104, 128, 105]]

Vehicle: 14  Cost: 94.42
Route: 1 5 -5 4 -4 -1 
 1 [ 74   0:  0 [79, 47, 61, 21, 39, 53, 45, 55, 75, 77, 63, 52, 14, 72, 43, 65, 73, 10, 40, 32, 80, 27, 51, 42, 82, 76, 16]]
 5 [ 51  27: 27 [47, 53, 45, 55, 77, 63, 52, 14, 72, 43, 65, 10, 40, 32, 80, 27, 51, 42, 82]]
-5 [ 55  27: 71 [129, 47, 53, 45, 55, 77, 63, 52, 14, 72, 43, 65, 10, 40, 32, 80, 27, 51, 42, 82]]
 4 [  4  96: 96 [129]]
-4 [ 59  96:374 [110, 96, 114, 91, 103, 123, 113, 85, 117, 116, 130, 97, 92, 109, 86, 129, 132, 112, 126]]
-1 [ 59 416:416 [110, 96, 114, 91, 103, 123, 113, 85, 117, 116, 130, 97, 92, 109, 86, 129, 132, 112, 126]]

Vehicle: 201  Cost: 99.30
Route: 2 15 74 23 48 -2 
  2 [10  45:276]
 15 [ 8 300:305]
 74 [ 5 327:332]
 23 [ 1 344:349]
 48 [ 0 361:366]
 -2 [ 0 395:395]

Vehicle: 202  Cost: 53.13
Route: 2 22 60 119 88 122 68 125 -2 
  2 [ 9  45: 60]
 22 [ 7  78: 83]
 60 [ 3 300:305]
119 [ 5 305:310]
 88 [ 8 313:318]
122 [ 9 323:328]
 68 [ 6 328:333]
125 [ 9 339:344]
 -2 [ 9 358:358]

Vehicle: 203  Cost: 70.38
Route: 2 17 89 26 50 46 -2 
  2 [10  45: 60]
 17 [ 6  91: 96]
 89 [ 9  96:101]
 26 [ 8 106:111]
 50 [ 7 180:185]
 46 [ 3 189:194]
 -2 [ 3 220:220]

Vehicle: 204  Cost: 79.88
Route: 2 57 124 70 44 111 -2 
  2 [10  45: 60]
 57 [ 6  81: 86]
124 [ 9 102:107]
 70 [ 7 107:112]
 44 [ 3 126:131]
111 [ 7 131:136]
 -2 [ 7 165:165]

Vehicle: 206  Cost: 138.49
Route: 2 30 41 18 24 94 127 56 67 121 -2 
  2 [10  45: 60]
 30 [ 9  79: 84]
 41 [ 8  94: 99]
 18 [ 7 107:112]
 24 [ 6 113:118]
 94 [ 7 118:123]
127 [ 8 147:152]
 56 [ 6 172:177]
 67 [ 2 300:305]
121 [ 5 305:310]
 -2 [ 5 350:350]

Vehicle: 207  Cost: 52.22
Route: 2 100 19 13 90 28 98 -2 
  2 [ 6  45: 60]
100 [ 9  70: 75]
 19 [ 8 180:185]
 13 [ 5 198:203]
 90 [ 6 207:212]
 28 [ 4 300:305]
 98 [ 5 305:310]
 -2 [ 5 327:327]

Vehicle: 208  Cost: 101.57
Route: 2 59 25 9 8 12 -2 
  2 [10  45:138]
 59 [ 9 180:185]
 25 [ 8 300:305]
  9 [ 4 314:319]
  8 [ 1 324:329]
 12 [ 0 356:361]
 -2 [ 0 367:367]

Vehicle: 301  Cost: 74.44
Route: 3 64 29 66 120 106 81 131 -3 
  3 [10  56: 71]
 64 [ 6  74: 79]
 29 [ 5 180:185]
 66 [ 1 204:209]
120 [ 4 209:214]
106 [ 8 219:224]
 81 [ 7 233:238]
131 [10 238:243]
 -3 [10 272:272]

Vehicle: 302  Cost: 67.53
Route: 3 58 11 104 6 -3 
  3 [10  56:290]
 58 [ 6 300:305]
 11 [ 4 309:314]
104 [ 8 420:425]
  6 [ 4 444:449]
 -3 [ 4 472:472]

Vehicle: 303  Cost: 139.91
Route: 3 7 20 33 118 54 102 84 -3 
  3 [10  56:283]
  7 [ 7 300:305]
 20 [ 3 312:317]
 33 [ 1 321:326]
118 [ 5 341:346]
 54 [ 4 346:351]
102 [ 5 420:425]
 84 [ 9 449:454]
 -3 [ 9 504:504]

Vehicle: 304  Cost: 92.33
Route: 3 34 101 108 37 107 62 -3 
  3 [10  56:277]
 34 [ 6 300:305]
101 [ 7 305:310]
108 [ 8 327:332]
 37 [ 4 334:339]
107 [ 8 343:348]
 62 [ 6 420:425]
 -3 [ 6 453:453]

Vehicle: 305  Cost: 29.28
Route: 3 105 38 35 36 -3 
  3 [ 6  56: 71]
105 [ 7  78: 83]
 38 [ 6  83: 88]
 35 [ 5  93: 98]
 36 [ 1 300:305]
 -3 [ 1 318:318]

Vehicle: 308  Cost: 142.69
Route: 3 69 78 71 31 99 95 49 -3 
  3 [10  56: 71]
 69 [ 7  83: 88]
 78 [ 6 102:107]
 71 [ 5 117:122]
 31 [ 3 166:171]
 99 [ 6 171:176]
 95 [10 179:184]
 49 [ 7 300:305]
 -3 [ 7 352:352]

Vehicle: 401  Cost: 65.96
Route: 4 10 117 65 116 52 -4 
  4 [10  96:111]
 10 [ 6 125:130]
117 [ 7 134:139]
 65 [ 5 180:185]
116 [ 9 206:211]
 52 [ 5 211:216]
 -4 [ 5 239:239]

Vehicle: 402  Cost: 113.17
Route: 4 53 132 82 123 45 -4 
  4 [ 7  96:111]
 53 [ 4 116:121]
132 [ 8 165:170]
 82 [ 6 170:175]
123 [10 183:188]
 45 [ 8 300:305]
 -4 [ 8 347:347]

Vehicle: 403  Cost: 82.49
Route: 4 27 97 63 112 55 110 -4 
  4 [ 9  96:111]
 27 [ 6 141:146]
 97 [10 146:151]
 63 [ 6 158:163]
112 [ 9 300:305]
 55 [ 7 318:323]
110 [ 8 330:335]
 -4 [ 8 354:354]

Vehicle: 404  Cost: 52.69
Route: 4 85 109 42 -4 
  4 [ 3  96:160]
 85 [ 5 180:185]
109 [ 9 192:197]
 42 [ 6 197:202]
 -4 [ 6 228:228]

Vehicle: 405  Cost: 74.54
Route: 4 96 51 114 80 130 -4 
  4 [ 5  96:111]
 96 [ 7 126:131]
 51 [ 6 300:305]
114 [10 305:310]
 80 [ 6 316:321]
130 [ 9 321:326]
 -4 [ 9 359:359]

Vehicle: 406  Cost: 150.29
Route: 4 32 40 91 103 43 86 -4 
  4 [ 7  96:111]
 32 [ 4 129:134]
 40 [ 1 152:157]
 91 [ 5 189:194]
103 [ 9 206:211]
 43 [ 8 300:305]
 86 [10 314:319]
 -4 [10 349:349]

Vehicle: 407  Cost: 87.77
Route: 4 47 113 14 77 126 72 92 -4 
  4 [10  96:151]
 47 [ 6 180:185]
113 [ 8 185:190]
 14 [ 7 197:202]
 77 [ 3 217:222]
126 [ 7 300:305]
 72 [ 6 305:310]
 92 [ 9 313:318]
 -4 [ 9 335:335]

Vehicle: 501  Cost: 4.47
Route: 5 129 79 -5 
  5 [ 4  27: 42]
129 [ 8  44: 49]
 79 [ 4  49: 54]
 -5 [ 4  56: 56]

Vehicle: 502  Cost: 41.33
Route: 5 73 83 39 21 93 87 -5 
  5 [ 9  27:294]
 73 [ 6 300:305]
 83 [10 321:326]
 39 [ 7 420:425]
 21 [ 4 432:437]
 93 [ 6 437:442]
 87 [ 8 445:450]
 -5 [ 8 456:456]

Vehicle: 504  Cost: 92.68
Route: 5 16 75 128 76 61 115 -5 
  5 [10  27: 42]
 16 [ 7  66: 71]
 75 [ 6 300:305]
128 [10 420:425]
 76 [ 7 425:430]
 61 [ 4 435:440]
115 [ 8 469:474]
 -5 [ 8 483:483]

Total Cost: 2203.36
 11:90.38, 65:75 [1, 2, -2, -1]
 13:112.03, 56:75 [1, 3, -3, -5, -1]
 14:94.42, 74:75 [1, 5, -5, 4, -4, -1]
201:99.30, 10:10 [2, 15, 74, 23, 48, -2]
202:53.13, 9:10 [2, 22, 60, 119, 88, 122, 68, 125, -2]
203:70.38, 10:10 [2, 17, 89, 26, 50, 46, -2]
204:79.88, 10:10 [2, 57, 124, 70, 44, 111, -2]
206:138.49, 10:10 [2, 30, 41, 18, 24, 94, 127, 56, 67, 121, -2]
207:52.22, 9:10 [2, 100, 19, 13, 90, 28, 98, -2]
208:101.57, 10:10 [2, 59, 25, 9, 8, 12, -2]
301:74.44, 10:10 [3, 64, 29, 66, 120, 106, 81, 131, -3]
302:67.53, 10:10 [3, 58, 11, 104, 6, -3]
303:139.91, 10:10 [3, 7, 20, 33, 118, 54, 102, 84, -3]
304:92.33, 10:10 [3, 34, 101, 108, 37, 107, 62, -3]
305:29.28, 7:10 [3, 105, 38, 35, 36, -3]
308:142.69, 10:10 [3, 69, 78, 71, 31, 99, 95, 49, -3]
401:65.96, 10:10 [4, 10, 117, 65, 116, 52, -4]
402:113.17, 10:10 [4, 53, 132, 82, 123, 45, -4]
403:82.49, 10:10 [4, 27, 97, 63, 112, 55, 110, -4]
404:52.69, 9:10 [4, 85, 109, 42, -4]
405:74.54, 10:10 [4, 96, 51, 114, 80, 130, -4]
406:150.29, 10:10 [4, 32, 40, 91, 103, 43, 86, -4]
407:87.77, 10:10 [4, 47, 113, 14, 77, 126, 72, 92, -4]
501:4.47, 8:10 [5, 129, 79, -5]
502:41.33, 10:10 [5, 73, 83, 39, 21, 93, 87, -5]
504:92.68, 10:10 [5, 16, 75, 128, 76, 61, 115, -5]
fe: 3, se: 23

!ALNS------------
100000,2203.3607502713385,457.373,422.377,3,23,0.8666666666666667,0.9652173913043478,42.333333333333336,5.521739130434782
26 31 16 15 0 1 6 1 
9.587551816081577 26.11472484111932 13.156344457620968 14.73377300024516 64.3133786242831 51.95932696757868 16.796947556132515 32.27505448327759 
7 16 10 12 13 7 25 6 
17.232318990642074 17.175165004957012 18.039698733195507 16.81970954470614 16.73654051414639 14.388802326970621 16.76919701991845 24.164323200942786 

x[3227] = 1.0
Vehicle: 11  Cost: 90.38
Route: 1 2 -2 -1 
 1 [ 59   0:  0 [67, 30, 18, 46, 68, 24, 50, 41, 17, 60, 70, 26, 23, 15, 48, 8, 28, 12, 19, 57, 56, 22, 13, 6, 74]]
 2 [  0  45: 45 []]
-2 [ 25  45:373 [121, 89, 122, 119, 124, 94, 125, 88, 98, 100, 127, 90]]
-1 [ 25 419:419 [121, 89, 122, 119, 124, 94, 125, 88, 98, 100, 127, 90]]

x[3995] = 1.0
Vehicle: 13  Cost: 112.02
Route: 1 3 -3 -1 
 1 [ 55   0:  0 [54, 35, 49, 37, 31, 29, 7, 58, 38, 64, 40, 81, 36, 62, 66, 33, 34, 11, 20, 71, 78, 69]]
 3 [  0  56: 56 []]
-3 [ 37  56:519 [120, 102, 105, 107, 84, 118, 108, 95, 91, 101, 99, 131, 106]]
-1 [ 37 575:575 [120, 102, 105, 107, 84, 118, 108, 95, 91, 101, 99, 131, 106]]

x[4367] = 1.0
Vehicle: 14  Cost: 85.44
Route: 1 4 -4 -1 
 1 [ 44   0:  0 [45, 10, 80, 27, 47, 65, 32, 63, 43, 14, 82, 55, 51, 77, 42, 72, 53]]
 4 [  0  43: 43 []]
-4 [ 51  43:375 [109, 114, 117, 96, 123, 86, 85, 132, 103, 113, 91, 112, 130, 97, 126, 110, 92]]
-1 [ 51 418:418 [109, 114, 117, 96, 123, 86, 85, 132, 103, 113, 91, 112, 130, 97, 126, 110, 92]]

x[10126] = 1.0
Vehicle: 16  Cost: 54.00
Route: 1 5 -5 -1 
 1 [ 37   0:  0 [79, 61, 9, 16, 44, 39, 76, 52, 59, 75, 25, 73, 21]]
 5 [  0  27: 27 []]
-5 [ 33  27:508 [93, 115, 98, 128, 87, 129, 116, 104, 83, 111]]
-1 [ 33 535:535 [93, 115, 98, 128, 87, 129, 116, 104, 83, 111]]

y[2551] = 1.0
Vehicle: 404  Cost: 65.64
Route: 4 85 42 109 86 -4 
  4 [ 3  43:160]
 85 [ 5 180:185]
 42 [ 2 192:197]
109 [ 6 197:202]
 86 [ 8 300:305]
 -4 [ 8 335:335]

y[3241] = 1.0
Vehicle: 502  Cost: 12.65
Route: 5 73 -5 
  5 [ 3 484:499]
 73 [ 0 505:510]
 -5 [ 0 517:517]

y[3338] = 1.0
Vehicle: 501  Cost: 31.73
Route: 5 52 116 39 83 -5 
  5 [ 7  84: 99]
 52 [ 3 113:118]
116 [ 7 118:123]
 39 [ 4 420:425]
 83 [ 8 428:433]
 -5 [ 8 444:444]

y[3816] = 1.0
Vehicle: 405  Cost: 86.85
Route: 4 96 63 27 97 51 114 -4 
  4 [ 8  67: 82]
 96 [10  97:102]
 63 [ 6 121:126]
 27 [ 3 133:138]
 97 [ 7 138:143]
 51 [ 6 300:305]
114 [10 305:310]
 -4 [10 339:339]

y[4613] = 1.0
Vehicle: 406  Cost: 113.17
Route: 4 53 132 82 123 45 -4 
  4 [ 7 169:184]
 53 [ 4 189:194]
132 [ 8 238:243]
 82 [ 6 243:248]
123 [10 256:261]
 45 [ 8 300:305]
 -4 [ 8 347:347]

y[7178] = 1.0
Vehicle: 301  Cost: 71.79
Route: 3 29 66 120 40 106 81 131 -3 
  3 [ 9  56:170]
 29 [ 8 180:185]
 66 [ 4 204:209]
120 [ 7 209:214]
 40 [ 4 219:224]
106 [ 8 224:229]
 81 [ 7 238:243]
131 [10 243:248]
 -3 [10 277:277]

y[7477] = 1.0
Vehicle: 504  Cost: 103.10
Route: 5 16 75 76 128 61 104 -5 
  5 [10  84: 99]
 16 [ 7 122:127]
 75 [ 6 300:305]
 76 [ 3 420:425]
128 [ 7 425:430]
 61 [ 4 435:440]
104 [ 8 468:473]
 -5 [ 8 493:493]

y[7596] = 1.0
Vehicle: 507  Cost: 99.22
Route: 5 44 111 59 25 9 115 -5 
  5 [10  84: 99]
 44 [ 6 117:122]
111 [10 122:127]
 59 [ 9 180:185]
 25 [ 8 300:305]
  9 [ 4 314:319]
115 [ 8 349:354]
 -5 [ 8 362:362]

y[9116] = 1.0
Vehicle: 303  Cost: 139.91
Route: 3 7 20 33 54 118 102 84 -3 
  3 [10  56:283]
  7 [ 7 300:305]
 20 [ 3 312:317]
 33 [ 1 321:326]
 54 [ 0 341:346]
118 [ 4 346:351]
102 [ 5 420:425]
 84 [ 9 449:454]
 -3 [ 9 504:504]

y[9713] = 1.0
Vehicle: 201  Cost: 99.30
Route: 2 48 23 74 15 -2 
  2 [10  45:271]
 48 [ 9 300:305]
 23 [ 5 317:322]
 74 [ 2 333:338]
 15 [ 0 361:366]
 -2 [ 0 390:390]

y[10605] = 1.0
Vehicle: 302  Cost: 24.49
Route: 3 64 58 11 -3 
  3 [10 142:157]
 64 [ 6 160:165]
 58 [ 2 300:305]
 11 [ 0 309:314]
 -3 [ 0 324:324]

y[11153] = 1.0
Vehicle: 402  Cost: 166.39
Route: 4 10 117 65 32 91 103 43 -4 
  4 [10  43: 58]
 10 [ 6  72: 77]
117 [ 7  80: 85]
 65 [ 5 180:185]
 32 [ 2 209:214]
 91 [ 6 264:269]
103 [10 280:285]
 43 [ 9 317:322]
 -4 [ 9 350:350]

y[13392] = 1.0
Vehicle: 201  Cost: 70.38
Route: 2 17 89 26 50 46 -2 
  2 [10  66: 81]
 17 [ 6 112:117]
 89 [ 9 117:122]
 26 [ 8 126:131]
 50 [ 7 180:185]
 46 [ 3 189:194]
 -2 [ 3 220:220]

y[13947] = 1.0
Vehicle: 203  Cost: 138.49
Route: 2 30 41 18 94 24 127 56 121 67 -2 
  2 [10  45: 60]
 30 [ 9  79: 84]
 41 [ 8  94: 99]
 18 [ 7 107:112]
 94 [ 8 113:118]
 24 [ 7 118:123]
127 [ 8 147:152]
 56 [ 6 172:177]
121 [ 9 300:305]
 67 [ 5 305:310]
 -2 [ 5 350:350]

y[14695] = 1.0
Vehicle: 403  Cost: 77.50
Route: 4 47 113 14 112 55 110 -4 
  4 [ 7 119:151]
 47 [ 3 180:185]
113 [ 5 185:190]
 14 [ 4 197:202]
112 [ 7 300:305]
 55 [ 5 318:323]
110 [ 6 330:335]
 -4 [ 6 354:354]

y[14856] = 1.0
Vehicle: 202  Cost: 53.13
Route: 2 22 119 60 88 122 68 125 -2 
  2 [ 9  45: 60]
 22 [ 7  78: 83]
119 [ 9 300:305]
 60 [ 5 305:310]
 88 [ 8 313:318]
122 [ 9 323:328]
 68 [ 6 328:333]
125 [ 9 339:344]
 -2 [ 9 358:358]

y[15684] = 1.0
Vehicle: 209  Cost: 35.44
Route: 2 6 -2 
  2 [ 4 522:537]
  6 [ 0 554:559]
 -2 [ 0 577:577]

y[15817] = 1.0
Vehicle: 505  Cost: 16.68
Route: 5 79 129 87 21 93 -5 
  5 [ 7  27: 42]
 79 [ 3  44: 49]
129 [ 7  49: 54]
 87 [ 9 300:305]
 21 [ 6 420:425]
 93 [ 8 425:430]
 -5 [ 8 437:437]

y[16125] = 1.0
Vehicle: 305  Cost: 29.28
Route: 3 38 105 35 36 -3 
  3 [ 6  71: 86]
 38 [ 5  93: 98]
105 [ 6  98:103]
 35 [ 5 108:113]
 36 [ 1 300:305]
 -3 [ 1 318:318]

y[16400] = 1.0
Vehicle: 306  Cost: 92.33
Route: 3 34 101 108 37 107 62 -3 
  3 [10 100:277]
 34 [ 6 300:305]
101 [ 7 305:310]
108 [ 8 327:332]
 37 [ 4 334:339]
107 [ 8 343:348]
 62 [ 6 420:425]
 -3 [ 6 453:453]

y[16945] = 1.0
Vehicle: 306  Cost: 142.69
Route: 3 69 78 71 31 99 95 49 -3 
  3 [10  56: 71]
 69 [ 7  83: 88]
 78 [ 6 102:107]
 71 [ 5 117:122]
 31 [ 3 166:171]
 99 [ 6 171:176]
 95 [10 179:184]
 49 [ 7 300:305]
 -3 [ 7 352:352]

y[16982] = 1.0
Vehicle: 403  Cost: 79.78
Route: 4 77 80 130 72 126 92 -4 
  4 [ 9  43: 58]
 77 [ 5  85: 90]
 80 [ 1 300:305]
130 [ 4 305:310]
 72 [ 3 323:328]
126 [ 7 328:333]
 92 [10 336:341]
 -4 [10 358:358]

y[17172] = 1.0
Vehicle: 203  Cost: 52.22
Route: 2 100 19 13 90 98 28 -2 
  2 [ 6  45: 60]
100 [ 9  70: 75]
 19 [ 8 180:185]
 13 [ 5 198:203]
 90 [ 6 207:212]
 98 [ 7 300:305]
 28 [ 5 305:310]
 -2 [ 5 327:327]

y[18407] = 1.0
Vehicle: 204  Cost: 81.35
Route: 2 57 70 124 8 12 -2 
  2 [10  45: 60]
 57 [ 6  81: 86]
 70 [ 4 102:107]
124 [ 7 107:112]
  8 [ 4 300:305]
 12 [ 3 332:337]
 -2 [ 3 343:343]

FE: 4
SE: 24
!MIP-----
2225.3761717838283,5400.54967212677,0.037633075213786324,4,24,10744,18783

Run: 4
Total Cost: 2317.32
Vehicle: 11  Cost: 124.63
Route: 1 3 2 -2 -1 
 1 [ 70   0:  0 [68, 57, 26, 16, 17, 11, 48, 36, 23, 34, 20, 13, 58, 7, 29, 19, 46, 50, 15, 74, 60, 64, 6, 22]]
 3 [ 44  56: 71 [68, 57, 26, 16, 17, 48, 23, 13, 19, 46, 50, 15, 74, 60, 6, 22]]
 2 [  0  94: 94 []]
-2 [ 16  94:378 [88, 119, 125, 100, 89, 122, 90]]
-1 [ 16 424:424 [88, 119, 125, 100, 89, 122, 90]]

Vehicle: 12  Cost: 54.00
Route: 1 5 -5 -1 
 1 [ 75   0:  0 [42, 82, 39, 79, 32, 61, 76, 28, 70, 24, 27, 9, 8, 10, 21, 12, 41, 67, 75, 44, 18, 52, 30, 45, 14, 59, 65, 63, 73, 56]]
 5 [  0  27: 27 []]
-5 [ 50  27:384 [83, 129, 115, 124, 113, 117, 86, 97, 109, 87, 110, 111, 132, 103, 85, 112, 96]]
-1 [ 50 411:411 [83, 129, 115, 124, 113, 117, 86, 97, 109, 87, 110, 111, 132, 103, 85, 112, 96]]

Vehicle: 13  Cost: 85.44
Route: 1 4 -4 -1 
 1 [ 43   0:  0 [37, 71, 69, 38, 53, 40, 54, 81, 78, 72, 31, 66, 49, 80, 33, 43, 35, 51, 77, 62]]
 4 [  0  43: 43 []]
-4 [ 55  43:534 [118, 131, 95, 108, 106, 99, 92, 102, 120, 130, 84, 91, 101, 126, 105, 123, 114, 107]]
-1 [ 55 577:577 [118, 131, 95, 108, 106, 99, 92, 102, 120, 130, 84, 91, 101, 126, 105, 123, 114, 107]]

Vehicle: 16  Cost: 54.00
Route: 1 5 -5 -1 
 1 [  7   0:  0 [47, 25, 55]]
 5 [  0  27: 27 []]
-5 [ 20  27:500 [121, 98, 128, 93, 116, 94, 104, 127]]
-1 [ 20 527:527 [121, 98, 128, 93, 116, 94, 104, 127]]

Vehicle: 201  Cost: 55.75
Route: 2 19 60 119 15 88 122 68 125 -2 
  2 [10  94:165]
 19 [ 9 180:185]
 60 [ 5 300:305]
119 [ 7 305:310]
 15 [ 5 313:318]
 88 [ 8 318:323]
122 [ 9 328:333]
 68 [ 6 333:338]
125 [ 9 344:349]
 -2 [ 9 363:363]

Vehicle: 202  Cost: 55.86
Route: 2 16 57 90 13 100 -2 
  2 [10  94:109]
 16 [ 7 129:134]
 57 [ 3 136:141]
 90 [ 4 147:152]
 13 [ 1 156:161]
100 [ 4 176:181]
 -2 [ 4 190:190]

Vehicle: 203  Cost: 70.38
Route: 2 17 89 26 50 46 -2 
  2 [10  94:109]
 17 [ 6 141:146]
 89 [ 9 146:151]
 26 [ 8 155:160]
 50 [ 7 180:185]
 46 [ 3 189:194]
 -2 [ 3 220:220]

Vehicle: 204  Cost: 97.98
Route: 2 22 74 23 48 -2 
  2 [10  94:109]
 22 [ 8 127:132]
 74 [ 5 300:305]
 23 [ 1 317:322]
 48 [ 0 333:338]
 -2 [ 0 367:367]

Vehicle: 205  Cost: 35.44
Route: 2 6 -2 
  2 [ 4  94:282]
  6 [ 0 300:305]
 -2 [ 0 323:323]

Vehicle: 301  Cost: 49.88
Route: 3 34 36 -3 
  3 [ 8  56:277]
 34 [ 4 300:305]
 36 [ 0 318:323]
 -3 [ 0 337:337]

Vehicle: 302  Cost: 41.54
Route: 3 29 7 20 -3 
  3 [ 8  56:170]
 29 [ 7 180:185]
  7 [ 4 300:305]
 20 [ 0 312:317]
 -3 [ 0 335:335]

Vehicle: 303  Cost: 24.49
Route: 3 64 58 11 -3 
  3 [10  56: 71]
 64 [ 6  74: 79]
 58 [ 2 300:305]
 11 [ 0 309:314]
 -3 [ 0 324:324]

Vehicle: 401  Cost: 42.66
Route: 4 84 126 72 -4 
  4 [ 1  43:401]
 84 [ 5 420:425]
126 [ 9 429:434]
 72 [ 8 434:439]
 -4 [ 8 458:458]

Vehicle: 402  Cost: 138.89
Route: 4 53 91 31 99 49 -4 
  4 [ 8  43: 58]
 53 [ 5  63: 68]
 91 [ 9 180:185]
 31 [ 7 187:192]
 99 [10 192:197]
 49 [ 7 300:305]
 -4 [ 7 360:360]

Vehicle: 403  Cost: 157.27
Route: 4 105 38 35 69 78 95 123 43 102 -4 
  4 [ 7  43: 58]
105 [ 8  87: 92]
 38 [ 7  92: 97]
 35 [ 6 102:107]
 69 [ 3 109:114]
 78 [ 2 128:133]
 95 [ 6 170:175]
123 [10 185:190]
 43 [ 9 300:305]
102 [10 420:425]
 -4 [10 444:444]

Vehicle: 405  Cost: 163.70
Route: 4 71 108 37 107 62 101 33 54 118 -4 
  4 [10  43: 58]
 71 [ 9 113:118]
108 [10 300:305]
 37 [ 6 307:312]
107 [10 316:321]
 62 [ 8 420:425]
101 [ 9 435:440]
 33 [ 7 455:460]
 54 [ 6 475:480]
118 [10 480:485]
 -4 [10 519:519]

Vehicle: 406  Cost: 80.44
Route: 4 66 120 81 131 40 106 -4 
  4 [ 8  43: 58]
 66 [ 4  89: 94]
120 [ 7  94: 99]
 81 [ 6 106:111]
131 [ 9 111:116]
 40 [ 6 125:130]
106 [10 130:135]
 -4 [10 168:168]

Vehicle: 407  Cost: 79.81
Route: 4 77 114 51 80 130 92 -4 
  4 [ 9  43: 58]
 77 [ 5  85: 90]
114 [ 9 300:305]
 51 [ 8 305:310]
 80 [ 4 316:321]
130 [ 7 321:326]
 92 [10 342:347]
 -4 [10 364:364]

Vehicle: 501  Cost: 157.28
Route: 5 65 32 132 82 103 45 -5 
  5 [ 9  27:170]
 65 [ 7 180:185]
 32 [ 4 209:214]
132 [ 8 247:252]
 82 [ 6 252:257]
103 [10 269:274]
 45 [ 8 300:305]
 -5 [ 8 368:368]

Vehicle: 502  Cost: 83.63
Route: 5 63 97 27 96 110 73 -5 
  5 [10  27: 42]
 63 [ 6  72: 77]
 97 [10  84: 89]
 27 [ 7  89: 94]
 96 [ 9 109:114]
110 [10 300:305]
 73 [ 7 327:332]
 -5 [ 7 338:338]

Vehicle: 503  Cost: 63.60
Route: 5 70 124 44 111 87 -5 
  5 [ 6  27: 42]
 70 [ 4  73: 78]
124 [ 7  78: 83]
 44 [ 3  97:102]
111 [ 7 102:107]
 87 [ 9 300:305]
 -5 [ 9 311:311]

Vehicle: 504  Cost: 183.11
Route: 5 30 41 18 94 24 127 56 67 121 104 -5 
  5 [10  27: 42]
 30 [ 9  84: 89]
 41 [ 8  99:104]
 18 [ 7 112:117]
 94 [ 8 118:123]
 24 [ 7 123:128]
127 [ 8 153:158]
 56 [ 6 177:182]
 67 [ 2 300:305]
121 [ 5 305:310]
104 [ 9 420:425]
 -5 [ 9 446:446]

Vehicle: 505  Cost: 4.47
Route: 5 79 129 -5 
  5 [ 4  27: 42]
 79 [ 0  44: 49]
129 [ 4  49: 54]
 -5 [ 4  56: 56]

Vehicle: 506  Cost: 67.21
Route: 5 47 113 14 112 55 83 -5 
  5 [ 7  27:160]
 47 [ 3 180:185]
113 [ 5 185:190]
 14 [ 4 197:202]
112 [ 7 300:305]
 55 [ 5 318:323]
 83 [ 9 336:341]
 -5 [ 9 352:352]

Vehicle: 508  Cost: 32.10
Route: 5 52 116 39 21 93 -5 
  5 [10  27: 42]
 52 [ 6  56: 61]
116 [10  61: 66]
 39 [ 7 420:425]
 21 [ 4 432:437]
 93 [ 6 437:442]
 -5 [ 6 449:449]

Vehicle: 512  Cost: 93.28
Route: 5 28 98 75 76 128 61 12 -5 
  5 [10  27:272]
 28 [ 8 300:305]
 98 [ 9 305:310]
 75 [ 8 327:332]
 76 [ 5 420:425]
128 [ 9 425:430]
 61 [ 6 435:440]
 12 [ 5 460:465]
 -5 [ 5 485:485]

Vehicle: 514  Cost: 119.90
Route: 5 117 10 85 109 42 86 -5 
  5 [ 7  27: 48]
117 [ 8  60: 65]
 10 [ 4  69: 74]
 85 [ 6 180:185]
109 [10 192:197]
 42 [ 7 197:202]
 86 [ 9 300:305]
 -5 [ 9 360:360]

Vehicle: 515  Cost: 100.58
Route: 5 59 25 9 8 115 -5 
  5 [ 9  27:140]
 59 [ 8 180:185]
 25 [ 7 300:305]
  9 [ 3 314:319]
  8 [ 0 324:329]
115 [ 4 355:360]
 -5 [ 4 369:369]

Total Cost: 2317.32
 11:124.63, 70:75 [1, 3, 2, -2, -1]
 12:54.00, 75:75 [1, 5, -5, -1]
 13:85.44, 55:75 [1, 4, -4, -1]
 16:54.00, 20:75 [1, 5, -5, -1]
201:55.75, 10:10 [2, 19, 60, 119, 15, 88, 122, 68, 125, -2]
202:55.86, 10:10 [2, 16, 57, 90, 13, 100, -2]
203:70.38, 10:10 [2, 17, 89, 26, 50, 46, -2]
204:97.98, 10:10 [2, 22, 74, 23, 48, -2]
205:35.44, 4:10 [2, 6, -2]
301:49.88, 8:10 [3, 34, 36, -3]
302:41.54, 8:10 [3, 29, 7, 20, -3]
303:24.49, 10:10 [3, 64, 58, 11, -3]
401:42.66, 9:10 [4, 84, 126, 72, -4]
402:138.89, 10:10 [4, 53, 91, 31, 99, 49, -4]
403:157.27, 10:10 [4, 105, 38, 35, 69, 78, 95, 123, 43, 102, -4]
405:163.70, 10:10 [4, 71, 108, 37, 107, 62, 101, 33, 54, 118, -4]
406:80.44, 10:10 [4, 66, 120, 81, 131, 40, 106, -4]
407:79.81, 10:10 [4, 77, 114, 51, 80, 130, 92, -4]
501:157.28, 10:10 [5, 65, 32, 132, 82, 103, 45, -5]
502:83.63, 10:10 [5, 63, 97, 27, 96, 110, 73, -5]
503:63.60, 9:10 [5, 70, 124, 44, 111, 87, -5]
504:183.11, 10:10 [5, 30, 41, 18, 94, 24, 127, 56, 67, 121, 104, -5]
505:4.47, 4:10 [5, 79, 129, -5]
506:67.21, 9:10 [5, 47, 113, 14, 112, 55, 83, -5]
508:32.10, 10:10 [5, 52, 116, 39, 21, 93, -5]
512:93.28, 10:10 [5, 28, 98, 75, 76, 128, 61, 12, -5]
514:119.90, 10:10 [5, 117, 10, 85, 109, 42, 86, -5]
515:100.58, 9:10 [5, 59, 25, 9, 8, 115, -5]
fe: 4, se: 24

!ALNS------------
100000,2317.322486428005,555.842,291.694,4,24,0.7333333333333333,0.9166666666666666,31.75,5.291666666666667
31 21 32 11 0 1 8 1 
11.215109781841726 31.49514805145574 12.418848426983168 14.908825034886712 108.44222535440589 61.946358914974674 20.115665154898526 22.155361473178687 
16 20 9 10 14 16 15 5 
17.530669745815604 18.033607933164166 18.176703713394456 18.386668335118294 21.253542789537697 17.947902881354935 16.773827163545818 20.31023022861811 

x[479] = 1.0
Vehicle: 12  Cost: 54.00
Route: 1 5 -5 -1 
 1 [ 35   0:  0 [52, 57, 41, 24, 44, 70, 11, 18, 36, 79, 9, 25, 61]]
 5 [  0  27: 27 []]
-5 [ 22  27:383 [111, 87, 113, 124, 89, 129, 115]]
-1 [ 22 410:410 [111, 87, 113, 124, 89, 129, 115]]

x[524] = 1.0
Vehicle: 13  Cost: 85.44
Route: 1 4 -4 -1 
 1 [  5   0:  0 [72, 53, 43]]
 4 [  0  43: 43 []]
-4 [ 54  43:473 [99, 84, 95, 106, 126, 101, 114, 92, 120, 118, 123, 131, 130, 108, 102, 107, 91]]
-1 [ 54 516:516 [99, 84, 95, 106, 126, 101, 114, 92, 120, 118, 123, 131, 130, 108, 102, 107, 91]]

x[1262] = 1.0
Vehicle: 16  Cost: 112.02
Route: 1 3 -3 -1 
 1 [  2   0:  0 [62]]
 3 [  0  56: 56 []]
-3 [ 16  56:547 [101, 108, 105, 107, 114, 102, 84]]
-1 [ 16 603:603 [101, 108, 105, 107, 114, 102, 84]]

x[1543] = 1.0
Vehicle: 14  Cost: 124.63
Route: 1 3 -3 -2 -1 
 1 [  4   0:  0 [20]]
 3 [  0  56: 56 []]
-3 [ 17  56:418 [105, 107, 118, 108, 95, 131]]
-2 [ 21 441:493 [128, 105, 107, 118, 108, 95, 131]]
-1 [ 21 538:538 [105, 128, 107, 118, 108, 95, 131]]

x[1836] = 1.0
Vehicle: 16  Cost: 54.00
Route: 1 5 -5 -1 
 1 [  4   0:  0 [71, 21]]
 5 [  0  27: 27 []]
-5 [ 21  27:508 [107, 105, 128, 108, 83, 98, 104, 93]]
-1 [ 21 535:535 [107, 105, 128, 108, 83, 98, 104, 93]]

x[2785] = 1.0
Vehicle: 15  Cost: 124.63
Route: 1 3 -3 -2 -1 
 1 [  4   0:  0 [7, 38]]
 3 [  0  56: 56 []]
-3 [  9  56:277 [105, 91, 95]]
-2 [ 12 301:316 [89, 105, 91, 95]]
-1 [ 12 361:361 [89, 105, 91, 95]]

x[4046] = 1.0
Vehicle: 14  Cost: 124.63
Route: 1 3 -3 -2 -1 
 1 [  5   0:  0 [37, 81]]
 3 [  0  56: 56 []]
-3 [ 17  56:418 [105, 118, 91, 108, 131, 107]]
-2 [ 21 441:493 [128, 105, 118, 91, 108, 131, 107]]
-1 [ 21 538:538 [105, 118, 91, 108, 131, 128, 107]]

x[5387] = 1.0
Vehicle: 14  Cost: 130.21
Route: 1 2 -2 -4 -1 
 1 [  9   0:  0 [22, 67, 16]]
 2 [  0  45: 45 []]
-2 [  7  45:258 [124, 90, 100]]
-4 [ 13 300:350 [103, 124, 90, 86, 100]]
-1 [ 13 393:393 [124, 103, 90, 86, 100]]

x[6005] = 1.0
Vehicle: 16  Cost: 95.79
Route: 1 2 -5 -1 
 1 [  3   0:  0 [74]]
 2 [  0  45: 60 []]
-5 [ 15  84:515 [93, 115, 128, 104, 90]]
-1 [ 15 542:542 [93, 115, 128, 104, 90]]

x[6090] = 1.0
Vehicle: 15  Cost: 54.00
Route: 1 5 -5 -1 
 1 [  2   0:  0 [56]]
 5 [  0  27: 27 []]
-5 [ 18  27:508 [104, 93, 128, 129, 83]]
-1 [ 18 535:535 [104, 93, 128, 129, 83]]

x[6406] = 1.0
Vehicle: 16  Cost: 151.56
Route: 1 2 -2 -3 -4 -5 -1 
 1 [  5   0:  0 [19, 6]]
 2 [  0  45: 45 []]
-2 [  9  45:477 [128, 90, 104]]
-3 [ 15 500:590 [108, 128, 90, 107, 104, 101]]
-4 [ 24 621:636 [118, 108, 128, 90, 107, 102, 104, 84, 101]]
-5 [ 30 661:676 [93, 128, 108, 118, 90, 107, 102, 104, 83, 84, 101]]
-1 [ 30 703:703 [118, 108, 128, 93, 90, 107, 102, 104, 83, 84, 101]]

x[6883] = 1.0
Vehicle: 14  Cost: 54.00
Route: 1 5 -5 -1 
 1 [  4   0:  0 [10]]
 5 [  0  27: 27 []]
-5 [ 14  27:383 [124, 89, 94, 109, 85, 117]]
-1 [ 14 410:410 [124, 89, 94, 109, 85, 117]]

x[7540] = 1.0
Vehicle: 17  Cost: 90.38
Route: 1 2 -2 -1 
 1 [  5   0:  0 [75, 46]]
 2 [  0  45: 45 []]
-2 [ 16  45:419 [98, 125, 119, 88, 89, 127, 121]]
-1 [ 16 464:464 [98, 125, 119, 88, 89, 127, 121]]

x[7647] = 1.0
Vehicle: 13  Cost: 85.44
Route: 1 4 -4 -1 
 1 [ 13   0:  0 [66, 40, 31, 80]]
 4 [  0  43: 43 []]
-4 [ 19  43:459 [114, 92, 130, 118, 102, 95]]
-1 [ 19 502:502 [114, 92, 130, 118, 102, 95]]

x[8770] = 1.0
Vehicle: 16  Cost: 54.00
Route: 1 5 -5 -1 
 1 [  6   0:  0 [39, 73]]
 5 [  0  27: 27 []]
-5 [ 24  27:528 [93, 127, 94, 119, 116, 88, 104, 128, 121]]
-1 [ 24 555:555 [93, 127, 94, 119, 116, 88, 104, 128, 121]]

x[8942] = 1.0
Vehicle: 14  Cost: 85.44
Route: 1 4 -4 -1 
 1 [  4   0:  0 [47]]
 4 [  0  43: 43 []]
-4 [ 47  43:375 [97, 110, 132, 109, 126, 91, 85, 106, 131, 99, 96, 120, 103, 113, 112]]
-1 [ 47 418:418 [97, 110, 132, 109, 126, 91, 85, 106, 131, 99, 96, 120, 103, 113, 112]]

x[9012] = 1.0
Vehicle: 13  Cost: 85.44
Route: 1 4 -4 -1 
 1 [  5   0:  0 [51, 69, 35]]
 4 [  0  43: 43 []]
-4 [ 42  43:552 [102, 99, 118, 131, 101, 86, 126, 107, 114, 84, 91, 95, 108, 130]]
-1 [ 42 594:594 [102, 99, 118, 131, 101, 86, 126, 107, 114, 84, 91, 95, 108, 130]]

x[9774] = 1.0
Vehicle: 16  Cost: 151.56
Route: 1 2 -2 -3 -4 -5 -1 
 1 [  6   0:  0 [6, 15]]
 2 [  0  45: 45 []]
-2 [  9  45:481 [90, 104, 128]]
-3 [ 15 505:590 [90, 101, 104, 128, 108, 107]]
-4 [ 24 621:636 [90, 101, 102, 104, 128, 108, 84, 107, 118]]
-5 [ 30 661:676 [93, 90, 101, 102, 83, 104, 128, 108, 84, 107, 118]]
-1 [ 30 703:703 [93, 90, 101, 102, 83, 104, 128, 108, 84, 107, 118]]

x[10947] = 1.0
Vehicle: 14  Cost: 54.00
Route: 1 -5 -1 
 1 [  0   0:  0 []]
-5 [ 44  27:389 [113, 114, 112, 115, 97, 111, 94, 123, 124, 96, 95, 87, 85, 91, 117]]
-1 [ 44 416:416 [113, 114, 112, 115, 97, 111, 94, 123, 124, 96, 95, 87, 85, 91, 117]]

x[11718] = 1.0
Vehicle: 16  Cost: 54.00
Route: 1 5 -5 -1 
 1 [  4   0:  0 [58]]
 5 [  0  27: 27 []]
-5 [ 16  27:506 [94, 128, 104, 93, 116, 98]]
-1 [ 16 533:533 [94, 128, 104, 93, 116, 98]]

x[12038] = 1.0
Vehicle: 16  Cost: 54.00
Route: 1 5 -5 -1 
 1 [  4   0:  0 [29, 61]]
 5 [  0  27: 27 []]
-5 [ 23  27:500 [98, 93, 83, 129, 121, 127, 104, 128]]
-1 [ 23 527:527 [98, 93, 83, 129, 121, 127, 104, 128]]

x[12185] = 1.0
Vehicle: 16  Cost: 95.79
Route: 1 2 -2 -5 -1 
 1 [  5   0:  0 [48, 23]]
 2 [  0  45: 45 []]
-2 [  4  45:446 [104]]
-5 [ 14 470:514 [128, 115, 93, 104]]
-1 [ 14 541:541 [128, 115, 93, 104]]

x[12568] = 1.0
Vehicle: 16  Cost: 112.02
Route: 1 3 -3 -1 
 1 [  4   0:  0 [34]]
 3 [  0  56: 56 []]
-3 [ 16  56:552 [102, 84, 108, 107, 114, 101, 105]]
-1 [ 16 608:608 [102, 84, 108, 107, 114, 101, 105]]

x[13233] = 1.0
Vehicle: 14  Cost: 54.00
Route: 1 -5 -1 
 1 [  0   0:  0 []]
-5 [ 31  27:498 [114, 93, 128, 126, 116, 83, 110, 115, 129]]
-1 [ 31 525:525 [114, 93, 128, 126, 116, 83, 110, 115, 129]]

x[14539] = 1.0
Vehicle: 15  Cost: 54.00
Route: 1 5 -5 -1 
 1 [  3   0:  0 [32]]
 5 [  0  27: 27 []]
-5 [ 18  27:508 [93, 128, 104, 83, 129]]
-1 [ 18 535:535 [93, 128, 104, 83, 129]]

x[14576] = 1.0
Vehicle: 25  Cost: 54.00
Route: 1 -5 -1 
 1 [  0   0:  0 []]
-5 [ 14  27:386 [117, 103, 94, 132, 124, 127]]
-1 [ 14 413:413 [117, 103, 94, 132, 124, 127]]

x[14787] = 1.0
Vehicle: 13  Cost: 85.44
Route: 1 4 -4 -1 
 1 [ 10   0:  0 [78, 53, 66, 72, 54]]
 4 [  0  43: 43 []]
-4 [ 54  43:473 [95, 118, 102, 126, 99, 120, 91, 108, 101, 130, 114, 123, 92, 107, 131, 84, 106]]
-1 [ 54 516:516 [95, 118, 102, 126, 99, 120, 91, 108, 101, 130, 114, 123, 92, 107, 131, 84, 106]]

x[14962] = 1.0
Vehicle: 16  Cost: 151.56
Route: 1 2 -2 -3 -4 -5 -1 
 1 [  7   0:  0 [6, 68]]
 2 [  0  45: 45 []]
-2 [  9  45:477 [128, 90, 104]]
-3 [ 15 500:590 [108, 128, 90, 107, 104, 101]]
-4 [ 24 621:636 [108, 128, 90, 107, 102, 104, 84, 101, 118]]
-5 [ 30 661:676 [93, 128, 108, 90, 107, 102, 104, 83, 84, 101, 118]]
-1 [ 30 703:703 [108, 128, 93, 90, 107, 102, 104, 83, 84, 101, 118]]

x[15932] = 1.0
Vehicle: 27  Cost: 85.44
Route: 1 4 -4 -1 
 1 [  6   0:  0 [51, 63, 72]]
 4 [  0  43: 43 []]
-4 [ 12  43:365 [96, 114, 126, 85]]
-1 [ 12 408:408 [96, 114, 126, 85]]

x[16156] = 1.0
Vehicle: 16  Cost: 54.00
Route: 1 5 -5 -1 
 1 [  6   0:  0 [59, 44, 12]]
 5 [  0  27: 27 []]
-5 [ 15  27:508 [116, 98, 93, 104, 128]]
-1 [ 15 535:535 [116, 98, 93, 104, 128]]

x[16467] = 1.0
Vehicle: 16  Cost: 54.00
Route: 1 5 -5 -1 
 1 [  7   0:  0 [76, 28, 14, 30]]
 5 [  0  27: 27 []]
-5 [ 16  27:500 [94, 128, 104, 98, 93, 116]]
-1 [ 16 527:527 [94, 128, 104, 98, 93, 116]]

x[16856] = 1.0
Vehicle: 16  Cost: 54.00
Route: 1 5 -5 -1 
 1 [  9   0:  0 [55, 61, 50, 42]]
 5 [  0  27: 27 []]
-5 [ 15  27:492 [128, 94, 93, 104, 116]]
-1 [ 15 519:519 [128, 94, 93, 104, 116]]

x[17131] = 1.0
Vehicle: 16  Cost: 54.00
Route: 1 -5 -1 
 1 [  0   0:  0 []]
-5 [ 21  27:515 [94, 83, 93, 98, 128, 127, 104, 90, 101, 87]]
-1 [ 21 542:542 [94, 83, 93, 98, 128, 127, 104, 90, 101, 87]]

x[18290] = 1.0
Vehicle: 14  Cost: 95.79
Route: 1 2 5 -5 -1 
 1 [ 13   0:  0 [46, 13, 23, 65]]
 2 [  2  45: 60 [65]]
 5 [  0  84: 84 []]
-5 [ 11  84:381 [117, 114, 83, 113]]
-1 [ 11 408:408 [117, 114, 83, 113]]

x[18389] = 1.0
Vehicle: 13  Cost: 85.44
Route: 1 4 -4 -1 
 1 [ 10   0:  0 [40, 49, 77]]
 4 [  0  43: 43 []]
-4 [ 27  43:473 [130, 126, 84, 118, 92, 95, 114, 102]]
-1 [ 27 516:516 [130, 126, 84, 118, 92, 95, 114, 102]]

x[19024] = 1.0
Vehicle: 15  Cost: 112.02
Route: 1 3 -3 -1 
 1 [  8   0:  0 [37, 64]]
 3 [  0  56: 56 []]
-3 [ 11  56:504 [100, 132, 95]]
-1 [ 11 560:560 [100, 132, 95]]

x[19545] = 1.0
Vehicle: 19  Cost: 112.02
Route: 1 -3 -1 
 1 [  0   0:  0 []]
-3 [ 15  56:390 [131, 127, 95, 105, 120, 121]]
-1 [ 15 446:446 [131, 127, 95, 105, 120, 121]]

x[19960] = 1.0
Vehicle: 16  Cost: 54.00
Route: 1 5 -5 -1 
 1 [  6   0:  0 [33, 44]]
 5 [  0  27: 27 []]
-5 [ 18  27:500 [93, 87, 83, 104, 98, 128, 94]]
-1 [ 18 527:527 [93, 87, 83, 104, 98, 128, 94]]

x[24412] = 1.0
Vehicle: 16  Cost: 54.00
Route: 1 5 -5 -1 
 1 [  1   0:  0 [26]]
 5 [  0  27: 27 []]
-5 [ 21  27:542 [128, 93, 94, 116, 104, 115, 127, 90]]
-1 [ 21 569:569 [128, 93, 94, 116, 104, 115, 127, 90]]

x[24936] = 1.0
Vehicle: 16  Cost: 54.00
Route: 1 5 -5 -1 
 1 [  7   0:  0 [27, 60]]
 5 [  0  27: 27 []]
-5 [ 21  27:519 [119, 94, 121, 116, 93, 128, 127, 104]]
-1 [ 21 546:546 [119, 94, 121, 116, 93, 128, 127, 104]]

x[25233] = 1.0
Vehicle: 13  Cost: 85.44
Route: 1 4 -4 -1 
 1 [ 18   0:  0 [80, 40, 45, 82, 53, 77]]
 4 [  0  43: 43 []]
-4 [ 57  43:494 [132, 107, 99, 131, 105, 130, 120, 92, 106, 101, 108, 118, 114, 84, 126, 102, 91, 86, 95]]
-1 [ 57 537:537 [132, 107, 99, 131, 105, 130, 120, 92, 106, 101, 108, 118, 114, 84, 126, 102, 91, 86, 95]]

x[25603] = 1.0
Vehicle: 17  Cost: 95.79
Route: 1 -5 -2 -1 
 1 [  0   0:  0 []]
-5 [ 10  27:470 [93, 83, 129]]
-2 [ 19 494:509 [122, 128, 93, 83, 129, 104]]
-1 [ 19 554:554 [122, 128, 93, 83, 129, 104]]

x[25633] = 1.0
Vehicle: 16  Cost: 54.00
Route: 1 5 -5 -1 
 1 [  9   0:  0 [8, 76, 61]]
 5 [  0  27: 27 []]
-5 [ 20  27:500 [127, 94, 128, 98, 116, 121, 93, 104]]
-1 [ 20 527:527 [127, 94, 128, 98, 116, 121, 93, 104]]

x[25792] = 1.0
Vehicle: 16  Cost: 54.00
Route: 1 5 -5 -1 
 1 [  4   0:  0 [17]]
 5 [  0  27: 27 []]
-5 [ 21  27:542 [127, 116, 128, 94, 104, 93, 115, 90]]
-1 [ 21 569:569 [127, 116, 128, 94, 104, 93, 115, 90]]

x[26794] = 1.0
Vehicle: 25  Cost: 54.00
Route: 1 -5 -1 
 1 [  0   0:  0 []]
-5 [ 18  27:386 [111, 124, 132, 117, 94, 127, 103]]
-1 [ 18 413:413 [111, 124, 132, 117, 94, 127, 103]]

y[462] = 1.0
Vehicle: 305  Cost: 123.24
Route: 3 91 -3 
  3 [ 0   0:118]
 91 [ 4 180:185]
 -3 [ 4 247:247]

y[522] = 1.0
Vehicle: 302  Cost: 87.37
Route: 3 62 37 34 -3 
  3 [10 379:394]
 62 [ 8 422:427]
 37 [ 4 444:449]
 34 [ 0 469:474]
 -3 [ 0 497:497]

y[1199] = 1.0
Vehicle: 502  Cost: 60.31
Route: 5 113 44 111 129 -5 
  5 [ 4  27:160]
113 [ 6 180:185]
 44 [ 2 207:212]
111 [ 6 212:217]
129 [10 233:238]
 -5 [10 240:240]

y[1234] = 1.0
Vehicle: 510  Cost: 47.16
Route: 5 10 83 39 93 21 87 -5 
  5 [10  27: 42]
 10 [ 6  53: 58]
 83 [10 300:305]
 39 [ 7 420:425]
 93 [ 9 432:437]
 21 [ 6 437:442]
 87 [ 8 445:450]
 -5 [ 8 456:456]

y[1693] = 1.0
Vehicle: 203  Cost: 84.90
Route: 2 74 -2 
  2 [ 3  45:258]
 74 [ 0 300:305]
 -2 [ 0 347:347]

y[2242] = 1.0
Vehicle: 502  Cost: 91.62
Route: 5 96 27 14 112 55 110 -5 
  5 [ 6  27: 42]
 96 [ 8  63: 68]
 27 [ 5  83: 88]
 14 [ 4 100:105]
112 [ 7 300:305]
 55 [ 5 318:323]
110 [ 6 330:335]
 -5 [ 6 355:355]

y[3032] = 1.0
Vehicle: 402  Cost: 54.04
Route: 4 77 -4 
  4 [ 4 251:266]
 77 [ 0 293:298]
 -4 [ 0 325:325]

y[3321] = 1.0
Vehicle: 512  Cost: 106.38
Route: 5 28 98 76 128 60 119 12 -5 
  5 [10  27:272]
 28 [ 8 300:305]
 98 [ 9 305:310]
 76 [ 6 420:425]
128 [10 425:430]
 60 [ 6 447:452]
119 [ 8 452:457]
 12 [ 7 484:489]
 -5 [ 7 509:509]

y[3433] = 1.0
Vehicle: 405  Cost: 70.95
Route: 4 63 97 -4 
  4 [ 4  43: 58]
 63 [ 0  92: 97]
 97 [ 4 104:109]
 -4 [ 4 139:139]

y[3711] = 1.0
Vehicle: 202  Cost: 47.22
Route: 2 90 13 100 -2 
  2 [ 3  66: 81]
 90 [ 4 100:105]
 13 [ 1 109:114]
100 [ 4 128:133]
 -2 [ 4 143:143]

y[4722] = 1.0
Vehicle: 401  Cost: 81.05
Route: 4 66 131 40 106 53 -4 
  4 [10 184:199]
 66 [ 6 230:235]
131 [ 9 242:247]
 40 [ 6 256:261]
106 [10 261:266]
 53 [ 7 295:300]
 -4 [ 7 305:305]

y[5668] = 1.0
Vehicle: 503  Cost: 97.58
Route: 5 124 70 59 25 8 115 -5 
  5 [ 7  27: 42]
124 [10  73: 78]
 70 [ 8  78: 83]
 59 [ 7 180:185]
 25 [ 6 300:305]
  8 [ 3 316:321]
115 [ 7 347:352]
 -5 [ 7 361:361]

y[5878] = 1.0
Vehicle: 405  Cost: 101.20
Route: 4 47 84 114 51 -4 
  4 [ 5  43:151]
 47 [ 1 180:185]
 84 [ 5 420:425]
114 [ 9 438:443]
 51 [ 8 443:448]
 -4 [ 8 477:477]

y[6235] = 1.0
Vehicle: 504  Cost: 4.47
Route: 5 79 -5 
  5 [ 4  27: 42]
 79 [ 0  44: 49]
 -5 [ 0  51: 51]

y[6276] = 1.0
Vehicle: 303  Cost: 93.74
Route: 3 132 -3 
  3 [ 0   0: 15]
132 [ 4  62: 67]
 -3 [ 4 114:114]

y[6636] = 1.0
Vehicle: 306  Cost: 61.24
Route: 3 38 120 20 7 -3 
  3 [ 8  89:104]
 38 [ 7 111:116]
120 [10 136:141]
 20 [ 6 300:305]
  7 [ 3 312:317]
 -3 [ 3 334:334]

y[6979] = 1.0
Vehicle: 504  Cost: 87.75
Route: 5 65 29 33 58 -5 
  5 [ 9  27:170]
 65 [ 7 180:185]
 29 [ 6 205:210]
 33 [ 4 300:305]
 58 [ 0 330:335]
 -5 [ 0 354:354]

y[7254] = 1.0
Vehicle: 201  Cost: 49.68
Route: 2 22 15 88 68 125 -2 
  2 [ 7  45: 60]
 22 [ 5  78: 83]
 15 [ 3 300:305]
 88 [ 6 305:310]
 68 [ 3 315:320]
125 [ 6 325:330]
 -2 [ 6 345:345]

y[7597] = 1.0
Vehicle: 305  Cost: 6.32
Route: 3 64 -3 
  3 [ 4 100:115]
 64 [ 0 119:124]
 -3 [ 0 127:127]

y[8066] = 1.0
Vehicle: 305  Cost: 58.41
Route: 3 81 -3 
  3 [ 1  56: 71]
 81 [ 0 100:105]
 -3 [ 0 134:134]

y[8087] = 1.0
Vehicle: 206  Cost: 30.59
Route: 2 19 -2 
  2 [ 1  94:165]
 19 [ 0 180:185]
 -2 [ 0 200:200]

y[8857] = 1.0
Vehicle: 514  Cost: 111.29
Route: 5 52 116 42 109 85 -5 
  5 [ 7  27: 42]
 52 [ 3  56: 61]
116 [ 7  61: 66]
 42 [ 4 112:117]
109 [ 8 117:122]
 85 [10 180:185]
 -5 [10 229:229]

y[9725] = 1.0
Vehicle: 507  Cost: 74.11
Route: 5 61 -5 
  5 [ 3  27:383]
 61 [ 0 420:425]
 -5 [ 0 462:462]

y[9881] = 1.0
Vehicle: 208  Cost: 50.99
Route: 2 46 -2 
  2 [ 4  94:155]
 46 [ 0 180:185]
 -2 [ 0 210:210]

y[11448] = 1.0
Vehicle: 404  Cost: 146.65
Route: 4 107 49 118 54 -4 
  4 [ 4  43:234]
107 [ 8 300:305]
 49 [ 5 330:335]
118 [ 9 357:362]
 54 [ 8 362:367]
 -4 [ 8 401:401]

y[11625] = 1.0
Vehicle: 509  Cost: 165.77
Route: 5 117 32 95 36 -5 
  5 [ 7  27: 48]
117 [ 8  60: 65]
 32 [ 5  86: 91]
 95 [ 9 139:144]
 36 [ 5 300:305]
 -5 [ 5 344:344]

y[12126] = 1.0
Vehicle: 204  Cost: 62.51
Route: 2 89 -2 
  2 [ 0   0: 29]
 89 [ 3  60: 65]
 -2 [ 3  96: 96]

y[12236] = 1.0
Vehicle: 507  Cost: 123.39
Route: 5 30 41 18 24 94 50 104 73 -5 
  5 [ 8  27: 42]
 30 [ 7  84: 89]
 41 [ 6  99:104]
 18 [ 5 112:117]
 24 [ 4 118:123]
 94 [ 5 123:128]
 50 [ 4 180:185]
104 [ 8 420:425]
 73 [ 5 443:448]
 -5 [ 5 454:454]

y[12560] = 1.0
Vehicle: 205  Cost: 81.63
Route: 2 23 -2 
  2 [ 4  94:259]
 23 [ 0 300:305]
 -2 [ 0 346:346]

y[12843] = 1.0
Vehicle: 511  Cost: 38.21
Route: 5 11 -5 
  5 [ 2  27:281]
 11 [ 0 300:305]
 -5 [ 0 324:324]

y[13643] = 1.0
Vehicle: 401  Cost: 39.71
Route: 4 126 72 92 -4 
  4 [ 1  43:280]
126 [ 5 300:305]
 72 [ 4 305:310]
 92 [ 7 313:318]
 -4 [ 7 335:335]

y[15609] = 1.0
Vehicle: 406  Cost: 38.42
Route: 4 102 -4 
  4 [ 0   0:401]
102 [ 1 420:425]
 -4 [ 1 444:444]

y[16262] = 1.0
Vehicle: 202  Cost: 38.83
Route: 2 16 -2 
  2 [ 3  94:109]
 16 [ 0 129:134]
 -2 [ 0 153:153]

y[16923] = 1.0
Vehicle: 202  Cost: 59.06
Route: 2 75 -2 
  2 [ 1  94:270]
 75 [ 0 300:305]
 -2 [ 0 335:335]

y[18690] = 1.0
Vehicle: 406  Cost: 154.96
Route: 4 82 45 86 130 80 -4 
  4 [ 8 102:117]
 82 [ 6 166:171]
 45 [ 4 300:305]
 86 [ 6 328:333]
130 [ 9 372:377]
 80 [ 5 377:382]
 -4 [ 5 415:415]

y[18749] = 1.0
Vehicle: 501  Cost: 338.90
Route: 5 56 17 26 127 71 103 108 101 -5 
  5 [ 8  27: 42]
 56 [ 6 117:122]
 17 [ 2 147:152]
 26 [ 1 156:161]
127 [ 2 189:194]
 71 [ 1 244:249]
103 [ 5 296:301]
108 [ 6 342:347]
101 [ 7 365:370]
 -5 [ 7 421:421]

y[18918] = 1.0
Vehicle: 509  Cost: 76.21
Route: 5 57 9 -5 
  5 [ 8  82: 97]
 57 [ 4 123:128]
  9 [ 0 300:305]
 -5 [ 0 343:343]

y[19353] = 1.0
Vehicle: 202  Cost: 89.60
Route: 2 122 48 67 121 6 -2 
  2 [ 9  45:280]
122 [10 300:305]
 48 [ 9 321:326]
 67 [ 5 340:345]
121 [ 8 345:350]
  6 [ 4 372:377]
 -2 [ 4 394:394]

y[19642] = 1.0
Vehicle: 403  Cost: 162.19
Route: 4 105 35 69 78 31 99 123 43 -4 
  4 [ 8  67: 82]
105 [ 9 111:116]
 35 [ 8 121:126]
 69 [ 5 128:133]
 78 [ 4 147:152]
 31 [ 2 192:197]
 99 [ 5 197:202]
123 [ 9 214:219]
 43 [ 8 300:305]
 -4 [ 8 333:333]

FE: 45
SE: 39
!MIP-----
6995.555454966365,5400.76936507225,0.6939886320854066,45,39,26903,20285

Run: 5
Total Cost: 2293.28
Vehicle: 11  Cost: 90.38
Route: 1 2 -2 -1 
 1 [ 67   0:  0 [18, 8, 60, 28, 19, 46, 16, 24, 6, 74, 41, 75, 56, 13, 9, 48, 68, 76, 37, 22, 12, 15, 61, 57, 23, 25, 30, 50]]
 2 [  0  45: 45 []]
-2 [ 30  45:498 [107, 98, 90, 104, 127, 108, 122, 128, 100, 125, 88, 94, 101, 119]]
-1 [ 30 543:543 [107, 98, 90, 104, 127, 108, 122, 128, 100, 125, 88, 94, 101, 119]]

Vehicle: 12  Cost: 94.42
Route: 1 4 -4 -5 -1 
 1 [ 58   0:  0 [49, 31, 72, 45, 27, 54, 65, 80, 73, 55, 66, 59, 70, 47, 43, 63, 10, 32, 51, 42, 77, 53, 14]]
 4 [  0  43: 43 []]
-4 [ 27  43:459 [130, 102, 118, 92, 84, 120, 95, 99, 86]]
-5 [ 43 484:499 [111, 130, 102, 118, 92, 84, 120, 87, 93, 95, 115, 99, 86, 83]]
-1 [ 43 526:526 [130, 102, 118, 92, 84, 120, 111, 87, 93, 95, 115, 99, 86, 83]]

Vehicle: 14  Cost: 85.44
Route: 1 -4 -1 
 1 [  0   0:  0 []]
-4 [ 42  43:369 [126, 85, 117, 96, 112, 114, 113, 110, 116, 109, 123, 97, 124, 103]]
-1 [ 42 412:412 [126, 85, 117, 96, 112, 114, 113, 110, 116, 109, 123, 97, 124, 103]]

Vehicle: 16  Cost: 112.03
Route: 1 5 -5 3 -3 -1 
 1 [ 70   0:  0 [7, 29, 64, 35, 26, 78, 34, 11, 44, 58, 67, 17, 71, 38, 40, 69, 20, 62, 39, 82, 81, 33, 79, 52, 21, 36]]
 5 [ 52  27: 27 [7, 29, 64, 35, 26, 78, 34, 11, 58, 67, 17, 71, 38, 40, 69, 20, 62, 82, 81, 33, 36]]
-5 [ 56  27: 71 [129, 7, 29, 64, 35, 26, 78, 34, 11, 58, 67, 17, 71, 38, 40, 69, 20, 62, 82, 81, 33, 36]]
 3 [  4 100:100 [129]]
-3 [ 26 100:363 [131, 105, 91, 106, 121, 132, 89, 129]]
-1 [ 26 419:419 [131, 105, 91, 106, 121, 132, 89, 129]]

Vehicle: 201  Cost: 65.72
Route: 2 46 50 6 104 -2 
  2 [ 9  45:155]
 46 [ 5 180:185]
 50 [ 4 189:194]
  6 [ 0 300:305]
104 [ 4 420:425]
 -2 [ 4 431:431]

Vehicle: 202  Cost: 65.20
Route: 2 19 76 128 75 61 12 -2 
  2 [ 9  45:165]
 19 [ 8 180:185]
 76 [ 5 420:425]
128 [ 9 425:430]
 75 [ 8 434:439]
 61 [ 5 447:452]
 12 [ 4 472:477]
 -2 [ 4 483:483]

Vehicle: 203  Cost: 52.08
Route: 2 22 119 60 122 68 125 -2 
  2 [ 9  45: 60]
 22 [ 7  78: 83]
119 [ 9 300:305]
 60 [ 5 305:310]
122 [ 6 317:322]
 68 [ 3 322:327]
125 [ 6 333:338]
 -2 [ 6 352:352]

Vehicle: 204  Cost: 99.30
Route: 2 48 23 74 15 88 -2 
  2 [10  45:271]
 48 [ 9 300:305]
 23 [ 5 317:322]
 74 [ 2 333:338]
 15 [ 0 361:366]
 88 [ 3 366:371]
 -2 [ 3 395:395]

Vehicle: 205  Cost: 55.86
Route: 2 16 57 90 13 100 -2 
  2 [10  45: 60]
 16 [ 7  80: 85]
 57 [ 3  87: 92]
 90 [ 4  98:103]
 13 [ 1 107:112]
100 [ 4 127:132]
 -2 [ 4 141:141]

Vehicle: 207  Cost: 84.82
Route: 2 8 25 9 28 98 -2 
  2 [10  45:268]
  8 [ 7 300:305]
 25 [ 6 316:321]
  9 [ 2 330:335]
 28 [ 0 350:355]
 98 [ 1 355:360]
 -2 [ 1 378:378]

Vehicle: 208  Cost: 185.27
Route: 2 30 41 18 94 24 127 56 107 37 108 101 -2 
  2 [10  45: 60]
 30 [ 9  79: 84]
 41 [ 8  94: 99]
 18 [ 7 107:112]
 94 [ 8 113:118]
 24 [ 7 118:123]
127 [ 8 147:152]
 56 [ 6 172:177]
107 [10 300:305]
 37 [ 6 309:314]
108 [ 7 316:321]
101 [ 8 338:343]
 -2 [ 8 388:388]

Vehicle: 301  Cost: 76.19
Route: 3 29 81 131 40 106 7 -3 
  3 [ 8 100:170]
 29 [ 7 180:185]
 81 [ 6 207:212]
131 [ 9 212:217]
 40 [ 6 226:231]
106 [10 231:236]
  7 [ 7 300:305]
 -3 [ 7 322:322]

Vehicle: 302  Cost: 69.23
Route: 3 71 62 34 -3 
  3 [ 7 100:115]
 71 [ 6 147:152]
 62 [ 4 420:425]
 34 [ 0 435:440]
 -3 [ 0 463:463]

Vehicle: 303  Cost: 76.34
Route: 3 17 89 26 121 67 -3 
  3 [ 9 100:115]
 17 [ 5 143:148]
 89 [ 8 148:153]
 26 [ 7 157:162]
121 [10 300:305]
 67 [ 6 305:310]
 -3 [ 6 348:348]

Vehicle: 304  Cost: 37.26
Route: 3 38 105 20 36 -3 
  3 [ 9 100:115]
 38 [ 8 122:127]
105 [ 9 127:132]
 20 [ 5 300:305]
 36 [ 1 311:316]
 -3 [ 1 330:330]

Vehicle: 305  Cost: 24.49
Route: 3 64 58 11 -3 
  3 [10 100:115]
 64 [ 6 119:124]
 58 [ 2 300:305]
 11 [ 0 309:314]
 -3 [ 0 324:324]

Vehicle: 307  Cost: 129.80
Route: 3 35 69 78 91 82 132 33 -3 
  3 [ 9 100:115]
 35 [ 8 125:130]
 69 [ 5 132:137]
 78 [ 4 152:157]
 91 [ 8 197:202]
 82 [ 6 218:223]
132 [10 223:228]
 33 [ 8 300:305]
 -3 [ 8 325:325]

Vehicle: 401  Cost: 137.99
Route: 4 99 31 95 49 -4 
  4 [ 5  43: 58]
 99 [ 8 124:129]
 31 [ 6 129:134]
 95 [10 138:143]
 49 [ 7 300:305]
 -4 [ 7 360:360]

Vehicle: 402  Cost: 97.55
Route: 4 32 120 66 118 54 43 86 102 -4 
  4 [ 9  43: 58]
 32 [ 6  76: 81]
120 [ 9  95:100]
 66 [ 5 100:105]
118 [ 9 300:305]
 54 [ 8 305:310]
 43 [ 7 328:333]
 86 [ 9 342:347]
102 [10 420:425]
 -4 [10 444:444]

Vehicle: 403  Cost: 139.53
Route: 4 70 124 59 14 47 113 116 -4 
  4 [ 8  43: 58]
 70 [ 6 112:117]
124 [ 9 117:122]
 59 [ 8 180:185]
 14 [ 7 224:229]
 47 [ 3 236:241]
113 [ 5 241:246]
116 [ 9 253:258]
 -4 [ 9 281:281]

Vehicle: 404  Cost: 82.49
Route: 4 27 97 63 112 55 110 -4 
  4 [ 9  43: 58]
 27 [ 6  88: 93]
 97 [10  93: 98]
 63 [ 6 104:109]
112 [ 9 300:305]
 55 [ 7 318:323]
110 [ 8 330:335]
 -4 [ 8 354:354]

Vehicle: 405  Cost: 66.18
Route: 4 92 80 130 84 -4 
  4 [ 4  43:283]
 92 [ 7 300:305]
 80 [ 3 321:326]
130 [ 6 326:331]
 84 [10 420:425]
 -4 [10 444:444]

Vehicle: 406  Cost: 47.08
Route: 4 10 117 65 73 -4 
  4 [ 9  43: 58]
 10 [ 5  72: 77]
117 [ 6  80: 85]
 65 [ 4 180:185]
 73 [ 1 300:305]
 -4 [ 1 326:326]

Vehicle: 408  Cost: 116.97
Route: 4 53 123 103 45 -4 
  4 [ 5  43: 58]
 53 [ 2  63: 68]
123 [ 6 118:123]
103 [10 128:133]
 45 [ 8 300:305]
 -4 [ 8 347:347]

Vehicle: 409  Cost: 72.14
Route: 4 96 77 51 114 72 126 -4 
  4 [ 6  43: 58]
 96 [ 8  73: 78]
 77 [ 4  91: 96]
 51 [ 3 300:305]
114 [ 7 305:310]
 72 [ 6 320:325]
126 [10 325:330]
 -4 [10 350:350]

Vehicle: 410  Cost: 52.69
Route: 4 42 109 85 -4 
  4 [ 3  43: 58]
 42 [ 0  83: 88]
109 [ 4  88: 93]
 85 [ 6 180:185]
 -4 [ 6 205:205]

Vehicle: 501  Cost: 34.63
Route: 5 52 39 83 93 21 87 -5 
  5 [10  27: 42]
 52 [ 6  56: 61]
 39 [ 3 420:425]
 83 [ 7 428:433]
 93 [ 9 438:443]
 21 [ 6 443:448]
 87 [ 8 451:456]
 -5 [ 8 462:462]

Vehicle: 502  Cost: 4.47
Route: 5 129 79 -5 
  5 [ 4  27: 42]
129 [ 8  44: 49]
 79 [ 4  49: 54]
 -5 [ 4  56: 56]

Vehicle: 503  Cost: 37.75
Route: 5 111 44 115 -5 
  5 [ 4  27: 42]
111 [ 8  60: 65]
 44 [ 4  65: 70]
115 [ 8 300:305]
 -5 [ 8 314:314]

Total Cost: 2293.28
 11:90.38, 67:75 [1, 2, -2, -1]
 12:94.42, 58:75 [1, 4, -4, -5, -1]
 14:85.44, 42:75 [1, -4, -1]
 16:112.03, 70:75 [1, 5, -5, 3, -3, -1]
201:65.72, 9:10 [2, 46, 50, 6, 104, -2]
202:65.20, 9:10 [2, 19, 76, 128, 75, 61, 12, -2]
203:52.08, 9:10 [2, 22, 119, 60, 122, 68, 125, -2]
204:99.30, 10:10 [2, 48, 23, 74, 15, 88, -2]
205:55.86, 10:10 [2, 16, 57, 90, 13, 100, -2]
207:84.82, 10:10 [2, 8, 25, 9, 28, 98, -2]
208:185.27, 10:10 [2, 30, 41, 18, 94, 24, 127, 56, 107, 37, 108, 101, -2]
301:76.19, 10:10 [3, 29, 81, 131, 40, 106, 7, -3]
302:69.23, 7:10 [3, 71, 62, 34, -3]
303:76.34, 10:10 [3, 17, 89, 26, 121, 67, -3]
304:37.26, 9:10 [3, 38, 105, 20, 36, -3]
305:24.49, 10:10 [3, 64, 58, 11, -3]
307:129.80, 10:10 [3, 35, 69, 78, 91, 82, 132, 33, -3]
401:137.99, 10:10 [4, 99, 31, 95, 49, -4]
402:97.55, 10:10 [4, 32, 120, 66, 118, 54, 43, 86, 102, -4]
403:139.53, 9:10 [4, 70, 124, 59, 14, 47, 113, 116, -4]
404:82.49, 10:10 [4, 27, 97, 63, 112, 55, 110, -4]
405:66.18, 10:10 [4, 92, 80, 130, 84, -4]
406:47.08, 9:10 [4, 10, 117, 65, 73, -4]
408:116.97, 10:10 [4, 53, 123, 103, 45, -4]
409:72.14, 10:10 [4, 96, 77, 51, 114, 72, 126, -4]
410:52.69, 6:10 [4, 42, 109, 85, -4]
501:34.63, 10:10 [5, 52, 39, 83, 93, 21, 87, -5]
502:4.47, 8:10 [5, 129, 79, -5]
503:37.75, 8:10 [5, 111, 44, 115, -5]
fe: 4, se: 25

!ALNS------------
100000,2293.282726675354,474.928,445.798,4,25,0.79,0.932,31.75,5.08
24 26 23 11 0 0 11 2 
8.362677617906975 23.946607466044902 10.54867658767433 14.275246715713806 30.104861222110866 33.74126137242058 14.527561495096053 25.869210912070653 
9 12 18 11 6 15 18 8 
15.371531032473758 14.748557368378647 17.812010866469702 14.136728265142963 14.000559335558263 14.520188171152135 14.93765064229307 17.29980603611275 

x[7092] = 1.0
Vehicle: 12  Cost: 85.44
Route: 1 4 -4 -1 
 1 [ 58   0:  0 [55, 45, 27, 49, 31, 66, 53, 77, 10, 54, 73, 47, 63, 70, 59, 14, 80, 51, 65, 72, 43, 42, 32]]
 4 [  0  43: 43 []]
-4 [ 35  43:459 [92, 130, 91, 102, 114, 118, 86, 120, 84, 126, 99]]
-1 [ 35 502:502 [92, 130, 91, 102, 114, 118, 86, 120, 84, 126, 99]]

x[8799] = 1.0
Vehicle: 11  Cost: 95.79
Route: 1 2 -2 -5 -1 
 1 [ 65   0:  0 [74, 15, 28, 76, 57, 12, 68, 13, 8, 22, 16, 18, 75, 41, 24, 48, 6, 30, 56, 19, 46, 50, 60, 25, 23, 9, 61, 62]]
 2 [  0  45: 45 []]
-2 [ 24  45:494 [94, 125, 88, 98, 122, 100, 119, 90, 128, 127, 104]]
-5 [ 36 517:532 [93, 94, 125, 88, 98, 115, 122, 83, 100, 119, 90, 128, 127, 104, 87]]
-1 [ 36 559:559 [93, 94, 125, 88, 98, 115, 122, 83, 100, 119, 90, 128, 127, 104, 87]]

x[9047] = 1.0
Vehicle: 16  Cost: 112.03
Route: 1 5 3 -3 -5 -1 
 1 [ 68   0:  0 [82, 79, 52, 67, 36, 29, 78, 58, 26, 21, 69, 11, 20, 38, 37, 7, 71, 35, 40, 81, 17, 64, 33, 34, 39]]
 5 [ 54  27: 42 [82, 67, 36, 29, 78, 58, 26, 69, 11, 20, 38, 37, 7, 71, 35, 40, 81, 17, 64, 33, 34]]
 3 [  0  71: 71 []]
-3 [ 28  71:391 [105, 95, 101, 132, 107, 106, 131, 108, 89, 121]]
-5 [ 32 420:435 [129, 105, 95, 101, 132, 107, 106, 131, 108, 89, 121]]
-1 [ 32 462:462 [105, 95, 101, 132, 107, 106, 131, 108, 129, 89, 121]]

x[9824] = 1.0
Vehicle: 14  Cost: 94.42
Route: 1 5 -5 -4 -1 
 1 [ 12   0:  0 [79, 44, 52]]
 5 [  0  27: 27 []]
-5 [ 12  27:329 [129, 111, 115]]
-4 [ 54 353:369 [117, 114, 113, 109, 124, 103, 126, 129, 110, 97, 96, 85, 116, 123, 112, 111, 115]]
-1 [ 54 412:412 [117, 114, 113, 109, 124, 103, 126, 129, 110, 97, 96, 85, 116, 123, 112, 111, 115]]

y[1417] = 1.0
Vehicle: 301  Cost: 76.19
Route: 3 29 131 81 40 106 7 -3 
  3 [ 8  71:170]
 29 [ 7 180:185]
131 [10 207:212]
 81 [ 9 212:217]
 40 [ 6 226:231]
106 [10 231:236]
  7 [ 7 300:305]
 -3 [ 7 322:322]

y[1616] = 1.0
Vehicle: 203  Cost: 58.52
Route: 2 46 50 6 -2 
  2 [ 9  94:155]
 46 [ 5 180:185]
 50 [ 4 189:194]
  6 [ 0 300:305]
 -2 [ 0 323:323]

y[2002] = 1.0
Vehicle: 303  Cost: 76.34
Route: 3 17 89 26 121 67 -3 
  3 [ 9 100:115]
 17 [ 5 143:148]
 89 [ 8 148:153]
 26 [ 7 157:162]
121 [10 300:305]
 67 [ 6 305:310]
 -3 [ 6 348:348]

y[2371] = 1.0
Vehicle: 501  Cost: 34.63
Route: 5 52 39 83 21 93 87 -5 
  5 [10  84: 99]
 52 [ 6 113:118]
 39 [ 3 420:425]
 83 [ 7 428:433]
 21 [ 4 438:443]
 93 [ 6 443:448]
 87 [ 8 451:456]
 -5 [ 8 462:462]

y[2799] = 1.0
Vehicle: 408  Cost: 116.97
Route: 4 53 123 103 45 -4 
  4 [ 5 180:195]
 53 [ 2 200:205]
123 [ 6 255:260]
103 [10 266:271]
 45 [ 8 300:305]
 -4 [ 8 347:347]

y[3065] = 1.0
Vehicle: 409  Cost: 83.56
Route: 4 27 97 63 14 116 96 -4 
  4 [ 8  43: 58]
 27 [ 5  88: 93]
 97 [ 9  93: 98]
 63 [ 5 104:109]
 14 [ 4 116:121]
116 [ 8 135:140]
 96 [10 151:156]
 -4 [10 171:171]

y[3457] = 1.0
Vehicle: 405  Cost: 52.69
Route: 4 42 109 85 -4 
  4 [ 3  67: 82]
 42 [ 0 107:112]
109 [ 4 112:117]
 85 [ 6 180:185]
 -4 [ 6 205:205]

y[3490] = 1.0
Vehicle: 305  Cost: 24.49
Route: 3 64 58 11 -3 
  3 [10 146:161]
 64 [ 6 164:169]
 58 [ 2 300:305]
 11 [ 0 309:314]
 -3 [ 0 324:324]

y[4558] = 1.0
Vehicle: 309  Cost: 92.49
Route: 3 71 108 37 107 101 34 -3 
  3 [ 9  92:107]
 71 [ 8 138:143]
108 [ 9 300:305]
 37 [ 5 307:312]
107 [ 9 316:321]
101 [10 343:348]
 34 [ 6 348:353]
 -3 [ 6 376:376]

y[5354] = 1.0
Vehicle: 207  Cost: 55.86
Route: 2 16 57 90 13 100 -2 
  2 [10 131:146]
 16 [ 7 166:171]
 57 [ 3 173:178]
 90 [ 4 184:189]
 13 [ 1 193:198]
100 [ 4 213:218]
 -2 [ 4 227:227]

y[6106] = 1.0
Vehicle: 402  Cost: 97.55
Route: 4 32 120 66 54 118 43 86 102 -4 
  4 [ 9 173:188]
 32 [ 6 206:211]
120 [ 9 225:230]
 66 [ 5 230:235]
 54 [ 4 300:305]
118 [ 8 305:310]
 43 [ 7 328:333]
 86 [ 9 342:347]
102 [10 420:425]
 -4 [10 444:444]

y[8033] = 1.0
Vehicle: 403  Cost: 153.32
Route: 4 70 124 59 47 113 112 55 110 -4 
  4 [ 9  43: 58]
 70 [ 7 112:117]
124 [10 117:122]
 59 [ 9 180:185]
 47 [ 5 226:231]
113 [ 7 231:236]
112 [10 300:305]
 55 [ 8 318:323]
110 [ 9 330:335]
 -4 [ 9 354:354]

y[8197] = 1.0
Vehicle: 307  Cost: 124.97
Route: 3 35 69 78 95 82 132 33 -3 
  3 [ 9  71: 86]
 35 [ 8  96:101]
 69 [ 5 103:108]
 78 [ 4 123:128]
 95 [ 8 164:169]
 82 [ 6 184:189]
132 [10 189:194]
 33 [ 8 300:305]
 -3 [ 8 325:325]

y[8262] = 1.0
Vehicle: 204  Cost: 55.75
Route: 2 19 60 119 15 88 68 122 125 -2 
  2 [10  66:165]
 19 [ 9 180:185]
 60 [ 5 300:305]
119 [ 7 305:310]
 15 [ 5 313:318]
 88 [ 8 318:323]
 68 [ 5 328:333]
122 [ 6 333:338]
125 [ 9 344:349]
 -2 [ 9 363:363]

y[8587] = 1.0
Vehicle: 503  Cost: 37.75
Route: 5 111 44 115 -5 
  5 [ 4  82: 97]
111 [ 8 115:120]
 44 [ 4 120:125]
115 [ 8 300:305]
 -5 [ 8 314:314]

y[9242] = 1.0
Vehicle: 201  Cost: 84.82
Route: 2 28 98 9 25 8 -2 
  2 [10  45:283]
 28 [ 8 300:305]
 98 [ 9 305:310]
  9 [ 5 325:330]
 25 [ 4 339:344]
  8 [ 1 355:360]
 -2 [ 1 392:392]

y[11175] = 1.0
Vehicle: 504  Cost: 4.47
Route: 5 79 129 -5 
  5 [ 4 264:279]
 79 [ 0 281:286]
129 [ 4 286:291]
 -5 [ 4 294:294]

y[12370] = 1.0
Vehicle: 408  Cost: 138.65
Route: 4 91 31 99 49 -4 
  4 [ 5  96:115]
 91 [ 9 180:185]
 31 [ 7 187:192]
 99 [10 192:197]
 49 [ 7 300:305]
 -4 [ 7 360:360]

y[14257] = 1.0
Vehicle: 203  Cost: 97.98
Route: 2 22 74 23 48 -2 
  2 [10  94:109]
 22 [ 8 127:132]
 74 [ 5 300:305]
 23 [ 1 317:322]
 48 [ 0 333:338]
 -2 [ 0 367:367]

y[14837] = 1.0
Vehicle: 210  Cost: 63.80
Route: 2 12 61 75 76 128 -2 
  2 [ 8  45:294]
 12 [ 7 300:305]
 61 [ 4 420:425]
 75 [ 3 433:438]
 76 [ 0 442:447]
128 [ 4 447:452]
 -2 [ 4 478:478]

y[15040] = 1.0
Vehicle: 406  Cost: 47.08
Route: 4 10 117 65 73 -4 
  4 [ 9  96:111]
 10 [ 5 125:130]
117 [ 6 134:139]
 65 [ 4 180:185]
 73 [ 1 300:305]
 -4 [ 1 326:326]

y[16836] = 1.0
Vehicle: 304  Cost: 37.26
Route: 3 105 38 20 36 -3 
  3 [ 9 258:273]
105 [10 280:285]
 38 [ 9 285:290]
 20 [ 5 301:306]
 36 [ 1 312:317]
 -3 [ 1 330:330]

y[17783] = 1.0
Vehicle: 404  Cost: 42.66
Route: 4 126 72 84 -4 
  4 [ 1  43:280]
126 [ 5 300:305]
 72 [ 4 305:310]
 84 [ 8 420:425]
 -4 [ 8 444:444]

y[18549] = 1.0
Vehicle: 208  Cost: 159.85
Route: 2 30 41 18 24 94 127 56 62 104 -2 
  2 [ 8  45: 60]
 30 [ 7  79: 84]
 41 [ 6  94: 99]
 18 [ 5 107:112]
 24 [ 4 113:118]
 94 [ 5 118:123]
127 [ 6 147:152]
 56 [ 4 172:177]
 62 [ 2 420:425]
104 [ 6 467:472]
 -2 [ 6 479:479]

y[19403] = 1.0
Vehicle: 405  Cost: 79.81
Route: 4 77 51 114 80 130 92 -4 
  4 [ 9 169:184]
 77 [ 5 211:216]
 51 [ 4 300:305]
114 [ 8 305:310]
 80 [ 4 316:321]
130 [ 7 321:326]
 92 [10 342:347]
 -4 [10 364:364]

FE: 4
SE: 25
!MIP-----
2285.13968759713,5404.579759120941,0.05564862756354733,4,25,12466,19506

