--Parameters Information--
speed=1
run=5
iteration= 100000
batch=100
restartPeriod=10000
largeRemovalOccurrence=500
initialLNS=250
lowerBoundSmallRemoval=4
smallRemoval=0.2
lowerBoundLargeRemoval=0.55
largeRemoval=0.8
initialWeight=1.0
decayRate=0.1
gamma1=9.0
gamma2=5.0
gamma3=2.0
gamma4=0.0
coolingRate=0.9995
temperatureControlParameter=0.05
initialAcceptanceProbability=0.5
perturbation=0.5
perturbationFactor=0.01
split=20000

Setup: Split
Data: B_100_10_LD

Run: 1
Total Cost: 2132.84
Vehicle: 11  Cost: 134.07
Route: 1 4 -4 2 -2 -3 -5 -1 
 1 [ 57   0:  0 [10, 37, 34, 41, 79, 29, 14, 77, 67, 53, 75, 40, 78, 22, 70, 32, 59, 43, 58, 28, 17, 35, 19, 61]]
 4 [ 14  34: 34 [75, 40, 78, 43, 17, 35, 19]]
-4 [ 26  34:374 [92, 99, 115, 116, 75, 40, 107, 78, 104, 43, 17, 35, 19, 88]]
 2 [ 12 396:396 [92, 99, 115, 116, 107, 104, 88]]
-2 [ 25 396:591 [101, 92, 112, 99, 126, 117, 115, 116, 107, 104, 88]]
-3 [ 33 628:643 [101, 92, 112, 82, 99, 126, 117, 115, 116, 98, 107, 104, 89, 88]]
-5 [ 45 663:678 [101, 81, 92, 112, 82, 99, 109, 126, 117, 115, 116, 98, 107, 102, 94, 104, 89, 88]]
-1 [ 45 700:700 [101, 81, 92, 112, 82, 99, 109, 126, 117, 115, 116, 98, 107, 102, 94, 104, 89, 88]]

Vehicle: 12  Cost: 42.38
Route: 1 5 -5 -1 
 1 [ 48   0:  0 [6, 30, 80, 62, 16, 65, 39, 24, 21, 63, 11, 74, 13, 18, 52, 66, 50, 44, 45, 51]]
 5 [  0  21: 21 []]
-5 [ 23  21:388 [91, 86, 121, 125, 113, 120, 106, 118, 96, 111]]
-1 [ 23 410:410 [91, 86, 121, 125, 113, 120, 106, 118, 96, 111]]

Vehicle: 13  Cost: 82.46
Route: 1 3 -3 -1 
 1 [ 71   0:  0 [64, 9, 56, 47, 36, 42, 55, 33, 7, 57, 46, 31, 12, 8, 60, 26, 38, 69, 48, 54, 15, 72, 71, 25, 73, 20, 23, 76, 49, 68, 27]]
 3 [  0  41: 41 []]
-3 [ 39  41:359 [93, 103, 85, 108, 105, 119, 110, 87, 95, 90, 124, 114, 122, 84, 100, 123, 97, 83]]
-1 [ 39 400:400 [93, 103, 85, 108, 105, 119, 110, 87, 95, 90, 124, 114, 122, 84, 100, 123, 97, 83]]

Vehicle: 201  Cost: 74.47
Route: 2 117 19 112 43 -2 
  2 [ 5 396:411]
117 [ 9 427:432]
 19 [ 5 449:454]
112 [ 9 468:473]
 43 [ 8 484:489]
 -2 [ 8 505:505]

Vehicle: 202  Cost: 130.20
Route: 2 75 35 40 17 78 126 101 -2 
  2 [ 9 396:411]
 75 [ 8 444:449]
 35 [ 5 464:469]
 40 [ 3 477:482]
 17 [ 2 496:501]
 78 [ 0 518:523]
126 [ 4 541:546]
101 [ 5 555:560]
 -2 [ 5 576:576]

Vehicle: 301  Cost: 136.33
Route: 3 48 98 71 26 42 8 -3 
  3 [10  41:254]
 48 [ 6 300:305]
 98 [ 7 310:315]
 71 [ 5 334:339]
 26 [ 4 343:348]
 42 [ 3 420:425]
  8 [ 1 426:431]
 -3 [ 1 453:453]

Vehicle: 302  Cost: 62.82
Route: 3 64 119 54 33 -3 
  3 [ 9  41: 56]
 64 [ 7  75: 80]
119 [10  80: 85]
 54 [ 7 300:305]
 33 [ 3 319:324]
 -3 [ 3 342:342]

Vehicle: 304  Cost: 82.71
Route: 3 20 82 73 76 57 89 -3 
  3 [ 8  41: 56]
 20 [ 6  77: 82]
 82 [ 9  96:101]
 73 [ 7 300:305]
 76 [ 4 319:324]
 57 [ 3 335:340]
 89 [ 7 420:425]
 -3 [ 7 429:429]

Vehicle: 305  Cost: 152.90
Route: 3 55 108 60 85 122 9 84 -3 
  3 [10  41: 56]
 55 [ 6  78: 83]
108 [ 7 112:117]
 60 [ 3 122:127]
 85 [ 6 167:172]
122 [10 173:178]
  9 [ 8 205:210]
 84 [ 9 210:215]
 -3 [ 9 244:244]

Vehicle: 306  Cost: 127.25
Route: 3 12 87 83 49 72 7 -3 
  3 [ 9  41: 56]
 12 [ 6  88: 93]
 87 [ 7  93: 98]
 83 [10 126:131]
 49 [ 6 180:185]
 72 [ 5 206:211]
  7 [ 4 300:305]
 -3 [ 4 344:344]

Vehicle: 307  Cost: 113.96
Route: 3 31 97 46 110 100 36 103 114 -3 
  3 [ 9  41: 56]
 31 [ 6 100:105]
 97 [ 8 105:110]
 46 [ 6 119:124]
110 [ 7 124:129]
100 [10 137:142]
 36 [ 6 142:147]
103 [ 9 164:169]
114 [10 183:188]
 -3 [10 210:210]

Vehicle: 308  Cost: 101.97
Route: 3 105 25 95 38 27 68 -3 
  3 [ 7  41: 56]
105 [ 9  81: 86]
 25 [ 6 100:105]
 95 [ 8 105:110]
 38 [ 7 121:126]
 27 [ 6 135:140]
 68 [ 4 300:305]
 -3 [ 4 341:341]

Vehicle: 309  Cost: 164.89
Route: 3 47 56 23 93 69 124 15 90 123 -3 
  3 [ 9  41: 56]
 47 [ 8  78: 83]
 56 [ 7 108:113]
 23 [ 6 124:129]
 93 [ 9 129:134]
 69 [ 5 142:147]
124 [ 6 154:159]
 15 [ 4 172:177]
 90 [ 8 177:182]
123 [ 9 246:251]
 -3 [ 9 266:266]

Vehicle: 401  Cost: 47.03
Route: 4 53 70 77 32 -4 
  4 [10  34: 54]
 53 [ 6  60: 65]
 70 [ 3  74: 79]
 77 [ 2 420:425]
 32 [ 0 431:436]
 -4 [ 0 451:451]

Vehicle: 402  Cost: 46.75
Route: 4 37 59 88 29 107 41 -4 
  4 [ 9  34: 49]
 37 [ 7  58: 63]
 59 [ 6  68: 73]
 88 [ 7  84: 89]
 29 [ 3 300:305]
107 [ 4 314:319]
 41 [ 2 319:324]
 -4 [ 2 332:332]

Vehicle: 403  Cost: 63.54
Route: 4 115 10 104 79 14 -4 
  4 [ 7  34: 49]
115 [ 9  59: 64]
 10 [ 6 300:305]
104 [ 9 317:322]
 79 [ 8 328:333]
 14 [ 5 342:347]
 -4 [ 5 359:359]

Vehicle: 404  Cost: 78.46
Route: 4 34 99 58 116 92 67 -4 
  4 [ 9  34: 49]
 34 [ 5  68: 73]
 99 [ 7  73: 78]
 58 [ 3  98:103]
116 [ 4 103:108]
 92 [ 6 180:185]
 67 [ 5 198:203]
 -4 [ 5 223:223]

Vehicle: 405  Cost: 36.01
Route: 4 28 22 61 -4 
  4 [ 8  34: 49]
 28 [ 4  65: 70]
 22 [ 1 300:305]
 61 [ 0 313:318]
 -4 [ 0 325:325]

Vehicle: 501  Cost: 67.93
Route: 5 45 44 16 13 94 109 -5 
  5 [10  21: 36]
 45 [ 8  51: 56]
 44 [ 6  68: 73]
 16 [ 2 420:425]
 13 [ 0 438:443]
 94 [ 4 453:458]
109 [ 8 463:468]
 -5 [ 8 476:476]

Vehicle: 502  Cost: 30.27
Route: 5 125 80 51 113 24 -5 
  5 [ 9  21: 56]
125 [10  60: 65]
 80 [ 7  65: 70]
 51 [ 4 180:185]
113 [ 8 185:190]
 24 [ 5 300:305]
 -5 [ 5 310:310]

Vehicle: 503  Cost: 168.10
Route: 5 50 52 66 102 81 6 -5 
  5 [10  21:241]
 50 [ 8 300:305]
 52 [ 4 321:326]
 66 [ 1 346:351]
102 [ 4 420:425]
 81 [ 5 449:454]
  6 [ 4 454:459]
 -5 [ 4 493:493]

Vehicle: 504  Cost: 98.47
Route: 5 74 39 118 62 106 65 121 11 86 18 91 -5 
  5 [10  21: 36]
 74 [ 9  64: 69]
 39 [ 8 180:185]
118 [10 199:204]
 62 [ 8 204:209]
106 [ 9 218:223]
 65 [ 5 300:305]
121 [ 8 305:310]
 11 [ 7 318:323]
 86 [ 8 323:328]
 18 [ 7 360:365]
 91 [ 9 365:370]
 -5 [ 9 373:373]

Vehicle: 506  Cost: 89.86
Route: 5 30 96 21 120 111 63 -5 
  5 [ 9  21:156]
 30 [ 5 180:185]
 96 [ 9 185:190]
 21 [ 5 202:207]
120 [ 9 222:227]
111 [10 238:243]
 63 [ 9 300:305]
 -5 [ 9 325:325]

Total Cost: 2132.84
 11:134.07, 57:75 [1, 4, -4, 2, -2, -3, -5, -1]
 12:42.38, 48:75 [1, 5, -5, -1]
 13:82.46, 71:75 [1, 3, -3, -1]
201:74.47, 9:10 [2, 117, 19, 112, 43, -2]
202:130.20, 9:10 [2, 75, 35, 40, 17, 78, 126, 101, -2]
301:136.33, 10:10 [3, 48, 98, 71, 26, 42, 8, -3]
302:62.82, 10:10 [3, 64, 119, 54, 33, -3]
304:82.71, 9:10 [3, 20, 82, 73, 76, 57, 89, -3]
305:152.90, 10:10 [3, 55, 108, 60, 85, 122, 9, 84, -3]
306:127.25, 10:10 [3, 12, 87, 83, 49, 72, 7, -3]
307:113.96, 10:10 [3, 31, 97, 46, 110, 100, 36, 103, 114, -3]
308:101.97, 9:10 [3, 105, 25, 95, 38, 27, 68, -3]
309:164.89, 9:10 [3, 47, 56, 23, 93, 69, 124, 15, 90, 123, -3]
401:47.03, 10:10 [4, 53, 70, 77, 32, -4]
402:46.75, 9:10 [4, 37, 59, 88, 29, 107, 41, -4]
403:63.54, 9:10 [4, 115, 10, 104, 79, 14, -4]
404:78.46, 9:10 [4, 34, 99, 58, 116, 92, 67, -4]
405:36.01, 8:10 [4, 28, 22, 61, -4]
501:67.93, 10:10 [5, 45, 44, 16, 13, 94, 109, -5]
502:30.27, 10:10 [5, 125, 80, 51, 113, 24, -5]
503:168.10, 10:10 [5, 50, 52, 66, 102, 81, 6, -5]
504:98.47, 10:10 [5, 74, 39, 118, 62, 106, 65, 121, 11, 86, 18, 91, -5]
506:89.86, 10:10 [5, 30, 96, 21, 120, 111, 63, -5]
fe: 3, se: 20

!ALNS------------
100000,2132.843721397476,477.366,475.3,3,20,0.7822222222222223,0.95,40.333333333333336,6.05
13 30 25 11 0 2 8 3 
11.590436035429102 25.929092666220747 13.591637184494713 13.669130179594376 38.78265714485224 48.856940013976114 17.990778319397972 17.9411952725084 
5 21 10 8 11 6 25 6 
15.696767633736096 16.537423069434517 14.576553319177032 16.920544591606024 18.38820113062019 18.86469850097819 16.631204491160926 18.5811676476268 

x[233] = 1.0
Vehicle: 11  Cost: 143.86
Route: 1 2 4 -4 -2 -1 
 1 [ 69   0:  0 [40, 7, 17, 29, 63, 41, 61, 37, 10, 79, 78, 74, 58, 43, 35, 14, 22, 34, 30, 75, 21, 28, 77, 59, 70, 13, 53, 19, 39, 67]]
 2 [ 50  50: 65 [29, 63, 41, 61, 37, 10, 79, 74, 58, 14, 22, 30, 21, 28, 77, 59, 70, 13, 53, 39, 67]]
 4 [  0  87: 87 []]
-4 [ 28  87:463 [116, 96, 120, 107, 115, 94, 109, 92, 104, 99, 88]]
-2 [ 44 485:581 [116, 96, 120, 112, 107, 115, 94, 117, 126, 101, 109, 92, 104, 99, 102, 88]]
-1 [ 44 631:631 [116, 96, 120, 112, 107, 115, 94, 117, 126, 101, 109, 92, 104, 99, 102, 88]]

x[1059] = 1.0
Vehicle: 13  Cost: 82.46
Route: 1 3 -3 -1 
 1 [ 75   0:  0 [47, 46, 73, 49, 56, 42, 69, 71, 20, 9, 48, 64, 8, 15, 23, 6, 55, 33, 54, 60, 26, 31, 36, 12, 76, 66, 52, 68, 57, 72, 50]]
 3 [  0  41: 41 []]
-3 [ 35  41:320 [85, 100, 90, 123, 122, 103, 97, 114, 110, 108, 87, 124, 93, 84, 83, 119]]
-1 [ 35 361:361 [85, 100, 90, 123, 122, 103, 97, 114, 110, 108, 87, 124, 93, 84, 83, 119]]

x[5964] = 1.0
Vehicle: 12  Cost: 42.38
Route: 1 5 -5 -1 
 1 [ 32   0:  0 [18, 45, 51, 16, 62, 25, 32, 44, 38, 65, 80, 11, 24, 27]]
 5 [  0  21: 21 []]
-5 [ 16  21:371 [113, 125, 95, 91, 106, 86, 105, 118, 111]]
-1 [ 16 392:392 [113, 125, 95, 91, 106, 86, 105, 118, 111]]

x[12457] = 1.0
Vehicle: 14  Cost: 82.64
Route: 1 -5 -3 -1 
 1 [  0   0:  0 []]
-5 [  5  21:462 [95, 121]]
-3 [ 18 482:499 [98, 89, 81, 84, 95, 121, 82, 102]]
-1 [ 18 540:540 [98, 89, 81, 84, 95, 121, 82, 102]]

y[97] = 1.0
Vehicle: 309  Cost: 164.89
Route: 3 47 56 23 93 69 124 90 15 123 -3 
  3 [ 9  41: 56]
 47 [ 8  78: 83]
 56 [ 7 108:113]
 23 [ 6 124:129]
 93 [ 9 129:134]
 69 [ 5 142:147]
124 [ 6 154:159]
 90 [10 172:177]
 15 [ 8 177:182]
123 [ 9 246:251]
 -3 [ 9 266:266]

y[763] = 1.0
Vehicle: 201  Cost: 80.11
Route: 2 34 43 112 19 117 -2 
  2 [ 9 210:225]
 34 [ 5 228:233]
 43 [ 4 300:305]
112 [ 8 420:425]
 19 [ 4 439:444]
117 [ 8 461:466]
 -2 [ 8 483:483]

y[1317] = 1.0
Vehicle: 402  Cost: 43.18
Route: 4 37 59 88 29 -4 
  4 [ 7  87:102]
 37 [ 5 111:116]
 59 [ 4 121:126]
 88 [ 5 137:142]
 29 [ 1 300:305]
 -4 [ 1 318:318]

y[3280] = 1.0
Vehicle: 201  Cost: 138.81
Route: 2 7 78 17 40 35 75 126 101 -2 
  2 [10  71:261]
  7 [ 9 300:305]
 78 [ 7 420:425]
 17 [ 6 442:447]
 40 [ 4 461:466]
 35 [ 1 474:479]
 75 [ 0 494:499]
126 [ 4 516:521]
101 [ 5 531:536]
 -2 [ 5 551:551]

y[4396] = 1.0
Vehicle: 307  Cost: 47.62
Route: 3 33 42 8 -3 
  3 [ 7  56:283]
 33 [ 3 300:305]
 42 [ 2 420:425]
  8 [ 0 426:431]
 -3 [ 0 453:453]

y[4482] = 1.0
Vehicle: 403  Cost: 68.30
Route: 4 28 10 104 79 107 41 -4 
  4 [10 118:133]
 28 [ 6 150:155]
 10 [ 3 300:305]
104 [ 6 317:322]
 79 [ 5 328:333]
107 [ 6 347:352]
 41 [ 4 352:357]
 -4 [ 4 365:365]

y[5987] = 1.0
Vehicle: 404  Cost: 94.51
Route: 4 67 99 58 116 92 30 96 -4 
  4 [ 9  87:102]
 67 [ 8 122:127]
 99 [10 134:139]
 58 [ 6 159:164]
116 [ 7 164:169]
 92 [ 9 180:185]
 30 [ 5 196:201]
 96 [ 9 201:206]
 -4 [ 9 236:236]

y[6792] = 1.0
Vehicle: 303  Cost: 136.14
Route: 3 54 26 71 98 48 -3 
  3 [10  41:269]
 54 [ 7 300:305]
 26 [ 6 336:341]
 71 [ 4 345:350]
 98 [ 5 369:374]
 48 [ 1 379:384]
 -3 [ 1 430:430]

y[8759] = 1.0
Vehicle: 306  Cost: 129.25
Route: 3 50 52 66 102 6 81 -3 
  3 [10  41:261]
 50 [ 8 300:305]
 52 [ 4 321:326]
 66 [ 1 346:351]
102 [ 4 420:425]
  6 [ 3 449:454]
 81 [ 4 454:459]
 -3 [ 4 474:474]

y[8859] = 1.0
Vehicle: 402  Cost: 31.89
Route: 4 53 70 120 -4 
  4 [ 7  87:102]
 53 [ 3 108:113]
 70 [ 0 122:127]
120 [ 4 135:140]
 -4 [ 4 149:149]

y[10066] = 1.0
Vehicle: 405  Cost: 34.09
Route: 4 115 14 22 61 -4 
  4 [ 7  87:102]
115 [ 9 112:117]
 14 [ 6 300:305]
 22 [ 3 312:317]
 61 [ 2 325:330]
 -4 [ 2 337:337]

y[10751] = 1.0
Vehicle: 307  Cost: 148.05
Route: 3 49 83 60 108 103 64 119 -3 
  3 [10  56:118]
 49 [ 6 180:185]
 83 [ 9 189:194]
 60 [ 5 217:222]
108 [ 6 227:232]
103 [ 9 247:252]
 64 [ 7 271:276]
119 [10 276:281]
 -3 [10 301:301]

y[12052] = 1.0
Vehicle: 305  Cost: 123.25
Route: 3 55 12 122 85 72 87 9 84 -3 
  3 [10  41: 56]
 55 [ 6  78: 83]
 12 [ 3 101:106]
122 [ 7 129:134]
 85 [10 136:141]
 72 [ 9 180:185]
 87 [10 194:199]
  9 [ 8 203:208]
 84 [ 9 208:213]
 -3 [ 9 242:242]

y[13150] = 1.0
Vehicle: 503  Cost: 53.19
Route: 5 111 32 -5 
  5 [ 2 105:120]
111 [ 3 140:145]
 32 [ 1 300:305]
 -5 [ 1 331:331]

y[13427] = 1.0
Vehicle: 504  Cost: 112.45
Route: 5 45 105 38 27 25 95 106 118 62 86 11 -5 
  5 [10  21: 36]
 45 [ 8  51: 56]
105 [10  68: 73]
 38 [ 9  80: 85]
 27 [ 8  94: 99]
 25 [ 5 116:121]
 95 [ 7 121:126]
106 [ 8 130:135]
118 [10 144:149]
 62 [ 8 149:154]
 86 [ 9 300:305]
 11 [ 8 305:310]
 -5 [ 8 345:345]

y[13640] = 1.0
Vehicle: 505  Cost: 83.35
Route: 5 44 65 121 16 -5 
  5 [10  76: 91]
 44 [ 8 119:124]
 65 [ 4 300:305]
121 [ 7 305:310]
 16 [ 3 420:425]
 -5 [ 3 447:447]

y[13925] = 1.0
Vehicle: 303  Cost: 92.49
Route: 3 20 76 73 68 57 89 -3 
  3 [10  41: 56]
 20 [ 8  77: 82]
 76 [ 5 300:305]
 73 [ 3 319:324]
 68 [ 1 335:340]
 57 [ 0 364:369]
 89 [ 4 420:425]
 -3 [ 4 429:429]

y[14959] = 1.0
Vehicle: 502  Cost: 33.43
Route: 5 80 125 51 113 24 91 18 -5 
  5 [10  21: 56]
 80 [ 7  60: 65]
125 [ 8  65: 70]
 51 [ 5 180:185]
113 [ 9 185:190]
 24 [ 6 300:305]
 91 [ 8 310:315]
 18 [ 7 315:320]
 -5 [ 7 323:323]

y[16494] = 1.0
Vehicle: 401  Cost: 136.08
Route: 4 21 74 39 13 94 109 77 63 -4 
  4 [10  87:102]
 21 [ 6 121:126]
 74 [ 5 176:181]
 39 [ 4 183:188]
 13 [ 2 300:305]
 94 [ 6 315:320]
109 [10 325:330]
 77 [ 9 420:425]
 63 [ 8 429:434]
 -4 [ 8 448:448]

y[17270] = 1.0
Vehicle: 307  Cost: 121.61
Route: 3 114 31 97 36 100 46 110 82 -3 
  3 [ 9  41: 56]
114 [10  78: 83]
 31 [ 7 108:113]
 97 [ 9 113:118]
 36 [ 5 120:125]
100 [ 8 125:130]
 46 [ 6 139:144]
110 [ 7 144:149]
 82 [10 181:186]
 -3 [10 218:218]

FE: 4
SE: 20
!MIP-----
2224.052462624052,5400.448261022568,0.10356694003801417,4,20,16094,17486

Run: 2
Total Cost: 2055.22
Vehicle: 11  Cost: 134.07
Route: 1 4 2 -2 -3 -5 -1 
 1 [ 66   0:  0 [75, 29, 52, 22, 23, 77, 50, 69, 78, 59, 79, 19, 61, 35, 32, 43, 66, 7, 53, 14, 37, 34, 17, 40, 63, 10, 41, 28, 67]]
 4 [ 43  34: 49 [75, 52, 23, 50, 69, 78, 59, 79, 19, 35, 43, 66, 7, 37, 34, 17, 40, 10, 41, 67]]
 2 [  0  71: 71 []]
-2 [ 29  71:560 [115, 117, 102, 104, 99, 112, 88, 93, 107, 126, 116, 101]]
-3 [ 35 597:612 [115, 117, 102, 104, 99, 89, 112, 88, 93, 98, 107, 126, 116, 81, 101]]
-5 [ 39 632:647 [113, 115, 117, 102, 104, 99, 112, 88, 93, 89, 98, 107, 126, 116, 81, 101]]
-1 [ 39 668:668 [115, 117, 102, 104, 99, 89, 112, 88, 93, 113, 98, 107, 126, 116, 81, 101]]

Vehicle: 13  Cost: 82.46
Route: 1 3 -3 -1 
 1 [ 70   0:  0 [73, 71, 31, 57, 33, 15, 42, 54, 8, 20, 46, 60, 68, 55, 26, 48, 72, 49, 56, 36, 27, 64, 76, 30, 58, 12, 9, 47, 6]]
 3 [  0  41: 41 []]
-3 [ 41  41:345 [90, 108, 83, 119, 114, 85, 124, 122, 100, 82, 110, 97, 103, 96, 92, 123, 84, 87]]
-1 [ 41 386:386 [90, 108, 83, 119, 114, 85, 124, 122, 100, 82, 110, 97, 103, 96, 92, 123, 84, 87]]

Vehicle: 15  Cost: 42.38
Route: 1 5 -5 -1 
 1 [ 40   0:  0 [51, 25, 62, 65, 39, 80, 11, 18, 13, 45, 24, 70, 44, 74, 16, 38, 21]]
 5 [  0  21: 21 []]
-5 [ 27  21:396 [86, 121, 105, 94, 95, 118, 91, 125, 109, 111, 120, 106]]
-1 [ 27 417:417 [86, 121, 105, 94, 95, 118, 91, 125, 109, 111, 120, 106]]

Vehicle: 201  Cost: 114.00
Route: 2 88 59 37 115 10 104 79 41 107 -2 
  2 [ 9  71: 86]
 88 [10 105:110]
 59 [ 9 121:126]
 37 [ 7 131:136]
115 [ 9 143:148]
 10 [ 6 300:305]
104 [ 9 317:322]
 79 [ 8 328:333]
 41 [ 6 347:352]
107 [ 7 352:357]
 -2 [ 7 382:382]

Vehicle: 202  Cost: 130.28
Route: 2 66 17 40 35 75 117 -2 
  2 [10  71:248]
 66 [ 7 300:305]
 17 [ 6 311:316]
 40 [ 4 330:335]
 35 [ 1 420:425]
 75 [ 0 440:445]
117 [ 4 464:469]
 -2 [ 4 485:485]

Vehicle: 203  Cost: 6.32
Route: 2 34 99 -2 
  2 [ 4  71: 86]
 34 [ 0  89: 94]
 99 [ 2  94: 99]
 -2 [ 2 102:102]

Vehicle: 205  Cost: 98.20
Route: 2 69 93 23 19 112 43 -2 
  2 [10  71: 86]
 69 [ 6 128:133]
 93 [ 9 140:145]
 23 [ 8 145:150]
 19 [ 4 300:305]
112 [ 8 420:425]
 43 [ 7 436:441]
 -2 [ 7 457:457]

Vehicle: 206  Cost: 146.39
Route: 2 67 116 7 78 52 50 102 126 101 -2 
  2 [10  71: 86]
 67 [ 9  95:100]
116 [10 118:123]
  7 [ 9 300:305]
 78 [ 7 420:425]
 52 [ 3 448:453]
 50 [ 1 469:474]
102 [ 4 485:490]
126 [ 8 510:515]
101 [ 9 524:529]
 -2 [ 9 545:545]

Vehicle: 301  Cost: 118.10
Route: 3 31 97 36 100 110 46 82 57 -3 
  3 [10  41: 56]
 31 [ 7 100:105]
 97 [ 9 105:110]
 36 [ 5 112:117]
100 [ 8 117:122]
110 [ 9 130:135]
 46 [ 7 135:140]
 82 [10 173:178]
 57 [ 9 300:305]
 -3 [ 9 319:319]

Vehicle: 302  Cost: 89.01
Route: 3 27 68 73 76 89 -3 
  3 [ 8  41: 56]
 27 [ 7  85: 90]
 68 [ 5 300:305]
 73 [ 3 316:321]
 76 [ 0 335:340]
 89 [ 4 420:425]
 -3 [ 4 429:429]

Vehicle: 303  Cost: 167.39
Route: 3 47 58 85 15 90 124 56 92 -3 
  3 [ 8  41: 56]
 47 [ 7  78: 83]
 58 [ 3  89: 94]
 85 [ 6 124:129]
 15 [ 4 151:156]
 90 [ 8 156:161]
124 [ 9 173:178]
 56 [ 8 205:210]
 92 [10 235:240]
 -3 [10 264:264]

Vehicle: 304  Cost: 69.67
Route: 3 8 54 33 81 6 -3 
  3 [10  41:279]
  8 [ 8 300:305]
 54 [ 5 315:320]
 33 [ 1 334:339]
 81 [ 2 420:425]
  6 [ 1 425:430]
 -3 [ 1 445:445]

Vehicle: 305  Cost: 34.02
Route: 3 123 30 96 -3 
  3 [ 4  41: 56]
123 [ 5  71: 76]
 30 [ 1 180:185]
 96 [ 5 185:190]
 -3 [ 5 205:205]

Vehicle: 306  Cost: 139.18
Route: 3 9 84 87 12 72 83 49 122 -3 
  3 [10  41:151]
  9 [ 8 180:185]
 84 [ 9 185:190]
 87 [10 194:199]
 12 [ 7 199:204]
 72 [ 6 213:218]
 83 [ 9 237:242]
 49 [ 5 247:252]
122 [ 9 272:277]
 -3 [ 9 330:330]

Vehicle: 307  Cost: 135.57
Route: 3 20 48 98 71 26 42 -3 
  3 [10  41: 56]
 20 [ 8  77: 82]
 48 [ 4 300:305]
 98 [ 5 310:315]
 71 [ 3 334:339]
 26 [ 2 343:348]
 42 [ 1 420:425]
 -3 [ 1 447:447]

Vehicle: 310  Cost: 109.90
Route: 3 55 114 103 60 108 64 119 -3 
  3 [10  41: 56]
 55 [ 6  78: 83]
114 [ 7  83: 88]
103 [10 102:107]
 60 [ 6 123:128]
108 [ 7 134:139]
 64 [ 5 172:177]
119 [ 8 177:182]
 -3 [ 8 201:201]

Vehicle: 401  Cost: 38.63
Route: 4 28 22 14 -4 
  4 [10  34: 49]
 28 [ 6  65: 70]
 22 [ 3 300:305]
 14 [ 0 312:317]
 -4 [ 0 328:328]

Vehicle: 402  Cost: 41.75
Route: 4 61 32 77 63 -4 
  4 [ 5  34:293]
 61 [ 4 300:305]
 32 [ 2 316:321]
 77 [ 1 420:425]
 63 [ 0 429:434]
 -4 [ 0 448:448]

Vehicle: 403  Cost: 34.57
Route: 4 53 29 -4 
  4 [ 8  34: 54]
 53 [ 4  60: 65]
 29 [ 0 300:305]
 -4 [ 0 318:318]

Vehicle: 501  Cost: 45.70
Route: 5 51 113 45 16 -5 
  5 [ 9  21:166]
 51 [ 6 180:185]
113 [10 185:190]
 45 [ 8 193:198]
 16 [ 4 420:425]
 -5 [ 4 447:447]

Vehicle: 502  Cost: 14.61
Route: 5 125 80 91 18 24 -5 
  5 [ 7  21: 56]
125 [ 8  60: 65]
 80 [ 5  65: 70]
 91 [ 7 300:305]
 18 [ 6 305:310]
 24 [ 3 315:320]
 -5 [ 3 325:325]

Vehicle: 503  Cost: 92.72
Route: 5 44 106 65 121 11 86 13 94 -5 
  5 [ 9  21: 36]
 44 [ 7  63: 68]
106 [ 8  82: 87]
 65 [ 4 300:305]
121 [ 7 305:310]
 11 [ 6 318:323]
 86 [ 7 323:328]
 13 [ 5 351:356]
 94 [ 9 366:371]
 -5 [ 9 381:381]

Vehicle: 504  Cost: 97.41
Route: 5 74 39 118 62 95 25 38 105 -5 
  5 [ 8  21: 36]
 74 [ 7  64: 69]
 39 [ 6 180:185]
118 [ 8 199:204]
 62 [ 6 204:209]
 95 [ 8 220:225]
 25 [ 5 225:230]
 38 [ 4 241:246]
105 [ 6 253:258]
 -5 [ 6 282:282]

Vehicle: 505  Cost: 72.88
Route: 5 21 70 120 111 109 -5 
  5 [ 7  21: 36]
 21 [ 3  58: 63]
 70 [ 0  70: 75]
120 [ 4  83: 88]
111 [ 5  99:104]
109 [ 9 300:305]
 -5 [ 9 313:313]

Total Cost: 2055.22
 11:134.07, 66:75 [1, 4, 2, -2, -3, -5, -1]
 13:82.46, 70:75 [1, 3, -3, -1]
 15:42.38, 40:75 [1, 5, -5, -1]
201:114.00, 10:10 [2, 88, 59, 37, 115, 10, 104, 79, 41, 107, -2]
202:130.28, 10:10 [2, 66, 17, 40, 35, 75, 117, -2]
203:6.32, 4:10 [2, 34, 99, -2]
205:98.20, 10:10 [2, 69, 93, 23, 19, 112, 43, -2]
206:146.39, 10:10 [2, 67, 116, 7, 78, 52, 50, 102, 126, 101, -2]
301:118.10, 10:10 [3, 31, 97, 36, 100, 110, 46, 82, 57, -3]
302:89.01, 8:10 [3, 27, 68, 73, 76, 89, -3]
303:167.39, 10:10 [3, 47, 58, 85, 15, 90, 124, 56, 92, -3]
304:69.67, 10:10 [3, 8, 54, 33, 81, 6, -3]
305:34.02, 5:10 [3, 123, 30, 96, -3]
306:139.18, 10:10 [3, 9, 84, 87, 12, 72, 83, 49, 122, -3]
307:135.57, 10:10 [3, 20, 48, 98, 71, 26, 42, -3]
310:109.90, 10:10 [3, 55, 114, 103, 60, 108, 64, 119, -3]
401:38.63, 10:10 [4, 28, 22, 14, -4]
402:41.75, 5:10 [4, 61, 32, 77, 63, -4]
403:34.57, 8:10 [4, 53, 29, -4]
501:45.70, 10:10 [5, 51, 113, 45, 16, -5]
502:14.61, 8:10 [5, 125, 80, 91, 18, 24, -5]
503:92.72, 9:10 [5, 44, 106, 65, 121, 11, 86, 13, 94, -5]
504:97.41, 8:10 [5, 74, 39, 118, 62, 95, 25, 38, 105, -5]
505:72.88, 9:10 [5, 21, 70, 120, 111, 109, -5]
fe: 3, se: 21

!ALNS------------
100000,2055.219566725304,357.057,316.468,3,21,0.7822222222222223,0.8761904761904762,40.333333333333336,5.761904761904762
33 23 31 22 0 2 14 0 
9.991359766109994 26.398331541910984 11.21496863093219 13.939646480785957 NaN 27.41791996771646 18.181092538895737 31.54810701737645 
13 20 18 7 6 12 40 9 
19.37592455786483 16.08463284946676 15.497249821692636 15.764498048732833 20.647889693019852 17.582661154281418 14.215384475926413 15.159526860959476 

x[149] = 1.0
Vehicle: 11  Cost: 134.07
Route: 1 4 2 -2 -3 -5 -1 
 1 [ 70   0:  0 [59, 7, 19, 34, 14, 63, 77, 67, 43, 30, 66, 37, 69, 22, 40, 79, 61, 41, 78, 35, 23, 10, 17, 32, 28, 75, 29, 50, 53, 52]]
 4 [ 46  34: 49 [59, 7, 19, 34, 14, 67, 43, 30, 66, 69, 40, 79, 78, 35, 23, 10, 17, 75, 50, 52]]
 2 [  0  71: 71 []]
-2 [ 34  71:563 [102, 92, 117, 115, 99, 93, 101, 96, 107, 104, 112, 88, 126]]
-3 [ 40 600:615 [102, 92, 117, 115, 99, 93, 101, 96, 98, 107, 104, 81, 89, 112, 88, 126]]
-5 [ 44 635:650 [113, 102, 92, 117, 115, 99, 93, 101, 96, 98, 107, 104, 81, 89, 112, 88, 126]]
-1 [ 44 671:671 [102, 92, 117, 115, 99, 93, 113, 101, 96, 98, 107, 104, 81, 89, 112, 88, 126]]

x[7417] = 1.0
Vehicle: 15  Cost: 42.38
Route: 1 5 -5 -1 
 1 [ 40   0:  0 [11, 65, 13, 74, 25, 16, 44, 70, 51, 18, 62, 80, 39, 38, 21, 24, 45]]
 5 [  0  21: 21 []]
-5 [ 31  21:396 [125, 86, 120, 106, 105, 111, 109, 118, 94, 95, 91, 113, 121]]
-1 [ 31 417:417 [125, 86, 120, 106, 105, 111, 109, 118, 94, 95, 91, 113, 121]]

x[7712] = 1.0
Vehicle: 13  Cost: 82.46
Route: 1 3 -3 -1 
 1 [ 66   0:  0 [73, 64, 72, 26, 9, 42, 6, 8, 20, 36, 55, 56, 60, 49, 48, 33, 12, 71, 27, 76, 15, 47, 46, 58, 31, 57, 54, 68]]
 3 [  0  41: 41 []]
-3 [ 40  41:358 [116, 114, 87, 103, 122, 126, 90, 119, 85, 84, 123, 124, 82, 100, 83, 97, 110, 108]]
-1 [ 40 399:399 [116, 114, 87, 103, 122, 126, 90, 119, 85, 84, 123, 124, 82, 100, 83, 97, 110, 108]]

y[1438] = 1.0
Vehicle: 307  Cost: 135.57
Route: 3 20 48 98 71 26 42 -3 
  3 [10 109:124]
 20 [ 8 144:149]
 48 [ 4 300:305]
 98 [ 5 310:315]
 71 [ 3 334:339]
 26 [ 2 343:348]
 42 [ 1 420:425]
 -3 [ 1 447:447]

y[1948] = 1.0
Vehicle: 503  Cost: 14.61
Route: 5 125 80 91 18 24 -5 
  5 [ 7  21: 56]
125 [ 8  60: 65]
 80 [ 5  65: 70]
 91 [ 7 300:305]
 18 [ 6 305:310]
 24 [ 3 315:320]
 -5 [ 3 325:325]

y[2052] = 1.0
Vehicle: 201  Cost: 51.73
Route: 2 34 99 67 30 96 92 -2 
  2 [ 9 120:135]
 34 [ 5 138:143]
 99 [ 7 143:148]
 67 [ 6 155:160]
 30 [ 2 180:185]
 96 [ 6 185:190]
 92 [ 8 201:206]
 -2 [ 8 222:222]

y[2169] = 1.0
Vehicle: 206  Cost: 137.04
Route: 2 101 7 78 52 50 102 126 -2 
  2 [ 9 107:284]
101 [10 300:305]
  7 [ 9 328:333]
 78 [ 7 420:425]
 52 [ 3 448:453]
 50 [ 1 469:474]
102 [ 4 485:490]
126 [ 8 510:515]
 -2 [ 8 539:539]

y[2281] = 1.0
Vehicle: 302  Cost: 89.01
Route: 3 27 68 73 76 89 -3 
  3 [ 8 102:117]
 27 [ 7 146:151]
 68 [ 5 300:305]
 73 [ 3 316:321]
 76 [ 0 335:340]
 89 [ 4 420:425]
 -3 [ 4 429:429]

y[2786] = 1.0
Vehicle: 310  Cost: 139.18
Route: 3 9 84 87 12 72 83 49 122 -3 
  3 [10  41:151]
  9 [ 8 180:185]
 84 [ 9 185:190]
 87 [10 194:199]
 12 [ 7 199:204]
 72 [ 6 213:218]
 83 [ 9 237:242]
 49 [ 5 247:252]
122 [ 9 272:277]
 -3 [ 9 330:330]

y[3572] = 1.0
Vehicle: 303  Cost: 166.54
Route: 3 47 116 58 85 15 90 124 56 123 -3 
  3 [ 8  41: 56]
 47 [ 7  78: 83]
116 [ 8  89: 94]
 58 [ 4  94: 99]
 85 [ 7 129:134]
 15 [ 5 156:161]
 90 [ 9 161:166]
124 [10 178:183]
 56 [ 9 210:215]
123 [10 248:253]
 -3 [10 268:268]

y[5889] = 1.0
Vehicle: 205  Cost: 112.01
Route: 2 88 59 115 14 10 104 79 107 -2 
  2 [ 8 126:141]
 88 [ 9 160:165]
 59 [ 8 176:181]
115 [10 190:195]
 14 [ 7 300:305]
 10 [ 4 319:324]
104 [ 7 336:341]
 79 [ 6 347:352]
107 [ 7 366:371]
 -2 [ 7 396:396]

y[7182] = 1.0
Vehicle: 404  Cost: 32.00
Route: 4 37 41 29 -4 
  4 [ 8  34: 49]
 37 [ 6  58: 63]
 41 [ 4 300:305]
 29 [ 0 314:319]
 -4 [ 0 332:332]

y[7559] = 1.0
Vehicle: 505  Cost: 45.70
Route: 5 51 113 45 16 -5 
  5 [ 9  21:166]
 51 [ 6 180:185]
113 [10 185:190]
 45 [ 8 193:198]
 16 [ 4 420:425]
 -5 [ 4 447:447]

y[8777] = 1.0
Vehicle: 205  Cost: 98.20
Route: 2 69 23 93 19 112 43 -2 
  2 [10 175:190]
 69 [ 6 232:237]
 23 [ 5 244:249]
 93 [ 8 249:254]
 19 [ 4 300:305]
112 [ 8 420:425]
 43 [ 7 436:441]
 -2 [ 7 457:457]

y[9287] = 1.0
Vehicle: 401  Cost: 36.01
Route: 4 28 22 61 -4 
  4 [ 8 116:131]
 28 [ 4 147:152]
 22 [ 1 300:305]
 61 [ 0 313:318]
 -4 [ 0 325:325]

y[11590] = 1.0
Vehicle: 503  Cost: 90.71
Route: 5 105 44 62 118 39 74 13 94 -5 
  5 [ 8  21: 36]
105 [10  60: 65]
 44 [ 8  75: 80]
 62 [ 6  90: 95]
118 [ 8  95:100]
 39 [ 7 180:185]
 74 [ 6 187:192]
 13 [ 4 300:305]
 94 [ 8 315:320]
 -5 [ 8 330:330]

y[14307] = 1.0
Vehicle: 301  Cost: 118.10
Route: 3 31 97 36 100 46 110 82 57 -3 
  3 [10  56:159]
 31 [ 7 202:207]
 97 [ 9 207:212]
 36 [ 5 215:220]
100 [ 8 220:225]
 46 [ 6 233:238]
110 [ 7 238:243]
 82 [10 275:280]
 57 [ 9 300:305]
 -3 [ 9 319:319]

y[14538] = 1.0
Vehicle: 505  Cost: 72.88
Route: 5 21 70 120 111 109 -5 
  5 [ 7  76: 91]
 21 [ 3 113:118]
 70 [ 0 126:131]
120 [ 4 138:143]
111 [ 5 154:159]
109 [ 9 300:305]
 -5 [ 9 313:313]

y[14616] = 1.0
Vehicle: 405  Cost: 43.73
Route: 4 53 63 77 32 -4 
  4 [ 8  34: 54]
 53 [ 4  60: 65]
 63 [ 3 300:305]
 77 [ 2 420:425]
 32 [ 0 431:436]
 -4 [ 0 451:451]

y[14766] = 1.0
Vehicle: 202  Cost: 130.28
Route: 2 66 17 40 35 75 117 -2 
  2 [10 291:306]
 66 [ 7 358:363]
 17 [ 6 369:374]
 40 [ 4 387:392]
 35 [ 1 420:425]
 75 [ 0 440:445]
117 [ 4 464:469]
 -2 [ 4 485:485]

y[17030] = 1.0
Vehicle: 304  Cost: 69.67
Route: 3 8 54 33 81 6 -3 
  3 [10 123:279]
  8 [ 8 300:305]
 54 [ 5 315:320]
 33 [ 1 334:339]
 81 [ 2 420:425]
  6 [ 1 425:430]
 -3 [ 1 445:445]

y[17057] = 1.0
Vehicle: 310  Cost: 109.90
Route: 3 55 114 103 60 108 64 119 -3 
  3 [10 102:117]
 55 [ 6 139:144]
114 [ 7 144:149]
103 [10 163:168]
 60 [ 6 184:189]
108 [ 7 195:200]
 64 [ 5 233:238]
119 [ 8 238:243]
 -3 [ 8 262:262]

y[17417] = 1.0
Vehicle: 503  Cost: 90.00
Route: 5 38 25 95 106 65 121 11 86 -5 
  5 [ 9  21: 36]
 38 [ 8  67: 72]
 25 [ 5  82: 87]
 95 [ 7  87: 92]
106 [ 8  97:102]
 65 [ 4 300:305]
121 [ 7 305:310]
 11 [ 6 318:323]
 86 [ 7 323:328]
 -5 [ 7 363:363]

FE: 3
SE: 20
!MIP-----
2041.777768783842,5400.244925022125,0.011287663618825487,3,20,11785,17773

Run: 3
Total Cost: 2109.38
Vehicle: 11  Cost: 105.53
Route: 1 4 2 -2 -1 
 1 [ 75   0:  0 [47, 14, 70, 46, 77, 49, 58, 12, 59, 9, 22, 67, 19, 36, 29, 72, 21, 34, 37, 53, 60, 56, 10, 63, 15, 41, 79, 23, 75, 69]]
 4 [ 51  34: 49 [47, 70, 46, 49, 58, 12, 59, 9, 67, 19, 36, 72, 21, 34, 60, 56, 15, 23, 75, 69]]
 2 [  0  71: 71 []]
-2 [ 48  71:368 [84, 108, 100, 85, 90, 99, 117, 87, 83, 101, 120, 122, 123, 88, 119, 104, 116, 110, 93, 124, 92, 107]]
-1 [ 48 418:418 [84, 108, 100, 85, 90, 99, 117, 87, 83, 101, 120, 122, 123, 88, 119, 104, 116, 110, 93, 124, 92, 107]]

Vehicle: 12  Cost: 82.64
Route: 1 3 -3 -5 -1 
 1 [ 68   0:  0 [71, 50, 8, 31, 25, 65, 57, 17, 11, 76, 42, 68, 26, 30, 55, 7, 48, 35, 52, 78, 54, 64, 33, 43, 66, 6, 20, 73, 40]]
 3 [  0  41: 41 []]
-3 [ 36  41:564 [82, 112, 81, 95, 114, 121, 96, 97, 98, 103, 86, 89, 126, 102]]
-5 [ 40 585:600 [113, 82, 112, 81, 95, 114, 121, 96, 97, 98, 103, 86, 89, 126, 102]]
-1 [ 40 621:621 [82, 112, 81, 95, 114, 121, 96, 97, 98, 113, 103, 86, 89, 126, 102]]

Vehicle: 15  Cost: 42.38
Route: 1 5 -5 -1 
 1 [ 33   0:  0 [13, 39, 51, 27, 74, 24, 32, 28, 62, 80, 18, 61, 45, 44, 38, 16]]
 5 [  0  21: 21 []]
-5 [ 19  21:373 [106, 111, 115, 118, 109, 105, 94, 125, 91]]
-1 [ 19 394:394 [106, 111, 115, 118, 109, 105, 94, 125, 91]]

Vehicle: 201  Cost: 6.32
Route: 2 34 99 -2 
  2 [ 4  71: 86]
 34 [ 0  89: 94]
 99 [ 2  94: 99]
 -2 [ 2 102:102]

Vehicle: 202  Cost: 128.14
Route: 2 21 70 120 88 59 104 107 -2 
  2 [ 8  71: 86]
 21 [ 4 104:109]
 70 [ 1 116:121]
120 [ 5 129:134]
 88 [ 6 161:166]
 59 [ 5 177:182]
104 [ 8 300:305]
107 [ 9 324:329]
 -2 [ 9 353:353]

Vehicle: 203  Cost: 108.61
Route: 2 116 58 12 87 85 23 93 75 -2 
  2 [ 9  71: 86]
116 [10 105:110]
 58 [ 6 110:115]
 12 [ 3 131:136]
 87 [ 4 136:141]
 85 [ 7 166:171]
 23 [ 6 182:187]
 93 [ 9 187:192]
 75 [ 8 300:305]
 -2 [ 8 338:338]

Vehicle: 204  Cost: 171.73
Route: 2 60 108 110 46 36 100 119 92 -2 
  2 [10  71: 86]
 60 [ 6 150:155]
108 [ 7 160:165]
110 [ 8 185:190]
 46 [ 6 190:195]
 36 [ 2 203:208]
100 [ 5 208:213]
119 [ 8 239:244]
 92 [10 276:281]
 -2 [10 297:297]

Vehicle: 206  Cost: 121.32
Route: 2 69 15 90 124 19 117 -2 
  2 [10  71: 86]
 69 [ 6 128:133]
 15 [ 4 150:155]
 90 [ 8 155:160]
124 [ 9 172:177]
 19 [ 5 300:305]
117 [ 9 322:327]
 -2 [ 9 343:343]

Vehicle: 207  Cost: 147.89
Route: 2 67 123 47 9 84 72 83 49 122 56 101 -2 
  2 [10  71: 86]
 67 [ 9  95:100]
123 [10 116:121]
 47 [ 9 131:136]
  9 [ 7 180:185]
 84 [ 8 185:190]
 72 [ 7 203:208]
 83 [10 227:232]
 49 [ 6 236:241]
122 [10 262:267]
 56 [ 9 278:283]
101 [10 300:305]
 -2 [10 321:321]

Vehicle: 301  Cost: 126.60
Route: 3 7 78 102 52 50 6 81 -3 
  3 [10  41:261]
  7 [ 9 300:305]
 78 [ 7 420:425]
102 [10 430:435]
 52 [ 6 457:462]
 50 [ 4 478:483]
  6 [ 3 508:513]
 81 [ 4 513:518]
 -3 [ 4 534:534]

Vehicle: 302  Cost: 77.39
Route: 3 55 114 103 54 42 8 -3 
  3 [10  41: 56]
 55 [ 6  78: 83]
114 [ 7  83: 88]
103 [10 102:107]
 54 [ 7 300:305]
 42 [ 6 420:425]
  8 [ 4 426:431]
 -3 [ 4 453:453]

Vehicle: 303  Cost: 191.44
Route: 3 66 17 40 35 112 43 126 -3 
  3 [10  41:246]
 66 [ 7 300:305]
 17 [ 6 311:316]
 40 [ 4 330:335]
 35 [ 1 420:425]
112 [ 5 459:464]
 43 [ 4 474:479]
126 [ 8 507:512]
 -3 [ 8 549:549]

Vehicle: 304  Cost: 55.50
Route: 3 30 96 33 -3 
  3 [ 8  41:165]
 30 [ 4 180:185]
 96 [ 8 185:190]
 33 [ 4 300:305]
 -3 [ 4 322:322]

Vehicle: 306  Cost: 135.27
Route: 3 31 97 26 71 98 48 -3 
  3 [10  41: 56]
 31 [ 7 100:105]
 97 [ 9 105:110]
 26 [ 8 300:305]
 71 [ 6 309:314]
 98 [ 7 333:338]
 48 [ 3 343:348]
 -3 [ 3 395:395]

Vehicle: 307  Cost: 85.94
Route: 3 64 20 82 73 76 57 -3 
  3 [10  41: 56]
 64 [ 8  75: 80]
 20 [ 6  87: 92]
 82 [ 9 106:111]
 73 [ 7 300:305]
 76 [ 4 319:324]
 57 [ 3 335:340]
 -3 [ 3 355:355]

Vehicle: 309  Cost: 106.69
Route: 3 25 95 86 11 65 121 68 89 -3 
  3 [10  41: 56]
 25 [ 7  94: 99]
 95 [ 9  99:104]
 86 [10 300:305]
 11 [ 9 305:310]
 65 [ 5 318:323]
121 [ 8 323:328]
 68 [ 6 345:350]
 89 [10 420:425]
 -3 [10 429:429]

Vehicle: 401  Cost: 38.86
Route: 4 53 63 77 -4 
  4 [ 6  34: 54]
 53 [ 2  60: 65]
 63 [ 1 300:305]
 77 [ 0 420:425]
 -4 [ 0 441:441]

Vehicle: 402  Cost: 54.33
Route: 4 22 10 79 14 -4 
  4 [10  34:286]
 22 [ 7 300:305]
 10 [ 4 316:321]
 79 [ 3 329:334]
 14 [ 0 344:349]
 -4 [ 0 360:360]

Vehicle: 403  Cost: 32.00
Route: 4 37 41 29 -4 
  4 [ 8  34: 49]
 37 [ 6  58: 63]
 41 [ 4 300:305]
 29 [ 0 314:319]
 -4 [ 0 332:332]

Vehicle: 501  Cost: 14.61
Route: 5 125 80 91 18 24 -5 
  5 [ 7  21: 56]
125 [ 8  60: 65]
 80 [ 5  65: 70]
 91 [ 7 300:305]
 18 [ 6 305:310]
 24 [ 3 315:320]
 -5 [ 3 325:325]

Vehicle: 503  Cost: 45.70
Route: 5 51 113 45 16 -5 
  5 [ 9  21:166]
 51 [ 6 180:185]
113 [10 185:190]
 45 [ 8 193:198]
 16 [ 4 420:425]
 -5 [ 4 447:447]

Vehicle: 504  Cost: 130.06
Route: 5 44 105 38 27 106 62 118 39 74 13 94 -5 
  5 [10  21: 36]
 44 [ 8  63: 68]
105 [10  78: 83]
 38 [ 9  90: 95]
 27 [ 8 105:110]
106 [ 9 131:136]
 62 [ 7 144:149]
118 [ 9 149:154]
 39 [ 8 180:185]
 74 [ 7 187:192]
 13 [ 5 300:305]
 94 [ 9 315:320]
 -5 [ 9 330:330]

Vehicle: 505  Cost: 100.41
Route: 5 111 28 115 61 32 109 -5 
  5 [ 7  21: 36]
111 [ 8  56: 61]
 28 [ 4  82: 87]
115 [ 6  97:102]
 61 [ 5 300:305]
 32 [ 3 316:321]
109 [ 7 345:350]
 -5 [ 7 358:358]

Total Cost: 2109.38
 11:105.53, 75:75 [1, 4, 2, -2, -1]
 12:82.64, 68:75 [1, 3, -3, -5, -1]
 15:42.38, 33:75 [1, 5, -5, -1]
201:6.32, 4:10 [2, 34, 99, -2]
202:128.14, 9:10 [2, 21, 70, 120, 88, 59, 104, 107, -2]
203:108.61, 10:10 [2, 116, 58, 12, 87, 85, 23, 93, 75, -2]
204:171.73, 10:10 [2, 60, 108, 110, 46, 36, 100, 119, 92, -2]
206:121.32, 10:10 [2, 69, 15, 90, 124, 19, 117, -2]
207:147.89, 10:10 [2, 67, 123, 47, 9, 84, 72, 83, 49, 122, 56, 101, -2]
301:126.60, 10:10 [3, 7, 78, 102, 52, 50, 6, 81, -3]
302:77.39, 10:10 [3, 55, 114, 103, 54, 42, 8, -3]
303:191.44, 10:10 [3, 66, 17, 40, 35, 112, 43, 126, -3]
304:55.50, 8:10 [3, 30, 96, 33, -3]
306:135.27, 10:10 [3, 31, 97, 26, 71, 98, 48, -3]
307:85.94, 10:10 [3, 64, 20, 82, 73, 76, 57, -3]
309:106.69, 10:10 [3, 25, 95, 86, 11, 65, 121, 68, 89, -3]
401:38.86, 6:10 [4, 53, 63, 77, -4]
402:54.33, 10:10 [4, 22, 10, 79, 14, -4]
403:32.00, 8:10 [4, 37, 41, 29, -4]
501:14.61, 8:10 [5, 125, 80, 91, 18, 24, -5]
503:45.70, 10:10 [5, 51, 113, 45, 16, -5]
504:130.06, 10:10 [5, 44, 105, 38, 27, 106, 62, 118, 39, 74, 13, 94, -5]
505:100.41, 8:10 [5, 111, 28, 115, 61, 32, 109, -5]
fe: 3, se: 20

!ALNS------------
100000,2109.3780722141787,418.688,185.867,3,20,0.7822222222222223,0.905,40.333333333333336,6.05
14 6 16 11 0 0 10 0 
11.461754783815293 26.3885609555275 14.44492055392441 14.27063178441843 126.62477364943447 29.395877193257945 18.26761251037289 33.93172985761595 
9 8 4 7 7 5 17 0 
18.609930082523363 18.04767244383047 16.666315561368947 18.82340809609167 15.381412154348773 18.641616901196723 18.82734402963274 18.65919877232303 

x[2156] = 1.0
Vehicle: 12  Cost: 82.64
Route: 1 3 -3 -5 -1 
 1 [ 67   0:  0 [26, 35, 48, 6, 40, 17, 30, 54, 71, 66, 73, 57, 7, 20, 60, 55, 78, 33, 68, 76, 11, 42, 52, 50, 8, 65, 44, 64]]
 3 [  0  41: 41 []]
-3 [ 35  41:551 [86, 102, 81, 92, 114, 96, 112, 103, 89, 121, 108, 126, 98, 82]]
-5 [ 43 571:586 [86, 102, 81, 92, 114, 96, 94, 112, 103, 109, 89, 121, 108, 126, 98, 82]]
-1 [ 43 607:607 [86, 102, 81, 92, 114, 96, 94, 112, 103, 109, 89, 121, 108, 126, 98, 82]]

x[4669] = 1.0
Vehicle: 15  Cost: 42.38
Route: 1 5 -5 -1 
 1 [ 35   0:  0 [62, 13, 14, 38, 25, 39, 24, 16, 45, 18, 51, 80, 74, 27, 28, 61]]
 5 [  0  21: 21 []]
-5 [ 20  21:389 [95, 91, 125, 104, 105, 118, 106, 113, 111, 115]]
-1 [ 20 410:410 [95, 91, 125, 104, 105, 118, 106, 113, 111, 115]]

x[6968] = 1.0
Vehicle: 11  Cost: 105.53
Route: 1 4 2 -2 -1 
 1 [ 74   0:  0 [23, 31, 77, 59, 37, 19, 67, 22, 43, 36, 29, 69, 46, 49, 41, 53, 34, 9, 75, 15, 10, 63, 58, 79, 56, 21, 70, 32, 47, 72, 12]]
 4 [ 57  34: 49 [23, 31, 19, 67, 43, 36, 29, 69, 46, 49, 41, 53, 34, 9, 75, 15, 58, 56, 21, 47, 72, 12]]
 2 [  0  71: 71 []]
-2 [ 44  71:368 [119, 85, 101, 120, 123, 107, 84, 110, 88, 87, 124, 100, 93, 97, 99, 122, 116, 117, 83, 90]]
-1 [ 44 418:418 [119, 85, 101, 120, 123, 107, 84, 110, 88, 87, 124, 100, 93, 97, 99, 122, 116, 117, 83, 90]]

y[928] = 1.0
Vehicle: 401  Cost: 58.99
Route: 4 37 59 79 10 22 -4 
  4 [10  34: 49]
 37 [ 8  58: 63]
 59 [ 7  68: 73]
 79 [ 6 300:305]
 10 [ 3 314:319]
 22 [ 0 329:334]
 -4 [ 0 348:348]

y[1263] = 1.0
Vehicle: 504  Cost: 115.18
Route: 5 74 39 118 62 106 25 95 27 38 105 18 91 -5 
  5 [10  21: 36]
 74 [ 9  64: 69]
 39 [ 8 180:185]
118 [10 199:204]
 62 [ 8 204:209]
106 [ 9 218:223]
 25 [ 6 227:232]
 95 [ 8 232:237]
 27 [ 7 254:259]
 38 [ 6 269:274]
105 [ 8 281:286]
 18 [ 7 306:311]
 91 [ 9 311:316]
 -5 [ 9 320:320]

y[3738] = 1.0
Vehicle: 304  Cost: 183.39
Route: 3 7 66 17 40 35 112 126 -3 
  3 [10  91:261]
  7 [ 9 300:305]
 66 [ 6 321:326]
 17 [ 5 332:337]
 40 [ 3 351:356]
 35 [ 0 420:425]
112 [ 4 459:464]
126 [ 8 493:498]
 -3 [ 8 536:536]

y[4850] = 1.0
Vehicle: 505  Cost: 57.96
Route: 5 45 16 13 94 109 -5 
  5 [ 8  76: 91]
 45 [ 6 107:112]
 16 [ 2 420:425]
 13 [ 0 438:443]
 94 [ 4 453:458]
109 [ 8 463:468]
 -5 [ 8 476:476]

y[4887] = 1.0
Vehicle: 307  Cost: 85.94
Route: 3 64 20 82 73 76 57 -3 
  3 [10  95:110]
 64 [ 8 130:135]
 20 [ 6 141:146]
 82 [ 9 160:165]
 73 [ 7 300:305]
 76 [ 4 319:324]
 57 [ 3 335:340]
 -3 [ 3 355:355]

y[5266] = 1.0
Vehicle: 201  Cost: 121.32
Route: 2 69 15 90 124 19 117 -2 
  2 [10  77: 92]
 69 [ 6 134:139]
 15 [ 4 156:161]
 90 [ 8 161:166]
124 [ 9 178:183]
 19 [ 5 300:305]
117 [ 9 322:327]
 -2 [ 9 343:343]

y[5606] = 1.0
Vehicle: 205  Cost: 59.42
Route: 2 34 99 88 29 107 41 -2 
  2 [10  75: 90]
 34 [ 6  94: 99]
 99 [ 8  99:104]
 88 [ 9 122:127]
 29 [ 5 300:305]
107 [ 6 314:319]
 41 [ 4 319:324]
 -2 [ 4 348:348]

y[7041] = 1.0
Vehicle: 203  Cost: 108.48
Route: 2 116 58 56 85 23 93 75 43 -2 
  2 [ 8  75: 90]
116 [ 9 110:115]
 58 [ 5 115:120]
 56 [ 4 139:144]
 85 [ 7 156:161]
 23 [ 6 173:178]
 93 [ 9 178:183]
 75 [ 8 300:305]
 43 [ 7 332:337]
 -2 [ 7 353:353]

y[8360] = 1.0
Vehicle: 309  Cost: 102.70
Route: 3 44 11 86 65 121 68 89 -3 
  3 [ 9  41: 56]
 44 [ 7  89: 94]
 11 [ 6 300:305]
 86 [ 7 305:310]
 65 [ 3 318:323]
121 [ 6 323:328]
 68 [ 4 345:350]
 89 [ 8 420:425]
 -3 [ 8 429:429]

y[8993] = 1.0
Vehicle: 302  Cost: 77.39
Route: 3 55 114 103 54 42 8 -3 
  3 [10 207:222]
 55 [ 6 244:249]
114 [ 7 249:254]
103 [10 268:273]
 54 [ 7 300:305]
 42 [ 6 420:425]
  8 [ 4 426:431]
 -3 [ 4 453:453]

y[10179] = 1.0
Vehicle: 202  Cost: 59.23
Route: 2 67 21 120 53 -2 
  2 [ 9  71: 86]
 67 [ 8  95:100]
 21 [ 4 109:114]
120 [ 8 129:134]
 53 [ 4 142:147]
 -2 [ 4 165:165]

y[10370] = 1.0
Vehicle: 204  Cost: 159.69
Route: 2 47 36 100 110 46 97 31 119 123 -2 
  2 [10  71: 86]
 47 [ 9 109:114]
 36 [ 5 159:164]
100 [ 8 164:169]
110 [ 9 178:183]
 46 [ 7 183:188]
 97 [ 9 197:202]
 31 [ 6 202:207]
119 [ 9 231:236]
123 [10 262:267]
 -2 [10 290:290]

y[11518] = 1.0
Vehicle: 207  Cost: 133.80
Route: 2 9 84 87 12 72 83 49 122 101 -2 
  2 [10  50:144]
  9 [ 8 180:185]
 84 [ 9 185:190]
 87 [10 194:199]
 12 [ 7 199:204]
 72 [ 6 213:218]
 83 [ 9 237:242]
 49 [ 5 247:252]
122 [ 9 272:277]
101 [10 302:307]
 -2 [10 323:323]

y[13033] = 1.0
Vehicle: 401  Cost: 45.20
Route: 4 70 63 77 32 -4 
  4 [ 7 114:129]
 70 [ 4 142:147]
 63 [ 3 300:305]
 77 [ 2 420:425]
 32 [ 0 431:436]
 -4 [ 0 451:451]

y[13268] = 1.0
Vehicle: 501  Cost: 30.27
Route: 5 125 80 51 113 24 -5 
  5 [ 9  21: 56]
125 [10  60: 65]
 80 [ 7  65: 70]
 51 [ 4 180:185]
113 [ 8 185:190]
 24 [ 5 300:305]
 -5 [ 5 310:310]

y[15738] = 1.0
Vehicle: 301  Cost: 134.53
Route: 3 60 108 52 78 102 -3 
  3 [10  41: 56]
 60 [ 6 108:113]
108 [ 7 119:124]
 52 [ 3 300:305]
 78 [ 1 420:425]
102 [ 4 430:435]
 -3 [ 4 474:474]

y[15780] = 1.0
Vehicle: 304  Cost: 68.08
Route: 3 30 96 92 33 -3 
  3 [ 8  91:165]
 30 [ 4 180:185]
 96 [ 8 185:190]
 92 [10 201:206]
 33 [ 6 300:305]
 -3 [ 6 322:322]

y[15901] = 1.0
Vehicle: 505  Cost: 125.79
Route: 5 111 28 115 104 14 61 -5 
  5 [ 8  76: 91]
111 [ 9 111:116]
 28 [ 5 137:142]
115 [ 7 152:157]
104 [10 300:305]
 14 [ 7 320:325]
 61 [ 6 334:339]
 -5 [ 6 374:374]

y[17707] = 1.0
Vehicle: 301  Cost: 149.42
Route: 3 48 98 71 26 50 81 6 -3 
  3 [10  41:254]
 48 [ 6 300:305]
 98 [ 7 310:315]
 71 [ 5 334:339]
 26 [ 4 343:348]
 50 [ 2 382:387]
 81 [ 3 420:425]
  6 [ 2 425:430]
 -3 [ 2 445:445]

FE: 3
SE: 19
!MIP-----
2107.3338241654383,5403.754940986633,0.041277404300185304,3,19,11325,17883

Run: 4
Total Cost: 2061.33
Vehicle: 11  Cost: 132.79
Route: 1 4 2 -2 -4 -5 -1 
 1 [ 64   0:  0 [77, 14, 29, 78, 56, 37, 23, 79, 32, 10, 35, 21, 34, 61, 22, 59, 43, 66, 28, 40, 17, 63, 75, 53, 70, 41, 19, 67, 7]]
 4 [ 32  34: 49 [78, 56, 23, 35, 21, 34, 43, 66, 40, 17, 75, 70, 19, 67, 7]]
 2 [  0  71: 71 []]
-2 [ 25  71:503 [93, 99, 117, 126, 101, 112, 122, 102]]
-4 [ 36 525:540 [115, 93, 99, 117, 120, 107, 126, 101, 104, 112, 122, 88, 102]]
-5 [ 50 574:589 [115, 94, 93, 99, 117, 120, 107, 98, 126, 101, 89, 109, 104, 112, 81, 122, 88, 102]]
-1 [ 50 610:610 [115, 94, 93, 99, 117, 120, 107, 98, 126, 101, 89, 109, 104, 112, 81, 122, 88, 102]]

Vehicle: 12  Cost: 82.46
Route: 1 3 -3 -1 
 1 [ 69   0:  0 [15, 64, 36, 42, 6, 57, 76, 54, 73, 55, 72, 46, 30, 60, 58, 47, 69, 33, 20, 49, 31, 8, 52, 50, 12, 9]]
 3 [  0  41: 41 []]
-3 [ 38  41:346 [90, 96, 123, 85, 100, 119, 83, 103, 116, 92, 114, 82, 108, 124, 97, 110, 87, 84]]
-1 [ 38 387:387 [90, 96, 123, 85, 100, 119, 83, 103, 116, 92, 114, 82, 108, 124, 97, 110, 87, 84]]

Vehicle: 13  Cost: 42.38
Route: 1 5 -5 -1 
 1 [ 43   0:  0 [18, 80, 71, 44, 25, 45, 13, 16, 48, 27, 11, 51, 62, 74, 26, 38, 65, 24, 68, 39]]
 5 [  0  21: 21 []]
-5 [ 19  21:378 [118, 121, 91, 105, 86, 95, 106, 125, 113, 111]]
-1 [ 19 399:399 [118, 121, 91, 105, 86, 95, 106, 125, 113, 111]]

Vehicle: 201  Cost: 80.11
Route: 2 34 99 43 112 19 117 -2 
  2 [ 9  71: 86]
 34 [ 5  89: 94]
 99 [ 7  94: 99]
 43 [ 6 300:305]
112 [10 420:425]
 19 [ 6 439:444]
117 [10 461:466]
 -2 [10 483:483]

Vehicle: 202  Cost: 139.38
Route: 2 23 93 17 66 7 102 78 126 -2 
  2 [ 8  71: 86]
 23 [ 7 122:127]
 93 [10 127:132]
 17 [ 9 300:305]
 66 [ 6 311:316]
  7 [ 5 332:337]
102 [ 8 420:425]
 78 [ 6 430:435]
126 [10 453:458]
 -2 [10 483:483]

Vehicle: 203  Cost: 109.68
Route: 2 56 122 40 35 75 101 -2 
  2 [ 7  71: 86]
 56 [ 6 114:119]
122 [10 130:135]
 40 [ 8 300:305]
 35 [ 5 420:425]
 75 [ 4 440:445]
101 [ 5 468:473]
 -2 [ 5 488:488]

Vehicle: 204  Cost: 48.33
Route: 2 67 21 70 -2 
  2 [ 8  71: 86]
 67 [ 7  95:100]
 21 [ 3 109:114]
 70 [ 0 122:127]
 -2 [ 0 149:149]

Vehicle: 301  Cost: 171.08
Route: 3 12 85 69 124 15 90 72 87 -3 
  3 [10  41: 56]
 12 [ 7  88: 93]
 85 [10 118:123]
 69 [ 6 138:143]
124 [ 7 151:156]
 15 [ 5 168:173]
 90 [ 9 173:178]
 72 [ 8 216:221]
 87 [ 9 230:235]
 -3 [ 9 267:267]

Vehicle: 302  Cost: 145.40
Route: 3 9 84 49 83 60 108 103 -3 
  3 [10  41:151]
  9 [ 8 180:185]
 84 [ 9 185:190]
 49 [ 5 223:228]
 83 [ 8 233:238]
 60 [ 4 260:265]
108 [ 5 270:275]
103 [ 8 290:295]
 -3 [ 8 331:331]

Vehicle: 303  Cost: 118.10
Route: 3 31 97 36 100 110 46 82 57 -3 
  3 [10  41: 56]
 31 [ 7 100:105]
 97 [ 9 105:110]
 36 [ 5 112:117]
100 [ 8 117:122]
110 [ 9 130:135]
 46 [ 7 135:140]
 82 [10 173:178]
 57 [ 9 300:305]
 -3 [ 9 319:319]

Vehicle: 304  Cost: 89.52
Route: 3 20 73 76 8 42 -3 
  3 [10  41: 56]
 20 [ 8  77: 82]
 73 [ 6 300:305]
 76 [ 3 319:324]
  8 [ 1 336:341]
 42 [ 0 420:425]
 -3 [ 0 447:447]

Vehicle: 305  Cost: 62.18
Route: 3 123 47 116 58 92 30 96 -3 
  3 [ 9  41: 56]
123 [10  71: 76]
 47 [ 9  86: 91]
116 [10  97:102]
 58 [ 6 102:107]
 92 [ 8 180:185]
 30 [ 4 196:201]
 96 [ 8 201:206]
 -3 [ 8 221:221]

Vehicle: 306  Cost: 115.21
Route: 3 54 52 50 6 -3 
  3 [10  41:269]
 54 [ 7 300:305]
 52 [ 3 333:338]
 50 [ 1 354:359]
  6 [ 0 420:425]
 -3 [ 0 440:440]

Vehicle: 307  Cost: 54.81
Route: 3 55 114 119 64 33 -3 
  3 [10  41: 56]
 55 [ 6  78: 83]
114 [ 7  83: 88]
119 [10  97:102]
 64 [ 8 102:107]
 33 [ 4 300:305]
 -3 [ 4 322:322]

Vehicle: 401  Cost: 44.63
Route: 4 53 120 63 77 32 -4 
  4 [ 8  34: 54]
 53 [ 4  60: 65]
120 [ 8  74: 79]
 63 [ 7 300:305]
 77 [ 6 420:425]
 32 [ 4 431:436]
 -4 [ 4 451:451]

Vehicle: 402  Cost: 63.54
Route: 4 115 10 104 79 14 -4 
  4 [ 7  34: 49]
115 [ 9  59: 64]
 10 [ 6 300:305]
104 [ 9 317:322]
 79 [ 8 328:333]
 14 [ 5 342:347]
 -4 [ 5 359:359]

Vehicle: 403  Cost: 46.75
Route: 4 37 59 88 29 41 107 -4 
  4 [ 9  34: 49]
 37 [ 7  58: 63]
 59 [ 6  68: 73]
 88 [ 7  84: 89]
 29 [ 3 300:305]
 41 [ 1 314:319]
107 [ 2 319:324]
 -4 [ 2 332:332]

Vehicle: 404  Cost: 36.01
Route: 4 28 22 61 -4 
  4 [ 8  34: 49]
 28 [ 4  65: 70]
 22 [ 1 300:305]
 61 [ 0 313:318]
 -4 [ 0 325:325]

Vehicle: 501  Cost: 130.87
Route: 5 111 74 39 62 118 106 65 121 86 11 -5 
  5 [ 9  21: 36]
111 [10  56: 61]
 74 [ 9 102:107]
 39 [ 8 180:185]
 62 [ 6 199:204]
118 [ 8 204:209]
106 [ 9 218:223]
 65 [ 5 300:305]
121 [ 8 305:310]
 86 [ 9 318:323]
 11 [ 8 323:328]
 -5 [ 8 363:363]

Vehicle: 502  Cost: 14.61
Route: 5 125 80 91 18 24 -5 
  5 [ 7  21: 56]
125 [ 8  60: 65]
 80 [ 5  65: 70]
 91 [ 7 300:305]
 18 [ 6 305:310]
 24 [ 3 315:320]
 -5 [ 3 325:325]

Vehicle: 504  Cost: 58.41
Route: 5 51 16 13 94 109 -5 
  5 [ 9  21:166]
 51 [ 6 180:185]
 16 [ 2 420:425]
 13 [ 0 438:443]
 94 [ 4 453:458]
109 [ 8 463:468]
 -5 [ 8 476:476]

Vehicle: 505  Cost: 81.74
Route: 5 105 38 25 95 44 45 113 -5 
  5 [ 8  21: 36]
105 [10  60: 65]
 38 [ 9  72: 77]
 25 [ 6  88: 93]
 95 [ 8  93: 98]
 44 [ 6 109:114]
 45 [ 4 127:132]
113 [ 8 180:185]
 -5 [ 8 199:199]

Vehicle: 510  Cost: 193.34
Route: 5 27 68 48 98 71 26 81 89 -5 
  5 [10  21: 36]
 27 [ 9  73: 78]
 68 [ 7 300:305]
 48 [ 3 335:340]
 98 [ 4 345:350]
 71 [ 2 369:374]
 26 [ 1 378:383]
 81 [ 2 436:441]
 89 [ 6 460:465]
 -5 [ 6 484:484]

Total Cost: 2061.33
 11:132.79, 64:75 [1, 4, 2, -2, -4, -5, -1]
 12:82.46, 69:75 [1, 3, -3, -1]
 13:42.38, 43:75 [1, 5, -5, -1]
201:80.11, 10:10 [2, 34, 99, 43, 112, 19, 117, -2]
202:139.38, 10:10 [2, 23, 93, 17, 66, 7, 102, 78, 126, -2]
203:109.68, 10:10 [2, 56, 122, 40, 35, 75, 101, -2]
204:48.33, 8:10 [2, 67, 21, 70, -2]
301:171.08, 10:10 [3, 12, 85, 69, 124, 15, 90, 72, 87, -3]
302:145.40, 10:10 [3, 9, 84, 49, 83, 60, 108, 103, -3]
303:118.10, 10:10 [3, 31, 97, 36, 100, 110, 46, 82, 57, -3]
304:89.52, 10:10 [3, 20, 73, 76, 8, 42, -3]
305:62.18, 10:10 [3, 123, 47, 116, 58, 92, 30, 96, -3]
306:115.21, 10:10 [3, 54, 52, 50, 6, -3]
307:54.81, 10:10 [3, 55, 114, 119, 64, 33, -3]
401:44.63, 8:10 [4, 53, 120, 63, 77, 32, -4]
402:63.54, 9:10 [4, 115, 10, 104, 79, 14, -4]
403:46.75, 9:10 [4, 37, 59, 88, 29, 41, 107, -4]
404:36.01, 8:10 [4, 28, 22, 61, -4]
501:130.87, 10:10 [5, 111, 74, 39, 62, 118, 106, 65, 121, 86, 11, -5]
502:14.61, 8:10 [5, 125, 80, 91, 18, 24, -5]
504:58.41, 9:10 [5, 51, 16, 13, 94, 109, -5]
505:81.74, 10:10 [5, 105, 38, 25, 95, 44, 45, 113, -5]
510:193.34, 10:10 [5, 27, 68, 48, 98, 71, 26, 81, 89, -5]
fe: 3, se: 20

!ALNS------------
100000,2061.3269244488033,416.223,362.043,3,20,0.7822222222222223,0.945,40.333333333333336,6.05
20 13 24 13 0 0 7 0 
11.562898346829956 30.34529929152391 10.853628709246248 15.45390896248969 39.16617582590368 46.33831999963618 20.53260126079152 30.362984786304768 
9 14 9 10 8 10 13 4 
19.329602554452027 19.287121469430502 21.562363360824087 18.860961884676193 17.055289191042963 16.027684577831494 19.562420851187177 17.052747551456626 

x[592] = 1.0
Vehicle: 12  Cost: 82.46
Route: 1 3 -3 -1 
 1 [ 70   0:  0 [15, 26, 38, 30, 36, 71, 54, 20, 31, 55, 33, 72, 69, 73, 64, 6, 42, 52, 46, 68, 76, 8, 49, 27, 7, 48, 50, 12, 57]]
 3 [  0  41: 41 []]
-3 [ 35  41:376 [96, 85, 98, 124, 90, 122, 110, 97, 123, 114, 119, 83, 100, 82, 87]]
-1 [ 35 418:418 [96, 85, 98, 124, 90, 122, 110, 97, 123, 114, 119, 83, 100, 82, 87]]

x[7870] = 1.0
Vehicle: 13  Cost: 42.38
Route: 1 5 -5 -1 
 1 [ 39   0:  0 [62, 45, 51, 44, 39, 74, 24, 13, 70, 65, 80, 16, 18, 25, 21, 11]]
 5 [  0  21: 21 []]
-5 [ 23  21:394 [86, 91, 120, 95, 113, 105, 118, 121, 111, 106, 125]]
-1 [ 23 415:415 [86, 91, 120, 95, 113, 105, 118, 121, 111, 106, 125]]

x[8801] = 1.0
Vehicle: 11  Cost: 134.07
Route: 1 4 2 -2 -3 -5 -1 
 1 [ 67   0:  0 [37, 78, 67, 66, 23, 61, 75, 77, 35, 63, 59, 14, 79, 56, 28, 47, 58, 9, 32, 41, 17, 19, 34, 10, 40, 43, 53, 22, 60, 29]]
 4 [ 44  34: 49 [37, 78, 67, 66, 23, 75, 35, 59, 79, 56, 47, 58, 9, 41, 17, 19, 34, 10, 40, 43, 60]]
 2 [  0  71: 71 []]
-2 [ 36  71:500 [117, 84, 115, 107, 88, 102, 99, 93, 103, 108, 126, 92, 116, 101, 104, 112]]
-3 [ 41 538:553 [117, 84, 115, 107, 88, 102, 99, 93, 81, 103, 108, 126, 92, 116, 101, 104, 89, 112]]
-5 [ 49 573:588 [117, 84, 115, 107, 88, 102, 99, 93, 81, 103, 108, 126, 109, 92, 116, 101, 94, 104, 89, 112]]
-1 [ 49 609:609 [117, 84, 115, 107, 88, 102, 99, 93, 81, 103, 108, 126, 109, 92, 116, 101, 94, 104, 89, 112]]

y[308] = 1.0
Vehicle: 307  Cost: 122.79
Route: 3 55 114 12 122 85 72 7 -3 
  3 [ 9  41: 56]
 55 [ 5  78: 83]
114 [ 6  83: 88]
 12 [ 3 106:111]
122 [ 7 134:139]
 85 [10 141:146]
 72 [ 9 180:185]
  7 [ 8 300:305]
 -3 [ 8 344:344]

y[1835] = 1.0
Vehicle: 202  Cost: 130.28
Route: 2 66 17 40 35 75 117 -2 
  2 [10 107:248]
 66 [ 7 300:305]
 17 [ 6 311:316]
 40 [ 4 330:335]
 35 [ 1 420:425]
 75 [ 0 440:445]
117 [ 4 464:469]
 -2 [ 4 485:485]

y[1846] = 1.0
Vehicle: 307  Cost: 112.67
Route: 3 64 20 82 98 48 -3 
  3 [ 8  41: 56]
 64 [ 6  75: 80]
 20 [ 4  87: 92]
 82 [ 7 106:111]
 98 [ 8 300:305]
 48 [ 4 310:315]
 -3 [ 4 361:361]

y[3126] = 1.0
Vehicle: 503  Cost: 73.64
Route: 5 21 70 120 111 24 -5 
  5 [10  21: 36]
 21 [ 6  58: 63]
 70 [ 3  70: 75]
120 [ 7  83: 88]
111 [ 8  99:104]
 24 [ 5 300:305]
 -5 [ 5 310:310]

y[3390] = 1.0
Vehicle: 206  Cost: 114.00
Route: 2 88 59 37 115 10 104 79 107 41 -2 
  2 [ 9 126:141]
 88 [10 160:165]
 59 [ 9 176:181]
 37 [ 7 186:191]
115 [ 9 198:203]
 10 [ 6 300:305]
104 [ 9 317:322]
 79 [ 8 328:333]
107 [ 9 347:352]
 41 [ 7 352:357]
 -2 [ 7 382:382]

y[4507] = 1.0
Vehicle: 302  Cost: 175.79
Route: 3 69 124 15 90 49 83 87 -3 
  3 [10  41: 56]
 69 [ 6 122:127]
124 [ 7 134:139]
 15 [ 5 152:157]
 90 [ 9 157:162]
 49 [ 5 188:193]
 83 [ 8 197:202]
 87 [ 9 230:235]
 -3 [ 9 267:267]

y[6145] = 1.0
Vehicle: 502  Cost: 83.21
Route: 5 80 125 105 44 39 74 45 113 91 18 -5 
  5 [10  21: 56]
 80 [ 7  60: 65]
125 [ 8  65: 70]
105 [10  90: 95]
 44 [ 8 105:110]
 39 [ 7 180:185]
 74 [ 6 187:192]
 45 [ 4 208:213]
113 [ 8 216:221]
 91 [10 300:305]
 18 [ 9 305:310]
 -5 [ 9 313:313]

y[6684] = 1.0
Vehicle: 202  Cost: 58.51
Route: 2 92 116 58 126 -2 
  2 [ 4  71:163]
 92 [ 6 180:185]
116 [ 7 191:196]
 58 [ 3 196:201]
126 [ 7 300:305]
 -2 [ 7 330:330]

y[6866] = 1.0
Vehicle: 303  Cost: 97.35
Route: 3 38 27 68 73 76 57 89 -3 
  3 [10 154:169]
 38 [ 9 197:202]
 27 [ 8 211:216]
 68 [ 6 300:305]
 73 [ 4 316:321]
 76 [ 1 335:340]
 57 [ 0 351:356]
 89 [ 4 420:425]
 -3 [ 4 429:429]

y[7230] = 1.0
Vehicle: 203  Cost: 6.32
Route: 2 99 34 -2 
  2 [ 4 143:158]
 99 [ 6 161:166]
 34 [ 2 166:171]
 -2 [ 2 174:174]

y[8711] = 1.0
Vehicle: 305  Cost: 69.67
Route: 3 8 54 33 81 6 -3 
  3 [10  41:279]
  8 [ 8 300:305]
 54 [ 5 315:320]
 33 [ 1 334:339]
 81 [ 2 420:425]
  6 [ 1 425:430]
 -3 [ 1 445:445]

y[9841] = 1.0
Vehicle: 205  Cost: 153.48
Route: 2 67 47 9 84 103 60 108 102 78 101 -2 
  2 [10  71: 86]
 67 [ 9  95:100]
 47 [ 8 120:125]
  9 [ 6 180:185]
 84 [ 7 185:190]
103 [10 207:212]
 60 [ 6 229:234]
108 [ 7 239:244]
102 [10 420:425]
 78 [ 8 430:435]
101 [ 9 462:467]
 -2 [ 9 482:482]

y[10309] = 1.0
Vehicle: 203  Cost: 88.49
Route: 2 56 23 93 19 112 43 -2 
  2 [ 7  71: 86]
 56 [ 6 114:119]
 23 [ 5 130:135]
 93 [ 8 135:140]
 19 [ 4 300:305]
112 [ 8 420:425]
 43 [ 7 436:441]
 -2 [ 7 457:457]

y[12128] = 1.0
Vehicle: 504  Cost: 58.41
Route: 5 51 16 13 94 109 -5 
  5 [ 9 146:166]
 51 [ 6 180:185]
 16 [ 2 420:425]
 13 [ 0 438:443]
 94 [ 4 453:458]
109 [ 8 463:468]
 -5 [ 8 476:476]

y[13423] = 1.0
Vehicle: 501  Cost: 96.62
Route: 5 62 118 25 95 106 65 121 11 86 -5 
  5 [10  21: 36]
 62 [ 8  73: 78]
118 [10  78: 83]
 25 [ 7  94: 99]
 95 [ 9  99:104]
106 [10 108:113]
 65 [ 6 300:305]
121 [ 9 305:310]
 11 [ 8 318:323]
 86 [ 9 323:328]
 -5 [ 9 363:363]

y[14453] = 1.0
Vehicle: 402  Cost: 38.63
Route: 4 28 22 14 -4 
  4 [10  34: 49]
 28 [ 6  65: 70]
 22 [ 3 300:305]
 14 [ 0 312:317]
 -4 [ 0 328:328]

y[15005] = 1.0
Vehicle: 403  Cost: 41.75
Route: 4 61 32 77 63 -4 
  4 [ 5 316:331]
 61 [ 4 338:343]
 32 [ 2 354:359]
 77 [ 1 420:425]
 63 [ 0 429:434]
 -4 [ 0 448:448]

y[15362] = 1.0
Vehicle: 303  Cost: 105.97
Route: 3 36 100 46 110 97 31 119 -3 
  3 [ 9  41: 56]
 36 [ 5 101:106]
100 [ 8 106:111]
 46 [ 6 120:125]
110 [ 7 125:130]
 97 [ 9 139:144]
 31 [ 6 144:149]
119 [ 9 173:178]
 -3 [ 9 197:197]

y[15435] = 1.0
Vehicle: 403  Cost: 34.57
Route: 4 53 29 -4 
  4 [ 8  34: 54]
 53 [ 4  60: 65]
 29 [ 0 300:305]
 -4 [ 0 318:318]

y[15502] = 1.0
Vehicle: 302  Cost: 34.02
Route: 3 96 30 123 -3 
  3 [ 4  41:165]
 96 [ 8 180:185]
 30 [ 4 185:190]
123 [ 5 194:199]
 -3 [ 5 214:214]

y[16590] = 1.0
Vehicle: 303  Cost: 150.30
Route: 3 50 52 26 71 42 -3 
  3 [10  41:261]
 50 [ 8 300:305]
 52 [ 4 321:326]
 26 [ 3 355:360]
 71 [ 1 364:369]
 42 [ 0 420:425]
 -3 [ 0 447:447]

FE: 3
SE: 21
!MIP-----
2105.3968313137307,5403.703266143799,0.051810987574904356,3,21,10795,18707

Run: 5
Total Cost: 2114.95
Vehicle: 11  Cost: 111.20
Route: 1 4 2 -2 -4 -1 
 1 [ 67   0:  0 [37, 35, 34, 23, 59, 75, 67, 22, 43, 6, 40, 49, 41, 78, 29, 58, 79, 17, 50, 7, 66, 19, 28, 10, 14, 61, 52, 69]]
 4 [ 52  34: 49 [35, 34, 23, 59, 75, 67, 43, 6, 40, 49, 78, 29, 58, 79, 17, 50, 7, 66, 19, 10, 52, 69]]
 2 [  0  71: 71 []]
-2 [ 31  71:581 [81, 117, 116, 112, 104, 122, 88, 126, 99, 101, 93, 102]]
-4 [ 34 603:618 [115, 81, 117, 116, 112, 104, 122, 88, 107, 126, 99, 101, 93, 102]]
-1 [ 34 652:652 [115, 81, 117, 116, 112, 104, 122, 88, 107, 126, 99, 101, 93, 102]]

Vehicle: 13  Cost: 82.46
Route: 1 3 -3 -1 
 1 [ 74   0:  0 [33, 42, 36, 38, 57, 30, 71, 63, 9, 31, 56, 20, 65, 64, 48, 72, 12, 25, 15, 76, 27, 55, 54, 60, 8, 46, 47, 68, 73, 26, 21]]
 3 [  0  41: 41 []]
-3 [ 47  41:370 [100, 87, 92, 121, 97, 96, 123, 108, 105, 110, 95, 114, 119, 85, 106, 111, 90, 82, 83, 103, 84, 98, 124]]
-1 [ 47 411:411 [100, 87, 92, 121, 97, 96, 123, 108, 105, 110, 95, 114, 119, 85, 106, 111, 90, 82, 83, 103, 84, 98, 124]]

Vehicle: 15  Cost: 42.38
Route: 1 5 -5 -1 
 1 [ 35   0:  0 [77, 51, 18, 80, 32, 13, 62, 11, 39, 16, 74, 70, 44, 24, 45, 53]]
 5 [  0  21: 21 []]
-5 [ 26  21:490 [86, 109, 120, 91, 118, 89, 113, 94, 125]]
-1 [ 26 511:511 [86, 109, 120, 91, 118, 89, 113, 94, 125]]

Vehicle: 201  Cost: 6.32
Route: 2 99 34 -2 
  2 [ 4  71: 86]
 99 [ 6  89: 94]
 34 [ 2  94: 99]
 -2 [ 2 102:102]

Vehicle: 202  Cost: 115.05
Route: 2 58 122 40 35 75 117 -2 
  2 [10  71: 86]
 58 [ 6 105:110]
122 [10 138:143]
 40 [ 8 300:305]
 35 [ 5 420:425]
 75 [ 4 440:445]
117 [ 8 464:469]
 -2 [ 8 485:485]

Vehicle: 203  Cost: 125.56
Route: 2 116 49 17 66 7 101 -2 
  2 [ 9  71: 86]
116 [10 105:110]
 49 [ 6 180:185]
 17 [ 5 300:305]
 66 [ 2 311:316]
  7 [ 1 332:337]
101 [ 2 360:365]
 -2 [ 2 380:380]

Vehicle: 204  Cost: 147.93
Route: 2 67 6 81 50 52 102 78 126 -2 
  2 [10  71: 86]
 67 [ 9  95:100]
  6 [ 8 420:425]
 81 [ 9 425:430]
 50 [ 7 455:460]
 52 [ 3 476:481]
102 [ 6 503:508]
 78 [ 4 513:518]
126 [ 8 536:541]
 -2 [ 8 566:566]

Vehicle: 205  Cost: 103.32
Route: 2 88 59 79 10 104 29 -2 
  2 [ 9  71: 86]
 88 [10 105:110]
 59 [ 9 121:126]
 79 [ 8 300:305]
 10 [ 5 314:319]
104 [ 8 331:336]
 29 [ 4 358:363]
 -2 [ 4 382:382]

Vehicle: 208  Cost: 98.20
Route: 2 69 93 23 19 112 43 -2 
  2 [10  71: 86]
 69 [ 6 128:133]
 93 [ 9 140:145]
 23 [ 8 145:150]
 19 [ 4 300:305]
112 [ 8 420:425]
 43 [ 7 436:441]
 -2 [ 7 457:457]

Vehicle: 301  Cost: 92.43
Route: 3 123 30 96 21 111 63 -3 
  3 [ 9  41: 56]
123 [10  71: 76]
 30 [ 6 180:185]
 96 [10 185:190]
 21 [ 6 202:207]
111 [ 7 228:233]
 63 [ 6 300:305]
 -3 [ 6 338:338]

Vehicle: 302  Cost: 139.72
Route: 3 9 84 12 87 72 83 60 108 103 -3 
  3 [10  41:151]
  9 [ 8 180:185]
 84 [ 9 185:190]
 12 [ 6 194:199]
 87 [ 7 199:204]
 72 [ 6 213:218]
 83 [ 9 237:242]
 60 [ 5 264:269]
108 [ 6 275:280]
103 [ 9 294:299]
 -3 [ 9 336:336]

Vehicle: 303  Cost: 154.97
Route: 3 27 68 48 71 26 -3 
  3 [10  41: 56]
 27 [ 9  85: 90]
 68 [ 7 300:305]
 48 [ 3 335:340]
 71 [ 1 364:369]
 26 [ 0 373:378]
 -3 [ 0 439:439]

Vehicle: 304  Cost: 90.40
Route: 3 105 38 25 95 106 65 121 -3 
  3 [ 8  41: 56]
105 [10  81: 86]
 38 [ 9  93: 98]
 25 [ 6 108:113]
 95 [ 8 113:118]
106 [ 9 123:128]
 65 [ 5 300:305]
121 [ 8 305:310]
 -3 [ 8 352:352]

Vehicle: 305  Cost: 80.52
Route: 3 20 82 73 76 57 -3 
  3 [ 8  41: 56]
 20 [ 6  77: 82]
 82 [ 9  96:101]
 73 [ 7 300:305]
 76 [ 4 319:324]
 57 [ 3 335:340]
 -3 [ 3 355:355]

Vehicle: 306  Cost: 121.61
Route: 3 114 31 97 36 100 46 110 98 -3 
  3 [ 9  41: 56]
114 [10  78: 83]
 31 [ 7 108:113]
 97 [ 9 113:118]
 36 [ 5 120:125]
100 [ 8 125:130]
 46 [ 6 139:144]
110 [ 7 144:149]
 98 [ 8 300:305]
 -3 [ 8 354:354]

Vehicle: 307  Cost: 43.35
Route: 3 64 119 33 -3 
  3 [ 6  41: 56]
 64 [ 4  75: 80]
119 [ 7  80: 85]
 33 [ 3 300:305]
 -3 [ 3 322:322]

Vehicle: 308  Cost: 64.66
Route: 3 55 54 42 8 -3 
  3 [10  41: 56]
 55 [ 6  78: 83]
 54 [ 3 300:305]
 42 [ 2 420:425]
  8 [ 0 426:431]
 -3 [ 0 453:453]

Vehicle: 310  Cost: 165.04
Route: 3 47 85 15 90 124 56 92 -3 
  3 [ 4  41: 56]
 47 [ 3  78: 83]
 85 [ 6 117:122]
 15 [ 4 144:149]
 90 [ 8 149:154]
124 [ 9 166:171]
 56 [ 8 197:202]
 92 [10 228:233]
 -3 [10 256:256]

Vehicle: 402  Cost: 39.48
Route: 4 115 28 22 61 -4 
  4 [ 8  34: 49]
115 [10  59: 64]
 28 [ 6  73: 78]
 22 [ 3 300:305]
 61 [ 2 313:318]
 -4 [ 2 325:325]

Vehicle: 403  Cost: 27.90
Route: 4 37 107 41 14 -4 
  4 [ 7  34: 49]
 37 [ 5  58: 63]
107 [ 6 300:305]
 41 [ 4 305:310]
 14 [ 1 316:321]
 -4 [ 1 332:332]

Vehicle: 501  Cost: 99.74
Route: 5 44 118 62 11 86 16 89 -5 
  5 [ 9  21: 36]
 44 [ 7  63: 68]
118 [ 9  79: 84]
 62 [ 7  84: 89]
 11 [ 6 300:305]
 86 [ 7 305:310]
 16 [ 3 420:425]
 89 [ 7 451:456]
 -5 [ 7 475:475]

Vehicle: 502  Cost: 14.61
Route: 5 125 80 91 18 24 -5 
  5 [ 7  21: 56]
125 [ 8  60: 65]
 80 [ 5  65: 70]
 91 [ 7 300:305]
 18 [ 6 305:310]
 24 [ 3 315:320]
 -5 [ 3 325:325]

Vehicle: 503  Cost: 81.77
Route: 5 70 53 120 32 77 109 -5 
  5 [10  21: 36]
 70 [ 7  58: 63]
 53 [ 3  72: 77]
120 [ 7  85: 90]
 32 [ 5 300:305]
 77 [ 4 420:425]
109 [ 8 445:450]
 -5 [ 8 458:458]

Vehicle: 512  Cost: 66.33
Route: 5 51 113 45 74 39 13 94 -5 
  5 [ 9  21:166]
 51 [ 6 180:185]
113 [10 185:190]
 45 [ 8 193:198]
 74 [ 7 214:219]
 39 [ 6 221:226]
 13 [ 4 300:305]
 94 [ 8 315:320]
 -5 [ 8 330:330]

Total Cost: 2114.95
 11:111.20, 67:75 [1, 4, 2, -2, -4, -1]
 13:82.46, 74:75 [1, 3, -3, -1]
 15:42.38, 35:75 [1, 5, -5, -1]
201:6.32, 6:10 [2, 99, 34, -2]
202:115.05, 10:10 [2, 58, 122, 40, 35, 75, 117, -2]
203:125.56, 10:10 [2, 116, 49, 17, 66, 7, 101, -2]
204:147.93, 10:10 [2, 67, 6, 81, 50, 52, 102, 78, 126, -2]
205:103.32, 10:10 [2, 88, 59, 79, 10, 104, 29, -2]
208:98.20, 10:10 [2, 69, 93, 23, 19, 112, 43, -2]
301:92.43, 10:10 [3, 123, 30, 96, 21, 111, 63, -3]
302:139.72, 10:10 [3, 9, 84, 12, 87, 72, 83, 60, 108, 103, -3]
303:154.97, 10:10 [3, 27, 68, 48, 71, 26, -3]
304:90.40, 10:10 [3, 105, 38, 25, 95, 106, 65, 121, -3]
305:80.52, 9:10 [3, 20, 82, 73, 76, 57, -3]
306:121.61, 10:10 [3, 114, 31, 97, 36, 100, 46, 110, 98, -3]
307:43.35, 7:10 [3, 64, 119, 33, -3]
308:64.66, 10:10 [3, 55, 54, 42, 8, -3]
310:165.04, 10:10 [3, 47, 85, 15, 90, 124, 56, 92, -3]
402:39.48, 10:10 [4, 115, 28, 22, 61, -4]
403:27.90, 7:10 [4, 37, 107, 41, 14, -4]
501:99.74, 9:10 [5, 44, 118, 62, 11, 86, 16, 89, -5]
502:14.61, 8:10 [5, 125, 80, 91, 18, 24, -5]
503:81.77, 10:10 [5, 70, 53, 120, 32, 77, 109, -5]
512:66.33, 10:10 [5, 51, 113, 45, 74, 39, 13, 94, -5]
fe: 3, se: 21

!ALNS------------
100000,2114.945359856378,557.565,376.46,3,21,0.7822222222222223,0.9333333333333333,40.333333333333336,5.761904761904762
24 13 14 9 0 1 4 0 
9.812358155136893 28.601240443199426 11.113694529998266 12.930569108798585 0.8725591278962384 56.887117843024804 15.301392793956621 27.52885357632387 
9 10 3 6 9 5 18 5 
15.813350579681158 15.693954178639572 17.657930478305072 13.970541259802454 17.124802924183275 15.534648021563257 16.452937094453524 17.72955421420345 

x[1681] = 1.0
Vehicle: 11  Cost: 111.20
Route: 1 4 2 -2 -4 -1 
 1 [ 67   0:  0 [22, 40, 78, 35, 14, 66, 53, 61, 29, 67, 37, 19, 52, 34, 28, 49, 10, 43, 7, 75, 17, 6, 50, 79, 23, 59, 58, 41]]
 4 [ 48  34: 49 [40, 78, 35, 66, 29, 67, 19, 52, 34, 49, 10, 43, 7, 75, 17, 6, 50, 79, 23, 59, 58]]
 2 [  0  71: 71 []]
-2 [ 31  71:586 [99, 88, 117, 93, 116, 81, 112, 101, 104, 102, 122, 126]]
-4 [ 34 608:623 [115, 99, 88, 117, 93, 116, 81, 107, 112, 101, 104, 102, 122, 126]]
-1 [ 34 657:657 [115, 99, 88, 117, 93, 116, 81, 107, 112, 101, 104, 102, 122, 126]]

x[5766] = 1.0
Vehicle: 13  Cost: 82.46
Route: 1 3 -3 -1 
 1 [ 74   0:  0 [57, 56, 25, 55, 60, 46, 47, 8, 76, 54, 36, 38, 31, 64, 72, 9, 69, 71, 15, 30, 12, 26, 42, 65, 20, 33, 73, 48, 27, 63, 68]]
 3 [  0  41: 41 []]
-3 [ 47  41:377 [96, 114, 119, 85, 90, 82, 121, 84, 108, 124, 106, 87, 103, 105, 110, 111, 92, 98, 123, 83, 95, 97, 100]]
-1 [ 47 418:418 [96, 114, 119, 85, 90, 82, 121, 84, 108, 124, 106, 87, 103, 105, 110, 111, 92, 98, 123, 83, 95, 97, 100]]

x[6192] = 1.0
Vehicle: 15  Cost: 42.38
Route: 1 5 -5 -1 
 1 [ 35   0:  0 [24, 51, 21, 11, 62, 44, 80, 74, 70, 39, 77, 45, 18, 13, 32, 16]]
 5 [  0  21: 21 []]
-5 [ 26  21:514 [86, 118, 113, 125, 94, 109, 120, 91, 89]]
-1 [ 26 535:535 [86, 118, 113, 125, 94, 109, 120, 91, 89]]

y[263] = 1.0
Vehicle: 205  Cost: 103.32
Route: 2 88 59 79 10 104 29 -2 
  2 [ 9 107:122]
 88 [10 141:146]
 59 [ 9 157:162]
 79 [ 8 300:305]
 10 [ 5 314:319]
104 [ 8 331:336]
 29 [ 4 358:363]
 -2 [ 4 382:382]

y[997] = 1.0
Vehicle: 503  Cost: 79.18
Route: 5 21 70 120 32 77 109 -5 
  5 [10  76: 91]
 21 [ 6 113:118]
 70 [ 3 126:131]
120 [ 7 138:143]
 32 [ 5 300:305]
 77 [ 4 420:425]
109 [ 8 445:450]
 -5 [ 8 458:458]

y[2007] = 1.0
Vehicle: 202  Cost: 115.05
Route: 2 58 122 40 35 75 117 -2 
  2 [10 136:151]
 58 [ 6 171:176]
122 [10 204:209]
 40 [ 8 300:305]
 35 [ 5 420:425]
 75 [ 4 440:445]
117 [ 8 464:469]
 -2 [ 8 485:485]

y[2500] = 1.0
Vehicle: 403  Cost: 27.90
Route: 4 37 107 41 14 -4 
  4 [ 7  34: 49]
 37 [ 5  58: 63]
107 [ 6 300:305]
 41 [ 4 305:310]
 14 [ 1 316:321]
 -4 [ 1 332:332]

y[3163] = 1.0
Vehicle: 302  Cost: 139.72
Route: 3 9 84 87 12 72 83 60 108 103 -3 
  3 [10  56:151]
  9 [ 8 180:185]
 84 [ 9 185:190]
 87 [10 194:199]
 12 [ 7 199:204]
 72 [ 6 213:218]
 83 [ 9 237:242]
 60 [ 5 264:269]
108 [ 6 275:280]
103 [ 9 294:299]
 -3 [ 9 336:336]

y[4839] = 1.0
Vehicle: 310  Cost: 171.44
Route: 3 47 85 69 124 15 90 56 92 -3 
  3 [ 8  41: 56]
 47 [ 7  78: 83]
 85 [10 117:122]
 69 [ 6 137:142]
124 [ 7 149:154]
 15 [ 5 167:172]
 90 [ 9 172:177]
 56 [ 8 209:214]
 92 [10 239:244]
 -3 [10 268:268]

y[5082] = 1.0
Vehicle: 512  Cost: 66.33
Route: 5 51 113 45 74 39 13 94 -5 
  5 [ 9  76:166]
 51 [ 6 180:185]
113 [10 185:190]
 45 [ 8 193:198]
 74 [ 7 214:219]
 39 [ 6 221:226]
 13 [ 4 300:305]
 94 [ 8 315:320]
 -5 [ 8 330:330]

y[6986] = 1.0
Vehicle: 306  Cost: 121.61
Route: 3 114 31 97 36 100 110 46 98 -3 
  3 [ 9  41: 56]
114 [10  78: 83]
 31 [ 7 108:113]
 97 [ 9 113:118]
 36 [ 5 120:125]
100 [ 8 125:130]
110 [ 9 139:144]
 46 [ 7 144:149]
 98 [ 8 300:305]
 -3 [ 8 354:354]

y[8048] = 1.0
Vehicle: 305  Cost: 80.52
Route: 3 20 82 73 76 57 -3 
  3 [ 8 104:119]
 20 [ 6 139:144]
 82 [ 9 158:163]
 73 [ 7 300:305]
 76 [ 4 319:324]
 57 [ 3 335:340]
 -3 [ 3 355:355]

y[8104] = 1.0
Vehicle: 405  Cost: 12.81
Route: 4 53 -4 
  4 [ 4  34: 54]
 53 [ 0  60: 65]
 -4 [ 0  71: 71]

y[9652] = 1.0
Vehicle: 203  Cost: 125.56
Route: 2 116 49 17 66 7 101 -2 
  2 [ 9  71: 86]
116 [10 105:110]
 49 [ 6 180:185]
 17 [ 5 300:305]
 66 [ 2 311:316]
  7 [ 1 332:337]
101 [ 2 360:365]
 -2 [ 2 380:380]

y[10533] = 1.0
Vehicle: 305  Cost: 64.66
Route: 3 55 54 42 8 -3 
  3 [10  41: 56]
 55 [ 6  78: 83]
 54 [ 3 300:305]
 42 [ 2 420:425]
  8 [ 0 426:431]
 -3 [ 0 453:453]

y[10728] = 1.0
Vehicle: 401  Cost: 39.48
Route: 4 115 28 22 61 -4 
  4 [ 8  34: 49]
115 [10  59: 64]
 28 [ 6  73: 78]
 22 [ 3 300:305]
 61 [ 2 313:318]
 -4 [ 2 325:325]

y[11725] = 1.0
Vehicle: 307  Cost: 43.35
Route: 3 119 64 33 -3 
  3 [ 6 123:138]
119 [ 9 157:162]
 64 [ 7 162:167]
 33 [ 3 300:305]
 -3 [ 3 322:322]

y[11819] = 1.0
Vehicle: 303  Cost: 154.97
Route: 3 27 68 48 71 26 -3 
  3 [10  41: 56]
 27 [ 9  85: 90]
 68 [ 7 300:305]
 48 [ 3 335:340]
 71 [ 1 364:369]
 26 [ 0 373:378]
 -3 [ 0 439:439]

y[12451] = 1.0
Vehicle: 304  Cost: 90.40
Route: 3 105 38 25 95 106 65 121 -3 
  3 [ 8  56: 71]
105 [10  96:101]
 38 [ 9 108:113]
 25 [ 6 124:129]
 95 [ 8 129:134]
106 [ 9 138:143]
 65 [ 5 300:305]
121 [ 8 305:310]
 -3 [ 8 352:352]

y[14108] = 1.0
Vehicle: 503  Cost: 99.74
Route: 5 44 62 118 86 11 16 89 -5 
  5 [ 9  21: 36]
 44 [ 7  63: 68]
 62 [ 5  79: 84]
118 [ 7  84: 89]
 86 [ 8 300:305]
 11 [ 7 305:310]
 16 [ 3 420:425]
 89 [ 7 451:456]
 -5 [ 7 475:475]

y[14655] = 1.0
Vehicle: 208  Cost: 91.28
Route: 2 34 99 23 93 19 112 43 -2 
  2 [10 178:193]
 34 [ 6 196:201]
 99 [ 8 201:206]
 23 [ 7 245:250]
 93 [10 250:255]
 19 [ 6 300:305]
112 [10 420:425]
 43 [ 9 436:441]
 -2 [ 9 457:457]

y[14916] = 1.0
Vehicle: 502  Cost: 14.61
Route: 5 125 80 18 91 24 -5 
  5 [ 7  76: 91]
125 [ 8  95:100]
 80 [ 5 100:105]
 18 [ 4 300:305]
 91 [ 6 305:310]
 24 [ 3 315:320]
 -5 [ 3 325:325]

y[15956] = 1.0
Vehicle: 204  Cost: 147.93
Route: 2 67 81 6 50 52 102 78 126 -2 
  2 [10 211:226]
 67 [ 9 235:240]
 81 [10 420:425]
  6 [ 9 425:430]
 50 [ 7 455:460]
 52 [ 3 476:481]
102 [ 6 503:508]
 78 [ 4 513:518]
126 [ 8 536:541]
 -2 [ 8 566:566]

y[17775] = 1.0
Vehicle: 301  Cost: 90.53
Route: 3 123 30 96 111 63 -3 
  3 [ 5  41: 56]
123 [ 6  71: 76]
 30 [ 2 180:185]
 96 [ 6 185:190]
111 [ 7 221:226]
 63 [ 6 300:305]
 -3 [ 6 338:338]

FE: 3
SE: 21
!MIP-----
2116.4150565064638,5408.871205091476,0.05796237454779094,3,21,12741,17948

