--Parameters Information--
speed=1
run=5
iteration= 100000
batch=100
restartPeriod=10000
largeRemovalOccurrence=500
initialLNS=250
lowerBoundSmallRemoval=4
smallRemoval=0.2
lowerBoundLargeRemoval=0.55
largeRemoval=0.8
initialWeight=1.0
decayRate=0.1
gamma1=9.0
gamma2=5.0
gamma3=2.0
gamma4=0.0
coolingRate=0.9995
temperatureControlParameter=0.05
initialAcceptanceProbability=0.5
perturbation=0.5
perturbationFactor=0.01
split=20000

Setup: Split
Data: B_100_5_LD

Run: 1
Total Cost: 2244.80
Vehicle: 11  Cost: 104.31
Route: 1 5 -5 2 -2 -1 
 1 [ 75   0:  0 [35, 24, 69, 16, 82, 37, 77, 29, 15, 38, 36, 72, 17, 76, 45, 54, 71, 21, 8, 23, 50, 44, 62, 49, 43, 40, 61, 70, 30, 66, 11]]
 5 [ 31  25: 25 [69, 16, 82, 37, 77, 29, 38, 36, 72, 21, 8, 66]]
-5 [ 35  25: 83 [105, 69, 16, 82, 37, 77, 29, 38, 36, 72, 21, 8, 66]]
 2 [  4 110:110 [105]]
-2 [ 36 110:479 [99, 123, 90, 126, 86, 91, 105, 96, 109, 131, 113, 122, 88, 100, 118, 115, 102]]
-1 [ 36 531:531 [99, 123, 90, 126, 86, 91, 105, 96, 109, 131, 113, 122, 88, 100, 118, 115, 102]]

Vehicle: 13  Cost: 159.02
Route: 1 4 -4 -1 
 1 [ 75   0:  0 [20, 6, 79, 80, 60, 73, 25, 53, 19, 52, 51, 63, 68, 81, 74, 31, 28, 22, 78, 55, 48, 26, 58, 65, 10, 27, 56, 13, 41, 12, 33, 67, 7, 42, 46]]
 4 [  0  80: 80 []]
-4 [ 43  80:500 [116, 97, 121, 124, 108, 107, 106, 89, 128, 117, 103, 110, 92, 93, 125, 83, 127]]
-1 [ 43 579:579 [116, 97, 121, 124, 108, 107, 106, 89, 128, 117, 103, 110, 92, 93, 125, 83, 127]]

Vehicle: 14  Cost: 49.40
Route: 1 5 -5 -1 
 1 [ 33   0:  0 [47, 57, 64, 14, 39, 32, 9, 59, 34, 18, 75]]
 5 [  0  25: 25 []]
-5 [ 46  25:372 [87, 129, 98, 119, 94, 120, 111, 130, 101, 104, 84, 95, 112, 114, 85]]
-1 [ 46 396:396 [87, 129, 98, 119, 94, 120, 111, 130, 101, 104, 84, 95, 112, 114, 85]]

Vehicle: 201  Cost: 112.71
Route: 2 36 38 96 29 126 -2 
  2 [10 110:125]
 36 [ 7 180:185]
 38 [ 4 185:190]
 96 [ 6 199:204]
 29 [ 2 204:209]
126 [ 3 300:305]
 -2 [ 3 335:335]

Vehicle: 202  Cost: 100.69
Route: 2 69 86 16 21 91 77 -2 
  2 [ 9 110:125]
 69 [ 5 160:165]
 86 [ 7 300:305]
 16 [ 4 305:310]
 21 [ 3 325:330]
 91 [ 5 330:335]
 77 [ 4 342:347]
 -2 [ 4 379:379]

Vehicle: 203  Cost: 52.95
Route: 2 123 100 37 131 82 88 102 -2 
  2 [ 5 110:125]
123 [ 7 136:141]
100 [ 8 180:185]
 37 [ 7 185:190]
131 [ 9 196:201]
 82 [ 5 201:206]
 88 [ 8 300:305]
102 [ 9 310:315]
 -2 [ 9 341:341]

Vehicle: 204  Cost: 32.25
Route: 2 115 118 66 122 72 -2 
  2 [ 6 110:406]
115 [ 7 420:425]
118 [10 428:433]
 66 [ 7 433:438]
122 [10 442:447]
 72 [ 7 447:452]
 -2 [ 7 464:464]

Vehicle: 206  Cost: 70.32
Route: 2 113 109 8 90 99 -2 
  2 [ 1 110:125]
113 [ 2 144:149]
109 [ 6 154:159]
  8 [ 5 180:185]
 90 [ 7 204:209]
 99 [ 9 211:216]
 -2 [ 9 230:230]

Vehicle: 401  Cost: 80.17
Route: 4 48 26 125 107 52 80 78 -4 
  4 [ 8  80: 95]
 48 [ 7 114:119]
 26 [ 6 123:128]
125 [ 7 138:143]
107 [ 8 153:158]
 52 [ 5 180:185]
 80 [ 3 300:305]
 78 [ 2 311:316]
 -4 [ 2 340:340]

Vehicle: 402  Cost: 67.52
Route: 4 56 121 12 67 -4 
  4 [ 9  80: 95]
 56 [ 6  98:103]
121 [10 132:137]
 12 [ 6 420:425]
 67 [ 4 434:439]
 -4 [ 4 462:462]

Vehicle: 403  Cost: 85.45
Route: 4 65 106 73 124 108 53 92 -4 
  4 [10  80: 95]
 65 [ 7 120:125]
106 [ 9 138:143]
 73 [ 5 147:152]
124 [ 7 152:157]
108 [ 9 420:425]
 53 [ 6 425:430]
 92 [ 8 457:462]
 -4 [ 8 478:478]

Vehicle: 405  Cost: 104.39
Route: 4 27 74 93 28 83 6 97 -4 
  4 [10  80:285]
 27 [ 9 300:305]
 74 [ 7 325:330]
 93 [ 9 345:350]
 28 [ 5 350:355]
 83 [ 9 420:425]
  6 [ 6 425:430]
 97 [ 8 439:444]
 -4 [ 8 485:485]

Vehicle: 406  Cost: 106.72
Route: 4 46 127 79 128 10 33 117 -4 
  4 [ 9  80: 95]
 46 [ 5 133:138]
127 [ 9 151:156]
 79 [ 8 156:161]
128 [ 9 180:185]
 10 [ 8 198:203]
 33 [ 5 207:212]
117 [ 8 216:221]
 -4 [ 8 245:245]

Vehicle: 407  Cost: 116.96
Route: 4 51 20 89 63 116 81 22 -4 
  4 [10  80:133]
 51 [ 8 180:185]
 20 [ 6 195:200]
 89 [10 200:205]
 63 [ 7 210:215]
116 [ 9 215:220]
 81 [ 7 300:305]
 22 [ 6 320:325]
 -4 [ 6 350:350]

Vehicle: 408  Cost: 89.48
Route: 4 60 25 55 68 31 13 -4 
  4 [10  80: 95]
 60 [ 8 121:126]
 25 [ 7 300:305]
 55 [ 6 316:321]
 68 [ 5 330:335]
 31 [ 3 346:351]
 13 [ 0 366:371]
 -4 [ 0 384:384]

Vehicle: 409  Cost: 86.88
Route: 4 41 42 103 19 7 58 110 -4 
  4 [ 9  80:165]
 41 [ 7 180:185]
 42 [ 6 190:195]
103 [ 9 195:200]
 19 [ 8 300:305]
  7 [ 5 312:317]
 58 [ 3 329:334]
110 [ 7 334:339]
 -4 [ 7 365:365]

Vehicle: 501  Cost: 59.56
Route: 5 39 101 54 17 87 -5 
  5 [10  25: 41]
 39 [ 6  60: 65]
101 [10  65: 70]
 54 [ 7 300:305]
 17 [ 4 317:322]
 87 [ 8 322:327]
 -5 [ 8 345:345]

Vehicle: 502  Cost: 61.12
Route: 5 95 11 111 59 84 9 98 -5 
  5 [ 9  25: 40]
 95 [10  61: 66]
 11 [ 6  76: 81]
111 [ 7 300:305]
 59 [ 5 305:310]
 84 [ 8 326:331]
  9 [ 5 331:336]
 98 [ 9 340:345]
 -5 [ 9 349:349]

Vehicle: 503  Cost: 78.82
Route: 5 43 104 112 40 62 -5 
  5 [ 8  25: 40]
 43 [ 4  59: 64]
104 [ 8  64: 69]
112 [10  87: 92]
 40 [ 7 300:305]
 62 [ 6 312:317]
 -5 [ 6 346:346]

Vehicle: 504  Cost: 138.47
Route: 5 44 34 35 49 -5 
  5 [10  25:160]
 44 [ 9 180:185]
 34 [ 5 300:305]
 35 [ 1 313:318]
 49 [ 0 329:334]
 -5 [ 0 391:391]

Vehicle: 505  Cost: 125.83
Route: 5 64 57 94 18 -5 
  5 [10  25: 40]
 64 [ 7  68: 73]
 57 [ 3 100:105]
 94 [ 7 110:115]
 18 [ 4 300:305]
 -5 [ 4 357:357]

Vehicle: 506  Cost: 147.49
Route: 5 24 71 15 120 61 114 129 -5 
  5 [10  25: 40]
 24 [ 9  70: 75]
 71 [ 7 109:114]
 15 [ 4 133:138]
120 [ 7 156:161]
 61 [ 3 164:169]
114 [ 6 169:174]
129 [10 178:183]
 -5 [10 222:222]

Vehicle: 507  Cost: 88.15
Route: 5 14 50 30 75 76 -5 
  5 [10  25: 40]
 14 [ 8  52: 57]
 50 [ 7  68: 73]
 30 [ 6  74: 79]
 75 [ 4 180:185]
 76 [ 0 300:305]
 -5 [ 0 348:348]

Vehicle: 508  Cost: 17.89
Route: 5 45 105 -5 
  5 [ 1  25: 40]
 45 [ 0  49: 54]
105 [ 4  54: 59]
 -5 [ 4  68: 68]

Vehicle: 516  Cost: 108.27
Route: 5 23 47 85 32 70 119 130 -5 
  5 [ 9  25:159]
 23 [ 8 180:185]
 47 [ 6 205:210]
 85 [10 220:225]
 32 [ 6 231:236]
 70 [ 4 300:305]
119 [ 5 305:310]
130 [ 9 335:340]
 -5 [ 9 356:356]

Total Cost: 2244.80
 11:104.31, 75:75 [1, 5, -5, 2, -2, -1]
 13:159.02, 75:75 [1, 4, -4, -1]
 14:49.40, 46:75 [1, 5, -5, -1]
201:112.71, 10:10 [2, 36, 38, 96, 29, 126, -2]
202:100.69, 9:10 [2, 69, 86, 16, 21, 91, 77, -2]
203:52.95, 9:10 [2, 123, 100, 37, 131, 82, 88, 102, -2]
204:32.25, 10:10 [2, 115, 118, 66, 122, 72, -2]
206:70.32, 9:10 [2, 113, 109, 8, 90, 99, -2]
401:80.17, 8:10 [4, 48, 26, 125, 107, 52, 80, 78, -4]
402:67.52, 10:10 [4, 56, 121, 12, 67, -4]
403:85.45, 10:10 [4, 65, 106, 73, 124, 108, 53, 92, -4]
405:104.39, 10:10 [4, 27, 74, 93, 28, 83, 6, 97, -4]
406:106.72, 9:10 [4, 46, 127, 79, 128, 10, 33, 117, -4]
407:116.96, 10:10 [4, 51, 20, 89, 63, 116, 81, 22, -4]
408:89.48, 10:10 [4, 60, 25, 55, 68, 31, 13, -4]
409:86.88, 9:10 [4, 41, 42, 103, 19, 7, 58, 110, -4]
501:59.56, 10:10 [5, 39, 101, 54, 17, 87, -5]
502:61.12, 10:10 [5, 95, 11, 111, 59, 84, 9, 98, -5]
503:78.82, 10:10 [5, 43, 104, 112, 40, 62, -5]
504:138.47, 10:10 [5, 44, 34, 35, 49, -5]
505:125.83, 10:10 [5, 64, 57, 94, 18, -5]
506:147.49, 10:10 [5, 24, 71, 15, 120, 61, 114, 129, -5]
507:88.15, 10:10 [5, 14, 50, 30, 75, 76, -5]
508:17.89, 4:10 [5, 45, 105, -5]
516:108.27, 10:10 [5, 23, 47, 85, 32, 70, 119, 130, -5]
fe: 3, se: 22

!ALNS------------
100000,2244.7988752221513,538.567,528.301,3,22,0.8711111111111111,0.9409090909090909,42.0,5.7272727272727275
21 20 14 6 0 0 10 7 
13.185506992013524 34.9388429094593 12.20729675005886 16.537574933128543 84.12233755369016 74.57598821463759 15.904200508801715 19.125835615273054 
8 17 8 10 9 10 14 2 
20.173086410749256 19.319856561754705 19.990212893728405 19.1745418514794 18.883578315344 19.614931215284827 17.619637404917878 18.616724016980182 

x[1180] = 1.0
Vehicle: 11  Cost: 104.31
Route: 1 5 2 -2 -1 
 1 [ 75   0:  0 [9, 66, 8, 17, 70, 23, 82, 76, 29, 20, 63, 75, 21, 62, 72, 38, 54, 40, 47, 37, 16, 77, 71, 69, 32, 50, 44, 35, 24, 49, 34]]
 5 [ 34  25: 40 [66, 8, 17, 82, 29, 21, 72, 38, 54, 37, 16, 77, 69]]
 2 [  0  67: 67 []]
-2 [ 36  67:464 [87, 88, 86, 115, 122, 102, 91, 109, 113, 118, 100, 123, 126, 90, 96, 99, 131]]
-1 [ 36 516:516 [87, 88, 86, 115, 122, 102, 91, 109, 113, 118, 100, 123, 126, 90, 96, 99, 131]]

x[17760] = 1.0000000000100704
Vehicle: 13  Cost: 159.02
Route: 1 4 -4 -1 
 1 [ 75   0:  0 [48, 12, 56, 80, 68, 73, 74, 79, 58, 57, 6, 28, 13, 60, 67, 31, 22, 81, 27, 7, 10, 26, 41, 25, 33, 65, 42, 19, 55, 52, 36, 78, 53, 46]]
 4 [  0  80: 80 []]
-4 [ 37  80:543 [92, 127, 103, 117, 121, 97, 83, 108, 106, 107, 110, 93, 128, 125, 124]]
-1 [ 37 622:622 [92, 127, 103, 117, 121, 97, 83, 108, 106, 107, 110, 93, 128, 125, 124]]

x[19286] = 1.0
Vehicle: 14  Cost: 49.40
Route: 1 5 -5 -1 
 1 [ 33   0:  0 [45, 39, 64, 43, 11, 30, 51, 59, 15, 18, 61, 14]]
 5 [  0  25: 25 []]
-5 [ 52  25:377 [116, 119, 95, 120, 130, 105, 84, 111, 101, 89, 94, 112, 85, 129, 104, 98, 114]]
-1 [ 52 402:402 [116, 119, 95, 120, 130, 105, 84, 111, 101, 89, 94, 112, 85, 129, 104, 98, 114]]

y[24] = 1.0
Vehicle: 516  Cost: 108.27
Route: 5 23 47 85 32 70 119 130 -5 
  5 [ 9 151:166]
 23 [ 8 188:193]
 47 [ 6 213:218]
 85 [10 228:233]
 32 [ 6 239:244]
 70 [ 4 300:305]
119 [ 5 305:310]
130 [ 9 335:340]
 -5 [ 9 356:356]

y[190] = 1.0
Vehicle: 505  Cost: 94.52
Route: 5 14 44 30 129 75 76 -5 
  5 [10  95:110]
 14 [ 8 122:127]
 44 [ 7 180:185]
 30 [ 6 189:194]
129 [10 210:215]
 75 [ 8 225:230]
 76 [ 4 300:305]
 -5 [ 4 348:348]

y[349] = 1.0
Vehicle: 410  Cost: 38.17
Route: 4 56 42 103 41 13 -4 
  4 [ 9 168:183]
 56 [ 6 186:191]
 42 [ 5 203:208]
103 [ 8 208:213]
 41 [ 6 219:224]
 13 [ 3 300:305]
 -4 [ 3 318:318]

y[523] = 0.9999999999966515
Vehicle: 507  Cost: 82.02
Route: 5 95 112 40 62 9 84 98 -5 
  5 [ 7  25: 40]
 95 [ 8  61: 66]
112 [10  84: 89]
 40 [ 7 300:305]
 62 [ 6 312:317]
  9 [ 3 339:344]
 84 [ 6 344:349]
 98 [10 353:358]
 -5 [10 362:362]

y[881] = 0.9999999999998503
Vehicle: 521  Cost: 55.68
Route: 5 43 104 11 111 59 -5 
  5 [10  25: 40]
 43 [ 6  59: 64]
104 [10  64: 69]
 11 [ 6  83: 88]
111 [ 7 300:305]
 59 [ 5 305:310]
 -5 [ 5 327:327]

y[2611] = 1.0
Vehicle: 202  Cost: 81.45
Route: 2 69 91 21 77 66 118 -2 
  2 [ 9 132:147]
 69 [ 5 182:187]
 91 [ 7 300:305]
 21 [ 6 305:310]
 77 [ 5 317:322]
 66 [ 2 341:346]
118 [ 5 346:351]
 -2 [ 5 366:366]

y[2933] = 1.0
Vehicle: 401  Cost: 80.17
Route: 4 48 26 125 107 52 80 78 -4 
  4 [ 8 102:117]
 48 [ 7 136:141]
 26 [ 6 145:150]
125 [ 7 160:165]
107 [ 8 175:180]
 52 [ 5 183:188]
 80 [ 3 300:305]
 78 [ 2 311:316]
 -4 [ 2 340:340]

y[3701] = 1.0000000000004579
Vehicle: 203  Cost: 52.95
Route: 2 123 37 100 131 82 88 102 -2 
  2 [ 5 205:220]
123 [ 7 231:236]
 37 [ 6 238:243]
100 [ 7 243:248]
131 [ 9 254:259]
 82 [ 5 259:264]
 88 [ 8 300:305]
102 [ 9 310:315]
 -2 [ 9 341:341]

y[4321] = 1.0
Vehicle: 201  Cost: 115.32
Route: 2 38 29 96 86 16 126 -2 
  2 [10 110:125]
 38 [ 7 180:185]
 29 [ 3 194:199]
 96 [ 5 199:204]
 86 [ 7 300:305]
 16 [ 4 305:310]
126 [ 5 324:329]
 -2 [ 5 359:359]

y[8496] = 1.0
Vehicle: 405  Cost: 106.14
Route: 4 22 81 97 6 83 28 93 -4 
  4 [10  80:275]
 22 [ 9 300:305]
 81 [ 7 320:325]
 97 [ 9 332:337]
  6 [ 6 420:425]
 83 [10 425:430]
 28 [ 6 434:439]
 93 [ 8 439:444]
 -4 [ 8 490:490]

y[10129] = 1.0
Vehicle: 404  Cost: 85.36
Route: 4 10 33 58 110 7 19 -4 
  4 [10  80:154]
 10 [ 9 180:185]
 33 [ 6 189:194]
 58 [ 4 300:305]
110 [ 8 305:310]
  7 [ 5 322:327]
 19 [ 4 334:339]
 -4 [ 4 373:373]

y[11772] = 1.0
Vehicle: 502  Cost: 160.96
Route: 5 71 15 89 20 116 63 120 -5 
  5 [10  25: 40]
 71 [ 8 102:107]
 15 [ 5 126:131]
 89 [ 9 146:151]
 20 [ 7 151:156]
116 [ 9 161:166]
 63 [ 6 166:171]
120 [ 9 185:190]
 -5 [ 9 236:236]

y[11972] = 0.9999999999991025
Vehicle: 409  Cost: 100.81
Route: 4 65 106 46 79 127 128 117 -4 
  4 [ 8  80: 95]
 65 [ 5 120:125]
106 [ 7 138:143]
 46 [ 3 143:148]
 79 [ 2 162:167]
127 [ 6 167:172]
128 [ 7 182:187]
117 [10 202:207]
 -4 [10 230:230]

y[13520] = 1.0
Vehicle: 409  Cost: 85.41
Route: 4 73 124 53 108 74 27 92 -4 
  4 [10 102:117]
 73 [ 6 159:164]
124 [ 8 164:169]
 53 [ 5 420:425]
108 [ 7 425:430]
 74 [ 5 438:443]
 27 [ 4 463:468]
 92 [ 6 468:473]
 -4 [ 6 488:488]

y[16450] = 1.0
Vehicle: 402  Cost: 87.52
Route: 4 57 121 12 67 -4 
  4 [10  80: 95]
 57 [ 6 135:140]
121 [10 152:157]
 12 [ 6 420:425]
 67 [ 4 434:439]
 -4 [ 4 462:462]

y[16653] = 1.0
Vehicle: 501  Cost: 65.11
Route: 5 39 101 64 45 105 -5 
  5 [ 8 125:140]
 39 [ 4 159:164]
101 [ 8 164:169]
 64 [ 5 179:184]
 45 [ 4 211:216]
105 [ 8 216:221]
 -5 [ 8 230:230]

y[17930] = 1.0
Vehicle: 205  Cost: 57.43
Route: 2 17 87 54 115 72 122 -2 
  2 [ 9  52:287]
 17 [ 6 300:305]
 87 [10 305:310]
 54 [ 7 322:327]
115 [ 8 420:425]
 72 [ 5 427:432]
122 [ 8 432:437]
 -2 [ 8 449:449]

y[18256] = 1.0
Vehicle: 507  Cost: 129.67
Route: 5 50 61 114 51 94 18 -5 
  5 [10  25: 40]
 50 [ 9  63: 68]
 61 [ 5  87: 92]
114 [ 8  92: 97]
 51 [ 6 180:185]
 94 [10 195:200]
 18 [ 7 300:305]
 -5 [ 7 357:357]

y[18547] = 1.0
Vehicle: 510  Cost: 137.85
Route: 5 24 34 35 49 -5 
  5 [10 125:140]
 24 [ 9 170:175]
 34 [ 5 300:305]
 35 [ 1 313:318]
 49 [ 0 329:334]
 -5 [ 0 391:391]

y[18966] = 1.0
Vehicle: 409  Cost: 102.87
Route: 4 60 36 25 55 68 31 -4 
  4 [10 133:148]
 60 [ 8 175:180]
 36 [ 5 191:196]
 25 [ 4 300:305]
 55 [ 3 316:321]
 68 [ 2 330:335]
 31 [ 0 346:351]
 -4 [ 0 370:370]

y[20621] = 1.0
Vehicle: 206  Cost: 70.32
Route: 2 113 109 8 90 99 -2 
  2 [ 1 132:147]
113 [ 2 166:171]
109 [ 6 176:181]
  8 [ 5 192:197]
 90 [ 7 216:221]
 99 [ 9 223:228]
 -2 [ 9 242:242]

FE: 3
SE: 21
!MIP-----
2210.7151980517137,5401.7519199848175,0.014903982068003826,3,21,31159,21140

Run: 2
Total Cost: 2256.48
Vehicle: 12  Cost: 159.02
Route: 1 4 -4 -1 
 1 [ 75   0:  0 [56, 78, 26, 38, 12, 68, 31, 13, 65, 79, 67, 52, 36, 22, 10, 6, 80, 28, 33, 25, 27, 63, 41, 46, 74, 7, 73, 55, 19, 42, 48, 58, 60, 53]]
 4 [  0  80: 80 []]
-4 [ 39  80:512 [127, 124, 117, 116, 110, 97, 93, 83, 92, 107, 121, 128, 106, 108, 103, 125]]
-1 [ 39 592:592 [127, 124, 117, 116, 110, 97, 93, 83, 92, 107, 121, 128, 106, 108, 103, 125]]

Vehicle: 13  Cost: 49.40
Route: 1 5 -5 -1 
 1 [ 75   0:  0 [49, 17, 57, 34, 9, 15, 50, 20, 45, 14, 47, 30, 24, 40, 75, 61, 70, 44, 62, 64, 35, 71, 23, 39, 54, 81, 51, 11, 18, 76, 59]]
 5 [  0  25: 25 []]
-5 [ 50  25:390 [84, 85, 101, 111, 98, 129, 105, 87, 104, 119, 89, 95, 94, 120, 112, 114]]
-1 [ 50 415:415 [84, 85, 101, 111, 98, 129, 105, 87, 104, 119, 89, 95, 94, 120, 112, 114]]

Vehicle: 14  Cost: 104.31
Route: 1 5 2 -2 -5 -1 
 1 [ 33   0:  0 [82, 29, 77, 32, 69, 66, 72, 43, 37, 8, 16, 21]]
 5 [ 25  25: 40 [82, 29, 77, 69, 66, 72, 37, 8, 16, 21]]
 2 [  0  67: 67 []]
-2 [ 32  67:479 [126, 113, 88, 118, 99, 123, 96, 90, 109, 102, 131, 122, 100, 91, 115, 86]]
-5 [ 36 506:521 [130, 126, 113, 88, 118, 99, 123, 96, 90, 109, 102, 131, 122, 100, 91, 115, 86]]
-1 [ 36 546:546 [126, 113, 88, 118, 99, 123, 96, 90, 109, 102, 131, 122, 100, 91, 115, 86, 130]]

Vehicle: 201  Cost: 52.95
Route: 2 123 37 100 131 82 88 102 -2 
  2 [ 5  67: 82]
123 [ 7  93: 98]
 37 [ 6 180:185]
100 [ 7 185:190]
131 [ 9 196:201]
 82 [ 5 201:206]
 88 [ 8 300:305]
102 [ 9 310:315]
 -2 [ 9 341:341]

Vehicle: 202  Cost: 32.25
Route: 2 115 66 118 122 72 -2 
  2 [ 6  67:406]
115 [ 7 420:425]
 66 [ 4 428:433]
118 [ 7 433:438]
122 [10 442:447]
 72 [ 7 447:452]
 -2 [ 7 464:464]

Vehicle: 203  Cost: 121.28
Route: 2 113 29 96 86 16 126 21 91 77 -2 
  2 [ 9  67: 82]
113 [10 101:106]
 29 [ 6 138:143]
 96 [ 8 143:148]
 86 [10 300:305]
 16 [ 7 305:310]
126 [ 8 324:329]
 21 [ 7 341:346]
 91 [ 9 346:351]
 77 [ 8 358:363]
 -2 [ 8 394:394]

Vehicle: 204  Cost: 100.69
Route: 2 69 109 8 90 99 -2 
  2 [ 5  67: 82]
 69 [ 1 117:122]
109 [ 5 141:146]
  8 [ 4 180:185]
 90 [ 6 204:209]
 99 [ 8 211:216]
 -2 [ 8 230:230]

Vehicle: 401  Cost: 85.36
Route: 4 10 33 58 110 7 19 -4 
  4 [10  80:154]
 10 [ 9 180:185]
 33 [ 6 189:194]
 58 [ 4 300:305]
110 [ 8 305:310]
  7 [ 5 322:327]
 19 [ 4 334:339]
 -4 [ 4 373:373]

Vehicle: 402  Cost: 85.66
Route: 4 46 106 124 53 108 74 27 92 -4 
  4 [10  80: 95]
 46 [ 6 133:138]
106 [ 8 138:143]
124 [10 147:152]
 53 [ 7 420:425]
108 [ 9 425:430]
 74 [ 7 438:443]
 27 [ 6 463:468]
 92 [ 8 468:473]
 -4 [ 8 488:488]

Vehicle: 403  Cost: 65.17
Route: 4 42 103 13 31 68 -4 
  4 [ 7  80: 95]
 42 [ 6 107:112]
103 [ 9 112:117]
 13 [ 6 300:305]
 31 [ 4 320:325]
 68 [ 3 336:341]
 -4 [ 3 360:360]

Vehicle: 405  Cost: 121.50
Route: 4 63 116 6 83 28 93 97 -4 
  4 [10  80: 95]
 63 [ 7 148:153]
116 [ 9 153:158]
  6 [ 6 420:425]
 83 [10 425:430]
 28 [ 6 434:439]
 93 [ 8 439:444]
 97 [10 452:457]
 -4 [10 497:497]

Vehicle: 406  Cost: 106.87
Route: 4 65 73 79 127 128 117 41 -4 
  4 [10  80: 95]
 65 [ 7 120:125]
 73 [ 3 142:147]
 79 [ 2 160:165]
127 [ 6 165:170]
128 [ 7 180:185]
117 [10 200:205]
 41 [ 8 217:222]
 -4 [ 8 236:236]

Vehicle: 407  Cost: 87.27
Route: 4 48 26 125 107 52 80 78 67 -4 
  4 [10  80: 95]
 48 [ 9 114:119]
 26 [ 8 123:128]
125 [ 9 138:143]
107 [10 153:158]
 52 [ 7 180:185]
 80 [ 5 300:305]
 78 [ 4 311:316]
 67 [ 2 324:329]
 -4 [ 2 352:352]

Vehicle: 408  Cost: 77.19
Route: 4 60 36 38 25 55 -4 
  4 [10  80: 95]
 60 [ 8 121:126]
 36 [ 5 137:142]
 38 [ 2 142:147]
 25 [ 1 300:305]
 55 [ 0 316:321]
 -4 [ 0 334:334]

Vehicle: 409  Cost: 67.39
Route: 4 56 121 12 22 -4 
  4 [ 8  80: 95]
 56 [ 5  98:103]
121 [ 9 132:137]
 12 [ 5 420:425]
 22 [ 4 432:437]
 -4 [ 4 462:462]

Vehicle: 501  Cost: 59.56
Route: 5 39 101 54 17 87 -5 
  5 [10  25: 41]
 39 [ 6  60: 65]
101 [10  65: 70]
 54 [ 7 300:305]
 17 [ 4 317:322]
 87 [ 8 322:327]
 -5 [ 8 345:345]

Vehicle: 502  Cost: 61.12
Route: 5 95 11 59 111 9 84 98 -5 
  5 [ 9  25: 40]
 95 [10  61: 66]
 11 [ 6  76: 81]
 59 [ 4 300:305]
111 [ 5 305:310]
  9 [ 2 326:331]
 84 [ 5 331:336]
 98 [ 9 340:345]
 -5 [ 9 349:349]

Vehicle: 503  Cost: 111.29
Route: 5 64 114 61 120 18 -5 
  5 [10  25: 40]
 64 [ 7  68: 73]
114 [10  94: 99]
 61 [ 6  99:104]
120 [ 9 107:112]
 18 [ 6 300:305]
 -5 [ 6 357:357]

Vehicle: 506  Cost: 142.37
Route: 5 51 20 89 57 94 81 -5 
  5 [10  25:127]
 51 [ 8 180:185]
 20 [ 6 195:200]
 89 [10 200:205]
 57 [ 6 221:226]
 94 [10 231:236]
 81 [ 8 300:305]
 -5 [ 8 361:361]

Vehicle: 507  Cost: 136.74
Route: 5 75 34 35 130 -5 
  5 [10  25:138]
 75 [ 8 180:185]
 34 [ 4 300:305]
 35 [ 0 313:318]
130 [ 4 369:374]
 -5 [ 4 390:390]

Vehicle: 508  Cost: 141.77
Route: 5 24 15 71 49 70 119 -5 
  5 [ 9  25: 40]
 24 [ 8  70: 75]
 15 [ 5 101:106]
 71 [ 3 124:129]
 49 [ 2 300:305]
 70 [ 0 325:330]
119 [ 1 330:335]
 -5 [ 1 375:375]

Vehicle: 509  Cost: 115.00
Route: 5 23 47 32 85 14 105 45 -5 
  5 [10  25:159]
 23 [ 9 180:185]
 47 [ 7 205:210]
 32 [ 3 225:230]
 85 [ 7 236:241]
 14 [ 5 267:272]
105 [ 9 290:295]
 45 [ 8 295:300]
 -5 [ 8 309:309]

Vehicle: 510  Cost: 93.51
Route: 5 44 50 30 129 76 -5 
  5 [ 7  25:160]
 44 [ 6 180:185]
 50 [ 5 188:193]
 30 [ 4 194:199]
129 [ 8 215:220]
 76 [ 4 300:305]
 -5 [ 4 348:348]

Vehicle: 512  Cost: 78.82
Route: 5 43 104 112 40 62 -5 
  5 [ 8  25: 40]
 43 [ 4  59: 64]
104 [ 8  64: 69]
112 [10  87: 92]
 40 [ 7 300:305]
 62 [ 6 312:317]
 -5 [ 6 346:346]

Total Cost: 2256.48
 12:159.02, 75:75 [1, 4, -4, -1]
 13:49.40, 75:75 [1, 5, -5, -1]
 14:104.31, 36:75 [1, 5, 2, -2, -5, -1]
201:52.95, 9:10 [2, 123, 37, 100, 131, 82, 88, 102, -2]
202:32.25, 10:10 [2, 115, 66, 118, 122, 72, -2]
203:121.28, 10:10 [2, 113, 29, 96, 86, 16, 126, 21, 91, 77, -2]
204:100.69, 8:10 [2, 69, 109, 8, 90, 99, -2]
401:85.36, 10:10 [4, 10, 33, 58, 110, 7, 19, -4]
402:85.66, 10:10 [4, 46, 106, 124, 53, 108, 74, 27, 92, -4]
403:65.17, 9:10 [4, 42, 103, 13, 31, 68, -4]
405:121.50, 10:10 [4, 63, 116, 6, 83, 28, 93, 97, -4]
406:106.87, 10:10 [4, 65, 73, 79, 127, 128, 117, 41, -4]
407:87.27, 10:10 [4, 48, 26, 125, 107, 52, 80, 78, 67, -4]
408:77.19, 10:10 [4, 60, 36, 38, 25, 55, -4]
409:67.39, 9:10 [4, 56, 121, 12, 22, -4]
501:59.56, 10:10 [5, 39, 101, 54, 17, 87, -5]
502:61.12, 10:10 [5, 95, 11, 59, 111, 9, 84, 98, -5]
503:111.29, 10:10 [5, 64, 114, 61, 120, 18, -5]
506:142.37, 10:10 [5, 51, 20, 89, 57, 94, 81, -5]
507:136.74, 10:10 [5, 75, 34, 35, 130, -5]
508:141.77, 9:10 [5, 24, 15, 71, 49, 70, 119, -5]
509:115.00, 10:10 [5, 23, 47, 32, 85, 14, 105, 45, -5]
510:93.51, 8:10 [5, 44, 50, 30, 129, 76, -5]
512:78.82, 10:10 [5, 43, 104, 112, 40, 62, -5]
fe: 3, se: 21

!ALNS------------
100000,2256.4757430632158,716.097,605.917,3,21,0.8266666666666667,0.9619047619047619,42.0,6.0
13 11 11 7 0 1 13 0 
12.106496005944166 33.20259413427713 12.782759803967103 16.81387514016061 47.199644921073514 59.38664543631709 18.488606729604516 23.46780881871581 
7 5 6 14 8 5 8 3 
17.294127985438703 17.967676350809565 19.27211166796172 18.71879171347123 20.956999720919026 18.233902372322856 17.82209611241033 22.61170797759706 

x[68] = 1.0
Vehicle: 12  Cost: 159.02
Route: 1 4 -4 -1 
 1 [ 74   0:  0 [42, 48, 79, 6, 26, 67, 56, 55, 41, 58, 52, 12, 73, 22, 65, 80, 36, 46, 60, 74, 78, 81, 38, 68, 13, 27, 10, 19, 25, 7, 33, 31, 28, 53]]
 4 [  0  80: 80 []]
-4 [ 39  80:505 [107, 93, 121, 127, 108, 96, 117, 92, 97, 103, 124, 110, 125, 83, 128, 106]]
-1 [ 39 585:585 [107, 93, 121, 127, 108, 96, 117, 92, 97, 103, 124, 110, 125, 83, 128, 106]]

x[13436] = 1.0
Vehicle: 13  Cost: 49.40
Route: 1 5 -5 -1 
 1 [ 74   0:  0 [71, 70, 49, 32, 40, 23, 62, 47, 45, 57, 51, 14, 75, 39, 35, 59, 76, 11, 63, 30, 43, 9, 61, 34, 18, 50, 20, 15, 44]]
 5 [  0  25: 25 []]
-5 [ 48  25:390 [85, 111, 101, 89, 119, 94, 84, 116, 112, 98, 95, 120, 104, 105, 129, 114]]
-1 [ 48 415:415 [85, 111, 101, 89, 119, 94, 84, 116, 112, 98, 95, 120, 104, 105, 129, 114]]

x[17722] = 1.0
Vehicle: 14  Cost: 104.31
Route: 1 5 2 -2 -5 -1 
 1 [ 36   0:  0 [16, 69, 37, 21, 8, 54, 77, 17, 82, 44, 66, 72, 29, 64, 24]]
 5 [ 31  25: 40 [16, 69, 37, 21, 8, 54, 77, 17, 82, 66, 72, 29]]
 2 [  0  67: 67 []]
-2 [ 36  67:464 [118, 100, 96, 91, 90, 115, 131, 113, 86, 123, 99, 126, 87, 102, 88, 122, 109]]
-5 [ 40 492:507 [130, 118, 100, 96, 91, 90, 115, 131, 113, 86, 123, 99, 126, 87, 102, 88, 122, 109]]
-1 [ 40 531:531 [118, 100, 96, 91, 90, 130, 115, 131, 113, 86, 123, 99, 126, 87, 102, 88, 122, 109]]

y[547] = 1.0
Vehicle: 513  Cost: 102.33
Route: 5 14 47 85 32 70 119 130 -5 
  5 [10  25: 40]
 14 [ 8  52: 57]
 47 [ 6 180:185]
 85 [10 195:200]
 32 [ 6 206:211]
 70 [ 4 300:305]
119 [ 5 305:310]
130 [ 9 335:340]
 -5 [ 9 356:356]

y[577] = 1.0
Vehicle: 403  Cost: 79.94
Route: 4 65 121 12 67 -4 
  4 [ 9 103:118]
 65 [ 6 144:149]
121 [10 168:173]
 12 [ 6 420:425]
 67 [ 4 434:439]
 -4 [ 4 462:462]

y[1927] = 1.0
Vehicle: 509  Cost: 137.85
Route: 5 24 34 35 49 -5 
  5 [10  25: 40]
 24 [ 9  70: 75]
 34 [ 5 300:305]
 35 [ 1 313:318]
 49 [ 0 329:334]
 -5 [ 0 391:391]

y[2440] = 1.0
Vehicle: 407  Cost: 80.17
Route: 4 48 26 125 107 52 80 78 -4 
  4 [ 8 102:117]
 48 [ 7 136:141]
 26 [ 6 145:150]
125 [ 7 160:165]
107 [ 8 175:180]
 52 [ 5 183:188]
 80 [ 3 300:305]
 78 [ 2 311:316]
 -4 [ 2 340:340]

y[3004] = 1.0
Vehicle: 408  Cost: 77.19
Route: 4 60 38 36 25 55 -4 
  4 [10 133:148]
 60 [ 8 175:180]
 38 [ 5 191:196]
 36 [ 2 196:201]
 25 [ 1 300:305]
 55 [ 0 316:321]
 -4 [ 0 334:334]

y[5192] = 1.0
Vehicle: 502  Cost: 72.20
Route: 5 95 11 23 59 111 -5 
  5 [ 7  25: 40]
 95 [ 8  61: 66]
 11 [ 4  76: 81]
 23 [ 3 180:185]
 59 [ 1 300:305]
111 [ 2 305:310]
 -5 [ 2 327:327]

y[5702] = 1.0
Vehicle: 511  Cost: 65.81
Route: 5 50 30 64 39 101 -5 
  5 [ 9  25: 40]
 50 [ 8  63: 68]
 30 [ 7  69: 74]
 64 [ 4  87: 92]
 39 [ 0 101:106]
101 [ 4 106:111]
 -5 [ 4 131:131]

y[6435] = 1.0
Vehicle: 507  Cost: 125.24
Route: 5 44 57 94 51 18 -5 
  5 [10  25:160]
 44 [ 9 180:185]
 57 [ 5 220:225]
 94 [ 9 230:235]
 51 [ 7 245:250]
 18 [ 4 300:305]
 -5 [ 4 357:357]

y[6981] = 1.0
Vehicle: 405  Cost: 106.14
Route: 4 22 81 97 6 83 28 93 -4 
  4 [10  80:275]
 22 [ 9 300:305]
 81 [ 7 320:325]
 97 [ 9 332:337]
  6 [ 6 420:425]
 83 [10 425:430]
 28 [ 6 434:439]
 93 [ 8 439:444]
 -4 [ 8 490:490]

y[9977] = 1.0
Vehicle: 406  Cost: 115.65
Route: 4 73 127 79 128 7 19 -4 
  4 [ 9  80: 95]
 73 [ 5 137:142]
127 [ 9 155:160]
 79 [ 8 160:165]
128 [ 9 180:185]
  7 [ 6 300:305]
 19 [ 5 312:317]
 -4 [ 5 351:351]

y[10946] = 1.0
Vehicle: 408  Cost: 61.97
Route: 4 10 33 117 58 110 13 -4 
  4 [ 9  80:154]
 10 [ 8 180:185]
 33 [ 5 189:194]
117 [ 8 198:203]
 58 [ 6 300:305]
110 [10 305:310]
 13 [ 7 322:327]
 -4 [ 7 341:341]

y[13236] = 1.0
Vehicle: 403  Cost: 85.66
Route: 4 46 106 124 53 108 74 92 27 -4 
  4 [10  80: 95]
 46 [ 6 133:138]
106 [ 8 138:143]
124 [10 147:152]
 53 [ 7 420:425]
108 [ 9 425:430]
 74 [ 7 438:443]
 92 [ 9 463:468]
 27 [ 8 468:473]
 -4 [ 8 488:488]

y[13323] = 1.0
Vehicle: 204  Cost: 123.72
Route: 2 69 29 96 109 8 90 99 -2 
  2 [ 9  67: 82]
 69 [ 5 117:122]
 29 [ 1 136:141]
 96 [ 3 141:146]
109 [ 7 174:179]
  8 [ 6 191:196]
 90 [ 8 214:219]
 99 [10 221:226]
 -2 [10 241:241]

y[14291] = 1.0
Vehicle: 509  Cost: 26.66
Route: 5 45 105 9 84 -5 
  5 [ 4  25: 40]
 45 [ 3  49: 54]
105 [ 7  54: 59]
  9 [ 4 300:305]
 84 [ 7 305:310]
 -5 [ 7 317:317]

y[14652] = 1.0
Vehicle: 506  Cost: 160.83
Route: 5 71 15 20 89 63 116 129 -5 
  5 [10  25: 40]
 71 [ 8 102:107]
 15 [ 5 126:131]
 20 [ 3 146:151]
 89 [ 7 151:156]
 63 [ 4 161:166]
116 [ 6 166:171]
129 [10 191:196]
 -5 [10 236:236]

y[14720] = 1.0
Vehicle: 201  Cost: 52.95
Route: 2 123 100 37 131 82 88 102 -2 
  2 [ 5 168:183]
123 [ 7 193:198]
100 [ 8 201:206]
 37 [ 7 206:211]
131 [ 9 217:222]
 82 [ 5 222:227]
 88 [ 8 300:305]
102 [ 9 310:315]
 -2 [ 9 341:341]

y[15812] = 1.0
Vehicle: 202  Cost: 57.43
Route: 2 17 87 54 115 72 122 -2 
  2 [ 9  67:287]
 17 [ 6 300:305]
 87 [10 305:310]
 54 [ 7 322:327]
115 [ 8 420:425]
 72 [ 5 427:432]
122 [ 8 432:437]
 -2 [ 8 449:449]

y[15947] = 1.0
Vehicle: 503  Cost: 111.25
Route: 5 75 61 114 120 76 -5 
  5 [10  25:138]
 75 [ 8 180:185]
 61 [ 4 197:202]
114 [ 7 202:207]
120 [10 210:215]
 76 [ 6 300:305]
 -5 [ 6 348:348]

y[16106] = 1.0
Vehicle: 203  Cost: 103.59
Route: 2 113 126 16 86 21 91 77 66 118 -2 
  2 [ 8  67: 82]
113 [ 9 101:106]
126 [10 300:305]
 16 [ 7 319:324]
 86 [ 9 324:329]
 21 [ 8 345:350]
 91 [10 350:355]
 77 [ 9 361:366]
 66 [ 6 385:390]
118 [ 9 390:395]
 -2 [ 9 411:411]

y[16639] = 1.0
Vehicle: 512  Cost: 80.10
Route: 5 43 104 112 40 62 98 -5 
  5 [ 8  25: 40]
 43 [ 4  59: 64]
104 [ 8  64: 69]
112 [10  87: 92]
 40 [ 7 300:305]
 62 [ 6 312:317]
 98 [10 343:348]
 -5 [10 352:352]

y[17189] = 1.0
Vehicle: 409  Cost: 59.67
Route: 4 56 41 103 42 31 68 -4 
  4 [ 9  80: 95]
 56 [ 6  98:103]
 41 [ 4 180:185]
103 [ 7 190:195]
 42 [ 6 195:200]
 31 [ 4 300:305]
 68 [ 3 316:321]
 -4 [ 3 340:340]

FE: 3
SE: 21
!MIP-----
2199.077210364113,5404.364734888077,0.003886931858601436,3,21,22831,17370

Run: 3
Total Cost: 2309.98
Vehicle: 12  Cost: 166.24
Route: 1 4 -4 -5 -1 
 1 [ 73   0:  0 [7, 52, 60, 10, 55, 73, 25, 79, 42, 48, 33, 36, 16, 67, 58, 65, 19, 28, 74, 26, 12, 21, 77, 31, 68, 27, 56, 46, 6, 53, 38, 13, 41]]
 4 [  0  80: 80 []]
-4 [ 45  80:560 [124, 106, 126, 121, 125, 108, 127, 91, 86, 103, 117, 97, 92, 110, 96, 115, 128, 83, 93, 107]]
-5 [ 50 622:637 [124, 106, 126, 121, 125, 108, 127, 119, 91, 86, 103, 117, 97, 130, 92, 110, 96, 115, 128, 83, 93, 107]]
-1 [ 50 662:662 [124, 106, 126, 121, 125, 108, 127, 119, 91, 86, 103, 117, 97, 130, 92, 110, 96, 115, 128, 83, 93, 107]]

Vehicle: 13  Cost: 49.40
Route: 1 5 -5 -1 
 1 [ 75   0:  0 [75, 62, 76, 40, 18, 51, 71, 29, 69, 45, 20, 59, 82, 30, 64, 43, 63, 49, 78, 61, 66, 72, 24, 70, 34, 32, 9, 37, 54]]
 5 [  0  25: 25 []]
-5 [ 75  25:391 [88, 122, 102, 100, 95, 118, 109, 114, 101, 94, 90, 89, 99, 129, 111, 113, 98, 112, 123, 120, 131, 105, 85, 116, 104, 84, 87]]
-1 [ 75 416:416 [88, 122, 102, 100, 95, 118, 109, 114, 101, 94, 90, 89, 99, 129, 111, 113, 98, 112, 123, 120, 131, 105, 85, 116, 104, 84, 87]]

Vehicle: 14  Cost: 49.40
Route: 1 5 -1 
 1 [ 35   0:  0 [80, 47, 23, 44, 81, 17, 35, 22, 8, 57, 11, 39, 15, 14, 50]]
 5 [  0  25: 40 []]
-1 [  0  64: 64 []]

Vehicle: 401  Cost: 50.34
Route: 4 103 42 31 68 -4 
  4 [ 4  80: 95]
103 [ 7 107:112]
 42 [ 6 112:117]
 31 [ 4 300:305]
 68 [ 3 316:321]
 -4 [ 3 340:340]

Vehicle: 402  Cost: 85.45
Route: 4 65 106 73 124 53 108 92 -4 
  4 [10  80: 95]
 65 [ 7 120:125]
106 [ 9 138:143]
 73 [ 5 147:152]
124 [ 7 152:157]
 53 [ 4 420:425]
108 [ 6 425:430]
 92 [ 8 457:462]
 -4 [ 8 478:478]

Vehicle: 403  Cost: 61.08
Route: 4 41 33 117 58 110 13 -4 
  4 [10  80:165]
 41 [ 8 180:185]
 33 [ 5 199:204]
117 [ 8 208:213]
 58 [ 6 300:305]
110 [10 305:310]
 13 [ 7 322:327]
 -4 [ 7 341:341]

Vehicle: 404  Cost: 148.84
Route: 4 48 26 52 107 125 115 126 16 86 21 91 77 -4 
  4 [10  80: 95]
 48 [ 9 114:119]
 26 [ 8 123:128]
 52 [ 5 180:185]
107 [ 6 188:193]
125 [ 7 203:208]
115 [ 8 420:425]
126 [ 9 451:456]
 16 [ 6 470:475]
 86 [ 8 475:480]
 21 [ 7 496:501]
 91 [ 9 501:506]
 77 [ 8 512:517]
 -4 [ 8 545:545]

Vehicle: 405  Cost: 67.52
Route: 4 56 121 12 67 -4 
  4 [ 9  80: 95]
 56 [ 6  98:103]
121 [10 132:137]
 12 [ 6 420:425]
 67 [ 4 434:439]
 -4 [ 4 462:462]

Vehicle: 406  Cost: 118.21
Route: 4 10 46 127 79 128 7 19 -4 
  4 [10  80:154]
 10 [ 9 180:185]
 46 [ 5 204:209]
127 [ 9 222:227]
 79 [ 8 227:232]
128 [ 9 242:247]
  7 [ 6 300:305]
 19 [ 5 312:317]
 -4 [ 5 351:351]

Vehicle: 407  Cost: 88.80
Route: 4 60 38 36 96 25 55 -4 
  4 [10  80: 95]
 60 [ 8 121:126]
 38 [ 5 137:142]
 36 [ 2 142:147]
 96 [ 4 157:162]
 25 [ 3 300:305]
 55 [ 2 316:321]
 -4 [ 2 334:334]

Vehicle: 408  Cost: 104.39
Route: 4 27 74 93 28 6 83 97 -4 
  4 [10  80:285]
 27 [ 9 300:305]
 74 [ 7 325:330]
 93 [ 9 345:350]
 28 [ 5 350:355]
  6 [ 2 420:425]
 83 [ 6 425:430]
 97 [ 8 439:444]
 -4 [ 8 485:485]

Vehicle: 501  Cost: 89.64
Route: 5 39 101 78 80 54 -5 
  5 [10  25: 41]
 39 [ 6  60: 65]
101 [10  65: 70]
 78 [ 9 300:305]
 80 [ 7 311:316]
 54 [ 4 334:339]
 -5 [ 4 359:359]

Vehicle: 502  Cost: 69.43
Route: 5 66 118 72 122 17 87 -5 
  5 [ 9  25:266]
 66 [ 6 300:305]
118 [ 9 305:310]
 72 [ 6 314:319]
122 [ 9 319:324]
 17 [ 6 337:342]
 87 [10 342:347]
 -5 [10 365:365]

Vehicle: 503  Cost: 153.90
Route: 5 23 47 71 49 35 -5 
  5 [10  25:159]
 23 [ 9 180:185]
 47 [ 7 205:210]
 71 [ 5 242:247]
 49 [ 4 300:305]
 35 [ 0 316:321]
 -5 [ 0 383:383]

Vehicle: 504  Cost: 55.68
Route: 5 43 104 11 59 111 -5 
  5 [10  25: 40]
 43 [ 6  59: 64]
104 [10  64: 69]
 11 [ 6  83: 88]
 59 [ 4 300:305]
111 [ 5 305:310]
 -5 [ 5 327:327]

Vehicle: 505  Cost: 92.45
Route: 5 64 61 114 129 30 50 44 -5 
  5 [10  25: 40]
 64 [ 7  68: 73]
 61 [ 3  94: 99]
114 [ 6  99:104]
129 [10 108:113]
 30 [ 9 128:133]
 50 [ 8 134:139]
 44 [ 7 180:185]
 -5 [ 7 205:205]

Vehicle: 506  Cost: 137.75
Route: 5 24 15 34 70 119 130 -5 
  5 [10  25: 40]
 24 [ 9  70: 75]
 15 [ 6 101:106]
 34 [ 2 300:305]
 70 [ 0 339:344]
119 [ 1 344:349]
130 [ 5 374:379]
 -5 [ 5 394:394]

Vehicle: 507  Cost: 134.30
Route: 5 14 120 57 94 81 22 -5 
  5 [ 9  25: 40]
 14 [ 7  52: 57]
120 [10  90: 95]
 57 [ 6 111:116]
 94 [10 121:126]
 81 [ 8 300:305]
 22 [ 7 320:325]
 -5 [ 7 376:376]

Vehicle: 508  Cost: 105.49
Route: 5 32 85 75 76 -5 
  5 [10  25:138]
 32 [ 6 180:185]
 85 [10 191:196]
 75 [ 8 209:214]
 76 [ 4 300:305]
 -5 [ 4 348:348]

Vehicle: 509  Cost: 17.89
Route: 5 105 45 -5 
  5 [ 1  25: 40]
105 [ 5  49: 54]
 45 [ 4  54: 59]
 -5 [ 4  68: 68]

Vehicle: 510  Cost: 75.70
Route: 5 123 37 100 131 82 88 102 -5 
  5 [ 5  25: 40]
123 [ 7  66: 71]
 37 [ 6 180:185]
100 [ 7 185:190]
131 [ 9 196:201]
 82 [ 5 201:206]
 88 [ 8 300:305]
102 [ 9 310:315]
 -5 [ 9 347:347]

Vehicle: 513  Cost: 82.02
Route: 5 95 112 40 62 9 84 98 -5 
  5 [ 7  25: 40]
 95 [ 8  61: 66]
112 [10  84: 89]
 40 [ 7 300:305]
 62 [ 6 312:317]
  9 [ 3 339:344]
 84 [ 6 344:349]
 98 [10 353:358]
 -5 [10 362:362]

Vehicle: 516  Cost: 125.61
Route: 5 51 63 116 20 89 18 -5 
  5 [10  25:127]
 51 [ 8 180:185]
 63 [ 5 194:199]
116 [ 7 199:204]
 20 [ 5 209:214]
 89 [ 9 214:219]
 18 [ 6 300:305]
 -5 [ 6 357:357]

Vehicle: 518  Cost: 180.46
Route: 5 113 69 29 109 8 90 99 -5 
  5 [ 9  25: 40]
113 [10  86: 91]
 69 [ 6 111:116]
 29 [ 2 130:135]
109 [ 6 164:169]
  8 [ 5 180:185]
 90 [ 7 204:209]
 99 [ 9 211:216]
 -5 [ 9 255:255]

Total Cost: 2309.98
 12:166.24, 73:75 [1, 4, -4, -5, -1]
 13:49.40, 75:75 [1, 5, -5, -1]
 14:49.40, 35:75 [1, 5, -1]
401:50.34, 7:10 [4, 103, 42, 31, 68, -4]
402:85.45, 10:10 [4, 65, 106, 73, 124, 53, 108, 92, -4]
403:61.08, 10:10 [4, 41, 33, 117, 58, 110, 13, -4]
404:148.84, 10:10 [4, 48, 26, 52, 107, 125, 115, 126, 16, 86, 21, 91, 77, -4]
405:67.52, 10:10 [4, 56, 121, 12, 67, -4]
406:118.21, 10:10 [4, 10, 46, 127, 79, 128, 7, 19, -4]
407:88.80, 10:10 [4, 60, 38, 36, 96, 25, 55, -4]
408:104.39, 10:10 [4, 27, 74, 93, 28, 6, 83, 97, -4]
501:89.64, 10:10 [5, 39, 101, 78, 80, 54, -5]
502:69.43, 10:10 [5, 66, 118, 72, 122, 17, 87, -5]
503:153.90, 10:10 [5, 23, 47, 71, 49, 35, -5]
504:55.68, 10:10 [5, 43, 104, 11, 59, 111, -5]
505:92.45, 10:10 [5, 64, 61, 114, 129, 30, 50, 44, -5]
506:137.75, 10:10 [5, 24, 15, 34, 70, 119, 130, -5]
507:134.30, 10:10 [5, 14, 120, 57, 94, 81, 22, -5]
508:105.49, 10:10 [5, 32, 85, 75, 76, -5]
509:17.89, 5:10 [5, 105, 45, -5]
510:75.70, 9:10 [5, 123, 37, 100, 131, 82, 88, 102, -5]
513:82.02, 10:10 [5, 95, 112, 40, 62, 9, 84, 98, -5]
516:125.61, 10:10 [5, 51, 63, 116, 20, 89, 18, -5]
518:180.46, 10:10 [5, 113, 69, 29, 109, 8, 90, 99, -5]
fe: 3, se: 21

!ALNS------------
100000,2309.9772103116093,1144.569,1136.452,3,21,0.8133333333333334,0.9571428571428572,42.0,6.0
18 15 16 6 0 0 10 4 
12.2473185854348 33.1005905354793 12.86984479259021 17.12437462411555 68.11908689684155 70.55172704139197 16.71164195667173 15.733572232747974 
8 17 3 15 6 3 12 5 
19.610307611939835 18.429071612400342 17.734655832368706 18.354713449004954 19.28450107586942 18.098744026708868 17.340454610903162 19.471666003664325 

x[4743] = 1.0
Vehicle: 13  Cost: 49.40
Route: 1 5 -5 -1 
 1 [ 17   0:  0 [70, 44, 49, 50, 9, 18, 59, 71, 20]]
 5 [  0  25: 25 []]
-5 [ 20  25:539 [119, 129, 111, 116, 98, 130, 83]]
-1 [ 20 564:564 [119, 129, 111, 116, 98, 130, 83]]

x[11662] = 1.0
Vehicle: 14  Cost: 104.31
Route: 1 5 2 -2 -5 -1 
 1 [ 33   0:  0 [72, 64, 66, 69, 47, 14, 29, 54, 82, 43, 8]]
 5 [ 15  25: 40 [72, 66, 69, 29, 8]]
 2 [  0  67: 67 []]
-2 [ 16  67:454 [109, 122, 90, 113, 99, 118, 115]]
-5 [ 21 481:496 [130, 119, 109, 122, 90, 113, 99, 118, 115]]
-1 [ 21 521:521 [130, 119, 109, 122, 90, 113, 99, 118, 115]]

x[26195] = 1.0
Vehicle: 13  Cost: 49.40
Route: 1 5 -5 -1 
 1 [ 75   0:  0 [18, 49, 32, 50, 47, 14, 39, 81, 30, 51, 35, 52, 45, 61, 62, 70, 76, 34, 17, 40, 75, 57, 37, 43, 15, 24, 23, 63, 11, 44]]
 5 [  0  25: 25 []]
-5 [ 71  25:390 [85, 84, 129, 125, 101, 87, 116, 88, 98, 131, 94, 112, 107, 105, 89, 102, 120, 119, 121, 114, 104, 111, 130, 95, 100, 123]]
-1 [ 71 414:414 [85, 84, 129, 125, 101, 87, 116, 88, 98, 131, 94, 112, 107, 105, 89, 102, 120, 119, 121, 114, 104, 111, 130, 95, 100, 123]]

x[38345] = 1.0
Vehicle: 12  Cost: 159.02
Route: 1 4 -4 -1 
 1 [ 74   0:  0 [41, 22, 10, 53, 21, 38, 78, 74, 16, 79, 67, 48, 31, 7, 65, 77, 58, 73, 46, 68, 33, 56, 26, 80, 55, 60, 19, 28, 27, 6, 12, 13, 25, 42, 36]]
 4 [  0  80: 80 []]
-4 [ 44  80:576 [103, 115, 124, 108, 91, 110, 93, 83, 106, 128, 126, 127, 117, 97, 121, 125, 86, 96, 92]]
-1 [ 44 656:656 [103, 115, 124, 108, 91, 110, 93, 83, 106, 128, 126, 127, 117, 97, 121, 125, 86, 96, 92]]

y[505] = 1.0
Vehicle: 403  Cost: 61.08
Route: 4 41 33 117 58 110 13 -4 
  4 [10 122:165]
 41 [ 8 180:185]
 33 [ 5 199:204]
117 [ 8 208:213]
 58 [ 6 300:305]
110 [10 305:310]
 13 [ 7 322:327]
 -4 [ 7 341:341]

y[959] = 1.0
Vehicle: 506  Cost: 79.73
Route: 5 39 101 52 107 125 54 -5 
  5 [10  25: 41]
 39 [ 6  60: 65]
101 [10  65: 70]
 52 [ 7 180:185]
107 [ 8 188:193]
125 [ 9 203:208]
 54 [ 6 300:305]
 -5 [ 6 325:325]

y[2298] = 1.0
Vehicle: 505  Cost: 147.49
Route: 5 24 71 15 120 114 61 129 -5 
  5 [10  25: 40]
 24 [ 9  70: 75]
 71 [ 7 109:114]
 15 [ 4 133:138]
120 [ 7 156:161]
114 [10 164:169]
 61 [ 6 169:174]
129 [10 178:183]
 -5 [10 222:222]

y[3330] = 1.0
Vehicle: 503  Cost: 138.47
Route: 5 44 34 35 49 -5 
  5 [10  25:160]
 44 [ 9 180:185]
 34 [ 5 300:305]
 35 [ 1 313:318]
 49 [ 0 329:334]
 -5 [ 0 391:391]

y[6420] = 1.0
Vehicle: 508  Cost: 125.61
Route: 5 51 116 63 20 89 18 -5 
  5 [10  25:127]
 51 [ 8 180:185]
116 [10 194:199]
 63 [ 7 199:204]
 20 [ 5 209:214]
 89 [ 9 214:219]
 18 [ 6 300:305]
 -5 [ 6 357:357]

y[7266] = 1.0
Vehicle: 406  Cost: 118.21
Route: 4 10 46 127 79 128 7 19 -4 
  4 [10 148:163]
 10 [ 9 189:194]
 46 [ 5 213:218]
127 [ 9 231:236]
 79 [ 8 236:241]
128 [ 9 251:256]
  7 [ 6 300:305]
 19 [ 5 312:317]
 -4 [ 5 351:351]

y[8877] = 1.0
Vehicle: 509  Cost: 37.24
Route: 5 45 105 17 87 -5 
  5 [ 4  25: 40]
 45 [ 3  49: 54]
105 [ 7  54: 59]
 17 [ 4 300:305]
 87 [ 8 305:310]
 -5 [ 8 328:328]

y[9102] = 1.0
Vehicle: 503  Cost: 88.15
Route: 5 14 50 30 75 76 -5 
  5 [10 131:146]
 14 [ 8 158:163]
 50 [ 7 174:179]
 30 [ 6 180:185]
 75 [ 4 205:210]
 76 [ 0 300:305]
 -5 [ 0 348:348]

y[9729] = 1.0
Vehicle: 510  Cost: 75.70
Route: 5 123 37 100 82 131 88 102 -5 
  5 [ 5 180:195]
123 [ 7 222:227]
 37 [ 6 229:234]
100 [ 7 234:239]
 82 [ 3 246:251]
131 [ 5 251:256]
 88 [ 8 300:305]
102 [ 9 310:315]
 -5 [ 9 347:347]

y[11089] = 1.0
Vehicle: 204  Cost: 128.04
Route: 2 113 69 29 109 8 90 99 -2 
  2 [ 9  67: 82]
113 [10 101:106]
 69 [ 6 127:132]
 29 [ 2 145:150]
109 [ 6 179:184]
  8 [ 5 195:200]
 90 [ 7 219:224]
 99 [ 9 226:231]
 -2 [ 9 245:245]

y[12041] = 1.0
Vehicle: 504  Cost: 55.68
Route: 5 43 104 11 111 59 -5 
  5 [10 188:203]
 43 [ 6 223:228]
104 [10 228:233]
 11 [ 6 246:251]
111 [ 7 300:305]
 59 [ 5 305:310]
 -5 [ 5 327:327]

y[12068] = 1.0
Vehicle: 208  Cost: 32.25
Route: 2 72 122 118 66 115 -2 
  2 [ 6 109:288]
 72 [ 3 300:305]
122 [ 6 305:310]
118 [ 9 314:319]
 66 [ 6 319:324]
115 [ 7 420:425]
 -2 [ 7 439:439]

y[12268] = 1.0
Vehicle: 402  Cost: 85.41
Route: 4 73 124 108 53 74 92 27 -4 
  4 [10 103:118]
 73 [ 6 161:166]
124 [ 8 166:171]
108 [10 420:425]
 53 [ 7 425:430]
 74 [ 5 438:443]
 92 [ 7 463:468]
 27 [ 6 468:473]
 -4 [ 6 488:488]

y[12791] = 1.0
Vehicle: 410  Cost: 79.30
Route: 4 80 78 12 22 67 -4 
  4 [10 102:273]
 80 [ 8 300:305]
 78 [ 7 311:316]
 12 [ 3 420:425]
 22 [ 2 432:437]
 67 [ 0 439:444]
 -4 [ 0 467:467]

y[12988] = 1.0
Vehicle: 511  Cost: 108.27
Route: 5 23 47 85 32 70 119 130 -5 
  5 [ 9 188:203]
 23 [ 8 224:229]
 47 [ 6 249:254]
 85 [10 264:269]
 32 [ 6 275:280]
 70 [ 4 300:305]
119 [ 5 305:310]
130 [ 9 335:340]
 -5 [ 9 356:356]

y[13929] = 1.0
Vehicle: 404  Cost: 121.23
Route: 4 48 26 77 126 16 86 21 91 -4 
  4 [ 7  80: 95]
 48 [ 6 114:119]
 26 [ 5 123:128]
 77 [ 4 300:305]
126 [ 5 318:323]
 16 [ 2 337:342]
 86 [ 4 342:347]
 21 [ 3 363:368]
 91 [ 5 368:373]
 -4 [ 5 403:403]

y[14533] = 1.0
Vehicle: 513  Cost: 82.02
Route: 5 95 112 40 62 9 84 98 -5 
  5 [ 7 125:140]
 95 [ 8 161:166]
112 [10 184:189]
 40 [ 7 300:305]
 62 [ 6 312:317]
  9 [ 3 339:344]
 84 [ 6 344:349]
 98 [10 353:358]
 -5 [10 362:362]

y[16277] = 1.0
Vehicle: 408  Cost: 102.62
Route: 4 65 106 28 93 6 83 97 -4 
  4 [10  80: 95]
 65 [ 7 120:125]
106 [ 9 138:143]
 28 [ 5 300:305]
 93 [ 7 305:310]
  6 [ 4 420:425]
 83 [ 8 425:430]
 97 [10 439:444]
 -4 [10 485:485]

y[16480] = 1.0
Vehicle: 407  Cost: 88.80
Route: 4 60 36 38 96 25 55 -4 
  4 [10  80: 95]
 60 [ 8 121:126]
 36 [ 5 137:142]
 38 [ 2 142:147]
 96 [ 4 157:162]
 25 [ 3 300:305]
 55 [ 2 316:321]
 -4 [ 2 334:334]

y[19954] = 1.0
Vehicle: 407  Cost: 53.34
Route: 4 56 103 42 31 68 -4 
  4 [ 7 103:118]
 56 [ 4 122:127]
103 [ 7 139:144]
 42 [ 6 144:149]
 31 [ 4 300:305]
 68 [ 3 316:321]
 -4 [ 3 340:340]

y[19984] = 1.0
Vehicle: 507  Cost: 121.94
Route: 5 64 121 57 94 81 -5 
  5 [ 9  25: 40]
 64 [ 6  68: 73]
121 [10  92: 97]
 57 [ 6 108:113]
 94 [10 118:123]
 81 [ 8 300:305]
 -5 [ 8 361:361]

FE: 4
SE: 21
!MIP-----
2292.715039100721,5401.375936031342,0.05902009248231748,4,21,38879,21074

Run: 4
Total Cost: 2222.46
Vehicle: 11  Cost: 104.31
Route: 1 5 2 -2 -1 
 1 [ 74   0:  0 [82, 37, 66, 16, 23, 21, 29, 63, 75, 49, 77, 24, 32, 69, 72, 8, 59, 34, 35, 57, 51, 61, 64, 20, 43, 45, 70, 11, 30]]
 5 [ 25  25: 40 [82, 37, 66, 16, 21, 29, 77, 69, 72, 8]]
 2 [  0  67: 67 []]
-2 [ 32  67:454 [123, 96, 109, 131, 122, 90, 118, 88, 113, 99, 115, 102, 100, 91, 126, 86]]
-1 [ 32 506:506 [123, 96, 109, 131, 122, 90, 118, 88, 113, 99, 115, 102, 100, 91, 126, 86]]

Vehicle: 12  Cost: 159.02
Route: 1 4 -4 -1 
 1 [ 74   0:  0 [56, 48, 67, 81, 28, 22, 42, 10, 25, 19, 53, 6, 12, 65, 78, 74, 60, 68, 80, 33, 36, 38, 46, 79, 26, 73, 52, 41, 58, 55, 7, 31, 27, 13]]
 4 [  0  80: 80 []]
-4 [ 35  80:505 [92, 83, 121, 103, 108, 97, 117, 127, 124, 93, 106, 128, 110]]
-1 [ 35 584:584 [92, 83, 121, 103, 108, 97, 117, 127, 124, 93, 106, 128, 110]]

Vehicle: 13  Cost: 49.40
Route: 1 5 -5 -1 
 1 [ 35   0:  0 [62, 9, 15, 71, 50, 44, 39, 14, 76, 18, 17, 47, 54, 40]]
 5 [  0  25: 25 []]
-5 [ 58  25:377 [119, 107, 84, 114, 101, 87, 129, 94, 104, 116, 120, 85, 98, 112, 105, 95, 89, 125, 130, 111]]
-1 [ 58 402:402 [119, 107, 84, 114, 101, 87, 129, 94, 104, 116, 120, 85, 98, 112, 105, 95, 89, 125, 130, 111]]

Vehicle: 201  Cost: 121.28
Route: 2 113 29 96 86 16 126 91 21 77 -2 
  2 [ 9  67: 82]
113 [10 101:106]
 29 [ 6 138:143]
 96 [ 8 143:148]
 86 [10 300:305]
 16 [ 7 305:310]
126 [ 8 324:329]
 91 [10 341:346]
 21 [ 9 346:351]
 77 [ 8 358:363]
 -2 [ 8 394:394]

Vehicle: 202  Cost: 32.25
Route: 2 72 122 118 66 115 -2 
  2 [ 6  67:288]
 72 [ 3 300:305]
122 [ 6 305:310]
118 [ 9 314:319]
 66 [ 6 319:324]
115 [ 7 420:425]
 -2 [ 7 439:439]

Vehicle: 203  Cost: 52.95
Route: 2 123 100 37 131 82 88 102 -2 
  2 [ 5  67: 82]
123 [ 7  93: 98]
100 [ 8 180:185]
 37 [ 7 185:190]
131 [ 9 196:201]
 82 [ 5 201:206]
 88 [ 8 300:305]
102 [ 9 310:315]
 -2 [ 9 341:341]

Vehicle: 204  Cost: 100.69
Route: 2 69 109 8 90 99 -2 
  2 [ 5  67: 82]
 69 [ 1 117:122]
109 [ 5 141:146]
  8 [ 4 180:185]
 90 [ 6 204:209]
 99 [ 8 211:216]
 -2 [ 8 230:230]

Vehicle: 401  Cost: 85.36
Route: 4 10 33 110 58 7 19 -4 
  4 [10  80:154]
 10 [ 9 180:185]
 33 [ 6 189:194]
110 [10 300:305]
 58 [ 8 305:310]
  7 [ 5 322:327]
 19 [ 4 334:339]
 -4 [ 4 373:373]

Vehicle: 402  Cost: 85.66
Route: 4 46 106 124 53 108 74 27 92 -4 
  4 [10  80: 95]
 46 [ 6 133:138]
106 [ 8 138:143]
124 [10 147:152]
 53 [ 7 420:425]
108 [ 9 425:430]
 74 [ 7 438:443]
 27 [ 6 463:468]
 92 [ 8 468:473]
 -4 [ 8 488:488]

Vehicle: 403  Cost: 106.87
Route: 4 65 73 79 127 128 117 41 -4 
  4 [10  80: 95]
 65 [ 7 120:125]
 73 [ 3 142:147]
 79 [ 2 160:165]
127 [ 6 165:170]
128 [ 7 180:185]
117 [10 200:205]
 41 [ 8 217:222]
 -4 [ 8 236:236]

Vehicle: 404  Cost: 106.14
Route: 4 22 81 97 6 83 28 93 -4 
  4 [10  80:275]
 22 [ 9 300:305]
 81 [ 7 320:325]
 97 [ 9 332:337]
  6 [ 6 420:425]
 83 [10 425:430]
 28 [ 6 434:439]
 93 [ 8 439:444]
 -4 [ 8 490:490]

Vehicle: 405  Cost: 67.52
Route: 4 56 121 12 67 -4 
  4 [ 9  80: 95]
 56 [ 6  98:103]
121 [10 132:137]
 12 [ 6 420:425]
 67 [ 4 434:439]
 -4 [ 4 462:462]

Vehicle: 406  Cost: 77.19
Route: 4 60 38 36 25 55 -4 
  4 [10  80: 95]
 60 [ 8 121:126]
 38 [ 5 137:142]
 36 [ 2 142:147]
 25 [ 1 300:305]
 55 [ 0 316:321]
 -4 [ 0 334:334]

Vehicle: 407  Cost: 68.07
Route: 4 48 26 52 80 78 -4 
  4 [ 8  80: 95]
 48 [ 7 114:119]
 26 [ 6 123:128]
 52 [ 3 180:185]
 80 [ 1 300:305]
 78 [ 0 311:316]
 -4 [ 0 340:340]

Vehicle: 408  Cost: 65.17
Route: 4 42 103 13 31 68 -4 
  4 [ 7  80: 95]
 42 [ 6 107:112]
103 [ 9 112:117]
 13 [ 6 300:305]
 31 [ 4 320:325]
 68 [ 3 336:341]
 -4 [ 3 360:360]

Vehicle: 501  Cost: 137.22
Route: 5 71 15 76 -5 
  5 [ 9  25: 40]
 71 [ 7 102:107]
 15 [ 4 126:131]
 76 [ 0 300:305]
 -5 [ 0 348:348]

Vehicle: 502  Cost: 82.02
Route: 5 95 112 40 62 9 84 98 -5 
  5 [ 7  25: 40]
 95 [ 8  61: 66]
112 [10  84: 89]
 40 [ 7 300:305]
 62 [ 6 312:317]
  9 [ 3 339:344]
 84 [ 6 344:349]
 98 [10 353:358]
 -5 [10 362:362]

Vehicle: 503  Cost: 137.85
Route: 5 24 34 35 49 -5 
  5 [10  25: 40]
 24 [ 9  70: 75]
 34 [ 5 300:305]
 35 [ 1 313:318]
 49 [ 0 329:334]
 -5 [ 0 391:391]

Vehicle: 504  Cost: 91.78
Route: 5 14 44 50 30 61 114 120 129 -5 
  5 [ 9  25: 40]
 14 [ 7  52: 57]
 44 [ 6 180:185]
 50 [ 5 188:193]
 30 [ 4 194:199]
 61 [ 0 218:223]
114 [ 3 223:228]
120 [ 6 231:236]
129 [10 242:247]
 -5 [10 287:287]

Vehicle: 505  Cost: 55.68
Route: 5 43 104 11 111 59 -5 
  5 [10  25: 40]
 43 [ 6  59: 64]
104 [10  64: 69]
 11 [ 6  83: 88]
111 [ 7 300:305]
 59 [ 5 305:310]
 -5 [ 5 327:327]

Vehicle: 506  Cost: 124.69
Route: 5 75 20 89 63 116 18 -5 
  5 [10  25:138]
 75 [ 8 180:185]
 20 [ 6 203:208]
 89 [10 208:213]
 63 [ 7 218:223]
116 [ 9 223:228]
 18 [ 6 300:305]
 -5 [ 6 357:357]

Vehicle: 508  Cost: 59.56
Route: 5 39 101 54 17 87 -5 
  5 [10  25: 41]
 39 [ 6  60: 65]
101 [10  65: 70]
 54 [ 7 300:305]
 17 [ 4 317:322]
 87 [ 8 322:327]
 -5 [ 8 345:345]

Vehicle: 509  Cost: 143.52
Route: 5 64 51 57 94 107 125 45 105 -5 
  5 [10  25: 40]
 64 [ 7  68: 73]
 51 [ 5 180:185]
 57 [ 1 191:196]
 94 [ 5 201:206]
107 [ 6 240:245]
125 [ 7 254:259]
 45 [ 6 283:288]
105 [10 288:293]
 -5 [10 302:302]

Vehicle: 513  Cost: 108.27
Route: 5 23 47 85 32 70 119 130 -5 
  5 [ 9  25:159]
 23 [ 8 180:185]
 47 [ 6 205:210]
 85 [10 220:225]
 32 [ 6 231:236]
 70 [ 4 300:305]
119 [ 5 305:310]
130 [ 9 335:340]
 -5 [ 9 356:356]

Total Cost: 2222.46
 11:104.31, 74:75 [1, 5, 2, -2, -1]
 12:159.02, 74:75 [1, 4, -4, -1]
 13:49.40, 58:75 [1, 5, -5, -1]
201:121.28, 10:10 [2, 113, 29, 96, 86, 16, 126, 91, 21, 77, -2]
202:32.25, 9:10 [2, 72, 122, 118, 66, 115, -2]
203:52.95, 9:10 [2, 123, 100, 37, 131, 82, 88, 102, -2]
204:100.69, 8:10 [2, 69, 109, 8, 90, 99, -2]
401:85.36, 10:10 [4, 10, 33, 110, 58, 7, 19, -4]
402:85.66, 10:10 [4, 46, 106, 124, 53, 108, 74, 27, 92, -4]
403:106.87, 10:10 [4, 65, 73, 79, 127, 128, 117, 41, -4]
404:106.14, 10:10 [4, 22, 81, 97, 6, 83, 28, 93, -4]
405:67.52, 10:10 [4, 56, 121, 12, 67, -4]
406:77.19, 10:10 [4, 60, 38, 36, 25, 55, -4]
407:68.07, 8:10 [4, 48, 26, 52, 80, 78, -4]
408:65.17, 9:10 [4, 42, 103, 13, 31, 68, -4]
501:137.22, 9:10 [5, 71, 15, 76, -5]
502:82.02, 10:10 [5, 95, 112, 40, 62, 9, 84, 98, -5]
503:137.85, 10:10 [5, 24, 34, 35, 49, -5]
504:91.78, 10:10 [5, 14, 44, 50, 30, 61, 114, 120, 129, -5]
505:55.68, 10:10 [5, 43, 104, 11, 111, 59, -5]
506:124.69, 10:10 [5, 75, 20, 89, 63, 116, 18, -5]
508:59.56, 10:10 [5, 39, 101, 54, 17, 87, -5]
509:143.52, 10:10 [5, 64, 51, 57, 94, 107, 125, 45, 105, -5]
513:108.27, 10:10 [5, 23, 47, 85, 32, 70, 119, 130, -5]
fe: 3, se: 21

!ALNS------------
100000,2222.455639000917,982.25,839.038,3,21,0.9155555555555556,0.9619047619047619,42.0,6.0
18 15 15 15 0 0 8 3 
12.551779899821012 34.92460238304268 15.39061838866915 16.788310193736777 24.735977536175596 62.55499369555849 19.893087747317757 21.329672691395977 
5 9 5 10 7 13 20 5 
23.60468738271846 19.8307175008646 20.403674499305364 19.804771553138327 20.779593822600614 17.123003374990148 18.982014537216806 23.043169405035144 

x[15457] = 1.0
Vehicle: 12  Cost: 159.02
Route: 1 4 -4 -1 
 1 [ 74   0:  0 [41, 80, 65, 81, 78, 33, 12, 68, 52, 58, 56, 38, 6, 67, 22, 7, 36, 19, 73, 55, 25, 53, 13, 46, 42, 28, 10, 48, 60, 31, 27, 79, 26, 74]]
 4 [  0  80: 80 []]
-4 [ 37  80:512 [124, 107, 128, 83, 127, 108, 110, 103, 121, 117, 106, 92, 93, 125, 97]]
-1 [ 37 592:592 [124, 107, 128, 83, 127, 108, 110, 103, 121, 117, 106, 92, 93, 125, 97]]

x[19798] = 1.0
Vehicle: 11  Cost: 104.31
Route: 1 5 2 -2 -1 
 1 [ 75   0:  0 [45, 16, 29, 82, 49, 62, 9, 8, 70, 47, 23, 77, 57, 24, 30, 51, 37, 11, 39, 54, 63, 18, 61, 66, 72, 71, 64, 75, 69, 44, 21, 59]]
 5 [ 25  25: 40 [16, 29, 82, 8, 77, 37, 66, 72, 69, 21]]
 2 [  0  67: 67 []]
-2 [ 32  67:454 [96, 122, 100, 90, 99, 118, 91, 113, 131, 123, 109, 86, 115, 126, 102, 88]]
-1 [ 32 506:506 [96, 122, 100, 90, 99, 118, 91, 113, 131, 123, 109, 86, 115, 126, 102, 88]]

x[29407] = 1.0
Vehicle: 13  Cost: 49.40
Route: 1 5 -5 -1 
 1 [ 34   0:  0 [35, 50, 34, 14, 43, 76, 15, 20, 32, 17, 40]]
 5 [  0  25: 25 []]
-5 [ 58  25:377 [116, 85, 129, 111, 114, 120, 105, 95, 101, 107, 87, 84, 89, 125, 104, 130, 98, 112, 94, 119]]
-1 [ 58 402:402 [116, 85, 129, 111, 114, 120, 105, 95, 101, 107, 87, 84, 89, 125, 104, 130, 98, 112, 94, 119]]

y[565] = 1.0
Vehicle: 405  Cost: 79.94
Route: 4 65 121 12 67 -4 
  4 [ 9 103:118]
 65 [ 6 144:149]
121 [10 168:173]
 12 [ 6 420:425]
 67 [ 4 434:439]
 -4 [ 4 462:462]

y[1019] = 1.0
Vehicle: 202  Cost: 24.08
Route: 2 122 72 -2 
  2 [ 3 169:288]
122 [ 6 300:305]
 72 [ 3 305:310]
 -2 [ 3 322:322]

y[2697] = 1.0
Vehicle: 403  Cost: 118.21
Route: 4 10 46 127 79 128 7 19 -4 
  4 [10 103:154]
 10 [ 9 180:185]
 46 [ 5 204:209]
127 [ 9 222:227]
 79 [ 8 227:232]
128 [ 9 242:247]
  7 [ 6 300:305]
 19 [ 5 312:317]
 -4 [ 5 351:351]

y[2889] = 1.0
Vehicle: 505  Cost: 55.68
Route: 5 43 104 11 59 111 -5 
  5 [10 180:195]
 43 [ 6 215:220]
104 [10 220:225]
 11 [ 6 239:244]
 59 [ 4 300:305]
111 [ 5 305:310]
 -5 [ 5 327:327]

y[4337] = 1.0
Vehicle: 513  Cost: 108.27
Route: 5 23 47 85 32 119 70 130 -5 
  5 [ 9 180:195]
 23 [ 8 217:222]
 47 [ 6 242:247]
 85 [10 257:262]
 32 [ 6 268:273]
119 [ 7 300:305]
 70 [ 5 305:310]
130 [ 9 335:340]
 -5 [ 9 356:356]

y[4351] = 1.0
Vehicle: 406  Cost: 77.19
Route: 4 60 38 36 25 55 -4 
  4 [10 133:148]
 60 [ 8 175:180]
 38 [ 5 191:196]
 36 [ 2 196:201]
 25 [ 1 300:305]
 55 [ 0 316:321]
 -4 [ 0 334:334]

y[4362] = 1.0
Vehicle: 203  Cost: 52.95
Route: 2 123 37 100 131 82 88 102 -2 
  2 [ 5 234:249]
123 [ 7 259:264]
 37 [ 6 266:271]
100 [ 7 271:276]
131 [ 9 283:288]
 82 [ 5 288:293]
 88 [ 8 300:305]
102 [ 9 310:315]
 -2 [ 9 341:341]

y[4862] = 1.0
Vehicle: 402  Cost: 93.41
Route: 4 73 124 106 53 108 74 92 27 -4 
  4 [10  80: 95]
 73 [ 6 137:142]
124 [ 8 142:147]
106 [10 151:156]
 53 [ 7 420:425]
108 [ 9 425:430]
 74 [ 7 438:443]
 92 [ 9 463:468]
 27 [ 8 468:473]
 -4 [ 8 488:488]

y[5461] = 1.0
Vehicle: 201  Cost: 104.63
Route: 2 113 126 16 86 21 91 77 66 118 115 -2 
  2 [ 8 240:255]
113 [ 9 273:278]
126 [10 300:305]
 16 [ 7 319:324]
 86 [ 9 324:329]
 21 [ 8 345:350]
 91 [10 350:355]
 77 [ 9 361:366]
 66 [ 6 385:390]
118 [ 9 390:395]
115 [10 420:425]
 -2 [10 439:439]

y[7837] = 1.0
Vehicle: 401  Cost: 61.08
Route: 4 41 33 117 58 110 13 -4 
  4 [10  80:165]
 41 [ 8 180:185]
 33 [ 5 199:204]
117 [ 8 208:213]
 58 [ 6 300:305]
110 [10 305:310]
 13 [ 7 322:327]
 -4 [ 7 341:341]

y[9155] = 1.0
Vehicle: 508  Cost: 59.56
Route: 5 39 101 54 17 87 -5 
  5 [10 125:140]
 39 [ 6 159:164]
101 [10 164:169]
 54 [ 7 300:305]
 17 [ 4 317:322]
 87 [ 8 322:327]
 -5 [ 8 345:345]

y[9683] = 1.0
Vehicle: 408  Cost: 53.34
Route: 4 56 42 103 31 68 -4 
  4 [ 7 133:148]
 56 [ 4 151:156]
 42 [ 3 169:174]
103 [ 6 174:179]
 31 [ 4 300:305]
 68 [ 3 316:321]
 -4 [ 3 340:340]

y[10072] = 1.0
Vehicle: 404  Cost: 106.14
Route: 4 22 81 97 6 83 28 93 -4 
  4 [10 133:275]
 22 [ 9 300:305]
 81 [ 7 320:325]
 97 [ 9 332:337]
  6 [ 6 420:425]
 83 [10 425:430]
 28 [ 6 434:439]
 93 [ 8 439:444]
 -4 [ 8 490:490]

y[12801] = 1.0
Vehicle: 502  Cost: 82.02
Route: 5 95 112 40 62 9 84 98 -5 
  5 [ 7 125:140]
 95 [ 8 161:166]
112 [10 184:189]
 40 [ 7 300:305]
 62 [ 6 312:317]
  9 [ 3 339:344]
 84 [ 6 344:349]
 98 [10 353:358]
 -5 [10 362:362]

y[13721] = 1.0
Vehicle: 509  Cost: 128.59
Route: 5 57 94 51 61 114 120 -5 
  5 [10  25: 40]
 57 [ 6  93: 98]
 94 [10 103:108]
 51 [ 8 180:185]
 61 [ 4 196:201]
114 [ 7 201:206]
120 [10 209:214]
 -5 [10 260:260]

y[14279] = 1.0
Vehicle: 205  Cost: 123.72
Route: 2 69 29 96 109 8 90 99 -2 
  2 [ 9  67: 82]
 69 [ 5 117:122]
 29 [ 1 136:141]
 96 [ 3 141:146]
109 [ 7 174:179]
  8 [ 6 191:196]
 90 [ 8 214:219]
 99 [10 221:226]
 -2 [10 241:241]

y[14918] = 1.0
Vehicle: 513  Cost: 112.82
Route: 5 44 75 76 18 -5 
  5 [10  25:160]
 44 [ 9 180:185]
 75 [ 7 209:214]
 76 [ 3 300:305]
 18 [ 0 322:327]
 -5 [ 0 379:379]

y[15687] = 1.0
Vehicle: 506  Cost: 160.83
Route: 5 71 15 20 89 63 116 129 -5 
  5 [10  25: 40]
 71 [ 8 102:107]
 15 [ 5 126:131]
 20 [ 3 146:151]
 89 [ 7 151:156]
 63 [ 4 161:166]
116 [ 6 166:171]
129 [10 191:196]
 -5 [10 236:236]

y[16309] = 1.0
Vehicle: 503  Cost: 137.85
Route: 5 24 34 35 49 -5 
  5 [10 125:140]
 24 [ 9 170:175]
 34 [ 5 300:305]
 35 [ 1 313:318]
 49 [ 0 329:334]
 -5 [ 0 391:391]

y[16759] = 1.0
Vehicle: 508  Cost: 73.63
Route: 5 14 50 30 64 45 105 -5 
  5 [ 8  25: 40]
 14 [ 6  52: 57]
 50 [ 5  68: 73]
 30 [ 4  74: 79]
 64 [ 1  92: 97]
 45 [ 0 124:129]
105 [ 4 129:134]
 -5 [ 4 143:143]

y[17196] = 1.0
Vehicle: 407  Cost: 80.17
Route: 4 48 26 125 107 52 80 78 -4 
  4 [ 8 103:118]
 48 [ 7 138:143]
 26 [ 6 146:151]
125 [ 7 162:167]
107 [ 8 177:182]
 52 [ 5 185:190]
 80 [ 3 300:305]
 78 [ 2 311:316]
 -4 [ 2 340:340]

FE: 3
SE: 21
!MIP-----
2206.856309695324,5402.4992089271545,0.03450523815138373,3,21,32040,18573

Run: 5
Total Cost: 2274.36
Vehicle: 11  Cost: 49.40
Route: 1 5 -5 -1 
 1 [ 75   0:  0 [44, 40, 43, 63, 57, 24, 15, 47, 54, 17, 59, 14, 70, 11, 49, 23, 32, 39, 61, 71, 45, 34, 75, 50, 35, 20, 76, 62, 9]]
 5 [  0  25: 25 []]
-5 [ 52  25:385 [116, 111, 84, 114, 112, 130, 101, 87, 94, 105, 85, 89, 104, 129, 95, 98]]
-1 [ 52 409:409 [116, 111, 84, 114, 112, 130, 101, 87, 94, 105, 85, 89, 104, 129, 95, 98]]

Vehicle: 12  Cost: 159.02
Route: 1 4 -4 -1 
 1 [ 75   0:  0 [25, 28, 22, 68, 60, 33, 73, 41, 7, 67, 42, 13, 58, 26, 16, 46, 56, 48, 79, 12, 6, 36, 10, 38, 53, 31, 81, 19, 27, 29, 74, 65, 55]]
 4 [  0  80: 80 []]
-4 [ 39  80:505 [86, 108, 110, 97, 103, 117, 106, 128, 127, 124, 121, 96, 83, 93, 92]]
-1 [ 39 584:584 [86, 108, 110, 97, 103, 117, 106, 128, 127, 124, 121, 96, 83, 93, 92]]

Vehicle: 13  Cost: 104.31
Route: 1 5 2 -2 -5 -1 
 1 [ 33   0:  0 [52, 8, 18, 78, 64, 69, 21, 30, 51, 37, 80, 77, 82, 66, 72]]
 5 [ 32  25: 40 [52, 8, 18, 78, 64, 69, 21, 51, 37, 80, 77, 82, 66, 72]]
 2 [  0  67: 67 []]
-2 [ 33  67:464 [125, 131, 100, 109, 126, 102, 107, 120, 123, 115, 99, 122, 118, 90, 91, 88, 113]]
-5 [ 34 492:507 [119, 125, 131, 100, 109, 126, 102, 107, 120, 123, 115, 99, 122, 118, 90, 91, 88, 113]]
-1 [ 34 531:531 [125, 131, 100, 109, 126, 102, 107, 120, 123, 115, 99, 122, 118, 90, 91, 88, 113, 119]]

Vehicle: 201  Cost: 70.32
Route: 2 113 109 8 90 99 -2 
  2 [ 1  67: 82]
113 [ 2 101:106]
109 [ 6 111:116]
  8 [ 5 180:185]
 90 [ 7 204:209]
 99 [ 9 211:216]
 -2 [ 9 230:230]

Vehicle: 202  Cost: 52.95
Route: 2 123 37 100 82 131 88 102 -2 
  2 [ 5  67: 82]
123 [ 7  93: 98]
 37 [ 6 180:185]
100 [ 7 185:190]
 82 [ 3 196:201]
131 [ 5 201:206]
 88 [ 8 300:305]
102 [ 9 310:315]
 -2 [ 9 341:341]

Vehicle: 203  Cost: 95.08
Route: 2 69 126 91 21 77 66 118 -2 
  2 [ 9  67: 82]
 69 [ 5 117:122]
126 [ 6 300:305]
 91 [ 8 317:322]
 21 [ 7 322:327]
 77 [ 6 333:338]
 66 [ 3 357:362]
118 [ 6 362:367]
 -2 [ 6 383:383]

Vehicle: 204  Cost: 79.58
Route: 2 125 107 52 80 115 72 122 -2 
  2 [ 8  67: 82]
125 [ 9 106:111]
107 [10 120:125]
 52 [ 7 180:185]
 80 [ 5 300:305]
115 [ 6 420:425]
 72 [ 3 427:432]
122 [ 6 432:437]
 -2 [ 6 449:449]

Vehicle: 205  Cost: 147.42
Route: 2 64 120 51 18 78 -2 
  2 [ 9  67: 82]
 64 [ 6 118:123]
120 [ 9 148:153]
 51 [ 7 180:185]
 18 [ 4 300:305]
 78 [ 3 335:340]
 -2 [ 3 383:383]

Vehicle: 401  Cost: 81.39
Route: 4 60 38 36 68 -4 
  4 [ 9  80: 95]
 60 [ 7 121:126]
 38 [ 4 137:142]
 36 [ 1 142:147]
 68 [ 0 300:305]
 -4 [ 0 323:323]

Vehicle: 402  Cost: 38.17
Route: 4 56 103 42 41 13 -4 
  4 [ 9  80: 95]
 56 [ 6  98:103]
103 [ 9 115:120]
 42 [ 8 120:125]
 41 [ 6 180:185]
 13 [ 3 300:305]
 -4 [ 3 318:318]

Vehicle: 403  Cost: 85.66
Route: 4 46 106 124 53 108 74 92 27 -4 
  4 [10  80: 95]
 46 [ 6 133:138]
106 [ 8 138:143]
124 [10 147:152]
 53 [ 7 420:425]
108 [ 9 425:430]
 74 [ 7 438:443]
 92 [ 9 463:468]
 27 [ 8 468:473]
 -4 [ 8 488:488]

Vehicle: 404  Cost: 95.68
Route: 4 10 33 117 7 19 31 -4 
  4 [10  80:154]
 10 [ 9 180:185]
 33 [ 6 189:194]
117 [ 9 198:203]
  7 [ 6 300:305]
 19 [ 5 312:317]
 31 [ 3 339:344]
 -4 [ 3 364:364]

Vehicle: 405  Cost: 93.09
Route: 4 29 96 16 86 25 55 -4 
  4 [ 9  80: 95]
 29 [ 5 135:140]
 96 [ 7 140:145]
 16 [ 4 300:305]
 86 [ 6 305:310]
 25 [ 5 332:337]
 55 [ 4 348:353]
 -4 [ 4 367:367]

Vehicle: 406  Cost: 80.37
Route: 4 48 26 121 12 67 -4 
  4 [ 8  80: 95]
 48 [ 7 114:119]
 26 [ 6 123:128]
121 [10 150:155]
 12 [ 6 420:425]
 67 [ 4 434:439]
 -4 [ 4 462:462]

Vehicle: 407  Cost: 106.14
Route: 4 22 81 97 6 83 28 93 -4 
  4 [10  80:275]
 22 [ 9 300:305]
 81 [ 7 320:325]
 97 [ 9 332:337]
  6 [ 6 420:425]
 83 [10 425:430]
 28 [ 6 434:439]
 93 [ 8 439:444]
 -4 [ 8 490:490]

Vehicle: 409  Cost: 104.30
Route: 4 65 73 79 127 128 58 110 -4 
  4 [10  80: 95]
 65 [ 7 120:125]
 73 [ 3 142:147]
 79 [ 2 160:165]
127 [ 6 165:170]
128 [ 7 180:185]
 58 [ 5 300:305]
110 [ 9 305:310]
 -4 [ 9 335:335]

Vehicle: 501  Cost: 149.13
Route: 5 61 114 15 71 49 130 -5 
  5 [10  25: 40]
 61 [ 6  82: 87]
114 [ 9  87: 92]
 15 [ 6 114:119]
 71 [ 4 137:142]
 49 [ 3 300:305]
130 [ 7 349:354]
 -5 [ 7 370:370]

Vehicle: 502  Cost: 139.38
Route: 5 34 35 119 70 -5 
  5 [10  25:238]
 34 [ 6 300:305]
 35 [ 2 313:318]
119 [ 3 348:353]
 70 [ 1 353:358]
 -5 [ 1 397:397]

Vehicle: 503  Cost: 136.09
Route: 5 44 57 94 63 116 20 89 -5 
  5 [10  25:160]
 44 [ 9 180:185]
 57 [ 5 220:225]
 94 [ 9 230:235]
 63 [ 6 250:255]
116 [ 8 255:260]
 20 [ 6 265:270]
 89 [10 270:275]
 -5 [10 331:331]

Vehicle: 504  Cost: 59.56
Route: 5 39 101 54 17 87 -5 
  5 [10  25: 41]
 39 [ 6  60: 65]
101 [10  65: 70]
 54 [ 7 300:305]
 17 [ 4 317:322]
 87 [ 8 322:327]
 -5 [ 8 345:345]

Vehicle: 505  Cost: 79.89
Route: 5 112 40 62 9 84 98 -5 
  5 [ 7  25: 40]
112 [ 9  77: 82]
 40 [ 6 300:305]
 62 [ 5 312:317]
  9 [ 2 339:344]
 84 [ 5 344:349]
 98 [ 9 353:358]
 -5 [ 9 362:362]

Vehicle: 506  Cost: 107.11
Route: 5 24 32 85 47 23 59 111 -5 
  5 [10  25: 40]
 24 [ 9  70: 75]
 32 [ 5 180:185]
 85 [ 9 191:196]
 47 [ 7 206:211]
 23 [ 6 231:236]
 59 [ 4 300:305]
111 [ 5 305:310]
 -5 [ 5 327:327]

Vehicle: 507  Cost: 94.52
Route: 5 14 50 30 129 75 76 -5 
  5 [10  25: 40]
 14 [ 8  52: 57]
 50 [ 7  68: 73]
 30 [ 6  74: 79]
129 [10  94: 99]
 75 [ 8 180:185]
 76 [ 4 300:305]
 -5 [ 4 348:348]

Vehicle: 509  Cost: 65.82
Route: 5 11 95 104 43 45 105 -5 
  5 [ 9  25: 40]
 11 [ 5  60: 65]
 95 [ 6  75: 80]
104 [10  84: 89]
 43 [ 6  89: 94]
 45 [ 5 117:122]
105 [ 9 122:127]
 -5 [ 9 136:136]

Total Cost: 2274.36
 11:49.40, 75:75 [1, 5, -5, -1]
 12:159.02, 75:75 [1, 4, -4, -1]
 13:104.31, 34:75 [1, 5, 2, -2, -5, -1]
201:70.32, 9:10 [2, 113, 109, 8, 90, 99, -2]
202:52.95, 9:10 [2, 123, 37, 100, 82, 131, 88, 102, -2]
203:95.08, 9:10 [2, 69, 126, 91, 21, 77, 66, 118, -2]
204:79.58, 10:10 [2, 125, 107, 52, 80, 115, 72, 122, -2]
205:147.42, 9:10 [2, 64, 120, 51, 18, 78, -2]
401:81.39, 9:10 [4, 60, 38, 36, 68, -4]
402:38.17, 9:10 [4, 56, 103, 42, 41, 13, -4]
403:85.66, 10:10 [4, 46, 106, 124, 53, 108, 74, 92, 27, -4]
404:95.68, 10:10 [4, 10, 33, 117, 7, 19, 31, -4]
405:93.09, 9:10 [4, 29, 96, 16, 86, 25, 55, -4]
406:80.37, 10:10 [4, 48, 26, 121, 12, 67, -4]
407:106.14, 10:10 [4, 22, 81, 97, 6, 83, 28, 93, -4]
409:104.30, 10:10 [4, 65, 73, 79, 127, 128, 58, 110, -4]
501:149.13, 10:10 [5, 61, 114, 15, 71, 49, 130, -5]
502:139.38, 10:10 [5, 34, 35, 119, 70, -5]
503:136.09, 10:10 [5, 44, 57, 94, 63, 116, 20, 89, -5]
504:59.56, 10:10 [5, 39, 101, 54, 17, 87, -5]
505:79.89, 9:10 [5, 112, 40, 62, 9, 84, 98, -5]
506:107.11, 10:10 [5, 24, 32, 85, 47, 23, 59, 111, -5]
507:94.52, 10:10 [5, 14, 50, 30, 129, 75, 76, -5]
509:65.82, 10:10 [5, 11, 95, 104, 43, 45, 105, -5]
fe: 3, se: 21

!ALNS------------
100000,2274.3603290173965,908.1,293.29,3,21,0.8177777777777778,0.9619047619047619,42.0,6.0
21 14 15 8 0 1 8 2 
11.624796886415059 32.58981697981548 12.854104679417366 18.077324770015906 68.30604879343934 47.53416302075736 20.819315962969107 27.774646762523947 
6 10 1 13 9 10 18 2 
19.79320525072336 19.81170939031633 14.832533152898042 17.763276948094827 21.273186806098007 20.363193187737632 19.619269092816097 16.979818247151034 

x[4605] = 1.0
Vehicle: 13  Cost: 104.31
Route: 1 5 2 -2 -1 
 1 [ 34   0:  0 [26, 80, 82, 37, 52, 71, 49, 76, 15, 69, 78, 72, 8, 66, 48]]
 5 [ 24  25: 40 [26, 80, 82, 37, 52, 69, 78, 72, 8, 66, 48]]
 2 [  0  67: 67 []]
-2 [ 27  67:479 [107, 99, 88, 100, 122, 131, 113, 109, 123, 90, 102, 118, 125, 115]]
-1 [ 27 531:531 [107, 99, 88, 100, 122, 131, 113, 109, 123, 90, 102, 118, 125, 115]]

x[5271] = 1.0
Vehicle: 12  Cost: 159.02
Route: 1 4 -4 -1 
 1 [ 75   0:  0 [46, 73, 74, 21, 67, 53, 56, 36, 22, 7, 60, 25, 27, 55, 6, 33, 38, 79, 13, 19, 68, 81, 58, 12, 16, 42, 31, 41, 28, 10, 77, 29, 65]]
 4 [  0  80: 80 []]
-4 [ 42  80:534 [127, 124, 91, 97, 103, 117, 96, 86, 128, 92, 121, 106, 93, 83, 108, 110, 126]]
-1 [ 42 614:614 [127, 124, 91, 97, 103, 117, 96, 86, 128, 92, 121, 106, 93, 83, 108, 110, 126]]

x[5742] = 1.0
Vehicle: 11  Cost: 49.40
Route: 1 5 -5 -1 
 1 [ 74   0:  0 [64, 59, 20, 39, 30, 70, 54, 14, 47, 18, 40, 11, 51, 63, 35, 43, 34, 57, 61, 32, 75, 24, 62, 50, 23, 44, 17, 45, 9]]
 5 [  0  25: 25 []]
-5 [ 56  25:372 [95, 89, 98, 111, 87, 114, 104, 105, 116, 94, 120, 119, 129, 101, 84, 130, 112, 85]]
-1 [ 56 396:396 [95, 89, 98, 111, 87, 114, 104, 105, 116, 94, 120, 119, 129, 101, 84, 130, 112, 85]]

y[373] = 1.0
Vehicle: 407  Cost: 106.14
Route: 4 22 81 97 6 83 28 93 -4 
  4 [10 323:338]
 22 [ 9 362:367]
 81 [ 7 383:388]
 97 [ 9 395:400]
  6 [ 6 420:425]
 83 [10 425:430]
 28 [ 6 434:439]
 93 [ 8 439:444]
 -4 [ 8 490:490]

y[1592] = 1.0
Vehicle: 505  Cost: 20.07
Route: 5 45 105 98 -5 
  5 [ 1  25: 40]
 45 [ 0  49: 54]
105 [ 4  54: 59]
 98 [ 8 300:305]
 -5 [ 8 309:309]

y[1771] = 1.0
Vehicle: 401  Cost: 86.72
Route: 4 60 38 36 25 68 -4 
  4 [10  80: 95]
 60 [ 8 121:126]
 38 [ 5 137:142]
 36 [ 2 142:147]
 25 [ 1 300:305]
 68 [ 0 321:326]
 -4 [ 0 344:344]

y[2633] = 1.0
Vehicle: 201  Cost: 105.01
Route: 2 113 69 109 8 90 99 -2 
  2 [ 5  67: 82]
113 [ 6 101:106]
 69 [ 2 127:132]
109 [ 6 151:156]
  8 [ 5 180:185]
 90 [ 7 204:209]
 99 [ 9 211:216]
 -2 [ 9 230:230]

y[3006] = 1.0
Vehicle: 407  Cost: 67.52
Route: 4 56 121 12 67 -4 
  4 [ 9  80: 95]
 56 [ 6  98:103]
121 [10 132:137]
 12 [ 6 420:425]
 67 [ 4 434:439]
 -4 [ 4 462:462]

y[4124] = 1.0
Vehicle: 202  Cost: 52.95
Route: 2 123 37 100 82 131 88 102 -2 
  2 [ 5 147:162]
123 [ 7 172:177]
 37 [ 6 180:185]
100 [ 7 185:190]
 82 [ 3 196:201]
131 [ 5 201:206]
 88 [ 8 300:305]
102 [ 9 310:315]
 -2 [ 9 341:341]

y[5219] = 1.0
Vehicle: 507  Cost: 154.66
Route: 5 71 15 20 89 18 -5 
  5 [10  25: 40]
 71 [ 8 102:107]
 15 [ 5 126:131]
 20 [ 3 146:151]
 89 [ 7 151:156]
 18 [ 4 300:305]
 -5 [ 4 357:357]

y[5374] = 1.0
Vehicle: 502  Cost: 108.27
Route: 5 23 47 85 32 119 70 130 -5 
  5 [ 9  95:159]
 23 [ 8 180:185]
 47 [ 6 205:210]
 85 [10 220:225]
 32 [ 6 231:236]
119 [ 7 300:305]
 70 [ 5 305:310]
130 [ 9 335:340]
 -5 [ 9 356:356]

y[6932] = 1.0
Vehicle: 504  Cost: 55.68
Route: 5 43 104 11 111 59 -5 
  5 [10 125:140]
 43 [ 6 160:165]
104 [10 165:170]
 11 [ 6 183:188]
111 [ 7 300:305]
 59 [ 5 305:310]
 -5 [ 5 327:327]

y[7573] = 1.0
Vehicle: 409  Cost: 104.30
Route: 4 65 73 127 79 128 58 110 -4 
  4 [10  80: 95]
 65 [ 7 120:125]
 73 [ 3 142:147]
127 [ 7 160:165]
 79 [ 6 165:170]
128 [ 7 180:185]
 58 [ 5 300:305]
110 [ 9 305:310]
 -4 [ 9 335:335]

y[9861] = 1.0
Vehicle: 501  Cost: 80.93
Route: 5 95 112 40 62 9 84 -5 
  5 [ 7 125:140]
 95 [ 8 161:166]
112 [10 184:189]
 40 [ 7 300:305]
 62 [ 6 312:317]
  9 [ 3 339:344]
 84 [ 6 344:349]
 -5 [ 6 356:356]

y[14923] = 1.0
Vehicle: 404  Cost: 85.66
Route: 4 46 106 124 53 108 74 27 92 -4 
  4 [10  80: 95]
 46 [ 6 133:138]
106 [ 8 138:143]
124 [10 147:152]
 53 [ 7 420:425]
108 [ 9 425:430]
 74 [ 7 438:443]
 27 [ 6 463:468]
 92 [ 8 468:473]
 -4 [ 8 488:488]

y[15857] = 1.0
Vehicle: 401  Cost: 114.73
Route: 4 29 96 16 86 126 91 21 77 55 -4 
  4 [10 102:117]
 29 [ 6 157:162]
 96 [ 8 162:167]
 16 [ 5 300:305]
 86 [ 7 305:310]
126 [ 8 324:329]
 91 [10 341:346]
 21 [ 9 346:351]
 77 [ 8 358:363]
 55 [ 7 385:390]
 -4 [ 7 403:403]

y[16791] = 1.0
Vehicle: 504  Cost: 70.61
Route: 5 64 54 17 87 -5 
  5 [ 9  25: 40]
 64 [ 6  68: 73]
 54 [ 3 300:305]
 17 [ 0 317:322]
 87 [ 4 322:327]
 -5 [ 4 345:345]

y[16956] = 1.0
Vehicle: 404  Cost: 35.17
Route: 4 42 103 41 13 -4 
  4 [ 6 102:117]
 42 [ 5 129:134]
103 [ 8 134:139]
 41 [ 6 180:185]
 13 [ 3 300:305]
 -4 [ 3 318:318]

y[17064] = 1.0
Vehicle: 404  Cost: 95.68
Route: 4 10 33 117 7 19 31 -4 
  4 [10 118:154]
 10 [ 9 180:185]
 33 [ 6 189:194]
117 [ 9 198:203]
  7 [ 6 300:305]
 19 [ 5 312:317]
 31 [ 3 339:344]
 -4 [ 3 364:364]

y[17130] = 1.0
Vehicle: 511  Cost: 137.85
Route: 5 24 34 35 49 -5 
  5 [10 125:140]
 24 [ 9 170:175]
 34 [ 5 300:305]
 35 [ 1 313:318]
 49 [ 0 329:334]
 -5 [ 0 391:391]

y[17677] = 1.0
Vehicle: 503  Cost: 136.18
Route: 5 57 94 63 116 51 129 -5 
  5 [ 9  25: 40]
 57 [ 5  93: 98]
 94 [ 9 103:108]
 63 [ 6 123:128]
116 [ 8 128:133]
 51 [ 6 180:185]
129 [10 200:205]
 -5 [10 244:244]

y[17723] = 1.0
Vehicle: 507  Cost: 52.28
Route: 5 39 101 30 50 44 14 -5 
  5 [ 9  25: 41]
 39 [ 5  60: 65]
101 [ 9  65: 70]
 30 [ 8  79: 84]
 50 [ 7  85: 90]
 44 [ 6 180:185]
 14 [ 4 193:198]
 -5 [ 4 210:210]

y[17821] = 1.0
Vehicle: 203  Cost: 32.25
Route: 2 72 122 118 66 115 -2 
  2 [ 6  67:288]
 72 [ 3 300:305]
122 [ 6 305:310]
118 [ 9 314:319]
 66 [ 6 319:324]
115 [ 7 420:425]
 -2 [ 7 439:439]

y[17872] = 1.0
Vehicle: 510  Cost: 111.25
Route: 5 75 61 114 120 76 -5 
  5 [10  25:138]
 75 [ 8 180:185]
 61 [ 4 197:202]
114 [ 7 202:207]
120 [10 210:215]
 76 [ 6 300:305]
 -5 [ 6 348:348]

y[19287] = 1.0
Vehicle: 203  Cost: 103.43
Route: 2 125 107 52 26 48 78 80 -2 
  2 [ 8  67: 82]
125 [ 9 106:111]
107 [10 120:125]
 52 [ 7 180:185]
 26 [ 6 196:201]
 48 [ 5 205:210]
 78 [ 4 300:305]
 80 [ 2 311:316]
 -2 [ 2 353:353]

FE: 3
SE: 22
!MIP-----
2230.071709195843,5400.838276147842,0.019951151557107926,3,22,15462,19522

