--Parameters Information--
speed=1
run=5
iteration= 100000
batch=100
restartPeriod=10000
largeRemovalOccurrence=500
initialLNS=250
lowerBoundSmallRemoval=4
smallRemoval=0.2
lowerBoundLargeRemoval=0.55
largeRemoval=0.8
initialWeight=1.0
decayRate=0.1
gamma1=9.0
gamma2=5.0
gamma3=2.0
gamma4=0.0
coolingRate=0.9995
temperatureControlParameter=0.05
initialAcceptanceProbability=0.5
perturbation=0.5
perturbationFactor=0.01
split=20000

Setup: Split
Data: B_50_4_LD

Run: 1
Total Cost: 1314.19
Vehicle: 13  Cost: 107.43
Route: 1 2 4 -4 -1 
 1 [ 58   0:  0 [13, 28, 39, 15, 31, 30, 11, 25, 27, 42, 7, 8, 32, 33, 34, 41, 40, 10, 12, 9, 38, 29]]
 2 [ 31  33: 48 [13, 28, 39, 31, 11, 25, 33, 34, 40, 10, 9, 38, 29]]
 4 [  0  69: 69 []]
-4 [ 27  69:363 [62, 45, 60, 48, 53, 65, 44, 64, 63, 58, 52]]
-1 [ 27 416:416 [62, 45, 60, 48, 53, 65, 44, 64, 63, 58, 52]]

Vehicle: 14  Cost: 150.92
Route: 1 5 -5 -2 -1 
 1 [ 44   0:  0 [6, 16, 17, 37, 22, 19, 26, 21, 18, 23, 35, 20, 14, 24, 36]]
 5 [  0  74: 74 []]
-5 [ 27  74:521 [54, 51, 50, 47, 43, 55, 46, 57, 61, 49]]
-2 [ 29 565:580 [56, 54, 51, 50, 47, 43, 55, 46, 57, 61, 49, 59]]
-1 [ 29 613:613 [54, 51, 50, 47, 43, 55, 46, 57, 61, 56, 49, 59]]

Vehicle: 201  Cost: 56.96
Route: 2 15 7 42 -2 
  2 [ 9  33: 48]
 15 [ 5  59: 64]
  7 [ 2  83: 88]
 42 [ 0 300:305]
 -2 [ 0 323:323]

Vehicle: 202  Cost: 103.84
Route: 2 56 8 30 32 -2 
  2 [ 9  33:141]
 56 [10 180:185]
  8 [ 6 300:305]
 30 [ 3 311:316]
 32 [ 1 420:425]
 -2 [ 1 456:456]

Vehicle: 203  Cost: 103.81
Route: 2 12 41 27 59 -2 
  2 [ 9  33:264]
 12 [ 6 300:305]
 41 [ 3 314:319]
 27 [ 0 352:357]
 59 [ 1 376:381]
 -2 [ 1 387:387]

Vehicle: 401  Cost: 158.79
Route: 4 28 11 38 63 60 44 9 -4 
  4 [ 8  69: 84]
 28 [ 6 134:139]
 11 [ 2 143:148]
 38 [ 1 161:166]
 63 [ 3 166:171]
 60 [ 5 177:182]
 44 [ 7 200:205]
  9 [ 6 211:216]
 -4 [ 6 278:278]

Vehicle: 402  Cost: 157.03
Route: 4 31 13 34 33 48 62 65 58 -4 
  4 [ 9  69: 84]
 31 [ 7  94: 99]
 13 [ 3 125:130]
 34 [ 1 148:153]
 33 [ 0 157:162]
 48 [ 1 168:173]
 62 [ 3 198:203]
 65 [ 7 230:235]
 58 [10 254:259]
 -4 [10 281:281]

Vehicle: 403  Cost: 71.89
Route: 4 29 40 64 52 -4 
  4 [ 6  69: 84]
 29 [ 2 119:124]
 40 [ 0 180:185]
 64 [ 4 185:190]
 52 [ 5 300:305]
 -4 [ 5 316:316]

Vehicle: 404  Cost: 90.01
Route: 4 45 25 53 39 10 -4 
  4 [ 8  69: 84]
 45 [10 118:123]
 25 [ 6 133:138]
 53 [10 138:143]
 39 [ 9 300:305]
 10 [ 6 326:331]
 -4 [ 6 348:348]

Vehicle: 501  Cost: 105.40
Route: 5 21 22 50 61 37 -5 
  5 [ 9  74:273]
 21 [ 5 300:305]
 22 [ 1 420:425]
 50 [ 2 425:430]
 61 [ 4 456:461]
 37 [ 3 461:466]
 -5 [ 3 506:506]

Vehicle: 502  Cost: 89.64
Route: 5 36 35 24 57 18 47 -5 
  5 [ 9  74: 89]
 36 [ 8  99:104]
 35 [ 4 118:123]
 24 [ 2 300:305]
 57 [ 5 313:318]
 18 [ 3 332:337]
 47 [ 7 346:351]
 -5 [ 7 382:382]

Vehicle: 503  Cost: 20.16
Route: 5 16 43 6 46 14 -5 
  5 [ 8  74: 89]
 16 [ 6  92: 97]
 43 [ 9 300:305]
  6 [ 6 305:310]
 46 [ 9 319:324]
 14 [ 6 324:329]
 -5 [ 6 330:330]

Vehicle: 504  Cost: 53.41
Route: 5 23 51 17 55 -5 
  5 [ 8  74:285]
 23 [ 4 300:305]
 51 [ 6 305:310]
 17 [ 2 420:425]
 55 [ 5 431:436]
 -5 [ 5 457:457]

Vehicle: 505  Cost: 44.89
Route: 5 26 54 19 49 20 -5 
  5 [10  74:285]
 26 [ 6 300:305]
 54 [ 8 305:310]
 19 [ 4 317:322]
 49 [ 8 324:329]
 20 [ 6 329:334]
 -5 [ 6 355:355]

Total Cost: 1314.19
 13:107.43, 58:75 [1, 2, 4, -4, -1]
 14:150.92, 44:75 [1, 5, -5, -2, -1]
201:56.96, 9:10 [2, 15, 7, 42, -2]
202:103.84, 10:10 [2, 56, 8, 30, 32, -2]
203:103.81, 9:10 [2, 12, 41, 27, 59, -2]
401:158.79, 8:10 [4, 28, 11, 38, 63, 60, 44, 9, -4]
402:157.03, 10:10 [4, 31, 13, 34, 33, 48, 62, 65, 58, -4]
403:71.89, 6:10 [4, 29, 40, 64, 52, -4]
404:90.01, 10:10 [4, 45, 25, 53, 39, 10, -4]
501:105.40, 9:10 [5, 21, 22, 50, 61, 37, -5]
502:89.64, 9:10 [5, 36, 35, 24, 57, 18, 47, -5]
503:20.16, 9:10 [5, 16, 43, 6, 46, 14, -5]
504:53.41, 8:10 [5, 23, 51, 17, 55, -5]
505:44.89, 10:10 [5, 26, 54, 19, 49, 20, -5]
fe: 2, se: 12

!ALNS------------
100000,1314.1916001932755,165.336,90.346,2,12,0.68,0.8916666666666667,30.0,5.0
1 10 9 4 0 3 4 0 
11.827186511127133 25.020160966748097 11.866603666678158 14.827459944212741 42.082353274538356 25.113644474514736 15.0540520537996 36.5431442359669 
5 3 5 2 1 5 8 2 
15.863485501949603 17.03331452502351 17.427911851956694 15.884614614065269 18.699393494336974 16.685200598308235 17.056760221116857 17.61302717881386 

x[280] = 1.0
Vehicle: 14  Cost: 150.92
Route: 1 5 -5 -2 -1 
 1 [ 44   0:  0 [6, 19, 26, 35, 20, 14, 36, 37, 18, 22, 21, 16, 23, 17, 24]]
 5 [  0  74: 74 []]
-5 [ 27  74:539 [54, 47, 55, 46, 57, 61, 50, 49, 51, 43]]
-2 [ 29 583:598 [56, 54, 47, 55, 46, 57, 61, 50, 49, 51, 59, 43]]
-1 [ 29 631:631 [54, 47, 55, 46, 57, 56, 61, 50, 49, 51, 59, 43]]

x[328] = 1.0
Vehicle: 13  Cost: 107.43
Route: 1 2 4 -4 -1 
 1 [ 58   0:  0 [13, 27, 34, 41, 29, 40, 42, 10, 11, 7, 32, 25, 15, 12, 8, 30, 39, 28, 33, 31, 9, 38]]
 2 [ 31  33: 48 [13, 34, 29, 40, 10, 11, 25, 39, 28, 33, 31, 9, 38]]
 4 [  0  69: 69 []]
-4 [ 29  69:364 [62, 58, 65, 59, 44, 63, 64, 48, 52, 45, 53, 56, 60]]
-1 [ 29 418:418 [62, 58, 65, 59, 44, 63, 64, 48, 52, 45, 53, 56, 60]]

y[317] = 1.0
Vehicle: 401  Cost: 158.79
Route: 4 28 11 38 63 60 44 9 -4 
  4 [ 8  69: 84]
 28 [ 6 134:139]
 11 [ 2 143:148]
 38 [ 1 161:166]
 63 [ 3 166:171]
 60 [ 5 177:182]
 44 [ 7 200:205]
  9 [ 6 211:216]
 -4 [ 6 278:278]

y[325] = 1.0
Vehicle: 502  Cost: 44.89
Route: 5 26 54 19 49 20 -5 
  5 [10  74:285]
 26 [ 6 300:305]
 54 [ 8 305:310]
 19 [ 4 317:322]
 49 [ 8 324:329]
 20 [ 6 329:334]
 -5 [ 6 355:355]

y[431] = 1.0
Vehicle: 502  Cost: 89.64
Route: 5 36 35 24 57 18 47 -5 
  5 [ 9 244:259]
 36 [ 8 270:275]
 35 [ 4 289:294]
 24 [ 2 300:305]
 57 [ 5 313:318]
 18 [ 3 332:337]
 47 [ 7 346:351]
 -5 [ 7 382:382]

y[908] = 1.0
Vehicle: 501  Cost: 20.16
Route: 5 16 43 6 14 46 -5 
  5 [ 8 134:149]
 16 [ 6 152:157]
 43 [ 9 300:305]
  6 [ 6 305:310]
 14 [ 3 319:324]
 46 [ 6 324:329]
 -5 [ 6 330:330]

y[2545] = 1.0
Vehicle: 403  Cost: 71.89
Route: 4 29 40 64 52 -4 
  4 [ 6  69: 84]
 29 [ 2 119:124]
 40 [ 0 180:185]
 64 [ 4 185:190]
 52 [ 5 300:305]
 -4 [ 5 316:316]

y[2992] = 1.0
Vehicle: 201  Cost: 56.96
Route: 2 15 7 42 -2 
  2 [ 9 212:227]
 15 [ 5 238:243]
  7 [ 2 263:268]
 42 [ 0 300:305]
 -2 [ 0 323:323]

y[3984] = 1.0
Vehicle: 503  Cost: 53.41
Route: 5 51 23 17 55 -5 
  5 [ 8  74:285]
 51 [10 300:305]
 23 [ 6 305:310]
 17 [ 2 420:425]
 55 [ 5 431:436]
 -5 [ 5 457:457]

y[4501] = 1.0
Vehicle: 202  Cost: 103.84
Route: 2 56 8 30 32 -2 
  2 [ 9 114:141]
 56 [10 180:185]
  8 [ 6 300:305]
 30 [ 3 311:316]
 32 [ 1 420:425]
 -2 [ 1 456:456]

y[4626] = 1.0
Vehicle: 203  Cost: 103.81
Route: 2 12 41 27 59 -2 
  2 [ 9 128:264]
 12 [ 6 300:305]
 41 [ 3 314:319]
 27 [ 0 352:357]
 59 [ 1 376:381]
 -2 [ 1 387:387]

y[6370] = 1.0
Vehicle: 501  Cost: 105.40
Route: 5 21 22 50 61 37 -5 
  5 [ 9 109:273]
 21 [ 5 300:305]
 22 [ 1 420:425]
 50 [ 2 425:430]
 61 [ 4 456:461]
 37 [ 3 461:466]
 -5 [ 3 506:506]

y[6647] = 1.0
Vehicle: 402  Cost: 157.03
Route: 4 31 13 34 33 48 62 65 58 -4 
  4 [ 9  69: 84]
 31 [ 7  94: 99]
 13 [ 3 125:130]
 34 [ 1 148:153]
 33 [ 0 157:162]
 48 [ 1 168:173]
 62 [ 3 198:203]
 65 [ 7 230:235]
 58 [10 254:259]
 -4 [10 281:281]

y[6799] = 1.0
Vehicle: 404  Cost: 90.01
Route: 4 45 25 53 39 10 -4 
  4 [ 8 113:128]
 45 [10 162:167]
 25 [ 6 177:182]
 53 [10 182:187]
 39 [ 9 300:305]
 10 [ 6 326:331]
 -4 [ 6 348:348]

FE: 2
SE: 12
!MIP-----
1314.1916001932752,97.16737508773804,8.170709027021903E-5,2,12,4253,6914

Run: 2
Total Cost: 1326.07
Vehicle: 12  Cost: 65.97
Route: 1 2 -2 -1 
 1 [ 57   0:  0 [33, 30, 11, 25, 8, 34, 27, 29, 21, 39, 15, 40, 38, 13, 42, 41, 31, 7, 9, 12, 32]]
 2 [  0  33: 33 []]
-2 [ 24  33:380 [64, 52, 60, 45, 48, 65, 62, 53, 44, 63]]
-1 [ 24 413:413 [64, 52, 60, 45, 48, 65, 62, 53, 44, 63]]

Vehicle: 14  Cost: 150.92
Route: 1 5 -5 -2 -1 
 1 [ 45   0:  0 [36, 26, 23, 22, 37, 20, 19, 28, 18, 14, 35, 16, 17, 6, 24, 10]]
 5 [  0  74: 74 []]
-5 [ 30  74:490 [55, 57, 61, 54, 46, 50, 47, 49, 51, 43, 58]]
-2 [ 32 535:550 [56, 55, 57, 61, 54, 46, 50, 47, 49, 51, 43, 58, 59]]
-1 [ 32 583:583 [55, 57, 61, 54, 46, 50, 47, 56, 49, 51, 43, 58, 59]]

Vehicle: 201  Cost: 203.18
Route: 2 31 13 34 33 48 62 65 39 52 -2 
  2 [10  33: 48]
 31 [ 8  79: 84]
 13 [ 4 110:115]
 34 [ 2 133:138]
 33 [ 1 142:147]
 48 [ 2 153:158]
 62 [ 4 183:188]
 65 [ 8 215:220]
 39 [ 7 300:305]
 52 [ 8 334:339]
 -2 [ 8 365:365]

Vehicle: 202  Cost: 56.96
Route: 2 15 7 42 -2 
  2 [ 9  33: 48]
 15 [ 5  59: 64]
  7 [ 2  83: 88]
 42 [ 0 300:305]
 -2 [ 0 323:323]

Vehicle: 203  Cost: 144.81
Route: 2 29 53 25 45 40 64 -2 
  2 [10  33: 48]
 29 [ 6  85: 90]
 53 [10 131:136]
 25 [ 6 136:141]
 45 [ 8 151:156]
 40 [ 6 184:189]
 64 [10 189:194]
 -2 [10 223:223]

Vehicle: 204  Cost: 153.20
Route: 2 11 63 38 60 44 9 41 -2 
  2 [ 9  33: 48]
 11 [ 5 101:106]
 63 [ 7 120:125]
 38 [ 6 125:130]
 60 [ 8 136:141]
 44 [10 158:163]
  9 [ 9 170:175]
 41 [ 6 300:305]
 -2 [ 6 351:351]

Vehicle: 205  Cost: 96.26
Route: 2 12 27 21 59 -2 
  2 [10  33:264]
 12 [ 7 300:305]
 27 [ 4 330:335]
 21 [ 0 345:350]
 59 [ 1 368:373]
 -2 [ 1 380:380]

Vehicle: 207  Cost: 103.84
Route: 2 56 8 30 32 -2 
  2 [ 9  33:141]
 56 [10 180:185]
  8 [ 6 300:305]
 30 [ 3 311:316]
 32 [ 1 420:425]
 -2 [ 1 456:456]

Vehicle: 501  Cost: 50.91
Route: 5 16 58 10 43 6 -5 
  5 [ 8  74: 89]
 16 [ 6  92: 97]
 58 [ 9 116:121]
 10 [ 6 300:305]
 43 [ 9 318:323]
  6 [ 6 323:328]
 -5 [ 6 338:338]

Vehicle: 502  Cost: 112.07
Route: 5 28 37 61 50 22 14 46 -5 
  5 [10  74: 89]
 28 [ 8 131:136]
 37 [ 7 300:305]
 61 [ 9 305:310]
 50 [10 420:425]
 22 [ 6 425:430]
 14 [ 3 464:469]
 46 [ 6 469:474]
 -5 [ 6 475:475]

Vehicle: 503  Cost: 44.89
Route: 5 26 54 19 49 20 -5 
  5 [10  74:285]
 26 [ 6 300:305]
 54 [ 8 305:310]
 19 [ 4 317:322]
 49 [ 8 324:329]
 20 [ 6 329:334]
 -5 [ 6 355:355]

Vehicle: 504  Cost: 53.41
Route: 5 51 23 17 55 -5 
  5 [ 8  74:285]
 51 [10 300:305]
 23 [ 6 305:310]
 17 [ 2 420:425]
 55 [ 5 431:436]
 -5 [ 5 457:457]

Vehicle: 506  Cost: 89.64
Route: 5 36 35 24 57 18 47 -5 
  5 [ 9  74: 89]
 36 [ 8  99:104]
 35 [ 4 118:123]
 24 [ 2 300:305]
 57 [ 5 313:318]
 18 [ 3 332:337]
 47 [ 7 346:351]
 -5 [ 7 382:382]

Total Cost: 1326.07
 12:65.97, 57:75 [1, 2, -2, -1]
 14:150.92, 45:75 [1, 5, -5, -2, -1]
201:203.18, 10:10 [2, 31, 13, 34, 33, 48, 62, 65, 39, 52, -2]
202:56.96, 9:10 [2, 15, 7, 42, -2]
203:144.81, 10:10 [2, 29, 53, 25, 45, 40, 64, -2]
204:153.20, 10:10 [2, 11, 63, 38, 60, 44, 9, 41, -2]
205:96.26, 10:10 [2, 12, 27, 21, 59, -2]
207:103.84, 10:10 [2, 56, 8, 30, 32, -2]
501:50.91, 9:10 [5, 16, 58, 10, 43, 6, -5]
502:112.07, 10:10 [5, 28, 37, 61, 50, 22, 14, 46, -5]
503:44.89, 10:10 [5, 26, 54, 19, 49, 20, -5]
504:53.41, 10:10 [5, 51, 23, 17, 55, -5]
506:89.64, 9:10 [5, 36, 35, 24, 57, 18, 47, -5]
fe: 2, se: 11

!ALNS------------
100000,1326.0714447538653,167.059,159.803,2,11,0.68,0.9727272727272728,30.0,5.454545454545454
2 9 7 4 0 2 6 0 
9.278832965868581 20.975776479032366 9.981040719377612 11.518191285574632 22.105762299913675 25.75585376254942 12.781787653874849 33.955869381488924 
2 7 2 3 4 5 3 4 
15.31661547684886 12.451249828129676 14.528190313460842 11.866913242588966 14.195182133929537 13.971050072491938 14.065082072006092 15.256685272477151 

x[3286] = 1.0000000000000004
Vehicle: 14  Cost: 147.11
Route: 1 5 -5 -1 
 1 [ 47   0:  0 [22, 17, 24, 13, 16, 10, 26, 20, 37, 36, 14, 23, 19, 6, 35, 18]]
 5 [  0  74: 74 []]
-5 [ 34  74:479 [49, 57, 50, 47, 62, 51, 43, 55, 54, 46, 58, 45, 61]]
-1 [ 34 553:553 [49, 57, 50, 47, 62, 51, 43, 55, 54, 46, 58, 45, 61]]

x[3600] = 1.0
Vehicle: 12  Cost: 65.97
Route: 1 2 -2 -1 
 1 [ 55   0:  0 [8, 15, 38, 7, 42, 30, 33, 31, 27, 9, 41, 12, 11, 29, 25, 32, 34, 28, 39, 21, 40]]
 2 [  0  33: 33 []]
-2 [ 22  33:380 [52, 65, 59, 53, 56, 44, 48, 60, 64, 63]]
-1 [ 22 413:413 [52, 65, 59, 53, 56, 44, 48, 60, 64, 63]]

y[694] = 1.0
Vehicle: 208  Cost: 155.69
Route: 2 11 28 63 38 60 44 9 -2 
  2 [ 8  33: 48]
 11 [ 4 101:106]
 28 [ 2 110:115]
 63 [ 4 131:136]
 38 [ 3 136:141]
 60 [ 5 147:152]
 44 [ 7 169:174]
  9 [ 6 181:186]
 -2 [ 6 239:239]

y[1669] = 1.0
Vehicle: 206  Cost: 97.00
Route: 2 15 41 12 -2 
  2 [10  89:104]
 15 [ 6 115:120]
 41 [ 3 300:305]
 12 [ 0 314:319]
 -2 [ 0 356:356]

y[1881] = 1.0
Vehicle: 502  Cost: 99.83
Route: 5 13 37 61 22 50 -5 
  5 [ 9  74: 89]
 13 [ 5 105:110]
 37 [ 4 300:305]
 61 [ 6 305:310]
 22 [ 2 420:425]
 50 [ 3 425:430]
 -5 [ 3 464:464]

y[2173] = 1.0
Vehicle: 503  Cost: 44.89
Route: 5 26 54 19 49 20 -5 
  5 [10 184:285]
 26 [ 6 300:305]
 54 [ 8 305:310]
 19 [ 4 317:322]
 49 [ 8 324:329]
 20 [ 6 329:334]
 -5 [ 6 355:355]

y[2958] = 1.0
Vehicle: 503  Cost: 19.79
Route: 5 46 14 43 6 -5 
  5 [ 6  74:299]
 46 [ 9 300:305]
 14 [ 6 305:310]
 43 [ 9 319:324]
  6 [ 6 324:329]
 -5 [ 6 339:339]

y[3228] = 1.0
Vehicle: 504  Cost: 53.41
Route: 5 51 23 17 55 -5 
  5 [ 8 118:285]
 51 [10 300:305]
 23 [ 6 305:310]
 17 [ 2 420:425]
 55 [ 5 431:436]
 -5 [ 5 457:457]

y[3845] = 1.0
Vehicle: 505  Cost: 74.66
Route: 5 16 58 45 10 -5 
  5 [ 5  74: 89]
 16 [ 3  92: 97]
 58 [ 6 116:121]
 45 [ 8 134:139]
 10 [ 5 300:305]
 -5 [ 5 328:328]

y[3917] = 1.0
Vehicle: 201  Cost: 200.41
Route: 2 31 34 33 48 65 25 53 39 52 -2 
  2 [10  33: 48]
 31 [ 8  79: 84]
 34 [ 6 124:129]
 33 [ 5 133:138]
 48 [ 6 144:149]
 65 [10 199:204]
 25 [ 6 211:216]
 53 [10 216:221]
 39 [ 9 300:305]
 52 [10 334:339]
 -2 [10 365:365]

y[4008] = 1.0
Vehicle: 205  Cost: 119.32
Route: 2 29 40 64 56 8 -2 
  2 [10 133:148]
 29 [ 6 185:190]
 40 [ 4 203:208]
 64 [ 8 208:213]
 56 [ 9 236:241]
  8 [ 5 300:305]
 -2 [ 5 338:338]

y[4157] = 1.0
Vehicle: 506  Cost: 94.12
Route: 5 36 35 62 24 57 18 47 -5 
  5 [ 9 134:149]
 36 [ 8 159:164]
 35 [ 4 178:183]
 62 [ 6 188:193]
 24 [ 4 300:305]
 57 [ 7 313:318]
 18 [ 5 332:337]
 47 [ 9 346:351]
 -5 [ 9 382:382]

y[4860] = 1.0
Vehicle: 202  Cost: 90.74
Route: 2 7 30 32 42 -2 
  2 [10 149:164]
  7 [ 7 189:194]
 30 [ 4 300:305]
 32 [ 2 420:425]
 42 [ 0 440:445]
 -2 [ 0 463:463]

y[4866] = 1.0
Vehicle: 206  Cost: 60.65
Route: 2 27 21 59 -2 
  2 [ 7  33:275]
 27 [ 4 300:305]
 21 [ 0 315:320]
 59 [ 1 338:343]
 -2 [ 1 350:350]

FE: 2
SE: 12
!MIP-----
1323.5818203775682,75.61619901657104,9.364680144180809E-5,2,12,4546,5979

Run: 3
Total Cost: 1315.65
Vehicle: 12  Cost: 65.97
Route: 1 2 -2 -1 
 1 [ 54   0:  0 [25, 39, 38, 27, 36, 30, 29, 13, 33, 34, 40, 41, 12, 15, 11, 7, 32, 28, 9, 42, 8]]
 2 [  0  33: 33 []]
-2 [ 27  33:380 [48, 52, 64, 63, 65, 53, 59, 60, 58, 45, 56, 44]]
-1 [ 27 413:413 [48, 52, 64, 63, 65, 53, 59, 60, 58, 45, 56, 44]]

Vehicle: 15  Cost: 147.11
Route: 1 5 -5 -1 
 1 [ 48   0:  0 [23, 26, 35, 19, 24, 17, 22, 16, 6, 10, 21, 14, 37, 18, 31, 20]]
 5 [  0  74: 74 []]
-5 [ 29  74:490 [55, 54, 51, 50, 47, 61, 49, 62, 57, 43, 46]]
-1 [ 29 563:563 [55, 54, 51, 50, 47, 61, 49, 62, 57, 43, 46]]

Vehicle: 201  Cost: 191.54
Route: 2 13 34 33 48 36 58 45 40 64 -2 
  2 [10  33: 48]
 13 [ 6  97:102]
 34 [ 4 120:125]
 33 [ 3 129:134]
 48 [ 4 140:145]
 36 [ 3 168:173]
 58 [ 6 195:200]
 45 [ 8 213:218]
 40 [ 6 246:251]
 64 [10 251:256]
 -2 [10 285:285]

Vehicle: 202  Cost: 56.96
Route: 2 15 7 42 -2 
  2 [ 9  33: 48]
 15 [ 5  59: 64]
  7 [ 2  83: 88]
 42 [ 0 300:305]
 -2 [ 0 323:323]

Vehicle: 203  Cost: 130.24
Route: 2 11 28 63 38 60 27 59 -2 
  2 [10  33: 48]
 11 [ 6 101:106]
 28 [ 4 110:115]
 63 [ 6 131:136]
 38 [ 5 136:141]
 60 [ 7 147:152]
 27 [ 4 300:305]
 59 [ 5 324:329]
 -2 [ 5 336:336]

Vehicle: 204  Cost: 85.25
Route: 2 8 30 32 -2 
  2 [ 9  33:267]
  8 [ 5 300:305]
 30 [ 2 311:316]
 32 [ 0 420:425]
 -2 [ 0 456:456]

Vehicle: 205  Cost: 165.43
Route: 2 56 29 65 25 53 39 52 -2 
  2 [ 9  33:141]
 56 [10 180:185]
 29 [ 6 197:202]
 65 [10 247:252]
 25 [ 6 259:264]
 53 [10 264:269]
 39 [ 9 300:305]
 52 [10 334:339]
 -2 [10 365:365]

Vehicle: 206  Cost: 120.76
Route: 2 44 9 41 12 -2 
  2 [ 7  33: 48]
 44 [ 9 106:111]
  9 [ 8 117:122]
 41 [ 5 300:305]
 12 [ 2 314:319]
 -2 [ 2 356:356]

Vehicle: 501  Cost: 53.41
Route: 5 51 23 17 55 -5 
  5 [ 8  74:285]
 51 [10 300:305]
 23 [ 6 305:310]
 17 [ 2 420:425]
 55 [ 5 431:436]
 -5 [ 5 457:457]

Vehicle: 502  Cost: 93.95
Route: 5 35 62 24 57 18 47 -5 
  5 [ 8  74: 89]
 35 [ 4 113:118]
 62 [ 6 122:127]
 24 [ 4 300:305]
 57 [ 7 313:318]
 18 [ 5 332:337]
 47 [ 9 346:351]
 -5 [ 9 382:382]

Vehicle: 503  Cost: 44.89
Route: 5 26 54 19 20 49 -5 
  5 [10  74:285]
 26 [ 6 300:305]
 54 [ 8 305:310]
 19 [ 4 317:322]
 20 [ 2 324:329]
 49 [ 6 329:334]
 -5 [ 6 355:355]

Vehicle: 504  Cost: 52.74
Route: 5 16 31 10 43 6 -5 
  5 [10  74: 89]
 16 [ 8  92: 97]
 31 [ 6 109:114]
 10 [ 3 300:305]
 43 [ 6 318:323]
  6 [ 3 323:328]
 -5 [ 3 338:338]

Vehicle: 505  Cost: 105.40
Route: 5 37 61 22 50 21 -5 
  5 [ 9  74:260]
 37 [ 8 300:305]
 61 [10 305:310]
 22 [ 6 420:425]
 50 [ 7 425:430]
 21 [ 3 442:447]
 -5 [ 3 475:475]

Vehicle: 506  Cost: 2.00
Route: 5 46 14 -5 
  5 [ 3  74:299]
 46 [ 6 300:305]
 14 [ 3 305:310]
 -5 [ 3 311:311]

Total Cost: 1315.65
 12:65.97, 54:75 [1, 2, -2, -1]
 15:147.11, 48:75 [1, 5, -5, -1]
201:191.54, 10:10 [2, 13, 34, 33, 48, 36, 58, 45, 40, 64, -2]
202:56.96, 9:10 [2, 15, 7, 42, -2]
203:130.24, 10:10 [2, 11, 28, 63, 38, 60, 27, 59, -2]
204:85.25, 9:10 [2, 8, 30, 32, -2]
205:165.43, 10:10 [2, 56, 29, 65, 25, 53, 39, 52, -2]
206:120.76, 9:10 [2, 44, 9, 41, 12, -2]
501:53.41, 10:10 [5, 51, 23, 17, 55, -5]
502:93.95, 9:10 [5, 35, 62, 24, 57, 18, 47, -5]
503:44.89, 10:10 [5, 26, 54, 19, 20, 49, -5]
504:52.74, 10:10 [5, 16, 31, 10, 43, 6, -5]
505:105.40, 10:10 [5, 37, 61, 22, 50, 21, -5]
506:2.00, 6:10 [5, 46, 14, -5]
fe: 2, se: 12

!ALNS------------
100000,1315.6454956928492,181.36,123.984,2,12,0.68,0.9333333333333333,30.0,5.0
4 8 4 1 0 0 1 0 
10.340500946644452 23.895836263434745 10.424170928165042 13.680087895455275 NaN 22.000430482745582 13.910564445502965 40.77448972361948 
2 2 3 3 1 3 4 0 
15.461362769845486 16.085571079419402 14.704002698694218 16.91821845938005 16.84239151146339 15.38036742796058 13.693219825658174 14.550667529720643 

x[3309] = 1.0
Vehicle: 11  Cost: 65.97
Route: 1 2 -2 -1 
 1 [ 49   0:  0 [9, 33, 28, 38, 39, 7, 27, 15, 32, 21, 29, 34, 8, 41, 11, 42, 12, 30, 40]]
 2 [  0  33: 33 []]
-2 [ 22  33:380 [59, 65, 56, 52, 48, 53, 44, 60, 63, 64]]
-1 [ 22 413:413 [59, 65, 56, 52, 48, 53, 44, 60, 63, 64]]

x[3858] = 1.0000000000000002
Vehicle: 15  Cost: 147.11
Route: 1 5 -5 -1 
 1 [ 53   0:  0 [35, 23, 20, 24, 17, 37, 19, 25, 22, 13, 26, 10, 6, 14, 16, 31, 36, 18]]
 5 [  0  74: 74 []]
-5 [ 34  74:521 [50, 55, 47, 62, 61, 49, 45, 57, 46, 43, 54, 58, 51]]
-1 [ 34 594:594 [50, 55, 47, 62, 61, 49, 45, 57, 46, 43, 54, 58, 51]]

y[488] = 1.0
Vehicle: 504  Cost: 92.46
Route: 5 16 25 45 58 10 -5 
  5 [ 9  74: 89]
 16 [ 7  92: 97]
 25 [ 3 135:140]
 45 [ 5 149:154]
 58 [ 8 167:172]
 10 [ 5 300:305]
 -5 [ 5 328:328]

y[829] = 1.0
Vehicle: 201  Cost: 222.52
Route: 2 11 28 34 33 48 65 53 39 52 -2 
  2 [10  33: 48]
 11 [ 6 101:106]
 28 [ 4 110:115]
 34 [ 2 151:156]
 33 [ 1 160:165]
 48 [ 2 171:176]
 65 [ 6 226:231]
 53 [10 238:243]
 39 [ 9 300:305]
 52 [10 334:339]
 -2 [10 365:365]

y[1139] = 1.000000000000001
Vehicle: 503  Cost: 44.89
Route: 5 26 54 19 20 49 -5 
  5 [10 240:285]
 26 [ 6 300:305]
 54 [ 8 305:310]
 19 [ 4 317:322]
 20 [ 2 324:329]
 49 [ 6 329:334]
 -5 [ 6 355:355]

y[1718] = 1.0
Vehicle: 505  Cost: 53.41
Route: 5 51 23 17 55 -5 
  5 [ 8 118:285]
 51 [10 300:305]
 23 [ 6 305:310]
 17 [ 2 420:425]
 55 [ 5 431:436]
 -5 [ 5 457:457]

y[2761] = 1.0
Vehicle: 202  Cost: 119.32
Route: 2 29 40 64 56 8 -2 
  2 [10  33: 48]
 29 [ 6  85: 90]
 40 [ 4 180:185]
 64 [ 8 185:190]
 56 [ 9 213:218]
  8 [ 5 300:305]
 -2 [ 5 338:338]

y[4154] = 1.0000000000000002
Vehicle: 502  Cost: 94.12
Route: 5 36 35 62 24 57 18 47 -5 
  5 [ 9 118:133]
 36 [ 8 143:148]
 35 [ 4 162:167]
 62 [ 6 172:177]
 24 [ 4 300:305]
 57 [ 7 313:318]
 18 [ 5 332:337]
 47 [ 9 346:351]
 -5 [ 9 382:382]

y[4231] = 1.0
Vehicle: 205  Cost: 90.74
Route: 2 7 30 32 42 -2 
  2 [10  33: 48]
  7 [ 7  73: 78]
 30 [ 4 300:305]
 32 [ 2 420:425]
 42 [ 0 440:445]
 -2 [ 0 463:463]

y[5096] = 1.0
Vehicle: 502  Cost: 31.16
Route: 5 31 43 6 46 14 -5 
  5 [ 8 244:259]
 31 [ 6 274:279]
 43 [ 9 300:305]
  6 [ 6 305:310]
 46 [ 9 319:324]
 14 [ 6 324:329]
 -5 [ 6 330:330]

y[5317] = 1.0
Vehicle: 201  Cost: 96.19
Route: 2 21 27 12 -2 
  2 [10  33:275]
 21 [ 6 300:305]
 27 [ 3 315:320]
 12 [ 0 345:350]
 -2 [ 0 386:386]

y[5434] = 1.0
Vehicle: 203  Cost: 153.33
Route: 2 15 60 38 63 44 9 41 59 -2 
  2 [ 9  33: 48]
 15 [ 5  59: 64]
 60 [ 7 114:119]
 38 [ 6 125:130]
 63 [ 8 130:135]
 44 [10 155:160]
  9 [ 9 166:171]
 41 [ 6 300:305]
 59 [ 7 348:353]
 -2 [ 7 359:359]

y[5766] = 1.0
Vehicle: 505  Cost: 99.83
Route: 5 13 37 61 50 22 -5 
  5 [ 9  93:108]
 13 [ 5 124:129]
 37 [ 4 300:305]
 61 [ 6 305:310]
 50 [ 7 420:425]
 22 [ 3 425:430]
 -5 [ 3 464:464]

FE: 2
SE: 11
!MIP-----
1311.0325339546757,46.07564091682434,9.130007006442155E-5,2,11,3992,6210

Run: 4
Total Cost: 1310.64
Vehicle: 13  Cost: 65.97
Route: 1 2 -2 -1 
 1 [ 51   0:  0 [42, 11, 39, 7, 29, 40, 12, 9, 15, 30, 31, 38, 32, 41, 13, 28, 33, 8, 34, 27]]
 2 [  0  33: 33 []]
-2 [ 22  33:380 [63, 59, 56, 52, 53, 65, 60, 48, 44, 64]]
-1 [ 22 413:413 [63, 59, 56, 52, 53, 65, 60, 48, 44, 64]]

Vehicle: 15  Cost: 147.11
Route: 1 5 -5 -1 
 1 [ 51   0:  0 [23, 16, 26, 20, 35, 19, 37, 36, 25, 14, 10, 6, 24, 21, 18, 22, 17]]
 5 [  0  74: 74 []]
-5 [ 34  74:521 [57, 61, 49, 51, 55, 62, 46, 47, 54, 58, 50, 45, 43]]
-1 [ 34 594:594 [57, 61, 49, 51, 55, 62, 46, 47, 54, 58, 50, 45, 43]]

Vehicle: 201  Cost: 119.32
Route: 2 29 64 40 56 8 -2 
  2 [10  33: 48]
 29 [ 6  85: 90]
 64 [10 180:185]
 40 [ 8 185:190]
 56 [ 9 213:218]
  8 [ 5 300:305]
 -2 [ 5 338:338]

Vehicle: 202  Cost: 120.76
Route: 2 44 9 41 12 -2 
  2 [ 7  33: 48]
 44 [ 9 106:111]
  9 [ 8 117:122]
 41 [ 5 300:305]
 12 [ 2 314:319]
 -2 [ 2 356:356]

Vehicle: 203  Cost: 130.24
Route: 2 11 28 38 63 60 27 59 -2 
  2 [10  33: 48]
 11 [ 6 101:106]
 28 [ 4 110:115]
 38 [ 3 131:136]
 63 [ 5 136:141]
 60 [ 7 147:152]
 27 [ 4 300:305]
 59 [ 5 324:329]
 -2 [ 5 336:336]

Vehicle: 204  Cost: 22.09
Route: 2 15 -2 
  2 [ 4  33: 48]
 15 [ 0  59: 64]
 -2 [ 0  75: 75]

Vehicle: 205  Cost: 90.74
Route: 2 7 30 32 42 -2 
  2 [10  33: 48]
  7 [ 7  73: 78]
 30 [ 4 300:305]
 32 [ 2 420:425]
 42 [ 0 440:445]
 -2 [ 0 463:463]

Vehicle: 207  Cost: 204.35
Route: 2 31 13 34 33 48 65 53 39 52 -2 
  2 [10  33: 48]
 31 [ 8  79: 84]
 13 [ 4 110:115]
 34 [ 2 133:138]
 33 [ 1 142:147]
 48 [ 2 153:158]
 65 [ 6 208:213]
 53 [10 220:225]
 39 [ 9 300:305]
 52 [10 334:339]
 -2 [10 365:365]

Vehicle: 501  Cost: 19.79
Route: 5 43 6 46 14 -5 
  5 [ 6  74:290]
 43 [ 9 300:305]
  6 [ 6 305:310]
 46 [ 9 319:324]
 14 [ 6 324:329]
 -5 [ 6 330:330]

Vehicle: 502  Cost: 92.46
Route: 5 16 25 45 58 10 -5 
  5 [ 9  74: 89]
 16 [ 7  92: 97]
 25 [ 3 135:140]
 45 [ 5 149:154]
 58 [ 8 167:172]
 10 [ 5 300:305]
 -5 [ 5 328:328]

Vehicle: 503  Cost: 94.12
Route: 5 36 35 62 24 57 18 47 -5 
  5 [ 9  74: 89]
 36 [ 8  99:104]
 35 [ 4 118:123]
 62 [ 6 128:133]
 24 [ 4 300:305]
 57 [ 7 313:318]
 18 [ 5 332:337]
 47 [ 9 346:351]
 -5 [ 9 382:382]

Vehicle: 504  Cost: 105.40
Route: 5 21 22 50 37 61 -5 
  5 [ 9  74:273]
 21 [ 5 300:305]
 22 [ 1 420:425]
 50 [ 2 425:430]
 37 [ 1 456:461]
 61 [ 3 461:466]
 -5 [ 3 506:506]

Vehicle: 505  Cost: 53.41
Route: 5 51 23 17 55 -5 
  5 [ 8  74:285]
 51 [10 300:305]
 23 [ 6 305:310]
 17 [ 2 420:425]
 55 [ 5 431:436]
 -5 [ 5 457:457]

Vehicle: 506  Cost: 44.89
Route: 5 26 54 19 20 49 -5 
  5 [10  74:285]
 26 [ 6 300:305]
 54 [ 8 305:310]
 19 [ 4 317:322]
 20 [ 2 324:329]
 49 [ 6 329:334]
 -5 [ 6 355:355]

Total Cost: 1310.64
 13:65.97, 51:75 [1, 2, -2, -1]
 15:147.11, 51:75 [1, 5, -5, -1]
201:119.32, 10:10 [2, 29, 64, 40, 56, 8, -2]
202:120.76, 9:10 [2, 44, 9, 41, 12, -2]
203:130.24, 10:10 [2, 11, 28, 38, 63, 60, 27, 59, -2]
204:22.09, 4:10 [2, 15, -2]
205:90.74, 10:10 [2, 7, 30, 32, 42, -2]
207:204.35, 10:10 [2, 31, 13, 34, 33, 48, 65, 53, 39, 52, -2]
501:19.79, 9:10 [5, 43, 6, 46, 14, -5]
502:92.46, 9:10 [5, 16, 25, 45, 58, 10, -5]
503:94.12, 9:10 [5, 36, 35, 62, 24, 57, 18, 47, -5]
504:105.40, 9:10 [5, 21, 22, 50, 37, 61, -5]
505:53.41, 10:10 [5, 51, 23, 17, 55, -5]
506:44.89, 10:10 [5, 26, 54, 19, 20, 49, -5]
fe: 2, se: 12

!ALNS------------
100000,1310.6414308968804,212.234,65.351,2,12,0.68,0.9083333333333333,30.0,5.0
8 12 9 3 0 0 1 0 
10.084728730934192 19.471807644774707 9.37116680638751 12.127685267472643 26.68784338808632 22.806843592315154 13.035456218128063 29.511580596054273 
2 5 5 7 2 4 6 2 
14.996577089652627 12.626910133724108 12.73835613652747 12.908084834120865 13.954931002179134 12.239610505908633 15.354916122222688 13.289977165991845 

x[406] = 1.0
Vehicle: 15  Cost: 147.11
Route: 1 5 -5 -1 
 1 [ 51   0:  0 [25, 20, 22, 37, 6, 16, 21, 19, 18, 10, 36, 24, 23, 14, 35, 26, 17]]
 5 [  0  74: 74 []]
-5 [ 34  74:521 [50, 61, 47, 49, 45, 46, 54, 51, 55, 43, 58, 62, 57]]
-1 [ 34 594:594 [50, 61, 47, 49, 45, 46, 54, 51, 55, 43, 58, 62, 57]]

x[3552] = 1.0
Vehicle: 13  Cost: 65.97
Route: 1 2 -2 -1 
 1 [ 51   0:  0 [12, 32, 41, 34, 31, 9, 11, 28, 15, 27, 42, 8, 38, 29, 33, 13, 7, 39, 30, 40]]
 2 [  0  33: 33 []]
-2 [ 24  33:386 [53, 63, 65, 64, 56, 59, 52, 60, 61, 44, 48]]
-1 [ 24 419:419 [53, 63, 65, 64, 56, 59, 52, 60, 61, 44, 48]]

y[65] = 1.0
Vehicle: 202  Cost: 120.76
Route: 2 44 9 41 12 -2 
  2 [ 7 133:148]
 44 [ 9 206:211]
  9 [ 8 217:222]
 41 [ 5 300:305]
 12 [ 2 314:319]
 -2 [ 2 356:356]

y[476] = 1.0
Vehicle: 502  Cost: 44.89
Route: 5 26 54 19 20 49 -5 
  5 [10  74:285]
 26 [ 6 300:305]
 54 [ 8 305:310]
 19 [ 4 317:322]
 20 [ 2 324:329]
 49 [ 6 329:334]
 -5 [ 6 355:355]

y[799] = 1.0
Vehicle: 207  Cost: 204.35
Route: 2 31 13 34 33 48 65 53 39 52 -2 
  2 [10  89:104]
 31 [ 8 135:140]
 13 [ 4 166:171]
 34 [ 2 189:194]
 33 [ 1 198:203]
 48 [ 2 209:214]
 65 [ 6 264:269]
 53 [10 276:281]
 39 [ 9 300:305]
 52 [10 334:339]
 -2 [10 365:365]

y[821] = 1.0
Vehicle: 504  Cost: 53.41
Route: 5 23 51 17 55 -5 
  5 [ 8  74:285]
 23 [ 4 300:305]
 51 [ 6 305:310]
 17 [ 2 420:425]
 55 [ 5 431:436]
 -5 [ 5 457:457]

y[1500] = 1.0
Vehicle: 501  Cost: 105.40
Route: 5 37 61 22 50 21 -5 
  5 [ 9  92:260]
 37 [ 8 300:305]
 61 [10 305:310]
 22 [ 6 420:425]
 50 [ 7 425:430]
 21 [ 3 442:447]
 -5 [ 3 475:475]

y[1684] = 1.0
Vehicle: 506  Cost: 92.46
Route: 5 16 25 45 58 10 -5 
  5 [ 9  93:108]
 16 [ 7 111:116]
 25 [ 3 154:159]
 45 [ 5 169:174]
 58 [ 8 187:192]
 10 [ 5 300:305]
 -5 [ 5 328:328]

y[1842] = 1.0
Vehicle: 201  Cost: 119.32
Route: 2 29 64 40 56 8 -2 
  2 [10 149:164]
 29 [ 6 201:206]
 64 [10 219:224]
 40 [ 8 224:229]
 56 [ 9 252:257]
  8 [ 5 300:305]
 -2 [ 5 338:338]

y[1945] = 1.0
Vehicle: 203  Cost: 90.74
Route: 2 7 30 32 42 -2 
  2 [10 225:240]
  7 [ 7 265:270]
 30 [ 4 300:305]
 32 [ 2 420:425]
 42 [ 0 440:445]
 -2 [ 0 463:463]

y[2027] = 1.0
Vehicle: 201  Cost: 22.09
Route: 2 15 -2 
  2 [ 4 226:241]
 15 [ 0 252:257]
 -2 [ 0 268:268]

y[2176] = 1.0
Vehicle: 203  Cost: 130.24
Route: 2 11 28 38 63 60 27 59 -2 
  2 [10  33: 48]
 11 [ 6 101:106]
 28 [ 4 110:115]
 38 [ 3 131:136]
 63 [ 5 136:141]
 60 [ 7 147:152]
 27 [ 4 300:305]
 59 [ 5 324:329]
 -2 [ 5 336:336]

y[3494] = 1.0
Vehicle: 503  Cost: 19.79
Route: 5 43 6 14 46 -5 
  5 [ 6  93:290]
 43 [ 9 300:305]
  6 [ 6 305:310]
 14 [ 3 319:324]
 46 [ 6 324:329]
 -5 [ 6 330:330]

y[4946] = 1.0
Vehicle: 503  Cost: 94.12
Route: 5 36 35 62 24 57 18 47 -5 
  5 [ 9 142:157]
 36 [ 8 167:172]
 35 [ 4 186:191]
 62 [ 6 196:201]
 24 [ 4 300:305]
 57 [ 7 313:318]
 18 [ 5 332:337]
 47 [ 9 346:351]
 -5 [ 9 382:382]

FE: 2
SE: 12
!MIP-----
1310.6414308968806,240.076416015625,8.983343975578834E-6,2,12,4395,5457

Run: 5
Total Cost: 1310.84
Vehicle: 11  Cost: 65.97
Route: 1 2 -2 -1 
 1 [ 49   0:  0 [28, 40, 11, 42, 32, 12, 8, 9, 34, 38, 33, 15, 29, 27, 39, 41, 30, 21, 7]]
 2 [  0  33: 33 []]
-2 [ 22  33:380 [59, 53, 65, 63, 52, 64, 48, 44, 60, 56]]
-1 [ 22 413:413 [59, 53, 65, 63, 52, 64, 48, 44, 60, 56]]

Vehicle: 14  Cost: 147.11
Route: 1 5 -5 -1 
 1 [ 53   0:  0 [37, 17, 23, 22, 10, 26, 6, 35, 13, 36, 18, 24, 31, 19, 20, 16, 25, 14]]
 5 [  0  74: 74 []]
-5 [ 34  74:479 [51, 54, 50, 43, 46, 61, 49, 47, 55, 58, 57, 45, 62]]
-1 [ 34 553:553 [51, 54, 50, 43, 46, 61, 49, 47, 55, 58, 57, 45, 62]]

Vehicle: 201  Cost: 90.74
Route: 2 7 30 32 42 -2 
  2 [10  33: 48]
  7 [ 7  73: 78]
 30 [ 4 300:305]
 32 [ 2 420:425]
 42 [ 0 440:445]
 -2 [ 0 463:463]

Vehicle: 202  Cost: 119.32
Route: 2 29 64 40 56 8 -2 
  2 [10  33: 48]
 29 [ 6  85: 90]
 64 [10 180:185]
 40 [ 8 185:190]
 56 [ 9 213:218]
  8 [ 5 300:305]
 -2 [ 5 338:338]

Vehicle: 203  Cost: 96.19
Route: 2 21 27 12 -2 
  2 [10  33:275]
 21 [ 6 300:305]
 27 [ 3 315:320]
 12 [ 0 345:350]
 -2 [ 0 386:386]

Vehicle: 204  Cost: 153.33
Route: 2 15 60 38 63 44 9 41 59 -2 
  2 [ 9  33: 48]
 15 [ 5  59: 64]
 60 [ 7 114:119]
 38 [ 6 125:130]
 63 [ 8 130:135]
 44 [10 155:160]
  9 [ 9 166:171]
 41 [ 6 300:305]
 59 [ 7 348:353]
 -2 [ 7 359:359]

Vehicle: 205  Cost: 222.52
Route: 2 11 28 34 33 48 65 53 39 52 -2 
  2 [10  33: 48]
 11 [ 6 101:106]
 28 [ 4 110:115]
 34 [ 2 151:156]
 33 [ 1 160:165]
 48 [ 2 171:176]
 65 [ 6 226:231]
 53 [10 238:243]
 39 [ 9 300:305]
 52 [10 334:339]
 -2 [10 365:365]

Vehicle: 501  Cost: 20.16
Route: 5 16 6 43 14 46 -5 
  5 [ 8  74: 89]
 16 [ 6  92: 97]
  6 [ 3 300:305]
 43 [ 6 305:310]
 14 [ 3 319:324]
 46 [ 6 324:329]
 -5 [ 6 330:330]

Vehicle: 502  Cost: 103.28
Route: 5 31 58 25 45 10 -5 
  5 [ 9  74: 89]
 31 [ 7 103:108]
 58 [10 125:130]
 25 [ 6 152:157]
 45 [ 8 167:172]
 10 [ 5 300:305]
 -5 [ 5 328:328]

Vehicle: 503  Cost: 94.12
Route: 5 36 35 62 24 57 18 47 -5 
  5 [ 9  74: 89]
 36 [ 8  99:104]
 35 [ 4 118:123]
 62 [ 6 128:133]
 24 [ 4 300:305]
 57 [ 7 313:318]
 18 [ 5 332:337]
 47 [ 9 346:351]
 -5 [ 9 382:382]

Vehicle: 504  Cost: 99.83
Route: 5 13 61 37 22 50 -5 
  5 [ 9  74: 89]
 13 [ 5 105:110]
 61 [ 7 300:305]
 37 [ 6 305:310]
 22 [ 2 420:425]
 50 [ 3 425:430]
 -5 [ 3 464:464]

Vehicle: 505  Cost: 53.41
Route: 5 23 51 17 55 -5 
  5 [ 8  74:285]
 23 [ 4 300:305]
 51 [ 6 305:310]
 17 [ 2 420:425]
 55 [ 5 431:436]
 -5 [ 5 457:457]

Vehicle: 506  Cost: 44.89
Route: 5 26 54 19 20 49 -5 
  5 [10  74:285]
 26 [ 6 300:305]
 54 [ 8 305:310]
 19 [ 4 317:322]
 20 [ 2 324:329]
 49 [ 6 329:334]
 -5 [ 6 355:355]

Total Cost: 1310.84
 11:65.97, 49:75 [1, 2, -2, -1]
 14:147.11, 53:75 [1, 5, -5, -1]
201:90.74, 10:10 [2, 7, 30, 32, 42, -2]
202:119.32, 10:10 [2, 29, 64, 40, 56, 8, -2]
203:96.19, 10:10 [2, 21, 27, 12, -2]
204:153.33, 10:10 [2, 15, 60, 38, 63, 44, 9, 41, 59, -2]
205:222.52, 10:10 [2, 11, 28, 34, 33, 48, 65, 53, 39, 52, -2]
501:20.16, 8:10 [5, 16, 6, 43, 14, 46, -5]
502:103.28, 10:10 [5, 31, 58, 25, 45, 10, -5]
503:94.12, 9:10 [5, 36, 35, 62, 24, 57, 18, 47, -5]
504:99.83, 9:10 [5, 13, 61, 37, 22, 50, -5]
505:53.41, 8:10 [5, 23, 51, 17, 55, -5]
506:44.89, 10:10 [5, 26, 54, 19, 20, 49, -5]
fe: 2, se: 11

!ALNS------------
100000,1310.8449806560436,193.571,150.758,2,11,0.68,0.9454545454545454,30.0,5.454545454545454
11 10 8 9 0 0 8 0 
9.774985916464114 19.484251762710226 8.985069191940502 11.16020621646574 NaN 14.411354556475079 11.878081863308376 31.3729090457139 
4 6 2 7 5 6 11 5 
13.965508283602885 12.765260401414686 14.104052521835468 11.47381670843756 13.807282309360664 14.143008824766927 12.045527730179197 13.436499660575883 

x[3626] = 1.0000000000000004
Vehicle: 11  Cost: 65.97
Route: 1 2 -2 -1 
 1 [ 49   0:  0 [40, 42, 7, 34, 28, 8, 27, 15, 29, 9, 41, 11, 30, 12, 32, 33, 38, 21, 39]]
 2 [  0  33: 33 []]
-2 [ 22  33:381 [63, 53, 60, 65, 59, 52, 56, 64, 48, 44]]
-1 [ 22 414:414 [63, 53, 60, 65, 59, 52, 56, 64, 48, 44]]

x[5777] = 0.9999999999999996
Vehicle: 14  Cost: 147.11
Route: 1 5 -5 -1 
 1 [ 53   0:  0 [37, 19, 16, 26, 22, 10, 23, 24, 14, 6, 20, 36, 25, 18, 31, 13, 35, 17]]
 5 [  0  74: 74 []]
-5 [ 34  74:551 [61, 49, 62, 57, 46, 43, 50, 58, 54, 51, 45, 47, 55]]
-1 [ 34 625:625 [61, 49, 62, 57, 46, 43, 50, 58, 54, 51, 45, 47, 55]]

y[76] = 1.0
Vehicle: 201  Cost: 90.74
Route: 2 7 30 32 42 -2 
  2 [10 133:148]
  7 [ 7 173:178]
 30 [ 4 300:305]
 32 [ 2 420:425]
 42 [ 0 440:445]
 -2 [ 0 463:463]

y[1020] = 1.0
Vehicle: 504  Cost: 99.83
Route: 5 13 37 61 50 22 -5 
  5 [ 9 118:133]
 13 [ 5 149:154]
 37 [ 4 300:305]
 61 [ 6 305:310]
 50 [ 7 420:425]
 22 [ 3 425:430]
 -5 [ 3 464:464]

y[1088] = 1.0
Vehicle: 202  Cost: 119.32
Route: 2 29 64 40 56 8 -2 
  2 [10  89:104]
 29 [ 6 141:146]
 64 [10 180:185]
 40 [ 8 185:190]
 56 [ 9 213:218]
  8 [ 5 300:305]
 -2 [ 5 338:338]

y[1565] = 1.0
Vehicle: 205  Cost: 222.52
Route: 2 11 28 34 33 48 65 53 39 52 -2 
  2 [10  33: 48]
 11 [ 6 101:106]
 28 [ 4 110:115]
 34 [ 2 151:156]
 33 [ 1 160:165]
 48 [ 2 171:176]
 65 [ 6 226:231]
 53 [10 238:243]
 39 [ 9 300:305]
 52 [10 334:339]
 -2 [10 365:365]

y[1601] = 0.9999999999999996
Vehicle: 507  Cost: 53.41
Route: 5 23 51 17 55 -5 
  5 [ 8  93:285]
 23 [ 4 300:305]
 51 [ 6 305:310]
 17 [ 2 420:425]
 55 [ 5 431:436]
 -5 [ 5 457:457]

y[2742] = 1.0
Vehicle: 501  Cost: 71.06
Route: 5 35 62 24 57 19 -5 
  5 [10  74: 89]
 35 [ 6 113:118]
 62 [ 8 122:127]
 24 [ 6 300:305]
 57 [ 9 313:318]
 19 [ 5 327:332]
 -5 [ 5 354:354]

y[2922] = 1.0
Vehicle: 503  Cost: 33.47
Route: 5 36 26 54 14 46 -5 
  5 [ 8  74: 89]
 36 [ 7  99:104]
 26 [ 3 300:305]
 54 [ 5 305:310]
 14 [ 2 324:329]
 46 [ 5 329:334]
 -5 [ 5 335:335]

y[4144] = 1.0
Vehicle: 203  Cost: 96.19
Route: 2 21 27 12 -2 
  2 [10  33:275]
 21 [ 6 300:305]
 27 [ 3 315:320]
 12 [ 0 345:350]
 -2 [ 0 386:386]

y[4358] = 1.0
Vehicle: 204  Cost: 153.33
Route: 2 15 60 38 63 44 9 41 59 -2 
  2 [ 9  33: 48]
 15 [ 5  59: 64]
 60 [ 7 114:119]
 38 [ 6 125:130]
 63 [ 8 130:135]
 44 [10 155:160]
  9 [ 9 166:171]
 41 [ 6 300:305]
 59 [ 7 348:353]
 -2 [ 7 359:359]

y[4365] = 1.0
Vehicle: 507  Cost: 96.23
Route: 5 16 45 25 18 47 20 49 -5 
  5 [10  74: 89]
 16 [ 8  92: 97]
 45 [10 128:133]
 25 [ 6 142:147]
 18 [ 4 300:305]
 47 [ 8 314:319]
 20 [ 6 329:334]
 49 [10 334:339]
 -5 [10 360:360]

y[5280] = 1.0
Vehicle: 502  Cost: 60.79
Route: 5 31 58 10 43 6 -5 
  5 [ 8  93:108]
 31 [ 6 122:127]
 58 [ 9 145:150]
 10 [ 6 300:305]
 43 [ 9 318:323]
  6 [ 6 323:328]
 -5 [ 6 338:338]

FE: 2
SE: 11
!MIP-----
1309.9748123574113,58.21510696411133,5.214754177177984E-5,2,11,6321,5861

