--Parameters Information--
speed=1
run=5
iteration= 100000
batch=100
restartPeriod=10000
largeRemovalOccurrence=500
initialLNS=250
lowerBoundSmallRemoval=4
smallRemoval=0.2
lowerBoundLargeRemoval=0.55
largeRemoval=0.8
initialWeight=1.0
decayRate=0.1
gamma1=9.0
gamma2=5.0
gamma3=2.0
gamma4=0.0
coolingRate=0.9995
temperatureControlParameter=0.05
initialAcceptanceProbability=0.5
perturbation=0.5
perturbationFactor=0.01
split=20000

Setup: Split
Data: C_100_5_LD

Run: 1
Total Cost: 1949.01
Vehicle: 12  Cost: 44.72
Route: 1 3 -3 -1 
 1 [ 67   0:  0 [38, 77, 11, 21, 13, 69, 80, 50, 74, 73, 61, 53, 75, 19, 60, 14, 28, 70, 65, 76, 25, 12, 10, 57, 49, 51, 18, 46, 33, 16]]
 3 [  0  22: 22 []]
-3 [ 38  22:532 [127, 122, 98, 131, 121, 107, 129, 130, 93, 89, 90, 124, 104, 118, 119, 102, 109, 84]]
-1 [ 38 554:554 [127, 122, 98, 131, 121, 107, 129, 130, 93, 89, 90, 124, 104, 118, 119, 102, 109, 84]]

Vehicle: 15  Cost: 165.44
Route: 1 2 4 -4 6 -2 -1 
 1 [ 62   0:  0 [32, 36, 31, 64, 30, 15, 48, 24, 71, 62, 67, 20, 66, 43, 37, 82, 39, 27, 81, 52, 40, 47, 35, 58, 22]]
 2 [ 43  55: 70 [32, 36, 64, 15, 24, 71, 62, 67, 20, 66, 43, 37, 39, 27, 81, 35, 22]]
 4 [  4  94: 94 [35]]
-4 [ 35  94:358 [114, 110, 111, 91, 133, 134, 125, 101, 96, 97, 120, 87, 35]]
 6 [ 31 372:387 [114, 110, 111, 91, 133, 134, 125, 101, 96, 97, 120, 87]]
-2 [ 38 404:419 [114, 110, 111, 91, 133, 134, 125, 101, 96, 97, 120, 103, 87, 117]]
-1 [ 38 475:475 [114, 110, 111, 91, 133, 134, 125, 101, 96, 97, 120, 103, 87, 117]]

Vehicle: 16  Cost: 44.72
Route: 1 3 -3 -1 
 1 [  6   0:  0 [17, 55]]
 3 [  0  22: 22 []]
-3 [ 27  22:348 [123, 116, 106, 105, 100, 86, 95, 85, 88, 83]]
-1 [ 27 370:370 [123, 116, 106, 105, 100, 86, 95, 85, 88, 83]]

Vehicle: 19  Cost: 159.75
Route: 1 8 5 -5 9 -9 -1 
 1 [ 38   0:  0 [72, 68, 79, 26, 63, 78, 34, 42, 54, 41, 59, 45, 44, 56, 29, 23]]
 8 [ 28  37: 52 [72, 68, 79, 26, 63, 78, 34, 42, 54, 41, 45, 56]]
 5 [ 24  65: 65 [72, 68, 79, 26, 63, 78, 34, 42, 54, 41, 56]]
-5 [ 28  65:116 [115, 72, 68, 79, 26, 63, 78, 34, 42, 54, 41, 56]]
 9 [  4 152:152 [115]]
-9 [ 28 152:494 [113, 132, 92, 94, 128, 99, 108, 115, 112, 126]]
-1 [ 28 568:568 [113, 132, 92, 94, 128, 99, 108, 115, 112, 126]]

Vehicle: 201  Cost: 43.99
Route: 2 82 48 103 31 30 -2 
  2 [10  55: 70]
 82 [ 6  79: 84]
 48 [ 5  94: 99]
103 [ 9 300:305]
 31 [ 5 305:310]
 30 [ 4 324:329]
 -2 [ 4 336:336]

Vehicle: 202  Cost: 45.55
Route: 2 52 40 47 117 58 -2 
  2 [ 9  55: 70]
 52 [ 5  91: 96]
 40 [ 4 300:305]
 47 [ 1 309:314]
117 [ 4 314:319]
 58 [ 3 332:337]
 -2 [ 3 339:339]

Vehicle: 301  Cost: 114.94
Route: 3 129 73 124 118 49 84 -3 
  3 [ 6  22: 37]
129 [ 7  52: 57]
 73 [ 5  57: 62]
124 [ 9 103:108]
118 [10 300:305]
 49 [ 6 305:310]
 84 [ 8 315:320]
 -3 [ 8 350:350]

Vehicle: 302  Cost: 129.21
Route: 3 57 107 53 74 131 25 13 98 -3 
  3 [10  22: 37]
 57 [ 8  50: 55]
107 [ 9  82: 87]
 53 [ 5  97:102]
 74 [ 3 300:305]
131 [ 5 305:310]
 25 [ 4 420:425]
 13 [ 3 443:448]
 98 [ 7 469:474]
 -3 [ 7 491:491]

Vehicle: 303  Cost: 113.62
Route: 3 60 11 90 19 93 69 127 21 102 -3 
  3 [10  22: 50]
 60 [ 9  60: 65]
 11 [ 6 300:305]
 90 [ 8 420:425]
 19 [ 6 425:430]
 93 [ 7 433:438]
 69 [ 4 452:457]
127 [ 6 457:462]
 21 [ 5 476:481]
102 [ 9 494:499]
 -3 [ 9 517:517]

Vehicle: 304  Cost: 79.65
Route: 3 18 89 38 50 61 122 130 109 -3 
  3 [ 9  22:292]
 18 [ 7 300:305]
 89 [ 8 305:310]
 38 [ 5 329:334]
 50 [ 4 339:344]
 61 [ 1 420:425]
122 [ 2 425:430]
130 [ 5 446:451]
109 [ 8 454:459]
 -3 [ 8 471:471]

Vehicle: 305  Cost: 119.54
Route: 3 46 116 12 85 16 123 10 95 -3 
  3 [ 9  22: 37]
 46 [ 8  64: 69]
116 [10  69: 74]
 12 [ 7  85: 90]
 85 [ 9 107:112]
 16 [ 6 119:124]
123 [ 8 180:185]
 10 [ 6 199:204]
 95 [ 9 205:210]
 -3 [ 9 231:231]

Vehicle: 306  Cost: 53.16
Route: 3 28 100 70 14 86 83 76 65 -3 
  3 [10  22: 37]
 28 [ 8  50: 55]
100 [10  55: 60]
 70 [ 8  65: 70]
 14 [ 4  81: 86]
 86 [ 7  86: 91]
 83 [10  96:101]
 76 [ 9 102:107]
 65 [ 8 300:305]
 -3 [ 8 323:323]

Vehicle: 307  Cost: 114.02
Route: 3 77 104 51 119 80 75 121 -3 
  3 [10  22:266]
 77 [ 7 300:305]
104 [ 9 310:315]
 51 [ 8 337:342]
119 [10 342:347]
 80 [ 8 351:356]
 75 [ 4 360:365]
121 [ 6 378:383]
 -3 [ 6 415:415]

Vehicle: 308  Cost: 64.79
Route: 3 33 55 106 105 17 88 -3 
  3 [ 9  22: 37]
 33 [ 6  52: 57]
 55 [ 2 180:185]
106 [ 5 189:194]
105 [ 9 207:212]
 17 [ 7 300:305]
 88 [10 305:310]
 -3 [10 333:333]

Vehicle: 401  Cost: 59.92
Route: 4 24 97 64 39 111 134 -4 
  4 [10  94:162]
 24 [ 7 180:185]
 97 [ 8 185:190]
 64 [ 4 196:201]
 39 [ 1 206:211]
111 [ 4 211:216]
134 [ 8 300:305]
 -4 [ 8 329:329]

Vehicle: 402  Cost: 74.73
Route: 4 20 66 91 133 96 32 101 -4 
  4 [ 5  94:109]
 20 [ 3 121:126]
 66 [ 2 135:140]
 91 [ 4 149:154]
133 [ 8 159:164]
 96 [ 9 300:305]
 32 [ 7 313:318]
101 [10 327:332]
 -4 [10 343:343]

Vehicle: 403  Cost: 88.99
Route: 4 15 81 27 67 125 120 114 43 -4 
  4 [10  94:109]
 15 [ 6 122:127]
 81 [ 5 132:137]
 27 [ 3 158:163]
 67 [ 1 168:173]
125 [ 3 173:178]
120 [ 4 191:196]
114 [ 6 300:305]
 43 [ 5 311:316]
 -4 [ 5 329:329]

Vehicle: 404  Cost: 66.80
Route: 4 62 37 71 36 110 87 -4 
  4 [10  94:109]
 62 [ 7 118:123]
 37 [ 4 133:138]
 71 [ 2 180:185]
 36 [ 0 205:210]
110 [ 4 210:215]
 87 [ 8 300:305]
 -4 [ 8 308:308]

Vehicle: 405  Cost: 11.31
Route: 4 22 -4 
  4 [ 4  94:294]
 22 [ 0 300:305]
 -4 [ 0 311:311]

Vehicle: 501  Cost: 10.77
Route: 5 115 45 -5 
  5 [ 4  65: 80]
115 [ 8  86: 91]
 45 [ 4  91: 96]
 -5 [ 4 101:101]

Vehicle: 601  Cost: 4.47
Route: 6 35 -6 
  6 [ 4 372:387]
 35 [ 0 390:395]
 -6 [ 0 397:397]

Vehicle: 801  Cost: 34.66
Route: 8 44 23 59 29 -8 
  8 [10  37: 52]
 44 [ 9  59: 64]
 23 [ 5  71: 76]
 59 [ 1 300:305]
 29 [ 0 420:425]
 -8 [ 0 436:436]

Vehicle: 901  Cost: 41.26
Route: 9 78 132 34 128 72 -9 
  9 [ 5 152:167]
 78 [ 4 177:182]
132 [ 8 182:187]
 34 [ 6 300:305]
128 [10 315:320]
 72 [ 8 320:325]
 -9 [ 8 337:337]

Vehicle: 902  Cost: 162.15
Route: 9 54 79 41 63 112 42 92 94 99 -9 
  9 [10 152:167]
 54 [ 7 202:207]
 79 [ 5 300:305]
 41 [ 3 311:316]
 63 [ 2 341:346]
112 [ 3 372:377]
 42 [ 1 377:382]
 92 [ 3 394:399]
 94 [ 5 420:425]
 99 [ 8 460:465]
 -9 [ 8 479:479]

Vehicle: 903  Cost: 100.82
Route: 9 56 26 113 108 68 126 -9 
  9 [ 9 152:167]
 56 [ 8 174:179]
 26 [ 4 211:216]
113 [ 8 224:229]
108 [10 420:425]
 68 [ 6 440:445]
126 [ 8 445:450]
 -9 [ 8 477:477]

Total Cost: 1949.01
 12:44.72, 67:75 [1, 3, -3, -1]
 15:165.44, 62:75 [1, 2, 4, -4, 6, -2, -1]
 16:44.72, 27:75 [1, 3, -3, -1]
 19:159.75, 38:75 [1, 8, 5, -5, 9, -9, -1]
201:43.99, 10:10 [2, 82, 48, 103, 31, 30, -2]
202:45.55, 9:10 [2, 52, 40, 47, 117, 58, -2]
301:114.94, 10:10 [3, 129, 73, 124, 118, 49, 84, -3]
302:129.21, 10:10 [3, 57, 107, 53, 74, 131, 25, 13, 98, -3]
303:113.62, 10:10 [3, 60, 11, 90, 19, 93, 69, 127, 21, 102, -3]
304:79.65, 9:10 [3, 18, 89, 38, 50, 61, 122, 130, 109, -3]
305:119.54, 10:10 [3, 46, 116, 12, 85, 16, 123, 10, 95, -3]
306:53.16, 10:10 [3, 28, 100, 70, 14, 86, 83, 76, 65, -3]
307:114.02, 10:10 [3, 77, 104, 51, 119, 80, 75, 121, -3]
308:64.79, 10:10 [3, 33, 55, 106, 105, 17, 88, -3]
401:59.92, 10:10 [4, 24, 97, 64, 39, 111, 134, -4]
402:74.73, 10:10 [4, 20, 66, 91, 133, 96, 32, 101, -4]
403:88.99, 10:10 [4, 15, 81, 27, 67, 125, 120, 114, 43, -4]
404:66.80, 10:10 [4, 62, 37, 71, 36, 110, 87, -4]
405:11.31, 4:10 [4, 22, -4]
501:10.77, 8:10 [5, 115, 45, -5]
601:4.47, 4:10 [6, 35, -6]
801:34.66, 10:10 [8, 44, 23, 59, 29, -8]
901:41.26, 10:10 [9, 78, 132, 34, 128, 72, -9]
902:162.15, 10:10 [9, 54, 79, 41, 63, 112, 42, 92, 94, 99, -9]
903:100.82, 10:10 [9, 56, 26, 113, 108, 68, 126, -9]
fe: 4, se: 21

!ALNS------------
100000,1949.0108535154495,466.028,253.105,4,21,0.6466666666666666,0.9238095238095239,31.25,5.9523809523809526
11 17 14 6 0 4 4 0 
9.290171744354998 23.27443236102018 9.976331313686167 13.484085794814288 43.71184267874272 22.25537467166572 15.547601508007258 24.32920195291786 
5 10 4 2 8 3 20 4 
15.57495312315343 14.092490792176692 15.628996264055704 16.764390527711086 15.906613507686847 15.413676263586197 16.657719500070137 15.240253187922281 

x[980] = 1.0
Vehicle: 16  Cost: 44.72
Route: 1 3 -3 -1 
 1 [  4   0:  0 [50, 11]]
 3 [  0  22: 22 []]
-3 [ 33  22:393 [88, 123, 98, 86, 95, 100, 119, 121, 104, 106, 116, 83, 85]]
-1 [ 33 415:415 [88, 123, 98, 86, 95, 100, 119, 121, 104, 106, 116, 83, 85]]

x[1419] = 1.0
Vehicle: 15  Cost: 165.44
Route: 1 2 4 -4 6 -2 -1 
 1 [ 65   0:  0 [67, 32, 36, 40, 64, 43, 27, 62, 52, 24, 66, 71, 39, 81, 15, 82, 20, 58, 37, 22, 47, 35, 30, 69, 31, 48]]
 2 [ 43  55: 70 [67, 32, 36, 64, 43, 27, 62, 24, 66, 71, 39, 81, 15, 20, 37, 22, 35]]
 4 [  4  94: 94 [35]]
-4 [ 35  94:358 [91, 134, 125, 101, 96, 97, 120, 114, 87, 111, 133, 110, 35]]
 6 [ 31 372:387 [91, 134, 125, 101, 96, 97, 120, 114, 87, 111, 133, 110]]
-2 [ 44 404:419 [91, 134, 125, 101, 96, 97, 120, 117, 114, 87, 111, 133, 110, 127, 103, 124]]
-1 [ 44 475:475 [91, 134, 125, 101, 96, 97, 120, 117, 114, 87, 111, 133, 110, 127, 103, 124]]

x[8892] = 1.0
Vehicle: 19  Cost: 152.65
Route: 1 5 -5 9 -9 -1 
 1 [ 32   0:  0 [72, 79, 42, 68, 78, 45, 41, 54, 63, 34, 14, 26, 56]]
 5 [ 24  43: 43 [72, 79, 42, 68, 78, 41, 54, 63, 34, 26, 56]]
-5 [ 31  43:102 [115, 72, 79, 42, 68, 78, 41, 54, 63, 34, 26, 106, 56]]
 9 [  7 139:139 [115, 106]]
-9 [ 31 139:507 [132, 126, 92, 113, 128, 115, 94, 99, 112, 108, 106]]
-1 [ 31 580:580 [132, 126, 92, 113, 128, 115, 94, 99, 112, 108, 106]]

x[10079] = 1.0
Vehicle: 12  Cost: 44.72
Route: 1 3 -3 -1 
 1 [ 75   0:  0 [16, 23, 57, 49, 13, 74, 12, 60, 80, 51, 11, 25, 18, 46, 17, 65, 19, 10, 44, 29, 73, 53, 59, 33, 75, 21, 55, 28, 70, 76, 61, 77, 38]]
 3 [  0  22: 22 []]
-3 [ 46  22:511 [119, 88, 104, 118, 129, 105, 106, 109, 93, 124, 107, 84, 122, 102, 90, 121, 98, 89, 131, 130]]
-1 [ 46 533:533 [119, 88, 104, 118, 129, 105, 106, 109, 93, 124, 107, 84, 122, 102, 90, 121, 98, 89, 131, 130]]

y[579] = 1.0
Vehicle: 304  Cost: 71.22
Route: 3 49 118 84 11 122 61 -3 
  3 [10  22:265]
 49 [ 6 300:305]
118 [ 7 305:310]
 84 [ 9 315:320]
 11 [ 6 320:325]
122 [ 7 420:425]
 61 [ 4 425:430]
 -3 [ 4 455:455]

y[724] = 1.0
Vehicle: 301  Cost: 48.68
Route: 3 73 129 130 59 29 102 -3 
  3 [ 7  22: 37]
 73 [ 5  52: 57]
129 [ 6  57: 62]
130 [ 9 300:305]
 59 [ 5 316:321]
 29 [ 4 420:425]
102 [ 8 425:430]
 -3 [ 8 447:447]

y[917] = 1.0
Vehicle: 903  Cost: 100.82
Route: 9 56 26 113 108 68 126 -9 
  9 [ 9 157:172]
 56 [ 8 179:184]
 26 [ 4 217:222]
113 [ 8 229:234]
108 [10 420:425]
 68 [ 6 440:445]
126 [ 8 445:450]
 -9 [ 8 477:477]

y[1083] = 1.0
Vehicle: 602  Cost: 4.47
Route: 6 35 -6 
  6 [ 4 578:593]
 35 [ 0 595:600]
 -6 [ 0 603:603]

y[3379] = 1.0
Vehicle: 309  Cost: 107.92
Route: 3 16 85 51 119 80 75 121 -3 
  3 [10  22: 37]
 16 [ 7  82: 87]
 85 [ 9  94: 99]
 51 [ 8 300:305]
119 [10 305:310]
 80 [ 8 314:319]
 75 [ 4 323:328]
121 [ 6 341:346]
 -3 [ 6 378:378]

y[3394] = 1.0
Vehicle: 204  Cost: 43.02
Route: 2 52 40 117 47 -2 
  2 [ 8 126:141]
 52 [ 4 162:167]
 40 [ 3 300:305]
117 [ 6 309:314]
 47 [ 3 314:319]
 -2 [ 3 331:331]

y[3525] = 1.0
Vehicle: 302  Cost: 78.04
Route: 3 46 116 12 77 104 18 89 -3 
  3 [ 9  22: 37]
 46 [ 8  64: 69]
116 [10  69: 74]
 12 [ 7  85: 90]
 77 [ 4 300:305]
104 [ 6 310:315]
 18 [ 4 339:344]
 89 [ 5 344:349]
 -3 [ 5 356:356]

y[3620] = 1.0
Vehicle: 405  Cost: 11.31
Route: 4 22 -4 
  4 [ 4 383:398]
 22 [ 0 404:409]
 -4 [ 0 414:414]

y[4273] = 1.0
Vehicle: 403  Cost: 88.99
Route: 4 15 81 27 125 67 120 114 43 -4 
  4 [10  94:109]
 15 [ 6 122:127]
 81 [ 5 132:137]
 27 [ 3 158:163]
125 [ 5 168:173]
 67 [ 3 173:178]
120 [ 4 191:196]
114 [ 6 300:305]
 43 [ 5 311:316]
 -4 [ 5 329:329]

y[4858] = 1.0
Vehicle: 309  Cost: 105.92
Route: 3 33 86 107 53 123 10 95 -3 
  3 [ 9  22: 37]
 33 [ 6  52: 57]
 86 [ 9  66: 71]
107 [10  96:101]
 53 [ 6 111:116]
123 [ 8 180:185]
 10 [ 6 199:204]
 95 [ 9 205:210]
 -3 [ 9 231:231]

y[4902] = 1.0
Vehicle: 501  Cost: 19.44
Route: 5 14 106 -5 
  5 [ 4  43: 58]
 14 [ 0  63: 68]
106 [ 3  73: 78]
 -5 [ 3  87: 87]

y[6856] = 1.0
Vehicle: 902  Cost: 162.15
Route: 9 54 79 41 63 112 42 92 94 99 -9 
  9 [10 157:172]
 54 [ 7 208:213]
 79 [ 5 300:305]
 41 [ 3 311:316]
 63 [ 2 341:346]
112 [ 3 372:377]
 42 [ 1 377:382]
 92 [ 3 394:399]
 94 [ 5 420:425]
 99 [ 8 460:465]
 -9 [ 8 479:479]

y[7719] = 1.0
Vehicle: 401  Cost: 59.92
Route: 4 24 97 64 111 39 134 -4 
  4 [10 206:221]
 24 [ 7 239:244]
 97 [ 8 244:249]
 64 [ 4 255:260]
111 [ 7 266:271]
 39 [ 4 271:276]
134 [ 8 300:305]
 -4 [ 8 329:329]

y[7765] = 1.0
Vehicle: 901  Cost: 41.26
Route: 9 78 132 34 128 72 -9 
  9 [ 5 152:167]
 78 [ 4 178:183]
132 [ 8 183:188]
 34 [ 6 300:305]
128 [10 315:320]
 72 [ 8 320:325]
 -9 [ 8 337:337]

y[8233] = 1.0
Vehicle: 501  Cost: 10.77
Route: 5 45 115 -5 
  5 [ 4  43: 58]
 45 [ 0  63: 68]
115 [ 4  68: 73]
 -5 [ 4  79: 79]

y[8673] = 1.0
Vehicle: 303  Cost: 123.68
Route: 3 44 23 124 90 19 93 21 109 -3 
  3 [ 8  22: 37]
 44 [ 7  57: 62]
 23 [ 3  69: 74]
124 [ 7 112:117]
 90 [ 9 420:425]
 19 [ 7 425:430]
 93 [ 8 433:438]
 21 [ 7 450:455]
109 [10 473:478]
 -3 [10 490:490]

y[10622] = 1.0
Vehicle: 404  Cost: 66.80
Route: 4 62 37 71 110 36 87 -4 
  4 [10 124:139]
 62 [ 7 148:153]
 37 [ 4 163:168]
 71 [ 2 180:185]
110 [ 6 205:210]
 36 [ 4 210:215]
 87 [ 8 300:305]
 -4 [ 8 308:308]

y[10736] = 1.0
Vehicle: 302  Cost: 106.37
Route: 3 57 105 74 131 25 13 17 88 -3 
  3 [ 8  22: 37]
 57 [ 6  50: 55]
105 [10  67: 72]
 74 [ 8 300:305]
131 [10 305:310]
 25 [ 9 420:425]
 13 [ 8 443:448]
 17 [ 6 461:466]
 88 [ 9 466:471]
 -3 [ 9 494:494]

y[11912] = 1.0
Vehicle: 402  Cost: 74.73
Route: 4 20 66 91 133 96 32 101 -4 
  4 [ 5 111:126]
 20 [ 3 138:143]
 66 [ 2 152:157]
 91 [ 4 166:171]
133 [ 8 176:181]
 96 [ 9 300:305]
 32 [ 7 313:318]
101 [10 327:332]
 -4 [10 343:343]

y[12837] = 1.0
Vehicle: 304  Cost: 49.30
Route: 3 60 50 38 -3 
  3 [ 5  22: 50]
 60 [ 4  60: 65]
 50 [ 3 300:305]
 38 [ 0 310:315]
 -3 [ 0 337:337]

y[12893] = 1.0
Vehicle: 306  Cost: 51.74
Route: 3 28 100 70 55 83 76 65 98 -3 
  3 [10  22: 37]
 28 [ 8  50: 55]
100 [10  55: 60]
 70 [ 8  65: 70]
 55 [ 4 180:185]
 83 [ 7 188:193]
 76 [ 6 194:199]
 65 [ 5 300:305]
 98 [ 9 310:315]
 -3 [ 9 331:331]

y[12939] = 1.0
Vehicle: 202  Cost: 17.89
Route: 2 82 -2 
  2 [ 4  55: 70]
 82 [ 0  79: 84]
 -2 [ 0  93: 93]

y[13578] = 1.0
Vehicle: 203  Cost: 51.16
Route: 2 48 69 127 31 103 30 58 -2 
  2 [10  55: 70]
 48 [ 9  89: 94]
 69 [ 6 300:305]
127 [ 8 305:310]
 31 [ 4 315:320]
103 [ 8 320:325]
 30 [ 7 340:345]
 58 [ 6 350:355]
 -2 [ 6 356:356]

FE: 4
SE: 23
!MIP-----
1903.1468733936247,5401.263167142868,0.021151818936535276,4,23,10392,15028

Run: 2
Total Cost: 1849.05
Vehicle: 11  Cost: 44.72
Route: 1 3 -3 -1 
 1 [ 64   0:  0 [75, 61, 16, 74, 33, 28, 76, 70, 11, 45, 10, 60, 46, 17, 57, 77, 55, 80, 23, 38, 18, 50, 12, 51, 49, 73]]
 3 [  0  22: 22 []]
-3 [ 46  22:393 [104, 89, 115, 131, 86, 119, 116, 83, 98, 100, 129, 95, 88, 124, 121, 106, 118, 85, 123]]
-1 [ 46 415:415 [104, 89, 115, 131, 86, 119, 116, 83, 98, 100, 129, 95, 88, 124, 121, 106, 118, 85, 123]]

Vehicle: 15  Cost: 157.53
Route: 1 2 4 -4 -2 -1 
 1 [ 63   0:  0 [32, 39, 67, 42, 66, 64, 43, 31, 24, 62, 27, 22, 20, 37, 15, 71, 81, 82, 69, 48, 36, 52, 30, 40, 47, 58]]
 2 [ 39  55: 70 [32, 39, 67, 42, 66, 64, 43, 24, 62, 27, 22, 20, 37, 15, 71, 81]]
 4 [  0  94: 94 []]
-4 [ 30  94:369 [87, 101, 92, 91, 97, 134, 96, 112, 125, 133, 120, 111, 114]]
-2 [ 43 393:408 [127, 87, 101, 110, 92, 117, 91, 97, 134, 96, 112, 125, 133, 120, 111, 114, 103]]
-1 [ 43 463:463 [127, 87, 101, 110, 92, 117, 91, 97, 134, 96, 112, 125, 133, 120, 111, 114, 103]]

Vehicle: 17  Cost: 195.89
Route: 1 8 5 9 -9 6 -6 -8 -3 -1 
 1 [ 46   0:  0 [68, 13, 72, 54, 56, 41, 79, 44, 59, 19, 29, 25, 35, 34, 53, 21, 63, 26, 78, 65, 14]]
 8 [ 37  37: 52 [68, 13, 72, 54, 56, 41, 79, 25, 35, 34, 53, 63, 26, 78, 65, 14]]
 5 [ 32  65: 80 [68, 13, 72, 54, 56, 41, 79, 25, 35, 34, 53, 63, 26, 78]]
 9 [  4 116:116 [35]]
-9 [ 28 116:511 [128, 108, 132, 113, 99, 107, 105, 35, 126]]
 6 [ 24 557:557 [128, 108, 132, 113, 99, 107, 105, 126]]
-6 [ 26 557:572 [94, 128, 108, 132, 113, 99, 107, 105, 126]]
-8 [ 33 595:610 [128, 108, 102, 132, 90, 113, 99, 107, 105, 93, 94, 126]]
-3 [ 42 629:644 [84, 128, 130, 108, 102, 132, 90, 113, 99, 107, 105, 93, 94, 109, 126, 122]]
-1 [ 42 666:666 [84, 128, 130, 108, 102, 132, 90, 113, 99, 107, 105, 93, 94, 109, 126, 122]]

Vehicle: 201  Cost: 43.02
Route: 2 52 40 47 117 -2 
  2 [ 8  55: 70]
 52 [ 4  91: 96]
 40 [ 3 300:305]
 47 [ 0 309:314]
117 [ 3 314:319]
 -2 [ 3 331:331]

Vehicle: 202  Cost: 32.38
Route: 2 82 36 110 -2 
  2 [ 6  55: 70]
 82 [ 2  79: 84]
 36 [ 0 100:105]
110 [ 4 105:110]
 -2 [ 4 118:118]

Vehicle: 203  Cost: 51.16
Route: 2 48 69 127 31 103 30 58 -2 
  2 [10  55: 70]
 48 [ 9  89: 94]
 69 [ 6 300:305]
127 [ 8 305:310]
 31 [ 4 315:320]
103 [ 8 320:325]
 30 [ 7 340:345]
 58 [ 6 350:355]
 -2 [ 6 356:356]

Vehicle: 301  Cost: 107.92
Route: 3 16 85 51 119 80 75 121 -3 
  3 [10  22: 37]
 16 [ 7  82: 87]
 85 [ 9  94: 99]
 51 [ 8 300:305]
119 [10 305:310]
 80 [ 8 314:319]
 75 [ 4 323:328]
121 [ 6 341:346]
 -3 [ 6 378:378]

Vehicle: 302  Cost: 78.73
Route: 3 10 95 123 74 131 17 88 -3 
  3 [ 6  22: 37]
 10 [ 4  58: 63]
 95 [ 7  64: 69]
123 [ 9 180:185]
 74 [ 7 300:305]
131 [ 9 305:310]
 17 [ 7 327:332]
 88 [10 332:337]
 -3 [10 360:360]

Vehicle: 303  Cost: 46.63
Route: 3 28 100 70 83 76 55 98 -3 
  3 [ 9  22: 37]
 28 [ 7  50: 55]
100 [ 9  55: 60]
 70 [ 7  65: 70]
 83 [10  76: 81]
 76 [ 9  82: 87]
 55 [ 5 180:185]
 98 [ 9 300:305]
 -3 [ 9 321:321]

Vehicle: 304  Cost: 85.86
Route: 3 60 46 116 12 77 104 18 89 -3 
  3 [10  22: 50]
 60 [ 9  60: 65]
 46 [ 8  89: 94]
116 [10  94: 99]
 12 [ 7 111:116]
 77 [ 4 300:305]
104 [ 6 310:315]
 18 [ 4 339:344]
 89 [ 5 344:349]
 -3 [ 5 356:356]

Vehicle: 305  Cost: 62.84
Route: 3 57 33 106 86 45 115 -3 
  3 [ 9  22: 37]
 57 [ 7  50: 55]
 33 [ 4  60: 65]
106 [ 7  71: 76]
 86 [10  81: 86]
 45 [ 6  94: 99]
115 [10  99:104]
 -3 [10 130:130]

Vehicle: 306  Cost: 86.69
Route: 3 38 50 11 84 122 61 130 109 -3 
  3 [10  22:278]
 38 [ 7 300:305]
 50 [ 6 310:315]
 11 [ 3 337:342]
 84 [ 5 342:347]
122 [ 6 420:425]
 61 [ 3 425:430]
130 [ 6 446:451]
109 [ 9 454:459]
 -3 [ 9 471:471]

Vehicle: 307  Cost: 124.86
Route: 3 73 129 23 124 49 118 -3 
  3 [10  22: 37]
 73 [ 8  52: 57]
129 [ 9  57: 62]
 23 [ 5  76: 81]
124 [ 9 118:123]
 49 [ 5 300:305]
118 [ 6 305:310]
 -3 [ 6 345:345]

Vehicle: 401  Cost: 39.09
Route: 4 62 37 71 87 -4 
  4 [ 8  94:109]
 62 [ 5 118:123]
 37 [ 2 133:138]
 71 [ 0 180:185]
 87 [ 4 300:305]
 -4 [ 4 308:308]

Vehicle: 402  Cost: 88.99
Route: 4 15 81 27 125 67 120 114 43 -4 
  4 [10  94:109]
 15 [ 6 122:127]
 81 [ 5 132:137]
 27 [ 3 158:163]
125 [ 5 168:173]
 67 [ 3 173:178]
120 [ 4 191:196]
114 [ 6 300:305]
 43 [ 5 311:316]
 -4 [ 5 329:329]

Vehicle: 403  Cost: 86.24
Route: 4 20 66 91 133 42 112 96 32 -4 
  4 [ 7  94:109]
 20 [ 5 121:126]
 66 [ 4 135:140]
 91 [ 6 149:154]
133 [10 159:164]
 42 [ 8 300:305]
112 [ 9 305:310]
 96 [10 317:322]
 32 [ 8 330:335]
 -4 [ 8 354:354]

Vehicle: 404  Cost: 59.92
Route: 4 24 97 64 111 39 134 -4 
  4 [10  94:162]
 24 [ 7 180:185]
 97 [ 8 185:190]
 64 [ 4 196:201]
111 [ 7 206:211]
 39 [ 4 211:216]
134 [ 8 300:305]
 -4 [ 8 329:329]

Vehicle: 405  Cost: 25.10
Route: 4 92 101 22 -4 
  4 [ 4  94:291]
 92 [ 6 300:305]
101 [ 9 310:315]
 22 [ 5 320:325]
 -4 [ 5 331:331]

Vehicle: 501  Cost: 15.48
Route: 5 14 65 -5 
  5 [ 5  65: 80]
 14 [ 1  86: 91]
 65 [ 0 300:305]
 -5 [ 0 310:310]

Vehicle: 601  Cost: 18.97
Route: 6 94 -6 
  6 [ 0   0:411]
 94 [ 2 420:425]
 -6 [ 2 434:434]

Vehicle: 602  Cost: 4.47
Route: 6 35 -6 
  6 [ 4 557:572]
 35 [ 0 574:579]
 -6 [ 0 581:581]

Vehicle: 801  Cost: 75.94
Route: 8 44 59 21 93 19 90 29 102 -8 
  8 [ 9  37: 52]
 44 [ 8  59: 64]
 59 [ 4 300:305]
 21 [ 3 313:318]
 93 [ 4 420:425]
 19 [ 2 428:433]
 90 [ 4 433:438]
 29 [ 3 466:471]
102 [ 7 471:476]
 -8 [ 7 486:486]

Vehicle: 901  Cost: 94.48
Route: 9 56 54 79 41 63 99 -9 
  9 [ 9 116:131]
 56 [ 8 138:143]
 54 [ 5 180:185]
 79 [ 3 300:305]
 41 [ 1 311:316]
 63 [ 0 341:346]
 99 [ 3 420:425]
 -9 [ 3 439:439]

Vehicle: 902  Cost: 106.76
Route: 9 107 53 105 13 25 72 128 -9 
  9 [ 8 116:131]
107 [ 9 150:155]
 53 [ 5 164:169]
105 [ 9 182:187]
 13 [ 8 420:425]
 25 [ 7 443:448]
 72 [ 5 474:479]
128 [ 9 479:484]
 -9 [ 9 496:496]

Vehicle: 903  Cost: 23.93
Route: 9 78 132 34 -9 
  9 [ 3 116:131]
 78 [ 2 142:147]
132 [ 6 147:152]
 34 [ 4 300:305]
 -9 [ 4 310:310]

Vehicle: 904  Cost: 91.45
Route: 9 26 113 108 68 126 -9 
  9 [ 8 116:131]
 26 [ 4 161:166]
113 [ 8 180:185]
108 [10 420:425]
 68 [ 6 440:445]
126 [ 8 445:450]
 -9 [ 8 477:477]

Total Cost: 1849.05
 11:44.72, 64:75 [1, 3, -3, -1]
 15:157.53, 63:75 [1, 2, 4, -4, -2, -1]
 17:195.89, 46:75 [1, 8, 5, 9, -9, 6, -6, -8, -3, -1]
201:43.02, 8:10 [2, 52, 40, 47, 117, -2]
202:32.38, 6:10 [2, 82, 36, 110, -2]
203:51.16, 10:10 [2, 48, 69, 127, 31, 103, 30, 58, -2]
301:107.92, 10:10 [3, 16, 85, 51, 119, 80, 75, 121, -3]
302:78.73, 10:10 [3, 10, 95, 123, 74, 131, 17, 88, -3]
303:46.63, 10:10 [3, 28, 100, 70, 83, 76, 55, 98, -3]
304:85.86, 10:10 [3, 60, 46, 116, 12, 77, 104, 18, 89, -3]
305:62.84, 10:10 [3, 57, 33, 106, 86, 45, 115, -3]
306:86.69, 10:10 [3, 38, 50, 11, 84, 122, 61, 130, 109, -3]
307:124.86, 10:10 [3, 73, 129, 23, 124, 49, 118, -3]
401:39.09, 8:10 [4, 62, 37, 71, 87, -4]
402:88.99, 10:10 [4, 15, 81, 27, 125, 67, 120, 114, 43, -4]
403:86.24, 10:10 [4, 20, 66, 91, 133, 42, 112, 96, 32, -4]
404:59.92, 10:10 [4, 24, 97, 64, 111, 39, 134, -4]
405:25.10, 9:10 [4, 92, 101, 22, -4]
501:15.48, 5:10 [5, 14, 65, -5]
601:18.97, 2:10 [6, 94, -6]
602:4.47, 4:10 [6, 35, -6]
801:75.94, 9:10 [8, 44, 59, 21, 93, 19, 90, 29, 102, -8]
901:94.48, 9:10 [9, 56, 54, 79, 41, 63, 99, -9]
902:106.76, 9:10 [9, 107, 53, 105, 13, 25, 72, 128, -9]
903:23.93, 6:10 [9, 78, 132, 34, -9]
904:91.45, 10:10 [9, 26, 113, 108, 68, 126, -9]
fe: 3, se: 23

!ALNS------------
100000,1849.0535342972878,627.629,256.733,3,23,0.7688888888888888,0.8478260869565217,41.666666666666664,5.434782608695652
14 16 10 8 0 1 4 0 
8.144157091815432 21.008201182642562 10.045276795245867 9.92817218522718 NaN 19.900232769487857 14.808013671165083 27.413736747181186 
7 8 10 3 2 7 13 3 
12.46745703844539 14.486698245028906 14.453370019702987 14.20257515425795 14.609858743948186 14.580876923921075 13.897627295895736 14.338066592750101 

x[1124] = 1.0
Vehicle: 17  Cost: 195.89
Route: 1 8 5 9 -9 6 -6 -8 -3 -1 
 1 [ 46   0:  0 [29, 59, 72, 26, 44, 35, 34, 68, 54, 79, 53, 25, 23, 78, 56, 14, 13, 41, 63]]
 8 [ 36  37: 52 [72, 26, 35, 34, 68, 54, 79, 53, 25, 78, 56, 14, 13, 41, 63]]
 5 [ 32  65: 80 [72, 26, 35, 34, 68, 54, 79, 53, 25, 78, 56, 13, 41, 63]]
 9 [  4 116:116 [35]]
-9 [ 28 116:511 [107, 108, 99, 35, 105, 128, 126, 113, 132]]
 6 [ 24 557:557 [107, 108, 99, 105, 128, 126, 113, 132]]
-6 [ 26 557:572 [94, 107, 108, 99, 105, 128, 126, 113, 132]]
-8 [ 30 595:610 [102, 107, 108, 99, 105, 128, 126, 113, 132, 94]]
-3 [ 40 629:644 [107, 109, 108, 99, 93, 105, 128, 122, 90, 126, 113, 132, 94, 102, 130]]
-1 [ 40 666:666 [107, 109, 108, 99, 93, 105, 128, 122, 90, 126, 113, 132, 94, 102, 130]]

x[1814] = 1.0
Vehicle: 11  Cost: 44.72
Route: 1 3 -3 -1 
 1 [ 64   0:  0 [21, 38, 65, 19, 28, 60, 18, 57, 73, 33, 16, 11, 50, 49, 46, 55, 75, 77, 17, 80, 74, 51, 70, 76, 12, 45, 61, 10]]
 3 [  0  22: 22 []]
-3 [ 44  22:394 [104, 89, 118, 115, 106, 98, 116, 100, 123, 84, 86, 131, 85, 119, 121, 88, 95, 83, 129]]
-1 [ 44 416:416 [104, 89, 118, 115, 106, 98, 116, 100, 123, 84, 86, 131, 85, 119, 121, 88, 95, 83, 129]]

x[6883] = 1.0
Vehicle: 15  Cost: 157.53
Route: 1 2 4 -4 -2 -1 
 1 [ 63   0:  0 [39, 67, 42, 66, 64, 24, 27, 37, 15, 71, 69, 52, 30, 40, 58, 32, 20, 48, 81, 31, 36, 62, 82, 47, 22, 43]]
 2 [ 39  55: 70 [39, 67, 42, 66, 64, 24, 27, 37, 15, 71, 32, 20, 81, 62, 22, 43]]
 4 [  0  94: 94 []]
-4 [ 30  94:380 [91, 96, 133, 120, 111, 112, 97, 114, 101, 92, 87, 134, 125]]
-2 [ 47 403:418 [117, 91, 96, 133, 120, 111, 112, 97, 114, 101, 92, 87, 134, 110, 127, 103, 124, 125]]
-1 [ 47 473:473 [117, 91, 96, 133, 120, 111, 112, 97, 114, 101, 92, 87, 134, 110, 127, 103, 124, 125]]

y[357] = 1.0
Vehicle: 305  Cost: 59.86
Route: 3 28 100 70 45 115 86 65 -3 
  3 [ 9  22: 37]
 28 [ 7  50: 55]
100 [ 9  55: 60]
 70 [ 7  65: 70]
 45 [ 3  81: 86]
115 [ 7  86: 91]
 86 [10  99:104]
 65 [ 9 300:305]
 -3 [ 9 323:323]

y[544] = 1.0
Vehicle: 201  Cost: 43.02
Route: 2 52 40 47 117 -2 
  2 [ 8 128:143]
 52 [ 4 164:169]
 40 [ 3 300:305]
 47 [ 0 309:314]
117 [ 3 314:319]
 -2 [ 3 331:331]

y[2441] = 1.0
Vehicle: 202  Cost: 97.63
Route: 2 48 124 69 127 30 58 -2 
  2 [ 6 128:143]
 48 [ 5 162:167]
124 [ 9 196:201]
 69 [ 6 300:305]
127 [ 8 305:310]
 30 [ 7 329:334]
 58 [ 6 339:344]
 -2 [ 6 346:346]

y[3219] = 1.0
Vehicle: 304  Cost: 78.04
Route: 3 46 116 12 77 104 89 18 -3 
  3 [ 9  22: 37]
 46 [ 8  64: 69]
116 [10  69: 74]
 12 [ 7  85: 90]
 77 [ 4 300:305]
104 [ 6 310:315]
 89 [ 7 339:344]
 18 [ 5 344:349]
 -3 [ 5 356:356]

y[3462] = 1.0
Vehicle: 202  Cost: 14.56
Route: 2 36 110 -2 
  2 [ 2  55: 70]
 36 [ 0  78: 83]
110 [ 4  83: 88]
 -2 [ 4  95: 95]

y[3644] = 1.0
Vehicle: 203  Cost: 34.01
Route: 2 82 103 31 -2 
  2 [ 8 107:122]
 82 [ 4 131:136]
103 [ 8 300:305]
 31 [ 4 305:310]
 -2 [ 4 327:327]

y[4177] = 1.0
Vehicle: 904  Cost: 91.45
Route: 9 26 113 108 68 126 -9 
  9 [ 8 152:167]
 26 [ 4 197:202]
113 [ 8 209:214]
108 [10 420:425]
 68 [ 6 440:445]
126 [ 8 445:450]
 -9 [ 8 477:477]

y[4269] = 1.0
Vehicle: 301  Cost: 107.92
Route: 3 16 85 51 119 80 75 121 -3 
  3 [10 128:143]
 16 [ 7 187:192]
 85 [ 9 200:205]
 51 [ 8 300:305]
119 [10 305:310]
 80 [ 8 314:319]
 75 [ 4 323:328]
121 [ 6 341:346]
 -3 [ 6 378:378]

y[4372] = 1.0
Vehicle: 402  Cost: 94.44
Route: 4 20 81 27 125 67 120 32 101 -4 
  4 [ 9  94:109]
 20 [ 7 121:126]
 81 [ 6 135:140]
 27 [ 4 160:165]
125 [ 6 171:176]
 67 [ 4 176:181]
120 [ 5 194:199]
 32 [ 3 300:305]
101 [ 6 314:319]
 -4 [ 6 330:330]

y[4763] = 1.0
Vehicle: 401  Cost: 59.36
Route: 4 71 37 114 43 22 87 -4 
  4 [10  94:171]
 71 [ 8 180:185]
 37 [ 5 194:199]
114 [ 7 300:305]
 43 [ 6 311:316]
 22 [ 2 327:332]
 87 [ 6 341:346]
 -4 [ 6 349:349]

y[4764] = 1.0
Vehicle: 310  Cost: 84.72
Route: 3 73 129 21 118 49 84 11 -3 
  3 [10  22: 37]
 73 [ 8  52: 57]
129 [ 9  57: 62]
 21 [ 8 300:305]
118 [ 9 324:329]
 49 [ 5 329:334]
 84 [ 7 339:344]
 11 [ 4 344:349]
 -3 [ 4 379:379]

y[5593] = 1.0
Vehicle: 601  Cost: 18.97
Route: 6 94 -6 
  6 [ 0   0:411]
 94 [ 2 420:425]
 -6 [ 2 434:434]

y[5911] = 1.0
Vehicle: 306  Cost: 111.54
Route: 3 60 38 50 61 122 90 19 93 130 109 -3 
  3 [10  22: 50]
 60 [ 9  60: 65]
 38 [ 6 300:305]
 50 [ 5 310:315]
 61 [ 2 420:425]
122 [ 3 425:430]
 90 [ 5 453:458]
 19 [ 3 458:463]
 93 [ 4 466:471]
130 [ 7 497:502]
109 [10 505:510]
 -3 [10 522:522]

y[7650] = 1.0
Vehicle: 502  Cost: 10.77
Route: 5 14 -5 
  5 [ 4 145:160]
 14 [ 0 165:170]
 -5 [ 0 175:175]

y[7873] = 1.0
Vehicle: 901  Cost: 94.48
Route: 9 56 54 79 41 63 99 -9 
  9 [ 9 131:146]
 56 [ 8 153:158]
 54 [ 5 191:196]
 79 [ 3 300:305]
 41 [ 1 311:316]
 63 [ 0 341:346]
 99 [ 3 420:425]
 -9 [ 3 439:439]

y[8581] = 1.0
Vehicle: 403  Cost: 84.76
Route: 4 62 15 66 91 133 96 112 42 92 -4 
  4 [10  94:109]
 62 [ 7 118:123]
 15 [ 3 133:138]
 66 [ 2 150:155]
 91 [ 4 164:169]
133 [ 8 174:179]
 96 [ 9 300:305]
112 [10 312:317]
 42 [ 8 317:322]
 92 [10 334:339]
 -4 [10 348:348]

y[8691] = 1.0
Vehicle: 601  Cost: 4.47
Route: 6 35 -6 
  6 [ 4 582:597]
 35 [ 0 600:605]
 -6 [ 0 607:607]

y[9101] = 1.0
Vehicle: 309  Cost: 50.07
Route: 3 57 33 83 76 55 106 98 -3 
  3 [10  22: 37]
 57 [ 8  50: 55]
 33 [ 5  60: 65]
 83 [ 8  70: 75]
 76 [ 7  76: 81]
 55 [ 3 180:185]
106 [ 6 189:194]
 98 [10 300:305]
 -3 [10 321:321]

y[10823] = 1.0
Vehicle: 302  Cost: 78.73
Route: 3 10 95 123 74 131 17 88 -3 
  3 [ 6 133:148]
 10 [ 4 168:173]
 95 [ 7 174:179]
123 [ 9 192:197]
 74 [ 7 300:305]
131 [ 9 305:310]
 17 [ 7 327:332]
 88 [10 332:337]
 -3 [10 360:360]

y[12660] = 1.0
Vehicle: 404  Cost: 59.92
Route: 4 24 97 64 39 111 134 -4 
  4 [10  96:162]
 24 [ 7 180:185]
 97 [ 8 185:190]
 64 [ 4 196:201]
 39 [ 1 206:211]
111 [ 4 211:216]
134 [ 8 300:305]
 -4 [ 8 329:329]

y[13045] = 1.0
Vehicle: 902  Cost: 106.76
Route: 9 107 53 105 13 25 72 128 -9 
  9 [ 8 145:160]
107 [ 9 178:183]
 53 [ 5 193:198]
105 [ 9 211:216]
 13 [ 8 420:425]
 25 [ 7 443:448]
 72 [ 5 474:479]
128 [ 9 479:484]
 -9 [ 9 496:496]

y[13294] = 1.0
Vehicle: 801  Cost: 34.66
Route: 8 44 23 59 102 29 -8 
  8 [10 258:273]
 44 [ 9 279:284]
 23 [ 5 292:297]
 59 [ 1 301:306]
102 [ 5 420:425]
 29 [ 4 425:430]
 -8 [ 4 441:441]

y[13595] = 1.0
Vehicle: 901  Cost: 23.93
Route: 9 132 78 34 -9 
  9 [ 3 143:158]
132 [ 7 168:173]
 78 [ 6 173:178]
 34 [ 4 300:305]
 -9 [ 4 310:310]

FE: 3
SE: 23
!MIP-----
1842.2062807903826,2907.204144001007,9.670337842240269E-5,3,23,7351,13931

Run: 3
Total Cost: 1834.47
Vehicle: 12  Cost: 44.72
Route: 1 3 -3 -1 
 1 [ 61   0:  0 [75, 74, 18, 21, 45, 60, 49, 51, 73, 80, 10, 12, 16, 50, 38, 61, 11, 55, 77, 33, 57, 17, 70, 28, 46, 76]]
 3 [  0  22: 22 []]
-3 [ 44  22:394 [83, 84, 119, 115, 118, 116, 104, 106, 95, 89, 121, 86, 129, 100, 85, 131, 98, 88, 123]]
-1 [ 44 416:416 [83, 84, 119, 115, 118, 116, 104, 106, 95, 89, 121, 86, 129, 100, 85, 131, 98, 88, 123]]

Vehicle: 15  Cost: 157.53
Route: 1 2 4 -4 -2 -1 
 1 [ 60   0:  0 [24, 37, 43, 39, 19, 30, 82, 52, 40, 48, 81, 20, 71, 62, 15, 31, 58, 69, 47, 22, 27, 67, 64, 36]]
 2 [ 34  55: 70 [24, 37, 43, 39, 81, 20, 71, 62, 15, 22, 27, 67, 64]]
 4 [  0  94: 94 []]
-4 [ 28  94:353 [97, 91, 133, 114, 92, 87, 101, 134, 125, 111, 120]]
-2 [ 39 377:392 [110, 97, 103, 117, 91, 133, 114, 92, 87, 101, 134, 125, 111, 120]]
-1 [ 39 447:447 [110, 97, 103, 117, 91, 133, 114, 92, 87, 101, 134, 125, 111, 120]]

Vehicle: 17  Cost: 186.41
Route: 1 8 5 7 -7 6 -6 -2 -8 -3 -1 
 1 [ 52   0:  0 [25, 14, 79, 66, 42, 41, 13, 53, 26, 54, 63, 72, 78, 44, 29, 23, 56, 32, 35, 68, 59, 34, 65]]
 8 [ 42  37: 52 [25, 14, 79, 66, 42, 41, 13, 53, 26, 54, 63, 72, 78, 56, 32, 35, 68, 34, 65]]
 5 [ 37  65: 80 [25, 79, 66, 42, 41, 13, 53, 26, 54, 63, 72, 78, 56, 32, 35, 68, 34]]
 7 [  4 102:102 [35]]
-7 [ 30 102:512 [99, 126, 107, 112, 105, 108, 113, 96, 35, 128, 132]]
 6 [ 26 545:545 [99, 126, 107, 112, 105, 108, 113, 96, 128, 132]]
-6 [ 28 545:560 [94, 99, 126, 107, 112, 105, 108, 113, 96, 128, 132]]
-2 [ 37 577:592 [124, 99, 126, 107, 112, 105, 90, 127, 108, 113, 96, 94, 93, 128, 132]]
-8 [ 41 615:630 [102, 99, 126, 107, 112, 105, 124, 90, 127, 108, 113, 96, 94, 93, 128, 132]]
-3 [ 48 649:664 [124, 109, 122, 99, 126, 107, 112, 130, 105, 90, 127, 102, 108, 113, 96, 94, 93, 128, 132]]
-1 [ 48 686:686 [124, 109, 122, 99, 126, 107, 112, 130, 105, 90, 127, 102, 108, 113, 96, 94, 93, 128, 132]]

Vehicle: 201  Cost: 38.02
Route: 2 82 31 103 30 58 -2 
  2 [10  55: 70]
 82 [ 6  79: 84]
 31 [ 2 300:305]
103 [ 6 305:310]
 30 [ 5 324:329]
 58 [ 4 335:340]
 -2 [ 4 341:341]

Vehicle: 202  Cost: 101.00
Route: 2 48 124 19 90 93 69 127 -2 
  2 [ 6  55: 70]
 48 [ 5  89: 94]
124 [ 9 123:128]
 19 [ 7 420:425]
 90 [ 9 425:430]
 93 [10 433:438]
 69 [ 7 452:457]
127 [ 9 457:462]
 -2 [ 9 484:484]

Vehicle: 204  Cost: 43.02
Route: 2 52 40 47 117 -2 
  2 [ 8  55: 70]
 52 [ 4  91: 96]
 40 [ 3 300:305]
 47 [ 0 309:314]
117 [ 3 314:319]
 -2 [ 3 331:331]

Vehicle: 205  Cost: 14.56
Route: 2 36 110 -2 
  2 [ 2  55: 70]
 36 [ 0  78: 83]
110 [ 4  83: 88]
 -2 [ 4  95: 95]

Vehicle: 301  Cost: 62.84
Route: 3 57 33 106 86 45 115 -3 
  3 [ 9  22: 37]
 57 [ 7  50: 55]
 33 [ 4  60: 65]
106 [ 7  71: 76]
 86 [10  81: 86]
 45 [ 6  94: 99]
115 [10  99:104]
 -3 [10 130:130]

Vehicle: 302  Cost: 107.92
Route: 3 16 85 51 119 80 75 121 -3 
  3 [10  22: 37]
 16 [ 7  82: 87]
 85 [ 9  94: 99]
 51 [ 8 300:305]
119 [10 305:310]
 80 [ 8 314:319]
 75 [ 4 323:328]
121 [ 6 341:346]
 -3 [ 6 378:378]

Vehicle: 303  Cost: 78.04
Route: 3 46 116 12 77 104 89 18 -3 
  3 [ 9  22: 37]
 46 [ 8  64: 69]
116 [10  69: 74]
 12 [ 7  85: 90]
 77 [ 4 300:305]
104 [ 6 310:315]
 89 [ 7 339:344]
 18 [ 5 344:349]
 -3 [ 5 356:356]

Vehicle: 305  Cost: 84.72
Route: 3 73 129 21 49 118 11 84 -3 
  3 [10  22: 37]
 73 [ 8  52: 57]
129 [ 9  57: 62]
 21 [ 8 300:305]
 49 [ 4 324:329]
118 [ 5 329:334]
 11 [ 2 339:344]
 84 [ 4 344:349]
 -3 [ 4 379:379]

Vehicle: 306  Cost: 78.73
Route: 3 10 95 123 74 131 17 88 -3 
  3 [ 6  22: 37]
 10 [ 4  58: 63]
 95 [ 7  64: 69]
123 [ 9 180:185]
 74 [ 7 300:305]
131 [ 9 305:310]
 17 [ 7 327:332]
 88 [10 332:337]
 -3 [10 360:360]

Vehicle: 307  Cost: 75.32
Route: 3 60 38 50 61 122 130 109 -3 
  3 [ 8  22: 50]
 60 [ 7  60: 65]
 38 [ 4 300:305]
 50 [ 3 310:315]
 61 [ 0 420:425]
122 [ 1 425:430]
130 [ 4 446:451]
109 [ 7 454:459]
 -3 [ 7 471:471]

Vehicle: 308  Cost: 46.63
Route: 3 28 100 70 83 76 55 98 -3 
  3 [ 9  22: 37]
 28 [ 7  50: 55]
100 [ 9  55: 60]
 70 [ 7  65: 70]
 83 [10  76: 81]
 76 [ 9  82: 87]
 55 [ 5 180:185]
 98 [ 9 300:305]
 -3 [ 9 321:321]

Vehicle: 401  Cost: 59.92
Route: 4 24 97 64 111 39 134 -4 
  4 [10  94:162]
 24 [ 7 180:185]
 97 [ 8 185:190]
 64 [ 4 196:201]
111 [ 7 206:211]
 39 [ 4 211:216]
134 [ 8 300:305]
 -4 [ 8 329:329]

Vehicle: 402  Cost: 99.94
Route: 4 62 120 125 67 27 133 91 81 -4 
  4 [ 8  94:109]
 62 [ 5 118:123]
120 [ 6 143:148]
125 [ 8 161:166]
 67 [ 6 166:171]
 27 [ 4 176:181]
133 [ 8 197:202]
 91 [10 207:212]
 81 [ 9 226:231]
 -4 [ 9 249:249]

Vehicle: 403  Cost: 41.20
Route: 4 20 15 101 92 22 -4 
  4 [10  94:109]
 20 [ 8 121:126]
 15 [ 4 134:139]
101 [ 7 300:305]
 92 [ 9 310:315]
 22 [ 5 321:326]
 -4 [ 5 331:331]

Vehicle: 404  Cost: 53.35
Route: 4 71 37 114 43 87 -4 
  4 [ 6  94:171]
 71 [ 4 180:185]
 37 [ 1 194:199]
114 [ 3 300:305]
 43 [ 2 311:316]
 87 [ 6 330:335]
 -4 [ 6 338:338]

Vehicle: 501  Cost: 15.48
Route: 5 14 65 -5 
  5 [ 5  65: 80]
 14 [ 1  86: 91]
 65 [ 0 300:305]
 -5 [ 0 310:310]

Vehicle: 601  Cost: 4.47
Route: 6 35 -6 
  6 [ 4 545:560]
 35 [ 0 562:567]
 -6 [ 0 569:569]

Vehicle: 602  Cost: 18.97
Route: 6 94 -6 
  6 [ 0   0:411]
 94 [ 2 420:425]
 -6 [ 2 434:434]

Vehicle: 701  Cost: 81.41
Route: 7 132 78 26 113 63 -7 
  7 [ 6 102:117]
132 [10 129:134]
 78 [ 9 134:139]
 26 [ 5 165:170]
113 [ 9 180:185]
 63 [ 8 300:305]
 -7 [ 8 326:326]

Vehicle: 702  Cost: 106.14
Route: 7 107 53 105 13 25 72 128 -7 
  7 [ 8 102:117]
107 [ 9 135:140]
 53 [ 5 149:154]
105 [ 9 167:172]
 13 [ 8 420:425]
 25 [ 7 443:448]
 72 [ 5 474:479]
128 [ 9 479:484]
 -7 [ 9 497:497]

Vehicle: 704  Cost: 97.33
Route: 7 66 42 112 32 96 108 68 126 99 -7 
  7 [ 9 102:117]
 66 [ 8 144:149]
 42 [ 6 300:305]
112 [ 7 305:310]
 32 [ 5 314:319]
 96 [ 6 327:332]
108 [ 8 420:425]
 68 [ 4 440:445]
126 [ 6 445:450]
 99 [ 9 463:468]
 -7 [ 9 483:483]

Vehicle: 705  Cost: 102.12
Route: 7 56 54 79 41 34 -7 
  7 [10 102:117]
 56 [ 9 137:142]
 54 [ 6 180:185]
 79 [ 4 300:305]
 41 [ 2 311:316]
 34 [ 0 347:352]
 -7 [ 0 361:361]

Vehicle: 801  Cost: 34.66
Route: 8 44 23 59 102 29 -8 
  8 [10  37: 52]
 44 [ 9  59: 64]
 23 [ 5  71: 76]
 59 [ 1 300:305]
102 [ 5 420:425]
 29 [ 4 425:430]
 -8 [ 4 441:441]

Total Cost: 1834.47
 12:44.72, 61:75 [1, 3, -3, -1]
 15:157.53, 60:75 [1, 2, 4, -4, -2, -1]
 17:186.41, 52:75 [1, 8, 5, 7, -7, 6, -6, -2, -8, -3, -1]
201:38.02, 10:10 [2, 82, 31, 103, 30, 58, -2]
202:101.00, 10:10 [2, 48, 124, 19, 90, 93, 69, 127, -2]
204:43.02, 8:10 [2, 52, 40, 47, 117, -2]
205:14.56, 4:10 [2, 36, 110, -2]
301:62.84, 10:10 [3, 57, 33, 106, 86, 45, 115, -3]
302:107.92, 10:10 [3, 16, 85, 51, 119, 80, 75, 121, -3]
303:78.04, 10:10 [3, 46, 116, 12, 77, 104, 89, 18, -3]
305:84.72, 10:10 [3, 73, 129, 21, 49, 118, 11, 84, -3]
306:78.73, 10:10 [3, 10, 95, 123, 74, 131, 17, 88, -3]
307:75.32, 8:10 [3, 60, 38, 50, 61, 122, 130, 109, -3]
308:46.63, 10:10 [3, 28, 100, 70, 83, 76, 55, 98, -3]
401:59.92, 10:10 [4, 24, 97, 64, 111, 39, 134, -4]
402:99.94, 10:10 [4, 62, 120, 125, 67, 27, 133, 91, 81, -4]
403:41.20, 10:10 [4, 20, 15, 101, 92, 22, -4]
404:53.35, 6:10 [4, 71, 37, 114, 43, 87, -4]
501:15.48, 5:10 [5, 14, 65, -5]
601:4.47, 4:10 [6, 35, -6]
602:18.97, 2:10 [6, 94, -6]
701:81.41, 10:10 [7, 132, 78, 26, 113, 63, -7]
702:106.14, 9:10 [7, 107, 53, 105, 13, 25, 72, 128, -7]
704:97.33, 9:10 [7, 66, 42, 112, 32, 96, 108, 68, 126, 99, -7]
705:102.12, 10:10 [7, 56, 54, 79, 41, 34, -7]
801:34.66, 10:10 [8, 44, 23, 59, 102, 29, -8]
fe: 3, se: 23

!ALNS------------
100000,1834.4687551902362,832.8,600.506,3,23,0.7688888888888888,0.8478260869565217,41.666666666666664,5.434782608695652
9 19 15 12 0 2 4 3 
8.41681792743697 20.200576661436198 9.500127227913211 11.382896381822949 NaN 18.77416879695249 13.716845273293883 25.545871457712835 
14 8 2 7 7 10 11 5 
13.572985571527111 12.554690819851233 13.709337276086819 14.636373772352472 13.066560812579866 13.771977961017503 15.194330616382192 12.142175863665633 

x[1123] = 1.0
Vehicle: 17  Cost: 186.41
Route: 1 8 5 7 -7 6 -6 -2 -8 -3 -1 
 1 [ 51   0:  0 [13, 72, 23, 53, 63, 78, 34, 56, 44, 26, 25, 14, 59, 54, 68, 42, 32, 29, 41, 79, 66, 35]]
 8 [ 41  37: 52 [13, 72, 53, 63, 78, 34, 56, 26, 25, 14, 54, 68, 42, 32, 41, 79, 66, 35]]
 5 [ 37  65: 80 [13, 72, 53, 63, 78, 34, 56, 26, 25, 54, 68, 42, 32, 41, 79, 66, 35]]
 7 [  4 102:102 [35]]
-7 [ 30 102:512 [99, 132, 112, 126, 96, 128, 105, 113, 107, 108, 35]]
 6 [ 26 545:545 [99, 132, 112, 126, 96, 128, 105, 113, 107, 108]]
-6 [ 28 545:560 [94, 99, 132, 112, 126, 96, 128, 105, 113, 107, 108]]
-2 [ 37 577:592 [124, 99, 132, 112, 90, 126, 96, 94, 128, 105, 127, 113, 107, 93, 108]]
-8 [ 41 615:630 [102, 99, 132, 112, 126, 96, 124, 90, 94, 128, 105, 127, 113, 107, 93, 108]]
-3 [ 48 649:664 [124, 99, 132, 112, 90, 126, 96, 102, 94, 109, 122, 130, 128, 105, 127, 113, 107, 93, 108]]
-1 [ 48 686:686 [124, 99, 132, 112, 90, 126, 96, 102, 94, 109, 122, 130, 128, 105, 127, 113, 107, 93, 108]]

x[3597] = 1.0
Vehicle: 15  Cost: 157.53
Route: 1 2 4 -4 -2 -1 
 1 [ 61   0:  0 [43, 39, 30, 82, 81, 20, 31, 58, 69, 27, 67, 64, 36, 15, 21, 24, 47, 52, 48, 40, 19, 37, 22, 71, 62]]
 2 [ 34  55: 70 [43, 39, 81, 20, 27, 67, 64, 15, 24, 37, 22, 71, 62]]
 4 [  0  94: 94 []]
-4 [ 28  94:364 [97, 91, 114, 134, 111, 120, 101, 125, 133, 87, 92]]
-2 [ 43 388:403 [110, 97, 117, 91, 114, 134, 111, 120, 101, 103, 125, 133, 124, 87, 92]]
-1 [ 43 458:458 [110, 97, 117, 91, 114, 134, 111, 120, 101, 103, 125, 133, 124, 87, 92]]

x[4490] = 1.0
Vehicle: 12  Cost: 44.72
Route: 1 3 -3 -1 
 1 [ 61   0:  0 [33, 74, 51, 46, 50, 75, 16, 80, 60, 49, 11, 28, 76, 77, 65, 18, 17, 38, 57, 70, 73, 12, 55, 10, 61, 45]]
 3 [  0  22: 22 []]
-3 [ 44  22:393 [88, 86, 116, 98, 123, 131, 100, 119, 121, 115, 95, 118, 84, 89, 106, 104, 85, 83, 129]]
-1 [ 44 415:415 [88, 86, 116, 98, 123, 131, 100, 119, 121, 115, 95, 118, 84, 89, 106, 104, 85, 83, 129]]

y[910] = 1.0
Vehicle: 704  Cost: 97.33
Route: 7 66 112 42 32 96 108 126 68 99 -7 
  7 [ 9 137:152]
 66 [ 8 179:184]
112 [ 9 300:305]
 42 [ 7 305:310]
 32 [ 5 314:319]
 96 [ 6 327:332]
108 [ 8 420:425]
126 [10 440:445]
 68 [ 6 445:450]
 99 [ 9 463:468]
 -7 [ 9 483:483]

y[1101] = 1.0
Vehicle: 203  Cost: 43.02
Route: 2 52 40 117 47 -2 
  2 [ 8  75: 90]
 52 [ 4 111:116]
 40 [ 3 300:305]
117 [ 6 309:314]
 47 [ 3 314:319]
 -2 [ 3 331:331]

y[1588] = 1.0
Vehicle: 702  Cost: 106.14
Route: 7 107 53 105 13 25 72 128 -7 
  7 [ 8 116:131]
107 [ 9 148:153]
 53 [ 5 163:168]
105 [ 9 181:186]
 13 [ 8 420:425]
 25 [ 7 443:448]
 72 [ 5 474:479]
128 [ 9 479:484]
 -7 [ 9 497:497]

y[2641] = 1.0
Vehicle: 202  Cost: 44.75
Route: 2 31 103 69 127 -2 
  2 [ 7  55:283]
 31 [ 3 300:305]
103 [ 7 305:310]
 69 [ 4 315:320]
127 [ 6 320:325]
 -2 [ 6 348:348]

y[2969] = 1.0
Vehicle: 304  Cost: 53.77
Route: 3 57 33 106 86 55 98 -3 
  3 [ 9  22: 37]
 57 [ 7  50: 55]
 33 [ 4  60: 65]
106 [ 7  71: 76]
 86 [10  81: 86]
 55 [ 6 180:185]
 98 [10 300:305]
 -3 [10 321:321]

y[4232] = 1.0
Vehicle: 403  Cost: 59.92
Route: 4 24 97 64 111 39 134 -4 
  4 [10 179:194]
 24 [ 7 212:217]
 97 [ 8 217:222]
 64 [ 4 228:233]
111 [ 7 239:244]
 39 [ 4 244:249]
134 [ 8 300:305]
 -4 [ 8 329:329]

y[4533] = 1.0
Vehicle: 306  Cost: 75.32
Route: 3 60 38 50 61 122 130 109 -3 
  3 [ 8  22: 50]
 60 [ 7  60: 65]
 38 [ 4 300:305]
 50 [ 3 310:315]
 61 [ 0 420:425]
122 [ 1 425:430]
130 [ 4 446:451]
109 [ 7 454:459]
 -3 [ 7 471:471]

y[6157] = 1.0
Vehicle: 203  Cost: 14.56
Route: 2 36 110 -2 
  2 [ 2  75: 90]
 36 [ 0  97:102]
110 [ 4 102:107]
 -2 [ 4 114:114]

y[6740] = 1.0
Vehicle: 602  Cost: 18.97
Route: 6 94 -6 
  6 [ 0   0:411]
 94 [ 2 420:425]
 -6 [ 2 434:434]

y[6756] = 1.0
Vehicle: 701  Cost: 81.41
Route: 7 132 78 26 113 63 -7 
  7 [ 6 137:152]
132 [10 164:169]
 78 [ 9 169:174]
 26 [ 5 200:205]
113 [ 9 213:218]
 63 [ 8 300:305]
 -7 [ 8 326:326]

y[7754] = 1.0
Vehicle: 501  Cost: 10.77
Route: 5 14 -5 
  5 [ 4  65: 80]
 14 [ 0  86: 91]
 -5 [ 0  96: 96]

y[7878] = 1.0
Vehicle: 305  Cost: 71.35
Route: 3 129 73 118 49 84 11 -3 
  3 [ 9  22: 37]
129 [10  52: 57]
 73 [ 8  57: 62]
118 [ 9 300:305]
 49 [ 5 305:310]
 84 [ 7 315:320]
 11 [ 4 320:325]
 -3 [ 4 355:355]

y[8098] = 1.0
Vehicle: 601  Cost: 4.47
Route: 6 35 -6 
  6 [ 4 583:598]
 35 [ 0 600:605]
 -6 [ 0 607:607]

y[9177] = 0.9999999999999998
Vehicle: 405  Cost: 53.35
Route: 4 71 37 114 43 87 -4 
  4 [ 6  96:171]
 71 [ 4 180:185]
 37 [ 1 194:199]
114 [ 3 300:305]
 43 [ 2 311:316]
 87 [ 6 330:335]
 -4 [ 6 338:338]

y[11058] = 1.0
Vehicle: 202  Cost: 103.39
Route: 2 82 48 124 19 90 93 21 30 58 -2 
  2 [10  55: 70]
 82 [ 6  79: 84]
 48 [ 5  94: 99]
124 [ 9 128:133]
 19 [ 7 420:425]
 90 [ 9 425:430]
 93 [10 433:438]
 21 [ 9 450:455]
 30 [ 8 474:479]
 58 [ 7 485:490]
 -2 [ 7 491:491]

y[11077] = 1.0
Vehicle: 705  Cost: 102.12
Route: 7 56 54 79 41 34 -7 
  7 [10 133:148]
 56 [ 9 168:173]
 54 [ 6 205:210]
 79 [ 4 300:305]
 41 [ 2 311:316]
 34 [ 0 347:352]
 -7 [ 0 361:361]

y[13054] = 1.0
Vehicle: 306  Cost: 78.73
Route: 3 10 95 123 74 131 17 88 -3 
  3 [ 6  22: 37]
 10 [ 4  58: 63]
 95 [ 7  64: 69]
123 [ 9 180:185]
 74 [ 7 300:305]
131 [ 9 305:310]
 17 [ 7 327:332]
 88 [10 332:337]
 -3 [10 360:360]

y[13131] = 1.0
Vehicle: 303  Cost: 78.04
Route: 3 46 116 12 77 104 89 18 -3 
  3 [ 9 146:161]
 46 [ 8 188:193]
116 [10 193:198]
 12 [ 7 209:214]
 77 [ 4 300:305]
104 [ 6 310:315]
 89 [ 7 339:344]
 18 [ 5 344:349]
 -3 [ 5 356:356]

y[13539] = 1.0
Vehicle: 403  Cost: 41.20
Route: 4 20 15 101 92 22 -4 
  4 [10  94:109]
 20 [ 8 121:126]
 15 [ 4 134:139]
101 [ 7 300:305]
 92 [ 9 310:315]
 22 [ 5 321:326]
 -4 [ 5 331:331]

y[14222] = 1.0
Vehicle: 301  Cost: 59.15
Route: 3 28 100 70 45 115 76 83 65 -3 
  3 [10  22: 37]
 28 [ 8  50: 55]
100 [10  55: 60]
 70 [ 8  65: 70]
 45 [ 4  81: 86]
115 [ 8  86: 91]
 76 [ 7 101:106]
 83 [10 107:112]
 65 [ 9 300:305]
 -3 [ 9 323:323]

y[14593] = 0.9999999999999998
Vehicle: 402  Cost: 99.94
Route: 4 62 120 125 67 27 133 91 81 -4 
  4 [ 8  94:109]
 62 [ 5 118:123]
120 [ 6 143:148]
125 [ 8 161:166]
 67 [ 6 166:171]
 27 [ 4 176:181]
133 [ 8 197:202]
 91 [10 207:212]
 81 [ 9 226:231]
 -4 [ 9 249:249]

y[15005] = 1.0
Vehicle: 802  Cost: 34.66
Route: 8 44 23 59 29 102 -8 
  8 [10 133:148]
 44 [ 9 155:160]
 23 [ 5 167:172]
 59 [ 1 300:305]
 29 [ 0 420:425]
102 [ 4 425:430]
 -8 [ 4 441:441]

y[15723] = 1.0
Vehicle: 302  Cost: 107.92
Route: 3 16 85 51 119 80 75 121 -3 
  3 [10 183:198]
 16 [ 7 242:247]
 85 [ 9 255:260]
 51 [ 8 300:305]
119 [10 305:310]
 80 [ 8 314:319]
 75 [ 4 323:328]
121 [ 6 341:346]
 -3 [ 6 378:378]

FE: 3
SE: 23
!MIP-----
1828.949938220681,544.5670080184937,9.839989714497778E-5,3,23,9013,16198

Run: 4
Total Cost: 1893.61
Vehicle: 12  Cost: 44.72
Route: 1 3 -3 -1 
 1 [ 70   0:  0 [74, 70, 75, 18, 38, 50, 10, 80, 76, 49, 61, 21, 33, 73, 53, 25, 13, 57, 12, 45, 19, 77, 65, 17, 51, 46, 28, 16, 60, 11, 55]]
 3 [  0  22: 22 []]
-3 [ 32  22:516 [118, 131, 104, 90, 93, 124, 109, 84, 88, 130, 129, 116, 89, 98, 122]]
-1 [ 32 538:538 [118, 131, 104, 90, 93, 124, 109, 84, 88, 130, 129, 116, 89, 98, 122]]

Vehicle: 13  Cost: 44.72
Route: 1 -3 -1 
 1 [  0   0:  0 []]
-3 [ 30  22:393 [100, 121, 106, 105, 115, 83, 85, 86, 123, 119, 95]]
-1 [ 30 415:415 [100, 121, 106, 105, 115, 83, 85, 86, 123, 119, 95]]

Vehicle: 14  Cost: 165.44
Route: 1 2 4 -4 6 -2 -1 
 1 [ 67   0:  0 [42, 67, 22, 52, 71, 32, 37, 81, 24, 40, 20, 39, 82, 30, 36, 31, 64, 15, 48, 47, 58, 62, 27, 43, 35, 66, 69]]
 2 [ 43  55: 70 [42, 67, 22, 71, 32, 37, 81, 24, 20, 39, 64, 15, 62, 27, 43, 35, 66]]
 4 [  4  94: 94 [35]]
-4 [ 34  94:359 [92, 87, 114, 97, 133, 112, 101, 91, 111, 125, 134, 120, 96, 35]]
 6 [ 30 373:388 [92, 87, 114, 97, 133, 112, 101, 91, 111, 125, 134, 120, 96]]
-2 [ 43 405:420 [92, 87, 117, 103, 110, 114, 97, 133, 112, 101, 127, 91, 111, 125, 134, 120, 96]]
-1 [ 43 476:476 [92, 87, 117, 103, 110, 114, 97, 133, 112, 101, 127, 91, 111, 125, 134, 120, 96]]

Vehicle: 18  Cost: 143.90
Route: 1 8 5 7 -7 -8 -1 
 1 [ 36   0:  0 [68, 23, 41, 72, 14, 54, 29, 56, 26, 63, 34, 59, 78, 44, 79]]
 8 [ 26  37: 52 [68, 41, 72, 14, 54, 56, 26, 63, 34, 78, 79]]
 5 [ 22  65: 80 [68, 41, 72, 54, 56, 26, 63, 34, 78, 79]]
 7 [  0 102:102 []]
-7 [ 22 102:532 [99, 113, 107, 132, 126, 128, 94, 108]]
-8 [ 26 566:581 [102, 99, 113, 107, 132, 126, 128, 94, 108]]
-1 [ 26 618:618 [99, 113, 107, 132, 126, 128, 102, 94, 108]]

Vehicle: 201  Cost: 32.38
Route: 2 82 36 110 -2 
  2 [ 6  55: 70]
 82 [ 2  79: 84]
 36 [ 0 100:105]
110 [ 4 105:110]
 -2 [ 4 118:118]

Vehicle: 202  Cost: 43.02
Route: 2 52 40 47 117 -2 
  2 [ 8  55: 70]
 52 [ 4  91: 96]
 40 [ 3 300:305]
 47 [ 0 309:314]
117 [ 3 314:319]
 -2 [ 3 331:331]

Vehicle: 203  Cost: 51.16
Route: 2 48 69 127 31 103 30 58 -2 
  2 [10  55: 70]
 48 [ 9  89: 94]
 69 [ 6 300:305]
127 [ 8 305:310]
 31 [ 4 315:320]
103 [ 8 320:325]
 30 [ 7 340:345]
 58 [ 6 350:355]
 -2 [ 6 356:356]

Vehicle: 301  Cost: 76.90
Route: 3 49 118 11 84 122 61 130 109 -3 
  3 [10  22:265]
 49 [ 6 300:305]
118 [ 7 305:310]
 11 [ 4 315:320]
 84 [ 6 320:325]
122 [ 7 420:425]
 61 [ 4 425:430]
130 [ 7 446:451]
109 [10 454:459]
 -3 [10 471:471]

Vehicle: 302  Cost: 141.73
Route: 3 50 38 131 74 25 13 17 88 98 -3 
  3 [10  22:278]
 50 [ 9 300:305]
 38 [ 6 310:315]
131 [ 8 358:363]
 74 [ 6 363:368]
 25 [ 5 420:425]
 13 [ 4 443:448]
 17 [ 2 461:466]
 88 [ 5 466:471]
 98 [ 9 480:485]
 -3 [ 9 501:501]

Vehicle: 303  Cost: 107.92
Route: 3 16 85 51 119 80 75 121 -3 
  3 [10  22: 37]
 16 [ 7  82: 87]
 85 [ 9  94: 99]
 51 [ 8 300:305]
119 [10 305:310]
 80 [ 8 314:319]
 75 [ 4 323:328]
121 [ 6 341:346]
 -3 [ 6 378:378]

Vehicle: 304  Cost: 85.86
Route: 3 60 46 116 12 77 104 89 18 -3 
  3 [10  22: 50]
 60 [ 9  60: 65]
 46 [ 8  89: 94]
116 [10  94: 99]
 12 [ 7 111:116]
 77 [ 4 300:305]
104 [ 6 310:315]
 89 [ 7 339:344]
 18 [ 5 344:349]
 -3 [ 5 356:356]

Vehicle: 305  Cost: 59.86
Route: 3 28 100 70 45 115 86 65 -3 
  3 [ 9  22: 37]
 28 [ 7  50: 55]
100 [ 9  55: 60]
 70 [ 7  65: 70]
 45 [ 3  81: 86]
115 [ 7  86: 91]
 86 [10  99:104]
 65 [ 9 300:305]
 -3 [ 9 323:323]

Vehicle: 306  Cost: 48.55
Route: 3 57 33 106 55 76 83 -3 
  3 [10  22: 37]
 57 [ 8  50: 55]
 33 [ 5  60: 65]
106 [ 8  71: 76]
 55 [ 4 180:185]
 76 [ 3 187:192]
 83 [ 6 193:198]
 -3 [ 6 216:216]

Vehicle: 308  Cost: 115.28
Route: 3 129 73 124 19 90 93 21 -3 
  3 [ 5  22: 37]
129 [ 6  52: 57]
 73 [ 4  57: 62]
124 [ 8 103:108]
 19 [ 6 420:425]
 90 [ 8 425:430]
 93 [ 9 433:438]
 21 [ 8 450:455]
 -3 [ 8 485:485]

Vehicle: 309  Cost: 82.00
Route: 3 10 95 123 53 105 -3 
  3 [ 6  22: 37]
 10 [ 4  58: 63]
 95 [ 7  64: 69]
123 [ 9 180:185]
 53 [ 5 196:201]
105 [ 9 214:219]
 -3 [ 9 243:243]

Vehicle: 401  Cost: 59.92
Route: 4 24 97 64 111 39 134 -4 
  4 [10  94:162]
 24 [ 7 180:185]
 97 [ 8 185:190]
 64 [ 4 196:201]
111 [ 7 206:211]
 39 [ 4 211:216]
134 [ 8 300:305]
 -4 [ 8 329:329]

Vehicle: 402  Cost: 44.56
Route: 4 15 81 112 42 32 101 -4 
  4 [ 9  94:109]
 15 [ 5 122:127]
 81 [ 4 132:137]
112 [ 5 300:305]
 42 [ 3 305:310]
 32 [ 1 314:319]
101 [ 4 328:333]
 -4 [ 4 344:344]

Vehicle: 403  Cost: 114.02
Route: 4 62 120 125 67 27 133 91 66 96 -4 
  4 [ 8  94:109]
 62 [ 5 118:123]
120 [ 6 143:148]
125 [ 8 161:166]
 67 [ 6 166:171]
 27 [ 4 176:181]
133 [ 8 197:202]
 91 [10 207:212]
 66 [ 9 221:226]
 96 [10 300:305]
 -4 [10 331:331]

Vehicle: 404  Cost: 53.35
Route: 4 71 37 114 43 87 -4 
  4 [ 6  94:171]
 71 [ 4 180:185]
 37 [ 1 194:199]
114 [ 3 300:305]
 43 [ 2 311:316]
 87 [ 6 330:335]
 -4 [ 6 338:338]

Vehicle: 405  Cost: 26.82
Route: 4 20 92 22 -4 
  4 [ 6  94:109]
 20 [ 4 121:126]
 92 [ 6 300:305]
 22 [ 2 311:316]
 -4 [ 2 321:321]

Vehicle: 501  Cost: 10.77
Route: 5 14 -5 
  5 [ 4  65: 80]
 14 [ 0  86: 91]
 -5 [ 0  96: 96]

Vehicle: 601  Cost: 4.47
Route: 6 35 -6 
  6 [ 4 373:388]
 35 [ 0 391:396]
 -6 [ 0 398:398]

Vehicle: 701  Cost: 43.19
Route: 7 78 132 34 128 72 -7 
  7 [ 5 102:117]
 78 [ 4 129:134]
132 [ 8 134:139]
 34 [ 6 300:305]
128 [10 315:320]
 72 [ 8 320:325]
 -7 [ 8 338:338]

Vehicle: 702  Cost: 124.03
Route: 7 107 56 54 79 41 63 99 -7 
  7 [ 9 102:117]
107 [10 135:140]
 56 [ 9 158:163]
 54 [ 6 195:200]
 79 [ 4 300:305]
 41 [ 2 311:316]
 63 [ 1 341:346]
 99 [ 4 420:425]
 -7 [ 4 440:440]

Vehicle: 703  Cost: 134.38
Route: 7 26 113 108 68 126 94 -7 
  7 [ 8 102:117]
 26 [ 4 155:160]
113 [ 8 180:185]
108 [10 420:425]
 68 [ 6 440:445]
126 [ 8 445:450]
 94 [10 475:480]
 -7 [10 517:517]

Vehicle: 801  Cost: 34.66
Route: 8 44 23 59 102 29 -8 
  8 [10  37: 52]
 44 [ 9  59: 64]
 23 [ 5  71: 76]
 59 [ 1 300:305]
102 [ 5 420:425]
 29 [ 4 425:430]
 -8 [ 4 441:441]

Total Cost: 1893.61
 12:44.72, 70:75 [1, 3, -3, -1]
 13:44.72, 30:75 [1, -3, -1]
 14:165.44, 67:75 [1, 2, 4, -4, 6, -2, -1]
 18:143.90, 36:75 [1, 8, 5, 7, -7, -8, -1]
201:32.38, 6:10 [2, 82, 36, 110, -2]
202:43.02, 8:10 [2, 52, 40, 47, 117, -2]
203:51.16, 10:10 [2, 48, 69, 127, 31, 103, 30, 58, -2]
301:76.90, 10:10 [3, 49, 118, 11, 84, 122, 61, 130, 109, -3]
302:141.73, 10:10 [3, 50, 38, 131, 74, 25, 13, 17, 88, 98, -3]
303:107.92, 10:10 [3, 16, 85, 51, 119, 80, 75, 121, -3]
304:85.86, 10:10 [3, 60, 46, 116, 12, 77, 104, 89, 18, -3]
305:59.86, 10:10 [3, 28, 100, 70, 45, 115, 86, 65, -3]
306:48.55, 10:10 [3, 57, 33, 106, 55, 76, 83, -3]
308:115.28, 9:10 [3, 129, 73, 124, 19, 90, 93, 21, -3]
309:82.00, 9:10 [3, 10, 95, 123, 53, 105, -3]
401:59.92, 10:10 [4, 24, 97, 64, 111, 39, 134, -4]
402:44.56, 9:10 [4, 15, 81, 112, 42, 32, 101, -4]
403:114.02, 10:10 [4, 62, 120, 125, 67, 27, 133, 91, 66, 96, -4]
404:53.35, 6:10 [4, 71, 37, 114, 43, 87, -4]
405:26.82, 6:10 [4, 20, 92, 22, -4]
501:10.77, 4:10 [5, 14, -5]
601:4.47, 4:10 [6, 35, -6]
701:43.19, 10:10 [7, 78, 132, 34, 128, 72, -7]
702:124.03, 10:10 [7, 107, 56, 54, 79, 41, 63, 99, -7]
703:134.38, 10:10 [7, 26, 113, 108, 68, 126, 94, -7]
801:34.66, 10:10 [8, 44, 23, 59, 102, 29, -8]
fe: 4, se: 22

!ALNS------------
100000,1893.6108784497865,517.747,336.241,4,22,0.6766666666666666,0.8681818181818182,31.25,5.681818181818182
12 10 10 13 0 6 5 0 
9.672235695736314 21.536551723007037 9.03563040065816 11.191721825462745 56.2960038648157 19.360806256719094 14.23016293984526 27.565240692178826 
6 13 5 4 6 7 10 5 
14.256451504231425 14.09434378961747 14.45895190949287 13.473955549853208 14.435741423358131 14.07163383617007 14.775281918524747 14.801078932231002 

x[975] = 1.0
Vehicle: 13  Cost: 44.72
Route: 1 3 -3 -1 
 1 [  4   0:  0 [16, 51]]
 3 [  0  22: 22 []]
-3 [ 37  22:397 [121, 88, 130, 100, 95, 118, 84, 119, 86, 85, 123, 105, 89, 104, 83, 116]]
-1 [ 37 419:419 [121, 88, 130, 100, 95, 118, 84, 119, 86, 85, 123, 105, 89, 104, 83, 116]]

x[6572] = 1.0
Vehicle: 14  Cost: 165.44
Route: 1 2 4 -4 6 -2 -1 
 1 [ 67   0:  0 [22, 24, 58, 15, 43, 47, 82, 30, 31, 40, 67, 66, 64, 32, 42, 71, 62, 39, 27, 52, 69, 81, 37, 20, 48, 36, 35]]
 2 [ 43  55: 70 [22, 24, 15, 43, 67, 66, 64, 32, 42, 71, 62, 39, 27, 81, 37, 20, 35]]
 4 [  4  94: 94 [35]]
-4 [ 34  94:359 [92, 120, 114, 96, 101, 87, 125, 133, 91, 111, 134, 112, 97, 35]]
 6 [ 30 373:388 [92, 120, 114, 96, 101, 87, 125, 133, 91, 111, 134, 112, 97]]
-2 [ 43 405:420 [92, 120, 127, 114, 96, 110, 103, 101, 87, 125, 133, 91, 111, 134, 112, 97, 117]]
-1 [ 43 475:475 [92, 120, 127, 114, 96, 110, 103, 101, 87, 125, 133, 91, 111, 134, 112, 97, 117]]

x[7583] = 1.0
Vehicle: 12  Cost: 44.72
Route: 1 3 -3 -1 
 1 [ 60   0:  0 [80, 73, 19, 49, 46, 16, 61, 11, 60, 77, 70, 18, 17, 21, 51, 50, 28, 57, 75, 12, 38, 33, 10, 74, 13, 53, 25]]
 3 [  0  22: 22 []]
-3 [ 38  22:516 [109, 88, 130, 90, 98, 84, 93, 118, 129, 89, 104, 122, 124, 95, 105, 131, 107]]
-1 [ 38 538:538 [109, 88, 130, 90, 98, 84, 93, 118, 129, 89, 104, 122, 124, 95, 105, 131, 107]]

x[8240] = 1.0
Vehicle: 18  Cost: 144.16
Route: 1 8 5 7 -7 -5 -8 -1 
 1 [ 46   0:  0 [45, 68, 29, 56, 78, 72, 63, 59, 54, 41, 23, 26, 44, 34, 79, 55, 14, 76, 65]]
 8 [ 36  37: 52 [45, 68, 56, 78, 72, 63, 54, 41, 26, 34, 79, 55, 14, 76, 65]]
 5 [ 22  65: 80 [68, 56, 78, 72, 63, 54, 41, 26, 34, 79]]
 7 [  0 102:102 []]
-7 [ 20 102:489 [99, 113, 132, 128, 126, 107, 108]]
-5 [ 29 511:526 [115, 99, 113, 132, 128, 126, 107, 108, 94, 106]]
-8 [ 33 539:554 [102, 99, 113, 132, 128, 126, 107, 108, 115, 94, 106]]
-1 [ 33 591:591 [99, 113, 132, 128, 126, 107, 115, 108, 102, 94, 106]]

y[118] = 1.0
Vehicle: 801  Cost: 34.66
Route: 8 44 23 59 29 102 -8 
  8 [10 122:137]
 44 [ 9 144:149]
 23 [ 5 156:161]
 59 [ 1 300:305]
 29 [ 0 420:425]
102 [ 4 425:430]
 -8 [ 4 441:441]

y[900] = 1.0
Vehicle: 202  Cost: 32.38
Route: 2 82 110 36 -2 
  2 [ 6  75: 90]
 82 [ 2  99:104]
110 [ 6 120:125]
 36 [ 4 125:130]
 -2 [ 4 137:137]

y[1005] = 1.0
Vehicle: 703  Cost: 96.50
Route: 7 26 113 108 68 126 -7 
  7 [ 8 196:211]
 26 [ 4 250:255]
113 [ 8 262:267]
108 [10 420:425]
 68 [ 6 440:445]
126 [ 8 445:450]
 -7 [ 8 474:474]

y[1137] = 1.0
Vehicle: 303  Cost: 85.86
Route: 3 60 46 116 12 77 104 89 18 -3 
  3 [10  22: 50]
 60 [ 9  60: 65]
 46 [ 8  89: 94]
116 [10  94: 99]
 12 [ 7 111:116]
 77 [ 4 300:305]
104 [ 6 310:315]
 89 [ 7 339:344]
 18 [ 5 344:349]
 -3 [ 5 356:356]

y[1778] = 1.0
Vehicle: 501  Cost: 20.99
Route: 5 14 106 55 76 65 -5 
  5 [10  65: 80]
 14 [ 6  86: 91]
106 [ 9  96:101]
 55 [ 5 180:185]
 76 [ 4 187:192]
 65 [ 3 300:305]
 -5 [ 3 310:310]

y[1899] = 1.0
Vehicle: 701  Cost: 43.19
Route: 7 78 132 34 72 128 -7 
  7 [ 5 196:211]
 78 [ 4 223:228]
132 [ 8 228:233]
 34 [ 6 300:305]
 72 [ 4 315:320]
128 [ 8 320:325]
 -7 [ 8 338:338]

y[3160] = 1.0
Vehicle: 702  Cost: 124.03
Route: 7 107 56 54 79 41 63 99 -7 
  7 [ 9 116:131]
107 [10 148:153]
 56 [ 9 171:176]
 54 [ 6 209:214]
 79 [ 4 300:305]
 41 [ 2 311:316]
 63 [ 1 341:346]
 99 [ 4 420:425]
 -7 [ 4 440:440]

y[4044] = 1.0
Vehicle: 201  Cost: 43.02
Route: 2 52 40 117 47 -2 
  2 [ 8 143:158]
 52 [ 4 179:184]
 40 [ 3 300:305]
117 [ 6 309:314]
 47 [ 3 314:319]
 -2 [ 3 331:331]

y[4832] = 1.0
Vehicle: 401  Cost: 59.92
Route: 4 24 97 64 111 39 134 -4 
  4 [10 111:162]
 24 [ 7 180:185]
 97 [ 8 185:190]
 64 [ 4 196:201]
111 [ 7 206:211]
 39 [ 4 211:216]
134 [ 8 300:305]
 -4 [ 8 329:329]

y[6030] = 1.0
Vehicle: 501  Cost: 64.15
Route: 5 115 45 94 -5 
  5 [ 4  65: 80]
115 [ 8  86: 91]
 45 [ 4  91: 96]
 94 [ 6 420:425]
 -5 [ 6 457:457]

y[6609] = 1.0
Vehicle: 404  Cost: 53.25
Route: 4 71 37 114 43 22 -4 
  4 [10  90:171]
 71 [ 8 180:185]
 37 [ 5 194:199]
114 [ 7 300:305]
 43 [ 6 311:316]
 22 [ 2 327:332]
 -4 [ 2 338:338]

y[9167] = 1.0
Vehicle: 203  Cost: 51.16
Route: 2 48 69 127 31 103 30 58 -2 
  2 [10 128:143]
 48 [ 9 162:167]
 69 [ 6 300:305]
127 [ 8 305:310]
 31 [ 4 315:320]
103 [ 8 320:325]
 30 [ 7 340:345]
 58 [ 6 350:355]
 -2 [ 6 356:356]

y[9380] = 1.0
Vehicle: 308  Cost: 76.90
Route: 3 49 118 11 84 122 61 130 109 -3 
  3 [10  22:265]
 49 [ 6 300:305]
118 [ 7 305:310]
 11 [ 4 315:320]
 84 [ 6 320:325]
122 [ 7 420:425]
 61 [ 4 425:430]
130 [ 7 446:451]
109 [10 454:459]
 -3 [10 471:471]

y[11486] = 1.0
Vehicle: 305  Cost: 55.52
Route: 3 57 33 86 83 70 28 100 -3 
  3 [ 9  22: 37]
 57 [ 7  50: 55]
 33 [ 4  60: 65]
 86 [ 7  74: 79]
 83 [10  84: 89]
 70 [ 8  95:100]
 28 [ 6 105:110]
100 [ 8 110:115]
 -3 [ 8 128:128]

y[12135] = 1.0
Vehicle: 303  Cost: 107.92
Route: 3 16 85 51 119 80 75 121 -3 
  3 [10  71: 86]
 16 [ 7 131:136]
 85 [ 9 143:148]
 51 [ 8 300:305]
119 [10 305:310]
 80 [ 8 314:319]
 75 [ 4 323:328]
121 [ 6 341:346]
 -3 [ 6 378:378]

y[12623] = 1.0
Vehicle: 302  Cost: 141.73
Route: 3 50 38 131 74 25 13 17 88 98 -3 
  3 [10  22:278]
 50 [ 9 300:305]
 38 [ 6 310:315]
131 [ 8 358:363]
 74 [ 6 363:368]
 25 [ 5 420:425]
 13 [ 4 443:448]
 17 [ 2 461:466]
 88 [ 5 466:471]
 98 [ 9 480:485]
 -3 [ 9 501:501]

y[13197] = 1.0
Vehicle: 405  Cost: 6.32
Route: 4 87 -4 
  4 [ 0   0:297]
 87 [ 4 300:305]
 -4 [ 4 308:308]

y[13726] = 1.0
Vehicle: 309  Cost: 82.00
Route: 3 10 95 123 53 105 -3 
  3 [ 6  22: 37]
 10 [ 4  58: 63]
 95 [ 7  64: 69]
123 [ 9 180:185]
 53 [ 5 196:201]
105 [ 9 214:219]
 -3 [ 9 243:243]

y[14769] = 1.0
Vehicle: 403  Cost: 85.59
Route: 4 20 15 81 66 91 133 42 112 92 -4 
  4 [10 113:128]
 20 [ 8 141:146]
 15 [ 4 154:159]
 81 [ 3 164:169]
 66 [ 2 177:182]
 91 [ 4 192:197]
133 [ 8 202:207]
 42 [ 6 300:305]
112 [ 7 305:310]
 92 [ 9 322:327]
 -4 [ 9 336:336]

y[14980] = 1.0
Vehicle: 403  Cost: 88.14
Route: 4 62 120 67 125 27 96 32 101 -4 
  4 [ 9  94:109]
 62 [ 6 118:123]
120 [ 7 143:148]
 67 [ 5 161:166]
125 [ 7 166:171]
 27 [ 5 176:181]
 96 [ 6 300:305]
 32 [ 4 313:318]
101 [ 7 327:332]
 -4 [ 7 343:343]

y[15236] = 1.0
Vehicle: 308  Cost: 115.28
Route: 3 129 73 124 19 90 93 21 -3 
  3 [ 5  22: 37]
129 [ 6  52: 57]
 73 [ 4  57: 62]
124 [ 8 103:108]
 19 [ 6 420:425]
 90 [ 8 425:430]
 93 [ 9 433:438]
 21 [ 8 450:455]
 -3 [ 8 485:485]

y[15510] = 1.0
Vehicle: 602  Cost: 4.47
Route: 6 35 -6 
  6 [ 4 579:594]
 35 [ 0 596:601]
 -6 [ 0 603:603]

FE: 4
SE: 22
!MIP-----
1872.0260464193839,5400.89329791069,0.02414727180541298,4,22,9934,15794

Run: 5
Total Cost: 1887.47
Vehicle: 11  Cost: 44.72
Route: 1 3 -3 -1 
 1 [ 40   0:  0 [51, 77, 80, 74, 28, 18, 17, 46, 33, 60, 10, 75, 76, 12, 70, 38, 50, 57, 16]]
 3 [  0  22: 22 []]
-3 [ 29  22:393 [88, 119, 123, 100, 121, 116, 131, 83, 85, 89, 104, 95, 86]]
-1 [ 29 415:415 [88, 119, 123, 100, 121, 116, 131, 83, 85, 89, 104, 95, 86]]

Vehicle: 12  Cost: 93.19
Route: 1 8 -8 -5 -1 
 1 [ 28   0:  0 [11, 73, 23, 69, 29, 49, 59, 19, 21, 61, 44]]
 8 [  0  37: 37 []]
-8 [ 20  37:508 [122, 102, 129, 130, 90, 109, 84, 118, 93, 127]]
-5 [ 27 521:536 [122, 102, 129, 130, 90, 106, 109, 84, 118, 93, 127, 98]]
-1 [ 27 579:579 [122, 102, 129, 130, 90, 106, 109, 84, 118, 93, 127, 98]]

Vehicle: 15  Cost: 157.53
Route: 1 2 4 -4 -2 -1 
 1 [ 62   0:  0 [48, 62, 20, 67, 42, 30, 40, 64, 47, 24, 31, 58, 22, 82, 39, 36, 37, 32, 15, 43, 35, 52, 71, 81, 66]]
 2 [ 37  55: 70 [62, 20, 67, 42, 64, 24, 22, 39, 37, 32, 15, 43, 71, 81, 66]]
 4 [  0  94: 94 []]
-4 [ 30  94:383 [101, 120, 87, 112, 92, 114, 111, 91, 133, 134, 97, 96, 125]]
-2 [ 45 407:422 [110, 101, 117, 120, 103, 87, 112, 92, 114, 111, 91, 133, 134, 97, 96, 124, 125]]
-1 [ 45 477:477 [110, 101, 117, 120, 103, 87, 112, 92, 114, 111, 91, 133, 134, 97, 96, 124, 125]]

Vehicle: 16  Cost: 126.38
Route: 1 5 -5 7 -7 -1 
 1 [ 43   0:  0 [68, 13, 72, 65, 63, 34, 56, 41, 27, 14, 55, 45, 79, 26, 54, 78, 53, 25]]
 5 [ 30  43: 43 [68, 13, 72, 63, 34, 56, 41, 27, 79, 26, 54, 78, 53, 25]]
-5 [ 34  43: 94 [115, 68, 13, 72, 63, 34, 56, 41, 27, 79, 26, 54, 78, 53, 25]]
 7 [  4 116:116 [115]]
-7 [ 30 116:532 [132, 115, 107, 113, 128, 108, 99, 126, 105, 94]]
-1 [ 30 593:593 [132, 115, 107, 113, 128, 108, 99, 126, 105, 94]]

Vehicle: 201  Cost: 43.02
Route: 2 52 40 47 117 -2 
  2 [ 8  55: 70]
 52 [ 4  91: 96]
 40 [ 3 300:305]
 47 [ 0 309:314]
117 [ 3 314:319]
 -2 [ 3 331:331]

Vehicle: 202  Cost: 33.05
Route: 2 36 110 35 58 -2 
  2 [ 7  55: 70]
 36 [ 5  78: 83]
110 [ 9  83: 88]
 35 [ 5 300:305]
 58 [ 4 320:325]
 -2 [ 4 326:326]

Vehicle: 203  Cost: 98.53
Route: 2 82 48 124 31 103 30 -2 
  2 [10  55: 70]
 82 [ 6  79: 84]
 48 [ 5  94: 99]
124 [ 9 128:133]
 31 [ 5 300:305]
103 [ 9 305:310]
 30 [ 8 324:329]
 -2 [ 8 336:336]

Vehicle: 301  Cost: 78.04
Route: 3 46 116 12 77 104 89 18 -3 
  3 [ 9  22: 37]
 46 [ 8  64: 69]
116 [10  69: 74]
 12 [ 7  85: 90]
 77 [ 4 300:305]
104 [ 6 310:315]
 89 [ 7 339:344]
 18 [ 5 344:349]
 -3 [ 5 356:356]

Vehicle: 302  Cost: 56.03
Route: 3 57 33 76 86 83 70 100 28 -3 
  3 [10  22: 37]
 57 [ 8  50: 55]
 33 [ 5  60: 65]
 76 [ 4  69: 74]
 86 [ 7  79: 84]
 83 [10  90: 95]
 70 [ 8 100:105]
100 [10 110:115]
 28 [ 8 115:120]
 -3 [ 8 133:133]

Vehicle: 303  Cost: 49.30
Route: 3 60 50 38 -3 
  3 [ 5  22: 50]
 60 [ 4  60: 65]
 50 [ 3 300:305]
 38 [ 0 310:315]
 -3 [ 0 337:337]

Vehicle: 305  Cost: 78.73
Route: 3 10 95 123 74 131 17 88 -3 
  3 [ 6  22: 37]
 10 [ 4  58: 63]
 95 [ 7  64: 69]
123 [ 9 180:185]
 74 [ 7 300:305]
131 [ 9 305:310]
 17 [ 7 327:332]
 88 [10 332:337]
 -3 [10 360:360]

Vehicle: 312  Cost: 107.92
Route: 3 16 85 51 119 80 75 121 -3 
  3 [10  22: 37]
 16 [ 7  82: 87]
 85 [ 9  94: 99]
 51 [ 8 300:305]
119 [10 305:310]
 80 [ 8 314:319]
 75 [ 4 323:328]
121 [ 6 341:346]
 -3 [ 6 378:378]

Vehicle: 402  Cost: 59.92
Route: 4 24 97 64 39 111 134 -4 
  4 [10  94:162]
 24 [ 7 180:185]
 97 [ 8 185:190]
 64 [ 4 196:201]
 39 [ 1 206:211]
111 [ 4 211:216]
134 [ 8 300:305]
 -4 [ 8 329:329]

Vehicle: 403  Cost: 59.36
Route: 4 71 37 114 43 22 87 -4 
  4 [10  94:171]
 71 [ 8 180:185]
 37 [ 5 194:199]
114 [ 7 300:305]
 43 [ 6 311:316]
 22 [ 2 327:332]
 87 [ 6 341:346]
 -4 [ 6 349:349]

Vehicle: 404  Cost: 104.88
Route: 4 62 15 120 125 67 133 91 66 -4 
  4 [10  94:109]
 62 [ 7 118:123]
 15 [ 3 133:138]
120 [ 4 155:160]
125 [ 6 173:178]
 67 [ 4 178:183]
133 [ 8 203:208]
 91 [10 213:218]
 66 [ 9 228:233]
 -4 [ 9 254:254]

Vehicle: 405  Cost: 61.70
Route: 4 20 81 112 42 96 32 101 92 -4 
  4 [ 7  94:109]
 20 [ 5 121:126]
 81 [ 4 135:140]
112 [ 5 300:305]
 42 [ 3 305:310]
 96 [ 4 317:322]
 32 [ 2 330:335]
101 [ 5 344:349]
 92 [ 7 354:359]
 -4 [ 7 368:368]

Vehicle: 501  Cost: 27.60
Route: 5 14 106 55 98 65 -5 
  5 [ 9  43: 58]
 14 [ 5  63: 68]
106 [ 8  73: 78]
 55 [ 4 180:185]
 98 [ 8 300:305]
 65 [ 7 310:315]
 -5 [ 7 320:320]

Vehicle: 502  Cost: 10.77
Route: 5 45 115 -5 
  5 [ 4  43: 58]
 45 [ 0  63: 68]
115 [ 4  68: 73]
 -5 [ 4  79: 79]

Vehicle: 701  Cost: 141.03
Route: 7 26 113 27 108 68 126 94 -7 
  7 [10 116:131]
 26 [ 6 169:174]
113 [10 182:187]
 27 [ 8 200:205]
108 [10 420:425]
 68 [ 6 440:445]
126 [ 8 445:450]
 94 [10 475:480]
 -7 [10 517:517]

Vehicle: 702  Cost: 108.42
Route: 7 56 54 79 41 63 99 -7 
  7 [ 9 116:131]
 56 [ 8 151:156]
 54 [ 5 188:193]
 79 [ 3 300:305]
 41 [ 1 311:316]
 63 [ 0 341:346]
 99 [ 3 420:425]
 -7 [ 3 440:440]

Vehicle: 703  Cost: 106.14
Route: 7 107 53 105 13 25 72 128 -7 
  7 [ 8 116:131]
107 [ 9 148:153]
 53 [ 5 163:168]
105 [ 9 181:186]
 13 [ 8 420:425]
 25 [ 7 443:448]
 72 [ 5 474:479]
128 [ 9 479:484]
 -7 [ 9 497:497]

Vehicle: 704  Cost: 29.75
Route: 7 78 132 34 -7 
  7 [ 3 116:131]
 78 [ 2 143:148]
132 [ 6 148:153]
 34 [ 4 300:305]
 -7 [ 4 314:314]

Vehicle: 801  Cost: 74.07
Route: 8 73 129 130 11 84 61 122 109 -8 
  8 [ 8  37: 52]
 73 [ 6  69: 74]
129 [ 7  74: 79]
130 [10 300:305]
 11 [ 7 323:328]
 84 [ 9 328:333]
 61 [ 6 420:425]
122 [ 7 425:430]
109 [10 449:454]
 -8 [10 468:468]

Vehicle: 802  Cost: 34.66
Route: 8 44 23 59 29 102 -8 
  8 [10  37: 52]
 44 [ 9  59: 64]
 23 [ 5  71: 76]
 59 [ 1 300:305]
 29 [ 0 420:425]
102 [ 4 425:430]
 -8 [ 4 441:441]

Vehicle: 804  Cost: 102.74
Route: 8 21 118 49 19 90 93 127 69 -8 
  8 [10  37:278]
 21 [ 9 300:305]
118 [10 324:329]
 49 [ 6 329:334]
 19 [ 4 420:425]
 90 [ 6 425:430]
 93 [ 7 433:438]
127 [ 9 452:457]
 69 [ 6 457:462]
 -8 [ 6 493:493]

Total Cost: 1887.47
 11:44.72, 40:75 [1, 3, -3, -1]
 12:93.19, 28:75 [1, 8, -8, -5, -1]
 15:157.53, 62:75 [1, 2, 4, -4, -2, -1]
 16:126.38, 43:75 [1, 5, -5, 7, -7, -1]
201:43.02, 8:10 [2, 52, 40, 47, 117, -2]
202:33.05, 9:10 [2, 36, 110, 35, 58, -2]
203:98.53, 10:10 [2, 82, 48, 124, 31, 103, 30, -2]
301:78.04, 10:10 [3, 46, 116, 12, 77, 104, 89, 18, -3]
302:56.03, 10:10 [3, 57, 33, 76, 86, 83, 70, 100, 28, -3]
303:49.30, 5:10 [3, 60, 50, 38, -3]
305:78.73, 10:10 [3, 10, 95, 123, 74, 131, 17, 88, -3]
312:107.92, 10:10 [3, 16, 85, 51, 119, 80, 75, 121, -3]
402:59.92, 10:10 [4, 24, 97, 64, 39, 111, 134, -4]
403:59.36, 10:10 [4, 71, 37, 114, 43, 22, 87, -4]
404:104.88, 10:10 [4, 62, 15, 120, 125, 67, 133, 91, 66, -4]
405:61.70, 7:10 [4, 20, 81, 112, 42, 96, 32, 101, 92, -4]
501:27.60, 9:10 [5, 14, 106, 55, 98, 65, -5]
502:10.77, 4:10 [5, 45, 115, -5]
701:141.03, 10:10 [7, 26, 113, 27, 108, 68, 126, 94, -7]
702:108.42, 9:10 [7, 56, 54, 79, 41, 63, 99, -7]
703:106.14, 9:10 [7, 107, 53, 105, 13, 25, 72, 128, -7]
704:29.75, 6:10 [7, 78, 132, 34, -7]
801:74.07, 10:10 [8, 73, 129, 130, 11, 84, 61, 122, 109, -8]
802:34.66, 10:10 [8, 44, 23, 59, 29, 102, -8]
804:102.74, 10:10 [8, 21, 118, 49, 19, 90, 93, 127, 69, -8]
fe: 4, se: 21

!ALNS------------
100000,1887.4671088659609,665.989,415.249,4,21,0.5766666666666667,0.8857142857142857,31.25,5.9523809523809526
22 21 22 8 0 0 12 0 
10.241311353521095 22.84130771189894 9.497665043370299 13.450785647271369 83.1251711593314 24.38490218241355 15.59108742135824 22.439031544601413 
7 10 12 8 8 4 23 13 
16.358752796443444 14.006909975017836 16.106859648332996 15.260188169542173 15.410186074430458 15.31067680926055 15.645100110311395 14.898499953616772 

x[680] = 1.0
Vehicle: 12  Cost: 44.72
Route: 1 3 -3 -1 
 1 [ 74   0:  0 [76, 80, 12, 14, 57, 18, 17, 73, 21, 38, 10, 51, 75, 11, 77, 33, 61, 16, 70, 19, 46, 65, 50, 60, 49, 74, 44, 59, 29, 55, 28, 23]]
 3 [  0  22: 22 []]
-3 [ 31  22:526 [109, 116, 84, 93, 130, 102, 124, 131, 122, 129, 104, 118, 90, 88]]
-1 [ 31 548:548 [109, 116, 84, 93, 130, 102, 124, 131, 122, 129, 104, 118, 90, 88]]

x[3989] = 1.0
Vehicle: 13  Cost: 44.72
Route: 1 -3 -1 
 1 [  0   0:  0 []]
-3 [ 30  22:396 [106, 121, 86, 89, 85, 83, 119, 100, 98, 88, 123, 95]]
-1 [ 30 419:419 [106, 121, 86, 89, 85, 83, 119, 100, 98, 88, 123, 95]]

x[6809] = 1.0
Vehicle: 16  Cost: 126.38
Route: 1 5 -5 7 -7 -1 
 1 [ 34   0:  0 [79, 56, 45, 54, 41, 13, 72, 26, 34, 25, 53, 32, 68, 63, 78]]
 5 [ 30  43: 43 [79, 56, 54, 41, 13, 72, 26, 34, 25, 53, 32, 68, 63, 78]]
-5 [ 34  43: 94 [115, 79, 56, 54, 41, 13, 72, 26, 34, 25, 53, 32, 68, 63, 78]]
 7 [  4 116:116 [115]]
-7 [ 35 116:528 [115, 94, 128, 105, 107, 133, 108, 113, 96, 126, 99, 132]]
-1 [ 35 589:589 [115, 94, 128, 105, 107, 133, 108, 113, 96, 126, 99, 132]]

x[7528] = 1.0
Vehicle: 15  Cost: 157.53
Route: 1 2 4 -4 -2 -1 
 1 [ 65   0:  0 [15, 39, 43, 24, 64, 69, 31, 82, 62, 27, 58, 81, 37, 20, 52, 66, 71, 40, 35, 36, 30, 67, 22, 47, 42, 48]]
 2 [ 37  55: 70 [15, 39, 43, 24, 64, 62, 27, 81, 37, 20, 66, 71, 67, 22, 42]]
 4 [  0  94: 94 []]
-4 [ 30  94:377 [111, 97, 92, 101, 120, 91, 112, 87, 125, 134, 114, 96, 133]]
-2 [ 43 401:416 [111, 117, 97, 103, 92, 101, 120, 91, 112, 127, 87, 125, 110, 134, 114, 96, 133]]
-1 [ 43 471:471 [111, 117, 97, 103, 92, 101, 120, 91, 112, 127, 87, 125, 110, 134, 114, 96, 133]]

y[655] = 1.0
Vehicle: 703  Cost: 106.14
Route: 7 107 53 105 13 25 72 128 -7 
  7 [ 8 143:158]
107 [ 9 176:181]
 53 [ 5 190:195]
105 [ 9 208:213]
 13 [ 8 420:425]
 25 [ 7 443:448]
 72 [ 5 474:479]
128 [ 9 479:484]
 -7 [ 9 497:497]

y[695] = 1.0
Vehicle: 302  Cost: 71.22
Route: 3 49 118 84 11 122 61 -3 
  3 [10  22:265]
 49 [ 6 300:305]
118 [ 7 305:310]
 84 [ 9 315:320]
 11 [ 6 320:325]
122 [ 7 420:425]
 61 [ 4 425:430]
 -3 [ 4 455:455]

y[1275] = 1.0
Vehicle: 309  Cost: 46.63
Route: 3 28 100 70 83 76 55 98 -3 
  3 [ 9  22: 37]
 28 [ 7  50: 55]
100 [ 9  55: 60]
 70 [ 7  65: 70]
 83 [10  76: 81]
 76 [ 9  82: 87]
 55 [ 5 180:185]
 98 [ 9 300:305]
 -3 [ 9 321:321]

y[2457] = 1.0
Vehicle: 702  Cost: 130.38
Route: 7 26 113 108 96 32 94 -7 
  7 [ 6 128:143]
 26 [ 2 182:187]
113 [ 6 194:199]
108 [ 8 420:425]
 96 [ 9 434:439]
 32 [ 7 447:452]
 94 [ 9 471:476]
 -7 [ 9 513:513]

y[4734] = 1.0
Vehicle: 305  Cost: 78.73
Route: 3 10 95 123 74 131 17 88 -3 
  3 [ 6 124:139]
 10 [ 4 159:164]
 95 [ 7 165:170]
123 [ 9 183:188]
 74 [ 7 300:305]
131 [ 9 305:310]
 17 [ 7 327:332]
 88 [10 332:337]
 -3 [10 360:360]

y[5977] = 1.0
Vehicle: 402  Cost: 59.92
Route: 4 24 97 64 39 111 134 -4 
  4 [10 117:162]
 24 [ 7 180:185]
 97 [ 8 185:190]
 64 [ 4 196:201]
 39 [ 1 206:211]
111 [ 4 211:216]
134 [ 8 300:305]
 -4 [ 8 329:329]

y[6255] = 1.0
Vehicle: 201  Cost: 49.45
Route: 2 82 36 110 35 -2 
  2 [10  55: 70]
 82 [ 6  79: 84]
 36 [ 4 100:105]
110 [ 8 105:110]
 35 [ 4 300:305]
 -2 [ 4 320:320]

y[6266] = 1.0
Vehicle: 403  Cost: 59.36
Route: 4 71 37 114 43 22 87 -4 
  4 [10  94:171]
 71 [ 8 180:185]
 37 [ 5 194:199]
114 [ 7 300:305]
 43 [ 6 311:316]
 22 [ 2 327:332]
 87 [ 6 341:346]
 -4 [ 6 349:349]

y[7593] = 1.0
Vehicle: 701  Cost: 63.96
Route: 7 132 78 63 126 68 99 -7 
  7 [ 6 128:143]
132 [10 155:160]
 78 [ 9 160:165]
 63 [ 8 300:305]
126 [10 420:425]
 68 [ 6 425:430]
 99 [ 9 443:448]
 -7 [ 9 463:463]

y[8402] = 1.0
Vehicle: 312  Cost: 107.92
Route: 3 16 85 51 119 80 75 121 -3 
  3 [10 207:222]
 16 [ 7 266:271]
 85 [ 9 279:284]
 51 [ 8 300:305]
119 [10 305:310]
 80 [ 8 314:319]
 75 [ 4 323:328]
121 [ 6 341:346]
 -3 [ 6 378:378]

y[9059] = 1.0
Vehicle: 303  Cost: 124.28
Route: 3 44 23 124 90 19 93 21 130 -3 
  3 [ 8  22: 37]
 44 [ 7  57: 62]
 23 [ 3  69: 74]
124 [ 7 112:117]
 90 [ 9 420:425]
 19 [ 7 425:430]
 93 [ 8 433:438]
 21 [ 7 450:455]
130 [10 471:476]
 -3 [10 491:491]

y[9396] = 1.0
Vehicle: 405  Cost: 50.47
Route: 4 20 15 81 112 42 101 92 -4 
  4 [ 9  94:109]
 20 [ 7 121:126]
 15 [ 3 134:139]
 81 [ 2 145:150]
112 [ 3 300:305]
 42 [ 1 305:310]
101 [ 4 319:324]
 92 [ 6 329:334]
 -4 [ 6 343:343]

y[9755] = 1.0
Vehicle: 503  Cost: 10.77
Route: 5 45 115 -5 
  5 [ 4  43: 58]
 45 [ 0  63: 68]
115 [ 4  68: 73]
 -5 [ 4  79: 79]

y[10404] = 1.0
Vehicle: 203  Cost: 51.16
Route: 2 48 69 127 31 103 30 58 -2 
  2 [10 128:143]
 48 [ 9 162:167]
 69 [ 6 300:305]
127 [ 8 305:310]
 31 [ 4 315:320]
103 [ 8 320:325]
 30 [ 7 340:345]
 58 [ 6 350:355]
 -2 [ 6 356:356]

y[10555] = 1.0
Vehicle: 302  Cost: 52.12
Route: 3 57 33 106 14 86 65 -3 
  3 [10  22: 37]
 57 [ 8  50: 55]
 33 [ 5  60: 65]
106 [ 8  71: 76]
 14 [ 4  81: 86]
 86 [ 7  86: 91]
 65 [ 6 300:305]
 -3 [ 6 323:323]

y[13276] = 1.0
Vehicle: 704  Cost: 102.12
Route: 7 56 54 79 41 34 -7 
  7 [10 143:158]
 56 [ 9 178:183]
 54 [ 6 216:221]
 79 [ 4 300:305]
 41 [ 2 311:316]
 34 [ 0 347:352]
 -7 [ 0 361:361]

y[14091] = 1.0
Vehicle: 301  Cost: 78.04
Route: 3 46 116 12 77 104 89 18 -3 
  3 [ 9 147:162]
 46 [ 8 189:194]
116 [10 194:199]
 12 [ 7 210:215]
 77 [ 4 300:305]
104 [ 6 310:315]
 89 [ 7 339:344]
 18 [ 5 344:349]
 -3 [ 5 356:356]

y[14247] = 1.0
Vehicle: 201  Cost: 43.02
Route: 2 52 40 47 117 -2 
  2 [ 8 113:128]
 52 [ 4 149:154]
 40 [ 3 300:305]
 47 [ 0 309:314]
117 [ 3 314:319]
 -2 [ 3 331:331]

y[14735] = 1.0
Vehicle: 308  Cost: 49.62
Route: 3 73 129 59 102 29 109 -3 
  3 [ 7  22: 37]
 73 [ 5  52: 57]
129 [ 6  57: 62]
 59 [ 2 300:305]
102 [ 6 420:425]
 29 [ 5 425:430]
109 [ 8 436:441]
 -3 [ 8 453:453]

y[15291] = 1.0
Vehicle: 301  Cost: 49.30
Route: 3 60 50 38 -3 
  3 [ 5  22: 50]
 60 [ 4  60: 65]
 50 [ 3 300:305]
 38 [ 0 310:315]
 -3 [ 0 337:337]

y[17709] = 1.0
Vehicle: 404  Cost: 98.45
Route: 4 62 120 125 67 27 133 91 66 -4 
  4 [ 8  94:109]
 62 [ 5 118:123]
120 [ 6 143:148]
125 [ 8 161:166]
 67 [ 6 166:171]
 27 [ 4 176:181]
133 [ 8 197:202]
 91 [10 207:212]
 66 [ 9 221:226]
 -4 [ 9 247:247]

FE: 4
SE: 21
!MIP-----
1856.4106801559724,5402.514487981796,0.014591460277617667,4,21,8693,17948

