--Parameters Information--
speed=1
run=5
iteration= 100000
batch=100
restartPeriod=10000
largeRemovalOccurrence=500
initialLNS=250
lowerBoundSmallRemoval=4
smallRemoval=0.2
lowerBoundLargeRemoval=0.55
largeRemoval=0.8
initialWeight=1.0
decayRate=0.1
gamma1=9.0
gamma2=5.0
gamma3=2.0
gamma4=0.0
coolingRate=0.9995
temperatureControlParameter=0.05
initialAcceptanceProbability=0.5
perturbation=0.5
perturbationFactor=0.01
split=20000

Setup: Split
Data: C_100_7_LD

Run: 1
Total Cost: 1819.46
Vehicle: 11  Cost: 50.00
Route: 1 2 -2 -1 
 1 [ 46   0:  0 [54, 85, 22, 39, 58, 61, 60, 34, 13, 80, 30, 41, 77, 55, 40, 26, 67, 35]]
 2 [  0  25: 25 []]
-2 [ 24  25:379 [117, 128, 119, 124, 123, 108, 115, 133, 107, 129, 126]]
-1 [ 24 404:404 [117, 128, 119, 124, 123, 108, 115, 133, 107, 129, 126]]

Vehicle: 13  Cost: 132.71
Route: 1 5 4 -4 -5 -2 -1 
 1 [ 69   0:  0 [21, 32, 38, 79, 53, 51, 69, 72, 59, 45, 20, 57, 63, 73, 76, 15, 18, 36, 71, 24, 46, 68, 48, 84, 83, 16, 65, 37, 82, 49, 28]]
 5 [ 41  47: 62 [21, 38, 79, 69, 59, 45, 20, 57, 63, 73, 18, 24, 83, 16, 65, 37, 82, 49, 28]]
 4 [  0  81: 81 []]
-4 [ 21  81:489 [131, 112, 102, 109, 111, 127, 94, 118, 93, 121]]
-5 [ 38 508:523 [131, 112, 102, 106, 109, 103, 105, 97, 111, 127, 94, 118, 92, 93, 99, 121]]
-2 [ 42 546:561 [116, 131, 112, 102, 109, 106, 103, 105, 97, 111, 127, 94, 118, 92, 93, 99, 121]]
-1 [ 42 586:586 [131, 112, 102, 106, 109, 103, 105, 116, 97, 111, 127, 94, 118, 92, 93, 99, 121]]

Vehicle: 16  Cost: 123.98
Route: 1 6 8 -8 -6 -1 
 1 [ 74   0:  0 [33, 19, 27, 88, 47, 78, 29, 43, 70, 31, 75, 52, 66, 62, 87, 50, 44, 74, 11, 86, 90, 23, 64, 42, 17, 56, 25, 14, 12, 89, 81, 10]]
 6 [ 47  27: 42 [33, 19, 27, 88, 47, 78, 70, 31, 75, 52, 66, 62, 87, 74, 11, 23, 17, 56, 25, 14, 10]]
 8 [  0  77: 77 []]
-8 [ 22  77:476 [120, 125, 135, 101, 98, 104, 96, 132, 122]]
-6 [ 44 511:526 [100, 110, 120, 114, 125, 91, 135, 101, 113, 134, 98, 104, 96, 132, 95, 130, 122]]
-1 [ 44 553:553 [100, 110, 120, 114, 125, 91, 135, 101, 113, 134, 98, 104, 96, 132, 95, 130, 122]]

Vehicle: 201  Cost: 40.66
Route: 2 67 119 58 80 128 -2 
  2 [10  25: 40]
 67 [ 6  49: 54]
119 [ 8  54: 59]
 58 [ 6  72: 77]
 80 [ 2 300:305]
128 [ 4 305:310]
 -2 [ 4 323:323]

Vehicle: 202  Cost: 100.61
Route: 2 54 40 108 41 61 115 -2 
  2 [10  25: 40]
 54 [ 7  55: 60]
 40 [ 3  74: 79]
108 [ 6  87: 92]
 41 [ 4  92: 97]
 61 [ 3 101:106]
115 [ 7 119:124]
 -2 [ 7 171:171]

Vehicle: 203  Cost: 60.61
Route: 2 60 117 107 123 13 30 -2 
  2 [ 8  25: 40]
 60 [ 7  46: 51]
117 [ 8  51: 56]
107 [ 9  70: 75]
123 [10  85: 90]
 13 [ 6 300:305]
 30 [ 3 318:323]
 -2 [ 3 340:340]

Vehicle: 204  Cost: 126.63
Route: 2 26 39 133 22 126 77 129 124 -2 
  2 [10  25: 40]
 26 [ 8  60: 65]
 39 [ 4  75: 80]
133 [ 7  93: 98]
 22 [ 5 106:111]
126 [ 9 180:185]
 77 [ 7 185:190]
129 [ 8 300:305]
124 [10 352:357]
 -2 [10 364:364]

Vehicle: 205  Cost: 54.01
Route: 2 85 55 116 34 35 -2 
  2 [ 8  25: 40]
 85 [ 7  49: 54]
 55 [ 5 300:305]
116 [ 9 305:310]
 34 [ 8 420:425]
 35 [ 4 449:454]
 -2 [ 4 462:462]

Vehicle: 401  Cost: 33.23
Route: 4 37 83 -4 
  4 [ 7  81:167]
 37 [ 3 180:185]
 83 [ 0 196:201]
 -4 [ 0 210:210]

Vehicle: 402  Cost: 46.02
Route: 4 63 127 79 16 94 21 102 -4 
  4 [ 6  81: 96]
 63 [ 4 112:117]
127 [ 5 124:129]
 79 [ 4 129:134]
 16 [ 3 180:185]
 94 [ 7 420:425]
 21 [ 5 425:430]
102 [ 7 442:447]
 -4 [ 7 450:450]

Vehicle: 403  Cost: 47.92
Route: 4 69 121 57 28 -4 
  4 [ 8  81: 96]
 69 [ 5 118:123]
121 [ 8 123:128]
 57 [ 4 300:305]
 28 [ 3 307:312]
 -4 [ 3 333:333]

Vehicle: 405  Cost: 91.79
Route: 4 18 109 73 93 45 111 38 59 82 131 -4 
  4 [10  81: 96]
 18 [ 9 105:110]
109 [10 128:133]
 73 [ 6 155:160]
 93 [ 9 300:305]
 45 [ 8 309:314]
111 [10 314:319]
 38 [ 8 334:339]
 59 [ 7 420:425]
 82 [ 6 431:436]
131 [ 8 436:441]
 -4 [ 8 444:444]

Vehicle: 406  Cost: 79.55
Route: 4 49 112 20 24 118 65 -4 
  4 [10  81: 96]
 49 [ 7 120:125]
112 [ 9 125:130]
 20 [ 6 135:140]
 24 [ 5 420:425]
118 [ 6 455:460]
 65 [ 3 460:465]
 -4 [ 3 474:474]

Vehicle: 501  Cost: 54.43
Route: 5 53 48 105 36 106 -5 
  5 [10  47: 62]
 53 [ 6  86: 91]
 48 [ 3 300:305]
105 [ 7 316:321]
 36 [ 4 329:334]
106 [ 5 334:339]
 -5 [ 5 349:349]

Vehicle: 502  Cost: 115.47
Route: 5 84 68 97 46 103 32 99 -5 
  5 [10  47: 62]
 84 [ 9  73: 78]
 68 [ 7 180:185]
 97 [10 193:198]
 46 [ 6 300:305]
103 [10 321:326]
 32 [ 7 326:331]
 99 [ 9 357:362]
 -5 [ 9 367:367]

Vehicle: 503  Cost: 81.24
Route: 5 71 72 76 51 92 15 -5 
  5 [ 8  47: 62]
 71 [ 7  70: 75]
 72 [ 5 180:185]
 76 [ 4 300:305]
 51 [ 2 319:324]
 92 [ 5 337:342]
 15 [ 3 342:347]
 -5 [ 3 379:379]

Vehicle: 601  Cost: 86.90
Route: 6 64 29 100 90 134 12 91 95 -6 
  6 [10  27: 42]
 64 [ 8  63: 68]
 29 [ 7  76: 81]
100 [ 8  81: 86]
 90 [ 5 300:305]
134 [ 9 305:310]
 12 [ 5 328:333]
 91 [ 8 346:351]
 95 [ 9 420:425]
 -6 [ 9 437:437]

Vehicle: 602  Cost: 59.66
Route: 6 42 86 113 50 114 43 110 -6 
  6 [10  27: 42]
 42 [ 6  54: 59]
 86 [ 4  64: 69]
113 [ 8 300:305]
 50 [ 7 305:310]
114 [ 9 316:321]
 43 [ 6 420:425]
110 [10 425:430]
 -6 [10 447:447]

Vehicle: 603  Cost: 25.04
Route: 6 44 89 130 81 -6 
  6 [ 7  27: 42]
 44 [ 3  48: 53]
 89 [ 1 300:305]
130 [ 4 309:314]
 81 [ 3 314:319]
 -6 [ 3 323:323]

Vehicle: 801  Cost: 108.00
Route: 8 66 74 10 120 17 88 -8 
  8 [ 9  77: 92]
 66 [ 8 100:105]
 74 [ 7 124:129]
 10 [ 6 150:155]
120 [ 8 300:305]
 17 [ 5 318:323]
 88 [ 2 420:425]
 -8 [ 2 459:459]

Vehicle: 802  Cost: 112.20
Route: 8 56 125 98 14 62 23 -8 
  8 [10  77: 92]
 56 [ 7 116:121]
125 [ 8 137:142]
 98 [10 163:168]
 14 [ 6 179:184]
 62 [ 5 300:305]
 23 [ 3 311:316]
 -8 [ 3 343:343]

Vehicle: 803  Cost: 39.45
Route: 8 122 70 47 -8 
  8 [ 6  77: 92]
122 [10 112:117]
 70 [ 7 117:122]
 47 [ 4 420:425]
 -8 [ 4 427:427]

Vehicle: 804  Cost: 55.73
Route: 8 19 27 104 33 11 -8 
  8 [10  77:161]
 19 [ 9 180:185]
 27 [ 6 190:195]
104 [ 7 420:425]
 33 [ 4 425:430]
 11 [ 1 440:445]
 -8 [ 1 461:461]

Vehicle: 805  Cost: 48.10
Route: 8 96 25 75 78 132 -8 
  8 [ 6  77:167]
 96 [10 180:185]
 25 [ 9 185:190]
 75 [ 7 199:204]
 78 [ 4 420:425]
132 [ 8 438:443]
 -8 [ 8 455:455]

Vehicle: 806  Cost: 45.52
Route: 8 52 135 87 101 31 -8 
  8 [ 6  77:167]
 52 [ 5 180:185]
135 [ 6 196:201]
 87 [ 4 300:305]
101 [ 7 316:321]
 31 [ 4 321:326]
 -8 [ 4 334:334]

Total Cost: 1819.46
 11:50.00, 46:75 [1, 2, -2, -1]
 13:132.71, 69:75 [1, 5, 4, -4, -5, -2, -1]
 16:123.98, 74:75 [1, 6, 8, -8, -6, -1]
201:40.66, 10:10 [2, 67, 119, 58, 80, 128, -2]
202:100.61, 10:10 [2, 54, 40, 108, 41, 61, 115, -2]
203:60.61, 10:10 [2, 60, 117, 107, 123, 13, 30, -2]
204:126.63, 10:10 [2, 26, 39, 133, 22, 126, 77, 129, 124, -2]
205:54.01, 9:10 [2, 85, 55, 116, 34, 35, -2]
401:33.23, 7:10 [4, 37, 83, -4]
402:46.02, 7:10 [4, 63, 127, 79, 16, 94, 21, 102, -4]
403:47.92, 8:10 [4, 69, 121, 57, 28, -4]
405:91.79, 10:10 [4, 18, 109, 73, 93, 45, 111, 38, 59, 82, 131, -4]
406:79.55, 10:10 [4, 49, 112, 20, 24, 118, 65, -4]
501:54.43, 10:10 [5, 53, 48, 105, 36, 106, -5]
502:115.47, 10:10 [5, 84, 68, 97, 46, 103, 32, 99, -5]
503:81.24, 8:10 [5, 71, 72, 76, 51, 92, 15, -5]
601:86.90, 10:10 [6, 64, 29, 100, 90, 134, 12, 91, 95, -6]
602:59.66, 10:10 [6, 42, 86, 113, 50, 114, 43, 110, -6]
603:25.04, 7:10 [6, 44, 89, 130, 81, -6]
801:108.00, 9:10 [8, 66, 74, 10, 120, 17, 88, -8]
802:112.20, 10:10 [8, 56, 125, 98, 14, 62, 23, -8]
803:39.45, 10:10 [8, 122, 70, 47, -8]
804:55.73, 10:10 [8, 19, 27, 104, 33, 11, -8]
805:48.10, 10:10 [8, 96, 25, 75, 78, 132, -8]
806:45.52, 7:10 [8, 52, 135, 87, 101, 31, -8]
fe: 3, se: 22

!ALNS------------
100000,1819.464016815104,534.926,512.974,3,22,0.84,0.9181818181818182,42.0,5.7272727272727275
21 27 21 12 0 2 10 1 
8.41434427799175 20.158016887647857 9.075194506381996 10.409310208320218 34.61120290379468 19.39112010720461 12.011135050881146 23.246220863013676 
12 10 12 14 11 15 16 4 
12.695739668604535 13.091377183651193 12.96503952085083 13.756741571937294 14.588850535070714 13.184535912036305 13.642026037975317 12.596957210742854 

x[78] = 1.0
Vehicle: 16  Cost: 123.98
Route: 1 6 8 -8 -6 -1 
 1 [ 74   0:  0 [25, 50, 86, 23, 56, 17, 27, 11, 88, 47, 74, 31, 33, 90, 89, 10, 12, 70, 87, 66, 29, 62, 14, 52, 75, 64, 42, 44, 19, 81, 78, 43]]
 6 [ 47  27: 42 [25, 23, 56, 17, 27, 11, 88, 47, 74, 31, 33, 10, 70, 87, 66, 62, 14, 52, 75, 19, 78]]
 8 [  0  77: 77 []]
-8 [ 22  77:476 [120, 104, 96, 135, 98, 101, 132, 125, 122]]
-6 [ 40 511:526 [100, 110, 120, 104, 96, 135, 113, 98, 114, 101, 130, 132, 134, 125, 122]]
-1 [ 40 553:553 [100, 110, 120, 104, 96, 135, 113, 98, 114, 101, 130, 132, 134, 125, 122]]

x[1003] = 1.0
Vehicle: 11  Cost: 50.00
Route: 1 2 -2 -1 
 1 [ 46   0:  0 [22, 39, 58, 61, 34, 13, 80, 30, 41, 77, 55, 40, 67, 54, 26, 85, 35, 60]]
 2 [  0  25: 25 []]
-2 [ 26  25:379 [117, 128, 119, 124, 123, 108, 115, 133, 107, 129, 126, 127, 109]]
-1 [ 26 404:404 [117, 128, 119, 124, 123, 108, 115, 133, 107, 129, 126, 127, 109]]

x[4453] = 1.0
Vehicle: 13  Cost: 132.71
Route: 1 5 4 -4 -5 -2 -1 
 1 [ 69   0:  0 [46, 72, 69, 71, 32, 65, 20, 53, 51, 37, 57, 49, 63, 15, 68, 18, 45, 48, 82, 36, 28, 24, 59, 83, 73, 76, 84, 16, 79, 38, 21]]
 5 [ 41  47: 62 [69, 65, 20, 37, 57, 49, 63, 18, 45, 82, 28, 24, 59, 83, 73, 16, 79, 38, 21]]
 4 [  0  81: 81 []]
-4 [ 21  81:489 [131, 111, 102, 109, 112, 127, 118, 94, 93, 121]]
-5 [ 38 508:523 [131, 111, 102, 103, 92, 105, 106, 109, 97, 112, 99, 127, 118, 94, 93, 121]]
-2 [ 46 546:561 [131, 91, 111, 102, 103, 92, 95, 105, 106, 109, 97, 112, 99, 116, 127, 118, 94, 93, 121]]
-1 [ 46 586:586 [131, 91, 111, 102, 103, 92, 95, 105, 106, 109, 97, 112, 99, 116, 127, 118, 94, 93, 121]]

y[606] = 1.0
Vehicle: 805  Cost: 48.10
Route: 8 96 25 75 78 132 -8 
  8 [ 6 187:202]
 96 [10 215:220]
 25 [ 9 220:225]
 75 [ 7 234:239]
 78 [ 4 420:425]
132 [ 8 438:443]
 -8 [ 8 455:455]

y[1081] = 1.0
Vehicle: 203  Cost: 60.61
Route: 2 60 117 107 123 13 30 -2 
  2 [ 8  65: 80]
 60 [ 7  86: 91]
117 [ 8  91: 96]
107 [ 9 111:116]
123 [10 125:130]
 13 [ 6 300:305]
 30 [ 3 318:323]
 -2 [ 3 340:340]

y[1184] = 1.0
Vehicle: 501  Cost: 54.43
Route: 5 53 48 105 106 36 -5 
  5 [10 129:144]
 53 [ 6 168:173]
 48 [ 3 300:305]
105 [ 7 316:321]
106 [ 8 329:334]
 36 [ 5 334:339]
 -5 [ 5 349:349]

y[1193] = 1.0
Vehicle: 205  Cost: 53.02
Route: 2 85 34 116 55 91 95 -2 
  2 [ 4 123:138]
 85 [ 3 148:153]
 34 [ 2 420:425]
116 [ 6 429:434]
 55 [ 4 434:439]
 91 [ 7 448:453]
 95 [ 8 462:467]
 -2 [ 8 479:479]

y[1208] = 1.0
Vehicle: 402  Cost: 33.23
Route: 4 37 83 -4 
  4 [ 7  66:167]
 37 [ 3 180:185]
 83 [ 0 196:201]
 -4 [ 0 210:210]

y[2396] = 1.0
Vehicle: 402  Cost: 46.02
Route: 4 63 127 79 16 94 21 102 -4 
  4 [ 6  85:100]
 63 [ 4 116:121]
127 [ 5 128:133]
 79 [ 4 133:138]
 16 [ 3 180:185]
 94 [ 7 420:425]
 21 [ 5 425:430]
102 [ 7 442:447]
 -4 [ 7 450:450]

y[2601] = 1.0
Vehicle: 204  Cost: 126.63
Route: 2 26 39 133 22 126 77 129 124 -2 
  2 [10  65: 80]
 26 [ 8 100:105]
 39 [ 4 115:120]
133 [ 7 133:138]
 22 [ 5 146:151]
126 [ 9 180:185]
 77 [ 7 185:190]
129 [ 8 300:305]
124 [10 352:357]
 -2 [10 364:364]

y[2632] = 1.0
Vehicle: 602  Cost: 59.66
Route: 6 42 86 50 113 114 43 110 -6 
  6 [10  27: 42]
 42 [ 6  54: 59]
 86 [ 4  64: 69]
 50 [ 3 300:305]
113 [ 7 305:310]
114 [ 9 316:321]
 43 [ 6 420:425]
110 [10 425:430]
 -6 [10 447:447]

y[3672] = 1.0
Vehicle: 403  Cost: 47.92
Route: 4 69 121 57 28 -4 
  4 [ 8 106:121]
 69 [ 5 143:148]
121 [ 8 148:153]
 57 [ 4 300:305]
 28 [ 3 307:312]
 -4 [ 3 333:333]

y[3708] = 1.0
Vehicle: 802  Cost: 45.52
Route: 8 52 135 87 31 101 -8 
  8 [ 6  61:167]
 52 [ 5 180:185]
135 [ 6 196:201]
 87 [ 4 300:305]
 31 [ 1 316:321]
101 [ 4 321:326]
 -8 [ 4 334:334]

y[4453] = 1.0
Vehicle: 503  Cost: 81.24
Route: 5 71 72 76 51 92 15 -5 
  5 [ 8 129:144]
 71 [ 7 152:157]
 72 [ 5 180:185]
 76 [ 4 300:305]
 51 [ 2 319:324]
 92 [ 5 337:342]
 15 [ 3 342:347]
 -5 [ 3 379:379]

y[4990] = 1.0
Vehicle: 205  Cost: 40.66
Route: 2 67 119 58 128 80 -2 
  2 [10  25: 40]
 67 [ 6  49: 54]
119 [ 8  54: 59]
 58 [ 6  72: 77]
128 [ 8 300:305]
 80 [ 4 305:310]
 -2 [ 4 323:323]

y[5512] = 1.0
Vehicle: 801  Cost: 108.00
Route: 8 66 74 10 120 17 88 -8 
  8 [ 9 112:127]
 66 [ 8 135:140]
 74 [ 7 159:164]
 10 [ 6 185:190]
120 [ 8 300:305]
 17 [ 5 318:323]
 88 [ 2 420:425]
 -8 [ 2 459:459]

y[6029] = 1.0
Vehicle: 601  Cost: 25.04
Route: 6 44 89 130 81 -6 
  6 [ 7  27: 42]
 44 [ 3  48: 53]
 89 [ 1 300:305]
130 [ 4 309:314]
 81 [ 3 314:319]
 -6 [ 3 323:323]

y[6734] = 1.0
Vehicle: 804  Cost: 55.73
Route: 8 19 27 33 104 11 -8 
  8 [10 146:161]
 19 [ 9 180:185]
 27 [ 6 190:195]
 33 [ 3 420:425]
104 [ 4 425:430]
 11 [ 1 440:445]
 -8 [ 1 461:461]

y[9302] = 1.0
Vehicle: 202  Cost: 100.61
Route: 2 54 40 41 108 61 115 -2 
  2 [10 122:137]
 54 [ 7 153:158]
 40 [ 3 172:177]
 41 [ 1 185:190]
108 [ 4 190:195]
 61 [ 3 198:203]
115 [ 7 216:221]
 -2 [ 7 268:268]

y[9344] = 1.0
Vehicle: 604  Cost: 71.51
Route: 6 64 29 100 90 134 12 -6 
  6 [10 227:242]
 64 [ 8 263:268]
 29 [ 7 276:281]
100 [ 8 281:286]
 90 [ 5 300:305]
134 [ 9 305:310]
 12 [ 5 328:333]
 -6 [ 5 352:352]

y[11607] = 1.0
Vehicle: 802  Cost: 112.20
Route: 8 56 125 98 14 62 23 -8 
  8 [10  77: 92]
 56 [ 7 116:121]
125 [ 8 137:142]
 98 [10 163:168]
 14 [ 6 179:184]
 62 [ 5 300:305]
 23 [ 3 311:316]
 -8 [ 3 343:343]

y[11648] = 1.0
Vehicle: 201  Cost: 15.23
Route: 2 35 -2 
  2 [ 4  25:292]
 35 [ 0 300:305]
 -2 [ 0 313:313]

y[12324] = 1.0
Vehicle: 502  Cost: 115.47
Route: 5 84 68 97 46 103 32 99 -5 
  5 [10 129:144]
 84 [ 9 155:160]
 68 [ 7 199:204]
 97 [10 213:218]
 46 [ 6 300:305]
103 [10 321:326]
 32 [ 7 326:331]
 99 [ 9 357:362]
 -5 [ 9 367:367]

y[12548] = 1.0
Vehicle: 803  Cost: 39.45
Route: 8 122 70 47 -8 
  8 [ 6 130:145]
122 [10 165:170]
 70 [ 7 170:175]
 47 [ 4 420:425]
 -8 [ 4 427:427]

y[13546] = 1.0
Vehicle: 406  Cost: 79.55
Route: 4 49 112 20 24 118 65 -4 
  4 [10 211:226]
 49 [ 7 250:255]
112 [ 9 255:260]
 20 [ 6 265:270]
 24 [ 5 420:425]
118 [ 6 455:460]
 65 [ 3 460:465]
 -4 [ 3 474:474]

y[14887] = 1.0
Vehicle: 405  Cost: 91.79
Route: 4 18 109 73 93 45 111 38 59 131 82 -4 
  4 [10 106:121]
 18 [ 9 130:135]
109 [10 153:158]
 73 [ 6 180:185]
 93 [ 9 300:305]
 45 [ 8 309:314]
111 [10 314:319]
 38 [ 8 334:339]
 59 [ 7 420:425]
131 [ 9 431:436]
 82 [ 8 436:441]
 -4 [ 8 444:444]

FE: 3
SE: 23
!MIP-----
1818.3133661728941,4203.98509812355,9.941267595466594E-5,3,23,7648,14965

Run: 2
Total Cost: 1848.01
Vehicle: 11  Cost: 50.00
Route: 1 2 -2 -1 
 1 [ 33   0:  0 [30, 15, 13, 46, 60, 35, 85, 32, 51, 68, 34, 55, 67]]
 2 [  0  25: 25 []]
-2 [ 15  25:395 [97, 123, 99, 103, 117, 92, 107]]
-1 [ 15 420:420 [97, 123, 99, 103, 117, 92, 107]]

Vehicle: 13  Cost: 145.65
Route: 1 5 9 4 -4 -9 -2 -1 
 1 [ 58   0:  0 [37, 28, 16, 59, 21, 18, 53, 82, 83, 72, 49, 20, 73, 69, 38, 61, 48, 63, 41, 65, 71, 76, 24, 36, 84, 57, 45]]
 5 [ 54  47: 62 [37, 28, 16, 59, 21, 18, 53, 82, 83, 49, 20, 73, 69, 38, 61, 48, 63, 41, 65, 76, 24, 36, 57, 45]]
 9 [ 36  75: 90 [37, 28, 59, 18, 82, 83, 49, 20, 73, 69, 38, 65, 76, 24, 57, 45]]
 4 [  0 106:106 []]
-4 [ 16 106:478 [111, 93, 131, 102, 121, 109, 112, 118]]
-9 [ 28 494:509 [111, 93, 131, 102, 108, 121, 94, 105, 109, 112, 106, 118]]
-2 [ 38 537:552 [119, 91, 111, 93, 131, 102, 108, 121, 116, 94, 105, 95, 109, 112, 106, 118]]
-1 [ 38 577:577 [119, 91, 111, 93, 131, 102, 108, 121, 116, 94, 105, 95, 109, 112, 106, 118]]

Vehicle: 14  Cost: 54.41
Route: 1 6 -6 -1 
 1 [ 54   0:  0 [80, 86, 42, 29, 90, 22, 70, 89, 44, 54, 40, 26, 43, 58, 12, 39, 79, 50, 77, 81, 64]]
 6 [  0  27: 27 []]
-6 [ 32  27:367 [122, 127, 134, 133, 126, 113, 129, 100, 115, 128, 124, 114]]
-1 [ 32 394:394 [122, 127, 134, 133, 126, 113, 129, 100, 115, 128, 124, 114]]

Vehicle: 16  Cost: 123.26
Route: 1 8 -8 -6 -1 
 1 [ 44   0:  0 [33, 31, 52, 87, 78, 66, 27, 56, 88, 17, 19, 14, 47, 74, 23, 75, 10, 25, 11, 62]]
 8 [  0  61: 61 []]
-8 [ 18  61:474 [101, 104, 135, 96, 132, 125, 98, 120]]
-6 [ 25 509:524 [130, 101, 104, 135, 96, 132, 125, 110, 98, 120]]
-1 [ 25 551:551 [130, 101, 104, 135, 96, 132, 125, 110, 98, 120]]

Vehicle: 201  Cost: 96.92
Route: 2 117 60 15 92 51 99 35 -2 
  2 [ 9  25: 40]
117 [10  46: 51]
 60 [ 9  51: 56]
 15 [ 7 300:305]
 92 [10 305:310]
 51 [ 8 323:328]
 99 [10 347:352]
 35 [ 6 367:372]
 -2 [ 6 380:380]

Vehicle: 203  Cost: 58.63
Route: 2 107 123 13 30 -2 
  2 [ 7  25: 40]
107 [ 8  58: 63]
123 [ 9  73: 78]
 13 [ 5 300:305]
 30 [ 2 318:323]
 -2 [ 2 340:340]

Vehicle: 204  Cost: 104.52
Route: 2 68 97 46 103 32 -2 
  2 [ 9  25:142]
 68 [ 7 180:185]
 97 [10 193:198]
 46 [ 6 300:305]
103 [10 321:326]
 32 [ 7 326:331]
 -2 [ 7 364:364]

Vehicle: 205  Cost: 56.40
Route: 2 67 119 85 34 55 116 91 95 -2 
  2 [ 8  25: 40]
 67 [ 4  49: 54]
119 [ 6  54: 59]
 85 [ 5  63: 68]
 34 [ 4 420:425]
 55 [ 2 429:434]
116 [ 6 434:439]
 91 [ 9 448:453]
 95 [10 462:467]
 -2 [10 479:479]

Vehicle: 402  Cost: 44.99
Route: 4 37 28 57 -4 
  4 [ 9 106:167]
 37 [ 5 180:185]
 28 [ 4 300:305]
 57 [ 0 307:312]
 -4 [ 0 333:333]

Vehicle: 403  Cost: 38.00
Route: 4 83 76 118 65 -4 
  4 [ 7 106:172]
 83 [ 4 180:185]
 76 [ 3 300:305]
118 [ 4 320:325]
 65 [ 1 325:330]
 -4 [ 1 340:340]

Vehicle: 404  Cost: 94.62
Route: 4 18 109 73 93 45 111 38 59 82 131 102 -4 
  4 [10 106:121]
 18 [ 9 130:135]
109 [10 153:158]
 73 [ 6 180:185]
 93 [ 9 300:305]
 45 [ 8 309:314]
111 [10 314:319]
 38 [ 8 334:339]
 59 [ 7 420:425]
 82 [ 6 431:436]
131 [ 8 436:441]
102 [10 444:449]
 -4 [10 452:452]

Vehicle: 405  Cost: 90.30
Route: 4 69 121 49 112 20 24 -4 
  4 [10 106:121]
 69 [ 7 143:148]
121 [10 148:153]
 49 [ 7 168:173]
112 [ 9 173:178]
 20 [ 6 183:188]
 24 [ 5 420:425]
 -4 [ 5 463:463]

Vehicle: 501  Cost: 25.35
Route: 5 71 84 72 -5 
  5 [ 4  47: 62]
 71 [ 3  70: 75]
 84 [ 2  79: 84]
 72 [ 0 180:185]
 -5 [ 0 192:192]

Vehicle: 601  Cost: 71.51
Route: 6 64 100 29 90 134 12 -6 
  6 [10  27: 42]
 64 [ 8  63: 68]
100 [ 9  76: 81]
 29 [ 8  81: 86]
 90 [ 5 300:305]
134 [ 9 305:310]
 12 [ 5 328:333]
 -6 [ 5 352:352]

Vehicle: 602  Cost: 65.87
Route: 6 39 70 122 114 50 113 -6 
  6 [ 8  27: 42]
 39 [ 4  54: 59]
 70 [ 1  76: 81]
122 [ 5  81: 86]
114 [ 7 300:305]
 50 [ 6 311:316]
113 [10 316:321]
 -6 [10 345:345]

Vehicle: 603  Cost: 85.15
Route: 6 44 133 86 22 77 126 129 -6 
  6 [10  27: 42]
 44 [ 6  48: 53]
133 [ 9  72: 77]
 86 [ 7  77: 82]
 22 [ 5  90: 95]
 77 [ 3 180:185]
126 [ 7 185:190]
129 [ 8 300:305]
 -6 [ 8 336:336]

Vehicle: 604  Cost: 31.84
Route: 6 58 128 80 89 -6 
  6 [ 8  27: 42]
 58 [ 6  53: 58]
128 [ 8 300:305]
 80 [ 4 305:310]
 89 [ 2 320:325]
 -6 [ 2 331:331]

Vehicle: 605  Cost: 122.84
Route: 6 26 40 79 127 115 54 124 -6 
  6 [10  27: 42]
 26 [ 8  54: 59]
 40 [ 4  82: 87]
 79 [ 3 103:108]
127 [ 4 108:113]
115 [ 8 120:125]
 54 [ 5 161:166]
124 [ 7 300:305]
 -6 [ 7 321:321]

Vehicle: 606  Cost: 36.49
Route: 6 42 110 43 81 130 -6 
  6 [ 8  27: 42]
 42 [ 4  54: 59]
110 [ 8 420:425]
 43 [ 5 425:430]
 81 [ 4 446:451]
130 [ 7 451:456]
 -6 [ 7 459:459]

Vehicle: 801  Cost: 48.10
Route: 8 25 96 75 78 132 -8 
  8 [ 6  61:167]
 25 [ 5 180:185]
 96 [ 9 185:190]
 75 [ 7 199:204]
 78 [ 4 420:425]
132 [ 8 438:443]
 -8 [ 8 455:455]

Vehicle: 802  Cost: 51.51
Route: 8 66 11 101 31 47 -8 
  8 [10  61: 76]
 66 [ 9  84: 89]
 11 [ 6 300:305]
101 [ 9 326:331]
 31 [ 6 331:336]
 47 [ 3 420:425]
 -8 [ 3 427:427]

Vehicle: 803  Cost: 64.87
Route: 8 19 27 74 104 33 -8 
  8 [ 8  61:161]
 19 [ 7 180:185]
 27 [ 4 190:195]
 74 [ 3 207:212]
104 [ 4 420:425]
 33 [ 1 425:430]
 -8 [ 1 453:453]

Vehicle: 804  Cost: 125.87
Route: 8 56 125 10 120 17 88 -8 
  8 [10  61: 76]
 56 [ 7 100:105]
125 [ 8 122:127]
 10 [ 7 152:157]
120 [ 9 300:305]
 17 [ 6 318:323]
 88 [ 3 420:425]
 -8 [ 3 459:459]

Vehicle: 808  Cost: 87.20
Route: 8 52 135 14 98 62 23 87 -8 
  8 [10  61:167]
 52 [ 9 180:185]
135 [10 196:201]
 14 [ 6 210:215]
 98 [ 8 226:231]
 62 [ 7 300:305]
 23 [ 5 311:316]
 87 [ 3 330:335]
 -8 [ 3 354:354]

Vehicle: 901  Cost: 40.54
Route: 9 53 48 105 106 36 -9 
  9 [10  75: 90]
 53 [ 6 107:112]
 48 [ 3 300:305]
105 [ 7 316:321]
106 [ 8 329:334]
 36 [ 5 334:339]
 -9 [ 5 342:342]

Vehicle: 902  Cost: 33.18
Route: 9 63 41 108 61 16 94 21 -9 
  9 [ 8  75: 90]
 63 [ 6  96:101]
 41 [ 4 109:114]
108 [ 7 114:119]
 61 [ 6 123:128]
 16 [ 5 180:185]
 94 [ 9 420:425]
 21 [ 7 425:430]
 -9 [ 7 436:436]

Total Cost: 1848.01
 11:50.00, 33:75 [1, 2, -2, -1]
 13:145.65, 58:75 [1, 5, 9, 4, -4, -9, -2, -1]
 14:54.41, 54:75 [1, 6, -6, -1]
 16:123.26, 44:75 [1, 8, -8, -6, -1]
201:96.92, 10:10 [2, 117, 60, 15, 92, 51, 99, 35, -2]
203:58.63, 9:10 [2, 107, 123, 13, 30, -2]
204:104.52, 10:10 [2, 68, 97, 46, 103, 32, -2]
205:56.40, 10:10 [2, 67, 119, 85, 34, 55, 116, 91, 95, -2]
402:44.99, 9:10 [4, 37, 28, 57, -4]
403:38.00, 7:10 [4, 83, 76, 118, 65, -4]
404:94.62, 10:10 [4, 18, 109, 73, 93, 45, 111, 38, 59, 82, 131, 102, -4]
405:90.30, 10:10 [4, 69, 121, 49, 112, 20, 24, -4]
501:25.35, 4:10 [5, 71, 84, 72, -5]
601:71.51, 10:10 [6, 64, 100, 29, 90, 134, 12, -6]
602:65.87, 10:10 [6, 39, 70, 122, 114, 50, 113, -6]
603:85.15, 10:10 [6, 44, 133, 86, 22, 77, 126, 129, -6]
604:31.84, 8:10 [6, 58, 128, 80, 89, -6]
605:122.84, 10:10 [6, 26, 40, 79, 127, 115, 54, 124, -6]
606:36.49, 8:10 [6, 42, 110, 43, 81, 130, -6]
801:48.10, 9:10 [8, 25, 96, 75, 78, 132, -8]
802:51.51, 10:10 [8, 66, 11, 101, 31, 47, -8]
803:64.87, 8:10 [8, 19, 27, 74, 104, 33, -8]
804:125.87, 10:10 [8, 56, 125, 10, 120, 17, 88, -8]
808:87.20, 10:10 [8, 52, 135, 14, 98, 62, 23, 87, -8]
901:40.54, 10:10 [9, 53, 48, 105, 106, 36, -9]
902:33.18, 9:10 [9, 63, 41, 108, 61, 16, 94, 21, -9]
fe: 4, se: 22

!ALNS------------
100000,1848.0066272878526,691.933,373.84,4,22,0.63,0.9136363636363637,31.5,5.7272727272727275
17 15 15 11 0 1 5 0 
8.452880438381177 18.630019326797893 8.344522008760272 10.762678871605651 35.90511691636866 22.104206883619767 14.73112658611728 23.906450684205602 
10 7 5 7 6 6 14 9 
13.827227405925717 13.728782836851613 12.094892492877237 12.506504005799972 14.32033948760625 12.914929524637936 12.46300245109572 13.518832212883463 

x[318] = 1.0
Vehicle: 16  Cost: 122.54
Route: 1 8 -8 -1 
 1 [ 51   0:  0 [11, 50, 27, 52, 74, 43, 62, 66, 78, 14, 25, 88, 19, 75, 10, 47, 70, 17, 33, 31, 56, 23, 87]]
 8 [  0  61: 61 []]
-8 [ 37  61:517 [110, 120, 132, 135, 109, 96, 104, 98, 114, 101, 122, 113, 94, 125]]
-1 [ 37 578:578 [110, 120, 132, 135, 109, 96, 104, 98, 114, 101, 122, 113, 94, 125]]

x[2882] = 1.0
Vehicle: 14  Cost: 54.41
Route: 1 6 -6 -1 
 1 [ 39   0:  0 [81, 29, 42, 64, 44, 12, 22, 39, 26, 86, 77, 80, 58, 89, 90]]
 6 [  0  27: 27 []]
-6 [ 22  27:377 [134, 126, 100, 128, 129, 133, 130, 122]]
-1 [ 22 404:404 [134, 126, 100, 128, 129, 133, 130, 122]]

x[5765] = 1.0
Vehicle: 11  Cost: 50.00
Route: 1 2 -2 -1 
 1 [ 42   0:  0 [55, 79, 32, 35, 40, 61, 15, 67, 51, 68, 85, 30, 41, 16, 13, 34, 60, 46]]
 2 [  0  25: 25 []]
-2 [ 25  25:395 [92, 103, 97, 99, 119, 107, 108, 115, 123, 127, 117]]
-1 [ 25 420:420 [92, 103, 97, 99, 119, 107, 108, 115, 123, 127, 117]]

x[6050] = 1.0
Vehicle: 13  Cost: 139.49
Route: 1 9 4 -4 -9 -2 -1 
 1 [ 57   0:  0 [36, 18, 71, 82, 53, 69, 49, 48, 21, 45, 73, 65, 72, 63, 84, 76, 57, 83, 24, 59, 37, 20, 54, 38, 28]]
 9 [ 40  54: 69 [18, 71, 82, 69, 49, 45, 73, 65, 72, 84, 76, 57, 83, 24, 59, 37, 20, 38, 28]]
 4 [  0  85: 85 []]
-4 [ 16  85:478 [121, 93, 102, 131, 118, 112, 109, 111]]
-9 [ 25 494:509 [121, 93, 102, 94, 131, 118, 112, 106, 105, 109, 111]]
-2 [ 35 537:552 [116, 121, 95, 93, 102, 124, 94, 131, 118, 112, 106, 91, 105, 109, 111]]
-1 [ 35 577:577 [116, 121, 95, 93, 102, 124, 94, 131, 118, 112, 106, 91, 105, 109, 111]]

y[398] = 1.0
Vehicle: 202  Cost: 101.04
Route: 2 40 108 41 61 127 79 115 16 -2 
  2 [ 9  25: 40]
 40 [ 5  68: 73]
108 [ 8  82: 87]
 41 [ 6  87: 92]
 61 [ 5  95:100]
127 [ 6 105:110]
 79 [ 5 110:115]
115 [ 9 123:128]
 16 [ 8 180:185]
 -2 [ 8 223:223]

y[650] = 1.0
Vehicle: 903  Cost: 44.76
Route: 9 54 53 48 105 -9 
  9 [10 156:171]
 54 [ 7 190:195]
 53 [ 3 203:208]
 48 [ 0 300:305]
105 [ 4 316:321]
 -9 [ 4 327:327]

y[1127] = 1.0
Vehicle: 403  Cost: 83.42
Route: 4 84 71 72 76 28 57 -4 
  4 [10 106:121]
 84 [ 9 142:147]
 71 [ 8 151:156]
 72 [ 6 180:185]
 76 [ 5 300:305]
 28 [ 4 326:331]
 57 [ 0 333:338]
 -4 [ 0 359:359]

y[3111] = 1.0
Vehicle: 405  Cost: 90.30
Route: 4 69 121 49 112 20 24 -4 
  4 [10 106:121]
 69 [ 7 143:148]
121 [10 148:153]
 49 [ 7 168:173]
112 [ 9 173:178]
 20 [ 6 183:188]
 24 [ 5 420:425]
 -4 [ 5 463:463]

y[3232] = 1.0
Vehicle: 901  Cost: 19.40
Route: 9 63 94 21 106 36 -9 
  9 [ 7  75: 90]
 63 [ 5  96:101]
 94 [ 9 420:425]
 21 [ 7 425:430]
106 [ 8 438:443]
 36 [ 5 443:448]
 -9 [ 5 451:451]

y[4252] = 1.0
Vehicle: 804  Cost: 125.87
Route: 8 56 125 10 120 17 88 -8 
  8 [10 205:220]
 56 [ 7 244:249]
125 [ 8 266:271]
 10 [ 7 296:301]
120 [ 9 306:311]
 17 [ 6 324:329]
 88 [ 3 420:425]
 -8 [ 3 459:459]

y[4270] = 1.0
Vehicle: 808  Cost: 87.20
Route: 8 52 135 14 98 62 23 87 -8 
  8 [10 205:220]
 52 [ 9 233:238]
135 [10 249:254]
 14 [ 6 263:268]
 98 [ 8 279:284]
 62 [ 7 300:305]
 23 [ 5 311:316]
 87 [ 3 330:335]
 -8 [ 3 354:354]

y[4539] = 1.0
Vehicle: 404  Cost: 94.62
Route: 4 18 109 73 93 45 111 38 59 82 131 102 -4 
  4 [10 106:121]
 18 [ 9 130:135]
109 [10 153:158]
 73 [ 6 180:185]
 93 [ 9 300:305]
 45 [ 8 309:314]
111 [10 314:319]
 38 [ 8 334:339]
 59 [ 7 420:425]
 82 [ 6 431:436]
131 [ 8 436:441]
102 [10 444:449]
 -4 [10 452:452]

y[5291] = 1.0
Vehicle: 601  Cost: 71.51
Route: 6 64 29 100 90 134 12 -6 
  6 [10 132:147]
 64 [ 8 168:173]
 29 [ 7 181:186]
100 [ 8 186:191]
 90 [ 5 300:305]
134 [ 9 305:310]
 12 [ 5 328:333]
 -6 [ 5 352:352]

y[6204] = 1.0
Vehicle: 803  Cost: 68.69
Route: 8 70 122 33 104 11 -8 
  8 [ 9  61: 76]
 70 [ 6  96:101]
122 [10 101:106]
 33 [ 7 420:425]
104 [ 8 425:430]
 11 [ 5 440:445]
 -8 [ 5 461:461]

y[6553] = 1.0
Vehicle: 801  Cost: 48.10
Route: 8 25 96 75 78 132 -8 
  8 [ 6 150:167]
 25 [ 5 180:185]
 96 [ 9 185:190]
 75 [ 7 199:204]
 78 [ 4 420:425]
132 [ 8 438:443]
 -8 [ 8 455:455]

y[6694] = 1.0
Vehicle: 201  Cost: 98.58
Route: 2 123 68 46 103 32 -2 
  2 [ 9  25: 40]
123 [10  66: 71]
 68 [ 8 180:185]
 46 [ 4 300:305]
103 [ 8 321:326]
 32 [ 5 326:331]
 -2 [ 5 364:364]

y[6921] = 1.0
Vehicle: 204  Cost: 36.98
Route: 2 67 119 85 35 -2 
  2 [ 9  25: 40]
 67 [ 5  49: 54]
119 [ 7  54: 59]
 85 [ 6  63: 68]
 35 [ 2 300:305]
 -2 [ 2 313:313]

y[7115] = 1.0
Vehicle: 402  Cost: 35.81
Route: 4 83 37 65 118 -4 
  4 [10  81:172]
 83 [ 7 180:185]
 37 [ 3 196:201]
 65 [ 0 300:305]
118 [ 1 305:310]
 -4 [ 1 319:319]

y[7222] = 1.0
Vehicle: 604  Cost: 40.53
Route: 6 44 58 128 80 -6 
  6 [10  27: 42]
 44 [ 6  48: 53]
 58 [ 4  67: 72]
128 [ 6 300:305]
 80 [ 2 305:310]
 -6 [ 2 325:325]

y[7975] = 1.0
Vehicle: 602  Cost: 36.04
Route: 6 39 26 89 130 81 -6 
  6 [ 9  27: 42]
 39 [ 5  54: 59]
 26 [ 3  69: 74]
 89 [ 1 300:305]
130 [ 4 309:314]
 81 [ 3 314:319]
 -6 [ 3 323:323]

y[7981] = 1.0
Vehicle: 205  Cost: 78.49
Route: 2 30 13 34 116 55 91 95 124 -2 
  2 [10  25:283]
 30 [ 7 300:305]
 13 [ 3 318:323]
 34 [ 2 420:425]
116 [ 6 429:434]
 55 [ 4 434:439]
 91 [ 7 448:453]
 95 [ 8 462:467]
124 [10 474:479]
 -2 [10 487:487]

y[8497] = 1.0
Vehicle: 201  Cost: 113.88
Route: 2 117 60 107 97 15 92 51 99 -2 
  2 [ 5  25: 40]
117 [ 6  46: 51]
 60 [ 5  51: 56]
107 [ 6  70: 75]
 97 [ 9  94: 99]
 15 [ 7 300:305]
 92 [10 305:310]
 51 [ 8 323:328]
 99 [10 347:352]
 -2 [10 374:374]

y[11534] = 1.0
Vehicle: 603  Cost: 76.78
Route: 6 42 86 133 22 77 126 129 -6 
  6 [10 132:147]
 42 [ 6 158:163]
 86 [ 4 168:173]
133 [ 7 173:178]
 22 [ 5 186:191]
 77 [ 3 208:213]
126 [ 7 213:218]
129 [ 8 300:305]
 -6 [ 8 336:336]

y[12034] = 1.0
Vehicle: 802  Cost: 20.30
Route: 8 101 31 47 -8 
  8 [ 6  61:292]
101 [ 9 300:305]
 31 [ 6 305:310]
 47 [ 3 420:425]
 -8 [ 3 427:427]

y[12917] = 1.0
Vehicle: 806  Cost: 99.27
Route: 8 66 74 27 19 114 113 50 43 110 -8 
  8 [10  61: 76]
 66 [ 9  84: 89]
 74 [ 8 108:113]
 27 [ 5 125:130]
 19 [ 4 180:185]
114 [ 6 300:305]
113 [10 311:316]
 50 [ 9 316:321]
 43 [ 6 420:425]
110 [10 425:430]
 -8 [10 456:456]

FE: 4
SE: 21
!MIP-----
1838.017183093136,5400.461621999741,0.017601177526545084,4,21,6675,13012

Run: 3
Total Cost: 1866.20
Vehicle: 11  Cost: 50.00
Route: 1 2 -2 -1 
 1 [ 29   0:  0 [85, 60, 13, 34, 46, 30, 67, 55, 68, 35, 32]]
 2 [  0  25: 25 []]
-2 [ 19  25:379 [103, 116, 91, 97, 117, 119, 123, 107]]
-1 [ 19 404:404 [103, 116, 91, 97, 117, 119, 123, 107]]

Vehicle: 14  Cost: 54.41
Route: 1 6 -6 -1 
 1 [ 50   0:  0 [79, 26, 42, 39, 90, 77, 44, 64, 22, 12, 70, 58, 29, 86, 61, 81, 89, 40, 80, 41]]
 6 [  0  27: 27 []]
-6 [ 28  27:367 [134, 100, 133, 126, 122, 127, 108, 130, 115, 129]]
-1 [ 28 394:394 [134, 100, 133, 126, 122, 127, 108, 130, 115, 129]]

Vehicle: 16  Cost: 139.45
Route: 1 9 4 -4 -9 -1 
 1 [ 62   0:  0 [48, 18, 36, 37, 84, 45, 53, 24, 71, 73, 83, 65, 16, 76, 15, 21, 49, 38, 54, 63, 82, 72, 28, 51, 57, 59, 20, 69]]
 9 [ 44  54: 69 [18, 37, 84, 45, 24, 71, 73, 83, 65, 76, 15, 49, 38, 82, 72, 28, 51, 57, 59, 20, 69]]
 4 [  0  85: 85 []]
-4 [ 21  85:501 [112, 93, 131, 109, 121, 99, 118, 111, 92, 102]]
-9 [ 30 517:532 [112, 93, 131, 109, 121, 99, 94, 118, 111, 92, 102, 105, 106]]
-1 [ 30 586:586 [112, 93, 131, 109, 121, 99, 94, 118, 111, 92, 102, 105, 106]]

Vehicle: 17  Cost: 123.26
Route: 1 8 -8 -6 -1 
 1 [ 48   0:  0 [17, 78, 27, 10, 25, 56, 33, 88, 23, 50, 75, 11, 19, 43, 14, 62, 74, 87, 52, 66, 31, 47]]
 8 [  0  61: 61 []]
-8 [ 28  61:476 [110, 135, 125, 98, 113, 114, 132, 120, 104, 96, 101]]
-6 [ 33 511:526 [128, 110, 135, 95, 125, 98, 113, 114, 132, 120, 104, 96, 124, 101]]
-1 [ 33 553:553 [128, 110, 135, 95, 125, 98, 113, 114, 132, 120, 104, 96, 124, 101]]

Vehicle: 201  Cost: 72.77
Route: 2 117 60 107 123 13 55 116 91 -2 
  2 [ 7  25: 40]
117 [ 8  46: 51]
 60 [ 7  51: 56]
107 [ 8  70: 75]
123 [ 9  85: 90]
 13 [ 5 300:305]
 55 [ 3 321:326]
116 [ 7 326:331]
 91 [10 340:345]
 -2 [10 362:362]

Vehicle: 202  Cost: 104.52
Route: 2 68 97 46 32 103 -2 
  2 [ 9  25:142]
 68 [ 7 180:185]
 97 [10 193:198]
 46 [ 6 300:305]
 32 [ 3 321:326]
103 [ 7 326:331]
 -2 [ 7 364:364]

Vehicle: 203  Cost: 18.87
Route: 2 119 67 -2 
  2 [ 4  25: 40]
119 [ 6  49: 54]
 67 [ 2  54: 59]
 -2 [ 2  69: 69]

Vehicle: 204  Cost: 60.33
Route: 2 85 34 30 35 -2 
  2 [ 9  25: 40]
 85 [ 8  49: 54]
 34 [ 7 420:425]
 30 [ 4 441:446]
 35 [ 0 464:469]
 -2 [ 0 477:477]

Vehicle: 401  Cost: 103.18
Route: 4 84 71 72 99 92 15 51 76 -4 
  4 [ 9  85:100]
 84 [ 8 121:126]
 71 [ 7 130:135]
 72 [ 5 180:185]
 99 [ 7 300:305]
 92 [10 332:337]
 15 [ 8 337:342]
 51 [ 6 355:360]
 76 [ 5 374:379]
 -4 [ 5 393:393]

Vehicle: 402  Cost: 63.30
Route: 4 49 112 69 121 57 -4 
  4 [10  85:100]
 49 [ 7 124:129]
112 [ 9 129:134]
 69 [ 6 149:154]
121 [ 9 154:159]
 57 [ 5 300:305]
 -4 [ 5 326:326]

Vehicle: 404  Cost: 42.87
Route: 4 37 28 118 65 -4 
  4 [ 8  85:167]
 37 [ 4 180:185]
 28 [ 3 300:305]
118 [ 4 317:322]
 65 [ 1 322:327]
 -4 [ 1 336:336]

Vehicle: 405  Cost: 113.73
Route: 4 18 109 73 20 24 93 111 45 -4 
  4 [10  85:100]
 18 [ 9 109:114]
109 [10 132:137]
 73 [ 6 159:164]
 20 [ 3 172:177]
 24 [ 2 420:425]
 93 [ 5 441:446]
111 [ 7 450:455]
 45 [ 6 455:460]
 -4 [ 6 486:486]

Vehicle: 408  Cost: 46.41
Route: 4 83 102 82 131 38 59 -4 
  4 [ 7  85:172]
 83 [ 4 180:185]
102 [ 6 300:305]
 82 [ 5 308:313]
131 [ 7 313:318]
 38 [ 5 328:333]
 59 [ 4 420:425]
 -4 [ 4 434:434]

Vehicle: 601  Cost: 71.51
Route: 6 64 29 100 90 134 12 -6 
  6 [10  27: 42]
 64 [ 8  63: 68]
 29 [ 7  76: 81]
100 [ 8  81: 86]
 90 [ 5 300:305]
134 [ 9 305:310]
 12 [ 5 328:333]
 -6 [ 5 352:352]

Vehicle: 603  Cost: 116.70
Route: 6 40 115 79 127 61 41 108 26 -6 
  6 [10  27: 42]
 40 [ 6  77: 82]
115 [10 105:110]
 79 [ 9 118:123]
127 [10 123:128]
 61 [ 9 133:138]
 41 [ 7 141:146]
108 [10 146:151]
 26 [ 8 182:187]
 -6 [ 8 199:199]

Vehicle: 604  Cost: 62.88
Route: 6 39 122 70 89 130 81 -6 
  6 [10  27: 42]
 39 [ 6  54: 59]
122 [10  76: 81]
 70 [ 7  81: 86]
 89 [ 5 300:305]
130 [ 8 309:314]
 81 [ 7 314:319]
 -6 [ 7 323:323]

Vehicle: 605  Cost: 52.32
Route: 6 44 58 80 128 124 95 -6 
  6 [10  27: 42]
 44 [ 6  48: 53]
 58 [ 4  67: 72]
 80 [ 0 300:305]
128 [ 2 305:310]
124 [ 4 317:322]
 95 [ 5 420:425]
 -6 [ 5 437:437]

Vehicle: 606  Cost: 76.78
Route: 6 42 86 133 22 126 77 129 -6 
  6 [10  27: 42]
 42 [ 6  54: 59]
 86 [ 4  64: 69]
133 [ 7  69: 74]
 22 [ 5  81: 86]
126 [ 9 180:185]
 77 [ 7 185:190]
129 [ 8 300:305]
 -6 [ 8 336:336]

Vehicle: 801  Cost: 81.13
Route: 8 19 27 114 50 113 43 110 -8 
  8 [ 8  61:161]
 19 [ 7 180:185]
 27 [ 4 190:195]
114 [ 6 300:305]
 50 [ 5 311:316]
113 [ 9 316:321]
 43 [ 6 420:425]
110 [10 425:430]
 -8 [10 456:456]

Vehicle: 802  Cost: 87.20
Route: 8 52 135 14 98 62 23 87 -8 
  8 [10  61:167]
 52 [ 9 180:185]
135 [10 196:201]
 14 [ 6 210:215]
 98 [ 8 226:231]
 62 [ 7 300:305]
 23 [ 5 311:316]
 87 [ 3 330:335]
 -8 [ 3 354:354]

Vehicle: 803  Cost: 59.04
Route: 8 66 74 104 33 11 -8 
  8 [ 8  61: 76]
 66 [ 7  84: 89]
 74 [ 6 108:113]
104 [ 7 420:425]
 33 [ 4 425:430]
 11 [ 1 440:445]
 -8 [ 1 461:461]

Vehicle: 804  Cost: 48.10
Route: 8 96 25 75 78 132 -8 
  8 [ 6  61:167]
 96 [10 180:185]
 25 [ 9 185:190]
 75 [ 7 199:204]
 78 [ 4 420:425]
132 [ 8 438:443]
 -8 [ 8 455:455]

Vehicle: 805  Cost: 125.87
Route: 8 56 125 10 120 17 88 -8 
  8 [10  61: 76]
 56 [ 7 100:105]
125 [ 8 122:127]
 10 [ 7 152:157]
120 [ 9 300:305]
 17 [ 6 318:323]
 88 [ 3 420:425]
 -8 [ 3 459:459]

Vehicle: 806  Cost: 20.30
Route: 8 47 101 31 -8 
  8 [ 6  61:418]
 47 [ 3 420:425]
101 [ 6 435:440]
 31 [ 3 440:445]
 -8 [ 3 453:453]

Vehicle: 901  Cost: 26.52
Route: 9 63 16 21 94 106 36 -9 
  9 [ 8  54: 69]
 63 [ 6  75: 80]
 16 [ 5 180:185]
 21 [ 3 420:425]
 94 [ 7 425:430]
106 [ 8 438:443]
 36 [ 5 443:448]
 -9 [ 5 451:451]

Vehicle: 902  Cost: 44.76
Route: 9 54 53 48 105 -9 
  9 [10  54: 69]
 54 [ 7  87: 92]
 53 [ 3 100:105]
 48 [ 0 300:305]
105 [ 4 316:321]
 -9 [ 4 327:327]

Total Cost: 1866.20
 11:50.00, 29:75 [1, 2, -2, -1]
 14:54.41, 50:75 [1, 6, -6, -1]
 16:139.45, 62:75 [1, 9, 4, -4, -9, -1]
 17:123.26, 48:75 [1, 8, -8, -6, -1]
201:72.77, 10:10 [2, 117, 60, 107, 123, 13, 55, 116, 91, -2]
202:104.52, 10:10 [2, 68, 97, 46, 32, 103, -2]
203:18.87, 6:10 [2, 119, 67, -2]
204:60.33, 9:10 [2, 85, 34, 30, 35, -2]
401:103.18, 10:10 [4, 84, 71, 72, 99, 92, 15, 51, 76, -4]
402:63.30, 10:10 [4, 49, 112, 69, 121, 57, -4]
404:42.87, 8:10 [4, 37, 28, 118, 65, -4]
405:113.73, 10:10 [4, 18, 109, 73, 20, 24, 93, 111, 45, -4]
408:46.41, 7:10 [4, 83, 102, 82, 131, 38, 59, -4]
601:71.51, 10:10 [6, 64, 29, 100, 90, 134, 12, -6]
603:116.70, 10:10 [6, 40, 115, 79, 127, 61, 41, 108, 26, -6]
604:62.88, 10:10 [6, 39, 122, 70, 89, 130, 81, -6]
605:52.32, 10:10 [6, 44, 58, 80, 128, 124, 95, -6]
606:76.78, 10:10 [6, 42, 86, 133, 22, 126, 77, 129, -6]
801:81.13, 10:10 [8, 19, 27, 114, 50, 113, 43, 110, -8]
802:87.20, 10:10 [8, 52, 135, 14, 98, 62, 23, 87, -8]
803:59.04, 8:10 [8, 66, 74, 104, 33, 11, -8]
804:48.10, 10:10 [8, 96, 25, 75, 78, 132, -8]
805:125.87, 10:10 [8, 56, 125, 10, 120, 17, 88, -8]
806:20.30, 6:10 [8, 47, 101, 31, -8]
901:26.52, 8:10 [9, 63, 16, 21, 94, 106, 36, -9]
902:44.76, 10:10 [9, 54, 53, 48, 105, -9]
fe: 4, se: 22

!ALNS------------
100000,1866.1979232746658,753.686,175.393,4,22,0.63,0.9181818181818182,31.5,5.7272727272727275
14 14 10 4 0 1 5 0 
8.78294055205582 19.348143685012676 8.680200832454016 13.211587145119505 37.34224207272071 26.6925914021842 13.320487173685548 17.3699307650425 
6 4 8 7 7 8 4 4 
13.692024701892192 12.704850688774183 13.70402635455377 12.739788825514664 12.839882299092382 13.268925281747535 13.671849804082672 13.283388152238283 

x[786] = 1.0
Vehicle: 11  Cost: 50.00
Route: 1 2 -2 -1 
 1 [ 29   0:  0 [60, 68, 32, 13, 67, 85, 55, 46, 35, 34, 30]]
 2 [  0  25: 25 []]
-2 [ 19  25:395 [97, 117, 119, 116, 123, 103, 107, 91]]
-1 [ 19 420:420 [97, 117, 119, 116, 123, 103, 107, 91]]

x[1525] = 1.0
Vehicle: 16  Cost: 139.49
Route: 1 9 4 -4 -9 -2 -1 
 1 [ 62   0:  0 [24, 28, 76, 63, 49, 20, 45, 71, 54, 73, 53, 15, 21, 57, 16, 48, 51, 83, 59, 72, 18, 38, 82, 37, 36, 65, 69, 84]]
 9 [ 44  54: 69 [24, 28, 76, 49, 20, 45, 71, 73, 15, 57, 51, 83, 59, 72, 18, 38, 82, 37, 65, 69, 84]]
 4 [  0  85: 85 []]
-4 [ 21  85:493 [131, 109, 111, 93, 92, 99, 102, 118, 112, 121]]
-9 [ 30 509:524 [131, 109, 111, 93, 94, 92, 99, 102, 118, 112, 121, 106, 105]]
-2 [ 40 552:567 [131, 109, 111, 93, 92, 99, 94, 91, 116, 102, 118, 112, 121, 106, 95, 105, 124]]
-1 [ 40 592:592 [131, 109, 111, 93, 94, 92, 99, 91, 116, 102, 118, 112, 121, 106, 95, 105, 124]]

x[5752] = 1.0
Vehicle: 17  Cost: 123.26
Route: 1 8 -8 -6 -1 
 1 [ 47   0:  0 [33, 17, 75, 23, 87, 78, 14, 52, 31, 27, 19, 70, 10, 62, 47, 66, 25, 11, 56, 74, 88]]
 8 [  0  61: 61 []]
-8 [ 22  61:508 [122, 135, 104, 101, 125, 132, 96, 120, 98]]
-6 [ 41 543:558 [122, 113, 134, 135, 104, 110, 101, 125, 132, 96, 120, 128, 95, 124, 114, 98]]
-1 [ 41 585:585 [122, 113, 134, 135, 104, 110, 101, 125, 132, 96, 120, 128, 95, 124, 114, 98]]

x[6819] = 1.0
Vehicle: 14  Cost: 54.41
Route: 1 6 -6 -1 
 1 [ 51   0:  0 [40, 50, 90, 79, 77, 29, 80, 12, 43, 64, 81, 41, 86, 42, 22, 61, 39, 26, 58, 44, 89]]
 6 [  0  27: 27 []]
-6 [ 30  27:390 [108, 129, 127, 130, 126, 134, 113, 114, 115, 100, 133]]
-1 [ 30 417:417 [108, 129, 127, 130, 126, 134, 113, 114, 115, 100, 133]]

y[365] = 1.0
Vehicle: 401  Cost: 103.18
Route: 4 84 71 72 99 92 15 51 76 -4 
  4 [ 9 110:125]
 84 [ 8 146:151]
 71 [ 7 155:160]
 72 [ 5 180:185]
 99 [ 7 300:305]
 92 [10 332:337]
 15 [ 8 337:342]
 51 [ 6 355:360]
 76 [ 5 374:379]
 -4 [ 5 393:393]

y[843] = 1.0
Vehicle: 602  Cost: 76.78
Route: 6 42 86 133 22 77 126 129 -6 
  6 [10 199:214]
 42 [ 6 225:230]
 86 [ 4 235:240]
133 [ 7 240:245]
 22 [ 5 253:258]
 77 [ 3 274:279]
126 [ 7 279:284]
129 [ 8 300:305]
 -6 [ 8 336:336]

y[1763] = 1.0000000000008131
Vehicle: 901  Cost: 26.52
Route: 9 63 16 94 21 36 106 -9 
  9 [ 8 145:160]
 63 [ 6 166:171]
 16 [ 5 180:185]
 94 [ 9 420:425]
 21 [ 7 425:430]
 36 [ 4 438:443]
106 [ 5 443:448]
 -9 [ 5 451:451]

y[3590] = 1.0
Vehicle: 205  Cost: 34.05
Route: 2 67 119 35 -2 
  2 [ 8 221:236]
 67 [ 4 246:251]
119 [ 6 251:256]
 35 [ 2 300:305]
 -2 [ 2 313:313]

y[3651] = 1.0
Vehicle: 605  Cost: 33.64
Route: 6 58 128 80 89 81 130 -6 
  6 [ 9  27: 42]
 58 [ 7  53: 58]
128 [ 9 300:305]
 80 [ 5 305:310]
 89 [ 3 320:325]
 81 [ 2 329:334]
130 [ 5 334:339]
 -6 [ 5 342:342]

y[4231] = 1.0
Vehicle: 802  Cost: 20.30
Route: 8 47 31 101 -8 
  8 [ 6 130:418]
 47 [ 3 420:425]
 31 [ 0 435:440]
101 [ 3 440:445]
 -8 [ 3 453:453]

y[5680] = 1.0
Vehicle: 803  Cost: 59.04
Route: 8 66 74 33 104 11 -8 
  8 [ 8 204:219]
 66 [ 7 227:232]
 74 [ 6 251:256]
 33 [ 3 420:425]
104 [ 4 425:430]
 11 [ 1 440:445]
 -8 [ 1 461:461]

y[5694] = 1.0
Vehicle: 805  Cost: 61.89
Route: 8 70 122 27 19 -8 
  8 [ 7  61: 76]
 70 [ 4  96:101]
122 [ 8 101:106]
 27 [ 5 124:129]
 19 [ 4 180:185]
 -8 [ 4 204:204]

y[5719] = 1.0
Vehicle: 408  Cost: 33.23
Route: 4 83 37 -4 
  4 [ 7 121:172]
 83 [ 4 180:185]
 37 [ 0 196:201]
 -4 [ 0 215:215]

y[7256] = 1.0
Vehicle: 202  Cost: 104.52
Route: 2 68 97 46 103 32 -2 
  2 [ 9 226:241]
 68 [ 7 279:284]
 97 [10 292:297]
 46 [ 6 306:311]
103 [10 327:332]
 32 [ 7 332:337]
 -2 [ 7 370:370]

y[7257] = 1.0
Vehicle: 603  Cost: 12.00
Route: 6 44 -6 
  6 [ 4  27: 42]
 44 [ 0  48: 53]
 -6 [ 0  59: 59]

y[7904] = 0.9999999999993031
Vehicle: 405  Cost: 94.62
Route: 4 18 109 73 93 45 111 38 59 82 131 102 -4 
  4 [10  85:100]
 18 [ 9 109:114]
109 [10 132:137]
 73 [ 6 159:164]
 93 [ 9 300:305]
 45 [ 8 309:314]
111 [10 314:319]
 38 [ 8 334:339]
 59 [ 7 420:425]
 82 [ 6 431:436]
131 [ 8 436:441]
102 [10 444:449]
 -4 [10 452:452]

y[7962] = 1.0
Vehicle: 805  Cost: 125.87
Route: 8 56 125 10 120 17 88 -8 
  8 [10 200:215]
 56 [ 7 239:244]
125 [ 8 260:265]
 10 [ 7 291:296]
120 [ 9 301:306]
 17 [ 6 318:323]
 88 [ 3 420:425]
 -8 [ 3 459:459]

y[8653] = 1.0
Vehicle: 604  Cost: 64.06
Route: 6 39 114 113 50 43 110 -6 
  6 [ 8 197:212]
 39 [ 4 224:229]
114 [ 6 300:305]
113 [10 311:316]
 50 [ 9 316:321]
 43 [ 6 420:425]
110 [10 425:430]
 -6 [10 447:447]

y[8690] = 0.9999999999998839
Vehicle: 402  Cost: 79.55
Route: 4 49 112 20 24 65 118 -4 
  4 [10  85:100]
 49 [ 7 124:129]
112 [ 9 129:134]
 20 [ 6 139:144]
 24 [ 5 420:425]
 65 [ 2 455:460]
118 [ 3 460:465]
 -4 [ 3 474:474]

y[9171] = 1.0
Vehicle: 802  Cost: 87.20
Route: 8 52 135 14 98 62 23 87 -8 
  8 [10 156:171]
 52 [ 9 184:189]
135 [10 200:205]
 14 [ 6 214:219]
 98 [ 8 230:235]
 62 [ 7 300:305]
 23 [ 5 311:316]
 87 [ 3 330:335]
 -8 [ 3 354:354]

y[9226] = 1.0
Vehicle: 804  Cost: 48.10
Route: 8 96 25 75 78 132 -8 
  8 [ 6 200:215]
 96 [10 227:232]
 25 [ 9 232:237]
 75 [ 7 247:252]
 78 [ 4 420:425]
132 [ 8 438:443]
 -8 [ 8 455:455]

y[10073] = 1.0
Vehicle: 601  Cost: 71.51
Route: 6 64 29 100 90 134 12 -6 
  6 [10 187:202]
 64 [ 8 223:228]
 29 [ 7 236:241]
100 [ 8 241:246]
 90 [ 5 300:305]
134 [ 9 305:310]
 12 [ 5 328:333]
 -6 [ 5 352:352]

y[11134] = 1.0
Vehicle: 402  Cost: 47.92
Route: 4 69 121 57 28 -4 
  4 [ 8  85:100]
 69 [ 5 122:127]
121 [ 8 127:132]
 57 [ 4 300:305]
 28 [ 3 307:312]
 -4 [ 3 333:333]

y[11439] = 1.0
Vehicle: 903  Cost: 44.76
Route: 9 54 53 48 105 -9 
  9 [10 137:152]
 54 [ 7 171:176]
 53 [ 3 184:189]
 48 [ 0 300:305]
105 [ 4 316:321]
 -9 [ 4 327:327]

y[12900] = 1.0
Vehicle: 603  Cost: 116.70
Route: 6 40 115 79 127 61 41 108 26 -6 
  6 [10  27: 42]
 40 [ 6  77: 82]
115 [10 105:110]
 79 [ 9 118:123]
127 [10 123:128]
 61 [ 9 133:138]
 41 [ 7 141:146]
108 [10 146:151]
 26 [ 8 182:187]
 -6 [ 8 199:199]

y[13332] = 1.0
Vehicle: 201  Cost: 60.61
Route: 2 60 117 107 123 13 30 -2 
  2 [ 8 166:181]
 60 [ 7 187:192]
117 [ 8 192:197]
107 [ 9 211:216]
123 [10 225:230]
 13 [ 6 300:305]
 30 [ 3 318:323]
 -2 [ 3 340:340]

y[13938] = 1.0
Vehicle: 202  Cost: 55.22
Route: 2 85 34 116 55 91 95 124 -2 
  2 [ 4  25: 40]
 85 [ 3  49: 54]
 34 [ 2 420:425]
116 [ 6 429:434]
 55 [ 4 434:439]
 91 [ 7 448:453]
 95 [ 8 462:467]
124 [10 474:479]
 -2 [10 487:487]

FE: 4
SE: 23
!MIP-----
1828.4205688115355,4272.3109929561615,9.992223658939632E-5,4,23,8726,16418

Run: 4
Total Cost: 1917.83
Vehicle: 11  Cost: 54.41
Route: 1 6 -6 -1 
 1 [ 52   0:  0 [80, 67, 42, 39, 64, 22, 60, 81, 70, 58, 44, 86, 90, 29, 77, 89, 26, 35, 12, 85]]
 6 [  0  27: 27 []]
-6 [ 27  27:370 [119, 100, 117, 133, 122, 130, 129, 124, 134, 126, 107, 123]]
-1 [ 27 398:398 [119, 100, 117, 133, 122, 130, 129, 124, 134, 126, 107, 123]]

Vehicle: 13  Cost: 94.76
Route: 1 5 -5 -2 -1 
 1 [ 40   0:  0 [51, 83, 53, 84, 54, 73, 48, 32, 21, 76, 45, 46, 15, 59, 68, 72, 71, 24]]
 5 [  0  47: 47 []]
-5 [ 27  47:538 [93, 99, 92, 94, 105, 97, 109, 106, 111, 103]]
-2 [ 31 561:576 [116, 93, 99, 92, 94, 105, 97, 109, 106, 111, 103]]
-1 [ 31 601:601 [93, 99, 92, 94, 105, 97, 109, 106, 111, 116, 103]]

Vehicle: 15  Cost: 123.26
Route: 1 8 -8 -6 -1 
 1 [ 48   0:  0 [43, 33, 50, 19, 47, 14, 27, 75, 56, 10, 66, 31, 23, 25, 17, 88, 11, 62, 78, 87, 52, 74]]
 8 [  0  61: 61 []]
-8 [ 28  61:476 [104, 96, 113, 132, 120, 114, 101, 110, 98, 135, 125]]
-6 [ 34 511:526 [104, 96, 113, 132, 120, 114, 95, 101, 110, 98, 91, 135, 128, 125]]
-1 [ 34 553:553 [104, 96, 113, 132, 120, 114, 95, 101, 110, 98, 91, 135, 128, 125]]

Vehicle: 16  Cost: 135.56
Route: 1 2 9 4 -4 -1 
 1 [ 49   0:  0 [69, 55, 20, 16, 57, 65, 34, 28, 37, 41, 61, 63, 82, 18, 49, 79, 40, 30, 38, 13, 36]]
 2 [ 39  25: 40 [69, 20, 16, 57, 65, 28, 37, 41, 61, 63, 82, 18, 49, 79, 40, 38, 36]]
 9 [ 32  69: 84 [69, 20, 16, 57, 65, 28, 37, 41, 61, 63, 82, 18, 49, 79, 38]]
 4 [  0 100:100 []]
-4 [ 18 100:351 [118, 121, 131, 112, 102, 108, 115, 127]]
-1 [ 18 417:417 [118, 121, 131, 112, 102, 108, 115, 127]]

Vehicle: 202  Cost: 64.07
Route: 2 30 13 34 116 55 -2 
  2 [10  25:283]
 30 [ 7 300:305]
 13 [ 3 318:323]
 34 [ 2 420:425]
116 [ 6 429:434]
 55 [ 4 434:439]
 -2 [ 4 457:457]

Vehicle: 401  Cost: 61.03
Route: 4 63 108 41 61 127 79 16 115 18 -4 
  4 [ 8 100:115]
 63 [ 6 131:136]
108 [ 9 144:149]
 41 [ 7 149:154]
 61 [ 6 158:163]
127 [ 7 168:173]
 79 [ 6 173:178]
 16 [ 5 181:186]
115 [ 9 196:201]
 18 [ 8 207:212]
 -4 [ 8 221:221]

Vehicle: 402  Cost: 64.39
Route: 4 49 112 20 38 82 131 102 -4 
  4 [ 9 100:115]
 49 [ 6 139:144]
112 [ 8 144:149]
 20 [ 5 154:159]
 38 [ 3 300:305]
 82 [ 2 315:320]
131 [ 4 320:325]
102 [ 6 328:333]
 -4 [ 6 336:336]

Vehicle: 403  Cost: 29.27
Route: 4 37 65 118 -4 
  4 [ 7 100:167]
 37 [ 3 180:185]
 65 [ 0 300:305]
118 [ 1 305:310]
 -4 [ 1 319:319]

Vehicle: 404  Cost: 47.92
Route: 4 69 121 57 28 -4 
  4 [ 8 100:115]
 69 [ 5 137:142]
121 [ 8 142:147]
 57 [ 4 300:305]
 28 [ 3 307:312]
 -4 [ 3 333:333]

Vehicle: 501  Cost: 82.07
Route: 5 72 83 76 51 15 92 -5 
  5 [10  47:173]
 72 [ 8 180:185]
 83 [ 5 196:201]
 76 [ 4 300:305]
 51 [ 2 319:324]
 15 [ 0 337:342]
 92 [ 3 342:347]
 -5 [ 3 379:379]

Vehicle: 502  Cost: 154.46
Route: 5 71 109 73 24 93 111 45 59 21 94 -5 
  5 [10  47: 62]
 71 [ 9  70: 75]
109 [10 119:124]
 73 [ 6 146:151]
 24 [ 5 420:425]
 93 [ 8 441:446]
111 [10 450:455]
 45 [ 9 455:460]
 59 [ 8 480:485]
 21 [ 6 495:500]
 94 [10 500:505]
 -5 [10 523:523]

Vehicle: 503  Cost: 58.70
Route: 5 54 53 48 105 106 -5 
  5 [10  47: 62]
 54 [ 7  82: 87]
 53 [ 3  95:100]
 48 [ 0 300:305]
105 [ 4 316:321]
106 [ 5 329:334]
 -5 [ 5 344:344]

Vehicle: 504  Cost: 115.47
Route: 5 84 68 97 46 103 32 99 -5 
  5 [10  47: 62]
 84 [ 9  73: 78]
 68 [ 7 180:185]
 97 [10 193:198]
 46 [ 6 300:305]
103 [10 321:326]
 32 [ 7 326:331]
 99 [ 9 357:362]
 -5 [ 9 367:367]

Vehicle: 601  Cost: 69.65
Route: 6 58 128 80 95 91 12 -6 
  6 [10  27: 42]
 58 [ 8  53: 58]
128 [10 300:305]
 80 [ 6 305:310]
 95 [ 7 420:425]
 91 [10 434:439]
 12 [ 6 452:457]
 -6 [ 6 476:476]

Vehicle: 602  Cost: 107.29
Route: 6 29 100 64 22 126 77 129 90 134 -6 
  6 [10  27: 42]
 29 [ 9  67: 72]
100 [10  72: 77]
 64 [ 8  85: 90]
 22 [ 6 103:108]
126 [10 180:185]
 77 [ 8 185:190]
129 [ 9 300:305]
 90 [ 6 321:326]
134 [10 326:331]
 -6 [10 355:355]

Vehicle: 603  Cost: 12.00
Route: 6 44 -6 
  6 [ 4  27: 42]
 44 [ 0  48: 53]
 -6 [ 0  59: 59]

Vehicle: 604  Cost: 55.90
Route: 6 42 133 86 122 70 -6 
  6 [ 9  27: 42]
 42 [ 5  54: 59]
133 [ 8  64: 69]
 86 [ 6  69: 74]
122 [10  87: 92]
 70 [ 7  92: 97]
 -6 [ 7 123:123]

Vehicle: 605  Cost: 36.04
Route: 6 39 26 89 130 81 -6 
  6 [ 9  27: 42]
 39 [ 5  54: 59]
 26 [ 3  69: 74]
 89 [ 1 300:305]
130 [ 4 309:314]
 81 [ 3 314:319]
 -6 [ 3 323:323]

Vehicle: 607  Cost: 102.97
Route: 6 67 119 85 123 107 117 60 35 124 -6 
  6 [10  27: 42]
 67 [ 6  61: 66]
119 [ 8  66: 71]
 85 [ 7  74: 79]
123 [ 8 101:106]
107 [ 9 115:120]
117 [10 135:140]
 60 [ 9 140:145]
 35 [ 5 300:305]
124 [ 7 317:322]
 -6 [ 7 338:338]

Vehicle: 801  Cost: 48.10
Route: 8 25 96 75 78 132 -8 
  8 [ 6  61:167]
 25 [ 5 180:185]
 96 [ 9 185:190]
 75 [ 7 199:204]
 78 [ 4 420:425]
132 [ 8 438:443]
 -8 [ 8 455:455]

Vehicle: 802  Cost: 59.04
Route: 8 66 74 104 33 11 -8 
  8 [ 8  61: 76]
 66 [ 7  84: 89]
 74 [ 6 108:113]
104 [ 7 420:425]
 33 [ 4 425:430]
 11 [ 1 440:445]
 -8 [ 1 461:461]

Vehicle: 803  Cost: 20.30
Route: 8 47 101 31 -8 
  8 [ 6  61:418]
 47 [ 3 420:425]
101 [ 6 435:440]
 31 [ 3 440:445]
 -8 [ 3 453:453]

Vehicle: 804  Cost: 125.87
Route: 8 56 125 10 120 17 88 -8 
  8 [10  61: 76]
 56 [ 7 100:105]
125 [ 8 122:127]
 10 [ 7 152:157]
120 [ 9 300:305]
 17 [ 6 318:323]
 88 [ 3 420:425]
 -8 [ 3 459:459]

Vehicle: 805  Cost: 81.13
Route: 8 19 27 114 113 50 43 110 -8 
  8 [ 8  61:161]
 19 [ 7 180:185]
 27 [ 4 190:195]
114 [ 6 300:305]
113 [10 311:316]
 50 [ 9 316:321]
 43 [ 6 420:425]
110 [10 425:430]
 -8 [10 456:456]

Vehicle: 806  Cost: 87.20
Route: 8 52 135 14 98 62 23 87 -8 
  8 [10  61:167]
 52 [ 9 180:185]
135 [10 196:201]
 14 [ 6 210:215]
 98 [ 8 226:231]
 62 [ 7 300:305]
 23 [ 5 311:316]
 87 [ 3 330:335]
 -8 [ 3 354:354]

Vehicle: 901  Cost: 26.98
Route: 9 40 36 -9 
  9 [ 7  69: 84]
 40 [ 3  95:100]
 36 [ 0 300:305]
 -9 [ 0 308:308]

Total Cost: 1917.83
 11:54.41, 52:75 [1, 6, -6, -1]
 13:94.76, 40:75 [1, 5, -5, -2, -1]
 15:123.26, 48:75 [1, 8, -8, -6, -1]
 16:135.56, 49:75 [1, 2, 9, 4, -4, -1]
202:64.07, 10:10 [2, 30, 13, 34, 116, 55, -2]
401:61.03, 9:10 [4, 63, 108, 41, 61, 127, 79, 16, 115, 18, -4]
402:64.39, 9:10 [4, 49, 112, 20, 38, 82, 131, 102, -4]
403:29.27, 7:10 [4, 37, 65, 118, -4]
404:47.92, 8:10 [4, 69, 121, 57, 28, -4]
501:82.07, 10:10 [5, 72, 83, 76, 51, 15, 92, -5]
502:154.46, 10:10 [5, 71, 109, 73, 24, 93, 111, 45, 59, 21, 94, -5]
503:58.70, 10:10 [5, 54, 53, 48, 105, 106, -5]
504:115.47, 10:10 [5, 84, 68, 97, 46, 103, 32, 99, -5]
601:69.65, 10:10 [6, 58, 128, 80, 95, 91, 12, -6]
602:107.29, 10:10 [6, 29, 100, 64, 22, 126, 77, 129, 90, 134, -6]
603:12.00, 4:10 [6, 44, -6]
604:55.90, 10:10 [6, 42, 133, 86, 122, 70, -6]
605:36.04, 9:10 [6, 39, 26, 89, 130, 81, -6]
607:102.97, 10:10 [6, 67, 119, 85, 123, 107, 117, 60, 35, 124, -6]
801:48.10, 9:10 [8, 25, 96, 75, 78, 132, -8]
802:59.04, 8:10 [8, 66, 74, 104, 33, 11, -8]
803:20.30, 6:10 [8, 47, 101, 31, -8]
804:125.87, 10:10 [8, 56, 125, 10, 120, 17, 88, -8]
805:81.13, 10:10 [8, 19, 27, 114, 113, 50, 43, 110, -8]
806:87.20, 10:10 [8, 52, 135, 14, 98, 62, 23, 87, -8]
901:26.98, 7:10 [9, 40, 36, -9]
fe: 4, se: 22

!ALNS------------
100000,1917.828209224819,873.401,838.325,4,22,0.63,0.8909090909090909,31.5,5.7272727272727275
10 14 4 3 0 0 3 2 
8.809523419874525 21.2918078760098 9.671702489884096 11.379408631830852 28.375110019446442 22.87097716449945 13.99936611538588 22.59262081035858 
6 4 5 2 3 6 7 3 
14.821215160084378 12.620977657731226 14.364081062542489 15.95839188896536 15.720631824772608 12.620839288040887 15.101162835880565 12.790887615387993 

x[2048] = 1.0
Vehicle: 15  Cost: 123.26
Route: 1 8 -8 -6 -1 
 1 [ 47   0:  0 [33, 66, 88, 31, 62, 87, 19, 25, 74, 70, 10, 27, 11, 52, 14, 56, 23, 78, 75, 17, 47]]
 8 [  0  61: 61 []]
-8 [ 22  61:489 [101, 132, 104, 120, 96, 122, 125, 135, 98]]
-6 [ 37 523:538 [128, 101, 95, 113, 132, 104, 120, 114, 96, 122, 125, 124, 135, 110, 98]]
-1 [ 37 566:566 [128, 101, 95, 113, 132, 104, 120, 114, 96, 122, 125, 124, 135, 110, 98]]

x[2907] = 1.0
Vehicle: 13  Cost: 94.76
Route: 1 5 -5 -2 -1 
 1 [ 37   0:  0 [15, 48, 68, 71, 73, 45, 59, 84, 53, 76, 32, 21, 54, 72, 46, 51, 24]]
 5 [  0  47: 47 []]
-5 [ 28  47:538 [103, 109, 92, 97, 105, 111, 99, 106, 93, 94, 123]]
-2 [ 36 561:576 [103, 109, 92, 97, 116, 105, 111, 99, 95, 106, 93, 91, 94, 123]]
-1 [ 36 601:601 [103, 109, 92, 97, 116, 105, 111, 99, 95, 106, 93, 91, 94, 123]]

x[6557] = 1.0
Vehicle: 16  Cost: 135.56
Route: 1 2 9 4 -4 -1 
 1 [ 52   0:  0 [69, 63, 79, 28, 38, 20, 61, 65, 37, 18, 34, 30, 13, 40, 36, 83, 16, 57, 49, 41, 82, 55]]
 2 [ 42  25: 40 [69, 63, 79, 28, 38, 20, 61, 65, 37, 18, 40, 36, 83, 16, 57, 49, 41, 82]]
 9 [ 35  69: 84 [69, 63, 79, 28, 38, 20, 61, 65, 37, 18, 83, 16, 57, 49, 41, 82]]
 4 [  0 100:100 []]
-4 [ 18 100:351 [127, 108, 102, 115, 121, 112, 118, 131]]
-1 [ 18 417:417 [127, 108, 102, 115, 121, 112, 118, 131]]

x[6694] = 1.0
Vehicle: 11  Cost: 54.41
Route: 1 6 -6 -1 
 1 [ 53   0:  0 [29, 67, 44, 43, 90, 60, 80, 22, 50, 58, 77, 35, 89, 26, 64, 12, 39, 81, 86, 42, 85]]
 6 [  0  27: 27 []]
-6 [ 29  27:370 [130, 124, 134, 128, 107, 123, 113, 129, 133, 126, 117, 119, 100]]
-1 [ 29 398:398 [130, 124, 134, 128, 107, 123, 113, 129, 133, 126, 117, 119, 100]]

y[2214] = 0.9999999999871293
Vehicle: 601  Cost: 74.06
Route: 6 26 39 114 113 50 43 110 -6 
  6 [10 150:165]
 26 [ 8 177:182]
 39 [ 4 192:197]
114 [ 6 300:305]
113 [10 311:316]
 50 [ 9 316:321]
 43 [ 6 420:425]
110 [10 425:430]
 -6 [10 447:447]

y[2283] = 1.0
Vehicle: 402  Cost: 47.92
Route: 4 69 121 57 28 -4 
  4 [ 8 110:125]
 69 [ 5 147:152]
121 [ 8 152:157]
 57 [ 4 300:305]
 28 [ 3 307:312]
 -4 [ 3 333:333]

y[2892] = 0.9999999999862805
Vehicle: 403  Cost: 35.81
Route: 4 83 37 65 118 -4 
  4 [10 237:252]
 83 [ 7 260:265]
 37 [ 3 277:282]
 65 [ 0 300:305]
118 [ 1 305:310]
 -4 [ 1 319:319]

y[3048] = 0.9999999999740911
Vehicle: 802  Cost: 59.04
Route: 8 66 74 33 104 11 -8 
  8 [ 8 138:153]
 66 [ 7 161:166]
 74 [ 6 185:190]
 33 [ 3 420:425]
104 [ 4 425:430]
 11 [ 1 440:445]
 -8 [ 1 461:461]

y[4324] = 1.000000000000387
Vehicle: 804  Cost: 125.87
Route: 8 56 125 10 120 17 88 -8 
  8 [10 138:153]
 56 [ 7 177:182]
125 [ 8 198:203]
 10 [ 7 228:233]
120 [ 9 300:305]
 17 [ 6 318:323]
 88 [ 3 420:425]
 -8 [ 3 459:459]

y[4513] = 1.0
Vehicle: 605  Cost: 33.64
Route: 6 58 128 80 89 81 130 -6 
  6 [ 9 203:218]
 58 [ 7 228:233]
128 [ 9 300:305]
 80 [ 5 305:310]
 89 [ 3 320:325]
 81 [ 2 329:334]
130 [ 5 334:339]
 -6 [ 5 342:342]

y[4563] = 0.9999999999884502
Vehicle: 602  Cost: 76.78
Route: 6 42 86 133 22 126 77 129 -6 
  6 [10 107:122]
 42 [ 6 133:138]
 86 [ 4 143:148]
133 [ 7 148:153]
 22 [ 5 161:166]
126 [ 9 183:188]
 77 [ 7 188:193]
129 [ 8 300:305]
 -6 [ 8 336:336]

y[5705] = 0.9999999999752144
Vehicle: 801  Cost: 61.89
Route: 8 70 122 27 19 -8 
  8 [ 7  61: 76]
 70 [ 4  96:101]
122 [ 8 101:106]
 27 [ 5 124:129]
 19 [ 4 180:185]
 -8 [ 4 204:204]

y[5787] = 1.0
Vehicle: 402  Cost: 64.39
Route: 4 49 112 20 38 131 82 102 -4 
  4 [ 9 199:214]
 49 [ 6 239:244]
112 [ 8 244:249]
 20 [ 5 254:259]
 38 [ 3 300:305]
131 [ 5 315:320]
 82 [ 4 320:325]
102 [ 6 328:333]
 -4 [ 6 336:336]

y[5790] = 0.9999999999736716
Vehicle: 505  Cost: 58.70
Route: 5 54 53 48 105 106 -5 
  5 [10 133:148]
 54 [ 7 169:174]
 53 [ 3 182:187]
 48 [ 0 300:305]
105 [ 4 316:321]
106 [ 5 329:334]
 -5 [ 5 344:344]

y[6063] = 1.0
Vehicle: 607  Cost: 102.97
Route: 6 67 119 85 123 107 60 117 35 124 -6 
  6 [10 185:200]
 67 [ 6 219:224]
119 [ 8 224:229]
 85 [ 7 233:238]
123 [ 8 259:264]
107 [ 9 273:278]
 60 [ 8 293:298]
117 [ 9 298:303]
 35 [ 5 310:315]
124 [ 7 327:332]
 -6 [ 7 348:348]

y[6900] = 1.0
Vehicle: 602  Cost: 71.51
Route: 6 64 100 29 90 134 12 -6 
  6 [10  63: 78]
 64 [ 8  99:104]
100 [ 9 112:117]
 29 [ 8 117:122]
 90 [ 5 300:305]
134 [ 9 305:310]
 12 [ 5 328:333]
 -6 [ 5 352:352]

y[7397] = 0.9999999999837035
Vehicle: 806  Cost: 20.30
Route: 8 101 31 47 -8 
  8 [ 6 135:292]
101 [ 9 300:305]
 31 [ 6 305:310]
 47 [ 3 420:425]
 -8 [ 3 427:427]

y[8313] = 1.0
Vehicle: 202  Cost: 76.29
Route: 2 30 13 34 116 55 91 95 -2 
  2 [10  85:283]
 30 [ 7 300:305]
 13 [ 3 318:323]
 34 [ 2 420:425]
116 [ 6 429:434]
 55 [ 4 434:439]
 91 [ 7 448:453]
 95 [ 8 462:467]
 -2 [ 8 479:479]

y[9358] = 1.0
Vehicle: 902  Cost: 26.98
Route: 9 40 36 -9 
  9 [ 7  84: 99]
 40 [ 3 110:115]
 36 [ 0 300:305]
 -9 [ 0 308:308]

y[9764] = 1.0
Vehicle: 807  Cost: 48.10
Route: 8 96 25 75 78 132 -8 
  8 [ 6 178:193]
 96 [10 206:211]
 25 [ 9 211:216]
 75 [ 7 225:230]
 78 [ 4 420:425]
132 [ 8 438:443]
 -8 [ 8 455:455]

y[10738] = 1.0
Vehicle: 401  Cost: 61.03
Route: 4 63 41 108 61 127 79 16 115 18 -4 
  4 [ 8 107:122]
 63 [ 6 138:143]
 41 [ 4 151:156]
108 [ 7 156:161]
 61 [ 6 165:170]
127 [ 7 175:180]
 79 [ 6 180:185]
 16 [ 5 188:193]
115 [ 9 203:208]
 18 [ 8 214:219]
 -4 [ 8 228:228]

y[10974] = 1.0
Vehicle: 504  Cost: 115.47
Route: 5 84 68 97 46 32 103 99 -5 
  5 [10  47: 62]
 84 [ 9  73: 78]
 68 [ 7 180:185]
 97 [10 193:198]
 46 [ 6 300:305]
 32 [ 3 321:326]
103 [ 7 326:331]
 99 [ 9 357:362]
 -5 [ 9 367:367]

y[11295] = 1.0
Vehicle: 501  Cost: 81.24
Route: 5 71 72 76 51 15 92 -5 
  5 [ 8  47: 62]
 71 [ 7  70: 75]
 72 [ 5 180:185]
 76 [ 4 300:305]
 51 [ 2 319:324]
 15 [ 0 337:342]
 92 [ 3 342:347]
 -5 [ 3 379:379]

y[12232] = 1.0000000000265945
Vehicle: 801  Cost: 87.20
Route: 8 52 135 14 98 62 23 87 -8 
  8 [10 125:167]
 52 [ 9 180:185]
135 [10 196:201]
 14 [ 6 210:215]
 98 [ 8 226:231]
 62 [ 7 300:305]
 23 [ 5 311:316]
 87 [ 3 330:335]
 -8 [ 3 354:354]

y[12321] = 1.000000000006435
Vehicle: 603  Cost: 12.00
Route: 6 44 -6 
  6 [ 4 150:165]
 44 [ 0 171:176]
 -6 [ 0 182:182]

y[12389] = 1.0
Vehicle: 502  Cost: 142.63
Route: 5 109 73 24 93 45 111 59 21 94 -5 
  5 [ 9  84: 99]
109 [10 140:145]
 73 [ 6 167:172]
 24 [ 5 420:425]
 93 [ 8 441:446]
 45 [ 7 450:455]
111 [ 9 455:460]
 59 [ 8 480:485]
 21 [ 6 495:500]
 94 [10 500:505]
 -5 [10 523:523]

FE: 4
SE: 22
!MIP-----
1891.801217752546,5400.3740491867065,0.033059657513514744,4,22,8862,16327

Run: 5
Total Cost: 1864.38
Vehicle: 11  Cost: 50.00
Route: 1 2 -2 -1 
 1 [ 29   0:  0 [13, 67, 60, 54, 55, 30, 35, 40, 41, 85, 79]]
 2 [  0  25: 25 []]
-2 [ 18  25:355 [108, 107, 106, 116, 123, 115, 117, 119, 127]]
-1 [ 18 380:380 [108, 107, 106, 116, 123, 115, 117, 119, 127]]

Vehicle: 14  Cost: 54.41
Route: 1 6 -6 -1 
 1 [ 40   0:  0 [64, 44, 39, 12, 29, 90, 80, 50, 26, 22, 42, 77, 89, 81, 86, 58]]
 6 [  0  27: 27 []]
-6 [ 22  27:380 [129, 100, 130, 113, 134, 128, 126, 133]]
-1 [ 22 407:407 [129, 100, 130, 113, 134, 128, 126, 133]]

Vehicle: 15  Cost: 122.54
Route: 1 8 -8 -1 
 1 [ 50   0:  0 [33, 47, 52, 75, 56, 17, 88, 27, 10, 14, 25, 31, 23, 19, 66, 43, 70, 74, 62, 78, 11, 87]]
 8 [  0  61: 61 []]
-8 [ 28  61:476 [101, 96, 104, 120, 110, 135, 122, 98, 132, 114, 125]]
-1 [ 28 537:537 [101, 96, 104, 120, 110, 135, 122, 98, 132, 114, 125]]

Vehicle: 16  Cost: 151.85
Route: 1 5 4 7 -7 9 -5 -1 
 1 [ 70   0:  0 [45, 71, 72, 20, 21, 51, 59, 57, 48, 16, 37, 28, 84, 73, 83, 24, 49, 36, 53, 63, 68, 76, 69, 82, 34, 65, 46, 32, 15, 38, 61, 18]]
 5 [ 51  47: 62 [45, 20, 21, 59, 57, 48, 16, 37, 28, 73, 83, 24, 49, 36, 53, 63, 69, 82, 65, 38, 61, 18]]
 4 [ 41  81: 96 [45, 20, 21, 59, 57, 48, 16, 28, 73, 24, 49, 36, 53, 63, 69, 82, 38, 61, 18]]
 7 [  3 109:109 [36]]
-7 [ 27 109:496 [111, 102, 105, 93, 112, 109, 118, 131, 94, 36, 121]]
 9 [ 24 509:524 [111, 102, 105, 93, 112, 109, 118, 131, 94, 121]]
-5 [ 42 537:552 [111, 102, 105, 93, 112, 109, 118, 131, 91, 94, 103, 97, 95, 92, 124, 121, 99]]
-1 [ 42 599:599 [111, 102, 105, 93, 112, 109, 118, 131, 91, 94, 103, 97, 95, 92, 124, 121, 99]]

Vehicle: 201  Cost: 60.61
Route: 2 117 60 107 123 13 30 -2 
  2 [ 8  25: 40]
117 [ 9  46: 51]
 60 [ 8  51: 56]
107 [ 9  70: 75]
123 [10  85: 90]
 13 [ 6 300:305]
 30 [ 3 318:323]
 -2 [ 3 340:340]

Vehicle: 202  Cost: 15.23
Route: 2 35 -2 
  2 [ 4  25:292]
 35 [ 0 300:305]
 -2 [ 0 313:313]

Vehicle: 205  Cost: 100.97
Route: 2 54 40 41 108 79 127 115 106 -2 
  2 [10  25: 40]
 54 [ 7  55: 60]
 40 [ 3  74: 79]
 41 [ 1  87: 92]
108 [ 4  92: 97]
 79 [ 3 106:111]
127 [ 4 111:116]
115 [ 8 124:129]
106 [ 9 300:305]
 -2 [ 9 332:332]

Vehicle: 206  Cost: 39.68
Route: 2 119 67 85 116 55 -2 
  2 [ 7  25: 40]
119 [ 9  49: 54]
 67 [ 5  54: 59]
 85 [ 4  63: 68]
116 [ 8 300:305]
 55 [ 6 305:310]
 -2 [ 6 328:328]

Vehicle: 401  Cost: 35.81
Route: 4 83 37 65 -4 
  4 [10  81:172]
 83 [ 7 180:185]
 37 [ 3 196:201]
 65 [ 0 300:305]
 -4 [ 0 314:314]

Vehicle: 501  Cost: 92.02
Route: 5 72 76 51 15 92 32 103 99 -5 
  5 [10  47:173]
 72 [ 8 180:185]
 76 [ 7 300:305]
 51 [ 5 319:324]
 15 [ 3 337:342]
 92 [ 6 342:347]
 32 [ 3 362:367]
103 [ 7 367:372]
 99 [ 9 398:403]
 -5 [ 9 408:408]

Vehicle: 502  Cost: 153.08
Route: 5 71 84 97 68 46 34 91 95 124 -5 
  5 [ 9  47: 62]
 71 [ 8  70: 75]
 84 [ 7  79: 84]
 97 [10 115:120]
 68 [ 8 180:185]
 46 [ 4 300:305]
 34 [ 3 420:425]
 91 [ 6 437:442]
 95 [ 7 452:457]
124 [ 9 464:469]
 -5 [ 9 496:496]

Vehicle: 601  Cost: 91.89
Route: 6 44 22 77 126 129 50 113 81 -6 
  6 [10  27: 42]
 44 [ 6  48: 53]
 22 [ 4  72: 77]
 77 [ 2 180:185]
126 [ 6 185:190]
129 [ 7 300:305]
 50 [ 6 325:330]
113 [10 330:335]
 81 [ 9 357:362]
 -6 [ 9 365:365]

Vehicle: 602  Cost: 41.65
Route: 6 42 86 133 39 130 -6 
  6 [10  27: 42]
 42 [ 6  54: 59]
 86 [ 4  64: 69]
133 [ 7  69: 74]
 39 [ 3  87: 92]
130 [ 6 300:305]
 -6 [ 6 308:308]

Vehicle: 603  Cost: 71.51
Route: 6 64 29 100 90 134 12 -6 
  6 [10  27: 42]
 64 [ 8  63: 68]
 29 [ 7  76: 81]
100 [ 8  81: 86]
 90 [ 5 300:305]
134 [ 9 305:310]
 12 [ 5 328:333]
 -6 [ 5 352:352]

Vehicle: 604  Cost: 41.75
Route: 6 26 58 128 80 89 -6 
  6 [10  27: 42]
 26 [ 8  54: 59]
 58 [ 6  68: 73]
128 [ 8 300:305]
 80 [ 4 305:310]
 89 [ 2 320:325]
 -6 [ 2 331:331]

Vehicle: 701  Cost: 71.89
Route: 7 18 69 121 57 28 118 102 82 131 -7 
  7 [10 109:124]
 18 [ 9 130:135]
 69 [ 6 159:164]
121 [ 9 164:169]
 57 [ 5 300:305]
 28 [ 4 307:312]
118 [ 5 324:329]
102 [ 7 341:346]
 82 [ 6 349:354]
131 [ 8 354:359]
 -7 [ 8 369:369]

Vehicle: 702  Cost: 57.40
Route: 7 61 53 48 105 21 94 -7 
  7 [10 109:124]
 61 [ 9 133:138]
 53 [ 5 158:163]
 48 [ 2 300:305]
105 [ 6 316:321]
 21 [ 4 420:425]
 94 [ 8 425:430]
 -7 [ 8 437:437]

Vehicle: 704  Cost: 69.58
Route: 7 63 16 49 112 38 59 -7 
  7 [ 9 109:124]
 63 [ 7 132:137]
 16 [ 6 180:185]
 49 [ 3 215:220]
112 [ 5 220:225]
 38 [ 3 300:305]
 59 [ 2 420:425]
 -7 [ 2 430:430]

Vehicle: 705  Cost: 98.63
Route: 7 109 73 20 24 93 45 111 -7 
  7 [ 9 109:124]
109 [10 141:146]
 73 [ 6 168:173]
 20 [ 3 181:186]
 24 [ 2 420:425]
 93 [ 5 441:446]
 45 [ 4 450:455]
111 [ 6 455:460]
 -7 [ 6 481:481]

Vehicle: 801  Cost: 55.73
Route: 8 19 27 104 33 11 -8 
  8 [10  61:161]
 19 [ 9 180:185]
 27 [ 6 190:195]
104 [ 7 420:425]
 33 [ 4 425:430]
 11 [ 1 440:445]
 -8 [ 1 461:461]

Vehicle: 802  Cost: 87.20
Route: 8 52 135 14 98 62 23 87 -8 
  8 [10  61:167]
 52 [ 9 180:185]
135 [10 196:201]
 14 [ 6 210:215]
 98 [ 8 226:231]
 62 [ 7 300:305]
 23 [ 5 311:316]
 87 [ 3 330:335]
 -8 [ 3 354:354]

Vehicle: 803  Cost: 101.04
Route: 8 66 74 70 122 114 43 110 -8 
  8 [ 8  61: 76]
 66 [ 7  84: 89]
 74 [ 6 108:113]
 70 [ 3 142:147]
122 [ 7 147:152]
114 [ 9 300:305]
 43 [ 6 420:425]
110 [10 425:430]
 -8 [10 456:456]

Vehicle: 804  Cost: 48.10
Route: 8 25 96 75 78 132 -8 
  8 [ 6  61:167]
 25 [ 5 180:185]
 96 [ 9 185:190]
 75 [ 7 199:204]
 78 [ 4 420:425]
132 [ 8 438:443]
 -8 [ 8 455:455]

Vehicle: 805  Cost: 20.30
Route: 8 47 31 101 -8 
  8 [ 6  61:418]
 47 [ 3 420:425]
 31 [ 0 435:440]
101 [ 3 440:445]
 -8 [ 3 453:453]

Vehicle: 806  Cost: 125.87
Route: 8 56 125 10 120 17 88 -8 
  8 [10  61: 76]
 56 [ 7 100:105]
125 [ 8 122:127]
 10 [ 7 152:157]
120 [ 9 300:305]
 17 [ 6 318:323]
 88 [ 3 420:425]
 -8 [ 3 459:459]

Vehicle: 901  Cost: 5.66
Route: 9 36 -9 
  9 [ 3 509:524]
 36 [ 0 527:532]
 -9 [ 0 535:535]

Total Cost: 1864.38
 11:50.00, 29:75 [1, 2, -2, -1]
 14:54.41, 40:75 [1, 6, -6, -1]
 15:122.54, 50:75 [1, 8, -8, -1]
 16:151.85, 70:75 [1, 5, 4, 7, -7, 9, -5, -1]
201:60.61, 10:10 [2, 117, 60, 107, 123, 13, 30, -2]
202:15.23, 4:10 [2, 35, -2]
205:100.97, 10:10 [2, 54, 40, 41, 108, 79, 127, 115, 106, -2]
206:39.68, 9:10 [2, 119, 67, 85, 116, 55, -2]
401:35.81, 10:10 [4, 83, 37, 65, -4]
501:92.02, 10:10 [5, 72, 76, 51, 15, 92, 32, 103, 99, -5]
502:153.08, 10:10 [5, 71, 84, 97, 68, 46, 34, 91, 95, 124, -5]
601:91.89, 10:10 [6, 44, 22, 77, 126, 129, 50, 113, 81, -6]
602:41.65, 10:10 [6, 42, 86, 133, 39, 130, -6]
603:71.51, 10:10 [6, 64, 29, 100, 90, 134, 12, -6]
604:41.75, 10:10 [6, 26, 58, 128, 80, 89, -6]
701:71.89, 10:10 [7, 18, 69, 121, 57, 28, 118, 102, 82, 131, -7]
702:57.40, 10:10 [7, 61, 53, 48, 105, 21, 94, -7]
704:69.58, 9:10 [7, 63, 16, 49, 112, 38, 59, -7]
705:98.63, 10:10 [7, 109, 73, 20, 24, 93, 45, 111, -7]
801:55.73, 10:10 [8, 19, 27, 104, 33, 11, -8]
802:87.20, 10:10 [8, 52, 135, 14, 98, 62, 23, 87, -8]
803:101.04, 10:10 [8, 66, 74, 70, 122, 114, 43, 110, -8]
804:48.10, 9:10 [8, 25, 96, 75, 78, 132, -8]
805:20.30, 6:10 [8, 47, 31, 101, -8]
806:125.87, 10:10 [8, 56, 125, 10, 120, 17, 88, -8]
901:5.66, 3:10 [9, 36, -9]
fe: 4, se: 22

!ALNS------------
100000,1864.3835915582495,557.458,550.536,4,22,0.63,0.9090909090909091,31.5,5.7272727272727275
24 15 10 8 0 2 7 0 
8.609108521140472 19.55369379990618 8.006188913707462 9.295798972577147 37.710438220521155 21.174757600788446 15.148816755154158 25.959204536022927 
8 10 5 9 9 9 9 7 
12.089243043603522 14.279315501619585 12.698816851986908 13.705245980042012 14.671383622605132 11.922433680657363 13.536208803192595 12.04528444016928 

x[1085] = 1.0
Vehicle: 11  Cost: 50.00
Route: 1 2 -2 -1 
 1 [ 35   0:  0 [60, 41, 55, 58, 40, 85, 61, 30, 35, 13, 67, 54, 80]]
 2 [  0  25: 25 []]
-2 [ 20  25:355 [123, 107, 106, 116, 115, 119, 128, 108, 117, 127]]
-1 [ 20 380:380 [123, 107, 106, 116, 115, 119, 128, 108, 117, 127]]

x[1272] = 1.0
Vehicle: 16  Cost: 151.85
Route: 1 5 4 7 -7 9 -5 -1 
 1 [ 70   0:  0 [49, 18, 48, 84, 51, 82, 73, 76, 46, 21, 72, 65, 24, 69, 68, 15, 83, 63, 57, 28, 34, 79, 45, 32, 16, 71, 20, 53, 36, 37, 38, 59]]
 5 [ 51  47: 62 [49, 18, 48, 82, 73, 21, 65, 24, 69, 83, 63, 57, 28, 79, 45, 16, 20, 53, 36, 37, 38, 59]]
 4 [ 41  81: 96 [49, 18, 48, 82, 73, 21, 24, 69, 63, 57, 28, 79, 45, 16, 20, 53, 36, 38, 59]]
 7 [  3 109:109 [36]]
-7 [ 28 109:496 [94, 121, 127, 109, 118, 93, 111, 105, 102, 112, 131, 36]]
 9 [ 25 509:524 [94, 121, 127, 109, 118, 93, 111, 105, 102, 112, 131]]
-5 [ 43 537:552 [94, 99, 121, 103, 127, 92, 109, 118, 93, 111, 105, 124, 95, 102, 112, 91, 131, 97]]
-1 [ 43 599:599 [94, 99, 121, 103, 127, 92, 109, 118, 93, 111, 105, 124, 95, 102, 112, 91, 131, 97]]

x[5587] = 1.0
Vehicle: 15  Cost: 122.54
Route: 1 8 -8 -1 
 1 [ 51   0:  0 [70, 43, 25, 74, 33, 27, 78, 88, 66, 11, 50, 75, 23, 17, 62, 87, 47, 10, 31, 19, 14, 56, 52]]
 8 [  0  61: 61 []]
-8 [ 33  61:488 [135, 110, 96, 122, 125, 104, 132, 114, 101, 129, 113, 120, 98]]
-1 [ 33 550:550 [135, 110, 96, 122, 125, 104, 132, 114, 101, 129, 113, 120, 98]]

x[6113] = 1.0
Vehicle: 14  Cost: 54.41
Route: 1 6 -6 -1 
 1 [ 33   0:  0 [42, 86, 64, 22, 12, 90, 26, 89, 29, 44, 77, 39, 81]]
 6 [  0  27: 27 []]
-6 [ 20  27:367 [134, 133, 129, 100, 130, 126, 122]]
-1 [ 20 394:394 [134, 133, 129, 100, 130, 126, 122]]

y[1257] = 1.0
Vehicle: 602  Cost: 71.51
Route: 6 64 100 29 90 134 12 -6 
  6 [10 206:221]
 64 [ 8 242:247]
100 [ 9 256:261]
 29 [ 8 261:266]
 90 [ 5 300:305]
134 [ 9 305:310]
 12 [ 5 328:333]
 -6 [ 5 352:352]

y[1875] = 1.0
Vehicle: 802  Cost: 87.20
Route: 8 52 135 14 98 62 23 87 -8 
  8 [10 157:172]
 52 [ 9 185:190]
135 [10 201:206]
 14 [ 6 215:220]
 98 [ 8 231:236]
 62 [ 7 300:305]
 23 [ 5 311:316]
 87 [ 3 330:335]
 -8 [ 3 354:354]

y[2148] = 1.0
Vehicle: 201  Cost: 60.61
Route: 2 60 117 107 123 13 30 -2 
  2 [ 8 143:158]
 60 [ 7 164:169]
117 [ 8 169:174]
107 [ 9 188:193]
123 [10 202:207]
 13 [ 6 300:305]
 30 [ 3 318:323]
 -2 [ 3 340:340]

y[2348] = 1.0
Vehicle: 902  Cost: 5.66
Route: 9 36 -9 
  9 [ 3 529:544]
 36 [ 0 547:552]
 -9 [ 0 555:555]

y[3694] = 1.0
Vehicle: 603  Cost: 36.04
Route: 6 39 26 89 81 130 -6 
  6 [ 9 172:187]
 39 [ 5 199:204]
 26 [ 3 214:219]
 89 [ 1 300:305]
 81 [ 0 309:314]
130 [ 3 314:319]
 -6 [ 3 323:323]

y[3749] = 1.0
Vehicle: 501  Cost: 92.02
Route: 5 72 76 51 92 15 103 32 99 -5 
  5 [10  63:173]
 72 [ 8 180:185]
 76 [ 7 300:305]
 51 [ 5 319:324]
 92 [ 8 337:342]
 15 [ 6 342:347]
103 [10 362:367]
 32 [ 7 367:372]
 99 [ 9 398:403]
 -5 [ 9 408:408]

y[4017] = 1.0
Vehicle: 805  Cost: 48.10
Route: 8 96 25 75 78 132 -8 
  8 [ 6  61:167]
 96 [10 180:185]
 25 [ 9 185:190]
 75 [ 7 199:204]
 78 [ 4 420:425]
132 [ 8 438:443]
 -8 [ 8 455:455]

y[4637] = 1.0
Vehicle: 705  Cost: 98.63
Route: 7 109 73 20 24 93 111 45 -7 
  7 [ 9 119:134]
109 [10 151:156]
 73 [ 6 178:183]
 20 [ 3 191:196]
 24 [ 2 420:425]
 93 [ 5 441:446]
111 [ 7 450:455]
 45 [ 6 455:460]
 -7 [ 6 481:481]

y[4786] = 1.0
Vehicle: 701  Cost: 71.89
Route: 7 18 69 121 57 28 118 102 131 82 -7 
  7 [10 109:134]
 18 [ 9 141:146]
 69 [ 6 169:174]
121 [ 9 174:179]
 57 [ 5 300:305]
 28 [ 4 307:312]
118 [ 5 324:329]
102 [ 7 341:346]
131 [ 9 349:354]
 82 [ 8 354:359]
 -7 [ 8 369:369]

y[4909] = 1.0
Vehicle: 206  Cost: 39.68
Route: 2 67 119 85 116 55 -2 
  2 [ 7 138:153]
 67 [ 3 163:168]
119 [ 5 168:173]
 85 [ 4 176:181]
116 [ 8 300:305]
 55 [ 6 305:310]
 -2 [ 6 328:328]

y[4994] = 1.0
Vehicle: 804  Cost: 20.30
Route: 8 47 101 31 -8 
  8 [ 6  61:418]
 47 [ 3 420:425]
101 [ 6 435:440]
 31 [ 3 440:445]
 -8 [ 3 453:453]

y[6332] = 1.0
Vehicle: 702  Cost: 57.71
Route: 7 79 127 16 53 48 105 -7 
  7 [ 9 109:124]
 79 [ 8 129:134]
127 [ 9 134:139]
 16 [ 8 180:185]
 53 [ 4 206:211]
 48 [ 1 300:305]
105 [ 5 316:321]
 -7 [ 5 337:337]

y[6957] = 0.9999999999997212
Vehicle: 801  Cost: 68.69
Route: 8 70 122 33 104 11 -8 
  8 [ 9  61: 76]
 70 [ 6  96:101]
122 [10 101:106]
 33 [ 7 420:425]
104 [ 8 425:430]
 11 [ 5 440:445]
 -8 [ 5 461:461]

y[7170] = 1.0
Vehicle: 601  Cost: 76.78
Route: 6 42 86 133 22 126 77 129 -6 
  6 [10 177:192]
 42 [ 6 203:208]
 86 [ 4 213:218]
133 [ 7 218:223]
 22 [ 5 231:236]
126 [ 9 253:258]
 77 [ 7 258:263]
129 [ 8 300:305]
 -6 [ 8 336:336]

y[7402] = 1.0
Vehicle: 204  Cost: 40.15
Route: 2 58 128 80 35 -2 
  2 [10  25: 40]
 58 [ 8  53: 58]
128 [10 300:305]
 80 [ 6 305:310]
 35 [ 2 324:329]
 -2 [ 2 337:337]

y[7635] = 1.0
Vehicle: 806  Cost: 125.87
Route: 8 56 125 10 120 17 88 -8 
  8 [10 115:130]
 56 [ 7 154:159]
125 [ 8 176:181]
 10 [ 7 206:211]
120 [ 9 300:305]
 17 [ 6 318:323]
 88 [ 3 420:425]
 -8 [ 3 459:459]

y[8830] = 1.0
Vehicle: 401  Cost: 35.81
Route: 4 83 37 65 -4 
  4 [10  85:172]
 83 [ 7 180:185]
 37 [ 3 196:201]
 65 [ 0 300:305]
 -4 [ 0 314:314]

y[9925] = 1.0
Vehicle: 704  Cost: 51.82
Route: 7 112 49 38 59 -7 
  7 [ 6 119:134]
112 [ 8 159:164]
 49 [ 5 164:169]
 38 [ 3 300:305]
 59 [ 2 420:425]
 -7 [ 2 430:430]

y[12184] = 1.0
Vehicle: 604  Cost: 12.00
Route: 6 44 -6 
  6 [ 4 206:221]
 44 [ 0 227:232]
 -6 [ 0 238:238]

y[13315] = 1.0
Vehicle: 702  Cost: 17.34
Route: 7 63 94 21 -7 
  7 [ 4 119:134]
 63 [ 2 143:148]
 94 [ 6 420:425]
 21 [ 4 425:430]
 -7 [ 4 437:437]

y[14096] = 1.0
Vehicle: 502  Cost: 153.08
Route: 5 71 84 97 68 46 34 91 95 124 -5 
  5 [ 9  84: 99]
 71 [ 8 107:112]
 84 [ 7 116:121]
 97 [10 153:158]
 68 [ 8 180:185]
 46 [ 4 300:305]
 34 [ 3 420:425]
 91 [ 6 437:442]
 95 [ 7 452:457]
124 [ 9 464:469]
 -5 [ 9 496:496]

y[14359] = 1.0
Vehicle: 205  Cost: 100.97
Route: 2 54 40 41 108 61 115 106 -2 
  2 [10  25: 40]
 54 [ 7  55: 60]
 40 [ 3  74: 79]
 41 [ 1  87: 92]
108 [ 4  92: 97]
 61 [ 3 101:106]
115 [ 7 119:124]
106 [ 8 300:305]
 -2 [ 8 332:332]

y[14497] = 1.0000000000003542
Vehicle: 803  Cost: 99.27
Route: 8 66 74 27 19 114 113 50 43 110 -8 
  8 [10  61: 76]
 66 [ 9  84: 89]
 74 [ 8 108:113]
 27 [ 5 125:130]
 19 [ 4 180:185]
114 [ 6 300:305]
113 [10 311:316]
 50 [ 9 316:321]
 43 [ 6 420:425]
110 [10 425:430]
 -8 [10 456:456]

FE: 4
SE: 23
!MIP-----
1849.938388841034,5400.303565979004,0.018683872870580567,4,23,9274,14588

