--Parameters Information--
speed=1
run=5
iteration= 100000
batch=100
restartPeriod=10000
largeRemovalOccurrence=500
initialLNS=250
lowerBoundSmallRemoval=4
smallRemoval=0.2
lowerBoundLargeRemoval=0.55
largeRemoval=0.8
initialWeight=1.0
decayRate=0.1
gamma1=9.0
gamma2=5.0
gamma3=2.0
gamma4=0.0
coolingRate=0.9995
temperatureControlParameter=0.05
initialAcceptanceProbability=0.5
perturbation=0.5
perturbationFactor=0.01
split=20000

Setup: Split
Data: C_100_8_LD

Run: 1
Total Cost: 2040.55
Vehicle: 11  Cost: 63.56
Route: 1 3 -3 -1 
 1 [ 63   0:  0 [62, 70, 64, 29, 17, 21, 76, 42, 19, 20, 43, 22, 16, 23, 24, 13, 67, 46, 33, 83, 44, 27, 73, 87, 89, 25, 68, 55]]
 3 [  0  32: 32 []]
-3 [ 29  32:545 [139, 111, 125, 92, 101, 130, 95, 113, 128]]
-1 [ 29 577:577 [139, 111, 125, 92, 101, 130, 95, 113, 128]]

Vehicle: 12  Cost: 63.56
Route: 1 -3 -1 
 1 [  0   0:  0 []]
-3 [ 20  32:360 [133, 141, 123, 93, 109, 99, 108, 98, 96]]
-1 [ 20 392:392 [133, 141, 123, 93, 109, 99, 108, 98, 96]]

Vehicle: 13  Cost: 162.76
Route: 1 6 2 -8 5 -5 -1 
 1 [ 58   0:  0 [18, 60, 31, 53, 81, 65, 77, 54, 32, 52, 57, 34, 69, 49, 80, 40, 82, 50, 58, 10, 48, 86, 35, 61, 56]]
 6 [ 43  44: 59 [18, 81, 65, 77, 52, 57, 34, 69, 49, 40, 82, 50, 10, 48, 86, 35, 61, 56]]
 2 [ 41  83: 98 [18, 81, 65, 52, 57, 34, 69, 49, 40, 82, 50, 10, 48, 86, 35, 61, 56]]
-8 [ 44 111:126 [114, 18, 81, 65, 52, 57, 34, 69, 49, 40, 82, 50, 10, 48, 86, 35, 61, 56]]
 5 [  3 143:143 [114]]
-5 [ 33 143:530 [117, 126, 118, 100, 138, 119, 142, 120, 114, 102, 97, 116]]
-1 [ 33 595:595 [117, 126, 118, 100, 138, 119, 142, 120, 114, 102, 97, 116]]

Vehicle: 16  Cost: 186.53
Route: 1 7 4 9 -9 -4 -7 -6 -1 
 1 [ 74   0:  0 [59, 36, 38, 79, 84, 71, 66, 47, 72, 63, 88, 28, 41, 26, 14, 15, 85, 11, 45, 39, 78, 30, 37, 74, 75, 51, 12]]
 7 [ 64  47: 62 [59, 36, 38, 79, 84, 71, 66, 47, 72, 88, 28, 41, 26, 14, 15, 11, 45, 39, 30, 37, 74, 75, 12]]
 4 [ 48  81: 96 [59, 36, 79, 71, 66, 47, 72, 88, 28, 41, 26, 14, 15, 11, 45, 39, 37, 74]]
 9 [  0 119:119 []]
-9 [ 34 119:448 [103, 106, 121, 91, 132, 112, 105, 131, 110, 137, 90, 127, 129, 104, 136]]
-4 [ 38 471:486 [94, 103, 106, 121, 91, 132, 112, 105, 131, 143, 110, 137, 90, 127, 129, 104, 136]]
-7 [ 44 506:521 [124, 103, 106, 121, 91, 132, 112, 105, 131, 110, 137, 90, 127, 129, 104, 136, 94, 143, 140, 135]]
-6 [ 56 532:547 [122, 94, 134, 103, 106, 121, 91, 132, 112, 105, 131, 115, 143, 110, 137, 90, 127, 129, 104, 136, 124, 140, 107, 135]]
-1 [ 56 590:590 [94, 122, 134, 103, 106, 121, 91, 132, 112, 105, 131, 115, 143, 110, 137, 90, 127, 129, 104, 136, 124, 140, 107, 135]]

Vehicle: 201  Cost: 12.17
Route: 2 77 -2 
  2 [ 2  83:294]
 77 [ 0 300:305]
 -2 [ 0 311:311]

Vehicle: 301  Cost: 101.42
Route: 3 93 17 98 21 87 141 108 -3 
  3 [ 8  32: 47]
 93 [ 9  75: 80]
 17 [ 8  80: 85]
 98 [10 114:119]
 21 [ 6 119:124]
 87 [ 3 126:131]
141 [ 6 131:136]
108 [ 8 180:185]
 -3 [ 8 211:211]

Vehicle: 302  Cost: 96.84
Route: 3 55 125 64 101 23 73 -3 
  3 [10  32:272]
 55 [ 7 300:305]
125 [ 8 318:323]
 64 [ 6 323:328]
101 [ 9 420:425]
 23 [ 5 425:430]
 73 [ 4 446:451]
 -3 [ 4 475:475]

Vehicle: 303  Cost: 93.41
Route: 3 29 46 111 16 70 128 33 27 -3 
  3 [ 9  32:397]
 29 [ 8 420:425]
 46 [ 5 430:435]
111 [ 9 435:440]
 16 [ 8 446:451]
 70 [ 6 473:478]
128 [10 478:483]
 33 [ 9 489:494]
 27 [ 8 501:506]
 -3 [ 8 530:530]

Vehicle: 304  Cost: 26.83
Route: 3 83 139 -3 
  3 [ 4  32:287]
 83 [ 0 300:305]
139 [ 4 305:310]
 -3 [ 4 323:323]

Vehicle: 305  Cost: 40.33
Route: 3 113 19 95 25 -3 
  3 [ 6  32:175]
113 [ 9 180:185]
 19 [ 5 300:305]
 95 [ 9 305:310]
 25 [ 7 321:326]
 -3 [ 7 339:339]

Vehicle: 306  Cost: 95.27
Route: 3 68 96 20 123 62 -3 
  3 [10  32: 47]
 68 [ 6  84: 89]
 96 [ 7 109:114]
 20 [ 5 114:119]
123 [ 8 300:305]
 62 [ 4 305:310]
 -3 [ 4 345:345]

Vehicle: 307  Cost: 39.04
Route: 3 43 109 99 22 24 42 133 -3 
  3 [ 6  32: 51]
 43 [ 5  60: 65]
109 [ 9  65: 70]
 99 [10 180:185]
 22 [ 9 185:190]
 24 [ 6 192:197]
 42 [ 5 201:206]
133 [ 8 209:214]
 -3 [ 8 223:223]

Vehicle: 309  Cost: 101.13
Route: 3 44 130 76 89 92 13 67 -3 
  3 [10  32:162]
 44 [ 7 180:185]
130 [10 189:194]
 76 [ 7 214:219]
 89 [ 6 420:425]
 92 [ 9 437:442]
 13 [ 7 442:447]
 67 [ 6 463:468]
 -3 [ 6 494:494]

Vehicle: 401  Cost: 34.56
Route: 4 75 84 38 -4 
  4 [ 9  81: 96]
 75 [ 5 103:108]
 84 [ 4 117:122]
 38 [ 0 300:305]
 -4 [ 0 316:316]

Vehicle: 402  Cost: 78.69
Route: 4 94 12 30 143 -4 
  4 [ 7  81: 96]
 94 [10  98:103]
 12 [ 6 138:143]
 30 [ 3 420:425]
143 [ 4 434:439]
 -4 [ 4 452:452]

Vehicle: 501  Cost: 49.20
Route: 5 56 119 69 10 -5 
  5 [ 9 143:158]
 56 [ 6 167:172]
119 [ 9 172:177]
 69 [ 5 189:194]
 10 [ 3 300:305]
 -5 [ 3 327:327]

Vehicle: 502  Cost: 102.15
Route: 5 49 48 100 40 86 102 -5 
  5 [10 143:158]
 49 [ 7 176:181]
 48 [ 6 189:194]
100 [ 7 208:213]
 40 [ 5 222:227]
 86 [ 1 240:245]
102 [ 2 260:265]
 -5 [ 2 290:290]

Vehicle: 504  Cost: 116.71
Route: 5 81 65 126 18 34 142 117 -5 
  5 [ 9 143:158]
 81 [ 8 191:196]
 65 [ 6 210:215]
126 [ 9 215:220]
 18 [ 6 300:305]
 34 [ 3 314:319]
142 [ 7 324:329]
117 [10 335:340]
 -5 [10 386:386]

Vehicle: 505  Cost: 56.89
Route: 5 118 52 97 50 -5 
  5 [ 3 143:158]
118 [ 7 175:180]
 52 [ 6 183:188]
 97 [ 9 193:198]
 50 [ 7 300:305]
 -5 [ 7 331:331]

Vehicle: 506  Cost: 84.94
Route: 5 61 82 138 35 57 120 116 -5 
  5 [10 143:287]
 61 [ 9 300:305]
 82 [ 7 420:425]
138 [10 425:430]
 35 [ 7 449:454]
 57 [ 3 472:477]
120 [ 7 477:482]
116 [ 8 497:502]
 -5 [ 8 515:515]

Vehicle: 601  Cost: 69.95
Route: 6 80 60 122 134 32 -6 
  6 [ 7  44: 59]
 80 [ 4  68: 73]
 60 [ 3  93: 98]
122 [ 7  98:103]
134 [ 9 118:123]
 32 [ 6 127:132]
 -6 [ 6 154:154]

Vehicle: 602  Cost: 55.70
Route: 6 31 54 107 53 115 58 -6 
  6 [ 8  44:175]
 31 [ 5 180:185]
 54 [ 3 300:305]
107 [ 6 315:320]
 53 [ 5 337:342]
115 [ 8 342:347]
 58 [ 6 358:363]
 -6 [ 6 373:373]

Vehicle: 701  Cost: 33.68
Route: 7 124 63 135 78 85 140 -7 
  7 [ 6  47: 62]
124 [ 8  70: 75]
 63 [ 7  75: 80]
135 [ 9 300:305]
 78 [ 5 305:310]
 85 [ 4 320:325]
140 [ 6 325:330]
 -7 [ 6 339:339]

Vehicle: 702  Cost: 2.00
Route: 7 51 -7 
  7 [ 4  47:299]
 51 [ 0 300:305]
 -7 [ 0 306:306]

Vehicle: 801  Cost: 8.00
Route: 8 114 -8 
  8 [ 0   0: 15]
114 [ 3  19: 24]
 -8 [ 3  28: 28]

Vehicle: 901  Cost: 42.55
Route: 9 15 106 36 39 105 121 59 -9 
  9 [ 9 119:134]
 15 [ 6 142:147]
106 [ 9 154:159]
 36 [ 6 300:305]
 39 [ 5 318:323]
105 [ 6 323:328]
121 [10 420:425]
 59 [ 8 425:430]
 -9 [ 8 433:433]

Vehicle: 902  Cost: 62.15
Route: 9 45 110 14 129 71 -9 
  9 [10 119:160]
 45 [ 8 180:185]
110 [ 9 185:190]
 14 [ 5 200:205]
129 [ 9 300:305]
 71 [ 5 305:310]
 -9 [ 5 338:338]

Vehicle: 903  Cost: 85.16
Route: 9 26 11 90 104 37 137 79 91 -9 
  9 [ 9 119:134]
 26 [ 8 153:158]
 11 [ 6 172:177]
 90 [ 9 177:182]
104 [10 190:195]
 37 [ 6 300:305]
137 [ 9 306:311]
 79 [ 7 311:316]
 91 [ 8 329:334]
 -9 [ 8 357:357]

Vehicle: 904  Cost: 39.80
Route: 9 41 88 74 132 28 103 -9 
  9 [10 119:168]
 41 [ 6 180:185]
 88 [ 3 300:305]
 74 [ 2 308:313]
132 [ 4 313:318]
 28 [ 2 323:328]
103 [ 6 328:333]
 -9 [ 6 350:350]

Vehicle: 905  Cost: 35.57
Route: 9 72 131 112 47 136 127 66 -9 
  9 [10 119:174]
 72 [ 6 180:185]
131 [ 7 185:190]
112 [ 8 196:201]
 47 [ 5 201:206]
136 [ 8 212:217]
127 [10 300:305]
 66 [ 7 305:310]
 -9 [ 7 324:324]

Total Cost: 2040.55
 11:63.56, 63:75 [1, 3, -3, -1]
 12:63.56, 20:75 [1, -3, -1]
 13:162.76, 58:75 [1, 6, 2, -8, 5, -5, -1]
 16:186.53, 74:75 [1, 7, 4, 9, -9, -4, -7, -6, -1]
201:12.17, 2:10 [2, 77, -2]
301:101.42, 10:10 [3, 93, 17, 98, 21, 87, 141, 108, -3]
302:96.84, 10:10 [3, 55, 125, 64, 101, 23, 73, -3]
303:93.41, 10:10 [3, 29, 46, 111, 16, 70, 128, 33, 27, -3]
304:26.83, 4:10 [3, 83, 139, -3]
305:40.33, 9:10 [3, 113, 19, 95, 25, -3]
306:95.27, 10:10 [3, 68, 96, 20, 123, 62, -3]
307:39.04, 10:10 [3, 43, 109, 99, 22, 24, 42, 133, -3]
309:101.13, 10:10 [3, 44, 130, 76, 89, 92, 13, 67, -3]
401:34.56, 9:10 [4, 75, 84, 38, -4]
402:78.69, 10:10 [4, 94, 12, 30, 143, -4]
501:49.20, 9:10 [5, 56, 119, 69, 10, -5]
502:102.15, 10:10 [5, 49, 48, 100, 40, 86, 102, -5]
504:116.71, 10:10 [5, 81, 65, 126, 18, 34, 142, 117, -5]
505:56.89, 9:10 [5, 118, 52, 97, 50, -5]
506:84.94, 10:10 [5, 61, 82, 138, 35, 57, 120, 116, -5]
601:69.95, 9:10 [6, 80, 60, 122, 134, 32, -6]
602:55.70, 8:10 [6, 31, 54, 107, 53, 115, 58, -6]
701:33.68, 9:10 [7, 124, 63, 135, 78, 85, 140, -7]
702:2.00, 4:10 [7, 51, -7]
801:8.00, 3:10 [8, 114, -8]
901:42.55, 10:10 [9, 15, 106, 36, 39, 105, 121, 59, -9]
902:62.15, 10:10 [9, 45, 110, 14, 129, 71, -9]
903:85.16, 10:10 [9, 26, 11, 90, 104, 37, 137, 79, 91, -9]
904:39.80, 10:10 [9, 41, 88, 74, 132, 28, 103, -9]
905:35.57, 10:10 [9, 72, 131, 112, 47, 136, 127, 66, -9]
fe: 4, se: 26

!ALNS------------
100000,2040.553766150148,575.056,412.121,4,26,0.7166666666666667,0.8653846153846154,33.5,5.153846153846154
14 17 11 5 0 5 7 1 
9.969454792551174 24.31995496267329 11.11952886425557 14.243158957375437 15.37460599819436 23.940993407995958 17.47205251655987 28.492326479890455 
6 7 4 7 4 9 16 7 
17.50258746762387 14.896346639946062 18.474471307775232 16.562473577508552 20.45129810114253 18.389792168093322 17.474337672867282 16.870505390178522 

x[21] = 1.0
Vehicle: 11  Cost: 63.56
Route: 1 3 -3 -1 
 1 [ 63   0:  0 [46, 83, 22, 89, 76, 23, 20, 64, 17, 33, 29, 44, 42, 16, 13, 21, 67, 73, 19, 55, 43, 25, 87, 68, 62, 70, 27, 24]]
 3 [  0  32: 32 []]
-3 [ 33  32:583 [92, 101, 99, 95, 139, 125, 128, 113, 133, 111, 130]]
-1 [ 33 615:615 [92, 101, 99, 95, 139, 125, 128, 113, 133, 111, 130]]

x[4513] = 1.0
Vehicle: 13  Cost: 162.76
Route: 1 6 2 -8 5 -5 -1 
 1 [ 58   0:  0 [31, 77, 69, 49, 82, 50, 34, 81, 57, 52, 61, 56, 10, 86, 65, 18, 40, 48, 60, 32, 53, 58, 80, 54, 35]]
 6 [ 43  44: 59 [77, 69, 49, 82, 50, 34, 81, 57, 52, 61, 56, 10, 86, 65, 18, 40, 48, 35]]
 2 [ 41  83: 98 [69, 49, 82, 50, 34, 81, 57, 52, 61, 56, 10, 86, 65, 18, 40, 48, 35]]
-8 [ 44 111:126 [114, 69, 49, 82, 50, 34, 81, 57, 52, 61, 56, 10, 86, 65, 18, 40, 48, 35]]
 5 [  3 143:143 [114]]
-5 [ 34 143:535 [138, 142, 102, 117, 126, 100, 116, 119, 114, 97, 120, 118, 104]]
-1 [ 34 600:600 [138, 142, 102, 117, 126, 100, 116, 119, 114, 97, 120, 118, 104]]

x[6860] = 1.0
Vehicle: 16  Cost: 186.53
Route: 1 7 4 9 -9 -4 -7 -6 -1 
 1 [ 74   0:  0 [39, 59, 37, 41, 36, 15, 75, 38, 79, 12, 84, 74, 14, 71, 45, 66, 47, 72, 30, 11, 78, 63, 88, 26, 28, 51, 85]]
 7 [ 64  47: 62 [39, 59, 37, 41, 36, 15, 75, 38, 79, 12, 84, 74, 14, 71, 45, 66, 47, 72, 30, 11, 88, 26, 28]]
 4 [ 48  81: 96 [39, 59, 37, 41, 36, 15, 79, 74, 14, 71, 45, 66, 47, 72, 11, 88, 26, 28]]
 9 [  0 119:119 []]
-9 [ 34 119:448 [103, 106, 121, 91, 132, 112, 105, 131, 110, 137, 90, 127, 129, 104, 136]]
-4 [ 38 471:486 [94, 103, 106, 121, 91, 132, 112, 105, 131, 143, 110, 137, 90, 127, 129, 104, 136]]
-7 [ 44 506:521 [124, 103, 106, 121, 91, 132, 112, 105, 131, 110, 137, 90, 127, 129, 104, 136, 94, 143, 135, 140]]
-6 [ 56 532:547 [122, 94, 134, 103, 106, 121, 107, 91, 132, 112, 105, 131, 115, 143, 110, 137, 90, 127, 129, 104, 136, 124, 135, 140]]
-1 [ 56 590:590 [94, 122, 134, 103, 106, 121, 107, 91, 132, 112, 105, 131, 115, 143, 110, 137, 90, 127, 129, 104, 136, 124, 135, 140]]

x[9429] = 1.0
Vehicle: 12  Cost: 63.56
Route: 1 -3 -1 
 1 [  0   0:  0 []]
-3 [ 40  32:388 [123, 133, 96, 108, 128, 124, 99, 95, 130, 109, 113, 93, 141, 98, 111]]
-1 [ 40 420:420 [123, 133, 96, 108, 128, 124, 99, 95, 130, 109, 113, 93, 141, 98, 111]]

y[118] = 1.0
Vehicle: 702  Cost: 2.00
Route: 7 51 -7 
  7 [ 4 536:551]
 51 [ 0 552:557]
 -7 [ 0 558:558]

y[279] = 1.0
Vehicle: 604  Cost: 55.70
Route: 6 31 54 107 53 115 58 -6 
  6 [ 8 109:175]
 31 [ 5 180:185]
 54 [ 3 300:305]
107 [ 6 315:320]
 53 [ 5 337:342]
115 [ 8 342:347]
 58 [ 6 358:363]
 -6 [ 6 373:373]

y[398] = 1.0
Vehicle: 309  Cost: 101.13
Route: 3 44 130 76 89 13 92 67 -3 
  3 [10  32:162]
 44 [ 7 180:185]
130 [10 189:194]
 76 [ 7 214:219]
 89 [ 6 420:425]
 13 [ 4 437:442]
 92 [ 7 442:447]
 67 [ 6 463:468]
 -3 [ 6 494:494]

y[882] = 1.0
Vehicle: 201  Cost: 12.17
Route: 2 77 -2 
  2 [ 2 438:453]
 77 [ 0 459:464]
 -2 [ 0 470:470]

y[926] = 1.0
Vehicle: 904  Cost: 39.80
Route: 9 41 88 74 132 28 103 -9 
  9 [10 198:213]
 41 [ 6 225:230]
 88 [ 3 300:305]
 74 [ 2 308:313]
132 [ 4 313:318]
 28 [ 2 323:328]
103 [ 6 328:333]
 -9 [ 6 350:350]

y[1517] = 1.0
Vehicle: 307  Cost: 27.12
Route: 3 133 43 109 113 -3 
  3 [ 1 115:130]
133 [ 4 139:144]
 43 [ 3 153:158]
109 [ 7 158:163]
113 [10 180:185]
 -3 [10 190:190]

y[1923] = 1.0
Vehicle: 903  Cost: 85.19
Route: 9 26 11 90 104 37 79 137 91 127 -9 
  9 [ 9 208:223]
 26 [ 8 242:247]
 11 [ 6 261:266]
 90 [ 9 266:271]
104 [10 280:285]
 37 [ 6 300:305]
 79 [ 4 306:311]
137 [ 7 311:316]
 91 [ 8 329:334]
127 [10 343:348]
 -9 [10 362:362]

y[1955] = 1.0
Vehicle: 301  Cost: 110.69
Route: 3 87 141 21 98 108 17 93 22 99 42 -3 
  3 [10  32: 47]
 87 [ 7  89: 94]
141 [10  94: 99]
 21 [ 6 101:106]
 98 [ 8 106:111]
108 [10 180:185]
 17 [ 9 207:212]
 93 [10 212:217]
 22 [ 9 228:233]
 99 [10 233:238]
 42 [ 9 244:249]
 -3 [ 9 260:260]

y[2611] = 1.0
Vehicle: 302  Cost: 76.92
Route: 3 96 20 123 62 64 125 -3 
  3 [ 8  32: 47]
 96 [ 9  85: 90]
 20 [ 7  90: 95]
123 [10 300:305]
 62 [ 6 305:310]
 64 [ 4 316:321]
125 [ 5 321:326]
 -3 [ 5 355:355]

y[2894] = 1.0
Vehicle: 503  Cost: 49.20
Route: 5 56 119 69 10 -5 
  5 [ 9 143:158]
 56 [ 6 167:172]
119 [ 9 172:177]
 69 [ 5 189:194]
 10 [ 3 300:305]
 -5 [ 3 327:327]

y[2993] = 1.0
Vehicle: 502  Cost: 91.56
Route: 5 52 97 86 40 100 102 -5 
  5 [ 7 124:161]
 52 [ 6 180:185]
 97 [ 9 189:194]
 86 [ 5 211:216]
 40 [ 3 229:234]
100 [ 4 243:248]
102 [ 5 253:258]
 -5 [ 5 283:283]

y[3375] = 1.0
Vehicle: 901  Cost: 38.69
Route: 9 72 131 136 66 105 39 59 121 -9 
  9 [10 104:174]
 72 [ 6 180:185]
131 [ 7 185:190]
136 [10 195:200]
 66 [ 7 300:305]
105 [ 8 321:326]
 39 [ 7 326:331]
 59 [ 5 420:425]
121 [ 9 425:430]
 -9 [ 9 433:433]

y[3708] = 1.0
Vehicle: 401  Cost: 78.69
Route: 4 94 12 30 143 -4 
  4 [ 7 113:128]
 94 [10 130:135]
 12 [ 6 170:175]
 30 [ 3 420:425]
143 [ 4 434:439]
 -4 [ 4 452:452]

y[4661] = 1.0
Vehicle: 902  Cost: 62.15
Route: 9 45 110 14 129 71 -9 
  9 [10 224:239]
 45 [ 8 259:264]
110 [ 9 264:269]
 14 [ 5 279:284]
129 [ 9 300:305]
 71 [ 5 305:310]
 -9 [ 5 338:338]

y[6807] = 1.0
Vehicle: 308  Cost: 60.94
Route: 3 83 139 29 46 111 16 -3 
  3 [ 9  32:287]
 83 [ 5 300:305]
139 [ 9 305:310]
 29 [ 8 420:425]
 46 [ 5 430:435]
111 [ 9 435:440]
 16 [ 8 446:451]
 -3 [ 8 475:475]

y[7293] = 1.0
Vehicle: 701  Cost: 33.68
Route: 7 63 124 78 135 85 140 -7 
  7 [ 6 258:273]
 63 [ 5 282:287]
124 [ 7 287:292]
 78 [ 3 300:305]
135 [ 5 305:310]
 85 [ 4 320:325]
140 [ 6 325:330]
 -7 [ 6 339:339]

y[7788] = 1.0
Vehicle: 502  Cost: 98.71
Route: 5 49 48 35 117 142 82 138 -5 
  5 [ 9 143:158]
 49 [ 6 176:181]
 48 [ 5 189:194]
 35 [ 2 300:305]
117 [ 5 315:320]
142 [ 9 326:331]
 82 [ 7 420:425]
138 [10 425:430]
 -5 [10 450:450]

y[9727] = 1.0
Vehicle: 401  Cost: 34.56
Route: 4 75 84 38 -4 
  4 [ 9 123:138]
 75 [ 5 145:150]
 84 [ 4 159:164]
 38 [ 0 300:305]
 -4 [ 0 316:316]

y[11979] = 1.0
Vehicle: 302  Cost: 37.99
Route: 3 19 95 25 -3 
  3 [ 6  99:286]
 19 [ 2 300:305]
 95 [ 6 305:310]
 25 [ 4 321:326]
 -3 [ 4 339:339]

y[12755] = 1.0
Vehicle: 601  Cost: 69.95
Route: 6 32 134 60 122 80 -6 
  6 [ 7  44: 59]
 32 [ 4  81: 86]
134 [ 6  90: 95]
 60 [ 5 110:115]
122 [ 9 115:120]
 80 [ 6 140:145]
 -6 [ 6 154:154]

y[14267] = 1.0
Vehicle: 302  Cost: 82.23
Route: 3 68 23 101 73 -3 
  3 [ 9 115:130]
 68 [ 5 167:172]
 23 [ 1 420:425]
101 [ 4 425:430]
 73 [ 3 446:451]
 -3 [ 3 475:475]

y[14478] = 1.0
Vehicle: 502  Cost: 64.07
Route: 5 118 50 57 120 116 -5 
  5 [ 6 143:158]
118 [10 175:180]
 50 [ 8 300:305]
 57 [ 4 310:315]
120 [ 8 315:320]
116 [ 9 335:340]
 -5 [ 9 353:353]

y[15768] = 1.0
Vehicle: 801  Cost: 8.00
Route: 8 114 -8 
  8 [ 0   0: 15]
114 [ 3  19: 24]
 -8 [ 3  28: 28]

y[16366] = 1.0
Vehicle: 303  Cost: 70.86
Route: 3 24 70 128 33 55 27 -3 
  3 [10  32: 47]
 24 [ 7  62: 67]
 70 [ 5 300:305]
128 [ 9 305:310]
 33 [ 8 420:425]
 55 [ 5 435:440]
 27 [ 4 444:449]
 -3 [ 4 474:474]

y[18165] = 1.0
Vehicle: 905  Cost: 36.37
Route: 9 15 106 112 47 36 -9 
  9 [ 9 134:149]
 15 [ 6 157:162]
106 [ 9 169:174]
112 [10 183:188]
 47 [ 7 188:193]
 36 [ 4 300:305]
 -9 [ 4 311:311]

y[18216] = 1.0
Vehicle: 504  Cost: 98.78
Route: 5 81 65 126 18 34 61 -5 
  5 [10 143:158]
 81 [ 9 191:196]
 65 [ 7 210:215]
126 [10 215:220]
 18 [ 7 300:305]
 34 [ 4 314:319]
 61 [ 3 345:350]
 -5 [ 3 363:363]

FE: 4
SE: 26
!MIP-----
2003.5773451517755,1784.4537160396576,9.904826879880876E-5,4,26,10278,18923

Run: 2
Total Cost: 2019.81
Vehicle: 11  Cost: 63.56
Route: 1 3 -3 -1 
 1 [ 51   0:  0 [55, 70, 67, 19, 13, 76, 62, 20, 64, 25, 83, 44, 43, 23, 68, 73, 42, 24, 17, 89, 22, 27, 33]]
 3 [  0  32: 32 []]
-3 [ 24  32:370 [130, 125, 95, 113, 96, 133, 93, 123, 99, 109]]
-1 [ 24 402:402 [130, 125, 95, 113, 96, 133, 93, 123, 99, 109]]

Vehicle: 14  Cost: 131.64
Route: 1 5 -5 -3 -1 
 1 [ 52   0:  0 [37, 28, 81, 49, 50, 11, 65, 86, 82, 40, 69, 74, 79, 18, 61, 48, 56, 52, 57, 35, 34, 10]]
 5 [  0  65: 65 []]
-5 [ 44  65:465 [119, 102, 118, 100, 104, 137, 97, 126, 116, 132, 91, 120, 90, 103, 142, 138, 117]]
-3 [ 58 500:515 [139, 119, 102, 101, 118, 100, 92, 104, 137, 128, 97, 126, 116, 132, 91, 120, 90, 103, 142, 138, 117]]
-1 [ 58 547:547 [139, 119, 102, 101, 118, 100, 92, 104, 137, 128, 97, 126, 116, 132, 91, 120, 90, 103, 142, 138, 117]]

Vehicle: 15  Cost: 87.86
Route: 1 6 -6 -1 
 1 [ 28   0:  0 [29, 54, 46, 16, 32, 58, 31, 53, 21, 87, 60, 63, 80]]
 6 [  0  44: 44 []]
-6 [ 25  44:486 [134, 124, 141, 122, 111, 115, 98, 107, 108]]
-1 [ 25 529:529 [134, 124, 141, 122, 111, 115, 98, 107, 108]]

Vehicle: 18  Cost: 183.88
Route: 1 2 4 -4 9 -9 -8 7 -7 -1 
 1 [ 64   0:  0 [30, 85, 39, 15, 77, 36, 78, 66, 51, 14, 72, 12, 47, 26, 84, 59, 41, 71, 45, 75, 38, 88]]
 2 [ 62  59: 74 [30, 85, 39, 15, 36, 78, 66, 51, 14, 72, 12, 47, 26, 84, 59, 41, 71, 45, 75, 38, 88]]
 4 [ 53  84: 84 [30, 85, 39, 15, 36, 78, 66, 51, 14, 72, 12, 47, 26, 59, 41, 71, 45, 88]]
-4 [ 56  84: 99 [94, 30, 85, 39, 15, 36, 78, 66, 51, 14, 72, 12, 47, 26, 59, 41, 71, 45, 88]]
 9 [ 12 122:122 [94, 85, 78, 51]]
-9 [ 33 122:476 [127, 112, 94, 85, 106, 131, 110, 143, 136, 78, 129, 51, 105, 121]]
-8 [ 36 498:513 [114, 85, 78, 51, 94, 127, 112, 106, 131, 110, 143, 136, 129, 105, 121]]
 7 [ 27 536:536 [127, 112, 94, 106, 131, 110, 143, 136, 129, 105, 121, 114]]
-7 [ 31 536:620 [127, 112, 94, 106, 131, 110, 143, 136, 129, 105, 140, 135, 121, 114]]
-1 [ 31 667:667 [127, 112, 94, 106, 131, 110, 143, 136, 129, 105, 140, 135, 121, 114]]

Vehicle: 201  Cost: 12.17
Route: 2 77 -2 
  2 [ 2  59:294]
 77 [ 0 300:305]
 -2 [ 0 311:311]

Vehicle: 301  Cost: 74.08
Route: 3 24 33 128 70 83 139 -3 
  3 [10  32: 47]
 24 [ 7  62: 67]
 33 [ 6 420:425]
128 [10 431:436]
 70 [ 8 436:441]
 83 [ 4 470:475]
139 [ 8 475:480]
 -3 [ 8 494:494]

Vehicle: 302  Cost: 82.23
Route: 3 68 23 101 73 -3 
  3 [ 9  32: 47]
 68 [ 5  84: 89]
 23 [ 1 420:425]
101 [ 4 425:430]
 73 [ 3 446:451]
 -3 [ 3 475:475]

Vehicle: 303  Cost: 52.73
Route: 3 44 130 19 95 25 -3 
  3 [ 9  32:162]
 44 [ 6 180:185]
130 [ 9 189:194]
 19 [ 5 300:305]
 95 [ 9 305:310]
 25 [ 7 321:326]
 -3 [ 7 339:339]

Vehicle: 304  Cost: 76.92
Route: 3 96 20 123 62 125 64 -3 
  3 [ 8  32: 47]
 96 [ 9  85: 90]
 20 [ 7  90: 95]
123 [10 300:305]
 62 [ 6 305:310]
125 [ 7 316:321]
 64 [ 5 321:326]
 -3 [ 5 355:355]

Vehicle: 305  Cost: 91.32
Route: 3 76 89 92 13 67 -3 
  3 [ 7  32: 47]
 76 [ 4  80: 85]
 89 [ 3 420:425]
 92 [ 6 437:442]
 13 [ 4 442:447]
 67 [ 3 463:468]
 -3 [ 3 494:494]

Vehicle: 306  Cost: 17.73
Route: 3 109 43 113 -3 
  3 [ 1  32: 51]
109 [ 5  60: 65]
 43 [ 4  65: 70]
113 [ 7 180:185]
 -3 [ 7 190:190]

Vehicle: 314  Cost: 67.86
Route: 3 133 42 22 99 17 93 55 27 -3 
  3 [ 7  32: 47]
133 [10  56: 61]
 42 [ 9  64: 69]
 22 [ 8 180:185]
 99 [ 9 185:190]
 17 [ 8 201:206]
 93 [ 9 206:211]
 55 [ 6 300:305]
 27 [ 5 309:314]
 -3 [ 5 339:339]

Vehicle: 401  Cost: 34.56
Route: 4 75 84 38 -4 
  4 [ 9  84: 99]
 75 [ 5 106:111]
 84 [ 4 120:125]
 38 [ 0 300:305]
 -4 [ 0 316:316]

Vehicle: 402  Cost: 4.47
Route: 4 94 -4 
  4 [ 0   0: 15]
 94 [ 3  17: 22]
 -4 [ 3  24: 24]

Vehicle: 501  Cost: 58.37
Route: 5 56 119 10 103 28 132 74 -5 
  5 [ 8  65: 80]
 56 [ 5  89: 94]
119 [ 8  94: 99]
 10 [ 6 300:305]
103 [10 322:327]
 28 [ 8 327:332]
132 [10 338:343]
 74 [ 9 343:348]
 -5 [ 9 360:360]

Vehicle: 502  Cost: 107.62
Route: 5 61 35 117 34 142 82 138 -5 
  5 [ 9  65:287]
 61 [ 8 300:305]
 35 [ 5 331:336]
117 [ 8 346:351]
 34 [ 5 362:367]
142 [ 9 373:378]
 82 [ 7 420:425]
138 [10 425:430]
 -5 [10 450:450]

Vehicle: 504  Cost: 79.45
Route: 5 104 11 90 37 79 137 91 -5 
  5 [ 8  65: 80]
104 [ 9 108:113]
 11 [ 7 121:126]
 90 [10 126:131]
 37 [ 6 300:305]
 79 [ 4 306:311]
137 [ 7 311:316]
 91 [ 8 329:334]
 -5 [ 8 358:358]

Vehicle: 505  Cost: 92.57
Route: 5 69 81 126 65 18 -5 
  5 [10  65: 80]
 69 [ 6 100:105]
 81 [ 5 117:122]
126 [ 8 137:142]
 65 [ 6 142:147]
 18 [ 3 300:305]
 -5 [ 3 347:347]

Vehicle: 506  Cost: 97.71
Route: 5 102 40 86 97 118 52 -5 
  5 [ 7  65: 80]
102 [ 8 105:110]
 40 [ 6 124:129]
 86 [ 2 142:147]
 97 [ 5 163:168]
118 [ 9 176:181]
 52 [ 8 184:189]
 -5 [ 8 207:207]

Vehicle: 507  Cost: 73.61
Route: 5 49 48 100 57 120 50 116 -5 
  5 [10  65: 80]
 49 [ 7  98:103]
 48 [ 6 111:116]
100 [ 7 180:185]
 57 [ 3 300:305]
120 [ 7 305:310]
 50 [ 5 315:320]
116 [ 6 333:338]
 -5 [ 6 351:351]

Vehicle: 601  Cost: 55.31
Route: 6 63 124 29 16 111 46 -6 
  6 [ 6  44: 59]
 63 [ 5  75: 80]
124 [ 7  80: 85]
 29 [ 6 420:425]
 16 [ 5 433:438]
111 [ 9 444:449]
 46 [ 6 449:454]
 -6 [ 6 471:471]

Vehicle: 602  Cost: 59.12
Route: 6 80 60 122 115 53 58 -6 
  6 [ 7  44: 59]
 80 [ 4  68: 73]
 60 [ 3  93: 98]
122 [ 7  98:103]
115 [10 300:305]
 53 [ 9 305:310]
 58 [ 7 321:326]
 -6 [ 7 336:336]

Vehicle: 603  Cost: 87.55
Route: 6 32 134 87 141 21 98 108 -6 
  6 [10  44: 59]
 32 [ 7  81: 86]
134 [ 9  90: 95]
 87 [ 6 109:114]
141 [ 9 114:119]
 21 [ 5 121:126]
 98 [ 7 126:131]
108 [ 9 180:185]
 -6 [ 9 214:214]

Vehicle: 604  Cost: 34.41
Route: 6 31 54 107 -6 
  6 [ 5  44:175]
 31 [ 2 180:185]
 54 [ 0 300:305]
107 [ 3 315:320]
 -6 [ 3 337:337]

Vehicle: 701  Cost: 29.90
Route: 7 51 135 78 140 85 -7 
  7 [ 9 536:551]
 51 [ 5 552:557]
135 [ 7 566:571]
 78 [ 3 571:576]
140 [ 5 586:591]
 85 [ 4 591:596]
 -7 [ 4 605:605]

Vehicle: 801  Cost: 8.00
Route: 8 114 -8 
  8 [ 0   0: 15]
114 [ 3  19: 24]
 -8 [ 3  28: 28]

Vehicle: 901  Cost: 54.47
Route: 9 106 26 47 112 136 66 127 -9 
  9 [ 7 122:137]
106 [10 149:154]
 26 [ 9 164:169]
 47 [ 6 179:184]
112 [ 7 184:189]
136 [10 195:200]
 66 [ 7 300:305]
127 [ 9 305:310]
 -9 [ 9 324:324]

Vehicle: 902  Cost: 18.81
Route: 9 72 131 36 -9 
  9 [ 7 122:174]
 72 [ 3 180:185]
131 [ 4 185:190]
 36 [ 1 300:305]
 -9 [ 1 311:311]

Vehicle: 903  Cost: 86.21
Route: 9 15 12 30 143 -9 
  9 [10 122:137]
 15 [ 7 145:150]
 12 [ 3 179:184]
 30 [ 0 420:425]
143 [ 1 434:439]
 -9 [ 1 461:461]

Vehicle: 904  Cost: 62.15
Route: 9 45 110 14 71 129 -9 
  9 [10 122:160]
 45 [ 8 180:185]
110 [ 9 185:190]
 14 [ 5 200:205]
 71 [ 1 300:305]
129 [ 5 305:310]
 -9 [ 5 338:338]

Vehicle: 906  Cost: 33.53
Route: 9 41 88 105 39 121 59 -9 
  9 [10 122:168]
 41 [ 6 180:185]
 88 [ 3 300:305]
105 [ 4 316:321]
 39 [ 3 321:326]
121 [ 7 420:425]
 59 [ 5 425:430]
 -9 [ 5 433:433]

Total Cost: 2019.81
 11:63.56, 51:75 [1, 3, -3, -1]
 14:131.64, 58:75 [1, 5, -5, -3, -1]
 15:87.86, 28:75 [1, 6, -6, -1]
 18:183.88, 64:75 [1, 2, 4, -4, 9, -9, -8, 7, -7, -1]
201:12.17, 2:10 [2, 77, -2]
301:74.08, 10:10 [3, 24, 33, 128, 70, 83, 139, -3]
302:82.23, 9:10 [3, 68, 23, 101, 73, -3]
303:52.73, 9:10 [3, 44, 130, 19, 95, 25, -3]
304:76.92, 10:10 [3, 96, 20, 123, 62, 125, 64, -3]
305:91.32, 7:10 [3, 76, 89, 92, 13, 67, -3]
306:17.73, 7:10 [3, 109, 43, 113, -3]
314:67.86, 10:10 [3, 133, 42, 22, 99, 17, 93, 55, 27, -3]
401:34.56, 9:10 [4, 75, 84, 38, -4]
402:4.47, 3:10 [4, 94, -4]
501:58.37, 10:10 [5, 56, 119, 10, 103, 28, 132, 74, -5]
502:107.62, 10:10 [5, 61, 35, 117, 34, 142, 82, 138, -5]
504:79.45, 10:10 [5, 104, 11, 90, 37, 79, 137, 91, -5]
505:92.57, 10:10 [5, 69, 81, 126, 65, 18, -5]
506:97.71, 9:10 [5, 102, 40, 86, 97, 118, 52, -5]
507:73.61, 10:10 [5, 49, 48, 100, 57, 120, 50, 116, -5]
601:55.31, 9:10 [6, 63, 124, 29, 16, 111, 46, -6]
602:59.12, 10:10 [6, 80, 60, 122, 115, 53, 58, -6]
603:87.55, 10:10 [6, 32, 134, 87, 141, 21, 98, 108, -6]
604:34.41, 5:10 [6, 31, 54, 107, -6]
701:29.90, 9:10 [7, 51, 135, 78, 140, 85, -7]
801:8.00, 3:10 [8, 114, -8]
901:54.47, 10:10 [9, 106, 26, 47, 112, 136, 66, 127, -9]
902:18.81, 7:10 [9, 72, 131, 36, -9]
903:86.21, 10:10 [9, 15, 12, 30, 143, -9]
904:62.15, 10:10 [9, 45, 110, 14, 71, 129, -9]
906:33.53, 10:10 [9, 41, 88, 105, 39, 121, 59, -9]
fe: 4, se: 27

!ALNS------------
100000,2019.8129830665607,761.347,468.882,4,27,0.67,0.8444444444444444,33.5,4.962962962962963
14 30 11 7 0 1 11 1 
10.811495340115494 25.35987854223865 9.091415683212167 15.044440673010776 29.898195797038717 25.920261724224932 16.170971197945708 33.032643706099236 
6 6 13 9 8 10 19 4 
16.66491231231769 17.155555236594267 16.494984103049678 17.89720748473592 16.38247597858668 15.590662401034193 17.49760428590402 17.78766076482226 

x[1165] = 1.0
Vehicle: 11  Cost: 63.56
Route: 1 3 -3 -1 
 1 [ 47   0:  0 [62, 55, 68, 42, 24, 22, 67, 17, 25, 20, 43, 23, 89, 64, 70, 19, 44, 27, 73, 33, 76, 13]]
 3 [  0  32: 32 []]
-3 [ 28  32:377 [128, 99, 113, 93, 109, 133, 125, 123, 95, 96, 130]]
-1 [ 28 409:409 [128, 99, 113, 93, 109, 133, 125, 123, 95, 96, 130]]

x[1330] = 1.0
Vehicle: 18  Cost: 183.88
Route: 1 2 4 -4 9 -9 -8 7 -7 -1 
 1 [ 64   0:  0 [59, 30, 85, 66, 39, 72, 38, 15, 41, 36, 47, 84, 71, 45, 77, 14, 78, 75, 88, 51, 26, 12]]
 2 [ 62  59: 74 [59, 30, 85, 66, 39, 72, 38, 15, 41, 36, 47, 84, 71, 45, 14, 78, 75, 88, 51, 26, 12]]
 4 [ 53  84: 84 [59, 30, 85, 66, 39, 72, 15, 41, 36, 47, 71, 45, 14, 78, 88, 51, 26, 12]]
-4 [ 56  84: 99 [94, 59, 30, 85, 66, 39, 72, 15, 41, 36, 47, 71, 45, 14, 78, 88, 51, 26, 12]]
 9 [ 12 122:122 [94, 85, 78, 51]]
-9 [ 33 122:476 [129, 105, 127, 136, 112, 94, 85, 106, 131, 121, 110, 143, 78, 51]]
-8 [ 36 498:513 [114, 85, 94, 129, 105, 127, 136, 112, 106, 131, 121, 110, 143, 78, 51]]
 7 [ 27 536:536 [129, 105, 127, 136, 112, 94, 106, 131, 121, 110, 143, 114]]
-7 [ 31 536:620 [129, 105, 127, 136, 112, 94, 135, 140, 106, 131, 121, 110, 143, 114]]
-1 [ 31 667:667 [129, 105, 127, 136, 112, 94, 135, 140, 106, 131, 121, 110, 143, 114]]

x[1418] = 1.0
Vehicle: 15  Cost: 87.86
Route: 1 6 -6 -1 
 1 [ 32   0:  0 [29, 54, 32, 58, 87, 80, 53, 21, 63, 60, 46, 16, 31, 83]]
 6 [  0  44: 44 []]
-6 [ 29  44:517 [115, 107, 108, 98, 134, 124, 141, 122, 139, 111]]
-1 [ 29 561:561 [115, 107, 108, 98, 134, 124, 141, 122, 139, 111]]

x[5712] = 1.0
Vehicle: 14  Cost: 131.64
Route: 1 5 -5 -3 -1 
 1 [ 52   0:  0 [37, 28, 81, 50, 11, 86, 82, 40, 69, 74, 18, 61, 48, 56, 52, 57, 35, 10, 49, 34, 79, 65]]
 5 [  0  65: 65 []]
-5 [ 44  65:465 [119, 102, 118, 100, 104, 97, 126, 132, 91, 120, 90, 103, 142, 138, 117, 137, 116]]
-3 [ 56 500:567 [119, 102, 118, 100, 104, 97, 126, 132, 91, 120, 90, 103, 142, 138, 117, 99, 101, 128, 137, 92, 125, 116]]
-1 [ 56 598:598 [119, 102, 118, 100, 104, 97, 126, 132, 91, 120, 90, 103, 142, 138, 117, 99, 101, 128, 137, 92, 125, 116]]

y[348] = 1.0
Vehicle: 504  Cost: 62.58
Route: 5 69 10 103 28 74 132 -5 
  5 [ 9  65: 80]
 69 [ 5 100:105]
 10 [ 3 300:305]
103 [ 7 322:327]
 28 [ 5 327:332]
 74 [ 4 338:343]
132 [ 6 343:348]
 -5 [ 6 360:360]

y[684] = 1.0
Vehicle: 301  Cost: 52.73
Route: 3 44 130 19 95 25 -3 
  3 [ 9  32:162]
 44 [ 6 180:185]
130 [ 9 189:194]
 19 [ 5 300:305]
 95 [ 9 305:310]
 25 [ 7 321:326]
 -3 [ 7 339:339]

y[1920] = 1.0
Vehicle: 402  Cost: 4.47
Route: 4 94 -4 
  4 [ 0   0: 15]
 94 [ 3  17: 22]
 -4 [ 3  24: 24]

y[2147] = 1.0
Vehicle: 603  Cost: 64.35
Route: 6 63 124 83 139 29 46 111 -6 
  6 [ 9  72: 87]
 63 [ 8 103:108]
124 [10 108:113]
 83 [ 6 300:305]
139 [10 305:310]
 29 [ 9 420:425]
 46 [ 6 430:435]
111 [10 435:440]
 -6 [10 456:456]

y[2306] = 1.0
Vehicle: 305  Cost: 35.98
Route: 3 133 24 43 109 113 -3 
  3 [ 4  32: 47]
133 [ 7  56: 61]
 24 [ 4  68: 73]
 43 [ 3  84: 89]
109 [ 7  89: 94]
113 [10 180:185]
 -3 [10 190:190]

y[3233] = 1.0
Vehicle: 503  Cost: 99.86
Route: 5 49 48 35 117 142 34 -5 
  5 [10 121:136]
 49 [ 7 154:159]
 48 [ 6 167:172]
 35 [ 3 300:305]
117 [ 6 315:320]
142 [10 326:331]
 34 [ 7 336:341]
 -5 [ 7 380:380]

y[3800] = 1.0
Vehicle: 702  Cost: 29.90
Route: 7 51 78 135 140 85 -7 
  7 [ 9 536:551]
 51 [ 5 552:557]
 78 [ 1 566:571]
135 [ 3 571:576]
140 [ 5 586:591]
 85 [ 4 591:596]
 -7 [ 4 605:605]

y[3813] = 1.0
Vehicle: 302  Cost: 72.17
Route: 3 42 22 99 27 55 33 128 70 -3 
  3 [ 9  32: 47]
 42 [ 8  58: 63]
 22 [ 7 180:185]
 99 [ 8 185:190]
 27 [ 7 300:305]
 55 [ 4 309:314]
 33 [ 3 420:425]
128 [ 7 431:436]
 70 [ 5 436:441]
 -3 [ 5 466:466]

y[4350] = 1.0
Vehicle: 906  Cost: 33.53
Route: 9 41 88 105 39 121 59 -9 
  9 [10 184:199]
 41 [ 6 211:216]
 88 [ 3 300:305]
105 [ 4 316:321]
 39 [ 3 321:326]
121 [ 7 420:425]
 59 [ 5 425:430]
 -9 [ 5 433:433]

y[5718] = 1.0
Vehicle: 904  Cost: 62.15
Route: 9 45 110 14 129 71 -9 
  9 [10 200:215]
 45 [ 8 235:240]
110 [ 9 240:245]
 14 [ 5 255:260]
129 [ 9 300:305]
 71 [ 5 305:310]
 -9 [ 5 338:338]

y[5807] = 1.0
Vehicle: 901  Cost: 43.72
Route: 9 106 26 47 112 36 -9 
  9 [ 7 122:137]
106 [10 149:154]
 26 [ 9 164:169]
 47 [ 6 179:184]
112 [ 7 184:189]
 36 [ 4 300:305]
 -9 [ 4 311:311]

y[7578] = 1.0
Vehicle: 401  Cost: 34.56
Route: 4 75 84 38 -4 
  4 [ 9 135:150]
 75 [ 5 157:162]
 84 [ 4 170:175]
 38 [ 0 300:305]
 -4 [ 0 316:316]

y[7970] = 1.0
Vehicle: 502  Cost: 68.94
Route: 5 52 50 57 120 138 82 -5 
  5 [ 9 116:161]
 52 [ 8 180:185]
 50 [ 6 300:305]
 57 [ 2 310:315]
120 [ 6 315:320]
138 [ 9 420:425]
 82 [ 7 425:430]
 -5 [ 7 450:450]

y[8452] = 1.0
Vehicle: 306  Cost: 82.23
Route: 3 68 23 101 73 -3 
  3 [ 9  32: 47]
 68 [ 5  84: 89]
 23 [ 1 420:425]
101 [ 4 425:430]
 73 [ 3 446:451]
 -3 [ 3 475:475]

y[10030] = 1.0
Vehicle: 201  Cost: 12.17
Route: 2 77 -2 
  2 [ 2 538:553]
 77 [ 0 559:564]
 -2 [ 0 570:570]

y[10728] = 1.0
Vehicle: 602  Cost: 89.13
Route: 6 87 141 21 98 108 16 58 -6 
  6 [10  44: 59]
 87 [ 7  90: 95]
141 [10  95:100]
 21 [ 6 102:107]
 98 [ 8 107:112]
108 [10 180:185]
 16 [ 9 300:305]
 58 [ 7 325:330]
 -6 [ 7 340:340]

y[11553] = 1.0
Vehicle: 602  Cost: 38.56
Route: 6 31 80 107 54 -6 
  6 [ 8  44:175]
 31 [ 5 180:185]
 80 [ 2 191:196]
107 [ 5 300:305]
 54 [ 3 315:320]
 -6 [ 3 327:327]

y[11771] = 1.0
Vehicle: 504  Cost: 79.45
Route: 5 104 11 90 37 79 137 91 -5 
  5 [ 8 149:164]
104 [ 9 192:197]
 11 [ 7 205:210]
 90 [10 210:215]
 37 [ 6 300:305]
 79 [ 4 306:311]
137 [ 7 311:316]
 91 [ 8 329:334]
 -5 [ 8 358:358]

y[12574] = 1.0
Vehicle: 304  Cost: 94.81
Route: 3 17 93 20 96 62 123 64 125 -3 
  3 [ 9  32: 47]
 17 [ 8  75: 80]
 93 [ 9  80: 85]
 20 [ 7 113:118]
 96 [ 8 118:123]
 62 [ 4 300:305]
123 [ 7 305:310]
 64 [ 5 316:321]
125 [ 6 321:326]
 -3 [ 6 355:355]

y[13771] = 1.0
Vehicle: 901  Cost: 28.18
Route: 9 131 72 136 66 127 -9 
  9 [ 7 180:195]
131 [ 8 202:207]
 72 [ 4 207:212]
136 [ 7 217:222]
 66 [ 4 300:305]
127 [ 6 305:310]
 -9 [ 6 324:324]

y[14054] = 1.0
Vehicle: 502  Cost: 95.26
Route: 5 56 119 81 65 126 18 61 -5 
  5 [10  91:106]
 56 [ 7 115:120]
119 [10 120:125]
 81 [ 9 148:153]
 65 [ 7 168:173]
126 [10 173:178]
 18 [ 7 300:305]
 61 [ 6 337:342]
 -5 [ 6 354:354]

y[15962] = 1.0
Vehicle: 801  Cost: 8.00
Route: 8 114 -8 
  8 [ 0   0: 15]
114 [ 3  19: 24]
 -8 [ 3  28: 28]

y[16435] = 1.0
Vehicle: 905  Cost: 86.21
Route: 9 15 12 30 143 -9 
  9 [10 122:137]
 15 [ 7 145:150]
 12 [ 3 179:184]
 30 [ 0 420:425]
143 [ 1 434:439]
 -9 [ 1 461:461]

y[17301] = 1.0
Vehicle: 303  Cost: 91.32
Route: 3 76 89 13 92 67 -3 
  3 [ 7  32: 47]
 76 [ 4  80: 85]
 89 [ 3 420:425]
 13 [ 1 437:442]
 92 [ 4 442:447]
 67 [ 3 463:468]
 -3 [ 3 494:494]

y[17368] = 1.0
Vehicle: 506  Cost: 97.85
Route: 5 118 86 40 100 102 97 116 -5 
  5 [ 6  91:106]
118 [10 122:127]
 86 [ 6 150:155]
 40 [ 4 168:173]
100 [ 5 182:187]
102 [ 6 192:197]
 97 [ 9 205:210]
116 [10 300:305]
 -5 [10 318:318]

y[18388] = 1.0
Vehicle: 604  Cost: 69.10
Route: 6 32 134 122 60 53 115 -6 
  6 [ 5  44: 59]
 32 [ 2  81: 86]
134 [ 4  90: 95]
122 [ 8 110:115]
 60 [ 7 115:120]
 53 [ 6 300:305]
115 [ 9 305:310]
 -6 [ 9 329:329]

FE: 4
SE: 26
!MIP-----
2004.1398664800784,4124.0427350997925,7.505238650334966E-5,4,26,9342,19020

Run: 3
Total Cost: 2009.97
Vehicle: 11  Cost: 63.56
Route: 1 3 -3 -1 
 1 [ 52   0:  0 [22, 83, 73, 62, 52, 27, 23, 68, 33, 20, 25, 43, 24, 70, 76, 86, 44, 17, 64, 19, 55, 42]]
 3 [  0  32: 32 []]
-3 [ 35  32:370 [139, 123, 125, 133, 96, 99, 97, 109, 113, 95, 130, 118, 93]]
-1 [ 35 402:402 [139, 123, 125, 133, 96, 99, 97, 109, 113, 95, 130, 118, 93]]

Vehicle: 13  Cost: 173.08
Route: 1 4 -4 9 -9 2 7 -7 -1 
 1 [ 67   0:  0 [72, 47, 15, 51, 14, 59, 78, 36, 85, 74, 88, 77, 41, 30, 84, 45, 12, 71, 11, 26, 75, 66, 39, 38]]
 4 [ 58  66: 66 [72, 47, 15, 51, 14, 59, 78, 36, 85, 74, 88, 77, 41, 30, 45, 12, 71, 11, 26, 66, 39]]
-4 [ 61  66: 81 [94, 72, 47, 15, 51, 14, 59, 78, 36, 85, 74, 88, 77, 41, 30, 45, 12, 71, 11, 26, 66, 39]]
 9 [ 14 104:104 [94, 51, 78, 85, 77]]
-9 [ 40 104:476 [94, 106, 127, 136, 51, 110, 78, 85, 131, 121, 105, 132, 112, 77, 90, 129, 143]]
 2 [ 38 499:514 [51, 78, 85, 94, 106, 127, 136, 110, 131, 121, 105, 132, 112, 90, 129, 143]]
 7 [ 29 528:528 [94, 106, 127, 136, 110, 131, 121, 105, 132, 112, 90, 129, 143]]
-7 [ 33 528:613 [135, 94, 106, 127, 136, 110, 131, 121, 105, 132, 112, 90, 140, 129, 143]]
-1 [ 33 659:659 [135, 94, 106, 127, 136, 110, 131, 121, 105, 132, 112, 90, 140, 129, 143]]

Vehicle: 14  Cost: 87.86
Route: 1 6 -6 -1 
 1 [ 28   0:  0 [58, 31, 60, 87, 63, 21, 80, 29, 46, 53, 32, 54, 16]]
 6 [  0  44: 44 []]
-6 [ 25  44:486 [115, 111, 108, 141, 134, 122, 124, 107, 98]]
-1 [ 25 529:529 [115, 111, 108, 141, 134, 122, 124, 107, 98]]

Vehicle: 16  Cost: 142.52
Route: 1 -8 5 -5 -3 -1 
 1 [ 48   0:  0 [82, 67, 37, 65, 79, 57, 50, 28, 35, 89, 48, 49, 69, 34, 40, 13, 61, 56, 81, 10, 18]]
-8 [ 51  58: 73 [114, 82, 67, 37, 65, 79, 57, 50, 28, 35, 89, 48, 49, 69, 34, 40, 13, 61, 56, 81, 10, 18]]
 5 [  3  91: 91 [114]]
-5 [ 38  91:510 [92, 126, 103, 120, 138, 137, 114, 119, 100, 142, 116, 117, 102, 91, 104]]
-3 [ 45 546:561 [128, 114, 92, 126, 103, 120, 138, 137, 119, 100, 142, 116, 117, 101, 102, 91, 104]]
-1 [ 45 592:592 [92, 126, 103, 120, 138, 137, 114, 119, 100, 142, 116, 117, 128, 101, 102, 91, 104]]

Vehicle: 201  Cost: 12.17
Route: 2 77 -2 
  2 [ 2 499:514]
 77 [ 0 520:525]
 -2 [ 0 531:531]

Vehicle: 301  Cost: 43.60
Route: 3 113 44 130 19 95 -3 
  3 [ 7  32:175]
113 [10 180:185]
 44 [ 7 199:204]
130 [10 207:212]
 19 [ 6 300:305]
 95 [10 305:310]
 -3 [10 324:324]

Vehicle: 302  Cost: 39.04
Route: 3 43 109 99 22 24 42 133 -3 
  3 [ 6  32: 51]
 43 [ 5  60: 65]
109 [ 9  65: 70]
 99 [10 180:185]
 22 [ 9 185:190]
 24 [ 6 192:197]
 42 [ 5 201:206]
133 [ 8 209:214]
 -3 [ 8 223:223]

Vehicle: 303  Cost: 82.23
Route: 3 68 101 23 73 -3 
  3 [ 9  32: 47]
 68 [ 5  84: 89]
101 [ 8 420:425]
 23 [ 4 425:430]
 73 [ 3 446:451]
 -3 [ 3 475:475]

Vehicle: 304  Cost: 26.83
Route: 3 83 139 -3 
  3 [ 4  32:287]
 83 [ 0 300:305]
139 [ 4 305:310]
 -3 [ 4 323:323]

Vehicle: 305  Cost: 98.72
Route: 3 76 86 97 118 52 25 -3 
  3 [10  32: 47]
 76 [ 7  80: 85]
 86 [ 3  97:102]
 97 [ 6 118:123]
118 [10 131:136]
 52 [ 9 180:185]
 25 [ 7 300:305]
 -3 [ 7 318:318]

Vehicle: 306  Cost: 69.79
Route: 3 70 128 33 55 27 -3 
  3 [ 7  32:275]
 70 [ 5 300:305]
128 [ 9 305:310]
 33 [ 8 420:425]
 55 [ 5 435:440]
 27 [ 4 444:449]
 -3 [ 4 474:474]

Vehicle: 312  Cost: 94.81
Route: 3 17 93 20 96 62 123 64 125 -3 
  3 [ 9  32: 47]
 17 [ 8  75: 80]
 93 [ 9  80: 85]
 20 [ 7 113:118]
 96 [ 8 118:123]
 62 [ 4 300:305]
123 [ 7 305:310]
 64 [ 5 316:321]
125 [ 6 321:326]
 -3 [ 6 355:355]

Vehicle: 401  Cost: 34.56
Route: 4 75 84 38 -4 
  4 [ 9  66: 81]
 75 [ 5  88: 93]
 84 [ 4 102:107]
 38 [ 0 300:305]
 -4 [ 0 316:316]

Vehicle: 402  Cost: 4.47
Route: 4 94 -4 
  4 [ 0   0: 15]
 94 [ 3  17: 22]
 -4 [ 3  24: 24]

Vehicle: 501  Cost: 64.99
Route: 5 56 119 49 10 28 103 -5 
  5 [10  91:106]
 56 [ 7 115:120]
119 [10 120:125]
 49 [ 7 134:139]
 10 [ 5 300:305]
 28 [ 3 322:327]
103 [ 7 327:332]
 -5 [ 7 346:346]

Vehicle: 502  Cost: 116.99
Route: 5 102 100 40 13 92 89 67 50 116 -5 
  5 [ 8  91:106]
102 [ 9 131:136]
100 [10 180:185]
 40 [ 8 194:199]
 13 [ 6 300:305]
 92 [ 9 305:310]
 89 [ 8 420:425]
 67 [ 7 444:449]
 50 [ 5 459:464]
116 [ 6 477:482]
 -5 [ 6 495:495]

Vehicle: 503  Cost: 79.37
Route: 5 69 104 137 79 37 91 -5 
  5 [10  91:106]
 69 [ 6 126:131]
104 [ 7 146:151]
137 [10 300:305]
 79 [ 8 305:310]
 37 [ 4 311:316]
 91 [ 5 329:334]
 -5 [ 5 357:357]

Vehicle: 504  Cost: 128.01
Route: 5 48 81 65 126 18 34 142 117 -5 
  5 [10  91:106]
 48 [ 9 131:136]
 81 [ 8 155:160]
 65 [ 6 174:179]
126 [ 9 179:184]
 18 [ 6 300:305]
 34 [ 3 314:319]
142 [ 7 324:329]
117 [10 335:340]
 -5 [10 386:386]

Vehicle: 505  Cost: 86.72
Route: 5 61 57 120 35 138 82 -5 
  5 [10  91:287]
 61 [ 9 300:305]
 57 [ 5 322:327]
120 [ 9 327:332]
 35 [ 6 350:355]
138 [ 9 420:425]
 82 [ 7 425:430]
 -5 [ 7 450:450]

Vehicle: 601  Cost: 59.12
Route: 6 80 122 60 53 115 58 -6 
  6 [ 7  44: 59]
 80 [ 4  68: 73]
122 [ 8  93: 98]
 60 [ 7  98:103]
 53 [ 6 300:305]
115 [ 9 305:310]
 58 [ 7 321:326]
 -6 [ 7 336:336]

Vehicle: 602  Cost: 34.41
Route: 6 31 54 107 -6 
  6 [ 5  44:175]
 31 [ 2 180:185]
 54 [ 0 300:305]
107 [ 3 315:320]
 -6 [ 3 337:337]

Vehicle: 603  Cost: 87.55
Route: 6 32 134 87 141 21 98 108 -6 
  6 [10  44: 59]
 32 [ 7  81: 86]
134 [ 9  90: 95]
 87 [ 6 109:114]
141 [ 9 114:119]
 21 [ 5 121:126]
 98 [ 7 126:131]
108 [ 9 180:185]
 -6 [ 9 214:214]

Vehicle: 604  Cost: 55.31
Route: 6 124 63 29 16 46 111 -6 
  6 [ 6  44: 59]
124 [ 8  75: 80]
 63 [ 7  80: 85]
 29 [ 6 420:425]
 16 [ 5 433:438]
 46 [ 2 444:449]
111 [ 6 449:454]
 -6 [ 6 471:471]

Vehicle: 701  Cost: 29.90
Route: 7 51 78 135 140 85 -7 
  7 [ 9 528:543]
 51 [ 5 544:549]
 78 [ 1 559:564]
135 [ 3 564:569]
140 [ 5 579:584]
 85 [ 4 584:589]
 -7 [ 4 598:598]

Vehicle: 801  Cost: 8.00
Route: 8 114 -8 
  8 [ 0   0: 15]
114 [ 3  19: 24]
 -8 [ 3  28: 28]

Vehicle: 901  Cost: 37.47
Route: 9 41 88 132 74 39 105 -9 
  9 [ 9 104:168]
 41 [ 5 180:185]
 88 [ 2 300:305]
132 [ 4 308:313]
 74 [ 3 313:318]
 39 [ 2 331:336]
105 [ 3 336:341]
 -9 [ 3 348:348]

Vehicle: 902  Cost: 30.23
Route: 9 72 131 136 47 112 36 -9 
  9 [10 104:174]
 72 [ 6 180:185]
131 [ 7 185:190]
136 [10 195:200]
 47 [ 7 207:212]
112 [ 8 212:217]
 36 [ 5 300:305]
 -9 [ 5 311:311]

Vehicle: 903  Cost: 86.21
Route: 9 15 12 30 143 -9 
  9 [10 104:119]
 15 [ 7 127:132]
 12 [ 3 160:165]
 30 [ 0 420:425]
143 [ 1 434:439]
 -9 [ 1 461:461]

Vehicle: 904  Cost: 63.95
Route: 9 106 26 11 90 66 127 -9 
  9 [ 6 104:119]
106 [ 9 131:136]
 26 [ 8 145:150]
 11 [ 6 164:169]
 90 [ 9 169:174]
 66 [ 6 300:305]
127 [ 8 305:310]
 -9 [ 8 324:324]

Vehicle: 905  Cost: 62.15
Route: 9 45 110 14 71 129 -9 
  9 [10 104:160]
 45 [ 8 180:185]
110 [ 9 185:190]
 14 [ 5 200:205]
 71 [ 1 300:305]
129 [ 5 305:310]
 -9 [ 5 338:338]

Vehicle: 906  Cost: 6.32
Route: 9 121 59 -9 
  9 [ 2 104:417]
121 [ 6 420:425]
 59 [ 4 425:430]
 -9 [ 4 433:433]

Total Cost: 2009.97
 11:63.56, 52:75 [1, 3, -3, -1]
 13:173.08, 67:75 [1, 4, -4, 9, -9, 2, 7, -7, -1]
 14:87.86, 28:75 [1, 6, -6, -1]
 16:142.52, 51:75 [1, -8, 5, -5, -3, -1]
201:12.17, 2:10 [2, 77, -2]
301:43.60, 10:10 [3, 113, 44, 130, 19, 95, -3]
302:39.04, 10:10 [3, 43, 109, 99, 22, 24, 42, 133, -3]
303:82.23, 9:10 [3, 68, 101, 23, 73, -3]
304:26.83, 4:10 [3, 83, 139, -3]
305:98.72, 10:10 [3, 76, 86, 97, 118, 52, 25, -3]
306:69.79, 9:10 [3, 70, 128, 33, 55, 27, -3]
312:94.81, 9:10 [3, 17, 93, 20, 96, 62, 123, 64, 125, -3]
401:34.56, 9:10 [4, 75, 84, 38, -4]
402:4.47, 3:10 [4, 94, -4]
501:64.99, 10:10 [5, 56, 119, 49, 10, 28, 103, -5]
502:116.99, 10:10 [5, 102, 100, 40, 13, 92, 89, 67, 50, 116, -5]
503:79.37, 10:10 [5, 69, 104, 137, 79, 37, 91, -5]
504:128.01, 10:10 [5, 48, 81, 65, 126, 18, 34, 142, 117, -5]
505:86.72, 10:10 [5, 61, 57, 120, 35, 138, 82, -5]
601:59.12, 9:10 [6, 80, 122, 60, 53, 115, 58, -6]
602:34.41, 5:10 [6, 31, 54, 107, -6]
603:87.55, 10:10 [6, 32, 134, 87, 141, 21, 98, 108, -6]
604:55.31, 8:10 [6, 124, 63, 29, 16, 46, 111, -6]
701:29.90, 9:10 [7, 51, 78, 135, 140, 85, -7]
801:8.00, 3:10 [8, 114, -8]
901:37.47, 9:10 [9, 41, 88, 132, 74, 39, 105, -9]
902:30.23, 10:10 [9, 72, 131, 136, 47, 112, 36, -9]
903:86.21, 10:10 [9, 15, 12, 30, 143, -9]
904:63.95, 9:10 [9, 106, 26, 11, 90, 66, 127, -9]
905:62.15, 10:10 [9, 45, 110, 14, 71, 129, -9]
906:6.32, 6:10 [9, 121, 59, -9]
fe: 4, se: 27

!ALNS------------
100000,2009.9733736748183,762.235,430.723,4,27,0.66,0.825925925925926,33.5,4.962962962962963
18 20 21 10 0 1 8 0 
9.124188926692844 22.263632715631605 9.326309231218723 12.494966787698838 41.22314403527935 20.920716868329393 15.36304653120334 30.02477001131878 
10 5 10 12 10 14 10 7 
16.15299991943784 12.982869616462036 15.375502986003452 14.48143876766142 15.499016567388443 15.574171665814255 14.28025596058696 16.16384537415581 

x[1074] = 1.0
Vehicle: 11  Cost: 63.56
Route: 1 3 -3 -1 
 1 [ 52   0:  0 [64, 19, 83, 17, 68, 44, 55, 73, 27, 20, 23, 33, 24, 42, 62, 43, 25, 86, 52, 70, 76, 22]]
 3 [  0  32: 32 []]
-3 [ 39  32:388 [113, 125, 97, 109, 96, 133, 95, 139, 130, 93, 128, 99, 118, 123]]
-1 [ 39 420:420 [113, 125, 97, 109, 96, 133, 95, 139, 130, 93, 128, 99, 118, 123]]

x[4858] = 1.0
Vehicle: 16  Cost: 142.52
Route: 1 -8 5 -5 -3 -1 
 1 [ 48   0:  0 [57, 65, 82, 28, 49, 50, 34, 35, 56, 13, 48, 10, 79, 18, 67, 40, 81, 37, 61, 89, 69]]
-8 [ 51  58: 73 [114, 57, 65, 82, 28, 49, 50, 34, 35, 56, 13, 48, 10, 79, 18, 67, 40, 81, 37, 61, 89, 69]]
 5 [  3  91: 91 [114]]
-5 [ 38  91:515 [119, 114, 91, 104, 126, 142, 120, 116, 92, 138, 102, 100, 137, 117, 103]]
-3 [ 45 550:565 [128, 119, 114, 101, 91, 104, 126, 142, 120, 116, 92, 138, 102, 100, 137, 117, 103]]
-1 [ 45 597:597 [128, 119, 114, 101, 91, 104, 126, 142, 120, 116, 92, 138, 102, 100, 137, 117, 103]]

x[5213] = 1.0
Vehicle: 13  Cost: 170.97
Route: 1 7 4 -4 9 -9 2 -2 -1 
 1 [ 63   0:  0 [74, 88, 11, 15, 39, 36, 85, 77, 71, 72, 26, 45, 30, 66, 41, 14, 47, 59, 51, 38, 75, 12, 84]]
 7 [ 59  47: 62 [74, 88, 11, 15, 39, 36, 85, 77, 71, 72, 26, 45, 30, 66, 41, 14, 47, 59, 38, 75, 12, 84]]
 4 [ 50  81: 81 [74, 88, 11, 15, 39, 36, 85, 77, 71, 72, 26, 45, 30, 66, 41, 14, 47, 59, 12]]
-4 [ 53  81: 96 [94, 74, 88, 11, 15, 39, 36, 85, 77, 71, 72, 26, 45, 30, 66, 41, 14, 47, 59, 12]]
 9 [  6 119:119 [85, 77, 94]]
-9 [ 33 119:482 [143, 104, 112, 132, 85, 77, 131, 106, 127, 110, 90, 105, 136, 129, 121, 94]]
 2 [ 30 505:505 [143, 104, 112, 132, 131, 106, 127, 110, 90, 105, 136, 129, 121, 94]]
-2 [ 32 505:572 [140, 143, 104, 112, 132, 131, 106, 127, 110, 90, 105, 136, 129, 121, 94]]
-1 [ 32 631:631 [143, 104, 112, 132, 140, 131, 106, 127, 110, 90, 105, 136, 129, 121, 94]]

x[7767] = 1.0
Vehicle: 14  Cost: 87.86
Route: 1 6 -6 -1 
 1 [ 32   0:  0 [60, 21, 63, 87, 53, 46, 58, 80, 78, 54, 32, 16, 29, 31]]
 6 [  0  44: 44 []]
-6 [ 27  44:496 [141, 122, 124, 108, 135, 107, 134, 111, 98, 115]]
-1 [ 27 540:540 [141, 122, 124, 108, 135, 107, 134, 111, 98, 115]]

y[1572] = 1.0
Vehicle: 502  Cost: 116.99
Route: 5 102 100 40 13 92 89 67 50 116 -5 
  5 [ 8 124:139]
102 [ 9 165:170]
100 [10 180:185]
 40 [ 8 194:199]
 13 [ 6 300:305]
 92 [ 9 305:310]
 89 [ 8 420:425]
 67 [ 7 444:449]
 50 [ 5 459:464]
116 [ 6 477:482]
 -5 [ 6 495:495]

y[1719] = 1.0
Vehicle: 403  Cost: 4.47
Route: 4 94 -4 
  4 [ 0   0: 15]
 94 [ 3  17: 22]
 -4 [ 3  24: 24]

y[1762] = 1.0
Vehicle: 902  Cost: 30.23
Route: 9 72 131 136 47 112 36 -9 
  9 [10 162:177]
 72 [ 6 184:189]
131 [ 7 189:194]
136 [10 199:204]
 47 [ 7 210:215]
112 [ 8 215:220]
 36 [ 5 300:305]
 -9 [ 5 311:311]

y[2098] = 1.0
Vehicle: 905  Cost: 62.15
Route: 9 45 110 14 71 129 -9 
  9 [10 221:236]
 45 [ 8 256:261]
110 [ 9 261:266]
 14 [ 5 276:281]
 71 [ 1 300:305]
129 [ 5 305:310]
 -9 [ 5 338:338]

y[2916] = 1.0
Vehicle: 505  Cost: 66.17
Route: 5 56 119 61 82 138 57 120 -5 
  5 [10  91:106]
 56 [ 7 115:120]
119 [10 120:125]
 61 [ 9 300:305]
 82 [ 7 420:425]
138 [10 425:430]
 57 [ 6 445:450]
120 [10 450:455]
 -5 [10 483:483]

y[4903] = 1.0
Vehicle: 901  Cost: 38.35
Route: 9 41 88 132 74 105 39 121 -9 
  9 [ 9 177:192]
 41 [ 5 204:209]
 88 [ 2 300:305]
132 [ 4 308:313]
 74 [ 3 313:318]
105 [ 4 331:336]
 39 [ 3 336:341]
121 [ 7 420:425]
 -9 [ 7 428:428]

y[6314] = 1.0
Vehicle: 306  Cost: 26.83
Route: 3 139 83 -3 
  3 [ 4 101:287]
139 [ 8 300:305]
 83 [ 4 305:310]
 -3 [ 4 323:323]

y[7525] = 1.0
Vehicle: 305  Cost: 82.23
Route: 3 68 101 23 73 -3 
  3 [ 9  32: 47]
 68 [ 5  84: 89]
101 [ 8 420:425]
 23 [ 4 425:430]
 73 [ 3 446:451]
 -3 [ 3 475:475]

y[7729] = 1.0
Vehicle: 307  Cost: 98.72
Route: 3 76 86 97 118 52 25 -3 
  3 [10  32: 47]
 76 [ 7  80: 85]
 86 [ 3  97:102]
 97 [ 6 118:123]
118 [10 131:136]
 52 [ 9 180:185]
 25 [ 7 300:305]
 -3 [ 7 318:318]

y[8030] = 1.0
Vehicle: 603  Cost: 89.13
Route: 6 87 141 21 98 108 16 58 -6 
  6 [10  72: 87]
 87 [ 7 118:123]
141 [10 123:128]
 21 [ 6 131:136]
 98 [ 8 136:141]
108 [10 180:185]
 16 [ 9 300:305]
 58 [ 7 325:330]
 -6 [ 7 340:340]

y[8740] = 1.0
Vehicle: 302  Cost: 39.04
Route: 3 43 109 99 22 24 42 133 -3 
  3 [ 6  32: 51]
 43 [ 5  60: 65]
109 [ 9  65: 70]
 99 [10 180:185]
 22 [ 9 185:190]
 24 [ 6 192:197]
 42 [ 5 201:206]
133 [ 8 209:214]
 -3 [ 8 223:223]

y[9253] = 1.0
Vehicle: 903  Cost: 86.01
Route: 9 12 30 143 59 -9 
  9 [ 9 119:134]
 12 [ 5 169:174]
 30 [ 2 420:425]
143 [ 3 434:439]
 59 [ 1 459:464]
 -9 [ 1 467:467]

y[9415] = 1.0
Vehicle: 306  Cost: 43.60
Route: 3 113 44 130 19 95 -3 
  3 [ 7  32:175]
113 [10 180:185]
 44 [ 7 199:204]
130 [10 207:212]
 19 [ 6 300:305]
 95 [10 305:310]
 -3 [10 324:324]

y[9452] = 1.0
Vehicle: 604  Cost: 38.56
Route: 6 31 80 107 54 -6 
  6 [ 8  72:175]
 31 [ 5 180:185]
 80 [ 2 191:196]
107 [ 5 300:305]
 54 [ 3 315:320]
 -6 [ 3 327:327]

y[9460] = 1.0
Vehicle: 503  Cost: 76.96
Route: 5 10 79 137 37 91 28 103 -5 
  5 [10  91:278]
 10 [ 8 300:305]
 79 [ 6 320:325]
137 [ 9 325:330]
 37 [ 5 331:336]
 91 [ 6 349:354]
 28 [ 4 366:371]
103 [ 8 371:376]
 -5 [ 8 390:390]

y[11210] = 1.0
Vehicle: 201  Cost: 22.18
Route: 2 77 140 85 -2 
  2 [ 3 505:520]
 77 [ 1 526:531]
140 [ 3 542:547]
 85 [ 2 547:552]
 -2 [ 2 557:557]

y[11300] = 1.0
Vehicle: 312  Cost: 94.81
Route: 3 93 17 96 20 62 123 64 125 -3 
  3 [ 9  32: 47]
 93 [10  75: 80]
 17 [ 9  80: 85]
 96 [10 113:118]
 20 [ 8 118:123]
 62 [ 4 300:305]
123 [ 7 305:310]
 64 [ 5 316:321]
125 [ 6 321:326]
 -3 [ 6 355:355]

y[12390] = 1.0
Vehicle: 504  Cost: 92.57
Route: 5 69 81 126 65 18 -5 
  5 [10 136:151]
 69 [ 6 171:176]
 81 [ 5 189:194]
126 [ 8 208:213]
 65 [ 6 213:218]
 18 [ 3 300:305]
 -5 [ 3 347:347]

y[12400] = 1.0
Vehicle: 904  Cost: 76.87
Route: 9 15 106 26 11 90 104 66 127 -9 
  9 [ 9 122:137]
 15 [ 6 145:150]
106 [ 9 157:162]
 26 [ 8 172:177]
 11 [ 6 191:196]
 90 [ 9 196:201]
104 [10 209:214]
 66 [ 7 300:305]
127 [ 9 305:310]
 -9 [ 9 324:324]

y[13279] = 1.0
Vehicle: 602  Cost: 57.37
Route: 6 63 124 78 135 29 46 111 -6 
  6 [ 9  72: 87]
 63 [ 8 103:108]
124 [10 108:113]
 78 [ 6 300:305]
135 [ 8 305:310]
 29 [ 7 420:425]
 46 [ 4 430:435]
111 [ 8 435:440]
 -6 [ 8 456:456]

y[14395] = 1.0
Vehicle: 802  Cost: 8.00
Route: 8 114 -8 
  8 [ 0   0: 15]
114 [ 3  19: 24]
 -8 [ 3  28: 28]

y[16015] = 1.0
Vehicle: 402  Cost: 34.56
Route: 4 75 84 38 -4 
  4 [ 9 121:136]
 75 [ 5 143:148]
 84 [ 4 156:161]
 38 [ 0 300:305]
 -4 [ 0 316:316]

y[16396] = 1.0
Vehicle: 501  Cost: 99.86
Route: 5 49 48 35 117 142 34 -5 
  5 [10 136:151]
 49 [ 7 169:174]
 48 [ 6 182:187]
 35 [ 3 300:305]
117 [ 6 315:320]
142 [10 326:331]
 34 [ 7 336:341]
 -5 [ 7 380:380]

y[16676] = 1.0
Vehicle: 601  Cost: 69.10
Route: 6 32 134 60 122 53 115 -6 
  6 [ 5  44: 59]
 32 [ 2  81: 86]
134 [ 4  90: 95]
 60 [ 3 110:115]
122 [ 7 115:120]
 53 [ 6 300:305]
115 [ 9 305:310]
 -6 [ 9 329:329]

y[16946] = 1.0
Vehicle: 301  Cost: 69.79
Route: 3 27 55 33 128 70 -3 
  3 [ 7  32:276]
 27 [ 6 300:305]
 55 [ 3 309:314]
 33 [ 2 420:425]
128 [ 6 431:436]
 70 [ 4 436:441]
 -3 [ 4 466:466]

y[17071] = 1.0
Vehicle: 702  Cost: 2.00
Route: 7 51 -7 
  7 [ 4 500:515]
 51 [ 0 516:521]
 -7 [ 0 522:522]

FE: 4
SE: 26
!MIP-----
1991.4765222135634,1273.364989042282,9.979354588044622E-5,4,26,8550,17210

Run: 4
Total Cost: 2010.22
Vehicle: 11  Cost: 63.56
Route: 1 3 -3 -1 
 1 [ 44   0:  0 [19, 23, 62, 17, 24, 73, 33, 83, 42, 68, 25, 20, 70, 43, 44, 64, 22, 27, 55]]
 3 [  0  32: 32 []]
-3 [ 27  32:371 [99, 133, 93, 109, 130, 128, 139, 95, 113]]
-1 [ 27 403:403 [99, 133, 93, 109, 130, 128, 139, 95, 113]]

Vehicle: 14  Cost: 131.64
Route: 1 5 -5 -3 -1 
 1 [ 64   0:  0 [49, 10, 88, 61, 89, 81, 28, 52, 79, 18, 65, 69, 86, 56, 57, 74, 37, 34, 67, 82, 76, 41, 35, 50, 40, 13, 48]]
 5 [  0  65: 65 []]
-5 [ 43  65:511 [120, 92, 102, 104, 118, 142, 137, 119, 103, 97, 126, 116, 132, 117, 100, 138]]
-3 [ 51 547:562 [96, 120, 92, 102, 104, 118, 123, 142, 137, 119, 103, 97, 126, 116, 132, 117, 101, 100, 138, 125]]
-1 [ 51 593:593 [96, 120, 92, 102, 104, 118, 123, 142, 137, 119, 103, 97, 126, 116, 132, 117, 101, 100, 138, 125]]

Vehicle: 15  Cost: 87.86
Route: 1 6 -6 -1 
 1 [ 23   0:  0 [58, 21, 53, 54, 60, 31, 80, 87, 16, 32]]
 6 [  0  44: 44 []]
-6 [ 19  44:355 [98, 115, 134, 122, 107, 108, 141]]
-1 [ 19 399:399 [98, 115, 134, 122, 107, 108, 141]]

Vehicle: 17  Cost: 180.81
Route: 1 7 4 -4 9 -9 -8 -7 -1 
 1 [ 64   0:  0 [26, 36, 63, 11, 72, 71, 78, 14, 84, 75, 45, 66, 46, 39, 38, 29, 59, 85, 15, 12, 51, 30, 77, 47]]
 7 [ 50  47: 62 [26, 36, 11, 72, 71, 14, 84, 75, 45, 66, 39, 38, 59, 15, 12, 30, 77, 47]]
 4 [ 41  81: 81 [26, 36, 11, 72, 71, 14, 45, 66, 39, 59, 15, 12, 30, 77, 47]]
-4 [ 44  81: 96 [94, 26, 36, 11, 72, 71, 14, 45, 66, 39, 59, 15, 12, 30, 77, 47]]
 9 [  3 119:119 [94]]
-9 [ 28 119:495 [94, 90, 143, 131, 106, 129, 112, 136, 121, 110, 127, 105, 91]]
-8 [ 31 517:532 [114, 94, 90, 143, 131, 106, 129, 112, 136, 121, 110, 127, 105, 91]]
-7 [ 41 555:570 [124, 94, 135, 90, 143, 111, 131, 106, 129, 112, 136, 121, 110, 127, 140, 105, 91, 114]]
-1 [ 41 616:616 [124, 94, 135, 90, 143, 111, 131, 106, 129, 112, 136, 121, 110, 127, 140, 105, 91, 114]]

Vehicle: 301  Cost: 82.23
Route: 3 68 101 23 73 -3 
  3 [ 9  32: 47]
 68 [ 5  84: 89]
101 [ 8 420:425]
 23 [ 4 425:430]
 73 [ 3 446:451]
 -3 [ 3 475:475]

Vehicle: 302  Cost: 95.24
Route: 3 20 96 62 123 64 125 27 33 -3 
  3 [10  32: 47]
 20 [ 8  85: 90]
 96 [ 9  90: 95]
 62 [ 5 300:305]
123 [ 8 305:310]
 64 [ 6 316:321]
125 [ 7 321:326]
 27 [ 6 342:347]
 33 [ 5 420:425]
 -3 [ 5 450:450]

Vehicle: 303  Cost: 52.73
Route: 3 44 130 19 95 25 -3 
  3 [ 9  32:162]
 44 [ 6 180:185]
130 [ 9 189:194]
 19 [ 5 300:305]
 95 [ 9 305:310]
 25 [ 7 321:326]
 -3 [ 7 339:339]

Vehicle: 304  Cost: 30.17
Route: 3 133 42 43 109 113 -3 
  3 [ 2  32: 47]
133 [ 5  56: 61]
 42 [ 4  64: 69]
 43 [ 3  78: 83]
109 [ 7  83: 88]
113 [10 180:185]
 -3 [10 190:190]

Vehicle: 305  Cost: 79.42
Route: 3 24 22 99 93 17 55 70 128 -3 
  3 [10  32: 47]
 24 [ 7  62: 67]
 22 [ 6 180:185]
 99 [ 7 185:190]
 93 [ 8 201:206]
 17 [ 7 206:211]
 55 [ 4 300:305]
 70 [ 2 321:326]
128 [ 6 326:331]
 -3 [ 6 356:356]

Vehicle: 308  Cost: 26.83
Route: 3 139 83 -3 
  3 [ 4  32:287]
139 [ 8 300:305]
 83 [ 4 305:310]
 -3 [ 4 323:323]

Vehicle: 401  Cost: 34.56
Route: 4 75 84 38 -4 
  4 [ 9  81: 96]
 75 [ 5 103:108]
 84 [ 4 117:122]
 38 [ 0 300:305]
 -4 [ 0 316:316]

Vehicle: 402  Cost: 4.47
Route: 4 94 -4 
  4 [ 0   0: 15]
 94 [ 3  17: 22]
 -4 [ 3  24: 24]

Vehicle: 501  Cost: 92.57
Route: 5 69 81 126 65 18 -5 
  5 [10  65: 80]
 69 [ 6 100:105]
 81 [ 5 117:122]
126 [ 8 137:142]
 65 [ 6 142:147]
 18 [ 3 300:305]
 -5 [ 3 347:347]

Vehicle: 502  Cost: 18.44
Route: 5 56 119 -5 
  5 [ 3  65: 80]
 56 [ 0  89: 94]
119 [ 3  94: 99]
 -5 [ 3 108:108]

Vehicle: 503  Cost: 65.69
Route: 5 61 82 138 57 120 50 -5 
  5 [ 9  65:287]
 61 [ 8 300:305]
 82 [ 6 420:425]
138 [ 9 425:430]
 57 [ 5 445:450]
120 [ 9 450:455]
 50 [ 7 460:465]
 -5 [ 7 491:491]

Vehicle: 504  Cost: 42.16
Route: 5 41 88 132 74 28 103 -5 
  5 [10  65:163]
 41 [ 6 180:185]
 88 [ 3 300:305]
132 [ 5 308:313]
 74 [ 4 313:318]
 28 [ 2 323:328]
103 [ 6 328:333]
 -5 [ 6 347:347]

Vehicle: 505  Cost: 91.53
Route: 5 118 86 40 100 102 116 -5 
  5 [ 6  65: 80]
118 [10  97:102]
 86 [ 6 124:129]
 40 [ 4 142:147]
100 [ 5 180:185]
102 [ 6 190:195]
116 [ 7 300:305]
 -5 [ 7 318:318]

Vehicle: 506  Cost: 72.75
Route: 5 104 37 79 137 10 -5 
  5 [ 8  65: 80]
104 [ 9 108:113]
 37 [ 5 300:305]
 79 [ 3 306:311]
137 [ 6 311:316]
 10 [ 4 331:336]
 -5 [ 4 357:357]

Vehicle: 507  Cost: 108.59
Route: 5 52 97 76 89 13 92 67 -5 
  5 [ 8  65:161]
 52 [ 7 180:185]
 97 [10 189:194]
 76 [ 7 219:224]
 89 [ 6 420:425]
 13 [ 4 437:442]
 92 [ 7 442:447]
 67 [ 6 463:468]
 -5 [ 6 496:496]

Vehicle: 508  Cost: 99.86
Route: 5 49 48 35 117 142 34 -5 
  5 [10  65: 80]
 49 [ 7  98:103]
 48 [ 6 111:116]
 35 [ 3 300:305]
117 [ 6 315:320]
142 [10 326:331]
 34 [ 7 336:341]
 -5 [ 7 380:380]

Vehicle: 601  Cost: 38.56
Route: 6 31 80 107 54 -6 
  6 [ 8  44:175]
 31 [ 5 180:185]
 80 [ 2 191:196]
107 [ 5 300:305]
 54 [ 3 315:320]
 -6 [ 3 327:327]

Vehicle: 602  Cost: 89.13
Route: 6 87 141 21 98 108 16 58 -6 
  6 [10  44: 59]
 87 [ 7  90: 95]
141 [10  95:100]
 21 [ 6 102:107]
 98 [ 8 107:112]
108 [10 180:185]
 16 [ 9 300:305]
 58 [ 7 325:330]
 -6 [ 7 340:340]

Vehicle: 603  Cost: 69.10
Route: 6 32 134 122 60 115 53 -6 
  6 [ 5  44: 59]
 32 [ 2  81: 86]
134 [ 4  90: 95]
122 [ 8 110:115]
 60 [ 7 115:120]
115 [10 300:305]
 53 [ 9 305:310]
 -6 [ 9 329:329]

Vehicle: 701  Cost: 38.75
Route: 7 63 124 29 46 111 51 -7 
  7 [ 9  47: 62]
 63 [ 8  70: 75]
124 [10  75: 80]
 29 [ 9 420:425]
 46 [ 6 430:435]
111 [10 435:440]
 51 [ 6 455:460]
 -7 [ 6 461:461]

Vehicle: 702  Cost: 28.54
Route: 7 140 85 78 135 -7 
  7 [ 5  47:291]
140 [ 7 300:305]
 85 [ 6 305:310]
 78 [ 2 320:325]
135 [ 4 325:330]
 -7 [ 4 339:339]

Vehicle: 801  Cost: 8.00
Route: 8 114 -8 
  8 [ 0   0: 15]
114 [ 3  19: 24]
 -8 [ 3  28: 28]

Vehicle: 901  Cost: 15.44
Route: 9 105 39 59 121 -9 
  9 [ 3 119:293]
105 [ 4 300:305]
 39 [ 3 305:310]
 59 [ 1 420:425]
121 [ 5 425:430]
 -9 [ 5 433:433]

Vehicle: 902  Cost: 62.15
Route: 9 45 110 14 71 129 -9 
  9 [10 119:160]
 45 [ 8 180:185]
110 [ 9 185:190]
 14 [ 5 200:205]
 71 [ 1 300:305]
129 [ 5 305:310]
 -9 [ 5 338:338]

Vehicle: 903  Cost: 70.17
Route: 9 15 106 26 11 90 91 66 127 -9 
  9 [ 9 119:134]
 15 [ 6 142:147]
106 [ 9 154:159]
 26 [ 8 168:173]
 11 [ 6 187:192]
 90 [ 9 192:197]
 91 [10 300:305]
 66 [ 7 314:319]
127 [ 9 319:324]
 -9 [ 9 338:338]

Vehicle: 904  Cost: 30.23
Route: 9 72 131 136 47 112 36 -9 
  9 [10 119:174]
 72 [ 6 180:185]
131 [ 7 185:190]
136 [10 195:200]
 47 [ 7 207:212]
112 [ 8 212:217]
 36 [ 5 300:305]
 -9 [ 5 311:311]

Vehicle: 905  Cost: 99.02
Route: 9 12 30 143 77 -9 
  9 [ 9 119:134]
 12 [ 5 169:174]
 30 [ 2 420:425]
143 [ 3 434:439]
 77 [ 1 457:462]
 -9 [ 1 480:480]

Total Cost: 2010.22
 11:63.56, 44:75 [1, 3, -3, -1]
 14:131.64, 64:75 [1, 5, -5, -3, -1]
 15:87.86, 23:75 [1, 6, -6, -1]
 17:180.81, 64:75 [1, 7, 4, -4, 9, -9, -8, -7, -1]
301:82.23, 9:10 [3, 68, 101, 23, 73, -3]
302:95.24, 10:10 [3, 20, 96, 62, 123, 64, 125, 27, 33, -3]
303:52.73, 9:10 [3, 44, 130, 19, 95, 25, -3]
304:30.17, 10:10 [3, 133, 42, 43, 109, 113, -3]
305:79.42, 10:10 [3, 24, 22, 99, 93, 17, 55, 70, 128, -3]
308:26.83, 8:10 [3, 139, 83, -3]
401:34.56, 9:10 [4, 75, 84, 38, -4]
402:4.47, 3:10 [4, 94, -4]
501:92.57, 10:10 [5, 69, 81, 126, 65, 18, -5]
502:18.44, 3:10 [5, 56, 119, -5]
503:65.69, 9:10 [5, 61, 82, 138, 57, 120, 50, -5]
504:42.16, 10:10 [5, 41, 88, 132, 74, 28, 103, -5]
505:91.53, 10:10 [5, 118, 86, 40, 100, 102, 116, -5]
506:72.75, 9:10 [5, 104, 37, 79, 137, 10, -5]
507:108.59, 10:10 [5, 52, 97, 76, 89, 13, 92, 67, -5]
508:99.86, 10:10 [5, 49, 48, 35, 117, 142, 34, -5]
601:38.56, 8:10 [6, 31, 80, 107, 54, -6]
602:89.13, 10:10 [6, 87, 141, 21, 98, 108, 16, 58, -6]
603:69.10, 10:10 [6, 32, 134, 122, 60, 115, 53, -6]
701:38.75, 10:10 [7, 63, 124, 29, 46, 111, 51, -7]
702:28.54, 7:10 [7, 140, 85, 78, 135, -7]
801:8.00, 3:10 [8, 114, -8]
901:15.44, 5:10 [9, 105, 39, 59, 121, -9]
902:62.15, 10:10 [9, 45, 110, 14, 71, 129, -9]
903:70.17, 10:10 [9, 15, 106, 26, 11, 90, 91, 66, 127, -9]
904:30.23, 10:10 [9, 72, 131, 136, 47, 112, 36, -9]
905:99.02, 9:10 [9, 12, 30, 143, 77, -9]
fe: 4, se: 27

!ALNS------------
100000,2010.2223537706004,1201.314,1009.537,4,27,0.65,0.8555555555555555,33.5,4.962962962962963
17 31 25 8 0 4 8 1 
10.022660192650559 23.305815430602955 9.276808817797846 10.822800944720209 61.156102210188386 20.485407212030374 15.948750099448382 31.69270059323021 
5 15 11 10 13 9 23 8 
18.72897195435198 13.829784697048803 16.28720629327837 15.348475733085195 15.166214153688223 15.572528190469058 16.246946163450172 16.011210880911236 

x[270] = 1.0
Vehicle: 11  Cost: 63.56
Route: 1 3 -3 -1 
 1 [ 44   0:  0 [19, 43, 22, 27, 55, 64, 62, 17, 68, 73, 70, 33, 24, 44, 25, 42, 83, 20, 23]]
 3 [  0  32: 32 []]
-3 [ 32  32:385 [109, 128, 113, 133, 93, 99, 96, 130, 139, 95, 125, 123]]
-1 [ 32 416:416 [109, 128, 113, 133, 93, 99, 96, 130, 139, 95, 125, 123]]

x[581] = 1.0
Vehicle: 17  Cost: 185.62
Route: 1 7 4 -4 9 -9 -8 2 -2 -7 -1 
 1 [ 64   0:  0 [36, 15, 72, 51, 84, 14, 11, 45, 30, 71, 39, 47, 29, 26, 59, 12, 38, 77, 63, 66, 78, 75, 46, 85]]
 7 [ 51  47: 62 [36, 15, 72, 84, 14, 11, 45, 30, 71, 39, 47, 26, 59, 12, 38, 77, 66, 75, 85]]
 4 [ 42  81: 81 [36, 15, 72, 14, 11, 45, 30, 71, 39, 47, 26, 59, 12, 77, 66, 85]]
-4 [ 45  81: 96 [94, 36, 15, 72, 14, 11, 45, 30, 71, 39, 47, 26, 59, 12, 77, 66, 85]]
 9 [  6 119:119 [94, 77, 85]]
-9 [ 31 119:476 [94, 127, 90, 105, 104, 110, 136, 131, 112, 121, 143, 106, 77, 129, 85]]
-8 [ 34 498:513 [114, 94, 127, 90, 105, 104, 110, 136, 131, 112, 121, 143, 106, 77, 129, 85]]
 2 [ 31 526:526 [94, 127, 90, 105, 104, 110, 136, 131, 112, 121, 143, 106, 114, 129]]
-2 [ 33 526:593 [140, 94, 127, 90, 105, 104, 110, 136, 131, 112, 121, 143, 106, 114, 129]]
-7 [ 41 608:623 [124, 94, 127, 90, 135, 105, 104, 111, 110, 136, 131, 112, 121, 114, 143, 106, 140, 129]]
-1 [ 41 669:669 [124, 94, 127, 90, 135, 105, 104, 111, 110, 136, 131, 112, 121, 114, 143, 106, 140, 129]]

x[4872] = 0.9999999999998583
Vehicle: 15  Cost: 87.86
Route: 1 6 -6 -1 
 1 [ 23   0:  0 [31, 53, 80, 87, 60, 54, 21, 16, 32, 58]]
 6 [  0  44: 44 []]
-6 [ 19  44:386 [98, 122, 141, 115, 107, 134, 108]]
-1 [ 19 430:430 [98, 122, 141, 115, 107, 134, 108]]

x[7679] = 1.0
Vehicle: 14  Cost: 131.64
Route: 1 5 -5 -3 -1 
 1 [ 64   0:  0 [56, 74, 82, 48, 28, 79, 61, 88, 81, 52, 18, 50, 89, 49, 41, 57, 86, 10, 69, 76, 65, 40, 34, 35, 13, 37, 67]]
 5 [  0  65: 65 []]
-5 [ 44  65:511 [102, 142, 100, 97, 103, 132, 92, 137, 126, 138, 104, 118, 116, 117, 120, 91, 119]]
-3 [ 52 547:562 [96, 102, 142, 100, 97, 103, 132, 123, 92, 101, 137, 126, 138, 104, 118, 125, 116, 117, 120, 91, 119]]
-1 [ 52 593:593 [96, 102, 142, 100, 97, 103, 132, 123, 92, 101, 137, 126, 138, 104, 118, 125, 116, 117, 120, 91, 119]]

y[818] = 1.0
Vehicle: 504  Cost: 92.57
Route: 5 69 81 126 65 18 -5 
  5 [10 119:134]
 69 [ 6 154:159]
 81 [ 5 172:177]
126 [ 8 191:196]
 65 [ 6 196:201]
 18 [ 3 300:305]
 -5 [ 3 347:347]

y[1426] = 1.0
Vehicle: 701  Cost: 2.00
Route: 7 51 -7 
  7 [ 4 584:599]
 51 [ 0 600:605]
 -7 [ 0 606:606]

y[1716] = 1.0
Vehicle: 502  Cost: 66.18
Route: 5 56 119 61 82 57 120 116 -5 
  5 [10 119:134]
 56 [ 7 143:148]
119 [10 148:153]
 61 [ 9 300:305]
 82 [ 7 420:425]
 57 [ 3 440:445]
120 [ 7 445:450]
116 [ 8 465:470]
 -5 [ 8 483:483]

y[1743] = 1.0
Vehicle: 402  Cost: 4.47
Route: 4 94 -4 
  4 [ 0   0: 15]
 94 [ 3  17: 22]
 -4 [ 3  24: 24]

y[3158] = 1.0
Vehicle: 504  Cost: 42.16
Route: 5 41 88 74 132 103 28 -5 
  5 [10 171:186]
 41 [ 6 204:209]
 88 [ 3 300:305]
 74 [ 2 308:313]
132 [ 4 313:318]
103 [ 8 323:328]
 28 [ 6 328:333]
 -5 [ 6 347:347]

y[3877] = 1.0
Vehicle: 308  Cost: 79.42
Route: 3 24 99 22 93 17 55 128 70 -3 
  3 [10  32: 47]
 24 [ 7  62: 67]
 99 [ 8 180:185]
 22 [ 7 185:190]
 93 [ 8 201:206]
 17 [ 7 206:211]
 55 [ 4 300:305]
128 [ 8 321:326]
 70 [ 6 326:331]
 -3 [ 6 356:356]

y[4813] = 1.0
Vehicle: 601  Cost: 38.56
Route: 6 31 80 107 54 -6 
  6 [ 8 107:175]
 31 [ 5 180:185]
 80 [ 2 191:196]
107 [ 5 300:305]
 54 [ 3 315:320]
 -6 [ 3 327:327]

y[5600] = 1.0
Vehicle: 905  Cost: 86.21
Route: 9 15 12 30 143 -9 
  9 [10 119:134]
 15 [ 7 142:147]
 12 [ 3 176:181]
 30 [ 0 420:425]
143 [ 1 434:439]
 -9 [ 1 461:461]

y[6290] = 1.0
Vehicle: 901  Cost: 38.69
Route: 9 72 131 136 66 127 105 39 59 -9 
  9 [10 119:174]
 72 [ 6 180:185]
131 [ 7 185:190]
136 [10 195:200]
 66 [ 7 300:305]
127 [ 9 305:310]
105 [10 326:331]
 39 [ 9 331:336]
 59 [ 7 420:425]
 -9 [ 7 428:428]

y[6717] = 1.0
Vehicle: 401  Cost: 34.56
Route: 4 75 84 38 -4 
  4 [ 9 135:150]
 75 [ 5 157:162]
 84 [ 4 170:175]
 38 [ 0 300:305]
 -4 [ 0 316:316]

y[7332] = 1.0
Vehicle: 302  Cost: 95.24
Route: 3 20 96 62 123 125 64 27 33 -3 
  3 [10  32: 47]
 20 [ 8  85: 90]
 96 [ 9  90: 95]
 62 [ 5 300:305]
123 [ 8 305:310]
125 [ 9 316:321]
 64 [ 7 321:326]
 27 [ 6 342:347]
 33 [ 5 420:425]
 -3 [ 5 450:450]

y[7426] = 1.0
Vehicle: 307  Cost: 82.23
Route: 3 68 101 23 73 -3 
  3 [ 9  32: 47]
 68 [ 5  84: 89]
101 [ 8 420:425]
 23 [ 4 425:430]
 73 [ 3 446:451]
 -3 [ 3 475:475]

y[7811] = 1.0
Vehicle: 902  Cost: 67.06
Route: 9 45 110 14 129 71 121 -9 
  9 [10 104:160]
 45 [ 8 180:185]
110 [ 9 185:190]
 14 [ 5 200:205]
129 [ 9 300:305]
 71 [ 5 305:310]
121 [ 9 420:425]
 -9 [ 9 428:428]

y[8219] = 1.0
Vehicle: 903  Cost: 62.66
Route: 9 112 47 11 90 26 106 36 -9 
  9 [ 9 163:178]
112 [10 188:193]
 47 [ 7 193:198]
 11 [ 5 215:220]
 90 [ 8 220:225]
 26 [ 7 239:244]
106 [10 253:258]
 36 [ 7 300:305]
 -9 [ 7 311:311]

y[9307] = 1.0
Vehicle: 303  Cost: 52.73
Route: 3 44 130 19 95 25 -3 
  3 [ 9 115:162]
 44 [ 6 180:185]
130 [ 9 189:194]
 19 [ 5 300:305]
 95 [ 9 305:310]
 25 [ 7 321:326]
 -3 [ 7 339:339]

y[9507] = 1.0
Vehicle: 603  Cost: 69.10
Route: 6 32 134 60 122 115 53 -6 
  6 [ 5  72: 87]
 32 [ 2 109:114]
134 [ 4 118:123]
 60 [ 3 138:143]
122 [ 7 143:148]
115 [10 300:305]
 53 [ 9 305:310]
 -6 [ 9 329:329]

y[9628] = 1.0
Vehicle: 507  Cost: 101.14
Route: 5 49 48 35 117 142 34 138 -5 
  5 [10  65: 80]
 49 [ 7  98:103]
 48 [ 6 111:116]
 35 [ 3 300:305]
117 [ 6 315:320]
142 [10 326:331]
 34 [ 7 336:341]
138 [10 420:425]
 -5 [10 445:445]

y[11236] = 1.0
Vehicle: 505  Cost: 100.29
Route: 5 118 67 89 13 92 50 -5 
  5 [ 6  65: 80]
118 [10  97:102]
 67 [ 9 300:305]
 89 [ 8 420:425]
 13 [ 6 437:442]
 92 [ 9 442:447]
 50 [ 7 461:466]
 -5 [ 7 492:492]

y[11922] = 1.0
Vehicle: 602  Cost: 89.13
Route: 6 87 141 21 98 108 16 58 -6 
  6 [10 107:122]
 87 [ 7 153:158]
141 [10 158:163]
 21 [ 6 165:170]
 98 [ 8 170:175]
108 [10 192:197]
 16 [ 9 300:305]
 58 [ 7 325:330]
 -6 [ 7 340:340]

y[12038] = 1.0
Vehicle: 301  Cost: 30.17
Route: 3 133 42 109 43 113 -3 
  3 [ 2  32: 47]
133 [ 5  56: 61]
 42 [ 4  64: 69]
109 [ 8  78: 83]
 43 [ 7  83: 88]
113 [10 180:185]
 -3 [10 190:190]

y[14331] = 1.0
Vehicle: 801  Cost: 8.00
Route: 8 114 -8 
  8 [ 0   0: 15]
114 [ 3  19: 24]
 -8 [ 3  28: 28]

y[14728] = 1.0
Vehicle: 306  Cost: 26.83
Route: 3 139 83 -3 
  3 [ 4 115:287]
139 [ 8 300:305]
 83 [ 4 305:310]
 -3 [ 4 323:323]

y[15834] = 1.0
Vehicle: 505  Cost: 113.83
Route: 5 52 76 86 40 100 102 97 -5 
  5 [10  91:161]
 52 [ 9 180:185]
 76 [ 6 211:216]
 86 [ 2 229:234]
 40 [ 0 247:252]
100 [ 1 261:266]
102 [ 2 271:276]
 97 [ 5 284:289]
 -5 [ 5 310:310]

y[15940] = 1.000000000000179
Vehicle: 201  Cost: 22.18
Route: 2 85 140 77 -2 
  2 [ 3 526:541]
 85 [ 2 546:551]
140 [ 4 551:556]
 77 [ 2 567:572]
 -2 [ 2 578:578]

y[16202] = 1.0
Vehicle: 503  Cost: 80.52
Route: 5 104 79 137 37 91 10 -5 
  5 [ 8  65: 80]
104 [ 9 108:113]
 79 [ 7 300:305]
137 [10 305:310]
 37 [ 6 311:316]
 91 [ 7 329:334]
 10 [ 5 344:349]
 -5 [ 5 370:370]

y[16517] = 1.0
Vehicle: 702  Cost: 49.00
Route: 7 63 124 29 46 111 78 135 -7 
  7 [ 9 257:272]
 63 [ 8 280:285]
124 [10 285:290]
 29 [ 9 420:425]
 46 [ 6 430:435]
111 [10 435:440]
 78 [ 6 457:462]
135 [ 8 462:467]
 -7 [ 8 477:477]

FE: 4
SE: 26
!MIP-----
2003.6242240986003,2085.9279119968414,6.147536462098984E-5,4,26,7790,17054

Run: 5
Total Cost: 2035.80
Vehicle: 11  Cost: 87.86
Route: 1 6 -6 -1 
 1 [ 31   0:  0 [87, 21, 58, 46, 53, 60, 78, 54, 63, 31, 32, 80, 29]]
 6 [  0  44: 44 []]
-6 [ 25  44:471 [124, 111, 135, 122, 141, 115, 98, 107, 134]]
-1 [ 25 515:515 [124, 111, 135, 122, 141, 115, 98, 107, 134]]

Vehicle: 12  Cost: 63.56
Route: 1 3 -3 -1 
 1 [ 49   0:  0 [19, 17, 73, 70, 62, 22, 64, 68, 16, 24, 25, 83, 76, 43, 89, 27, 44, 55, 20, 23, 33, 42]]
 3 [  0  32: 32 []]
-3 [ 33  32:360 [139, 95, 123, 109, 108, 113, 133, 99, 93, 130, 128, 96]]
-1 [ 33 392:392 [139, 95, 123, 109, 108, 113, 133, 99, 93, 130, 128, 96]]

Vehicle: 13  Cost: 142.52
Route: 1 -8 5 -5 -3 -1 
 1 [ 51   0:  0 [52, 57, 35, 56, 13, 10, 86, 34, 82, 65, 81, 61, 79, 40, 67, 74, 50, 48, 37, 49, 69, 18]]
-8 [ 54  58: 73 [114, 52, 57, 35, 56, 13, 10, 86, 34, 82, 65, 81, 61, 79, 40, 67, 74, 50, 48, 37, 49, 69, 18]]
 5 [  3  91: 91 [114]]
-5 [ 43  91:465 [92, 142, 102, 114, 126, 91, 138, 117, 120, 137, 132, 116, 100, 118, 104, 119, 97]]
-3 [ 47 500:522 [92, 142, 125, 101, 102, 114, 126, 91, 138, 117, 120, 137, 132, 116, 100, 118, 104, 119, 97]]
-1 [ 47 554:554 [92, 142, 125, 101, 102, 114, 126, 91, 138, 117, 120, 137, 132, 116, 100, 118, 104, 119, 97]]

Vehicle: 15  Cost: 170.97
Route: 1 7 4 -4 9 -9 2 -2 -1 
 1 [ 64   0:  0 [51, 84, 66, 71, 14, 77, 47, 75, 11, 41, 15, 59, 26, 85, 72, 88, 30, 38, 28, 45, 36, 39, 12]]
 7 [ 60  47: 62 [84, 66, 71, 14, 77, 47, 75, 11, 41, 15, 59, 26, 85, 72, 88, 30, 38, 28, 45, 36, 39, 12]]
 4 [ 51  81: 81 [66, 71, 14, 77, 47, 11, 41, 15, 59, 26, 85, 72, 88, 30, 28, 45, 36, 39, 12]]
-4 [ 54  81: 96 [94, 66, 71, 14, 77, 47, 11, 41, 15, 59, 26, 85, 72, 88, 30, 28, 45, 36, 39, 12]]
 9 [  6 119:119 [94, 77, 85]]
-9 [ 34 119:476 [94, 110, 103, 143, 77, 131, 112, 85, 127, 129, 105, 106, 136, 90, 121]]
 2 [ 31 499:499 [94, 110, 103, 143, 131, 112, 127, 129, 105, 106, 136, 90, 121]]
-2 [ 33 499:566 [140, 94, 110, 103, 143, 131, 112, 127, 129, 105, 106, 136, 90, 121]]
-1 [ 33 624:624 [94, 110, 103, 143, 140, 131, 112, 127, 129, 105, 106, 136, 90, 121]]

Vehicle: 201  Cost: 22.18
Route: 2 77 85 140 -2 
  2 [ 3 499:514]
 77 [ 1 520:525]
 85 [ 0 536:541]
140 [ 2 541:546]
 -2 [ 2 551:551]

Vehicle: 301  Cost: 17.73
Route: 3 43 109 113 -3 
  3 [ 1  32: 51]
 43 [ 0  60: 65]
109 [ 4  65: 70]
113 [ 7 180:185]
 -3 [ 7 190:190]

Vehicle: 302  Cost: 83.01
Route: 3 44 64 125 55 27 33 -3 
  3 [10  32:162]
 44 [ 7 180:185]
 64 [ 5 300:305]
125 [ 6 305:310]
 55 [ 3 323:328]
 27 [ 2 332:337]
 33 [ 1 420:425]
 -3 [ 1 450:450]

Vehicle: 303  Cost: 67.40
Route: 3 133 108 16 83 139 -3 
  3 [ 5  32: 47]
133 [ 8  56: 61]
108 [10 180:185]
 16 [ 9 300:305]
 83 [ 5 322:327]
139 [ 9 327:332]
 -3 [ 9 345:345]

Vehicle: 304  Cost: 104.67
Route: 3 76 89 23 101 73 -3 
  3 [ 9  32: 47]
 76 [ 6  80: 85]
 89 [ 5 420:425]
 23 [ 1 452:457]
101 [ 4 457:462]
 73 [ 3 478:483]
 -3 [ 3 507:507]

Vehicle: 306  Cost: 95.27
Route: 3 68 96 20 123 62 -3 
  3 [10  32: 47]
 68 [ 6  84: 89]
 96 [ 7 109:114]
 20 [ 5 114:119]
123 [ 8 300:305]
 62 [ 4 305:310]
 -3 [ 4 345:345]

Vehicle: 307  Cost: 46.26
Route: 3 130 19 95 25 -3 
  3 [ 6  32: 47]
130 [ 9  62: 67]
 19 [ 5 300:305]
 95 [ 9 305:310]
 25 [ 7 321:326]
 -3 [ 7 339:339]

Vehicle: 308  Cost: 61.08
Route: 3 42 24 99 22 93 17 128 70 -3 
  3 [ 8  32: 47]
 42 [ 7  58: 63]
 24 [ 4  67: 72]
 99 [ 5 180:185]
 22 [ 4 185:190]
 93 [ 5 201:206]
 17 [ 4 206:211]
128 [ 8 300:305]
 70 [ 6 305:310]
 -3 [ 6 335:335]

Vehicle: 401  Cost: 34.56
Route: 4 75 84 38 -4 
  4 [ 9  81: 96]
 75 [ 5 103:108]
 84 [ 4 117:122]
 38 [ 0 300:305]
 -4 [ 0 316:316]

Vehicle: 402  Cost: 4.47
Route: 4 94 -4 
  4 [ 0   0: 15]
 94 [ 3  17: 22]
 -4 [ 3  24: 24]

Vehicle: 501  Cost: 42.84
Route: 5 119 56 61 82 138 -5 
  5 [ 6  91:106]
119 [ 9 115:120]
 56 [ 6 120:125]
 61 [ 5 300:305]
 82 [ 3 420:425]
138 [ 6 425:430]
 -5 [ 6 450:450]

Vehicle: 503  Cost: 89.72
Route: 5 52 67 13 92 57 120 50 116 -5 
  5 [10  91:161]
 52 [ 9 180:185]
 67 [ 8 300:305]
 13 [ 6 321:326]
 92 [ 9 326:331]
 57 [ 5 345:350]
120 [ 9 350:355]
 50 [ 7 360:365]
116 [ 8 378:383]
 -5 [ 8 396:396]

Vehicle: 504  Cost: 91.92
Route: 5 104 37 79 137 10 91 74 132 -5 
  5 [ 9  91:106]
104 [10 134:139]
 37 [ 6 300:305]
 79 [ 4 306:311]
137 [ 7 311:316]
 10 [ 5 331:336]
 91 [ 6 346:351]
 74 [ 5 369:374]
132 [ 7 374:379]
 -5 [ 7 392:392]

Vehicle: 505  Cost: 99.86
Route: 5 49 48 35 117 142 34 -5 
  5 [10  91:106]
 49 [ 7 124:129]
 48 [ 6 137:142]
 35 [ 3 300:305]
117 [ 6 315:320]
142 [10 326:331]
 34 [ 7 336:341]
 -5 [ 7 380:380]

Vehicle: 506  Cost: 95.84
Route: 5 118 86 40 100 102 97 -5 
  5 [ 6  91:106]
118 [10 122:127]
 86 [ 6 150:155]
 40 [ 4 168:173]
100 [ 5 182:187]
102 [ 6 192:197]
 97 [ 9 205:210]
 -5 [ 9 231:231]

Vehicle: 507  Cost: 92.57
Route: 5 69 81 65 126 18 -5 
  5 [10  91:106]
 69 [ 6 126:131]
 81 [ 5 143:148]
 65 [ 3 163:168]
126 [ 6 168:173]
 18 [ 3 300:305]
 -5 [ 3 347:347]

Vehicle: 601  Cost: 74.33
Route: 6 87 141 21 98 32 134 -6 
  6 [10  44: 59]
 87 [ 7  90: 95]
141 [10  95:100]
 21 [ 6 102:107]
 98 [ 8 107:112]
 32 [ 5 126:131]
134 [ 7 135:140]
 -6 [ 7 163:163]

Vehicle: 602  Cost: 34.41
Route: 6 31 54 107 -6 
  6 [ 5  44:175]
 31 [ 2 180:185]
 54 [ 0 300:305]
107 [ 3 315:320]
 -6 [ 3 337:337]

Vehicle: 603  Cost: 59.12
Route: 6 80 122 60 115 53 58 -6 
  6 [ 7  44: 59]
 80 [ 4  68: 73]
122 [ 8  93: 98]
 60 [ 7  98:103]
115 [10 300:305]
 53 [ 9 305:310]
 58 [ 7 321:326]
 -6 [ 7 336:336]

Vehicle: 604  Cost: 57.37
Route: 6 63 124 78 135 29 46 111 -6 
  6 [ 9  44: 59]
 63 [ 8  75: 80]
124 [10  80: 85]
 78 [ 6 300:305]
135 [ 8 305:310]
 29 [ 7 420:425]
 46 [ 4 430:435]
111 [ 8 435:440]
 -6 [ 8 456:456]

Vehicle: 701  Cost: 2.00
Route: 7 51 -7 
  7 [ 4  47:299]
 51 [ 0 300:305]
 -7 [ 0 306:306]

Vehicle: 801  Cost: 8.00
Route: 8 114 -8 
  8 [ 0   0: 15]
114 [ 3  19: 24]
 -8 [ 3  28: 28]

Vehicle: 901  Cost: 41.73
Route: 9 41 28 103 88 105 39 -9 
  9 [10 119:168]
 41 [ 6 180:185]
 28 [ 4 300:305]
103 [ 8 305:310]
 88 [ 5 315:320]
105 [ 6 331:336]
 39 [ 5 336:341]
 -9 [ 5 348:348]

Vehicle: 902  Cost: 86.21
Route: 9 15 12 30 143 -9 
  9 [10 119:134]
 15 [ 7 142:147]
 12 [ 3 176:181]
 30 [ 0 420:425]
143 [ 1 434:439]
 -9 [ 1 461:461]

Vehicle: 903  Cost: 62.15
Route: 9 45 110 14 129 71 -9 
  9 [10 119:160]
 45 [ 8 180:185]
110 [ 9 185:190]
 14 [ 5 200:205]
129 [ 9 300:305]
 71 [ 5 305:310]
 -9 [ 5 338:338]

Vehicle: 904  Cost: 62.66
Route: 9 112 47 90 11 26 106 36 -9 
  9 [ 9 119:134]
112 [10 145:150]
 47 [ 7 150:155]
 90 [10 171:176]
 11 [ 8 176:181]
 26 [ 7 195:200]
106 [10 209:214]
 36 [ 7 300:305]
 -9 [ 7 311:311]

Vehicle: 905  Cost: 33.54
Route: 9 72 131 136 66 127 59 121 -9 
  9 [ 9 119:174]
 72 [ 5 180:185]
131 [ 6 185:190]
136 [ 9 195:200]
 66 [ 6 300:305]
127 [ 8 305:310]
 59 [ 6 420:425]
121 [10 425:430]
 -9 [10 433:433]

Total Cost: 2035.80
 11:87.86, 31:75 [1, 6, -6, -1]
 12:63.56, 49:75 [1, 3, -3, -1]
 13:142.52, 54:75 [1, -8, 5, -5, -3, -1]
 15:170.97, 64:75 [1, 7, 4, -4, 9, -9, 2, -2, -1]
201:22.18, 3:10 [2, 77, 85, 140, -2]
301:17.73, 7:10 [3, 43, 109, 113, -3]
302:83.01, 10:10 [3, 44, 64, 125, 55, 27, 33, -3]
303:67.40, 10:10 [3, 133, 108, 16, 83, 139, -3]
304:104.67, 9:10 [3, 76, 89, 23, 101, 73, -3]
306:95.27, 10:10 [3, 68, 96, 20, 123, 62, -3]
307:46.26, 9:10 [3, 130, 19, 95, 25, -3]
308:61.08, 8:10 [3, 42, 24, 99, 22, 93, 17, 128, 70, -3]
401:34.56, 9:10 [4, 75, 84, 38, -4]
402:4.47, 3:10 [4, 94, -4]
501:42.84, 9:10 [5, 119, 56, 61, 82, 138, -5]
503:89.72, 10:10 [5, 52, 67, 13, 92, 57, 120, 50, 116, -5]
504:91.92, 10:10 [5, 104, 37, 79, 137, 10, 91, 74, 132, -5]
505:99.86, 10:10 [5, 49, 48, 35, 117, 142, 34, -5]
506:95.84, 10:10 [5, 118, 86, 40, 100, 102, 97, -5]
507:92.57, 10:10 [5, 69, 81, 65, 126, 18, -5]
601:74.33, 10:10 [6, 87, 141, 21, 98, 32, 134, -6]
602:34.41, 5:10 [6, 31, 54, 107, -6]
603:59.12, 10:10 [6, 80, 122, 60, 115, 53, 58, -6]
604:57.37, 10:10 [6, 63, 124, 78, 135, 29, 46, 111, -6]
701:2.00, 4:10 [7, 51, -7]
801:8.00, 3:10 [8, 114, -8]
901:41.73, 10:10 [9, 41, 28, 103, 88, 105, 39, -9]
902:86.21, 10:10 [9, 15, 12, 30, 143, -9]
903:62.15, 10:10 [9, 45, 110, 14, 129, 71, -9]
904:62.66, 10:10 [9, 112, 47, 90, 11, 26, 106, 36, -9]
905:33.54, 10:10 [9, 72, 131, 136, 66, 127, 59, 121, -9]
fe: 4, se: 27

!ALNS------------
100000,2035.8002468782556,758.769,752.536,4,27,0.66,0.8481481481481481,33.5,4.962962962962963
30 19 19 9 0 2 11 3 
9.111620591126032 24.86391455910806 9.437667877446003 12.210695561764803 61.152592934983126 23.33630984895657 16.432576001252638 22.976803023517125 
11 17 6 10 12 6 25 6 
16.779674356709517 15.587762229488797 14.221993676733945 16.365950866989728 16.280343249986892 13.952078584565875 15.607791492936322 15.913554587564901 

x[964] = 1.0
Vehicle: 12  Cost: 63.56
Route: 1 3 -3 -1 
 1 [ 49   0:  0 [70, 64, 89, 16, 25, 44, 43, 55, 27, 17, 83, 42, 23, 62, 24, 22, 68, 33, 76, 20, 73, 19]]
 3 [  0  32: 32 []]
-3 [ 33  32:388 [99, 93, 139, 130, 95, 96, 123, 109, 128, 113, 108, 133]]
-1 [ 33 420:420 [99, 93, 139, 130, 95, 96, 123, 109, 128, 113, 108, 133]]

x[2183] = 1.0
Vehicle: 15  Cost: 170.97
Route: 1 7 4 -4 9 -9 2 -2 -1 
 1 [ 63   0:  0 [75, 59, 71, 28, 39, 74, 77, 51, 47, 36, 66, 41, 12, 38, 30, 14, 45, 26, 85, 72, 88, 15, 84]]
 7 [ 59  47: 62 [75, 59, 71, 28, 39, 74, 77, 47, 36, 66, 41, 12, 38, 30, 14, 45, 26, 85, 72, 88, 15, 84]]
 4 [ 50  81: 81 [59, 71, 28, 39, 74, 77, 47, 36, 66, 41, 12, 30, 14, 45, 26, 85, 72, 88, 15]]
-4 [ 53  81: 96 [94, 59, 71, 28, 39, 74, 77, 47, 36, 66, 41, 12, 30, 14, 45, 26, 85, 72, 88, 15]]
 9 [  6 119:119 [94, 77, 85]]
-9 [ 33 119:487 [103, 110, 132, 94, 77, 143, 131, 105, 112, 136, 85, 121, 129, 127, 106]]
 2 [ 30 510:510 [94, 103, 110, 132, 143, 131, 105, 112, 136, 121, 129, 127, 106]]
-2 [ 32 510:577 [140, 94, 103, 110, 132, 143, 131, 105, 112, 136, 121, 129, 127, 106]]
-1 [ 32 636:636 [103, 110, 132, 94, 143, 140, 131, 105, 112, 136, 121, 129, 127, 106]]

x[6235] = 1.0
Vehicle: 11  Cost: 87.86
Route: 1 6 -6 -1 
 1 [ 31   0:  0 [32, 87, 53, 63, 60, 29, 54, 58, 21, 46, 78, 31, 80]]
 6 [  0  44: 44 []]
-6 [ 27  44:471 [124, 122, 141, 135, 107, 115, 111, 98, 108, 134]]
-1 [ 27 515:515 [124, 122, 141, 135, 107, 115, 111, 98, 108, 134]]

x[7072] = 1.0
Vehicle: 13  Cost: 142.52
Route: 1 -8 5 -5 -3 -1 
 1 [ 52   0:  0 [81, 56, 34, 35, 11, 65, 40, 61, 82, 86, 49, 67, 52, 48, 18, 13, 79, 57, 69, 37, 50, 10]]
-8 [ 55  58: 73 [114, 81, 56, 34, 35, 11, 65, 40, 61, 82, 86, 49, 67, 52, 48, 18, 13, 79, 57, 69, 37, 50, 10]]
 5 [  3  91: 91 [114]]
-5 [ 44  91:465 [126, 117, 119, 138, 97, 114, 118, 116, 100, 137, 90, 142, 104, 102, 92, 91, 120]]
-3 [ 52 500:522 [114, 126, 117, 119, 138, 97, 118, 116, 128, 100, 137, 90, 142, 104, 102, 101, 92, 91, 125, 120]]
-1 [ 52 554:554 [126, 117, 119, 138, 97, 114, 118, 116, 128, 100, 137, 90, 142, 104, 102, 101, 92, 91, 125, 120]]

y[681] = 1.0
Vehicle: 301  Cost: 52.73
Route: 3 44 130 19 95 25 -3 
  3 [ 9  32:162]
 44 [ 6 180:185]
130 [ 9 189:194]
 19 [ 5 300:305]
 95 [ 9 305:310]
 25 [ 7 321:326]
 -3 [ 7 339:339]

y[937] = 0.999999999999866
Vehicle: 905  Cost: 87.48
Route: 9 15 12 30 143 121 -9 
  9 [10 119:134]
 15 [ 7 142:147]
 12 [ 3 176:181]
 30 [ 0 420:425]
143 [ 1 434:439]
121 [ 5 459:464]
 -9 [ 5 467:467]

y[1930] = 1.0000000000003837
Vehicle: 403  Cost: 4.47
Route: 4 94 -4 
  4 [ 0   0: 15]
 94 [ 3  17: 22]
 -4 [ 3  24: 24]

y[2007] = 1.0
Vehicle: 505  Cost: 98.71
Route: 5 49 48 35 117 142 82 138 -5 
  5 [ 9 116:131]
 49 [ 6 149:154]
 48 [ 5 162:167]
 35 [ 2 300:305]
117 [ 5 315:320]
142 [ 9 326:331]
 82 [ 7 420:425]
138 [10 425:430]
 -5 [10 450:450]

y[2152] = 1.0000000000004439
Vehicle: 504  Cost: 79.45
Route: 5 104 11 90 37 137 79 91 -5 
  5 [ 8  91:106]
104 [ 9 134:139]
 11 [ 7 147:152]
 90 [10 152:157]
 37 [ 6 300:305]
137 [ 9 306:311]
 79 [ 7 311:316]
 91 [ 8 329:334]
 -5 [ 8 358:358]

y[2294] = 1.0
Vehicle: 309  Cost: 95.27
Route: 3 68 20 96 123 62 -3 
  3 [10  32: 47]
 68 [ 6  84: 89]
 20 [ 4 109:114]
 96 [ 5 114:119]
123 [ 8 300:305]
 62 [ 4 305:310]
 -3 [ 4 345:345]

y[2593] = 1.0
Vehicle: 303  Cost: 89.48
Route: 3 24 99 22 17 93 108 16 83 139 -3 
  3 [10  32: 47]
 24 [ 7  62: 67]
 99 [ 8 180:185]
 22 [ 7 185:190]
 17 [ 6 201:206]
 93 [ 7 206:211]
108 [ 9 233:238]
 16 [ 8 300:305]
 83 [ 4 322:327]
139 [ 8 327:332]
 -3 [ 8 345:345]

y[3272] = 0.9999999999990675
Vehicle: 503  Cost: 89.72
Route: 5 52 67 13 92 57 120 50 116 -5 
  5 [10 167:182]
 52 [ 9 201:206]
 67 [ 8 300:305]
 13 [ 6 321:326]
 92 [ 9 326:331]
 57 [ 5 345:350]
120 [ 9 350:355]
 50 [ 7 360:365]
116 [ 8 378:383]
 -5 [ 8 396:396]

y[4335] = 1.0
Vehicle: 601  Cost: 59.12
Route: 6 80 122 60 115 53 58 -6 
  6 [ 7  72: 87]
 80 [ 4  96:101]
122 [ 8 121:126]
 60 [ 7 126:131]
115 [10 300:305]
 53 [ 9 305:310]
 58 [ 7 321:326]
 -6 [ 7 336:336]

y[4460] = 1.0
Vehicle: 701  Cost: 2.00
Route: 7 51 -7 
  7 [ 4 581:596]
 51 [ 0 597:602]
 -7 [ 0 603:603]

y[4537] = 1.0
Vehicle: 507  Cost: 49.20
Route: 5 56 119 69 10 -5 
  5 [ 9 124:139]
 56 [ 6 149:154]
119 [ 9 154:159]
 69 [ 5 170:175]
 10 [ 3 300:305]
 -5 [ 3 327:327]

y[4622] = 1.0
Vehicle: 303  Cost: 84.41
Route: 3 64 125 55 27 33 128 70 -3 
  3 [ 9  32:271]
 64 [ 7 300:305]
125 [ 8 305:310]
 55 [ 5 323:328]
 27 [ 4 332:337]
 33 [ 3 420:425]
128 [ 7 431:436]
 70 [ 5 436:441]
 -3 [ 5 466:466]

y[6783] = 1.0000000000002223
Vehicle: 905  Cost: 38.69
Route: 9 72 131 136 66 127 105 39 59 -9 
  9 [10 119:174]
 72 [ 6 180:185]
131 [ 7 185:190]
136 [10 195:200]
 66 [ 7 300:305]
127 [ 9 305:310]
105 [10 326:331]
 39 [ 9 331:336]
 59 [ 7 420:425]
 -9 [ 7 428:428]

y[6932] = 1.0
Vehicle: 501  Cost: 98.78
Route: 5 81 65 126 18 34 61 -5 
  5 [10 140:155]
 81 [ 9 188:193]
 65 [ 7 207:212]
126 [10 212:217]
 18 [ 7 300:305]
 34 [ 4 314:319]
 61 [ 3 345:350]
 -5 [ 3 363:363]

y[7388] = 1.0
Vehicle: 302  Cost: 104.67
Route: 3 76 89 101 23 73 -3 
  3 [ 9  32: 47]
 76 [ 6  80: 85]
 89 [ 5 420:425]
101 [ 8 452:457]
 23 [ 4 457:462]
 73 [ 3 478:483]
 -3 [ 3 507:507]

y[8224] = 1.0
Vehicle: 201  Cost: 22.18
Route: 2 77 140 85 -2 
  2 [ 3 510:525]
 77 [ 1 531:536]
140 [ 3 547:552]
 85 [ 2 552:557]
 -2 [ 2 562:562]

y[11890] = 1.0
Vehicle: 401  Cost: 34.56
Route: 4 75 84 38 -4 
  4 [ 9 134:149]
 75 [ 5 156:161]
 84 [ 4 170:175]
 38 [ 0 300:305]
 -4 [ 0 316:316]

y[12998] = 1.0
Vehicle: 304  Cost: 30.17
Route: 3 133 42 109 43 113 -3 
  3 [ 2  32: 47]
133 [ 5  56: 61]
 42 [ 4  64: 69]
109 [ 8  78: 83]
 43 [ 7  83: 88]
113 [10 180:185]
 -3 [10 190:190]

y[14207] = 1.0
Vehicle: 604  Cost: 57.37
Route: 6 63 124 78 135 29 46 111 -6 
  6 [ 9  72: 87]
 63 [ 8 103:108]
124 [10 108:113]
 78 [ 6 300:305]
135 [ 8 305:310]
 29 [ 7 420:425]
 46 [ 4 430:435]
111 [ 8 435:440]
 -6 [ 8 456:456]

y[14226] = 1.0
Vehicle: 602  Cost: 74.33
Route: 6 87 141 21 98 32 134 -6 
  6 [10  72: 87]
 87 [ 7 118:123]
141 [10 123:128]
 21 [ 6 131:136]
 98 [ 8 136:141]
 32 [ 5 154:159]
134 [ 7 163:168]
 -6 [ 7 191:191]

y[15109] = 1.0
Vehicle: 506  Cost: 95.84
Route: 5 118 86 40 100 102 97 -5 
  5 [ 6 124:139]
118 [10 156:161]
 86 [ 6 184:189]
 40 [ 4 202:207]
100 [ 5 216:221]
102 [ 6 226:231]
 97 [ 9 239:244]
 -5 [ 9 265:265]

y[15240] = 0.9999999999998392
Vehicle: 602  Cost: 34.41
Route: 6 31 54 107 -6 
  6 [ 5  44:175]
 31 [ 2 180:185]
 54 [ 0 300:305]
107 [ 3 315:320]
 -6 [ 3 337:337]

y[15428] = 1.0
Vehicle: 801  Cost: 8.00
Route: 8 114 -8 
  8 [ 0   0: 15]
114 [ 3  19: 24]
 -8 [ 3  28: 28]

y[15837] = 1.0
Vehicle: 903  Cost: 62.15
Route: 9 45 110 14 71 129 -9 
  9 [10 219:234]
 45 [ 8 254:259]
110 [ 9 259:264]
 14 [ 5 274:279]
 71 [ 1 300:305]
129 [ 5 305:310]
 -9 [ 5 338:338]

y[15923] = 0.9999999999996411
Vehicle: 901  Cost: 39.80
Route: 9 41 88 132 74 28 103 -9 
  9 [10 177:192]
 41 [ 6 204:209]
 88 [ 3 300:305]
132 [ 5 308:313]
 74 [ 4 313:318]
 28 [ 2 323:328]
103 [ 6 328:333]
 -9 [ 6 350:350]

y[15930] = 1.0
Vehicle: 901  Cost: 42.31
Route: 9 47 112 26 106 36 -9 
  9 [ 7 122:137]
 47 [ 4 148:153]
112 [ 5 153:158]
 26 [ 4 168:173]
106 [ 7 182:187]
 36 [ 4 300:305]
 -9 [ 4 311:311]

FE: 4
SE: 26
!MIP-----
2000.1948325176809,3264.5097358226776,9.24565463982032E-5,4,26,7996,18403

