--Parameters Information--
speed=1
run=5
iteration= 100000
batch=100
restartPeriod=10000
largeRemovalOccurrence=500
initialLNS=250
lowerBoundSmallRemoval=4
smallRemoval=0.2
lowerBoundLargeRemoval=0.55
largeRemoval=0.8
initialWeight=1.0
decayRate=0.1
gamma1=9.0
gamma2=5.0
gamma3=2.0
gamma4=0.0
coolingRate=0.9995
temperatureControlParameter=0.05
initialAcceptanceProbability=0.5
perturbation=0.5
perturbationFactor=0.01
split=20000

Setup: Split
Data: C_50_7_LD

Run: 1
Total Cost: 1089.09
Vehicle: 12  Cost: 206.52
Route: 1 6 8 5 4 -4 -5 -6 -1 
 1 [ 64   0:  0 [21, 49, 37, 22, 20, 11, 33, 41, 29, 31, 34, 35, 25, 28, 18, 19, 36, 16, 45, 32, 47, 24, 23, 15]]
 6 [ 51  33: 48 [21, 49, 37, 20, 11, 33, 41, 29, 25, 28, 18, 19, 36, 16, 45, 47, 24, 23, 15]]
 8 [ 48  58: 73 [21, 49, 37, 20, 11, 33, 41, 29, 25, 28, 18, 19, 16, 45, 47, 24, 23, 15]]
 5 [ 39  94:109 [21, 49, 37, 20, 11, 41, 25, 28, 18, 19, 45, 24, 23, 15]]
 4 [  0 148:148 []]
-4 [ 27 148:525 [61, 50, 71, 58, 59, 57, 55, 60, 52, 63, 67]]
-5 [ 35 564:579 [69, 53, 61, 50, 71, 58, 59, 57, 55, 60, 52, 62, 63, 67]]
-6 [ 40 610:625 [65, 69, 53, 64, 61, 50, 71, 58, 59, 57, 55, 60, 52, 62, 63, 67]]
-1 [ 40 658:658 [69, 53, 65, 64, 61, 50, 71, 58, 59, 57, 55, 60, 52, 62, 63, 67]]

Vehicle: 13  Cost: 69.31
Route: 1 9 -9 -1 
 1 [ 37   0:  0 [44, 13, 46, 14, 43, 10, 39, 38, 12, 27, 40, 48, 42, 30, 26, 17]]
 9 [  0  35: 35 []]
-9 [ 13  35:472 [70, 68, 54, 66, 72, 56, 51]]
-1 [ 13 507:507 [70, 68, 54, 66, 72, 56, 51]]

Vehicle: 401  Cost: 60.02
Route: 4 24 58 45 49 60 37 -4 
  4 [ 8 148:291]
 24 [ 5 300:305]
 58 [ 8 305:310]
 45 [ 6 318:323]
 49 [ 4 332:337]
 60 [ 8 351:356]
 37 [ 7 365:370]
 -4 [ 7 381:381]

Vehicle: 402  Cost: 18.56
Route: 4 25 59 15 -4 
  4 [ 7 148:176]
 25 [ 4 180:185]
 59 [ 6 185:190]
 15 [ 2 300:305]
 -4 [ 2 312:312]

Vehicle: 403  Cost: 67.32
Route: 4 41 67 63 18 28 -4 
  4 [10 148:163]
 41 [ 6 191:196]
 67 [ 7 196:201]
 63 [10 207:212]
 18 [ 8 300:305]
 28 [ 4 317:322]
 -4 [ 4 339:339]

Vehicle: 404  Cost: 123.82
Route: 4 19 23 55 21 61 71 -4 
  4 [10 148:285]
 19 [ 7 300:305]
 23 [ 3 319:324]
 55 [ 4 420:425]
 21 [ 1 438:443]
 61 [ 4 474:479]
 71 [ 8 483:488]
 -4 [ 8 510:510]

Vehicle: 405  Cost: 51.56
Route: 4 52 57 50 11 20 -4 
  4 [ 4 148:163]
 52 [ 7 183:188]
 57 [ 9 192:197]
 50 [10 300:305]
 11 [ 7 305:310]
 20 [ 6 328:333]
 -4 [ 6 341:341]

Vehicle: 501  Cost: 68.30
Route: 5 16 53 47 69 29 62 33 -5 
  5 [ 9  94:398]
 16 [ 7 420:425]
 53 [10 425:430]
 47 [ 6 444:449]
 69 [ 7 449:454]
 29 [ 6 462:467]
 62 [10 467:472]
 33 [ 8 494:499]
 -5 [ 8 502:502]

Vehicle: 601  Cost: 50.72
Route: 6 35 65 31 32 22 -6 
  6 [ 9  33: 48]
 35 [ 5  58: 63]
 65 [ 8  63: 68]
 31 [ 5 180:185]
 32 [ 4 300:305]
 22 [ 3 309:314]
 -6 [ 3 325:325]

Vehicle: 602  Cost: 13.42
Route: 6 34 64 -6 
  6 [ 4  33:293]
 34 [ 0 300:305]
 64 [ 2 305:310]
 -6 [ 2 317:317]

Vehicle: 801  Cost: 5.66
Route: 8 36 -8 
  8 [ 3  58:297]
 36 [ 0 300:305]
 -8 [ 0 308:308]

Vehicle: 901  Cost: 60.30
Route: 9 26 46 66 43 -9 
  9 [ 8  35:161]
 26 [ 5 180:185]
 46 [ 3 196:201]
 66 [ 4 300:305]
 43 [ 1 420:425]
 -9 [ 1 446:446]

Vehicle: 902  Cost: 89.63
Route: 9 14 38 27 13 17 54 -9 
  9 [10  35: 50]
 14 [ 9  74: 79]
 38 [ 7 102:107]
 27 [ 3 300:305]
 13 [ 2 420:425]
 17 [ 0 429:434]
 54 [ 2 434:439]
 -9 [ 2 457:457]

Vehicle: 904  Cost: 128.24
Route: 9 42 72 10 56 39 30 51 -9 
  9 [ 9  35: 50]
 42 [ 6  60: 65]
 72 [ 9  84: 89]
 10 [ 8 117:122]
 56 [10 300:305]
 39 [ 6 328:333]
 30 [ 5 341:346]
 51 [ 6 352:357]
 -9 [ 6 375:375]

Vehicle: 905  Cost: 75.71
Route: 9 44 68 40 12 48 70 -9 
  9 [10  35:171]
 44 [ 7 180:185]
 68 [ 9 185:190]
 40 [ 6 194:199]
 12 [ 5 300:305]
 48 [ 2 328:333]
 70 [ 4 333:338]
 -9 [ 4 356:356]

Total Cost: 1089.09
 12:206.52, 64:75 [1, 6, 8, 5, 4, -4, -5, -6, -1]
 13:69.31, 37:75 [1, 9, -9, -1]
401:60.02, 8:10 [4, 24, 58, 45, 49, 60, 37, -4]
402:18.56, 7:10 [4, 25, 59, 15, -4]
403:67.32, 10:10 [4, 41, 67, 63, 18, 28, -4]
404:123.82, 10:10 [4, 19, 23, 55, 21, 61, 71, -4]
405:51.56, 10:10 [4, 52, 57, 50, 11, 20, -4]
501:68.30, 10:10 [5, 16, 53, 47, 69, 29, 62, 33, -5]
601:50.72, 9:10 [6, 35, 65, 31, 32, 22, -6]
602:13.42, 4:10 [6, 34, 64, -6]
801:5.66, 3:10 [8, 36, -8]
901:60.30, 8:10 [9, 26, 46, 66, 43, -9]
902:89.63, 10:10 [9, 14, 38, 27, 13, 17, 54, -9]
904:128.24, 10:10 [9, 42, 72, 10, 56, 39, 30, 51, -9]
905:75.71, 10:10 [9, 44, 68, 40, 12, 48, 70, -9]
fe: 2, se: 13

!ALNS------------
100000,1089.0923538514214,419.905,223.935,2,13,0.6733333333333333,0.8384615384615385,31.5,4.846153846153846
6 10 2 9 0 1 6 0 
8.813865704403781 14.352415990029074 8.175496765641387 9.790770890030878 28.95858688596803 11.039399448880474 11.848753487509542 43.24572945041234 
6 1 4 2 4 4 8 5 
11.695096193300694 11.119365011584042 12.218572744379822 12.765855220627744 11.448540251413341 11.370279478000437 11.983784117815622 12.796000182161324 

x[1931] = 1.0
Vehicle: 12  Cost: 206.52
Route: 1 6 8 5 4 -4 -5 -6 -1 
 1 [ 64   0:  0 [47, 21, 49, 18, 37, 15, 35, 22, 20, 34, 11, 28, 24, 25, 45, 33, 32, 36, 41, 16, 29, 23, 19, 31]]
 6 [ 51  33: 48 [47, 21, 49, 18, 37, 15, 20, 11, 28, 24, 25, 45, 33, 36, 41, 16, 29, 23, 19]]
 8 [ 48  58: 73 [47, 21, 49, 18, 37, 15, 20, 11, 28, 24, 25, 45, 33, 41, 16, 29, 23, 19]]
 5 [ 39  94:109 [21, 49, 18, 37, 15, 20, 11, 28, 24, 25, 45, 41, 23, 19]]
 4 [  0 148:148 []]
-4 [ 27 148:525 [52, 67, 60, 61, 63, 50, 57, 58, 71, 55, 59]]
-5 [ 35 564:579 [69, 53, 52, 67, 60, 61, 63, 50, 57, 58, 71, 55, 62, 59]]
-6 [ 40 610:625 [65, 69, 53, 64, 52, 67, 60, 61, 63, 50, 57, 58, 71, 55, 62, 59]]
-1 [ 40 658:658 [69, 53, 65, 64, 52, 67, 60, 61, 63, 50, 57, 58, 71, 55, 62, 59]]

x[2220] = 1.0
Vehicle: 13  Cost: 69.31
Route: 1 9 -9 -1 
 1 [ 37   0:  0 [13, 46, 14, 43, 10, 38, 12, 27, 48, 30, 26, 17, 39, 42, 40, 44]]
 9 [  0  35: 35 []]
-9 [ 16  35:472 [70, 68, 54, 66, 72, 56, 51, 65]]
-1 [ 16 507:507 [70, 68, 54, 66, 72, 56, 51, 65]]

y[577] = 1.0
Vehicle: 905  Cost: 89.63
Route: 9 14 38 27 13 17 54 -9 
  9 [10 171:186]
 14 [ 9 210:215]
 38 [ 7 238:243]
 27 [ 3 300:305]
 13 [ 2 420:425]
 17 [ 0 429:434]
 54 [ 2 434:439]
 -9 [ 2 457:457]

y[628] = 1.0
Vehicle: 401  Cost: 18.56
Route: 4 25 59 15 -4 
  4 [ 7 239:254]
 25 [ 4 258:263]
 59 [ 6 263:268]
 15 [ 2 300:305]
 -4 [ 2 312:312]

y[2699] = 1.0
Vehicle: 403  Cost: 67.32
Route: 4 41 67 63 18 28 -4 
  4 [10 223:238]
 41 [ 6 266:271]
 67 [ 7 271:276]
 63 [10 282:287]
 18 [ 8 300:305]
 28 [ 4 317:322]
 -4 [ 4 339:339]

y[3015] = 1.0
Vehicle: 401  Cost: 60.02
Route: 4 24 58 45 49 60 37 -4 
  4 [ 8 142:291]
 24 [ 5 300:305]
 58 [ 8 305:310]
 45 [ 6 318:323]
 49 [ 4 332:337]
 60 [ 8 351:356]
 37 [ 7 365:370]
 -4 [ 7 381:381]

y[3291] = 1.0
Vehicle: 602  Cost: 13.42
Route: 6 64 34 -6 
  6 [ 4 548:563]
 64 [ 6 570:575]
 34 [ 2 575:580]
 -6 [ 2 586:586]

y[3435] = 1.0
Vehicle: 404  Cost: 123.82
Route: 4 19 23 55 21 61 71 -4 
  4 [10 203:285]
 19 [ 7 300:305]
 23 [ 3 319:324]
 55 [ 4 420:425]
 21 [ 1 438:443]
 61 [ 4 474:479]
 71 [ 8 483:488]
 -4 [ 8 510:510]

y[3919] = 1.0
Vehicle: 902  Cost: 75.71
Route: 9 44 68 40 12 48 70 -9 
  9 [10 149:171]
 44 [ 7 180:185]
 68 [ 9 185:190]
 40 [ 6 194:199]
 12 [ 5 300:305]
 48 [ 2 328:333]
 70 [ 4 333:338]
 -9 [ 4 356:356]

y[4207] = 1.0
Vehicle: 903  Cost: 60.30
Route: 9 26 46 66 43 -9 
  9 [ 8 132:161]
 26 [ 5 180:185]
 46 [ 3 196:201]
 66 [ 4 300:305]
 43 [ 1 420:425]
 -9 [ 1 446:446]

y[4537] = 1.0
Vehicle: 904  Cost: 128.24
Route: 9 42 72 10 56 39 30 51 -9 
  9 [ 9 100:115]
 42 [ 6 125:130]
 72 [ 9 149:154]
 10 [ 8 182:187]
 56 [10 300:305]
 39 [ 6 328:333]
 30 [ 5 341:346]
 51 [ 6 352:357]
 -9 [ 6 375:375]

y[5939] = 1.0
Vehicle: 601  Cost: 50.72
Route: 6 35 65 31 32 22 -6 
  6 [ 9 137:152]
 35 [ 5 162:167]
 65 [ 8 167:172]
 31 [ 5 187:192]
 32 [ 4 300:305]
 22 [ 3 309:314]
 -6 [ 3 325:325]

y[5970] = 1.0
Vehicle: 801  Cost: 5.66
Route: 8 36 -8 
  8 [ 3 582:597]
 36 [ 0 600:605]
 -8 [ 0 607:607]

y[6001] = 1.0
Vehicle: 405  Cost: 51.56
Route: 4 52 57 11 50 20 -4 
  4 [ 4 239:254]
 52 [ 7 274:279]
 57 [ 9 283:288]
 11 [ 6 300:305]
 50 [ 7 305:310]
 20 [ 6 328:333]
 -4 [ 6 341:341]

y[6005] = 1.0
Vehicle: 501  Cost: 68.30
Route: 5 33 29 62 47 69 53 16 -5 
  5 [ 9 427:442]
 33 [ 7 446:451]
 29 [ 6 472:477]
 62 [10 477:482]
 47 [ 6 490:495]
 69 [ 7 495:500]
 53 [10 514:519]
 16 [ 8 519:524]
 -5 [ 8 546:546]

FE: 2
SE: 13
!MIP-----
1089.0923538514214,13.596723794937134,0.0,2,13,2515,6233

Run: 2
Total Cost: 1100.57
Vehicle: 11  Cost: 183.70
Route: 1 9 2 7 -7 4 -4 -2 -9 -1 
 1 [ 67   0:  0 [17, 48, 44, 11, 25, 26, 43, 40, 37, 38, 42, 20, 19, 12, 24, 23, 39, 28, 49, 27, 46, 45, 10, 14, 15, 30, 13]]
 9 [ 44  35: 50 [11, 25, 26, 43, 37, 20, 19, 24, 23, 39, 28, 49, 46, 45, 10, 15, 30]]
 2 [ 27  81: 96 [25, 37, 20, 19, 24, 23, 28, 49, 45, 15]]
 7 [ 18 111:111 [25, 37, 19, 24, 23, 49, 45]]
-7 [ 23 111:126 [52, 25, 37, 19, 24, 23, 49, 45, 57]]
 4 [  5 138:138 [52, 57]]
-4 [ 21 138:399 [71, 60, 59, 58, 61, 52, 57]]
-2 [ 26 424:475 [56, 71, 60, 59, 66, 58, 50, 51, 61, 52, 57]]
-9 [ 35 507:522 [56, 54, 71, 60, 59, 66, 70, 58, 50, 51, 68, 61, 72, 52, 57]]
-1 [ 35 557:557 [56, 54, 71, 60, 59, 66, 70, 58, 50, 51, 68, 61, 72, 52, 57]]

Vehicle: 12  Cost: 131.14
Route: 1 6 3 -3 5 -5 8 -6 -1 
 1 [ 34   0:  0 [22, 32, 35, 47, 16, 31, 33, 41, 18, 29, 34, 36, 21]]
 6 [ 21  33: 48 [47, 16, 33, 41, 18, 29, 36, 21]]
 3 [ 15  69: 69 [47, 16, 33, 29, 36, 21]]
-3 [ 19  69:334 [67, 47, 16, 63, 33, 29, 36, 21]]
 5 [  7 347:347 [67, 63, 36]]
-5 [ 16 347:554 [67, 62, 69, 63, 53, 36, 55]]
 8 [ 13 575:590 [67, 63, 62, 69, 53, 55]]
-6 [ 18 600:615 [65, 67, 62, 69, 63, 53, 64, 55]]
-1 [ 18 648:648 [67, 65, 62, 69, 63, 53, 64, 55]]

Vehicle: 201  Cost: 90.64
Route: 2 10 56 50 11 39 -2 
  2 [ 8  81: 96]
 10 [ 7 135:140]
 56 [ 9 300:305]
 50 [10 316:321]
 11 [ 7 321:326]
 39 [ 3 340:345]
 -2 [ 3 356:356]

Vehicle: 202  Cost: 62.97
Route: 2 26 46 66 43 51 30 -2 
  2 [ 9  81:163]
 26 [ 6 180:185]
 46 [ 4 196:201]
 66 [ 5 300:305]
 43 [ 2 420:425]
 51 [ 3 436:441]
 30 [ 2 446:451]
 -2 [ 2 460:460]

Vehicle: 301  Cost: 35.79
Route: 3 63 41 67 18 -3 
  3 [ 6  69: 84]
 63 [ 9  97:102]
 41 [ 5 108:113]
 67 [ 6 113:118]
 18 [ 4 300:305]
 -3 [ 4 319:319]

Vehicle: 401  Cost: 58.87
Route: 4 25 24 58 45 49 71 61 -4 
  4 [10 138:176]
 25 [ 7 180:185]
 24 [ 4 300:305]
 58 [ 7 305:310]
 45 [ 5 318:323]
 49 [ 3 332:337]
 71 [ 7 337:342]
 61 [10 345:350]
 -4 [10 374:374]

Vehicle: 403  Cost: 79.66
Route: 4 59 19 23 60 37 -4 
  4 [ 8 138:176]
 59 [10 180:185]
 19 [ 7 300:305]
 23 [ 3 319:324]
 60 [ 7 354:359]
 37 [ 6 368:373]
 -4 [ 6 384:384]

Vehicle: 501  Cost: 113.07
Route: 5 21 55 47 69 29 62 16 53 -5 
  5 [10 347:385]
 21 [ 7 420:425]
 55 [ 8 438:443]
 47 [ 4 468:473]
 69 [ 5 473:478]
 29 [ 4 486:491]
 62 [ 8 491:496]
 16 [ 6 507:512]
 53 [ 9 512:517]
 -5 [ 9 539:539]

Vehicle: 502  Cost: 6.32
Route: 5 33 -5 
  5 [ 2 347:362]
 33 [ 0 365:370]
 -5 [ 0 373:373]

Vehicle: 601  Cost: 13.42
Route: 6 64 34 -6 
  6 [ 4  33:293]
 64 [ 6 300:305]
 34 [ 2 305:310]
 -6 [ 2 317:317]

Vehicle: 602  Cost: 50.72
Route: 6 35 65 31 32 22 -6 
  6 [ 9  33: 48]
 35 [ 5  58: 63]
 65 [ 8  63: 68]
 31 [ 5 180:185]
 32 [ 4 300:305]
 22 [ 3 309:314]
 -6 [ 3 325:325]

Vehicle: 701  Cost: 35.81
Route: 7 28 15 20 -7 
  7 [ 9 111:284]
 28 [ 5 300:305]
 15 [ 1 315:320]
 20 [ 0 325:330]
 -7 [ 0 335:335]

Vehicle: 702  Cost: 24.09
Route: 7 57 52 -7 
  7 [ 0   0: 15]
 57 [ 2  27: 32]
 52 [ 5  36: 41]
 -7 [ 5  49: 49]

Vehicle: 801  Cost: 5.66
Route: 8 36 -8 
  8 [ 3 575:590]
 36 [ 0 592:597]
 -8 [ 0 600:600]

Vehicle: 901  Cost: 68.01
Route: 9 38 27 13 54 17 -9 
  9 [ 9  35: 50]
 38 [ 7  75: 80]
 27 [ 3 300:305]
 13 [ 2 420:425]
 54 [ 4 429:434]
 17 [ 2 434:439]
 -9 [ 2 457:457]

Vehicle: 902  Cost: 60.98
Route: 9 42 72 40 68 44 -9 
  9 [ 9  35: 50]
 42 [ 6  60: 65]
 72 [ 9  84: 89]
 40 [ 6 180:185]
 68 [ 8 189:194]
 44 [ 5 194:199]
 -9 [ 5 207:207]

Vehicle: 903  Cost: 79.70
Route: 9 14 12 70 48 -9 
  9 [ 5  35: 50]
 14 [ 4  74: 79]
 12 [ 3 300:305]
 70 [ 5 328:333]
 48 [ 2 333:338]
 -9 [ 2 356:356]

Total Cost: 1100.57
 11:183.70, 67:75 [1, 9, 2, 7, -7, 4, -4, -2, -9, -1]
 12:131.14, 34:75 [1, 6, 3, -3, 5, -5, 8, -6, -1]
201:90.64, 10:10 [2, 10, 56, 50, 11, 39, -2]
202:62.97, 9:10 [2, 26, 46, 66, 43, 51, 30, -2]
301:35.79, 9:10 [3, 63, 41, 67, 18, -3]
401:58.87, 10:10 [4, 25, 24, 58, 45, 49, 71, 61, -4]
403:79.66, 10:10 [4, 59, 19, 23, 60, 37, -4]
501:113.07, 10:10 [5, 21, 55, 47, 69, 29, 62, 16, 53, -5]
502:6.32, 2:10 [5, 33, -5]
601:13.42, 6:10 [6, 64, 34, -6]
602:50.72, 9:10 [6, 35, 65, 31, 32, 22, -6]
701:35.81, 9:10 [7, 28, 15, 20, -7]
702:24.09, 5:10 [7, 57, 52, -7]
801:5.66, 3:10 [8, 36, -8]
901:68.01, 9:10 [9, 38, 27, 13, 54, 17, -9]
902:60.98, 9:10 [9, 42, 72, 40, 68, 44, -9]
903:79.70, 5:10 [9, 14, 12, 70, 48, -9]
fe: 2, se: 15

!ALNS------------
100000,1100.572193098847,202.071,149.957,2,15,0.6733333333333333,0.7666666666666667,31.5,4.2
4 9 4 4 0 2 6 0 
9.019048425115471 14.52565413442999 9.641031615952395 10.256255178374099 28.270152649446175 13.84936024223075 12.462813355680105 23.223725902647963 
3 2 7 3 5 4 4 1 
11.587899947603328 12.004244646030955 11.017023983459904 12.012087781378762 12.900095004390982 12.353376117933648 12.267157880685 15.117562075374034 

x[655] = 0.9999961071035621
Vehicle: 12  Cost: 131.14
Route: 1 6 3 -3 5 -5 8 -6 -1 
 1 [ 34   0:  0 [41, 32, 35, 18, 22, 31, 34, 21, 47, 29, 16, 33, 36]]
 6 [ 21  33: 48 [41, 18, 21, 47, 29, 16, 33, 36]]
 3 [ 15  69: 69 [21, 47, 29, 16, 33, 36]]
-3 [ 19  69:334 [67, 63, 21, 47, 29, 16, 33, 36]]
 5 [  7 347:347 [67, 63, 36]]
-5 [ 16 347:554 [67, 62, 63, 55, 69, 53, 36]]
 8 [ 13 575:590 [67, 63, 62, 55, 69, 53]]
-6 [ 18 600:615 [65, 67, 62, 64, 63, 55, 69, 53]]
-1 [ 18 648:648 [67, 65, 62, 64, 63, 55, 69, 53]]

x[1602] = 1.0
Vehicle: 11  Cost: 183.70
Route: 1 9 2 7 -7 4 -4 -2 -9 -1 
 1 [ 67   0:  0 [25, 43, 37, 42, 23, 27, 45, 49, 24, 30, 40, 14, 38, 44, 20, 19, 15, 28, 26, 46, 10, 13, 12, 39, 48, 17, 11]]
 9 [ 44  35: 50 [25, 43, 37, 23, 45, 49, 24, 30, 20, 19, 15, 28, 26, 46, 10, 39, 11]]
 2 [ 27  81: 96 [25, 37, 23, 45, 49, 24, 20, 19, 15, 28]]
 7 [ 18 111:111 [25, 37, 23, 45, 49, 24, 19]]
-7 [ 23 111:126 [52, 25, 37, 23, 45, 49, 24, 19, 57]]
 4 [  5 138:138 [52, 57]]
-4 [ 21 138:428 [60, 59, 61, 58, 71, 52, 57]]
-2 [ 26 453:475 [60, 59, 66, 50, 56, 61, 51, 58, 71, 52, 57]]
-9 [ 35 507:522 [60, 59, 66, 50, 56, 61, 51, 70, 58, 71, 72, 68, 54, 52, 57]]
-1 [ 35 557:557 [60, 59, 66, 50, 56, 61, 51, 70, 58, 71, 72, 68, 54, 52, 57]]

y[296] = 0.9999999994155141
Vehicle: 801  Cost: 5.66
Route: 8 36 -8 
  8 [ 3 582:597]
 36 [ 0 600:605]
 -8 [ 0 608:608]

y[514] = 0.9999982449318484
Vehicle: 403  Cost: 84.22
Route: 4 25 59 19 23 60 58 -4 
  4 [10 254:269]
 25 [ 7 273:278]
 59 [ 9 278:283]
 19 [ 6 300:305]
 23 [ 2 319:324]
 60 [ 6 354:359]
 58 [ 9 375:380]
 -4 [ 9 389:389]

y[1127] = 1.0
Vehicle: 902  Cost: 60.98
Route: 9 42 72 40 44 68 -9 
  9 [ 9  97:112]
 42 [ 6 123:128]
 72 [ 9 146:151]
 40 [ 6 180:185]
 44 [ 3 189:194]
 68 [ 5 194:199]
 -9 [ 5 207:207]

y[1161] = 1.0
Vehicle: 602  Cost: 50.72
Route: 6 35 65 31 32 22 -6 
  6 [ 9 228:243]
 35 [ 5 253:258]
 65 [ 8 258:263]
 31 [ 5 279:284]
 32 [ 4 300:305]
 22 [ 3 309:314]
 -6 [ 3 325:325]

y[1634] = 1.0000000003936496
Vehicle: 701  Cost: 35.81
Route: 7 20 15 28 -7 
  7 [ 9 396:411]
 20 [ 8 416:421]
 15 [ 4 426:431]
 28 [ 0 441:446]
 -7 [ 0 461:461]

y[2122] = 0.9999921290600402
Vehicle: 601  Cost: 13.42
Route: 6 64 34 -6 
  6 [ 4 122:293]
 64 [ 6 300:305]
 34 [ 2 305:310]
 -6 [ 2 317:317]

y[2161] = 1.0
Vehicle: 903  Cost: 79.70
Route: 9 14 12 70 48 -9 
  9 [ 5  97:112]
 14 [ 4 136:141]
 12 [ 3 300:305]
 70 [ 5 328:333]
 48 [ 2 333:338]
 -9 [ 2 356:356]

y[2307] = 1.0
Vehicle: 503  Cost: 113.07
Route: 5 21 55 69 47 29 62 16 53 -5 
  5 [10 159:385]
 21 [ 7 420:425]
 55 [ 8 438:443]
 69 [ 9 468:473]
 47 [ 5 473:478]
 29 [ 4 486:491]
 62 [ 8 491:496]
 16 [ 6 507:512]
 53 [ 9 512:517]
 -5 [ 9 539:539]

y[2814] = 1.0000000483448304
Vehicle: 201  Cost: 62.97
Route: 2 26 46 66 43 51 30 -2 
  2 [ 9  81:163]
 26 [ 6 180:185]
 46 [ 4 196:201]
 66 [ 5 300:305]
 43 [ 2 420:425]
 51 [ 3 436:441]
 30 [ 2 446:451]
 -2 [ 2 460:460]

y[2965] = 0.9999952643297336
Vehicle: 301  Cost: 35.79
Route: 3 63 67 41 18 -3 
  3 [ 6 243:258]
 63 [ 9 272:277]
 67 [10 283:288]
 41 [ 6 288:293]
 18 [ 4 300:305]
 -3 [ 4 319:319]

y[3336] = 1.0
Vehicle: 202  Cost: 90.64
Route: 2 10 56 11 50 39 -2 
  2 [ 8 138:153]
 10 [ 7 192:197]
 56 [ 9 300:305]
 11 [ 6 316:321]
 50 [ 7 321:326]
 39 [ 3 340:345]
 -2 [ 3 356:356]

y[5305] = 1.000000004141816
Vehicle: 501  Cost: 6.32
Route: 5 33 -5 
  5 [ 2 563:578]
 33 [ 0 581:586]
 -5 [ 0 589:589]

y[5366] = 0.9999982449318484
Vehicle: 401  Cost: 54.12
Route: 4 24 45 71 49 61 37 -4 
  4 [ 8 138:291]
 24 [ 5 300:305]
 45 [ 3 313:318]
 71 [ 7 327:332]
 49 [ 5 332:337]
 61 [ 8 340:345]
 37 [ 7 359:364]
 -4 [ 7 375:375]

y[5509] = 1.0
Vehicle: 701  Cost: 24.09
Route: 7 52 57 -7 
  7 [ 0   0: 15]
 52 [ 3  23: 28]
 57 [ 5  32: 37]
 -7 [ 5  49: 49]

y[5608] = 1.0
Vehicle: 901  Cost: 68.01
Route: 9 38 27 13 17 54 -9 
  9 [ 9  97:112]
 38 [ 7 138:143]
 27 [ 3 300:305]
 13 [ 2 420:425]
 17 [ 0 429:434]
 54 [ 2 434:439]
 -9 [ 2 457:457]

FE: 2
SE: 15
!MIP-----
1100.3867777050452,121.65876889228821,0.0,2,15,3678,6995

Run: 3
Total Cost: 1093.99
Vehicle: 11  Cost: 131.14
Route: 1 6 3 -3 5 -5 8 -6 -1 
 1 [ 34   0:  0 [18, 32, 47, 16, 35, 31, 22, 29, 34, 41, 33, 36, 21]]
 6 [ 21  33: 48 [18, 47, 16, 29, 41, 33, 36, 21]]
 3 [ 15  69: 69 [47, 16, 29, 33, 36, 21]]
-3 [ 19  69:334 [67, 63, 47, 16, 29, 33, 36, 21]]
 5 [  7 347:347 [67, 63, 36]]
-5 [ 16 347:554 [67, 63, 62, 53, 69, 36, 55]]
 8 [ 13 575:590 [67, 63, 62, 53, 69, 55]]
-6 [ 18 600:615 [65, 67, 63, 62, 53, 69, 64, 55]]
-1 [ 18 648:648 [67, 63, 62, 53, 65, 69, 64, 55]]

Vehicle: 12  Cost: 183.70
Route: 1 9 2 7 -7 4 -4 -2 -9 -1 
 1 [ 67   0:  0 [48, 17, 25, 49, 39, 15, 24, 20, 28, 38, 42, 26, 11, 43, 37, 10, 45, 13, 14, 40, 44, 19, 46, 27, 23, 12, 30]]
 9 [ 47  35: 50 [25, 49, 39, 15, 24, 20, 28, 42, 26, 11, 43, 37, 10, 45, 19, 46, 23, 30]]
 2 [ 27  81: 96 [25, 49, 15, 24, 20, 28, 37, 45, 19, 23]]
 7 [ 18 111:111 [25, 49, 24, 37, 45, 19, 23]]
-7 [ 23 111:126 [52, 25, 49, 24, 37, 45, 19, 57, 23]]
 4 [  5 138:138 [52, 57]]
-4 [ 21 138:404 [59, 58, 71, 52, 57, 61, 60]]
-2 [ 29 429:491 [56, 59, 50, 58, 72, 71, 66, 51, 52, 57, 61, 60]]
-9 [ 35 522:537 [68, 56, 54, 59, 50, 58, 72, 70, 71, 66, 51, 52, 57, 61, 60]]
-1 [ 35 572:572 [68, 56, 54, 59, 50, 58, 72, 70, 71, 66, 51, 52, 57, 61, 60]]

Vehicle: 201  Cost: 125.30
Route: 2 42 26 72 10 56 11 50 -2 
  2 [10  81: 96]
 42 [ 7 118:123]
 26 [ 4 180:185]
 72 [ 7 210:215]
 10 [ 6 243:248]
 56 [ 8 300:305]
 11 [ 5 316:321]
 50 [ 6 321:326]
 -2 [ 6 339:339]

Vehicle: 202  Cost: 65.26
Route: 2 46 66 43 51 39 30 -2 
  2 [10  81: 96]
 46 [ 8 117:122]
 66 [ 9 300:305]
 43 [ 6 420:425]
 51 [ 7 436:441]
 39 [ 3 448:453]
 30 [ 2 462:467]
 -2 [ 2 476:476]

Vehicle: 301  Cost: 35.79
Route: 3 63 41 67 18 -3 
  3 [ 6  69: 84]
 63 [ 9  97:102]
 41 [ 5 108:113]
 67 [ 6 113:118]
 18 [ 4 300:305]
 -3 [ 4 319:319]

Vehicle: 401  Cost: 54.12
Route: 4 24 45 71 49 61 37 -4 
  4 [ 8 138:291]
 24 [ 5 300:305]
 45 [ 3 313:318]
 71 [ 7 327:332]
 49 [ 5 332:337]
 61 [ 8 340:345]
 37 [ 7 359:364]
 -4 [ 7 375:375]

Vehicle: 402  Cost: 84.22
Route: 4 25 59 19 23 60 58 -4 
  4 [10 138:176]
 25 [ 7 180:185]
 59 [ 9 185:190]
 19 [ 6 300:305]
 23 [ 2 319:324]
 60 [ 6 354:359]
 58 [ 9 375:380]
 -4 [ 9 389:389]

Vehicle: 501  Cost: 6.32
Route: 5 33 -5 
  5 [ 2 347:362]
 33 [ 0 365:370]
 -5 [ 0 373:373]

Vehicle: 502  Cost: 113.07
Route: 5 21 55 69 47 29 62 16 53 -5 
  5 [10 347:385]
 21 [ 7 420:425]
 55 [ 8 438:443]
 69 [ 9 468:473]
 47 [ 5 473:478]
 29 [ 4 486:491]
 62 [ 8 491:496]
 16 [ 6 507:512]
 53 [ 9 512:517]
 -5 [ 9 539:539]

Vehicle: 601  Cost: 13.42
Route: 6 64 34 -6 
  6 [ 4  33:293]
 64 [ 6 300:305]
 34 [ 2 305:310]
 -6 [ 2 317:317]

Vehicle: 602  Cost: 50.72
Route: 6 35 65 31 32 22 -6 
  6 [ 9  33: 48]
 35 [ 5  58: 63]
 65 [ 8  63: 68]
 31 [ 5 180:185]
 32 [ 4 300:305]
 22 [ 3 309:314]
 -6 [ 3 325:325]

Vehicle: 701  Cost: 24.09
Route: 7 57 52 -7 
  7 [ 0   0: 15]
 57 [ 2  27: 32]
 52 [ 5  36: 41]
 -7 [ 5  49: 49]

Vehicle: 702  Cost: 35.81
Route: 7 28 15 20 -7 
  7 [ 9 111:284]
 28 [ 5 300:305]
 15 [ 1 315:320]
 20 [ 0 325:330]
 -7 [ 0 335:335]

Vehicle: 801  Cost: 5.66
Route: 8 36 -8 
  8 [ 3 575:590]
 36 [ 0 592:597]
 -8 [ 0 600:600]

Vehicle: 901  Cost: 75.71
Route: 9 44 68 40 12 70 48 -9 
  9 [10  35:171]
 44 [ 7 180:185]
 68 [ 9 185:190]
 40 [ 6 194:199]
 12 [ 5 300:305]
 70 [ 7 328:333]
 48 [ 4 333:338]
 -9 [ 4 356:356]

Vehicle: 902  Cost: 89.63
Route: 9 14 38 27 13 54 17 -9 
  9 [10  35: 50]
 14 [ 9  74: 79]
 38 [ 7 102:107]
 27 [ 3 300:305]
 13 [ 2 420:425]
 54 [ 4 429:434]
 17 [ 2 434:439]
 -9 [ 2 457:457]

Total Cost: 1093.99
 11:131.14, 34:75 [1, 6, 3, -3, 5, -5, 8, -6, -1]
 12:183.70, 67:75 [1, 9, 2, 7, -7, 4, -4, -2, -9, -1]
201:125.30, 10:10 [2, 42, 26, 72, 10, 56, 11, 50, -2]
202:65.26, 10:10 [2, 46, 66, 43, 51, 39, 30, -2]
301:35.79, 9:10 [3, 63, 41, 67, 18, -3]
401:54.12, 8:10 [4, 24, 45, 71, 49, 61, 37, -4]
402:84.22, 10:10 [4, 25, 59, 19, 23, 60, 58, -4]
501:6.32, 2:10 [5, 33, -5]
502:113.07, 10:10 [5, 21, 55, 69, 47, 29, 62, 16, 53, -5]
601:13.42, 6:10 [6, 64, 34, -6]
602:50.72, 9:10 [6, 35, 65, 31, 32, 22, -6]
701:24.09, 5:10 [7, 57, 52, -7]
702:35.81, 9:10 [7, 28, 15, 20, -7]
801:5.66, 3:10 [8, 36, -8]
901:75.71, 10:10 [9, 44, 68, 40, 12, 70, 48, -9]
902:89.63, 10:10 [9, 14, 38, 27, 13, 54, 17, -9]
fe: 2, se: 14

!ALNS------------
100000,1093.9949091777908,271.775,107.701,2,14,0.6733333333333333,0.7928571428571428,31.5,4.5
5 11 5 6 0 4 8 0 
7.170191936692261 11.644624588696376 7.437790582989692 8.280435096212761 10.094634093481716 10.198347851982678 10.1091233895133 25.790137560834484 
5 4 4 5 8 3 5 5 
8.763712835150066 10.284897829688044 9.594698500017808 9.455336167931579 9.391538880713018 10.297738082525754 10.277213620270231 9.591124962321691 

x[531] = 1.0
Vehicle: 11  Cost: 131.14
Route: 1 6 3 -3 5 -5 8 -6 -1 
 1 [ 34   0:  0 [18, 35, 22, 29, 16, 41, 21, 33, 36, 32, 47, 31, 34]]
 6 [ 21  33: 48 [18, 29, 16, 41, 21, 33, 36, 47]]
 3 [ 15  69: 69 [29, 16, 21, 33, 36, 47]]
-3 [ 19  69:334 [67, 63, 29, 16, 21, 33, 36, 47]]
 5 [  7 347:347 [67, 63, 36]]
-5 [ 16 347:554 [67, 63, 55, 53, 69, 36, 62]]
 8 [ 13 575:590 [67, 63, 55, 53, 69, 62]]
-6 [ 18 600:615 [65, 67, 63, 55, 53, 69, 64, 62]]
-1 [ 18 648:648 [65, 67, 63, 55, 53, 69, 64, 62]]

x[2864] = 1.0
Vehicle: 12  Cost: 183.70
Route: 1 9 2 7 -7 4 -4 -2 -9 -1 
 1 [ 67   0:  0 [37, 46, 49, 11, 28, 39, 14, 44, 48, 40, 19, 26, 42, 10, 13, 24, 25, 38, 45, 15, 12, 27, 17, 30, 23, 20, 43]]
 9 [ 47  35: 50 [37, 46, 49, 11, 28, 39, 19, 26, 42, 10, 24, 25, 45, 15, 30, 23, 20, 43]]
 2 [ 27  81: 96 [37, 49, 28, 19, 24, 25, 45, 15, 23, 20]]
 7 [ 18 111:111 [37, 49, 19, 24, 25, 45, 23]]
-7 [ 23 111:126 [37, 49, 57, 19, 24, 52, 25, 45, 23]]
 4 [  5 138:138 [57, 52]]
-4 [ 22 138:492 [71, 60, 58, 57, 59, 61, 52, 55]]
-2 [ 30 517:532 [72, 71, 60, 58, 57, 59, 61, 50, 52, 51, 66, 56, 55]]
-9 [ 36 563:578 [68, 54, 72, 71, 60, 58, 57, 59, 70, 61, 50, 52, 51, 66, 56, 55]]
-1 [ 36 613:613 [68, 54, 72, 71, 60, 58, 57, 59, 70, 61, 50, 52, 51, 66, 56, 55]]

y[208] = 1.0
Vehicle: 801  Cost: 5.66
Route: 8 36 -8 
  8 [ 3 579:594]
 36 [ 0 597:602]
 -8 [ 0 605:605]

y[738] = 1.0
Vehicle: 502  Cost: 6.32
Route: 5 33 -5 
  5 [ 2 372:387]
 33 [ 0 390:395]
 -5 [ 0 398:398]

y[905] = 1.0
Vehicle: 402  Cost: 84.22
Route: 4 25 59 19 23 60 58 -4 
  4 [10 254:269]
 25 [ 7 273:278]
 59 [ 9 278:283]
 19 [ 6 300:305]
 23 [ 2 319:324]
 60 [ 6 354:359]
 58 [ 9 375:380]
 -4 [ 9 389:389]

y[1126] = 1.0
Vehicle: 602  Cost: 13.42
Route: 6 34 64 -6 
  6 [ 4 201:293]
 34 [ 0 300:305]
 64 [ 2 305:310]
 -6 [ 2 317:317]

y[1139] = 1.0
Vehicle: 905  Cost: 89.63
Route: 9 14 38 27 13 17 54 -9 
  9 [10 143:158]
 14 [ 9 182:187]
 38 [ 7 210:215]
 27 [ 3 300:305]
 13 [ 2 420:425]
 17 [ 0 429:434]
 54 [ 2 434:439]
 -9 [ 2 457:457]

y[1255] = 1.0
Vehicle: 401  Cost: 54.12
Route: 4 24 45 71 49 61 37 -4 
  4 [ 8 272:291]
 24 [ 5 300:305]
 45 [ 3 313:318]
 71 [ 7 327:332]
 49 [ 5 332:337]
 61 [ 8 340:345]
 37 [ 7 359:364]
 -4 [ 7 375:375]

y[2132] = 1.0
Vehicle: 902  Cost: 75.71
Route: 9 44 68 40 12 70 48 -9 
  9 [10  35:171]
 44 [ 7 180:185]
 68 [ 9 185:190]
 40 [ 6 194:199]
 12 [ 5 300:305]
 70 [ 7 328:333]
 48 [ 4 333:338]
 -9 [ 4 356:356]

y[2656] = 1.0
Vehicle: 201  Cost: 65.26
Route: 2 46 66 43 51 39 30 -2 
  2 [10  81: 96]
 46 [ 8 117:122]
 66 [ 9 300:305]
 43 [ 6 420:425]
 51 [ 7 436:441]
 39 [ 3 448:453]
 30 [ 2 462:467]
 -2 [ 2 476:476]

y[3229] = 1.0
Vehicle: 701  Cost: 24.09
Route: 7 57 52 -7 
  7 [ 0   0: 15]
 57 [ 2  27: 32]
 52 [ 5  36: 41]
 -7 [ 5  49: 49]

y[4389] = 1.0
Vehicle: 501  Cost: 113.07
Route: 5 21 55 69 47 29 62 16 53 -5 
  5 [10 287:385]
 21 [ 7 420:425]
 55 [ 8 438:443]
 69 [ 9 468:473]
 47 [ 5 473:478]
 29 [ 4 486:491]
 62 [ 8 491:496]
 16 [ 6 507:512]
 53 [ 9 512:517]
 -5 [ 9 539:539]

y[4419] = 1.0
Vehicle: 601  Cost: 50.72
Route: 6 35 65 31 32 22 -6 
  6 [ 9 201:216]
 35 [ 5 226:231]
 65 [ 8 231:236]
 31 [ 5 251:256]
 32 [ 4 300:305]
 22 [ 3 309:314]
 -6 [ 3 325:325]

y[4739] = 1.0
Vehicle: 702  Cost: 35.81
Route: 7 28 15 20 -7 
  7 [ 9 208:284]
 28 [ 5 300:305]
 15 [ 1 315:320]
 20 [ 0 325:330]
 -7 [ 0 335:335]

y[4765] = 1.0
Vehicle: 301  Cost: 35.79
Route: 3 63 41 67 18 -3 
  3 [ 6 243:258]
 63 [ 9 272:277]
 41 [ 5 283:288]
 67 [ 6 288:293]
 18 [ 4 300:305]
 -3 [ 4 319:319]

y[5244] = 1.0
Vehicle: 201  Cost: 125.30
Route: 2 42 26 72 10 56 11 50 -2 
  2 [10 123:138]
 42 [ 7 159:164]
 26 [ 4 180:185]
 72 [ 7 210:215]
 10 [ 6 243:248]
 56 [ 8 300:305]
 11 [ 5 316:321]
 50 [ 6 321:326]
 -2 [ 6 339:339]

FE: 2
SE: 14
!MIP-----
1093.9949091777905,33.97870397567749,0.0,2,14,3112,5516

Run: 4
Total Cost: 1114.47
Vehicle: 11  Cost: 132.84
Route: 1 9 2 -2 -9 -1 
 1 [ 66   0:  0 [40, 10, 41, 18, 48, 15, 20, 38, 49, 30, 13, 24, 44, 12, 11, 45, 39, 25, 43, 14, 42, 46, 37, 26, 28, 27, 17]]
 9 [ 43  35: 50 [10, 41, 18, 15, 20, 49, 30, 24, 11, 45, 39, 25, 43, 46, 37, 26, 28]]
 2 [  0  81: 81 []]
-2 [ 29  81:475 [71, 56, 57, 72, 66, 67, 58, 61, 51, 52, 59, 50, 63]]
-9 [ 35 507:522 [71, 56, 57, 72, 66, 67, 54, 58, 61, 51, 52, 59, 68, 50, 63, 70]]
-1 [ 35 557:557 [71, 56, 57, 72, 66, 67, 54, 58, 61, 51, 52, 59, 68, 50, 63, 70]]

Vehicle: 12  Cost: 128.85
Route: 1 6 8 5 -5 -6 -1 
 1 [ 35   0:  0 [21, 29, 16, 19, 31, 32, 33, 34, 47, 35, 36, 23, 22]]
 6 [ 22  33: 48 [21, 29, 16, 19, 33, 47, 36, 23]]
 8 [ 19  58: 73 [21, 29, 16, 19, 33, 47, 23]]
 5 [  0  94: 94 []]
-5 [ 13  94:499 [69, 60, 62, 55, 53]]
-6 [ 18 530:545 [65, 69, 60, 62, 55, 53, 64]]
-1 [ 18 578:578 [69, 60, 65, 62, 55, 53, 64]]

Vehicle: 201  Cost: 105.56
Route: 2 20 24 37 61 49 71 45 58 -2 
  2 [ 9  81:283]
 20 [ 8 300:305]
 24 [ 5 320:325]
 37 [ 4 333:338]
 61 [ 7 351:356]
 49 [ 5 360:365]
 71 [ 9 365:370]
 45 [ 7 379:384]
 58 [10 391:396]
 -2 [10 428:428]

Vehicle: 202  Cost: 22.63
Route: 2 39 -2 
  2 [ 4  81:289]
 39 [ 0 300:305]
 -2 [ 0 316:316]

Vehicle: 203  Cost: 62.97
Route: 2 26 46 66 43 51 30 -2 
  2 [ 9  81:163]
 26 [ 6 180:185]
 46 [ 4 196:201]
 66 [ 5 300:305]
 43 [ 2 420:425]
 51 [ 3 436:441]
 30 [ 2 446:451]
 -2 [ 2 460:460]

Vehicle: 204  Cost: 60.38
Route: 2 52 25 59 15 -2 
  2 [ 7  81: 96]
 52 [10 108:113]
 25 [ 7 180:185]
 59 [ 9 185:190]
 15 [ 5 300:305]
 -2 [ 5 323:323]

Vehicle: 205  Cost: 57.34
Route: 2 41 67 63 18 28 -2 
  2 [10  81: 96]
 41 [ 6 115:120]
 67 [ 7 120:125]
 63 [10 132:137]
 18 [ 8 300:305]
 28 [ 4 317:322]
 -2 [ 4 338:338]

Vehicle: 206  Cost: 92.73
Route: 2 57 72 10 56 11 50 -2 
  2 [ 4  81: 96]
 57 [ 6 109:114]
 72 [ 9 126:131]
 10 [ 8 159:164]
 56 [10 300:305]
 11 [ 7 316:321]
 50 [ 8 321:326]
 -2 [ 8 339:339]

Vehicle: 501  Cost: 128.07
Route: 5 23 19 60 21 55 -5 
  5 [10  94:283]
 23 [ 6 300:305]
 19 [ 3 319:324]
 60 [ 7 348:353]
 21 [ 4 420:425]
 55 [ 5 438:443]
 -5 [ 5 484:484]

Vehicle: 502  Cost: 68.30
Route: 5 33 29 62 47 69 53 16 -5 
  5 [ 9  94:297]
 33 [ 7 300:305]
 29 [ 6 326:331]
 62 [10 331:336]
 47 [ 6 420:425]
 69 [ 7 425:430]
 53 [10 444:449]
 16 [ 8 449:454]
 -5 [ 8 476:476]

Vehicle: 601  Cost: 50.72
Route: 6 35 65 31 32 22 -6 
  6 [ 9  33: 48]
 35 [ 5  58: 63]
 65 [ 8  63: 68]
 31 [ 5 180:185]
 32 [ 4 300:305]
 22 [ 3 309:314]
 -6 [ 3 325:325]

Vehicle: 602  Cost: 13.42
Route: 6 64 34 -6 
  6 [ 4  33:293]
 64 [ 6 300:305]
 34 [ 2 305:310]
 -6 [ 2 317:317]

Vehicle: 801  Cost: 5.66
Route: 8 36 -8 
  8 [ 3  58:297]
 36 [ 0 300:305]
 -8 [ 0 308:308]

Vehicle: 901  Cost: 79.70
Route: 9 14 12 70 48 -9 
  9 [ 5  35: 50]
 14 [ 4  74: 79]
 12 [ 3 300:305]
 70 [ 5 328:333]
 48 [ 2 333:338]
 -9 [ 2 356:356]

Vehicle: 902  Cost: 68.01
Route: 9 38 27 13 17 54 -9 
  9 [ 9  35: 50]
 38 [ 7  75: 80]
 27 [ 3 300:305]
 13 [ 2 420:425]
 17 [ 0 429:434]
 54 [ 2 434:439]
 -9 [ 2 457:457]

Vehicle: 904  Cost: 37.30
Route: 9 42 40 68 44 -9 
  9 [ 9  35: 50]
 42 [ 6  60: 65]
 40 [ 3 180:185]
 68 [ 5 189:194]
 44 [ 2 194:199]
 -9 [ 2 207:207]

Total Cost: 1114.47
 11:132.84, 66:75 [1, 9, 2, -2, -9, -1]
 12:128.85, 35:75 [1, 6, 8, 5, -5, -6, -1]
201:105.56, 10:10 [2, 20, 24, 37, 61, 49, 71, 45, 58, -2]
202:22.63, 4:10 [2, 39, -2]
203:62.97, 9:10 [2, 26, 46, 66, 43, 51, 30, -2]
204:60.38, 10:10 [2, 52, 25, 59, 15, -2]
205:57.34, 10:10 [2, 41, 67, 63, 18, 28, -2]
206:92.73, 10:10 [2, 57, 72, 10, 56, 11, 50, -2]
501:128.07, 10:10 [5, 23, 19, 60, 21, 55, -5]
502:68.30, 10:10 [5, 33, 29, 62, 47, 69, 53, 16, -5]
601:50.72, 9:10 [6, 35, 65, 31, 32, 22, -6]
602:13.42, 6:10 [6, 64, 34, -6]
801:5.66, 3:10 [8, 36, -8]
901:79.70, 5:10 [9, 14, 12, 70, 48, -9]
902:68.01, 9:10 [9, 38, 27, 13, 17, 54, -9]
904:37.30, 9:10 [9, 42, 40, 68, 44, -9]
fe: 2, se: 14

!ALNS------------
100000,1114.4685396866057,197.438,7.283,2,14,0.6733333333333333,0.8142857142857143,31.5,4.5
5 2 3 0 0 4 2 0 
7.746094889604276 13.555504636538394 7.890069445912326 8.884084106353262 20.09157216710813 13.02359981245816 10.40895865591504 33.39631582771647 
3 0 1 4 2 4 1 1 
10.452970662771415 10.539167616796737 11.226313936642102 10.061374701970463 10.939889275833506 11.346496306366731 10.529487846532954 11.786527265183569 

x[953] = 1.0
Vehicle: 11  Cost: 132.84
Route: 1 9 2 -2 -9 -1 
 1 [ 66   0:  0 [30, 24, 26, 45, 17, 37, 13, 43, 12, 48, 38, 10, 14, 40, 44, 42, 27, 18, 49, 15, 28, 39, 11, 20, 25, 46, 41]]
 9 [ 43  35: 50 [30, 24, 26, 45, 37, 43, 10, 18, 49, 15, 28, 39, 11, 20, 25, 46, 41]]
 2 [  0  81: 81 []]
-2 [ 29  81:505 [71, 66, 61, 50, 63, 58, 72, 57, 51, 59, 56, 52, 67]]
-9 [ 35 537:552 [71, 66, 61, 68, 50, 63, 70, 54, 58, 72, 57, 51, 59, 56, 52, 67]]
-1 [ 35 586:586 [71, 66, 61, 68, 50, 63, 70, 54, 58, 72, 57, 51, 59, 56, 52, 67]]

x[1170] = 1.0
Vehicle: 12  Cost: 128.85
Route: 1 6 8 5 -5 -6 -1 
 1 [ 35   0:  0 [32, 33, 34, 47, 35, 22, 31, 36, 21, 29, 16, 23, 19]]
 6 [ 22  33: 48 [33, 47, 36, 21, 29, 16, 23, 19]]
 8 [ 19  58: 73 [33, 47, 21, 29, 16, 23, 19]]
 5 [  0  94: 94 []]
-5 [ 13  94:552 [69, 53, 55, 60, 62]]
-6 [ 18 583:598 [65, 69, 53, 64, 55, 60, 62]]
-1 [ 18 631:631 [69, 53, 65, 64, 55, 60, 62]]

y[30] = 1.0
Vehicle: 205  Cost: 57.34
Route: 2 41 67 63 18 28 -2 
  2 [10 123:138]
 41 [ 6 157:162]
 67 [ 7 162:167]
 63 [10 173:178]
 18 [ 8 300:305]
 28 [ 4 317:322]
 -2 [ 4 338:338]

y[196] = 1.0
Vehicle: 902  Cost: 68.01
Route: 9 38 27 13 17 54 -9 
  9 [ 9 179:194]
 38 [ 7 219:224]
 27 [ 3 300:305]
 13 [ 2 420:425]
 17 [ 0 429:434]
 54 [ 2 434:439]
 -9 [ 2 457:457]

y[284] = 1.0
Vehicle: 201  Cost: 105.56
Route: 2 20 24 37 61 49 71 45 58 -2 
  2 [ 9  53:283]
 20 [ 8 300:305]
 24 [ 5 320:325]
 37 [ 4 333:338]
 61 [ 7 351:356]
 49 [ 5 360:365]
 71 [ 9 365:370]
 45 [ 7 379:384]
 58 [10 391:396]
 -2 [10 428:428]

y[408] = 1.0
Vehicle: 802  Cost: 5.66
Route: 8 36 -8 
  8 [ 3 582:597]
 36 [ 0 600:605]
 -8 [ 0 608:608]

y[456] = 1.0
Vehicle: 904  Cost: 79.70
Route: 9 14 12 70 48 -9 
  9 [ 5  35: 50]
 14 [ 4  74: 79]
 12 [ 3 300:305]
 70 [ 5 328:333]
 48 [ 2 333:338]
 -9 [ 2 356:356]

y[1064] = 1.0
Vehicle: 206  Cost: 92.73
Route: 2 57 72 10 56 11 50 -2 
  2 [ 4 160:175]
 57 [ 6 188:193]
 72 [ 9 205:210]
 10 [ 8 238:243]
 56 [10 300:305]
 11 [ 7 316:321]
 50 [ 8 321:326]
 -2 [ 8 339:339]

y[1268] = 1.0
Vehicle: 602  Cost: 13.42
Route: 6 34 64 -6 
  6 [ 4 163:293]
 34 [ 0 300:305]
 64 [ 2 305:310]
 -6 [ 2 317:317]

y[1414] = 1.0
Vehicle: 204  Cost: 60.38
Route: 2 52 25 59 15 -2 
  2 [ 7  81: 96]
 52 [10 108:113]
 25 [ 7 180:185]
 59 [ 9 185:190]
 15 [ 5 300:305]
 -2 [ 5 323:323]

y[2146] = 1.0
Vehicle: 502  Cost: 68.30
Route: 5 33 29 62 47 69 16 53 -5 
  5 [ 9 344:359]
 33 [ 7 362:367]
 29 [ 6 388:393]
 62 [10 393:398]
 47 [ 6 420:425]
 69 [ 7 425:430]
 16 [ 5 444:449]
 53 [ 8 449:454]
 -5 [ 8 476:476]

y[2332] = 1.0
Vehicle: 203  Cost: 62.97
Route: 2 26 46 66 43 51 30 -2 
  2 [ 9 234:249]
 26 [ 6 266:271]
 46 [ 4 282:287]
 66 [ 5 300:305]
 43 [ 2 420:425]
 51 [ 3 436:441]
 30 [ 2 446:451]
 -2 [ 2 460:460]

y[2666] = 1.0
Vehicle: 202  Cost: 22.63
Route: 2 39 -2 
  2 [ 4  53:289]
 39 [ 0 300:305]
 -2 [ 0 316:316]

y[3193] = 1.0
Vehicle: 501  Cost: 128.07
Route: 5 23 19 60 21 55 -5 
  5 [10 282:297]
 23 [ 6 314:319]
 19 [ 3 333:338]
 60 [ 7 362:367]
 21 [ 4 420:425]
 55 [ 5 438:443]
 -5 [ 5 484:484]

y[3823] = 1.0
Vehicle: 601  Cost: 50.72
Route: 6 35 65 31 32 22 -6 
  6 [ 9 195:210]
 35 [ 5 220:225]
 65 [ 8 225:230]
 31 [ 5 245:250]
 32 [ 4 300:305]
 22 [ 3 309:314]
 -6 [ 3 325:325]

y[4338] = 1.0
Vehicle: 903  Cost: 37.30
Route: 9 42 40 44 68 -9 
  9 [ 9  35: 50]
 42 [ 6  60: 65]
 40 [ 3 180:185]
 44 [ 0 189:194]
 68 [ 2 194:199]
 -9 [ 2 207:207]

FE: 2
SE: 14
!MIP-----
1114.4685396866057,120.21335482597351,9.698505489822039E-5,2,14,2098,4402

Run: 5
Total Cost: 1114.47
Vehicle: 11  Cost: 132.84
Route: 1 9 2 -2 -9 -1 
 1 [ 66   0:  0 [24, 45, 13, 38, 42, 17, 43, 28, 20, 27, 40, 39, 46, 41, 25, 44, 26, 18, 15, 30, 48, 14, 49, 37, 12, 10, 11]]
 9 [ 43  35: 50 [24, 45, 43, 28, 20, 39, 46, 41, 25, 26, 18, 15, 30, 49, 37, 10, 11]]
 2 [  0  81: 81 []]
-2 [ 29  81:475 [71, 56, 66, 51, 50, 67, 58, 59, 57, 63, 61, 72, 52]]
-9 [ 35 507:522 [71, 70, 56, 66, 51, 50, 67, 58, 54, 59, 57, 63, 68, 61, 72, 52]]
-1 [ 35 557:557 [71, 70, 56, 66, 51, 50, 67, 58, 54, 59, 57, 63, 68, 61, 72, 52]]

Vehicle: 12  Cost: 128.85
Route: 1 6 8 5 -5 -6 -1 
 1 [ 35   0:  0 [33, 47, 35, 21, 32, 22, 19, 29, 34, 36, 16, 23, 31]]
 6 [ 22  33: 48 [33, 47, 21, 19, 29, 36, 16, 23]]
 8 [ 19  58: 73 [33, 47, 21, 19, 29, 16, 23]]
 5 [  0  94: 94 []]
-5 [ 13  94:499 [69, 53, 60, 55, 62]]
-6 [ 18 530:545 [65, 69, 53, 60, 64, 55, 62]]
-1 [ 18 578:578 [69, 53, 65, 60, 64, 55, 62]]

Vehicle: 201  Cost: 105.56
Route: 2 20 24 37 61 49 71 45 58 -2 
  2 [ 9  81:283]
 20 [ 8 300:305]
 24 [ 5 320:325]
 37 [ 4 333:338]
 61 [ 7 351:356]
 49 [ 5 360:365]
 71 [ 9 365:370]
 45 [ 7 379:384]
 58 [10 391:396]
 -2 [10 428:428]

Vehicle: 202  Cost: 60.38
Route: 2 52 25 59 15 -2 
  2 [ 7  81: 96]
 52 [10 108:113]
 25 [ 7 180:185]
 59 [ 9 185:190]
 15 [ 5 300:305]
 -2 [ 5 323:323]

Vehicle: 203  Cost: 22.63
Route: 2 39 -2 
  2 [ 4  81:289]
 39 [ 0 300:305]
 -2 [ 0 316:316]

Vehicle: 204  Cost: 62.97
Route: 2 26 46 66 43 51 30 -2 
  2 [ 9  81:163]
 26 [ 6 180:185]
 46 [ 4 196:201]
 66 [ 5 300:305]
 43 [ 2 420:425]
 51 [ 3 436:441]
 30 [ 2 446:451]
 -2 [ 2 460:460]

Vehicle: 205  Cost: 92.73
Route: 2 57 72 10 56 11 50 -2 
  2 [ 4  81: 96]
 57 [ 6 109:114]
 72 [ 9 126:131]
 10 [ 8 159:164]
 56 [10 300:305]
 11 [ 7 316:321]
 50 [ 8 321:326]
 -2 [ 8 339:339]

Vehicle: 206  Cost: 57.34
Route: 2 41 67 63 18 28 -2 
  2 [10  81: 96]
 41 [ 6 115:120]
 67 [ 7 120:125]
 63 [10 132:137]
 18 [ 8 300:305]
 28 [ 4 317:322]
 -2 [ 4 338:338]

Vehicle: 502  Cost: 128.07
Route: 5 23 19 60 21 55 -5 
  5 [10  94:283]
 23 [ 6 300:305]
 19 [ 3 319:324]
 60 [ 7 348:353]
 21 [ 4 420:425]
 55 [ 5 438:443]
 -5 [ 5 484:484]

Vehicle: 503  Cost: 68.30
Route: 5 33 29 62 47 69 16 53 -5 
  5 [ 9  94:297]
 33 [ 7 300:305]
 29 [ 6 326:331]
 62 [10 331:336]
 47 [ 6 420:425]
 69 [ 7 425:430]
 16 [ 5 444:449]
 53 [ 8 449:454]
 -5 [ 8 476:476]

Vehicle: 601  Cost: 50.72
Route: 6 35 65 31 32 22 -6 
  6 [ 9  33: 48]
 35 [ 5  58: 63]
 65 [ 8  63: 68]
 31 [ 5 180:185]
 32 [ 4 300:305]
 22 [ 3 309:314]
 -6 [ 3 325:325]

Vehicle: 602  Cost: 13.42
Route: 6 34 64 -6 
  6 [ 4  33:293]
 34 [ 0 300:305]
 64 [ 2 305:310]
 -6 [ 2 317:317]

Vehicle: 801  Cost: 5.66
Route: 8 36 -8 
  8 [ 3  58:297]
 36 [ 0 300:305]
 -8 [ 0 308:308]

Vehicle: 901  Cost: 79.70
Route: 9 14 12 48 70 -9 
  9 [ 5  35: 50]
 14 [ 4  74: 79]
 12 [ 3 300:305]
 48 [ 0 328:333]
 70 [ 2 333:338]
 -9 [ 2 356:356]

Vehicle: 902  Cost: 68.01
Route: 9 38 27 13 54 17 -9 
  9 [ 9  35: 50]
 38 [ 7  75: 80]
 27 [ 3 300:305]
 13 [ 2 420:425]
 54 [ 4 429:434]
 17 [ 2 434:439]
 -9 [ 2 457:457]

Vehicle: 903  Cost: 37.30
Route: 9 42 40 68 44 -9 
  9 [ 9  35: 50]
 42 [ 6  60: 65]
 40 [ 3 180:185]
 68 [ 5 189:194]
 44 [ 2 194:199]
 -9 [ 2 207:207]

Total Cost: 1114.47
 11:132.84, 66:75 [1, 9, 2, -2, -9, -1]
 12:128.85, 35:75 [1, 6, 8, 5, -5, -6, -1]
201:105.56, 10:10 [2, 20, 24, 37, 61, 49, 71, 45, 58, -2]
202:60.38, 10:10 [2, 52, 25, 59, 15, -2]
203:22.63, 4:10 [2, 39, -2]
204:62.97, 9:10 [2, 26, 46, 66, 43, 51, 30, -2]
205:92.73, 10:10 [2, 57, 72, 10, 56, 11, 50, -2]
206:57.34, 10:10 [2, 41, 67, 63, 18, 28, -2]
502:128.07, 10:10 [5, 23, 19, 60, 21, 55, -5]
503:68.30, 10:10 [5, 33, 29, 62, 47, 69, 16, 53, -5]
601:50.72, 9:10 [6, 35, 65, 31, 32, 22, -6]
602:13.42, 4:10 [6, 34, 64, -6]
801:5.66, 3:10 [8, 36, -8]
901:79.70, 5:10 [9, 14, 12, 48, 70, -9]
902:68.01, 9:10 [9, 38, 27, 13, 54, 17, -9]
903:37.30, 9:10 [9, 42, 40, 68, 44, -9]
fe: 2, se: 14

!ALNS------------
100000,1114.4685396866057,242.421,112.412,2,14,0.6733333333333333,0.8,31.5,4.5
1 4 2 4 0 1 1 0 
8.650552289709 13.6398455918127 9.162569463592947 9.842598114649263 6.73164483042774 14.012453006633574 10.473222991716815 24.717054263435646 
1 4 3 2 0 2 0 1 
11.364945854973989 11.665224150834584 13.292874384556608 11.263362014081675 11.825790220781483 10.73725238606517 11.42221942939505 9.621704350856193 

x[439] = 1.0
Vehicle: 12  Cost: 128.85
Route: 1 6 5 -5 8 -6 -1 
 1 [ 35   0:  0 [35, 22, 21, 33, 47, 29, 16, 32, 36, 23, 19, 31, 34]]
 6 [ 22  33: 48 [21, 33, 47, 29, 16, 36, 23, 19]]
 5 [  3  79: 79 [36]]
-5 [ 16  79:517 [62, 53, 69, 36, 55, 60]]
 8 [ 13 538:553 [62, 53, 69, 55, 60]]
-6 [ 18 563:578 [65, 62, 53, 69, 64, 55, 60]]
-1 [ 18 611:611 [65, 62, 53, 69, 64, 55, 60]]

x[1934] = 1.0
Vehicle: 11  Cost: 132.84
Route: 1 9 2 -2 -9 -1 
 1 [ 66   0:  0 [48, 40, 24, 20, 45, 41, 46, 49, 39, 14, 18, 30, 37, 13, 25, 15, 44, 42, 43, 11, 28, 26, 10, 27, 38, 17, 12]]
 9 [ 43  35: 50 [24, 20, 45, 41, 46, 49, 39, 18, 30, 37, 25, 15, 43, 11, 28, 26, 10]]
 2 [  0  81: 81 []]
-2 [ 29  81:493 [71, 72, 57, 67, 51, 50, 58, 59, 56, 63, 66, 52, 61]]
-9 [ 35 525:540 [54, 71, 70, 72, 57, 68, 67, 51, 50, 58, 59, 56, 63, 66, 52, 61]]
-1 [ 35 574:574 [54, 71, 70, 72, 57, 68, 67, 51, 50, 58, 59, 56, 63, 66, 52, 61]]

y[94] = 1.0
Vehicle: 204  Cost: 62.97
Route: 2 26 46 66 43 51 30 -2 
  2 [ 9 252:267]
 26 [ 6 284:289]
 46 [ 4 300:305]
 66 [ 5 309:314]
 43 [ 2 420:425]
 51 [ 3 436:441]
 30 [ 2 446:451]
 -2 [ 2 460:460]

y[385] = 1.0
Vehicle: 206  Cost: 57.34
Route: 2 41 67 63 18 28 -2 
  2 [10 144:159]
 41 [ 6 178:183]
 67 [ 7 183:188]
 63 [10 194:199]
 18 [ 8 300:305]
 28 [ 4 317:322]
 -2 [ 4 338:338]

y[619] = 1.0
Vehicle: 901  Cost: 79.70
Route: 9 14 12 48 70 -9 
  9 [ 5  35: 50]
 14 [ 4  74: 79]
 12 [ 3 300:305]
 48 [ 0 328:333]
 70 [ 2 333:338]
 -9 [ 2 356:356]

y[1050] = 1.0
Vehicle: 201  Cost: 22.63
Route: 2 39 -2 
  2 [ 4 519:534]
 39 [ 0 545:550]
 -2 [ 0 562:562]

y[2370] = 1.0
Vehicle: 203  Cost: 92.73
Route: 2 57 72 10 56 11 50 -2 
  2 [ 4 123:138]
 57 [ 6 150:155]
 72 [ 9 167:172]
 10 [ 8 200:205]
 56 [10 300:305]
 11 [ 7 316:321]
 50 [ 8 321:326]
 -2 [ 8 339:339]

y[2371] = 1.0
Vehicle: 602  Cost: 13.42
Route: 6 64 34 -6 
  6 [ 4  33:293]
 64 [ 6 300:305]
 34 [ 2 305:310]
 -6 [ 2 317:317]

y[2644] = 1.0
Vehicle: 902  Cost: 37.30
Route: 9 42 40 68 44 -9 
  9 [ 9 143:158]
 42 [ 6 168:173]
 40 [ 3 188:193]
 68 [ 5 196:201]
 44 [ 2 201:206]
 -9 [ 2 215:215]

y[2868] = 1.0
Vehicle: 503  Cost: 68.30
Route: 5 33 29 62 47 69 16 53 -5 
  5 [ 9 360:375]
 33 [ 7 378:383]
 29 [ 6 404:409]
 62 [10 409:414]
 47 [ 6 422:427]
 69 [ 7 427:432]
 16 [ 5 446:451]
 53 [ 8 451:456]
 -5 [ 8 478:478]

y[2917] = 1.0
Vehicle: 902  Cost: 68.01
Route: 9 38 27 13 17 54 -9 
  9 [ 9 207:222]
 38 [ 7 248:253]
 27 [ 3 300:305]
 13 [ 2 420:425]
 17 [ 0 429:434]
 54 [ 2 434:439]
 -9 [ 2 457:457]

y[3132] = 1.0
Vehicle: 202  Cost: 60.38
Route: 2 52 25 59 15 -2 
  2 [ 7 123:138]
 52 [10 150:155]
 25 [ 7 180:185]
 59 [ 9 185:190]
 15 [ 5 300:305]
 -2 [ 5 323:323]

y[3899] = 1.0
Vehicle: 201  Cost: 105.56
Route: 2 20 24 37 61 49 71 45 58 -2 
  2 [ 9  81:283]
 20 [ 8 300:305]
 24 [ 5 320:325]
 37 [ 4 333:338]
 61 [ 7 351:356]
 49 [ 5 360:365]
 71 [ 9 365:370]
 45 [ 7 379:384]
 58 [10 391:396]
 -2 [10 428:428]

y[3913] = 1.0
Vehicle: 601  Cost: 50.72
Route: 6 35 65 31 32 22 -6 
  6 [ 9 188:203]
 35 [ 5 213:218]
 65 [ 8 218:223]
 31 [ 5 239:244]
 32 [ 4 300:305]
 22 [ 3 309:314]
 -6 [ 3 325:325]

y[4955] = 1.0
Vehicle: 502  Cost: 128.07
Route: 5 23 19 60 21 55 -5 
  5 [10 159:283]
 23 [ 6 300:305]
 19 [ 3 319:324]
 60 [ 7 348:353]
 21 [ 4 420:425]
 55 [ 5 438:443]
 -5 [ 5 484:484]

y[5182] = 1.0
Vehicle: 801  Cost: 5.66
Route: 8 36 -8 
  8 [ 3 578:593]
 36 [ 0 596:601]
 -8 [ 0 604:604]

FE: 2
SE: 14
!MIP-----
1114.4685396865964,156.88408303260803,0.0,2,14,2571,5558

