--Parameters Information--
speed=1
run=5
iteration= 100000
batch=100
restartPeriod=10000
largeRemovalOccurrence=500
initialLNS=250
lowerBoundSmallRemoval=4
smallRemoval=0.2
lowerBoundLargeRemoval=0.55
largeRemoval=0.8
initialWeight=1.0
decayRate=0.1
gamma1=9.0
gamma2=5.0
gamma3=2.0
gamma4=0.0
coolingRate=0.9995
temperatureControlParameter=0.05
initialAcceptanceProbability=0.5
perturbation=0.5
perturbationFactor=0.01
split=20000

Setup: Split
Data: C_50_1_LD

Run: 1
Total Cost: 1289.08
Vehicle: 13  Cost: 45.65
Route: 1 7 -7 -1 
 1 [ 33   0:  0 [47, 29, 10, 34, 46, 24, 21, 17, 11, 28, 32, 40, 38, 43, 45]]
 7 [  0  23: 23 []]
-7 [ 30  23:559 [61, 53, 65, 50, 60, 57, 48, 66, 68, 69, 58, 56]]
-1 [ 30 582:582 [61, 53, 65, 50, 60, 57, 48, 66, 68, 69, 58, 56]]

Vehicle: 14  Cost: 159.33
Route: 1 4 6 -6 -4 -1 
 1 [ 35   0:  0 [14, 15, 23, 13, 39, 35, 37, 36, 41, 33, 18, 19, 44, 26]]
 4 [ 27  39: 54 [14, 15, 13, 39, 35, 37, 41, 33, 18, 19, 44, 26]]
 6 [  0  95: 95 []]
-6 [  8  95:379 [54, 64, 62, 49, 70]]
-4 [ 11 419:434 [63, 54, 64, 62, 49, 70]]
-1 [ 11 473:473 [63, 54, 64, 62, 49, 70]]

Vehicle: 15  Cost: 59.67
Route: 1 8 -8 -1 
 1 [ 26   0:  0 [27, 22, 20, 42, 25, 31, 30, 16, 12]]
 8 [  0  30: 30 []]
-8 [ 18  30:365 [71, 52, 67, 51, 55, 59]]
-1 [ 18 395:395 [71, 52, 67, 51, 55, 59]]

Vehicle: 402  Cost: 19.91
Route: 4 23 36 63 -4 
  4 [ 8  39: 54]
 23 [ 4  60: 65]
 36 [ 0 300:305]
 63 [ 3 305:310]
 -4 [ 3 318:318]

Vehicle: 601  Cost: 73.27
Route: 6 41 49 15 44 26 35 62 -6 
  6 [ 8  95:110]
 41 [ 7 114:119]
 49 [ 9 132:137]
 15 [ 8 137:142]
 44 [ 6 300:305]
 26 [ 5 317:322]
 35 [ 2 330:335]
 62 [ 3 335:340]
 -6 [ 3 364:364]

Vehicle: 602  Cost: 150.11
Route: 6 33 70 18 39 13 54 -6 
  6 [10  95:110]
 33 [ 7 129:134]
 70 [ 9 180:185]
 18 [ 6 235:240]
 39 [ 4 300:305]
 13 [ 2 309:314]
 54 [ 3 322:327]
 -6 [ 3 348:348]

Vehicle: 603  Cost: 79.25
Route: 6 14 37 64 19 -6 
  6 [ 9  95:110]
 14 [ 5 134:139]
 37 [ 2 158:163]
 64 [ 4 163:168]
 19 [ 2 300:305]
 -6 [ 2 338:338]

Vehicle: 702  Cost: 135.37
Route: 7 43 21 60 68 50 47 57 -7 
  7 [ 5  23: 38]
 43 [ 4  55: 60]
 21 [ 1  78: 83]
 60 [ 2 111:116]
 68 [ 6 125:130]
 50 [ 9 151:156]
 47 [ 8 300:305]
 57 [ 9 342:347]
 -7 [ 9 349:349]

Vehicle: 703  Cost: 108.11
Route: 7 46 28 53 10 24 11 48 -7 
  7 [10  23:273]
 46 [ 7 300:305]
 28 [ 6 319:324]
 53 [10 333:338]
 10 [ 7 345:350]
 24 [ 6 420:425]
 11 [ 4 436:441]
 48 [ 7 441:446]
 -7 [ 7 476:476]

Vehicle: 704  Cost: 135.21
Route: 7 45 61 34 66 29 56 32 58 -7 
  7 [10  23:290]
 45 [ 6 300:305]
 61 [ 7 316:321]
 34 [ 5 328:333]
 66 [ 9 420:425]
 29 [ 8 442:447]
 56 [ 9 456:461]
 32 [ 6 483:488]
 58 [10 488:493]
 -7 [10 544:544]

Vehicle: 705  Cost: 73.44
Route: 7 17 69 40 38 65 -7 
  7 [ 8  23: 38]
 17 [ 6  65: 70]
 69 [ 9  78: 83]
 40 [ 5  83: 88]
 38 [ 3 300:305]
 65 [ 4 305:310]
 -7 [ 4 344:344]

Vehicle: 801  Cost: 68.92
Route: 8 30 55 27 67 42 -8 
  8 [ 8  30: 45]
 30 [ 7  70: 75]
 55 [ 8  75: 80]
 27 [ 5 300:305]
 67 [ 9 309:314]
 42 [ 5 331:336]
 -8 [ 5 350:350]

Vehicle: 802  Cost: 63.37
Route: 8 22 52 16 25 -8 
  8 [ 9  30:167]
 22 [ 5 180:185]
 52 [ 8 185:190]
 16 [ 7 300:305]
 25 [ 3 311:316]
 -8 [ 3 344:344]

Vehicle: 804  Cost: 117.49
Route: 8 12 31 71 59 20 51 -8 
  8 [ 9  30: 45]
 12 [ 8  68: 73]
 31 [ 4 180:185]
 71 [ 8 192:197]
 59 [10 209:214]
 20 [ 6 240:245]
 51 [10 245:250]
 -8 [10 294:294]

Total Cost: 1289.08
 13:45.65, 33:75 [1, 7, -7, -1]
 14:159.33, 35:75 [1, 4, 6, -6, -4, -1]
 15:59.67, 26:75 [1, 8, -8, -1]
402:19.91, 8:10 [4, 23, 36, 63, -4]
601:73.27, 9:10 [6, 41, 49, 15, 44, 26, 35, 62, -6]
602:150.11, 10:10 [6, 33, 70, 18, 39, 13, 54, -6]
603:79.25, 9:10 [6, 14, 37, 64, 19, -6]
702:135.37, 9:10 [7, 43, 21, 60, 68, 50, 47, 57, -7]
703:108.11, 10:10 [7, 46, 28, 53, 10, 24, 11, 48, -7]
704:135.21, 10:10 [7, 45, 61, 34, 66, 29, 56, 32, 58, -7]
705:73.44, 9:10 [7, 17, 69, 40, 38, 65, -7]
801:68.92, 9:10 [8, 30, 55, 27, 67, 42, -8]
802:63.37, 9:10 [8, 22, 52, 16, 25, -8]
804:117.49, 10:10 [8, 12, 31, 71, 59, 20, 51, -8]
fe: 3, se: 11

!ALNS------------
100000,1289.0807727481608,303.853,24.001,3,11,0.4177777777777778,0.9272727272727272,20.666666666666668,5.636363636363637
5 10 4 2 0 3 1 0 
9.076804200736005 15.46869415512609 10.006024560033067 11.17517031982438 19.55894666796155 20.976775144059577 14.775313995685163 35.7504620463555 
1 5 5 3 3 1 5 2 
12.404597997790967 13.882250347534441 14.000530069044135 11.669236294774654 11.829273794104001 13.593791160996139 12.705375653809412 14.833595072502392 

x[221] = 1.0
Vehicle: 13  Cost: 45.65
Route: 1 7 -7 -1 
 1 [ 33   0:  0 [47, 18, 43, 11, 21, 38, 45, 24, 17, 32, 46, 40, 10, 28]]
 7 [  0  23: 23 []]
-7 [ 30  23:543 [50, 58, 65, 48, 60, 56, 57, 53, 68, 66, 69, 61]]
-1 [ 30 566:566 [50, 58, 65, 48, 60, 56, 57, 53, 68, 66, 69, 61]]

x[1687] = 1.0
Vehicle: 15  Cost: 59.67
Route: 1 8 -8 -1 
 1 [ 26   0:  0 [31, 22, 20, 42, 30, 25, 12, 27, 16]]
 8 [  0  30: 30 []]
-8 [ 21  30:379 [52, 71, 51, 55, 63, 67, 59]]
-1 [ 21 409:409 [52, 71, 51, 55, 63, 67, 59]]

x[1691] = 1.0
Vehicle: 14  Cost: 159.33
Route: 1 4 6 -6 -4 -1 
 1 [ 35   0:  0 [37, 15, 26, 35, 14, 39, 29, 33, 13, 44, 41, 19, 36, 34, 23]]
 4 [ 25  39: 54 [37, 15, 26, 35, 14, 39, 29, 33, 13, 44, 41, 19]]
 6 [  0  95: 95 []]
-6 [  8  95:384 [54, 64, 62, 49, 70]]
-4 [ 11 425:440 [63, 54, 64, 62, 49, 70]]
-1 [ 11 479:479 [54, 64, 62, 49, 63, 70]]

y[405] = 1.0
Vehicle: 705  Cost: 76.25
Route: 7 40 69 65 38 45 -7 
  7 [10  23: 38]
 40 [ 6  73: 78]
 69 [ 9  78: 83]
 65 [10 300:305]
 38 [ 8 305:310]
 45 [ 4 337:342]
 -7 [ 4 352:352]

y[2073] = 1.0
Vehicle: 803  Cost: 63.37
Route: 8 22 52 16 25 -8 
  8 [ 9 190:205]
 22 [ 5 218:223]
 52 [ 8 223:228]
 16 [ 7 300:305]
 25 [ 3 311:316]
 -8 [ 3 344:344]

y[2280] = 1.0
Vehicle: 401  Cost: 33.84
Route: 4 23 34 63 36 -4 
  4 [10 264:279]
 23 [ 6 285:290]
 34 [ 4 300:305]
 63 [ 7 317:322]
 36 [ 3 322:327]
 -4 [ 3 335:335]

y[2321] = 1.0
Vehicle: 603  Cost: 79.25
Route: 6 14 64 37 19 -6 
  6 [ 9 110:125]
 14 [ 5 149:154]
 64 [ 7 173:178]
 37 [ 4 178:183]
 19 [ 2 300:305]
 -6 [ 2 338:338]

y[2509] = 1.0
Vehicle: 602  Cost: 72.17
Route: 6 33 70 39 13 54 29 -6 
  6 [ 8 115:130]
 33 [ 5 149:154]
 70 [ 7 180:185]
 39 [ 5 300:305]
 13 [ 3 309:314]
 54 [ 4 322:327]
 29 [ 3 327:332]
 -6 [ 3 353:353]

y[2636] = 1.0
Vehicle: 703  Cost: 190.91
Route: 7 17 18 58 32 56 66 61 -7 
  7 [ 8  23: 38]
 17 [ 6  65: 70]
 18 [ 3 129:134]
 58 [ 7 420:425]
 32 [ 4 425:430]
 56 [ 5 451:456]
 66 [ 9 474:479]
 61 [10 494:499]
 -7 [10 516:516]

y[2914] = 1.0
Vehicle: 801  Cost: 68.92
Route: 8 55 30 27 67 42 -8 
  8 [ 8 232:247]
 55 [ 9 272:277]
 30 [ 8 277:282]
 27 [ 5 300:305]
 67 [ 9 309:314]
 42 [ 5 331:336]
 -8 [ 5 350:350]

y[3119] = 1.0
Vehicle: 702  Cost: 108.11
Route: 7 46 28 53 10 24 48 11 -7 
  7 [10  23:273]
 46 [ 7 300:305]
 28 [ 6 319:324]
 53 [10 333:338]
 10 [ 7 345:350]
 24 [ 6 420:425]
 48 [ 9 436:441]
 11 [ 7 441:446]
 -7 [ 7 476:476]

y[3794] = 1.0
Vehicle: 702  Cost: 135.37
Route: 7 43 21 60 68 50 47 57 -7 
  7 [ 5  75: 90]
 43 [ 4 107:112]
 21 [ 1 130:135]
 60 [ 2 163:168]
 68 [ 6 178:183]
 50 [ 9 203:208]
 47 [ 8 300:305]
 57 [ 9 342:347]
 -7 [ 9 349:349]

y[4288] = 1.0
Vehicle: 804  Cost: 117.49
Route: 8 12 31 71 59 20 51 -8 
  8 [ 9 184:199]
 12 [ 8 221:226]
 31 [ 4 232:237]
 71 [ 8 244:249]
 59 [10 262:267]
 20 [ 6 293:298]
 51 [10 298:303]
 -8 [10 346:346]

y[4396] = 1.0
Vehicle: 601  Cost: 73.27
Route: 6 41 15 49 44 26 62 35 -6 
  6 [ 8 115:130]
 41 [ 7 134:139]
 15 [ 6 152:157]
 49 [ 8 157:162]
 44 [ 6 300:305]
 26 [ 5 317:322]
 62 [ 6 330:335]
 35 [ 3 335:340]
 -6 [ 3 364:364]

FE: 3
SE: 11
!MIP-----
1283.5948959690902,96.35854697227478,3.095345974126732E-5,3,11,2021,4417

Run: 2
Total Cost: 1285.25
Vehicle: 11  Cost: 90.13
Route: 1 8 4 -4 -8 -1 
 1 [ 37   0:  0 [23, 20, 15, 22, 16, 36, 34, 27, 42, 25, 31, 12, 30]]
 8 [ 29  30: 45 [23, 20, 15, 22, 16, 36, 34, 25, 31, 12]]
 4 [  0  60: 60 []]
-4 [ 15  60:358 [71, 52, 49, 59, 51]]
-8 [ 20 373:388 [55, 67, 71, 52, 49, 59, 51]]
-1 [ 20 418:418 [55, 67, 71, 52, 49, 59, 51]]

Vehicle: 12  Cost: 45.65
Route: 1 7 -7 -1 
 1 [ 27   0:  0 [21, 46, 38, 47, 40, 17, 43, 45, 28, 10, 11, 24]]
 7 [  0  23: 23 []]
-7 [ 21  23:491 [48, 53, 57, 69, 60, 65, 61, 68, 50]]
-1 [ 21 514:514 [48, 53, 57, 69, 60, 65, 61, 68, 50]]

Vehicle: 13  Cost: 167.76
Route: 1 5 6 -6 -5 -4 -1 
 1 [ 30   0:  0 [35, 37, 13, 19, 18, 39, 41, 33, 32, 29, 44, 26, 14]]
 5 [ 16  66: 81 [35, 37, 19, 41, 44, 26, 14]]
 6 [  0  98: 98 []]
-6 [  3  98:379 [62, 64]]
-5 [ 11 395:496 [58, 62, 70, 54, 56, 64]]
-4 [ 18 526:541 [62, 63, 66, 58, 70, 54, 56, 64]]
-1 [ 18 580:580 [62, 63, 66, 58, 70, 54, 56, 64]]

Vehicle: 401  Cost: 45.24
Route: 4 23 34 66 36 63 -4 
  4 [10  60: 75]
 23 [ 6  81: 86]
 34 [ 4 300:305]
 66 [ 8 420:425]
 36 [ 4 440:445]
 63 [ 7 445:450]
 -4 [ 7 458:458]

Vehicle: 402  Cost: 97.12
Route: 4 31 71 15 49 20 51 -4 
  4 [ 9  60:155]
 31 [ 5 180:185]
 71 [ 9 192:197]
 15 [ 8 220:225]
 49 [10 225:230]
 20 [ 6 241:246]
 51 [10 246:251]
 -4 [10 282:282]

Vehicle: 403  Cost: 99.99
Route: 4 22 52 12 59 25 16 -4 
  4 [10  60:170]
 22 [ 6 180:185]
 52 [ 9 185:190]
 12 [ 8 202:207]
 59 [10 229:234]
 25 [ 6 300:305]
 16 [ 5 311:316]
 -4 [ 5 343:343]

Vehicle: 501  Cost: 147.17
Route: 5 33 70 18 32 58 56 29 54 -5 
  5 [10  66: 81]
 33 [ 7 107:112]
 70 [ 9 180:185]
 18 [ 6 235:240]
 32 [ 3 420:425]
 58 [ 7 425:430]
 56 [ 8 451:456]
 29 [ 7 465:470]
 54 [ 8 470:475]
 -5 [ 8 481:481]

Vehicle: 502  Cost: 30.48
Route: 5 39 13 -5 
  5 [ 4  66:287]
 39 [ 2 300:305]
 13 [ 0 309:314]
 -5 [ 0 327:327]

Vehicle: 601  Cost: 72.76
Route: 6 41 44 26 62 35 -6 
  6 [ 7  98:113]
 41 [ 6 117:122]
 44 [ 4 300:305]
 26 [ 3 317:322]
 62 [ 4 330:335]
 35 [ 1 335:340]
 -6 [ 1 364:364]

Vehicle: 602  Cost: 79.25
Route: 6 14 64 37 19 -6 
  6 [ 9  98:113]
 14 [ 5 137:142]
 64 [ 7 161:166]
 37 [ 4 166:171]
 19 [ 2 300:305]
 -6 [ 2 338:338]

Vehicle: 701  Cost: 89.37
Route: 7 68 50 47 57 -7 
  7 [ 1  23: 38]
 68 [ 5  64: 69]
 50 [ 8  90: 95]
 47 [ 7 300:305]
 57 [ 8 342:347]
 -7 [ 8 349:349]

Vehicle: 702  Cost: 65.97
Route: 7 43 21 61 45 -7 
  7 [ 8  23: 38]
 43 [ 7  55: 60]
 21 [ 4  78: 83]
 61 [ 5 300:305]
 45 [ 1 316:321]
 -7 [ 1 331:331]

Vehicle: 703  Cost: 108.11
Route: 7 46 28 53 10 24 11 48 -7 
  7 [10  23:273]
 46 [ 7 300:305]
 28 [ 6 319:324]
 53 [10 333:338]
 10 [ 7 345:350]
 24 [ 6 420:425]
 11 [ 4 436:441]
 48 [ 7 441:446]
 -7 [ 7 476:476]

Vehicle: 704  Cost: 77.32
Route: 7 60 17 40 69 65 38 -7 
  7 [ 8  23: 39]
 60 [ 9  60: 65]
 17 [ 7  75: 80]
 40 [ 3  88: 93]
 69 [ 6  93: 98]
 65 [ 7 300:305]
 38 [ 5 305:310]
 -7 [ 5 344:344]

Vehicle: 801  Cost: 68.92
Route: 8 30 55 27 67 42 -8 
  8 [ 8  30: 45]
 30 [ 7  70: 75]
 55 [ 8  75: 80]
 27 [ 5 300:305]
 67 [ 9 309:314]
 42 [ 5 331:336]
 -8 [ 5 350:350]

Total Cost: 1285.25
 11:90.13, 37:75 [1, 8, 4, -4, -8, -1]
 12:45.65, 27:75 [1, 7, -7, -1]
 13:167.76, 30:75 [1, 5, 6, -6, -5, -4, -1]
401:45.24, 10:10 [4, 23, 34, 66, 36, 63, -4]
402:97.12, 10:10 [4, 31, 71, 15, 49, 20, 51, -4]
403:99.99, 10:10 [4, 22, 52, 12, 59, 25, 16, -4]
501:147.17, 10:10 [5, 33, 70, 18, 32, 58, 56, 29, 54, -5]
502:30.48, 4:10 [5, 39, 13, -5]
601:72.76, 7:10 [6, 41, 44, 26, 62, 35, -6]
602:79.25, 9:10 [6, 14, 64, 37, 19, -6]
701:89.37, 8:10 [7, 68, 50, 47, 57, -7]
702:65.97, 8:10 [7, 43, 21, 61, 45, -7]
703:108.11, 10:10 [7, 46, 28, 53, 10, 24, 11, 48, -7]
704:77.32, 9:10 [7, 60, 17, 40, 69, 65, 38, -7]
801:68.92, 9:10 [8, 30, 55, 27, 67, 42, -8]
fe: 3, se: 12

!ALNS------------
100000,1285.2522344006275,300.223,281.132,3,12,0.4177777777777778,0.8666666666666667,20.666666666666668,5.166666666666667
5 14 2 6 0 1 4 0 
9.036511916339883 19.113070154758745 9.778629615278051 12.83142560876681 44.32330274698499 25.433240058973546 14.198686701796 33.82604471835672 
4 5 5 3 3 6 4 2 
14.574968829005934 13.452367846229594 14.277458524296057 11.385345325919934 14.747292903032664 13.233583773517825 17.377801737698753 15.91320309388783 

x[542] = 1.0
Vehicle: 15  Cost: 59.67
Route: 1 8 -8 -1 
 1 [ 27   0:  0 [27, 20, 16, 12, 31, 25, 15, 22, 30, 42]]
 8 [  0  30: 30 []]
-8 [ 23  30:389 [71, 51, 52, 67, 49, 59, 55, 63]]
-1 [ 23 419:419 [71, 51, 52, 67, 49, 59, 55, 63]]

x[2478] = 1.0
Vehicle: 13  Cost: 157.41
Route: 1 4 3 5 -5 -3 -4 -1 
 1 [ 40   0:  0 [34, 14, 41, 26, 44, 36, 19, 32, 39, 37, 18, 33, 29, 23, 35, 13]]
 4 [ 30  39: 54 [14, 41, 26, 44, 19, 32, 39, 37, 18, 33, 29, 35, 13]]
 3 [ 14  83: 98 [32, 39, 18, 33, 29, 13]]
 5 [  0 109:109 []]
-5 [  8 109:496 [58, 70, 54, 56]]
-3 [ 11 507:522 [64, 62, 58, 70, 54, 56]]
-4 [ 19 551:566 [64, 63, 61, 62, 66, 58, 70, 54, 56]]
-1 [ 19 605:605 [64, 63, 61, 62, 66, 58, 70, 54, 56]]

x[3086] = 1.0
Vehicle: 12  Cost: 45.65
Route: 1 7 -7 -1 
 1 [ 27   0:  0 [24, 28, 40, 21, 43, 10, 11, 46, 38, 47, 45, 17]]
 7 [  0  23: 23 []]
-7 [ 25  23:559 [61, 65, 60, 57, 50, 66, 68, 53, 48, 69]]
-1 [ 25 582:582 [61, 65, 60, 57, 50, 66, 68, 53, 48, 69]]

y[13] = 1.0
Vehicle: 704  Cost: 108.11
Route: 7 46 28 53 10 24 48 11 -7 
  7 [10  75:273]
 46 [ 7 300:305]
 28 [ 6 319:324]
 53 [10 333:338]
 10 [ 7 345:350]
 24 [ 6 420:425]
 48 [ 9 436:441]
 11 [ 7 441:446]
 -7 [ 7 476:476]

y[231] = 1.0
Vehicle: 501  Cost: 30.48
Route: 5 39 13 -5 
  5 [ 4 365:380]
 39 [ 2 394:399]
 13 [ 0 402:407]
 -5 [ 0 421:421]

y[275] = 1.0
Vehicle: 801  Cost: 99.95
Route: 8 22 52 59 25 16 -8 
  8 [ 9 183:198]
 22 [ 5 211:216]
 52 [ 8 216:221]
 59 [10 254:259]
 25 [ 6 300:305]
 16 [ 5 311:316]
 -8 [ 5 341:341]

y[321] = 1.0
Vehicle: 702  Cost: 65.97
Route: 7 43 21 61 45 -7 
  7 [ 8  75: 90]
 43 [ 7 107:112]
 21 [ 4 130:135]
 61 [ 5 300:305]
 45 [ 1 316:321]
 -7 [ 1 331:331]

y[474] = 1.0
Vehicle: 703  Cost: 89.37
Route: 7 68 50 47 57 -7 
  7 [ 1  75: 90]
 68 [ 5 117:122]
 50 [ 8 142:147]
 47 [ 7 300:305]
 57 [ 8 342:347]
 -7 [ 8 349:349]

y[1050] = 1.0
Vehicle: 301  Cost: 100.48
Route: 3 41 14 37 64 19 -3 
  3 [10  92:107]
 41 [ 9 115:120]
 14 [ 5 149:154]
 37 [ 2 173:178]
 64 [ 4 178:183]
 19 [ 2 300:305]
 -3 [ 2 347:347]

y[1388] = 1.0
Vehicle: 804  Cost: 113.08
Route: 8 12 31 71 15 49 20 51 -8 
  8 [10 183:198]
 12 [ 9 221:226]
 31 [ 5 232:237]
 71 [ 9 244:249]
 15 [ 8 271:276]
 49 [10 276:281]
 20 [ 6 293:298]
 51 [10 298:303]
 -8 [10 346:346]

y[1999] = 1.0
Vehicle: 301  Cost: 74.83
Route: 3 44 26 62 35 -3 
  3 [ 6  67:273]
 44 [ 4 300:305]
 26 [ 3 317:322]
 62 [ 4 330:335]
 35 [ 1 335:340]
 -3 [ 1 368:368]

y[4036] = 1.0
Vehicle: 404  Cost: 45.24
Route: 4 23 34 66 36 63 -4 
  4 [10  67: 82]
 23 [ 6  88: 93]
 34 [ 4 300:305]
 66 [ 8 420:425]
 36 [ 4 440:445]
 63 [ 7 445:450]
 -4 [ 7 458:458]

y[4066] = 1.0
Vehicle: 704  Cost: 77.32
Route: 7 60 17 40 69 65 38 -7 
  7 [ 8 104:119]
 60 [ 9 140:145]
 17 [ 7 155:160]
 40 [ 3 168:173]
 69 [ 6 173:178]
 65 [ 7 300:305]
 38 [ 5 305:310]
 -7 [ 5 344:344]

y[4525] = 1.0
Vehicle: 502  Cost: 147.17
Route: 5 33 70 18 58 32 56 29 54 -5 
  5 [10 133:148]
 33 [ 7 174:179]
 70 [ 9 180:185]
 18 [ 6 235:240]
 58 [10 420:425]
 32 [ 7 425:430]
 56 [ 8 451:456]
 29 [ 7 465:470]
 54 [ 8 470:475]
 -5 [ 8 481:481]

y[5114] = 1.0
Vehicle: 801  Cost: 68.92
Route: 8 30 55 27 67 42 -8 
  8 [ 8 240:255]
 30 [ 7 280:285]
 55 [ 8 285:290]
 27 [ 5 300:305]
 67 [ 9 309:314]
 42 [ 5 331:336]
 -8 [ 5 350:350]

FE: 3
SE: 12
!MIP-----
1283.6640706264507,59.39166784286499,4.7618486426392875E-5,3,12,3102,6305

Run: 3
Total Cost: 1283.66
Vehicle: 11  Cost: 157.41
Route: 1 4 3 5 -5 -3 -4 -1 
 1 [ 40   0:  0 [35, 37, 36, 26, 34, 41, 23, 39, 29, 33, 32, 14, 18, 19, 13, 44]]
 4 [ 30  39: 54 [35, 37, 26, 41, 39, 29, 33, 32, 14, 18, 19, 13, 44]]
 3 [ 14  83: 98 [39, 29, 33, 32, 18, 13]]
 5 [  0 109:109 []]
-5 [  8 109:496 [56, 70, 54, 58]]
-3 [ 11 507:522 [64, 56, 70, 62, 54, 58]]
-4 [ 18 551:566 [56, 64, 70, 62, 63, 54, 66, 58]]
-1 [ 18 605:605 [64, 56, 70, 62, 63, 54, 66, 58]]

Vehicle: 12  Cost: 59.67
Route: 1 8 -8 -1 
 1 [ 27   0:  0 [31, 42, 20, 22, 12, 30, 27, 25, 16, 15]]
 8 [  0  30: 30 []]
-8 [ 20  30:365 [52, 55, 59, 71, 51, 49, 67]]
-1 [ 20 395:395 [52, 55, 59, 71, 51, 49, 67]]

Vehicle: 14  Cost: 45.65
Route: 1 7 -7 -1 
 1 [ 27   0:  0 [24, 40, 11, 38, 46, 45, 28, 47, 10, 17, 43, 21]]
 7 [  0  23: 23 []]
-7 [ 21  23:491 [57, 65, 60, 61, 69, 68, 53, 48, 50]]
-1 [ 21 514:514 [57, 65, 60, 61, 69, 68, 53, 48, 50]]

Vehicle: 301  Cost: 100.48
Route: 3 41 14 37 64 19 -3 
  3 [10  83: 98]
 41 [ 9 106:111]
 14 [ 5 139:144]
 37 [ 2 163:168]
 64 [ 4 168:173]
 19 [ 2 300:305]
 -3 [ 2 347:347]

Vehicle: 302  Cost: 74.83
Route: 3 44 26 62 35 -3 
  3 [ 6  83:273]
 44 [ 4 300:305]
 26 [ 3 317:322]
 62 [ 4 330:335]
 35 [ 1 335:340]
 -3 [ 1 368:368]

Vehicle: 401  Cost: 45.24
Route: 4 23 34 66 36 63 -4 
  4 [10  39: 54]
 23 [ 6  60: 65]
 34 [ 4 300:305]
 66 [ 8 420:425]
 36 [ 4 440:445]
 63 [ 7 445:450]
 -4 [ 7 458:458]

Vehicle: 501  Cost: 30.48
Route: 5 13 39 -5 
  5 [ 4 109:287]
 13 [ 2 300:305]
 39 [ 0 309:314]
 -5 [ 0 327:327]

Vehicle: 504  Cost: 147.17
Route: 5 33 70 18 58 32 56 54 29 -5 
  5 [10 109:124]
 33 [ 7 150:155]
 70 [ 9 180:185]
 18 [ 6 235:240]
 58 [10 420:425]
 32 [ 7 425:430]
 56 [ 8 451:456]
 54 [ 9 465:470]
 29 [ 8 470:475]
 -5 [ 8 481:481]

Vehicle: 701  Cost: 108.11
Route: 7 46 28 53 10 24 48 11 -7 
  7 [10  23:273]
 46 [ 7 300:305]
 28 [ 6 319:324]
 53 [10 333:338]
 10 [ 7 345:350]
 24 [ 6 420:425]
 48 [ 9 436:441]
 11 [ 7 441:446]
 -7 [ 7 476:476]

Vehicle: 702  Cost: 65.97
Route: 7 43 21 61 45 -7 
  7 [ 8  23: 38]
 43 [ 7  55: 60]
 21 [ 4  78: 83]
 61 [ 5 300:305]
 45 [ 1 316:321]
 -7 [ 1 331:331]

Vehicle: 703  Cost: 77.32
Route: 7 60 17 40 69 65 38 -7 
  7 [ 8  23: 39]
 60 [ 9  60: 65]
 17 [ 7  75: 80]
 40 [ 3  88: 93]
 69 [ 6  93: 98]
 65 [ 7 300:305]
 38 [ 5 305:310]
 -7 [ 5 344:344]

Vehicle: 704  Cost: 89.37
Route: 7 68 50 47 57 -7 
  7 [ 1  23: 38]
 68 [ 5  64: 69]
 50 [ 8  90: 95]
 47 [ 7 300:305]
 57 [ 8 342:347]
 -7 [ 8 349:349]

Vehicle: 801  Cost: 68.92
Route: 8 30 55 27 67 42 -8 
  8 [ 8  30: 45]
 30 [ 7  70: 75]
 55 [ 8  75: 80]
 27 [ 5 300:305]
 67 [ 9 309:314]
 42 [ 5 331:336]
 -8 [ 5 350:350]

Vehicle: 802  Cost: 113.08
Route: 8 12 31 71 15 49 20 51 -8 
  8 [10  30: 45]
 12 [ 9  68: 73]
 31 [ 5 180:185]
 71 [ 9 192:197]
 15 [ 8 220:225]
 49 [10 225:230]
 20 [ 6 241:246]
 51 [10 246:251]
 -8 [10 294:294]

Vehicle: 804  Cost: 99.95
Route: 8 22 52 59 25 16 -8 
  8 [ 9  30:167]
 22 [ 5 180:185]
 52 [ 8 185:190]
 59 [10 223:228]
 25 [ 6 300:305]
 16 [ 5 311:316]
 -8 [ 5 341:341]

Total Cost: 1283.66
 11:157.41, 40:75 [1, 4, 3, 5, -5, -3, -4, -1]
 12:59.67, 27:75 [1, 8, -8, -1]
 14:45.65, 27:75 [1, 7, -7, -1]
301:100.48, 10:10 [3, 41, 14, 37, 64, 19, -3]
302:74.83, 6:10 [3, 44, 26, 62, 35, -3]
401:45.24, 10:10 [4, 23, 34, 66, 36, 63, -4]
501:30.48, 4:10 [5, 13, 39, -5]
504:147.17, 10:10 [5, 33, 70, 18, 58, 32, 56, 54, 29, -5]
701:108.11, 10:10 [7, 46, 28, 53, 10, 24, 48, 11, -7]
702:65.97, 8:10 [7, 43, 21, 61, 45, -7]
703:77.32, 9:10 [7, 60, 17, 40, 69, 65, 38, -7]
704:89.37, 8:10 [7, 68, 50, 47, 57, -7]
801:68.92, 9:10 [8, 30, 55, 27, 67, 42, -8]
802:113.08, 10:10 [8, 12, 31, 71, 15, 49, 20, 51, -8]
804:99.95, 10:10 [8, 22, 52, 59, 25, 16, -8]
fe: 3, se: 12

!ALNS------------
100000,1283.6640706264504,247.376,122.097,3,12,0.4177777777777778,0.8666666666666667,20.666666666666668,5.166666666666667
7 7 3 3 0 1 0 0 
7.873062987238895 15.539469148265614 8.242944877548425 12.087158348684323 25.41867298982953 17.774041850933834 11.750402833476457 41.45993495805398 
1 3 3 2 4 2 4 2 
11.987124612788055 11.737647401005168 11.794454922405317 13.825367696543085 12.233955742683035 11.073850536979757 11.448002829660393 10.762653229451384 

x[7] = 1.0000000000000002
Vehicle: 12  Cost: 59.67
Route: 1 8 -8 -1 
 1 [ 27   0:  0 [25, 15, 22, 20, 27, 12, 42, 16, 31, 30]]
 8 [  0  30: 30 []]
-8 [ 23  30:381 [49, 59, 55, 63, 67, 71, 51, 52]]
-1 [ 23 411:411 [49, 59, 55, 63, 67, 71, 51, 52]]

x[1454] = 1.0
Vehicle: 14  Cost: 45.65
Route: 1 7 -7 -1 
 1 [ 27   0:  0 [40, 24, 47, 46, 17, 45, 43, 38, 10, 11, 21, 28]]
 7 [  0  23: 23 []]
-7 [ 26  23:503 [57, 56, 61, 50, 65, 68, 69, 53, 48, 60, 58]]
-1 [ 26 526:526 [57, 56, 61, 50, 65, 68, 69, 53, 48, 60, 58]]

x[2281] = 1.0000000000000002
Vehicle: 11  Cost: 157.41
Route: 1 4 3 5 -5 -3 -4 -1 
 1 [ 40   0:  0 [37, 26, 29, 14, 18, 36, 44, 39, 19, 32, 23, 33, 34, 35, 13, 41]]
 4 [ 30  39: 54 [37, 26, 29, 14, 18, 44, 39, 19, 32, 33, 35, 13, 41]]
 3 [ 14  83: 98 [29, 18, 39, 32, 33, 13]]
 5 [  0 109:109 []]
-5 [  8 109:507 [54, 58, 56, 70]]
-3 [ 11 518:533 [64, 54, 58, 56, 62, 70]]
-4 [ 19 562:577 [64, 66, 54, 61, 63, 58, 56, 62, 70]]
-1 [ 19 616:616 [64, 66, 54, 61, 63, 58, 56, 62, 70]]

y[30] = 1.0
Vehicle: 802  Cost: 113.08
Route: 8 12 31 71 15 49 20 51 -8 
  8 [10 152:167]
 12 [ 9 190:195]
 31 [ 5 201:206]
 71 [ 9 213:218]
 15 [ 8 241:246]
 49 [10 246:251]
 20 [ 6 262:267]
 51 [10 267:272]
 -8 [10 315:315]

y[350] = 1.0
Vehicle: 804  Cost: 99.95
Route: 8 22 52 59 25 16 -8 
  8 [ 9 195:210]
 22 [ 5 223:228]
 52 [ 8 228:233]
 59 [10 266:271]
 25 [ 6 300:305]
 16 [ 5 311:316]
 -8 [ 5 341:341]

y[356] = 1.0000000000000002
Vehicle: 801  Cost: 68.92
Route: 8 55 30 27 67 42 -8 
  8 [ 8 199:214]
 55 [ 9 239:244]
 30 [ 8 244:249]
 27 [ 5 300:305]
 67 [ 9 309:314]
 42 [ 5 331:336]
 -8 [ 5 350:350]

y[1247] = 1.0
Vehicle: 503  Cost: 30.48
Route: 5 39 13 -5 
  5 [ 4 113:287]
 39 [ 2 300:305]
 13 [ 0 309:314]
 -5 [ 0 327:327]

y[1281] = 1.0
Vehicle: 504  Cost: 147.17
Route: 5 33 70 18 58 32 56 54 29 -5 
  5 [10 126:141]
 33 [ 7 167:172]
 70 [ 9 180:185]
 18 [ 6 235:240]
 58 [10 420:425]
 32 [ 7 425:430]
 56 [ 8 451:456]
 54 [ 9 465:470]
 29 [ 8 470:475]
 -5 [ 8 481:481]

y[1591] = 1.0
Vehicle: 701  Cost: 73.44
Route: 7 17 40 69 65 38 -7 
  7 [ 8  23: 38]
 17 [ 6  65: 70]
 40 [ 2  78: 83]
 69 [ 5  83: 88]
 65 [ 6 300:305]
 38 [ 4 305:310]
 -7 [ 4 344:344]

y[1965] = 1.0
Vehicle: 701  Cost: 108.11
Route: 7 46 28 53 10 24 11 48 -7 
  7 [10 245:273]
 46 [ 7 300:305]
 28 [ 6 319:324]
 53 [10 333:338]
 10 [ 7 345:350]
 24 [ 6 420:425]
 11 [ 4 436:441]
 48 [ 7 441:446]
 -7 [ 7 476:476]

y[2169] = 1.0
Vehicle: 402  Cost: 45.24
Route: 4 23 34 66 36 63 -4 
  4 [10 257:272]
 23 [ 6 278:283]
 34 [ 4 300:305]
 66 [ 8 420:425]
 36 [ 4 440:445]
 63 [ 7 445:450]
 -4 [ 7 458:458]

y[2886] = 1.0
Vehicle: 702  Cost: 65.97
Route: 7 43 21 61 45 -7 
  7 [ 8 245:260]
 43 [ 7 277:282]
 21 [ 4 300:305]
 61 [ 5 315:320]
 45 [ 1 331:336]
 -7 [ 1 346:346]

y[3585] = 1.0
Vehicle: 301  Cost: 100.48
Route: 3 41 14 37 64 19 -3 
  3 [10  83: 98]
 41 [ 9 106:111]
 14 [ 5 139:144]
 37 [ 2 163:168]
 64 [ 4 168:173]
 19 [ 2 300:305]
 -3 [ 2 347:347]

y[4349] = 1.0
Vehicle: 702  Cost: 93.27
Route: 7 60 68 50 47 57 -7 
  7 [ 1  23: 39]
 60 [ 2  60: 65]
 68 [ 6  75: 80]
 50 [ 9 100:105]
 47 [ 8 300:305]
 57 [ 9 342:347]
 -7 [ 9 349:349]

y[4596] = 1.0
Vehicle: 302  Cost: 74.83
Route: 3 35 62 26 44 -3 
  3 [ 6  67:272]
 35 [ 3 300:305]
 62 [ 4 305:310]
 26 [ 3 318:323]
 44 [ 1 335:340]
 -3 [ 1 367:367]

FE: 3
SE: 12
!MIP-----
1283.6700529255606,109.98612999916077,9.48579322555926E-5,3,12,2293,4817

Run: 4
Total Cost: 1310.58
Vehicle: 11  Cost: 45.65
Route: 1 7 -7 -1 
 1 [ 23   0:  0 [17, 40, 43, 11, 46, 28, 47, 34, 45, 21]]
 7 [  0  23: 23 []]
-7 [ 16  23:407 [69, 68, 48, 60, 50, 57, 61]]
-1 [ 16 430:430 [69, 68, 48, 60, 50, 57, 61]]

Vehicle: 12  Cost: 137.66
Route: 1 4 5 -5 -4 -1 
 1 [ 44   0:  0 [24, 14, 29, 38, 13, 41, 39, 33, 26, 37, 35, 44, 36, 32, 10, 18, 19, 23]]
 4 [ 36  39: 54 [24, 14, 29, 38, 13, 41, 39, 33, 26, 37, 35, 44, 32, 10, 18, 19]]
 5 [  0  84: 84 []]
-5 [ 20  84:511 [58, 64, 65, 53, 70, 54, 62, 56, 66]]
-4 [ 23 540:555 [58, 64, 63, 65, 53, 70, 54, 62, 56, 66]]
-1 [ 23 595:595 [58, 64, 63, 65, 53, 70, 54, 62, 56, 66]]

Vehicle: 15  Cost: 59.67
Route: 1 8 -8 -1 
 1 [ 27   0:  0 [15, 42, 16, 12, 22, 25, 31, 30, 20, 27]]
 8 [  0  30: 30 []]
-8 [ 20  30:365 [51, 52, 49, 71, 67, 59, 55]]
-1 [ 20 395:395 [51, 52, 49, 71, 67, 59, 55]]

Vehicle: 401  Cost: 19.91
Route: 4 23 36 63 -4 
  4 [ 8  39: 54]
 23 [ 4  60: 65]
 36 [ 0 300:305]
 63 [ 3 305:310]
 -4 [ 3 318:318]

Vehicle: 501  Cost: 77.49
Route: 5 39 13 32 58 56 54 29 -5 
  5 [ 8  84:287]
 39 [ 6 300:305]
 13 [ 4 309:314]
 32 [ 1 420:425]
 58 [ 5 425:430]
 56 [ 6 451:456]
 54 [ 7 465:470]
 29 [ 6 470:475]
 -5 [ 6 481:481]

Vehicle: 502  Cost: 178.24
Route: 5 18 10 53 24 38 65 66 -5 
  5 [ 9  84: 99]
 18 [ 6 159:164]
 10 [ 3 300:305]
 53 [ 7 312:317]
 24 [ 6 420:425]
 38 [ 4 432:437]
 65 [ 5 437:442]
 66 [ 9 471:476]
 -5 [ 9 496:496]

Vehicle: 504  Cost: 116.30
Route: 5 33 70 14 19 -5 
  5 [ 9  84: 99]
 33 [ 6 125:130]
 70 [ 8 180:185]
 14 [ 4 208:213]
 19 [ 2 300:305]
 -5 [ 2 354:354]

Vehicle: 505  Cost: 115.55
Route: 5 41 37 64 26 35 62 44 -5 
  5 [10  84: 99]
 41 [ 9 113:118]
 37 [ 6 153:158]
 64 [ 8 158:163]
 26 [ 7 300:305]
 35 [ 4 313:318]
 62 [ 5 318:323]
 44 [ 3 329:334]
 -5 [ 3 372:372]

Vehicle: 701  Cost: 108.86
Route: 7 50 47 46 28 11 48 -7 
  7 [ 7  23: 38]
 50 [10  76: 81]
 47 [ 9 300:305]
 46 [ 6 318:323]
 28 [ 5 337:342]
 11 [ 3 352:357]
 48 [ 6 357:362]
 -7 [ 6 392:392]

Vehicle: 702  Cost: 77.83
Route: 7 43 21 61 34 45 -7 
  7 [10  23: 38]
 43 [ 9  55: 60]
 21 [ 6  78: 83]
 61 [ 7 300:305]
 34 [ 5 312:317]
 45 [ 1 333:338]
 -7 [ 1 348:348]

Vehicle: 703  Cost: 91.48
Route: 7 60 17 69 40 68 57 -7 
  7 [ 6  23: 39]
 60 [ 7  60: 65]
 17 [ 5  75: 80]
 69 [ 8  88: 93]
 40 [ 4  93: 98]
 68 [ 8 120:125]
 57 [ 9 300:305]
 -7 [ 9 307:307]

Vehicle: 801  Cost: 99.95
Route: 8 22 52 59 25 16 -8 
  8 [ 9  30:167]
 22 [ 5 180:185]
 52 [ 8 185:190]
 59 [10 223:228]
 25 [ 6 300:305]
 16 [ 5 311:316]
 -8 [ 5 341:341]

Vehicle: 803  Cost: 113.08
Route: 8 12 31 71 15 49 20 51 -8 
  8 [10  30: 45]
 12 [ 9  68: 73]
 31 [ 5 180:185]
 71 [ 9 192:197]
 15 [ 8 220:225]
 49 [10 225:230]
 20 [ 6 241:246]
 51 [10 246:251]
 -8 [10 294:294]

Vehicle: 804  Cost: 68.92
Route: 8 55 30 27 67 42 -8 
  8 [ 8  30: 45]
 55 [ 9  70: 75]
 30 [ 8  75: 80]
 27 [ 5 300:305]
 67 [ 9 309:314]
 42 [ 5 331:336]
 -8 [ 5 350:350]

Total Cost: 1310.58
 11:45.65, 23:75 [1, 7, -7, -1]
 12:137.66, 44:75 [1, 4, 5, -5, -4, -1]
 15:59.67, 27:75 [1, 8, -8, -1]
401:19.91, 8:10 [4, 23, 36, 63, -4]
501:77.49, 8:10 [5, 39, 13, 32, 58, 56, 54, 29, -5]
502:178.24, 9:10 [5, 18, 10, 53, 24, 38, 65, 66, -5]
504:116.30, 9:10 [5, 33, 70, 14, 19, -5]
505:115.55, 10:10 [5, 41, 37, 64, 26, 35, 62, 44, -5]
701:108.86, 10:10 [7, 50, 47, 46, 28, 11, 48, -7]
702:77.83, 10:10 [7, 43, 21, 61, 34, 45, -7]
703:91.48, 9:10 [7, 60, 17, 69, 40, 68, 57, -7]
801:99.95, 10:10 [8, 22, 52, 59, 25, 16, -8]
803:113.08, 10:10 [8, 12, 31, 71, 15, 49, 20, 51, -8]
804:68.92, 9:10 [8, 55, 30, 27, 67, 42, -8]
fe: 3, se: 11

!ALNS------------
100000,1310.5821477034124,342.038,62.126,3,11,0.4177777777777778,0.9272727272727272,20.666666666666668,5.636363636363637
8 9 9 7 0 2 2 0 
10.054867940506343 18.08918473585531 10.019566009335438 12.49501733448691 50.11121384648248 28.085420524470468 15.039933520655945 31.396989136962546 
2 8 8 4 6 0 3 6 
15.183433450675366 14.351423451822367 13.333276923424384 14.204618306636046 14.965712869368208 14.347840670789251 14.081015931236065 14.660684286741345 

x[191] = 1.0
Vehicle: 15  Cost: 59.67
Route: 1 8 -8 -1 
 1 [ 27   0:  0 [27, 42, 30, 15, 20, 16, 25, 22, 12, 31]]
 8 [  0  30: 30 []]
-8 [ 23  30:390 [71, 49, 55, 51, 67, 59, 63, 52]]
-1 [ 23 419:419 [71, 49, 55, 51, 67, 59, 63, 52]]

x[1197] = 1.0
Vehicle: 12  Cost: 137.66
Route: 1 4 5 -5 -4 -1 
 1 [ 40   0:  0 [37, 14, 32, 29, 39, 36, 34, 35, 13, 23, 19, 33, 44, 18, 26, 41]]
 4 [ 30  39: 54 [37, 14, 32, 29, 39, 35, 13, 19, 33, 44, 18, 26, 41]]
 5 [  0  84: 84 []]
-5 [ 11  84:496 [58, 70, 62, 54, 56, 64]]
-4 [ 18 526:541 [58, 70, 62, 63, 54, 66, 56, 64]]
-1 [ 18 580:580 [58, 70, 62, 63, 54, 66, 56, 64]]

x[2129] = 1.0
Vehicle: 15  Cost: 45.65
Route: 1 7 -7 -1 
 1 [ 27   0:  0 [47, 45, 43, 24, 11, 46, 17, 40, 38, 28, 10, 21]]
 7 [  0  23: 23 []]
-7 [ 27  23:573 [68, 65, 50, 69, 57, 54, 53, 48, 60, 56, 58, 61]]
-1 [ 27 596:596 [68, 65, 50, 69, 57, 54, 53, 48, 60, 56, 58, 61]]

y[19] = 1.0
Vehicle: 801  Cost: 99.95
Route: 8 22 52 59 25 16 -8 
  8 [ 9 179:194]
 22 [ 5 206:211]
 52 [ 8 211:216]
 59 [10 250:255]
 25 [ 6 300:305]
 16 [ 5 311:316]
 -8 [ 5 341:341]

y[538] = 1.0
Vehicle: 402  Cost: 45.24
Route: 4 23 34 66 36 63 -4 
  4 [10  39: 54]
 23 [ 6  60: 65]
 34 [ 4 300:305]
 66 [ 8 420:425]
 36 [ 4 440:445]
 63 [ 7 445:450]
 -4 [ 7 458:458]

y[727] = 1.0
Vehicle: 702  Cost: 89.37
Route: 7 68 50 47 57 -7 
  7 [ 1  84: 99]
 68 [ 5 125:130]
 50 [ 8 151:156]
 47 [ 7 300:305]
 57 [ 8 342:347]
 -7 [ 8 349:349]

y[1025] = 1.0
Vehicle: 501  Cost: 147.17
Route: 5 33 70 18 58 32 56 54 29 -5 
  5 [10 133:148]
 33 [ 7 174:179]
 70 [ 9 180:185]
 18 [ 6 235:240]
 58 [10 420:425]
 32 [ 7 425:430]
 56 [ 8 451:456]
 54 [ 9 465:470]
 29 [ 8 470:475]
 -5 [ 8 481:481]

y[2143] = 1.0
Vehicle: 505  Cost: 113.22
Route: 5 41 14 37 64 19 -5 
  5 [10  87:102]
 41 [ 9 116:121]
 14 [ 5 149:154]
 37 [ 2 174:179]
 64 [ 4 179:184]
 19 [ 2 300:305]
 -5 [ 2 354:354]

y[3937] = 1.0
Vehicle: 504  Cost: 120.33
Route: 5 13 39 62 35 26 44 -5 
  5 [10  84:287]
 13 [ 8 300:305]
 39 [ 6 309:314]
 62 [ 7 360:365]
 35 [ 4 365:370]
 26 [ 3 378:383]
 44 [ 1 394:399]
 -5 [ 1 437:437]

y[4126] = 1.0
Vehicle: 704  Cost: 108.11
Route: 7 46 28 53 10 24 11 48 -7 
  7 [10  23:273]
 46 [ 7 300:305]
 28 [ 6 319:324]
 53 [10 333:338]
 10 [ 7 345:350]
 24 [ 6 420:425]
 11 [ 4 436:441]
 48 [ 7 441:446]
 -7 [ 7 476:476]

y[4172] = 1.0
Vehicle: 703  Cost: 77.32
Route: 7 60 17 69 40 38 65 -7 
  7 [ 8  23: 39]
 60 [ 9  60: 65]
 17 [ 7  75: 80]
 69 [10  88: 93]
 40 [ 6  93: 98]
 38 [ 4 300:305]
 65 [ 5 305:310]
 -7 [ 5 344:344]

y[4330] = 1.0
Vehicle: 701  Cost: 65.97
Route: 7 43 21 61 45 -7 
  7 [ 8  23: 38]
 43 [ 7  55: 60]
 21 [ 4  78: 83]
 61 [ 5 300:305]
 45 [ 1 316:321]
 -7 [ 1 331:331]

y[4696] = 1.0
Vehicle: 801  Cost: 113.08
Route: 8 12 31 71 15 49 20 51 -8 
  8 [10 182:197]
 12 [ 9 219:224]
 31 [ 5 230:235]
 71 [ 9 242:247]
 15 [ 8 270:275]
 49 [10 275:280]
 20 [ 6 291:296]
 51 [10 296:301]
 -8 [10 345:345]

y[5565] = 1.0
Vehicle: 801  Cost: 68.92
Route: 8 55 30 27 67 42 -8 
  8 [ 8 217:232]
 55 [ 9 258:263]
 30 [ 8 263:268]
 27 [ 5 300:305]
 67 [ 9 309:314]
 42 [ 5 331:336]
 -8 [ 5 350:350]

FE: 3
SE: 11
!MIP-----
1291.676050183589,224.02294611930847,9.959735159038922E-5,3,11,3222,5809

Run: 5
Total Cost: 1288.12
Vehicle: 12  Cost: 45.65
Route: 1 7 -7 -1 
 1 [ 33   0:  0 [28, 11, 24, 38, 40, 32, 43, 17, 10, 45, 34, 29, 21, 46, 47]]
 7 [  0  23: 23 []]
-7 [ 30  23:538 [66, 48, 50, 53, 56, 57, 58, 68, 65, 69, 60, 61]]
-1 [ 30 560:560 [66, 48, 50, 53, 56, 57, 58, 68, 65, 69, 60, 61]]

Vehicle: 13  Cost: 59.67
Route: 1 8 -8 -1 
 1 [ 26   0:  0 [42, 31, 27, 25, 20, 16, 30, 22, 12]]
 8 [  0  30: 30 []]
-8 [ 18  30:365 [71, 51, 67, 59, 55, 52]]
-1 [ 18 395:395 [71, 51, 67, 59, 55, 52]]

Vehicle: 14  Cost: 159.33
Route: 1 4 6 -6 -4 -1 
 1 [ 35   0:  0 [33, 13, 35, 36, 26, 14, 41, 19, 18, 15, 23, 37, 39, 44]]
 4 [ 27  39: 54 [33, 13, 35, 26, 14, 41, 19, 18, 15, 37, 39, 44]]
 6 [  0  95: 95 []]
-6 [  8  95:379 [70, 49, 62, 54, 64]]
-4 [ 11 419:434 [63, 70, 49, 62, 54, 64]]
-1 [ 11 473:473 [70, 49, 62, 54, 63, 64]]

Vehicle: 401  Cost: 19.91
Route: 4 23 63 36 -4 
  4 [ 8  39: 54]
 23 [ 4  60: 65]
 63 [ 7 300:305]
 36 [ 3 305:310]
 -4 [ 3 318:318]

Vehicle: 601  Cost: 150.11
Route: 6 33 70 18 39 13 54 -6 
  6 [10  95:110]
 33 [ 7 129:134]
 70 [ 9 180:185]
 18 [ 6 235:240]
 39 [ 4 300:305]
 13 [ 2 309:314]
 54 [ 3 322:327]
 -6 [ 3 348:348]

Vehicle: 602  Cost: 73.27
Route: 6 41 15 49 44 26 35 62 -6 
  6 [ 8  95:110]
 41 [ 7 114:119]
 15 [ 6 132:137]
 49 [ 8 137:142]
 44 [ 6 300:305]
 26 [ 5 317:322]
 35 [ 2 330:335]
 62 [ 3 335:340]
 -6 [ 3 364:364]

Vehicle: 603  Cost: 79.25
Route: 6 14 37 64 19 -6 
  6 [ 9  95:110]
 14 [ 5 134:139]
 37 [ 2 158:163]
 64 [ 4 163:168]
 19 [ 2 300:305]
 -6 [ 2 338:338]

Vehicle: 702  Cost: 77.83
Route: 7 43 21 61 34 45 -7 
  7 [10  23: 38]
 43 [ 9  55: 60]
 21 [ 6  78: 83]
 61 [ 7 300:305]
 34 [ 5 312:317]
 45 [ 1 333:338]
 -7 [ 1 348:348]

Vehicle: 703  Cost: 109.77
Route: 7 17 60 68 50 47 57 -7 
  7 [ 3  23: 38]
 17 [ 1  65: 70]
 60 [ 2  80: 85]
 68 [ 6  95:100]
 50 [ 9 120:125]
 47 [ 8 300:305]
 57 [ 9 342:347]
 -7 [ 9 349:349]

Vehicle: 704  Cost: 156.61
Route: 7 46 28 65 38 58 32 56 29 66 -7 
  7 [10  23:273]
 46 [ 7 300:305]
 28 [ 6 319:324]
 65 [ 7 340:345]
 38 [ 5 345:350]
 58 [ 9 420:425]
 32 [ 6 425:430]
 56 [ 7 451:456]
 29 [ 6 465:470]
 66 [10 488:493]
 -7 [10 523:523]

Vehicle: 705  Cost: 106.95
Route: 7 40 69 24 10 53 11 48 -7 
  7 [10  23: 38]
 40 [ 6  73: 78]
 69 [ 9  78: 83]
 24 [ 8 420:425]
 10 [ 5 434:439]
 53 [ 9 447:452]
 11 [ 7 467:472]
 48 [10 472:477]
 -7 [10 507:507]

Vehicle: 801  Cost: 68.92
Route: 8 55 30 27 67 42 -8 
  8 [ 8  30: 45]
 55 [ 9  70: 75]
 30 [ 8  75: 80]
 27 [ 5 300:305]
 67 [ 9 309:314]
 42 [ 5 331:336]
 -8 [ 5 350:350]

Vehicle: 802  Cost: 63.37
Route: 8 22 52 16 25 -8 
  8 [ 9  30:167]
 22 [ 5 180:185]
 52 [ 8 185:190]
 16 [ 7 300:305]
 25 [ 3 311:316]
 -8 [ 3 344:344]

Vehicle: 803  Cost: 117.49
Route: 8 12 31 71 59 20 51 -8 
  8 [ 9  30: 45]
 12 [ 8  68: 73]
 31 [ 4 180:185]
 71 [ 8 192:197]
 59 [10 209:214]
 20 [ 6 240:245]
 51 [10 245:250]
 -8 [10 294:294]

Total Cost: 1288.12
 12:45.65, 33:75 [1, 7, -7, -1]
 13:59.67, 26:75 [1, 8, -8, -1]
 14:159.33, 35:75 [1, 4, 6, -6, -4, -1]
401:19.91, 8:10 [4, 23, 63, 36, -4]
601:150.11, 10:10 [6, 33, 70, 18, 39, 13, 54, -6]
602:73.27, 8:10 [6, 41, 15, 49, 44, 26, 35, 62, -6]
603:79.25, 9:10 [6, 14, 37, 64, 19, -6]
702:77.83, 10:10 [7, 43, 21, 61, 34, 45, -7]
703:109.77, 9:10 [7, 17, 60, 68, 50, 47, 57, -7]
704:156.61, 10:10 [7, 46, 28, 65, 38, 58, 32, 56, 29, 66, -7]
705:106.95, 10:10 [7, 40, 69, 24, 10, 53, 11, 48, -7]
801:68.92, 9:10 [8, 55, 30, 27, 67, 42, -8]
802:63.37, 9:10 [8, 22, 52, 16, 25, -8]
803:117.49, 10:10 [8, 12, 31, 71, 59, 20, 51, -8]
fe: 3, se: 11

!ALNS------------
100000,1288.1215770965646,363.629,85.775,3,11,0.4177777777777778,0.9272727272727272,20.666666666666668,5.636363636363637
5 15 4 4 1 4 6 0 
8.881665802279459 14.240939439883462 8.14250050122755 11.026410989702299 6.940001157288862 10.970504901014653 12.530138063670098 22.898001528828814 
2 3 5 6 5 7 4 7 
12.141321323217417 11.545437317515846 11.380664946322014 10.808792498655302 12.127096493715685 10.689421577366646 13.021893509724185 10.41228014942759 

x[1330] = 1.0
Vehicle: 12  Cost: 45.65
Route: 1 7 -7 -1 
 1 [ 33   0:  0 [17, 28, 38, 21, 45, 32, 10, 43, 18, 40, 46, 47, 11, 24]]
 7 [  0  23: 23 []]
-7 [ 30  23:559 [68, 66, 50, 56, 69, 60, 57, 53, 48, 61, 58, 65]]
-1 [ 30 581:581 [68, 66, 50, 56, 69, 60, 57, 53, 48, 61, 58, 65]]

x[1509] = 1.0
Vehicle: 13  Cost: 59.67
Route: 1 8 -8 -1 
 1 [ 26   0:  0 [31, 27, 25, 22, 12, 42, 16, 30, 20]]
 8 [  0  30: 30 []]
-8 [ 18  30:381 [51, 67, 59, 52, 55, 71]]
-1 [ 18 411:411 [51, 67, 59, 52, 55, 71]]

x[2083] = 1.0
Vehicle: 14  Cost: 159.33
Route: 1 4 6 -6 -4 -1 
 1 [ 35   0:  0 [37, 34, 23, 29, 36, 39, 14, 41, 33, 26, 19, 15, 44, 35, 13]]
 4 [ 25  39: 54 [37, 29, 39, 14, 41, 33, 26, 19, 15, 44, 35, 13]]
 6 [  0  95: 95 []]
-6 [  8  95:384 [64, 70, 54, 49, 62]]
-4 [ 11 425:440 [63, 64, 70, 54, 49, 62]]
-1 [ 11 479:479 [63, 64, 70, 54, 49, 62]]

y[452] = 1.0
Vehicle: 703  Cost: 76.25
Route: 7 40 69 65 38 45 -7 
  7 [10  23: 38]
 40 [ 6  73: 78]
 69 [ 9  78: 83]
 65 [10 300:305]
 38 [ 8 305:310]
 45 [ 4 337:342]
 -7 [ 4 352:352]

y[644] = 1.0
Vehicle: 802  Cost: 68.92
Route: 8 55 30 27 67 42 -8 
  8 [ 8 252:267]
 55 [ 9 293:298]
 30 [ 8 298:303]
 27 [ 5 311:316]
 67 [ 9 320:325]
 42 [ 5 342:347]
 -8 [ 5 361:361]

y[1164] = 1.0
Vehicle: 801  Cost: 63.37
Route: 8 22 52 16 25 -8 
  8 [ 9 240:255]
 22 [ 5 268:273]
 52 [ 8 273:278]
 16 [ 7 300:305]
 25 [ 3 311:316]
 -8 [ 3 344:344]

y[2554] = 1.0
Vehicle: 401  Cost: 33.84
Route: 4 23 34 63 36 -4 
  4 [10 257:272]
 23 [ 6 278:283]
 34 [ 4 300:305]
 63 [ 7 317:322]
 36 [ 3 322:327]
 -4 [ 3 335:335]

y[2665] = 1.0
Vehicle: 603  Cost: 79.25
Route: 6 14 37 64 19 -6 
  6 [ 9 110:125]
 14 [ 5 149:154]
 37 [ 2 173:178]
 64 [ 4 178:183]
 19 [ 2 300:305]
 -6 [ 2 338:338]

y[2728] = 1.0
Vehicle: 602  Cost: 73.27
Route: 6 41 15 49 44 26 35 62 -6 
  6 [ 8 123:138]
 41 [ 7 142:147]
 15 [ 6 160:165]
 49 [ 8 165:170]
 44 [ 6 300:305]
 26 [ 5 317:322]
 35 [ 2 330:335]
 62 [ 3 335:340]
 -6 [ 3 364:364]

y[3037] = 1.0
Vehicle: 704  Cost: 190.91
Route: 7 17 18 32 58 56 66 61 -7 
  7 [ 8  23: 38]
 17 [ 6  65: 70]
 18 [ 3 129:134]
 32 [ 0 420:425]
 58 [ 4 425:430]
 56 [ 5 451:456]
 66 [ 9 474:479]
 61 [10 494:499]
 -7 [10 516:516]

y[3271] = 1.0
Vehicle: 601  Cost: 72.17
Route: 6 33 70 39 13 29 54 -6 
  6 [ 8 123:138]
 33 [ 5 157:162]
 70 [ 7 180:185]
 39 [ 5 300:305]
 13 [ 3 309:314]
 29 [ 2 322:327]
 54 [ 3 327:332]
 -6 [ 3 353:353]

y[3562] = 1.0
Vehicle: 701  Cost: 108.11
Route: 7 46 28 53 10 24 48 11 -7 
  7 [10  23:273]
 46 [ 7 300:305]
 28 [ 6 319:324]
 53 [10 333:338]
 10 [ 7 345:350]
 24 [ 6 420:425]
 48 [ 9 436:441]
 11 [ 7 441:446]
 -7 [ 7 476:476]

y[4459] = 1.0
Vehicle: 703  Cost: 135.37
Route: 7 43 21 60 68 50 47 57 -7 
  7 [ 5  23: 38]
 43 [ 4  55: 60]
 21 [ 1  78: 83]
 60 [ 2 111:116]
 68 [ 6 125:130]
 50 [ 9 151:156]
 47 [ 8 300:305]
 57 [ 9 342:347]
 -7 [ 9 349:349]

y[4517] = 1.0
Vehicle: 803  Cost: 117.49
Route: 8 12 31 71 59 20 51 -8 
  8 [ 9 164:179]
 12 [ 8 201:206]
 31 [ 4 212:217]
 71 [ 8 224:229]
 59 [10 242:247]
 20 [ 6 273:278]
 51 [10 278:283]
 -8 [10 326:326]

FE: 3
SE: 11
!MIP-----
1283.59489596909,146.69388794898987,0.0,3,11,2457,4937

