StringID   Type       x          y          demand     DeliveryDemand  PickupDemand  DivisionRate ReadyTime  DueDate    ServiceTime
D0         d          50.0       150.0      0.0        0.0        0.0        0.0        0.0        9999.0     0.0       
S0         s          25.0       25.0       0.0        0.0        0.0        0.0        0.0        9999.0     0.0       
S1         s          50.0       25.0       0.0        0.0        0.0        0.0        0.0        9999.0     0.0       
S2         s          75.0       25.0       0.0        0.0        0.0        0.0        0.0        9999.0     0.0       
S3         s          25.0       50.0       0.0        0.0        0.0        0.0        0.0        9999.0     0.0       
S4         s          75.0       50.0       0.0        0.0        0.0        0.0        0.0        9999.0     0.0       
S5         s          25.0       75.0       0.0        0.0        0.0        0.0        0.0        9999.0     0.0       
S6         s          50.0       75.0       0.0        0.0        0.0        0.0        0.0        9999.0     0.0       
S7         s          75.0       75.0       0.0        0.0        0.0        0.0        0.0        9999.0     0.0       
F_sS0      f          25.0       25.0       0.0        0.0        0.0        0.0        0.0        9999.0     0.0       
F_sS1      f          50.0       25.0       0.0        0.0        0.0        0.0        0.0        9999.0     0.0       
F_sS2      f          75.0       25.0       0.0        0.0        0.0        0.0        0.0        9999.0     0.0       
F_sS3      f          25.0       50.0       0.0        0.0        0.0        0.0        0.0        9999.0     0.0       
F_sS4      f          75.0       50.0       0.0        0.0        0.0        0.0        0.0        9999.0     0.0       
F_sS5      f          25.0       75.0       0.0        0.0        0.0        0.0        0.0        9999.0     0.0       
F_sS6      f          50.0       75.0       0.0        0.0        0.0        0.0        0.0        9999.0     0.0       
F_sS7      f          75.0       75.0       0.0        0.0        0.0        0.0        0.0        9999.0     0.0       
F0         f          48.0       42.0       0.0        0.0        0.0        0.0        0.0        9999.0     0.0       
F1         f          75.0       57.0       0.0        0.0        0.0        0.0        0.0        9999.0     0.0       
F2         f          11.0       23.0       0.0        0.0        0.0        0.0        0.0        9999.0     0.0       
F3         f          49.0       20.0       0.0        0.0        0.0        0.0        0.0        9999.0     0.0       
F4         f          52.0       58.0       0.0        0.0        0.0        0.0        0.0        9999.0     0.0       
F5         f          36.0       39.0       0.0        0.0        0.0        0.0        0.0        9999.0     0.0       
F6         f          49.0       22.0       0.0        0.0        0.0        0.0        0.0        9999.0     0.0       
F7         f          62.0       15.0       0.0        0.0        0.0        0.0        0.0        9999.0     0.0       
F8         f          44.0       37.0       0.0        0.0        0.0        0.0        0.0        9999.0     0.0       
F9         f          90.0       85.0       0.0        0.0        0.0        0.0        0.0        9999.0     0.0       
F10        f          89.0       11.0       0.0        0.0        0.0        0.0        0.0        9999.0     0.0       
F11        f          68.0       11.0       0.0        0.0        0.0        0.0        0.0        9999.0     0.0       
F12        f          19.0       29.0       0.0        0.0        0.0        0.0        0.0        9999.0     0.0       
F13        f          55.0       60.0       0.0        0.0        0.0        0.0        0.0        9999.0     0.0       
F14        f          41.0       62.0       0.0        0.0        0.0        0.0        0.0        9999.0     0.0       
F15        f          37.0       48.0       0.0        0.0        0.0        0.0        0.0        9999.0     0.0       
F16        f          90.0       45.0       0.0        0.0        0.0        0.0        0.0        9999.0     0.0       
F17        f          29.0       34.0       0.0        0.0        0.0        0.0        0.0        9999.0     0.0       
F18        f          60.0       42.0       0.0        0.0        0.0        0.0        0.0        9999.0     0.0       
F19        f          40.0       41.0       0.0        0.0        0.0        0.0        0.0        9999.0     0.0       
F20        f          43.0       76.0       0.0        0.0        0.0        0.0        0.0        9999.0     0.0       
C0         c          31.0       29.0       16.0       15.0       1.0        20.0       594.0      1190.0     90.0      
C1         c          12.0       38.0       21.0       7.0        14.0       25.0       223.0      411.0      90.0      
C2         c          8.0        41.0       10.0       2.0        8.0        25.0       561.0      600.0      90.0      
C3         c          95.0       31.0       22.0       7.0        15.0       40.0       935.0      1212.0     90.0      
C4         c          72.0       55.0       13.0       10.0       3.0        20.0       355.0      652.0      90.0      
C5         c          41.0       69.0       10.0       6.0        4.0        35.0       240.0      967.0      90.0      
C6         c          41.0       2.0        24.0       1.0        23.0       35.0       242.0      365.0      90.0      
C7         c          33.0       32.0       36.0       35.0       1.0        20.0       338.0      439.0      90.0      
C8         c          90.0       39.0       18.0       8.0        10.0       20.0       394.0      771.0      90.0      
C9         c          38.0       66.0       15.0       9.0        6.0        45.0       536.0      596.0      90.0      
C10        c          57.0       85.0       14.0       9.0        5.0        20.0       561.0      574.0      90.0      
C11        c          29.0       31.0       10.0       9.0        1.0        30.0       462.0      937.0      90.0      
C12        c          38.0       71.0       15.0       8.0        7.0        35.0       665.0      711.0      90.0      
C13        c          27.0       53.0       10.0       5.0        5.0        25.0       238.0      549.0      90.0      
C14        c          44.0       66.0       32.0       21.0       11.0       25.0       287.0      789.0      90.0      
C15        c          28.0       53.0       10.0       5.0        5.0        30.0       880.0      1097.0     90.0      
C16        c          16.0       83.0       16.0       3.0        13.0       45.0       817.0      1064.0     90.0      
C17        c          20.0       78.0       10.0       3.0        7.0        40.0       702.0      805.0      90.0      
C18        c          22.0       50.0       10.0       4.0        6.0        30.0       221.0      953.0      90.0      
C19        c          3.0        41.0       10.0       1.0        9.0        30.0       423.0      726.0      90.0      
C20        c          36.0       6.0        13.0       2.0        11.0       30.0       395.0      1107.0     90.0      
C21        c          6.0        40.0       11.0       2.0        9.0        40.0       406.0      847.0      90.0      
C22        c          28.0       51.0       10.0       5.0        5.0        30.0       378.0      399.0      90.0      
C23        c          3.0        44.0       25.0       2.0        23.0       30.0       537.0      571.0      90.0      
C24        c          29.0       51.0       24.0       14.0       10.0       30.0       573.0      946.0      90.0      
C25        c          16.0       81.0       40.0       8.0        32.0       40.0       149.0      294.0      90.0      
C26        c          35.0       36.0       11.0       11.0       0.0        30.0       309.0      610.0      90.0      
C27        c          61.0       85.0       21.0       15.0       6.0        20.0       169.0      1224.0     90.0      
C28        c          52.0       28.0       23.0       12.0       11.0       30.0       957.0      974.0      90.0      
C29        c          9.0        45.0       13.0       3.0        10.0       20.0       805.0      1164.0     90.0      
C30        c          22.0       54.0       24.0       10.0       14.0       30.0       697.0      983.0      90.0      
C31        c          46.0       29.0       24.0       15.0       9.0        35.0       499.0      804.0      90.0      
C32        c          7.0        38.0       14.0       3.0        11.0       40.0       724.0      731.0      90.0      
C33        c          33.0       34.0       10.0       10.0       0.0        30.0       408.0      755.0      90.0      
C34        c          93.0       25.0       12.0       3.0        9.0        30.0       249.0      979.0      90.0      
C35        c          28.0       33.0       20.0       17.0       3.0        45.0       160.0      383.0      90.0      
C36        c          21.0       79.0       27.0       7.0        20.0       20.0       891.0      920.0      90.0      
C37        c          25.0       32.0       11.0       9.0        2.0        45.0       343.0      810.0      90.0      
C38        c          50.0       33.0       25.0       16.0       9.0        35.0       377.0      585.0      90.0      
C39        c          58.0       84.0       19.0       13.0       6.0        30.0       256.0      534.0      90.0      
C40        c          51.0       35.0       28.0       19.0       9.0        40.0       865.0      1097.0     90.0      
C41        c          16.0       83.0       19.0       4.0        15.0       50.0       890.0      1228.0     90.0      
C42        c          8.0        41.0       32.0       6.0        26.0       40.0       298.0      1161.0     90.0      
C43        c          10.0       45.0       16.0       4.0        12.0       45.0       181.0      1016.0     90.0      
C44        c          42.0       14.0       33.0       11.0       22.0       20.0       417.0      1205.0     90.0      
C45        c          60.0       79.0       30.0       23.0       7.0        40.0       425.0      1009.0     90.0      
C46        c          59.0       82.0       10.0       7.0        3.0        35.0       169.0      1027.0     90.0      
C47        c          19.0       55.0       12.0       4.0        8.0        35.0       489.0      862.0      90.0      
C48        c          43.0       67.0       13.0       8.0        5.0        40.0       555.0      1124.0     90.0      
C49        c          1.0        44.0       25.0       1.0        24.0       30.0       333.0      695.0      90.0      
C50        c          35.0       32.0       23.0       21.0       2.0        25.0       531.0      1051.0     90.0      
C51        c          21.0       80.0       23.0       6.0        17.0       40.0       185.0      606.0      90.0      
C52        c          22.0       86.0       10.0       3.0        7.0        30.0       336.0      553.0      90.0      
C53        c          39.0       69.0       24.0       14.0       10.0       50.0       233.0      832.0      90.0      
C54        c          49.0       33.0       21.0       14.0       7.0        50.0       459.0      642.0      90.0      
C55        c          41.0       68.0       26.0       16.0       10.0       30.0       315.0      787.0      90.0      
C56        c          38.0       72.0       24.0       13.0       11.0       45.0       535.0      1172.0     90.0      
C57        c          18.0       77.0       10.0       2.0        8.0        20.0       188.0      1150.0     90.0      
C58        c          61.0       82.0       10.0       7.0        3.0        45.0       177.0      314.0      90.0      
C59        c          38.0       13.0       25.0       9.0        16.0       50.0       693.0      733.0      90.0      
C60        c          63.0       79.0       16.0       13.0       3.0        25.0       430.0      944.0      90.0      
C61        c          26.0       51.0       39.0       20.0       19.0       30.0       363.0      523.0      90.0      
C62        c          39.0       66.0       28.0       17.0       11.0       35.0       118.0      658.0      90.0      
C63        c          48.0       34.0       10.0       7.0        3.0        20.0       265.0      435.0      90.0      
C64        c          0.0        44.0       32.0       0.0        32.0       45.0       442.0      786.0      90.0      
C65        c          44.0       67.0       10.0       7.0        3.0        20.0       244.0      452.0      90.0      
C66        c          0.0        41.0       10.0       0.0        10.0       40.0       166.0      730.0      90.0      
C67        c          69.0       84.0       24.0       20.0       4.0        30.0       266.0      320.0      90.0      
C68        c          29.0       34.0       10.0       9.0        1.0        40.0       463.0      1154.0     90.0      
C69        c          71.0       58.0       10.0       8.0        2.0        25.0       321.0      513.0      90.0      
C70        c          7.0        39.0       27.0       5.0        22.0       20.0       462.0      904.0      90.0      
C71        c          35.0       33.0       27.0       25.0       2.0        30.0       738.0      908.0      90.0      
C72        c          24.0       33.0       22.0       16.0       6.0        35.0       396.0      873.0      90.0      
C73        c          38.0       67.0       10.0       6.0        4.0        25.0       326.0      1006.0     90.0      
C74        c          23.0       50.0       11.0       5.0        6.0        50.0       577.0      1166.0     90.0      
C75        c          26.0       30.0       30.0       26.0       4.0        40.0       883.0      947.0      90.0      
C76        c          7.0        43.0       33.0       5.0        28.0       30.0       223.0      650.0      90.0      
C77        c          29.0       51.0       29.0       16.0       13.0       50.0       890.0      1166.0     90.0      
C78        c          65.0       88.0       10.0       7.0        3.0        30.0       285.0      639.0      90.0      
C79        c          70.0       53.0       13.0       10.0       3.0        25.0       784.0      800.0      90.0      
C80        c          25.0       88.0       38.0       11.0       27.0       20.0       750.0      775.0      90.0      
C81        c          66.0       57.0       20.0       17.0       3.0        35.0       472.0      1160.0     90.0      
C82        c          26.0       36.0       10.0       7.0        3.0        50.0       510.0      1083.0     90.0      
C83        c          23.0       82.0       10.0       3.0        7.0        25.0       268.0      843.0      90.0      
C84        c          38.0       10.0       29.0       8.0        21.0       30.0       728.0      995.0      90.0      
C85        c          65.0       61.0       27.0       25.0       2.0        20.0       676.0      706.0      90.0      
C86        c          22.0       53.0       16.0       7.0        9.0        40.0       689.0      1113.0     90.0      
C87        c          28.0       29.0       12.0       12.0       0.0        45.0       198.0      845.0      90.0      
C88        c          65.0       56.0       18.0       16.0       2.0        30.0       712.0      732.0      90.0      
C89        c          44.0       68.0       35.0       23.0       12.0       30.0       273.0      310.0      90.0      
C90        c          16.0       82.0       14.0       3.0        11.0       40.0       344.0      990.0      90.0      
C91        c          67.0       57.0       41.0       35.0       6.0        20.0       286.0      1194.0     90.0      
C92        c          9.0        42.0       18.0       4.0        14.0       30.0       272.0      523.0      90.0      
C93        c          30.0       34.0       14.0       12.0       2.0        20.0       312.0      586.0      90.0      
C94        c          66.0       60.0       32.0       29.0       3.0        35.0       578.0      600.0      90.0      
C95        c          49.0       34.0       10.0       7.0        3.0        30.0       518.0      1212.0     90.0      
C96        c          49.0       34.0       23.0       16.0       7.0        35.0       139.0      556.0      90.0      
C97        c          95.0       29.0       14.0       4.0        10.0       25.0       446.0      539.0      90.0      
C98        c          36.0       33.0       33.0       30.0       3.0        45.0       531.0      1022.0     90.0      
C99        c          45.0       68.0       24.0       16.0       8.0        40.0       192.0      1026.0     90.0      

L Large vehicle loading capacity /800.0/
C Electric vehicle loading capacity /100.0/
Q Electric vehicle battery capacity /79.7/
r Fuel consumption rate /1.0/
g Inverse refueling rate /3.4/
v Average velocity /1.0/
