StringID   Type       x          y          demand     DeliveryDemand  PickupDemand  DivisionRate ReadyTime  DueDate    ServiceTime
D0         d          50.0       150.0      0.0        0.0        0.0        0.0        0.0        9999.0     0.0       
S0         s          25.0       25.0       0.0        0.0        0.0        0.0        0.0        9999.0     0.0       
S1         s          50.0       25.0       0.0        0.0        0.0        0.0        0.0        9999.0     0.0       
S2         s          75.0       25.0       0.0        0.0        0.0        0.0        0.0        9999.0     0.0       
S3         s          25.0       50.0       0.0        0.0        0.0        0.0        0.0        9999.0     0.0       
S4         s          75.0       50.0       0.0        0.0        0.0        0.0        0.0        9999.0     0.0       
S5         s          25.0       75.0       0.0        0.0        0.0        0.0        0.0        9999.0     0.0       
S6         s          50.0       75.0       0.0        0.0        0.0        0.0        0.0        9999.0     0.0       
S7         s          75.0       75.0       0.0        0.0        0.0        0.0        0.0        9999.0     0.0       
F_sS0      f          25.0       25.0       0.0        0.0        0.0        0.0        0.0        9999.0     0.0       
F_sS1      f          50.0       25.0       0.0        0.0        0.0        0.0        0.0        9999.0     0.0       
F_sS2      f          75.0       25.0       0.0        0.0        0.0        0.0        0.0        9999.0     0.0       
F_sS3      f          25.0       50.0       0.0        0.0        0.0        0.0        0.0        9999.0     0.0       
F_sS4      f          75.0       50.0       0.0        0.0        0.0        0.0        0.0        9999.0     0.0       
F_sS5      f          25.0       75.0       0.0        0.0        0.0        0.0        0.0        9999.0     0.0       
F_sS6      f          50.0       75.0       0.0        0.0        0.0        0.0        0.0        9999.0     0.0       
F_sS7      f          75.0       75.0       0.0        0.0        0.0        0.0        0.0        9999.0     0.0       
F0         f          19.0       30.0       0.0        0.0        0.0        0.0        0.0        9999.0     0.0       
F1         f          76.0       89.0       0.0        0.0        0.0        0.0        0.0        9999.0     0.0       
F2         f          2.0        61.0       0.0        0.0        0.0        0.0        0.0        9999.0     0.0       
F3         f          38.0       69.0       0.0        0.0        0.0        0.0        0.0        9999.0     0.0       
F4         f          7.0        48.0       0.0        0.0        0.0        0.0        0.0        9999.0     0.0       
F5         f          44.0       46.0       0.0        0.0        0.0        0.0        0.0        9999.0     0.0       
F6         f          79.0       85.0       0.0        0.0        0.0        0.0        0.0        9999.0     0.0       
F7         f          56.0       35.0       0.0        0.0        0.0        0.0        0.0        9999.0     0.0       
F8         f          16.0       54.0       0.0        0.0        0.0        0.0        0.0        9999.0     0.0       
F9         f          43.0       46.0       0.0        0.0        0.0        0.0        0.0        9999.0     0.0       
F10        f          24.0       60.0       0.0        0.0        0.0        0.0        0.0        9999.0     0.0       
F11        f          31.0       23.0       0.0        0.0        0.0        0.0        0.0        9999.0     0.0       
F12        f          90.0       96.0       0.0        0.0        0.0        0.0        0.0        9999.0     0.0       
F13        f          90.0       12.0       0.0        0.0        0.0        0.0        0.0        9999.0     0.0       
F14        f          23.0       64.0       0.0        0.0        0.0        0.0        0.0        9999.0     0.0       
F15        f          40.0       96.0       0.0        0.0        0.0        0.0        0.0        9999.0     0.0       
F16        f          79.0       50.0       0.0        0.0        0.0        0.0        0.0        9999.0     0.0       
F17        f          62.0       74.0       0.0        0.0        0.0        0.0        0.0        9999.0     0.0       
F18        f          38.0       72.0       0.0        0.0        0.0        0.0        0.0        9999.0     0.0       
F19        f          45.0       73.0       0.0        0.0        0.0        0.0        0.0        9999.0     0.0       
F20        f          0.0        43.0       0.0        0.0        0.0        0.0        0.0        9999.0     0.0       
C0         c          26.0       54.0       19.0       9.0        10.0       20.0       235.0      597.0      90.0      
C1         c          27.0       35.0       27.0       21.0       6.0        50.0       948.0      1042.0     90.0      
C2         c          31.0       32.0       19.0       18.0       1.0        40.0       233.0      466.0      90.0      
C3         c          30.0       32.0       27.0       25.0       2.0        25.0       342.0      344.0      90.0      
C4         c          1.0        42.0       10.0       0.0        10.0       35.0       344.0      913.0      90.0      
C5         c          24.0       31.0       34.0       26.0       8.0        45.0       257.0      879.0      90.0      
C6         c          22.0       51.0       11.0       5.0        6.0        45.0       650.0      1052.0     90.0      
C7         c          1.0        32.0       10.0       0.0        10.0       50.0       297.0      872.0      90.0      
C8         c          32.0       50.0       38.0       24.0       14.0       20.0       337.0      429.0      90.0      
C9         c          36.0       5.0        10.0       1.0        9.0        50.0       302.0      804.0      90.0      
C10        c          39.0       66.0       21.0       12.0       9.0        45.0       407.0      502.0      90.0      
C11        c          24.0       84.0       16.0       5.0        11.0       50.0       478.0      1151.0     90.0      
C12        c          28.0       54.0       20.0       10.0       10.0       45.0       432.0      981.0      90.0      
C13        c          19.0       77.0       36.0       9.0        27.0       45.0       486.0      715.0      90.0      
C14        c          29.0       34.0       13.0       11.0       2.0        35.0       123.0      512.0      90.0      
C15        c          21.0       56.0       10.0       4.0        6.0        40.0       204.0      528.0      90.0      
C16        c          33.0       69.0       34.0       16.0       18.0       35.0       844.0      896.0      90.0      
C17        c          50.0       39.0       21.0       16.0       5.0        30.0       544.0      1026.0     90.0      
C18        c          29.0       35.0       18.0       15.0       3.0        35.0       459.0      887.0      90.0      
C19        c          32.0       33.0       13.0       13.0       0.0        35.0       589.0      859.0      90.0      
C20        c          95.0       28.0       10.0       3.0        7.0        50.0       263.0      427.0      90.0      
C21        c          30.0       32.0       22.0       21.0       1.0        40.0       682.0      753.0      90.0      
C22        c          63.0       82.0       38.0       29.0       9.0        25.0       833.0      1148.0     90.0      
C23        c          23.0       51.0       37.0       17.0       20.0       35.0       725.0      1128.0     90.0      
C24        c          68.0       53.0       16.0       12.0       4.0        20.0       125.0      237.0      90.0      
C25        c          75.0       56.0       20.0       15.0       5.0        45.0       1019.0     1177.0     90.0      
C26        c          51.0       34.0       22.0       15.0       7.0        45.0       592.0      1036.0     90.0      
C27        c          49.0       38.0       29.0       22.0       7.0        40.0       531.0      805.0      90.0      
C28        c          73.0       59.0       22.0       18.0       4.0        20.0       698.0      1092.0     90.0      
C29        c          47.0       35.0       17.0       13.0       4.0        30.0       386.0      975.0      90.0      
C30        c          19.0       81.0       25.0       6.0        19.0       25.0       425.0      520.0      90.0      
C31        c          43.0       66.0       15.0       10.0       5.0        50.0       904.0      1200.0     90.0      
C32        c          39.0       7.0        11.0       2.0        9.0        35.0       374.0      585.0      90.0      
C33        c          87.0       27.0       13.0       4.0        9.0        35.0       259.0      436.0      90.0      
C34        c          69.0       56.0       19.0       15.0       4.0        35.0       1111.0     1122.0     90.0      
C35        c          66.0       60.0       26.0       24.0       2.0        45.0       250.0      264.0      90.0      
C36        c          21.0       84.0       29.0       7.0        22.0       30.0       884.0      945.0      90.0      
C37        c          43.0       65.0       22.0       15.0       7.0        45.0       175.0      313.0      90.0      
C38        c          66.0       58.0       10.0       9.0        1.0        30.0       180.0      877.0      90.0      
C39        c          43.0       36.0       25.0       21.0       4.0        35.0       864.0      1061.0     90.0      
C40        c          50.0       66.0       19.0       14.0       5.0        20.0       550.0      1124.0     90.0      
C41        c          72.0       54.0       23.0       17.0       6.0        25.0       702.0      790.0      90.0      
C42        c          47.0       33.0       17.0       12.0       5.0        40.0       293.0      1143.0     90.0      
C43        c          26.0       83.0       25.0       8.0        17.0       40.0       277.0      910.0      90.0      
C44        c          50.0       35.0       18.0       13.0       5.0        35.0       638.0      745.0      90.0      
C45        c          63.0       81.0       10.0       8.0        2.0        35.0       320.0      1113.0     90.0      
C46        c          58.0       85.0       19.0       13.0       6.0        40.0       169.0      444.0      90.0      
C47        c          68.0       58.0       15.0       13.0       2.0        45.0       537.0      933.0      90.0      
C48        c          70.0       61.0       10.0       9.0        1.0        40.0       792.0      914.0      90.0      
C49        c          87.0       25.0       10.0       3.0        7.0        45.0       866.0      962.0      90.0      
C50        c          41.0       69.0       25.0       15.0       10.0       30.0       416.0      1118.0     90.0      
C51        c          66.0       59.0       33.0       30.0       3.0        50.0       303.0      1223.0     90.0      
C52        c          29.0       34.0       10.0       9.0        1.0        25.0       343.0      695.0      90.0      
C53        c          29.0       50.0       22.0       13.0       9.0        45.0       150.0      943.0      90.0      
C54        c          65.0       57.0       10.0       9.0        1.0        25.0       122.0      1064.0     90.0      
C55        c          88.0       33.0       10.0       4.0        6.0        40.0       491.0      1070.0     90.0      
C56        c          48.0       36.0       18.0       14.0       4.0        35.0       206.0      284.0      90.0      
C57        c          35.0       35.0       10.0       10.0       0.0        35.0       153.0      1149.0     90.0      
C58        c          62.0       85.0       10.0       7.0        3.0        20.0       297.0      727.0      90.0      
C59        c          34.0       38.0       13.0       12.0       1.0        20.0       120.0      666.0      90.0      
C60        c          26.0       31.0       10.0       8.0        2.0        25.0       373.0      930.0      90.0      
C61        c          30.0       33.0       10.0       9.0        1.0        30.0       511.0      622.0      90.0      
C62        c          37.0       32.0       28.0       24.0       4.0        35.0       623.0      860.0      90.0      
C63        c          21.0       85.0       41.0       10.0       31.0       50.0       400.0      817.0      90.0      
C64        c          2.0        44.0       10.0       0.0        10.0       40.0       238.0      555.0      90.0      
C65        c          67.0       57.0       10.0       9.0        1.0        40.0       152.0      1057.0     90.0      
C66        c          59.0       86.0       10.0       7.0        3.0        20.0       986.0      1164.0     90.0      
C67        c          20.0       75.0       23.0       6.0        17.0       50.0       613.0      807.0      90.0      
C68        c          40.0       71.0       12.0       7.0        5.0        20.0       678.0      1104.0     90.0      
C69        c          26.0       55.0       10.0       5.0        5.0        25.0       301.0      710.0      90.0      
C70        c          97.0       34.0       16.0       6.0        10.0       45.0       511.0      736.0      90.0      
C71        c          90.0       26.0       10.0       3.0        7.0        35.0       278.0      293.0      90.0      
C72        c          5.0        41.0       10.0       1.0        9.0        25.0       310.0      415.0      90.0      
C73        c          33.0       29.0       33.0       29.0       4.0        40.0       223.0      309.0      90.0      
C74        c          30.0       31.0       26.0       25.0       1.0        30.0       759.0      936.0      90.0      
C75        c          39.0       7.0        13.0       2.0        11.0       40.0       250.0      800.0      90.0      
C76        c          41.0       65.0       10.0       6.0        4.0        35.0       153.0      243.0      90.0      
C77        c          71.0       53.0       22.0       16.0       6.0        40.0       596.0      927.0      90.0      
C78        c          49.0       36.0       35.0       26.0       9.0        50.0       239.0      382.0      90.0      
C79        c          29.0       33.0       15.0       13.0       2.0        20.0       588.0      742.0      90.0      
C80        c          42.0       69.0       11.0       7.0        4.0        45.0       417.0      1196.0     90.0      
C81        c          28.0       52.0       13.0       7.0        6.0        30.0       451.0      888.0      90.0      
C82        c          47.0       35.0       38.0       28.0       10.0       50.0       488.0      1060.0     90.0      
C83        c          28.0       29.0       30.0       29.0       1.0        40.0       995.0      1211.0     90.0      
C84        c          24.0       55.0       19.0       8.0        11.0       35.0       116.0      953.0      90.0      
C85        c          22.0       33.0       30.0       20.0       10.0       30.0       1095.0     1143.0     90.0      
C86        c          61.0       85.0       10.0       7.0        3.0        35.0       354.0      614.0      90.0      
C87        c          48.0       36.0       23.0       17.0       6.0        35.0       180.0      466.0      90.0      
C88        c          26.0       55.0       10.0       5.0        5.0        50.0       860.0      1042.0     90.0      
C89        c          31.0       33.0       26.0       24.0       2.0        40.0       842.0      1226.0     90.0      
C90        c          26.0       51.0       10.0       5.0        5.0        45.0       686.0      1105.0     90.0      
C91        c          60.0       83.0       44.0       32.0       12.0       20.0       851.0      1152.0     90.0      
C92        c          66.0       56.0       32.0       27.0       5.0        30.0       181.0      904.0      90.0      
C93        c          36.0       5.0        13.0       2.0        11.0       40.0       197.0      806.0      90.0      
C94        c          54.0       81.0       13.0       9.0        4.0        25.0       304.0      391.0      90.0      
C95        c          30.0       31.0       28.0       27.0       1.0        30.0       530.0      670.0      90.0      
C96        c          19.0       80.0       27.0       6.0        21.0       40.0       264.0      426.0      90.0      
C97        c          3.0        40.0       17.0       1.0        16.0       20.0       542.0      606.0      90.0      
C98        c          38.0       67.0       26.0       15.0       11.0       35.0       747.0      829.0      90.0      
C99        c          90.0       29.0       29.0       9.0        20.0       35.0       395.0      720.0      90.0      

L Large vehicle loading capacity /800.0/
C Electric vehicle loading capacity /100.0/
Q Electric vehicle battery capacity /79.7/
r Fuel consumption rate /1.0/
g Inverse refueling rate /3.4/
v Average velocity /1.0/
