StringID   Type       x          y          demand     DeliveryDemand  PickupDemand  DivisionRate ReadyTime  DueDate    ServiceTime
D0         d          50.0       150.0      0.0        0.0             0.0           0            0.0        9999.0     0.0         
S0         s          25.0       25.0       0.0        0.0             0.0           0            0.0        9999.0     0.0         
S1         s          50.0       25.0       0.0        0.0             0.0           0            0.0        9999.0     0.0         
S2         s          75.0       25.0       0.0        0.0             0.0           0            0.0        9999.0     0.0         
S3         s          25.0       50.0       0.0        0.0             0.0           0            0.0        9999.0     0.0         
S4         s          75.0       50.0       0.0        0.0             0.0           0            0.0        9999.0     0.0         
S5         s          25.0       75.0       0.0        0.0             0.0           0            0.0        9999.0     0.0         
S6         s          50.0       75.0       0.0        0.0             0.0           0            0.0        9999.0     0.0         
S7         s          75.0       75.0       0.0        0.0             0.0           0            0.0        9999.0     0.0         
F0         f          25.0       25.0       0.0        0.0             0.0           0            0.0        9999.0     0.0         
F1         f          50.0       25.0       0.0        0.0             0.0           0            0.0        9999.0     0.0         
F2         f          75.0       25.0       0.0        0.0             0.0           0            0.0        9999.0     0.0         
F3         f          25.0       50.0       0.0        0.0             0.0           0            0.0        9999.0     0.0         
F4         f          75.0       50.0       0.0        0.0             0.0           0            0.0        9999.0     0.0         
F5         f          25.0       75.0       0.0        0.0             0.0           0            0.0        9999.0     0.0         
F6         f          50.0       75.0       0.0        0.0             0.0           0            0.0        9999.0     0.0         
F7         f          75.0       75.0       0.0        0.0             0.0           0            0.0        9999.0     0.0         
F8         f          35.0       35.0       0.0        0.0             0.0           0            0.0        9999.0     0.0         
F9         f          61.0       37.0       0.0        0.0             0.0           0            0.0        9999.0     0.0         
F10        f          74.0       39.0       0.0        0.0             0.0           0            0.0        9999.0     0.0         
F11        f          47.0       57.0       0.0        0.0             0.0           0            0.0        9999.0     0.0         
F12        f          57.0       65.0       0.0        0.0             0.0           0            0.0        9999.0     0.0         
F13        f          29.0       59.0       0.0        0.0             0.0           0            0.0        9999.0     0.0         
F14        f          34.0       71.0       0.0        0.0             0.0           0            0.0        9999.0     0.0         
F15        f          22.0       58.0       0.0        0.0             0.0           0            0.0        9999.0     0.0         
F16        f          7.0        61.0       0.0        0.0             0.0           0            0.0        9999.0     0.0         
F17        f          18.0       41.0       0.0        0.0             0.0           0            0.0        9999.0     0.0         
F18        f          5.0        39.0       0.0        0.0             0.0           0            0.0        9999.0     0.0         
F19        f          14.0       20.0       0.0        0.0             0.0           0            0.0        9999.0     0.0         
F20        f          0.0        26.0       0.0        0.0             0.0           0            0.0        9999.0     0.0         
F21        f          24.0       25.0       0.0        0.0             0.0           0            0.0        9999.0     0.0         
F22        f          26.0       6.0        0.0        0.0             0.0           0            0.0        9999.0     0.0         
F23        f          34.0       20.0       0.0        0.0             0.0           0            0.0        9999.0     0.0         
F24        f          41.0       5.0        0.0        0.0             0.0           0            0.0        9999.0     0.0         
F25        f          50.0       9.0        0.0        0.0             0.0           0            0.0        9999.0     0.0         
F26        f          61.0       14.0       0.0        0.0             0.0           0            0.0        9999.0     0.0         
F27        f          62.0       21.0       0.0        0.0             0.0           0            0.0        9999.0     0.0         
F28        f          74.0       30.0       0.0        0.0             0.0           0            0.0        9999.0     0.0         
C0         c          41.0       49.0       10.0       8.0             2.0           25           134.0      180.0      10.0        
C1         c          35.0       17.0       7.0        3.0             4.0           50           156.0      280.0      10.0        
C2         c          55.0       45.0       13.0       11.0            2.0           35           139.0      313.0      10.0        
C3         c          55.0       20.0       19.0       7.0             12.0          30           209.0      247.0      10.0        
C4         c          15.0       30.0       26.0       13.0            13.0          30           174.0      315.0      10.0        
C5         c          25.0       30.0       3.0        3.0             0.0           20           151.0      281.0      10.0        
C6         c          20.0       50.0       5.0        2.0             3.0           30           190.0      228.0      10.0        
C7         c          10.0       43.0       9.0        2.0             7.0           20           143.0      239.0      10.0        
C8         c          55.0       60.0       16.0       15.0            1.0           30           184.0      303.0      10.0        
C9         c          30.0       60.0       16.0       8.0             8.0           40           236.0      310.0      10.0        
C10        c          20.0       65.0       12.0       4.0             8.0           30           194.0      284.0      10.0        
C11        c          50.0       35.0       19.0       13.0            6.0           40           276.0      320.0      10.0        
C12        c          30.0       25.0       23.0       19.0            4.0           45           233.0      324.0      10.0        
C13        c          15.0       10.0       20.0       13.0            7.0           50           149.0      253.0      10.0        
C14        c          30.0       5.0        8.0        1.0             7.0           40           204.0      266.0      10.0        
C15        c          10.0       20.0       19.0       10.0            9.0           40           146.0      258.0      10.0        
C16        c          5.0        30.0       2.0        0.0             2.0           30           159.0      229.0      10.0        
C17        c          20.0       40.0       12.0       6.0             6.0           20           209.0      287.0      10.0        
C18        c          15.0       60.0       17.0       4.0             13.0          40           200.0      303.0      10.0        
C19        c          45.0       65.0       9.0        6.0             3.0           20           148.0      201.0      10.0        
C20        c          45.0       20.0       11.0       5.0             6.0           20           135.0      258.0      10.0        
C21        c          45.0       10.0       18.0       4.0             14.0          25           143.0      235.0      10.0        
C22        c          55.0       5.0        29.0       3.0             26.0          40           164.0      299.0      10.0        
C23        c          65.0       35.0       3.0        2.0             1.0           30           227.0      306.0      10.0        
C24        c          65.0       20.0       6.0        2.0             4.0           50           164.0      246.0      10.0        
C25        c          45.0       30.0       17.0       11.0            6.0           20           235.0      324.0      10.0        
C26        c          35.0       40.0       16.0       14.0            2.0           20           168.0      331.0      10.0        
C27        c          41.0       37.0       16.0       14.0            2.0           25           217.0      329.0      10.0        
C28        c          64.0       42.0       9.0        6.0             3.0           50           198.0      278.0      10.0        
C29        c          40.0       60.0       21.0       14.0            7.0           50           234.0      310.0      10.0        
C30        c          31.0       52.0       27.0       16.0            11.0          30           134.0      318.0      10.0        
C31        c          35.0       69.0       23.0       12.0            11.0          35           212.0      302.0      10.0        
C32        c          53.0       52.0       11.0       11.0            0.0           45           141.0      281.0      10.0        
C33        c          65.0       55.0       14.0       12.0            2.0           45           197.0      299.0      10.0        
C34        c          63.0       65.0       8.0        8.0             0.0           20           171.0      294.0      10.0        
C35        c          2.0        60.0       5.0        0.0             5.0           50           197.0      294.0      10.0        
C36        c          20.0       20.0       8.0        8.0             0.0           50           150.0      314.0      10.0        
C37        c          5.0        5.0        16.0       16.0            0.0           25           172.0      293.0      10.0        
C38        c          60.0       12.0       31.0       6.0             25.0          40           166.0      302.0      10.0        
C39        c          40.0       25.0       9.0        6.0             3.0           20           128.0      189.0      10.0        
C40        c          42.0       7.0        5.0        1.0             4.0           25           204.0      307.0      10.0        
C41        c          24.0       12.0       5.0        3.0             2.0           25           247.0      289.0      10.0        
C42        c          23.0       3.0        7.0        1.0             6.0           30           159.0      301.0      10.0        
C43        c          11.0       14.0       18.0       14.0            4.0           20           194.0      304.0      10.0        
C44        c          6.0        38.0       16.0       3.0             13.0          20           146.0      306.0      10.0        
C45        c          2.0        48.0       1.0        0.0             1.0           35           190.0      300.0      10.0        
C46        c          8.0        56.0       27.0       4.0             23.0          45           180.0      301.0      10.0        
C47        c          13.0       52.0       36.0       9.0             27.0          20           194.0      308.0      10.0        
C48        c          6.0        68.0       30.0       3.0             27.0          20           174.0      268.0      10.0        
C49        c          47.0       47.0       13.0       13.0            0.0           50           211.0      267.0      10.0        
C50        c          49.0       58.0       10.0       8.0             2.0           20           205.0      309.0      10.0        
C51        c          27.0       43.0       9.0        6.0             3.0           30           163.0      301.0      10.0        
C52        c          37.0       31.0       14.0       12.0            2.0           35           231.0      331.0      10.0        
C53        c          57.0       29.0       18.0       9.0             9.0           40           163.0      255.0      10.0        
C54        c          63.0       23.0       2.0        1.0             1.0           50           147.0      301.0      10.0        
C55        c          53.0       12.0       6.0        1.0             5.0           40           146.0      277.0      10.0        
C56        c          32.0       12.0       7.0        3.0             4.0           45           226.0      312.0      10.0        
C57        c          36.0       26.0       18.0       13.0            5.0           45           190.0      276.0      10.0        
C58        c          21.0       24.0       28.0       25.0            3.0           50           176.0      268.0      10.0        
C59        c          17.0       34.0       3.0        2.0             1.0           20           135.0      241.0      10.0        
C60        c          12.0       24.0       13.0       7.0             6.0           25           142.0      310.0      10.0        
C61        c          24.0       58.0       19.0       8.0             11.0          20           142.0      237.0      10.0        
C62        c          27.0       69.0       10.0       4.0             6.0           45           163.0      301.0      10.0        
C63        c          15.0       77.0       9.0        2.0             7.0           40           211.0      280.0      10.0        
C64        c          62.0       77.0       20.0       16.0            4.0           40           184.0      252.0      10.0        
C65        c          49.0       73.0       25.0       17.0            8.0           50           169.0      295.0      10.0        
C66        c          67.0       5.0        25.0       2.0             23.0          50           176.0      278.0      10.0        
C67        c          56.0       39.0       36.0       25.0            11.0          45           138.0      263.0      10.0        
C68        c          37.0       47.0       6.0        5.0             1.0           30           224.0      320.0      10.0        
C69        c          37.0       56.0       5.0        3.0             2.0           20           139.0      201.0      10.0        
C70        c          57.0       68.0       15.0       13.0            2.0           40           248.0      296.0      10.0        
C71        c          47.0       16.0       25.0       9.0             16.0          25           170.0      294.0      10.0        
C72        c          44.0       17.0       9.0        3.0             6.0           30           235.0      279.0      10.0        
C73        c          46.0       13.0       8.0        2.0             6.0           45           141.0      200.0      10.0        
C74        c          49.0       11.0       18.0       4.0             14.0          35           148.0      212.0      10.0        
C75        c          49.0       42.0       13.0       11.0            2.0           50           219.0      320.0      10.0        
C76        c          53.0       43.0       14.0       11.0            3.0           40           204.0      316.0      10.0        
C77        c          61.0       52.0       3.0        3.0             0.0           30           148.0      304.0      10.0        
C78        c          57.0       48.0       23.0       19.0            4.0           50           164.0      258.0      10.0        
C79        c          56.0       37.0       6.0        4.0             2.0           45           158.0      300.0      10.0        
C80        c          55.0       54.0       26.0       26.0            0.0           45           144.0      221.0      10.0        
C81        c          15.0       47.0       16.0       5.0             11.0          40           240.0      312.0      10.0        
C82        c          14.0       37.0       11.0       4.0             7.0           45           209.0      314.0      10.0        
C83        c          11.0       31.0       7.0        2.0             5.0           45           163.0      271.0      10.0        
C84        c          16.0       22.0       41.0       30.0            11.0          30           140.0      312.0      10.0        
C85        c          4.0        18.0       35.0       8.0             27.0          30           263.0      289.0      10.0        
C86        c          28.0       18.0       26.0       17.0            9.0           40           287.0      287.0      10.0        
C87        c          26.0       52.0       9.0        5.0             4.0           50           194.0      316.0      10.0        
C88        c          26.0       35.0       15.0       11.0            4.0           25           125.0      249.0      10.0        
C89        c          31.0       67.0       3.0        1.0             2.0           50           203.0      273.0      10.0        
C90        c          15.0       19.0       1.0        1.0             0.0           50           142.0      276.0      10.0        
C91        c          22.0       22.0       2.0        2.0             0.0           30           157.0      317.0      10.0        
C92        c          18.0       24.0       22.0       17.0            5.0           40           215.0      253.0      10.0        
C93        c          26.0       27.0       27.0       26.0            1.0           35           246.0      323.0      10.0        
C94        c          25.0       24.0       20.0       19.0            1.0           50           176.0      321.0      10.0        
C95        c          22.0       27.0       11.0       9.0             2.0           50           133.0      165.0      10.0        
C96        c          25.0       21.0       12.0       10.0            2.0           50           249.0      277.0      10.0        
C97        c          19.0       21.0       10.0       9.0             1.0           35           182.0      268.0      10.0        
C98        c          20.0       26.0       9.0        7.0             2.0           45           232.0      286.0      10.0        
C99        c          18.0       18.0       17.0       17.0            0.0           25           209.0      209.0      10.0        

L Large vehicle loading capacity /800.0/
C Electric vehicle loading capacity /100.0/
Q Electric vehicle battery capacity /65.8/
r Fuel consumption rate /1.0/
g Inverse refueling rate /0.46/
v Average velocity /1.0/
