StringID   Type       x          y          demand     DeliveryDemand  PickupDemand  DivisionRate ReadyTime  DueDate    ServiceTime
D0         d          50.0       150.0      0.0        0.0        0.0        0.0        0.0        9999.0     0.0       
S0         s          25.0       25.0       0.0        0.0        0.0        0.0        0.0        9999.0     0.0       
S1         s          50.0       25.0       0.0        0.0        0.0        0.0        0.0        9999.0     0.0       
S2         s          75.0       25.0       0.0        0.0        0.0        0.0        0.0        9999.0     0.0       
S3         s          25.0       50.0       0.0        0.0        0.0        0.0        0.0        9999.0     0.0       
S4         s          75.0       50.0       0.0        0.0        0.0        0.0        0.0        9999.0     0.0       
S5         s          25.0       75.0       0.0        0.0        0.0        0.0        0.0        9999.0     0.0       
S6         s          50.0       75.0       0.0        0.0        0.0        0.0        0.0        9999.0     0.0       
S7         s          75.0       75.0       0.0        0.0        0.0        0.0        0.0        9999.0     0.0       
F_sS0      f          25.0       25.0       0.0        0.0        0.0        0.0        0.0        9999.0     0.0       
F_sS1      f          50.0       25.0       0.0        0.0        0.0        0.0        0.0        9999.0     0.0       
F_sS2      f          75.0       25.0       0.0        0.0        0.0        0.0        0.0        9999.0     0.0       
F_sS3      f          25.0       50.0       0.0        0.0        0.0        0.0        0.0        9999.0     0.0       
F_sS4      f          75.0       50.0       0.0        0.0        0.0        0.0        0.0        9999.0     0.0       
F_sS5      f          25.0       75.0       0.0        0.0        0.0        0.0        0.0        9999.0     0.0       
F_sS6      f          50.0       75.0       0.0        0.0        0.0        0.0        0.0        9999.0     0.0       
F_sS7      f          75.0       75.0       0.0        0.0        0.0        0.0        0.0        9999.0     0.0       
F0         f          39.0       64.0       0.0        0.0        0.0        0.0        0.0        9999.0     0.0       
F1         f          20.0       50.0       0.0        0.0        0.0        0.0        0.0        9999.0     0.0       
F2         f          70.0       63.0       0.0        0.0        0.0        0.0        0.0        9999.0     0.0       
F3         f          67.0       21.0       0.0        0.0        0.0        0.0        0.0        9999.0     0.0       
F4         f          7.0        17.0       0.0        0.0        0.0        0.0        0.0        9999.0     0.0       
F5         f          46.0       73.0       0.0        0.0        0.0        0.0        0.0        9999.0     0.0       
F6         f          58.0       26.0       0.0        0.0        0.0        0.0        0.0        9999.0     0.0       
F7         f          22.0       61.0       0.0        0.0        0.0        0.0        0.0        9999.0     0.0       
F8         f          66.0       31.0       0.0        0.0        0.0        0.0        0.0        9999.0     0.0       
F9         f          48.0       32.0       0.0        0.0        0.0        0.0        0.0        9999.0     0.0       
F10        f          31.0       57.0       0.0        0.0        0.0        0.0        0.0        9999.0     0.0       
F11        f          15.0       44.0       0.0        0.0        0.0        0.0        0.0        9999.0     0.0       
F12        f          26.0       36.0       0.0        0.0        0.0        0.0        0.0        9999.0     0.0       
F13        f          36.0       75.0       0.0        0.0        0.0        0.0        0.0        9999.0     0.0       
F14        f          48.0       22.0       0.0        0.0        0.0        0.0        0.0        9999.0     0.0       
F15        f          31.0       45.0       0.0        0.0        0.0        0.0        0.0        9999.0     0.0       
F16        f          60.0       5.0        0.0        0.0        0.0        0.0        0.0        9999.0     0.0       
F17        f          54.0       11.0       0.0        0.0        0.0        0.0        0.0        9999.0     0.0       
F18        f          45.0       30.0       0.0        0.0        0.0        0.0        0.0        9999.0     0.0       
F19        f          62.0       25.0       0.0        0.0        0.0        0.0        0.0        9999.0     0.0       
F20        f          0.0        35.0       0.0        0.0        0.0        0.0        0.0        9999.0     0.0       
C0         c          16.0       25.0       18.0       12.0       6.0        30.0       285.0      314.0      10.0      
C1         c          51.0       65.0       18.0       14.0       4.0        30.0       623.0      689.0      10.0      
C2         c          31.0       40.0       12.0       9.0        3.0        40.0       231.0      746.0      10.0      
C3         c          44.0       52.0       1.0        1.0        0.0        35.0       909.0      993.0      10.0      
C4         c          50.0       54.0       22.0       20.0       2.0        25.0       801.0      807.0      10.0      
C5         c          2.0        71.0       32.0       1.0        31.0       25.0       379.0      701.0      10.0      
C6         c          53.0       57.0       7.0        7.0        0.0        40.0       246.0      638.0      10.0      
C7         c          34.0       28.0       25.0       21.0       4.0        35.0       182.0      999.0      10.0      
C8         c          67.0       3.0        14.0       1.0        13.0       50.0       216.0      413.0      10.0      
C9         c          47.0       69.0       10.0       7.0        3.0        20.0       668.0      720.0      10.0      
C10        c          67.0       66.0       5.0        5.0        0.0        20.0       169.0      638.0      10.0      
C11        c          51.0       46.0       7.0        6.0        1.0        30.0       272.0      761.0      10.0      
C12        c          67.0       18.0       26.0       7.0        19.0       20.0       514.0      918.0      10.0      
C13        c          2.0        50.0       3.0        0.0        3.0        35.0       710.0      753.0      10.0      
C14        c          22.0       34.0       10.0       6.0        4.0        30.0       398.0      535.0      10.0      
C15        c          45.0       50.0       23.0       21.0       2.0        40.0       266.0      600.0      10.0      
C16        c          39.0       31.0       15.0       12.0       3.0        45.0       390.0      693.0      10.0      
C17        c          28.0       3.0        8.0        1.0        7.0        40.0       807.0      1055.0     10.0      
C18        c          17.0       54.0       17.0       5.0        12.0       40.0       207.0      294.0      10.0      
C19        c          6.0        32.0       13.0       2.0        11.0       35.0       332.0      384.0      10.0      
C20        c          2.0        44.0       23.0       1.0        22.0       20.0       493.0      899.0      10.0      
C21        c          36.0       29.0       27.0       22.0       5.0        40.0       555.0      716.0      10.0      
C22        c          33.0       39.0       1.0        1.0        0.0        20.0       451.0      884.0      10.0      
C23        c          5.0        77.0       31.0       2.0        29.0       50.0       658.0      870.0      10.0      
C24        c          31.0       48.0       9.0        6.0        3.0        35.0       389.0      897.0      10.0      
C25        c          35.0       14.0       7.0        3.0        4.0        50.0       562.0      761.0      10.0      
C26        c          2.0        18.0       7.0        1.0        6.0        25.0       224.0      716.0      10.0      
C27        c          44.0       53.0       5.0        4.0        1.0        50.0       462.0      637.0      10.0      
C28        c          25.0       40.0       1.0        1.0        0.0        30.0       190.0      849.0      10.0      
C29        c          22.0       52.0       29.0       12.0       17.0       50.0       425.0      1095.0     10.0      
C30        c          31.0       53.0       14.0       8.0        6.0        30.0       433.0      993.0      10.0      
C31        c          46.0       25.0       13.0       7.0        6.0        30.0       361.0      439.0      10.0      
C32        c          27.0       20.0       18.0       13.0       5.0        30.0       419.0      686.0      10.0      
C33        c          17.0       15.0       24.0       21.0       3.0        20.0       604.0      984.0      10.0      
C34        c          34.0       3.0        14.0       1.0        13.0       25.0       287.0      840.0      10.0      
C35        c          55.0       34.0       14.0       9.0        5.0        35.0       339.0      813.0      10.0      
C36        c          55.0       9.0        28.0       5.0        23.0       40.0       577.0      1001.0     10.0      
C37        c          25.0       15.0       24.0       14.0       10.0       40.0       440.0      549.0      10.0      
C38        c          22.0       36.0       20.0       12.0       8.0        40.0       370.0      459.0      10.0      
C39        c          27.0       76.0       2.0        1.0        1.0        35.0       239.0      692.0      10.0      
C40        c          17.0       57.0       11.0       3.0        8.0        45.0       400.0      577.0      10.0      
C41        c          52.0       51.0       26.0       26.0       0.0        50.0       248.0      568.0      10.0      
C42        c          23.0       43.0       6.0        3.0        3.0        35.0       553.0      772.0      10.0      
C43        c          22.0       3.0        27.0       4.0        23.0       20.0       454.0      601.0      10.0      
C44        c          35.0       20.0       8.0        5.0        3.0        25.0       821.0      829.0      10.0      
C45        c          2.0        6.0        12.0       4.0        8.0        40.0       604.0      617.0      10.0      
C46        c          26.0       54.0       14.0       7.0        7.0        35.0       695.0      755.0      10.0      
C47        c          28.0       54.0       18.0       9.0        9.0        30.0       343.0      382.0      10.0      
C48        c          29.0       26.0       14.0       13.0       1.0        30.0       258.0      908.0      10.0      
C49        c          53.0       6.0        6.0        1.0        5.0        20.0       366.0      660.0      10.0      
C50        c          49.0       20.0       12.0       5.0        7.0        35.0       142.0      1041.0     10.0      
C51        c          26.0       48.0       4.0        2.0        2.0        35.0       428.0      443.0      10.0      
C52        c          2.0        32.0       18.0       1.0        17.0       35.0       372.0      789.0      10.0      
C53        c          30.0       28.0       21.0       20.0       1.0        40.0       211.0      381.0      10.0      
C54        c          41.0       43.0       30.0       29.0       1.0        30.0       525.0      578.0      10.0      
C55        c          38.0       36.0       16.0       15.0       1.0        20.0       549.0      712.0      10.0      
C56        c          29.0       40.0       31.0       22.0       9.0        40.0       433.0      872.0      10.0      
C57        c          16.0       8.0        33.0       16.0       17.0       20.0       439.0      973.0      10.0      
C58        c          33.0       70.0       30.0       14.0       16.0       30.0       746.0      772.0      10.0      
C59        c          54.0       29.0       14.0       8.0        6.0        25.0       270.0      336.0      10.0      
C60        c          38.0       58.0       10.0       7.0        3.0        20.0       381.0      524.0      10.0      
C61        c          21.0       70.0       8.0        2.0        6.0        35.0       219.0      759.0      10.0      
C62        c          41.0       31.0       16.0       12.0       4.0        35.0       297.0      573.0      10.0      
C63        c          14.0       61.0       1.0        0.0        1.0        50.0       804.0      826.0      10.0      
C64        c          67.0       46.0       7.0        5.0        2.0        35.0       359.0      592.0      10.0      
C65        c          27.0       53.0       17.0       9.0        8.0        30.0       431.0      823.0      10.0      
C66        c          60.0       11.0       16.0       3.0        13.0       30.0       601.0      1057.0     10.0      
C67        c          38.0       58.0       24.0       16.0       8.0        20.0       346.0      817.0      10.0      
C68        c          18.0       21.0       28.0       24.0       4.0        45.0       193.0      291.0      10.0      
C69        c          19.0       58.0       18.0       6.0        12.0       25.0       354.0      677.0      10.0      
C70        c          9.0        38.0       2.0        0.0        2.0        35.0       313.0      775.0      10.0      
C71        c          7.0        20.0       10.0       4.0        6.0        25.0       358.0      706.0      10.0      
C72        c          29.0       24.0       17.0       14.0       3.0        25.0       346.0      400.0      10.0      
C73        c          39.0       34.0       6.0        5.0        1.0        40.0       220.0      321.0      10.0      
C74        c          53.0       38.0       13.0       9.0        4.0        30.0       348.0      414.0      10.0      
C75        c          44.0       13.0       2.0        1.0        1.0        35.0       119.0      702.0      10.0      
C76        c          28.0       45.0       3.0        2.0        1.0        25.0       637.0      831.0      10.0      
C77        c          50.0       35.0       14.0       10.0       4.0        20.0       268.0      694.0      10.0      
C78        c          57.0       30.0       10.0       5.0        5.0        45.0       246.0      479.0      10.0      
C79        c          28.0       30.0       25.0       23.0       2.0        35.0       446.0      814.0      10.0      
C80        c          15.0       15.0       15.0       15.0       0.0        40.0       591.0      957.0      10.0      
C81        c          55.0       42.0       12.0       9.0        3.0        40.0       388.0      842.0      10.0      
C82        c          42.0       50.0       16.0       13.0       3.0        30.0       781.0      784.0      10.0      
C83        c          54.0       40.0       8.0        6.0        2.0        40.0       980.0      1055.0     10.0      
C84        c          40.0       47.0       18.0       15.0       3.0        20.0       187.0      681.0      10.0      
C85        c          22.0       34.0       20.0       13.0       7.0        35.0       343.0      484.0      10.0      
C86        c          36.0       3.0        29.0       2.0        27.0       25.0       225.0      750.0      10.0      
C87        c          33.0       8.0        21.0       5.0        16.0       40.0       550.0      907.0      10.0      
C88        c          34.0       56.0       13.0       8.0        5.0        45.0       727.0      864.0      10.0      
C89        c          45.0       21.0       8.0        4.0        4.0        35.0       281.0      775.0      10.0      
C90        c          43.0       40.0       28.0       26.0       2.0        45.0       606.0      771.0      10.0      
C91        c          21.0       33.0       19.0       12.0       7.0        20.0       457.0      539.0      10.0      
C92        c          46.0       7.0        9.0        1.0        8.0        35.0       975.0      986.0      10.0      
C93        c          56.0       15.0       3.0        1.0        2.0        40.0       691.0      732.0      10.0      
C94        c          16.0       45.0       12.0       4.0        8.0        40.0       302.0      605.0      10.0      
C95        c          46.0       54.0       9.0        8.0        1.0        35.0       509.0      1050.0     10.0      
C96        c          51.0       32.0       15.0       9.0        6.0        35.0       488.0      798.0      10.0      
C97        c          32.0       21.0       13.0       9.0        4.0        30.0       371.0      592.0      10.0      
C98        c          13.0       77.0       20.0       3.0        17.0       45.0       337.0      561.0      10.0      
C99        c          51.0       10.0       20.0       4.0        16.0       40.0       860.0      883.0      10.0      

L Large vehicle loading capacity /2000.0/
C Electric vehicle loading capacity /250.0/
Q Electric vehicle battery capacity /267.2/
r Fuel consumption rate /1.0/
g Inverse refueling rate /0.1/
v Average velocity /1.0/
