StringID   Type       x          y          demand     DeliveryDemand  PickupDemand  DivisionRate ReadyTime  DueDate    ServiceTime
D0         d          50.0       150.0      0.0        0.0        0.0        0.0        0.0        9999.0     0.0       
S0         s          25.0       25.0       0.0        0.0        0.0        0.0        0.0        9999.0     0.0       
S1         s          50.0       25.0       0.0        0.0        0.0        0.0        0.0        9999.0     0.0       
S2         s          75.0       25.0       0.0        0.0        0.0        0.0        0.0        9999.0     0.0       
S3         s          25.0       50.0       0.0        0.0        0.0        0.0        0.0        9999.0     0.0       
S4         s          75.0       50.0       0.0        0.0        0.0        0.0        0.0        9999.0     0.0       
S5         s          25.0       75.0       0.0        0.0        0.0        0.0        0.0        9999.0     0.0       
S6         s          50.0       75.0       0.0        0.0        0.0        0.0        0.0        9999.0     0.0       
S7         s          75.0       75.0       0.0        0.0        0.0        0.0        0.0        9999.0     0.0       
F_sS0      f          25.0       25.0       0.0        0.0        0.0        0.0        0.0        9999.0     0.0       
F_sS1      f          50.0       25.0       0.0        0.0        0.0        0.0        0.0        9999.0     0.0       
F_sS2      f          75.0       25.0       0.0        0.0        0.0        0.0        0.0        9999.0     0.0       
F_sS3      f          25.0       50.0       0.0        0.0        0.0        0.0        0.0        9999.0     0.0       
F_sS4      f          75.0       50.0       0.0        0.0        0.0        0.0        0.0        9999.0     0.0       
F_sS5      f          25.0       75.0       0.0        0.0        0.0        0.0        0.0        9999.0     0.0       
F_sS6      f          50.0       75.0       0.0        0.0        0.0        0.0        0.0        9999.0     0.0       
F_sS7      f          75.0       75.0       0.0        0.0        0.0        0.0        0.0        9999.0     0.0       
F0         f          5.0        69.0       0.0        0.0        0.0        0.0        0.0        9999.0     0.0       
F1         f          18.0       17.0       0.0        0.0        0.0        0.0        0.0        9999.0     0.0       
F2         f          20.0       79.0       0.0        0.0        0.0        0.0        0.0        9999.0     0.0       
F3         f          0.0        38.0       0.0        0.0        0.0        0.0        0.0        9999.0     0.0       
F4         f          6.0        60.0       0.0        0.0        0.0        0.0        0.0        9999.0     0.0       
F5         f          11.0       55.0       0.0        0.0        0.0        0.0        0.0        9999.0     0.0       
F6         f          49.0       11.0       0.0        0.0        0.0        0.0        0.0        9999.0     0.0       
F7         f          19.0       32.0       0.0        0.0        0.0        0.0        0.0        9999.0     0.0       
F8         f          64.0       63.0       0.0        0.0        0.0        0.0        0.0        9999.0     0.0       
F9         f          18.0       67.0       0.0        0.0        0.0        0.0        0.0        9999.0     0.0       
F10        f          0.0        45.0       0.0        0.0        0.0        0.0        0.0        9999.0     0.0       
F11        f          21.0       35.0       0.0        0.0        0.0        0.0        0.0        9999.0     0.0       
F12        f          26.0       61.0       0.0        0.0        0.0        0.0        0.0        9999.0     0.0       
F13        f          39.0       68.0       0.0        0.0        0.0        0.0        0.0        9999.0     0.0       
F14        f          33.0       58.0       0.0        0.0        0.0        0.0        0.0        9999.0     0.0       
F15        f          47.0       82.0       0.0        0.0        0.0        0.0        0.0        9999.0     0.0       
F16        f          40.0       72.0       0.0        0.0        0.0        0.0        0.0        9999.0     0.0       
F17        f          41.0       96.0       0.0        0.0        0.0        0.0        0.0        9999.0     0.0       
F18        f          48.0       85.0       0.0        0.0        0.0        0.0        0.0        9999.0     0.0       
F19        f          73.0       11.0       0.0        0.0        0.0        0.0        0.0        9999.0     0.0       
F20        f          47.0       27.0       0.0        0.0        0.0        0.0        0.0        9999.0     0.0       
C0         c          85.0       32.0       24.0       9.0        15.0       50.0       291.0      926.0      10.0      
C1         c          59.0       21.0       19.0       7.0        12.0       20.0       489.0      529.0      10.0      
C2         c          34.0       30.0       20.0       18.0       2.0        30.0       142.0      383.0      10.0      
C3         c          10.0       45.0       13.0       3.0        10.0       25.0       580.0      890.0      10.0      
C4         c          35.0       29.0       15.0       12.0       3.0        35.0       382.0      698.0      10.0      
C5         c          1.0        36.0       21.0       1.0        20.0       30.0       773.0      892.0      10.0      
C6         c          58.0       43.0       12.0       9.0        3.0        40.0       887.0      954.0      10.0      
C7         c          12.0       16.0       14.0       10.0       4.0        25.0       263.0      419.0      10.0      
C8         c          61.0       77.0       23.0       18.0       5.0        30.0       216.0      280.0      10.0      
C9         c          62.0       48.0       15.0       12.0       3.0        40.0       673.0      724.0      10.0      
C10        c          64.0       54.0       31.0       26.0       5.0        25.0       368.0      779.0      10.0      
C11        c          40.0       3.0        12.0       1.0        11.0       35.0       288.0      776.0      10.0      
C12        c          60.0       77.0       14.0       11.0       3.0        30.0       433.0      479.0      10.0      
C13        c          14.0       26.0       9.0        5.0        4.0        40.0       891.0      928.0      10.0      
C14        c          34.0       60.0       10.0       6.0        4.0        35.0       278.0      341.0      10.0      
C15        c          15.0       65.0       19.0       4.0        15.0       30.0       405.0      732.0      10.0      
C16        c          63.0       56.0       22.0       20.0       2.0        25.0       855.0      869.0      10.0      
C17        c          43.0       54.0       30.0       24.0       6.0        40.0       592.0      935.0      10.0      
C18        c          15.0       76.0       34.0       7.0        27.0       25.0       770.0      859.0      10.0      
C19        c          19.0       83.0       37.0       8.0        29.0       35.0       349.0      493.0      10.0      
C20        c          46.0       48.0       25.0       24.0       1.0        30.0       317.0      1010.0     10.0      
C21        c          50.0       10.0       2.0        0.0        2.0        30.0       493.0      906.0      10.0      
C22        c          40.0       55.0       17.0       12.0       5.0        25.0       494.0      651.0      10.0      
C23        c          58.0       33.0       30.0       17.0       13.0       40.0       486.0      886.0      10.0      
C24        c          59.0       17.0       18.0       5.0        13.0       50.0       409.0      977.0      10.0      
C25        c          11.0       43.0       12.0       3.0        9.0        45.0       243.0      246.0      10.0      
C26        c          35.0       60.0       12.0       7.0        5.0        35.0       758.0      901.0      10.0      
C27        c          66.0       25.0       9.0        3.0        6.0        50.0       227.0      442.0      10.0      
C28        c          87.0       34.0       2.0        1.0        1.0        35.0       235.0      643.0      10.0      
C29        c          63.0       88.0       21.0       15.0       6.0        45.0       290.0      945.0      10.0      
C30        c          14.0       74.0       37.0       7.0        30.0       50.0       850.0      865.0      10.0      
C31        c          15.0       18.0       8.0        7.0        1.0        40.0       363.0      793.0      10.0      
C32        c          25.0       31.0       3.0        2.0        1.0        30.0       785.0      918.0      10.0      
C33        c          37.0       10.0       34.0       9.0        25.0       40.0       156.0      305.0      10.0      
C34        c          33.0       48.0       31.0       21.0       10.0       40.0       629.0      775.0      10.0      
C35        c          8.0        36.0       8.0        2.0        6.0        25.0       371.0      403.0      10.0      
C36        c          15.0       83.0       15.0       3.0        12.0       25.0       146.0      341.0      10.0      
C37        c          17.0       61.0       26.0       7.0        19.0       30.0       180.0      295.0      10.0      
C38        c          21.0       83.0       13.0       3.0        10.0       35.0       367.0      452.0      10.0      
C39        c          0.0        34.0       14.0       0.0        14.0       45.0       370.0      874.0      10.0      
C40        c          55.0       78.0       26.0       18.0       8.0        45.0       612.0      728.0      10.0      
C41        c          18.0       35.0       34.0       17.0       17.0       30.0       557.0      869.0      10.0      
C42        c          5.0        43.0       29.0       3.0        26.0       25.0       247.0      717.0      10.0      
C43        c          60.0       82.0       15.0       11.0       4.0        45.0       393.0      526.0      10.0      
C44        c          60.0       56.0       12.0       11.0       1.0        45.0       128.0      652.0      10.0      
C45        c          50.0       8.0        25.0       4.0        21.0       35.0       302.0      345.0      10.0      
C46        c          90.0       30.0       3.0        1.0        2.0        30.0       593.0      903.0      10.0      
C47        c          59.0       75.0       10.0       8.0        2.0        35.0       372.0      944.0      10.0      
C48        c          63.0       38.0       22.0       13.0       9.0        40.0       675.0      975.0      10.0      
C49        c          12.0       42.0       10.0       3.0        7.0        50.0       478.0      774.0      10.0      
C50        c          7.0        39.0       23.0       4.0        19.0       35.0       501.0      789.0      10.0      
C51        c          20.0       78.0       2.0        1.0        1.0        45.0       482.0      715.0      10.0      
C52        c          88.0       34.0       25.0       10.0       15.0       40.0       825.0      897.0      10.0      
C53        c          17.0       82.0       16.0       3.0        13.0       20.0       719.0      742.0      10.0      
C54        c          69.0       83.0       10.0       8.0        2.0        35.0       241.0      508.0      10.0      
C55        c          67.0       39.0       29.0       17.0       12.0       30.0       627.0      846.0      10.0      
C56        c          93.0       36.0       25.0       10.0       15.0       45.0       118.0      341.0      10.0      
C57        c          58.0       36.0       22.0       14.0       8.0        20.0       254.0      331.0      10.0      
C58        c          64.0       85.0       24.0       18.0       6.0        35.0       290.0      290.0      10.0      
C59        c          14.0       75.0       16.0       3.0        13.0       50.0       374.0      821.0      10.0      
C60        c          17.0       50.0       3.0        1.0        2.0        35.0       385.0      840.0      10.0      
C61        c          59.0       88.0       7.0        5.0        2.0        30.0       329.0      610.0      10.0      
C62        c          32.0       38.0       34.0       29.0       5.0        50.0       352.0      508.0      10.0      
C63        c          63.0       22.0       10.0       3.0        7.0        30.0       467.0      540.0      10.0      
C64        c          19.0       21.0       24.0       22.0       2.0        40.0       122.0      379.0      10.0      
C65        c          8.0        53.0       7.0        1.0        6.0        30.0       468.0      846.0      10.0      
C66        c          32.0       69.0       12.0       6.0        6.0        25.0       408.0      428.0      10.0      
C67        c          29.0       36.0       12.0       10.0       2.0        30.0       477.0      493.0      10.0      
C68        c          41.0       13.0       27.0       9.0        18.0       25.0       658.0      665.0      10.0      
C69        c          55.0       56.0       27.0       27.0       0.0        30.0       115.0      668.0      10.0      
C70        c          5.0        44.0       29.0       3.0        26.0       50.0       657.0      790.0      10.0      
C71        c          0.0        39.0       25.0       0.0        25.0       35.0       553.0      883.0      10.0      
C72        c          58.0       78.0       15.0       11.0       4.0        25.0       494.0      872.0      10.0      
C73        c          4.0        41.0       2.0        0.0        2.0        25.0       537.0      1008.0     10.0      
C74        c          60.0       49.0       33.0       27.0       6.0        50.0       431.0      634.0      10.0      
C75        c          47.0       62.0       32.0       24.0       8.0        25.0       500.0      546.0      10.0      
C76        c          20.0       17.0       25.0       21.0       4.0        20.0       283.0      727.0      10.0      
C77        c          11.0       75.0       15.0       2.0        13.0       20.0       825.0      997.0      10.0      
C78        c          4.0        21.0       26.0       5.0        21.0       20.0       765.0      998.0      10.0      
C79        c          63.0       48.0       9.0        7.0        2.0        25.0       272.0      408.0      10.0      
C80        c          5.0        42.0       25.0       3.0        22.0       30.0       673.0      919.0      10.0      
C81        c          13.0       73.0       15.0       3.0        12.0       30.0       902.0      993.0      10.0      
C82        c          20.0       19.0       15.0       14.0       1.0        35.0       206.0      325.0      10.0      
C83        c          0.0        39.0       8.0        0.0        8.0        30.0       505.0      544.0      10.0      
C84        c          56.0       42.0       31.0       23.0       8.0        20.0       519.0      980.0      10.0      
C85        c          10.0       74.0       7.0        1.0        6.0        30.0       343.0      760.0      10.0      
C86        c          60.0       78.0       12.0       9.0        3.0        35.0       340.0      502.0      10.0      
C87        c          4.0        40.0       24.0       2.0        22.0       20.0       311.0      404.0      10.0      
C88        c          90.0       29.0       20.0       6.0        14.0       25.0       467.0      576.0      10.0      
C89        c          55.0       88.0       21.0       13.0       8.0        25.0       588.0      723.0      10.0      
C90        c          34.0       2.0        15.0       1.0        14.0       35.0       334.0      348.0      10.0      
C91        c          45.0       12.0       5.0        1.0        4.0        50.0       742.0      808.0      10.0      
C92        c          39.0       11.0       35.0       10.0       25.0       35.0       491.0      963.0      10.0      
C93        c          15.0       82.0       18.0       3.0        15.0       30.0       477.0      703.0      10.0      
C94        c          4.0        42.0       12.0       1.0        11.0       50.0       523.0      988.0      10.0      
C95        c          25.0       89.0       32.0       9.0        23.0       25.0       452.0      782.0      10.0      
C96        c          32.0       36.0       28.0       25.0       3.0        40.0       179.0      976.0      10.0      
C97        c          36.0       62.0       19.0       11.0       8.0        25.0       180.0      874.0      10.0      
C98        c          20.0       78.0       8.0        2.0        6.0        30.0       241.0      403.0      10.0      
C99        c          51.0       78.0       2.0        1.0        1.0        35.0       123.0      567.0      10.0      

L Large vehicle loading capacity /2000.0/
C Electric vehicle loading capacity /250.0/
Q Electric vehicle battery capacity /194.6/
r Fuel consumption rate /1.0/
g Inverse refueling rate /0.1/
v Average velocity /1.0/
